317
12 14
24 10
18 30
1 2
5 30
7 48
2 48
0 45
20 50
9 50
23 51
8 53
13 19
23 3
6 14
2 19
18 3
8 30
21 10
10 30
16 17
22 52
1 9
3 28
7 30
8 0
23 29
12 26
2 2
18 12
22 30
15 31
6 1
13 17
3 14
1 1
11 1
7 15
0 10
12 25
6 0
12 28
18 5
14 0
20 5
19 1
8 32
18 17
0 32
2 47
10 50
6 47
11 49
23 53
5 47
24 46
8 24
22 26
6 21
23 11
17 2
12 32
7 19
2 32
1 18
21 52
16 23
15 0
21 32
18 9
16 9
8 29
23 9
11 20
17 32
12 33
3 26
7 10
6 19
21 19
2 1
23 7
8 26
23 25
7 27
0 9
13 28
18 8
0 21
23 28
18 34
11 29
5 34
10 44
7 49
8 46
1 50
24 52
9 53
20 51
6 10
18 26
16 18
1 8
7 3
13 34
11 26
2 34
23 8
17 46
21 5
22 1
21 34
17 20
8 28
6 17
3 20
22 22
7 34
12 35
18 10
2 3
12 15
1 22
23 27
19 15
9 0
17 21
1 15
11 25
14 16
20 29
10 11
1 26
23 36
8 25
5 36
20 44
7 50
18 46
0 46
11 50
2 49
19 50
6 2
21 2
23 24
16 12
18 16
7 36
22 20
12 36
2 5
9 44
3 0
4 1
3 36
7 23
11 11
12 22
21 28
18 4
22 36
15 37
13 8
22 6
6 18
2 27
1 16
8 19
18 21
24 27
22 5
15 12
15 11
14 25
0 22
19 23
10 38
5 8
8 38
18 50
1 45
6 51
24 45
7 52
20 48
2 51
7 12
1 20
8 17
6 11
17 1
12 38
3 25
21 38
11 13
4 44
16 16
5 9
7 38
3 17
17 26
18 25
22 25
11 17
1 38
12 39
23 1
2 16
6 24
8 4
21 1
7 16
6 12
0 24
8 14
21 12
8 22
19 14
6 5
24 16
8 40
5 27
10 40
7 44
1 48
23 49
12 48
20 52
18 52
0 44
1 23
11 5
23 16
12 9
5 4
17 40
22 9
2 40
8 16
13 44
21 24
16 19
12 40
3 8
21 6
23 20
6 6
8 27
1 40
17 41
11 12
2 10
7 0
13 2
16 14
17 28
10 27
19 2
10 25
14 8
20 1
1 17
18 11
20 4
8 42
6 29
0 42
12 45
7 51
5 49
23 47
11 44
10 51
19 46
7 20
18 19
17 23
8 15
10 24
23 42
21 22
2 42
12 16
6 46
16 11
13 6
16 42
23 21
18 20
7 25
13 23
3 6
17 42
22 43
12 6
6 16
21 21
11 10
2 25
7 21
6 26
3 19
8 21
17 29
9 12
15 18
22 47
13 53
14 44
21 49
4 50
17 53
16 46
3 53
15 51

