317
21 28
10 18
18 30
17 20
0 30
7 45
8 46
6 49
11 44
9 51
2 48
15 48
18 22
21 0
11 6
12 9
7 3
5 30
16 11
2 30
13 13
17 50
22 22
23 21
8 30
6 26
22 11
2 1
11 26
17 3
21 30
12 31
7 20
1 7
23 27
16 13
3 5
22 16
21 4
20 26
20 15
7 17
19 20
6 6
9 29
15 19
17 32
21 10
3 32
7 46
10 50
2 53
8 51
11 46
0 45
19 46
11 28
3 18
12 27
2 20
17 25
23 32
13 8
6 32
22 10
1 46
16 26
21 8
2 32
12 5
13 23
8 18
3 22
21 27
16 32
22 33
6 3
7 13
17 7
1 23
11 5
13 0
0 9
11 9
5 2
20 7
11 11
1 27
21 24
3 17
8 34
17 18
18 34
7 47
2 46
6 52
11 48
1 51
10 45
0 47
18 28
11 10
1 20
2 7
7 6
12 34
20 24
22 34
21 14
4 48
16 14
17 28
17 34
22 13
3 24
2 15
7 23
18 6
16 34
12 35
21 18
8 5
12 10
6 15
1 6
13 28
18 26
21 5
23 22
10 14
18 24
9 17
3 26
1 5
10 36
2 13
8 36
17 44
15 46
19 49
6 45
21 45
7 53
4 46
6 27
13 25
11 23
21 2
7 16
22 36
20 13
16 36
1 18
12 52
2 5
0 20
7 36
11 19
3 21
17 22
8 22
18 15
12 36
21 37
16 4
16 10
2 11
13 14
6 16
11 15
8 14
24 3
13 18
20 8
17 11
19 24
9 28
19 23
3 38
6 28
0 38
11 47
21 51
10 47
18 49
2 50
8 45
7 48
8 13
21 21
1 2
11 7
2 14
12 38
23 16
15 38
7 8
14 47
6 21
22 0
23 38
18 29
6 4
7 15
1 9
16 3
21 38
11 39
3 28
22 21
2 4
2 3
17 21
24 13
24 6
6 20
6 18
1 28
20 6
15 7
0 15
10 0
3 40
15 3
18 40
1 45
6 51
2 47
17 46
11 45
21 48
8 52
18 16
2 21
3 13
1 17
5 17
7 40
16 20
20 40
17 2
23 50
12 6
13 3
16 40
22 29
12 16
13 26
2 19
3 15
23 40
7 41
17 6
21 17
1 26
18 20
6 23
3 6
18 23
6 19
0 6
20 25
5 9
3 27
11 18
0 18
3 42
1 10
7 42
15 53
18 48
9 44
21 47
2 51
6 53
10 53
3 25
8 8
7 26
6 22
10 20
18 42
16 9
20 42
2 12
1 52
12 1
13 19
6 42
18 4
3 9
7 4
13 10
21 19
2 42
17 43
12 21
8 2
16 29
11 25
23 11
15 17
7 18
23 19
20 14
12 0
9 4
10 6
23 48
14 49
24 52
22 51
5 50
13 46
12 48
16 47
20 48

