317
2 10
6 8
16 30
23 17
20 30
5 50
18 52
4 48
10 45
22 52
11 52
19 49
11 27
16 12
21 20
2 2
17 19
7 30
24 28
12 30
6 23
23 44
1 1
3 14
3 30
2 21
21 0
11 20
12 18
16 26
22 30
7 31
1 17
13 6
23 25
17 25
11 23
11 19
3 23
0 20
3 2
21 9
17 23
8 22
16 22
20 29
18 32
21 25
7 32
6 47
10 48
2 49
17 50
11 47
5 51
4 50
11 2
16 16
8 5
2 8
17 15
5 32
21 2
22 32
1 0
3 44
13 24
12 14
12 32
22 14
23 26
8 11
11 9
3 25
17 32
0 33
6 29
7 4
16 5
13 21
21 1
6 14
9 6
3 20
5 16
13 17
14 10
3 0
7 26
4 24
22 34
20 7
18 34
8 48
16 48
2 45
11 48
6 50
17 44
21 46
2 1
23 28
21 6
8 28
17 29
10 34
3 28
5 34
22 6
13 48
15 27
1 23
1 34
17 0
18 1
16 13
8 26
2 17
21 34
10 35
7 2
6 21
23 23
13 0
3 19
17 6
21 14
14 18
8 24
5 2
5 3
12 22
4 28
21 22
5 36
23 11
18 36
22 47
20 49
11 51
17 48
16 53
2 47
10 46
11 28
17 4
18 28
6 12
22 13
7 36
15 9
1 36
21 10
12 46
13 2
24 23
17 36
16 17
3 29
1 29
13 25
6 18
12 36
7 37
2 18
11 1
23 5
18 7
21 15
5 26
16 18
9 5
2 28
2 9
0 21
6 7
10 7
19 24
5 38
2 13
7 38
23 53
11 50
16 51
18 49
20 48
4 49
21 47
8 25
13 7
7 10
6 24
10 3
22 38
2 15
15 38
21 18
1 45
12 19
3 26
2 38
8 2
17 22
16 20
11 6
7 16
1 38
21 39
12 24
3 3
13 22
13 11
6 17
13 15
2 19
7 22
12 6
20 1
9 28
21 27
10 17
23 3
20 40
11 11
17 40
22 53
6 46
16 45
19 52
4 51
2 44
5 46
18 11
21 23
16 8
22 12
3 22
7 40
1 10
12 40
17 13
24 50
11 22
9 18
3 40
17 21
21 5
13 26
11 15
22 27
16 40
6 41
2 20
12 21
18 24
1 16
23 16
11 0
6 1
8 20
0 12
1 11
18 22
9 19
16 11
4 4
20 42
2 24
5 42
18 45
11 44
22 50
17 52
7 53
23 51
8 51
1 15
6 22
7 5
8 17
22 24
10 42
13 13
17 42
21 17
2 48
3 15
24 5
3 42
12 27
17 16
21 16
8 21
23 12
16 42
10 43
7 29
22 1
13 29
6 5
1 13
17 24
12 10
14 6
20 6
19 11
5 17
4 8
1 53
0 47
9 44
3 50
24 46
12 51
13 46
15 47
14 45

