317
3 15
4 9
20 30
8 9
16 30
11 45
6 52
5 52
10 44
19 50
18 49
9 51
21 17
16 22
6 17
3 3
17 23
12 30
7 21
22 30
11 26
8 46
1 22
2 14
8 30
6 23
1 23
21 21
22 9
17 1
3 30
11 31
7 14
23 6
18 10
16 16
21 14
5 6
10 0
12 19
9 10
23 27
19 14
2 21
24 11
19 16
3 32
18 3
8 32
12 52
20 49
16 44
11 49
6 45
10 48
17 52
8 15
11 29
3 13
12 10
15 1
5 32
1 17
21 32
7 24
13 45
18 20
2 3
13 32
22 23
17 21
1 21
12 14
8 25
16 32
5 33
23 14
3 9
2 12
11 13
18 22
9 16
13 5
22 29
13 14
2 11
20 10
1 25
21 13
19 5
10 34
24 20
5 34
4 45
8 44
3 49
17 47
9 48
12 44
20 46
8 6
6 22
3 10
1 20
12 21
20 34
22 2
16 34
2 29
15 50
7 22
23 1
7 34
13 9
18 24
17 6
22 15
6 7
8 34
0 35
11 6
21 0
1 28
23 22
16 19
10 1
20 16
1 19
11 25
12 24
10 27
24 10
24 0
16 20
18 36
8 3
5 36
17 53
9 44
11 44
4 48
12 50
21 53
10 50
23 26
12 3
17 24
1 16
18 25
2 36
14 21
20 36
6 26
13 48
8 18
7 28
12 36
13 3
16 21
22 6
18 19
8 21
23 36
1 37
21 3
23 20
6 11
11 20
7 2
7 11
2 18
13 1
9 9
24 12
5 27
18 17
17 5
10 12
18 38
16 3
20 38
12 48
3 47
9 46
8 53
24 51
11 47
4 44
17 16
21 12
18 9
6 1
2 17
8 38
16 18
12 38
7 26
23 49
1 11
22 21
2 38
16 29
13 2
11 24
21 29
8 17
22 38
5 39
23 12
18 2
3 27
3 14
17 13
19 17
3 28
7 17
0 13
8 4
3 22
8 29
10 6
5 7
3 40
17 27
8 40
18 44
11 51
20 48
6 44
12 53
16 47
21 47
6 2
12 8
16 28
11 22
7 13
0 40
19 9
22 40
3 29
14 44
17 0
13 18
18 40
13 4
8 2
16 12
17 9
6 16
21 40
0 41
23 28
11 23
12 0
3 5
22 14
19 18
16 24
2 15
12 13
22 16
3 21
16 10
16 9
24 7
17 42
12 5
3 42
9 49
11 48
19 48
6 46
21 48
5 50
10 51
17 2
12 28
11 19
7 23
2 7
5 42
13 12
20 42
16 13
15 45
1 4
23 19
2 42
6 25
21 9
17 28
12 12
16 5
1 42
6 43
11 7
18 28
3 1
13 10
22 4
6 28
11 15
8 10
4 15
16 8
22 28
19 3
22 49
13 51
14 45
15 52
1 51
23 47
2 49
7 46
0 46

