1 4701 280.608000 9700 1276 896 428 2000 3500 1600
2 1677 277.407000 20180 1367 961 452 11000 5000 1400
3 15213 289.016000 16513 1345 1135 433 9000 3000 1600
4 3773 278.219000 18862 1329 997 436 11000 3000 2100
5 9021 284.579000 16695 1393 770 432 7000 4500 2600
6 7362 285.234000 17600 1300 771 429 8000 5000 2100
7 10250 279.062000 22928 1448 961 419 12000 6500 1600
8 5662 288.234000 16441 1404 1107 430 8000 3500 2000
9 4671 283.032000 11237 1287 1022 428 6000 500 2000
10 1808 271.391000 20428 1329 782 417 10000 5500 2400
