317
20 3
2 5
10 30
3 20
15 30
18 46
12 51
1 53
7 52
0 44
6 51
5 50
16 22
6 20
7 1
21 17
0 22
13 30
3 17
17 30
11 1
8 53
22 9
23 11
6 30
8 7
22 16
17 21
11 10
1 5
21 30
12 31
7 28
18 21
23 1
3 0
18 27
19 22
23 7
7 8
15 7
15 27
3 25
4 11
0 10
2 12
12 32
1 2
5 32
3 53
20 49
11 53
16 52
18 44
14 52
10 52
12 18
18 20
11 16
13 7
3 13
7 32
21 24
15 32
6 24
23 45
1 18
22 12
18 32
16 21
21 19
11 5
12 25
6 22
3 32
7 33
23 20
13 29
1 1
18 12
22 8
5 11
5 18
5 28
20 1
17 24
9 13
0 19
3 12
20 17
11 34
14 10
5 34
1 48
7 49
15 44
16 46
0 48
13 44
10 51
11 13
16 8
6 1
7 7
12 27
18 34
22 15
1 34
17 29
8 45
21 7
23 21
21 34
3 15
11 4
12 5
8 10
22 17
13 34
17 35
2 8
6 8
17 7
7 14
23 9
19 5
19 1
0 18
10 21
13 8
18 1
7 12
15 18
6 4
2 36
11 2
13 36
20 45
0 52
1 49
12 49
7 44
16 50
5 44
16 25
1 13
13 12
2 18
7 26
22 36
4 15
17 36
12 22
24 50
11 17
9 25
11 36
13 23
6 14
18 24
7 5
3 1
16 36
21 37
17 2
16 5
2 3
12 9
1 0
0 23
1 15
10 0
3 28
13 24
11 21
15 9
5 5
10 5
12 38
6 16
2 38
20 48
16 45
1 47
7 48
0 46
11 44
15 53
16 16
7 20
12 26
17 26
2 11
18 38
8 21
21 38
13 17
6 50
4 16
14 4
7 38
23 23
11 27
13 0
21 13
16 19
6 38
17 39
3 5
8 5
1 17
1 25
22 4
17 12
15 8
8 27
21 14
23 2
24 29
21 22
0 1
14 13
5 40
11 29
15 40
7 47
12 53
3 52
20 50
1 52
13 48
2 51
6 13
2 29
7 15
1 20
15 0
17 40
21 0
22 40
13 10
4 51
8 28
11 19
1 40
22 5
13 21
16 11
3 23
12 14
21 40
17 41
8 15
23 26
2 0
7 29
11 24
21 23
18 9
23 27
2 9
24 0
13 16
19 0
5 1
12 2
0 42
20 8
2 42
13 52
18 53
10 46
16 44
11 51
14 50
15 49
16 1
2 4
3 8
1 4
13 2
22 42
17 3
6 42
12 0
19 51
20 20
21 12
16 42
23 13
11 15
7 19
1 23
8 3
18 42
22 43
2 2
6 3
17 6
3 2
12 19
16 12
24 24
21 8
6 0
0 28
21 1
6 2
21 52
23 49
22 44
17 53
19 48
8 48
9 45
4 47
24 48

