317
19 23
24 11
10 30
22 25
3 30
8 50
6 48
20 48
1 44
0 53
7 52
9 44
6 23
1 17
3 27
22 7
7 7
13 30
5 2
16 30
12 0
2 44
21 15
23 9
8 30
7 12
22 18
17 16
11 1
2 13
23 30
12 31
6 20
16 9
3 3
1 10
18 11
17 4
1 24
9 26
18 6
2 8
7 20
10 7
11 17
20 15
3 32
8 21
0 32
10 52
18 44
22 49
7 49
6 52
19 50
24 47
1 5
7 10
3 15
16 17
23 29
17 32
2 9
12 32
11 3
8 47
21 24
5 23
8 32
21 29
23 20
13 13
6 13
18 20
2 32
15 33
11 7
13 16
3 22
7 24
22 2
6 16
5 16
11 21
14 16
17 0
14 25
19 22
22 17
4 28
6 34
9 1
0 34
24 46
3 48
8 51
11 48
20 46
10 51
5 50
22 20
11 27
1 7
3 8
7 15
12 34
16 23
17 34
6 10
2 46
21 17
23 0
21 34
16 25
2 2
1 15
8 22
23 21
3 34
12 35
17 17
7 4
12 14
6 22
22 29
7 8
9 3
17 1
8 18
11 22
6 12
12 25
0 18
1 2
18 36
8 12
5 36
20 50
7 47
3 51
10 47
22 53
11 53
9 48
6 29
13 2
11 13
18 15
7 28
23 36
17 10
2 36
22 22
21 52
12 6
16 16
7 36
6 1
1 22
16 6
13 8
21 12
12 36
22 37
17 13
12 24
18 27
8 2
3 2
15 22
16 18
17 25
17 2
6 27
7 21
14 12
0 17
19 13
5 38
1 4
7 38
10 53
18 45
20 47
11 49
4 47
24 52
3 44
7 6
3 17
8 14
6 7
0 29
22 38
17 9
12 38
21 9
15 50
2 0
16 3
1 38
12 2
18 0
16 27
8 9
11 4
3 38
21 39
7 5
2 16
6 8
6 24
13 12
6 3
2 17
13 0
10 13
21 5
10 8
18 12
7 0
5 11
18 40
6 26
8 40
20 52
22 47
0 51
10 50
24 44
11 50
4 45
20 17
11 15
18 25
8 5
13 22
23 40
16 10
1 40
7 19
12 48
17 23
6 21
12 40
16 4
8 20
6 5
7 2
2 14
17 40
21 41
3 19
18 2
11 24
13 23
1 28
10 19
14 24
2 10
15 2
24 25
13 19
13 7
6 4
0 13
3 42
18 18
10 42
8 52
20 53
9 52
22 45
19 49
5 46
7 48
16 12
7 22
6 28
8 29
2 23
22 42
21 2
12 42
11 18
18 49
17 20
1 20
18 42
22 5
2 7
12 4
6 14
13 4
17 42
22 43
7 16
11 16
21 14
8 26
3 1
22 28
15 8
15 9
14 8
14 10
3 5
20 16
16 44
17 50
15 51
23 51
13 52
2 53
12 44
21 51
14 47

