317
23 14
0 10
15 30
13 25
11 30
8 50
3 51
5 45
1 46
10 44
2 45
9 53
8 12
12 10
11 5
16 28
3 24
17 30
7 12
22 30
2 24
6 53
13 27
21 15
8 30
6 23
3 28
21 29
16 25
13 17
2 30
17 31
7 6
22 24
12 18
11 8
23 12
20 18
15 8
14 19
21 24
19 7
9 18
1 7
22 11
2 3
8 32
3 2
10 32
12 48
0 52
1 53
23 51
16 48
5 51
24 44
11 28
23 3
1 25
22 1
8 22
12 32
3 11
15 32
18 16
21 49
7 26
6 4
6 32
1 29
3 20
18 11
17 9
8 8
23 32
12 33
11 11
8 21
21 5
7 21
16 20
21 27
14 6
12 20
6 24
5 29
15 24
22 12
22 27
16 15
8 34
15 6
2 34
13 45
1 44
5 53
11 49
10 45
24 50
0 50
1 15
3 17
18 22
11 14
7 0
12 34
20 6
21 34
2 15
15 47
6 5
17 14
17 34
22 17
8 14
7 28
1 21
18 29
6 34
11 35
23 22
2 10
11 1
3 5
16 1
6 14
5 26
3 12
1 14
24 3
3 0
16 8
15 17
16 14
23 36
1 23
8 36
3 49
0 46
11 51
10 47
22 48
13 49
5 48
0 16
22 20
23 10
1 26
7 20
2 36
6 15
11 36
16 9
21 44
18 7
17 4
6 36
7 2
13 12
11 22
21 28
1 24
22 36
2 37
12 17
22 25
18 0
8 4
17 1
3 3
0 25
11 20
23 11
23 16
17 2
24 17
24 20
10 12
11 38
22 9
0 38
2 52
13 47
9 50
16 46
3 48
23 49
8 44
3 8
23 27
2 29
1 6
12 19
8 38
21 21
15 38
6 21
22 51
14 10
18 8
2 38
13 16
18 2
16 0
11 29
8 2
3 38
5 39
22 2
1 10
21 14
21 6
12 16
5 17
2 23
4 11
2 16
3 19
22 19
24 18
22 16
5 18
23 40
0 14
12 40
2 48
16 49
11 48
15 45
10 46
3 44
1 45
2 6
11 6
13 0
12 6
22 28
7 40
4 13
17 40
3 14
14 49
21 22
6 13
3 40
17 13
12 3
1 11
2 25
11 24
16 40
7 41
23 13
18 5
13 20
22 14
6 8
11 17
3 6
11 16
0 13
1 13
13 10
23 23
2 22
24 15
0 42
22 18
11 42
9 48
5 44
10 52
15 50
3 46
13 48
23 46
13 7
2 5
3 9
7 9
22 5
5 42
4 12
16 42
12 29
14 45
21 16
20 29
23 42
7 24
16 5
22 26
13 21
3 21
2 42
6 43
12 13
21 19
1 16
11 25
18 24
0 15
6 29
3 26
4 0
4 27
19 25
2 14
18 46
21 51
20 44
4 49
7 49
6 52
17 50
14 48
19 46

