317
16 18
14 15
12 30
1 2
20 30
7 45
0 50
8 47
15 53
22 45
23 48
10 52
21 15
12 7
13 2
2 5
7 13
22 30
9 3
17 30
3 12
11 50
1 26
6 13
6 30
18 18
17 18
11 18
1 13
23 4
16 30
2 31
8 24
13 11
7 2
22 25
12 23
5 1
1 28
2 26
18 9
1 19
18 14
17 21
13 18
20 21
22 32
8 3
15 32
21 50
14 53
12 53
7 44
1 44
18 47
10 47
13 23
16 15
12 1
2 14
22 8
7 32
6 20
17 32
1 10
3 51
11 12
24 1
13 32
21 6
22 7
17 10
12 12
3 18
6 32
0 33
16 16
18 21
8 1
13 5
23 7
2 27
10 11
0 28
5 25
11 6
13 10
13 29
1 3
19 13
7 34
10 9
20 34
15 50
12 44
22 44
16 52
14 51
0 45
13 50
21 17
15 24
1 25
18 3
8 2
12 34
3 15
22 34
17 13
11 47
6 18
2 15
2 34
11 9
8 23
7 26
22 20
3 9
6 34
16 35
13 26
23 28
18 13
21 10
1 17
21 12
2 28
13 17
23 13
24 29
21 1
5 28
0 0
23 29
21 36
8 9
12 36
7 48
14 50
15 51
10 49
16 46
1 49
20 48
8 28
1 12
22 2
16 25
12 22
17 36
3 23
5 36
23 11
24 46
2 0
11 17
3 36
2 8
23 14
13 24
7 24
16 8
8 36
17 37
12 21
6 22
11 8
1 29
22 21
0 27
3 1
6 29
9 22
16 17
1 6
7 27
10 28
15 5
18 38
0 6
7 38
23 44
12 45
13 51
1 53
20 45
16 44
21 53
7 3
1 16
8 12
21 23
18 22
23 38
6 0
12 38
22 1
2 45
17 7
3 11
6 38
12 3
17 9
3 21
16 3
21 4
2 38
22 39
1 7
13 7
8 5
8 27
11 11
21 11
7 4
5 12
12 0
20 25
0 12
1 20
7 0
19 21
13 40
16 7
0 40
15 48
8 50
12 50
21 49
18 49
22 53
23 47
23 15
1 18
18 7
3 6
12 13
20 40
10 0
6 40
22 16
2 48
16 26
17 12
3 40
13 3
17 22
6 7
8 19
18 12
11 40
20 41
2 20
7 8
12 5
1 21
23 17
9 21
23 10
11 27
10 1
21 18
23 16
13 16
19 27
12 29
20 42
14 22
22 42
13 44
7 52
10 46
1 51
15 52
0 49
8 48
13 4
22 27
21 3
2 25
7 18
3 42
14 5
16 42
23 0
11 46
9 4
6 27
7 42
8 20
11 19
16 11
21 26
17 26
1 42
2 43
22 10
18 16
6 17
23 12
13 27
8 10
21 13
4 8
22 13
4 7
17 14
2 12
2 50
5 48
9 49
6 47
3 44
17 45
24 44
11 51
4 53

