r\t   0   1   2   3   4   5   6   7   8   9  10  11  12  13  14  15  16  17  18  19  20  21  22  23  24 
  0  -1  13  87 116  -1  -1  -1  -1  -1  -1  -1 155  -1  67  -1  -1 299  -1  -1  -1  85  73  -1  89  -1 
  1  -1  -1  -1  -1  -1  -1 242  -1  -1  -1 132 129  -1 160  -1 259  -1  -1 192 192  -1  -1  -1  -1  -1 
  2  -1 218 209 145  -1  -1  -1  -1  -1 216  -1  -1  -1  -1  -1  -1 278  -1  -1  -1  -1  22 115 114   1 
  3  -1  -1  -1  32  -1  -1 291  -1 240  -1  -1  -1  -1   0  -1  -1 235 296 159  -1  -1 111  -1  -1  -1 
  4  -1 150 131  -1  -1 221  -1 122  29  -1  -1  -1 169  78  -1  -1  -1  36  -1  -1  -1  -1  69  -1  -1 
  5 214 264  -1 157  -1  -1  -1 152  -1  -1 219  -1  -1  -1  -1  -1  -1  -1  -1 307  -1  -1  -1 267  -1 
  6  -1 101  -1 289  -1  -1  34  -1  -1  -1  -1  -1 212 199  84  -1  -1  -1 277 302  -1 175  -1  -1  -1 
  7  -1  64 287  -1  -1  -1  -1  -1  -1  -1  -1  -1  38  -1  -1  -1  12  -1 124  -1  -1 246  23  -1  -1 
  8  -1 301  -1  -1  -1  -1  -1  -1  -1  -1  -1  -1  -1  -1  -1  -1 254 190 205 213  -1  -1  -1 290  -1 
  9  -1  -1  16  16  -1  -1 154  -1  40  -1  -1  20  -1  88  -1  -1  -1  60  60  -1  -1  -1  -1  -1  -1 
 10  -1 284 194  -1  -1  -1  -1  -1  -1  -1  -1  -1 306  28  81  -1 304 233 258  -1  -1 238  -1 161  -1 
 11  -1  -1  -1  -1  -1  -1  -1 168  77  44  -1 243  -1  -1  -1  -1  -1  39  -1  -1  -1 300 276  -1  -1 
 12  -1  82 256 191 176  -1  -1  -1  57  -1  -1  -1  -1  -1  -1  -1  -1  -1  -1  -1  -1  -1  -1 257  -1 
 13  -1  -1  -1  -1  -1  -1  -1 133  -1  -1  -1  83  -1 103  -1 173 189 148 148  -1  -1  -1  -1  15  -1 
 14  -1 298  -1  -1 170  -1  -1  -1  -1 174  -1  -1  -1  -1 130  -1  70 104 104  -1  -1 286  -1  -1 265 
 15  -1  -1  -1  -1  -1  -1 106  35  -1  -1  -1  -1  -1  -1  -1  -1  -1 245  80  -1  -1  62  -1  -1  -1 
 16  -1 263  -1  -1  -1  -1  -1  -1  -1  -1 177  -1 165  -1  -1  -1 164  -1 292  91  -1  -1 248  -1  -1 
 17  -1 167  -1  -1  -1  -1  -1 234 293  -1  -1  -1  -1 179  -1  -1 211  -1  -1  -1  -1  -1 110  56  -1 
 18  -1  -1  -1  -1  -1  -1  -1  -1  -1  -1  -1 120  -1  -1  -1  -1  -1  27  -1  -1  -1 196  -1 261  -1 
 19  -1 249  -1 102  -1  -1 158  -1  -1  -1  -1  -1  43  -1  -1  -1  -1  -1  -1  -1  -1  -1  -1 247  -1 
 20  -1  -1 123  -1 127  -1  -1 204  -1  -1  -1 202  -1 201  37  -1  59  42  -1  -1  -1  -1  -1 108  -1 
 21  -1 203 260  -1  -1  -1  -1 297  -1  86  -1 255  -1  -1  -1  -1 100  -1  -1  -1  -1  -1  -1  -1  -1 
 22  -1  -1 171  -1  -1  -1  -1  72  41 126  -1  -1  66  47  -1  -1  -1 210  -1  -1  -1  -1 236 236  -1 
 23  -1 135  -1 232  -1  -1  -1  -1 146  -1  -1 282 172  -1  -1  -1  -1 279  33  45  -1  -1  -1  -1  -1 
 24  -1  -1 128  -1  -1  -1  -1   3  -1  -1  -1  -1  -1  -1  -1 220 117  -1  -1  -1  -1 147  -1  -1  -1 
 25  -1 121  -1  -1  -1  -1  76  -1  -1  -1  -1  -1  -1  -1  -1  -1  -1 262  -1 305  -1  -1  -1  -1  -1 
 26  -1  -1  -1 280 280  -1  -1  -1  71  -1  -1  -1 198  -1  -1  -1  -1 166 223  -1  -1  -1  -1  -1  -1 
 27  -1  -1  -1  -1  -1  -1  -1  -1 208  -1  -1  -1  -1  -1  -1  -1  -1  -1 253  -1  -1  -1  26  -1  -1 
 28  -1 188  25  -1  -1  -1  18  -1  14  -1  -1  -1  -1  -1  -1  -1  -1  -1 303  -1  -1  -1  58  79  -1 
 29  -1  -1  -1 252  -1  -1  -1  -1  -1  -1  -1  -1  -1 113  -1  -1 144 215  -1 125 217  -1  -1  -1  -1 
 30  -1  24  -1   4   4  -1  -1  -1   2   2  -1  -1  17  17  -1  -1  -1  19  19  19  -1  30  -1  -1  -1 
 31  -1  -1  -1  -1  -1  -1  -1  -1  -1  -1  31  31  31  -1  -1  -1  -1  -1  -1  -1  -1  -1  -1  -1  -1 
 32  -1  -1  61  61  -1  63  63  63  -1  -1  -1  74  -1  -1  -1  48  48  68  -1  -1  -1  -1  -1  46  46 
 33  -1  75  75  75  -1  -1  -1  -1  -1  -1  -1  -1  -1  -1  -1  -1  -1  -1  -1  -1  -1  -1  -1  -1  -1 
 34  -1  -1  -1  90  90  -1  -1  -1 105 105 107 107 107  -1  -1  92  92 112  -1  -1  -1 118  -1  -1  -1 
 35  -1  -1  -1  -1  -1  -1  -1 119 119 119  -1  -1  -1  -1  -1  -1  -1  -1  -1  -1  -1  -1  -1  -1  -1 
 36  -1  -1 156  -1  -1  -1  -1  -1 136 136  -1 162 151 151 151  -1  -1  -1 134 134  -1  -1 149 149  -1 
 37  -1  -1  -1  -1  -1  -1  -1  -1  -1  -1  -1  -1  -1  -1  -1  -1  -1  -1  -1  -1 163 163 163  -1  -1 
 38  -1  -1  -1 200  -1  -1 206 195 195 195  -1  -1  -1  -1  -1 180 180  -1 178 178  -1  -1 193 193  -1 
 39  -1  -1  -1  -1  -1  -1  -1  -1  -1  -1  -1  -1  -1  -1  -1  -1  -1  -1  -1  -1 207 207 207  -1  -1 
 40 239 239 239  -1  -1  -1 244 250  -1  -1  -1  -1 237 237  -1  -1 222 222  -1  -1  -1  -1  -1 224 224 
 41  -1  -1  -1  -1  -1  -1  -1  -1  -1  -1  -1  -1 251 251 251  -1  -1  -1  -1  -1  -1  -1  -1  -1  -1 
 42  -1  -1  -1 288  -1  -1  -1 283 283 283  -1 294 281 281  -1 266 266  -1 268 268  -1  -1  -1  -1  -1 
 43  -1  -1  -1  -1  -1  -1  -1  -1  -1  -1  -1  -1 295 295 295  -1  -1  -1  -1  -1  -1  -1  -1  -1  -1 
 44  -1  -1  -1 137 275  11  -1  -1  -1  -1  -1  65  -1  -1 310  -1  -1  -1  50  -1  -1  -1  -1  -1 143 
 45  -1  10  -1 272  -1  -1  -1  -1  -1  -1  -1  -1  -1  -1  -1  -1  -1 185  98  -1 316  -1  -1  -1  -1 
 46  -1  99  -1  -1  -1  -1  -1 270  -1  -1 229  -1  -1  -1  -1  -1  -1 139  -1  -1  -1  -1  -1  -1  -1 
 47  -1 186 153  -1 140  -1  -1  21  -1  -1  55  -1  -1  -1  -1   9  -1  54 241  -1  -1  -1 312   8  -1 
 48  -1  -1  -1  -1  -1 269  -1 227 182  -1 274  -1  -1  -1  -1  -1  -1  -1  -1 225  -1  -1  -1  -1 183 
 49  -1  -1  -1  -1 230  97  -1  -1 231  -1  -1  -1  -1  -1  -1  -1  -1  -1  -1  -1  -1  -1  -1  -1  -1 
 50  -1  -1 311 184  53  -1  -1  49  52 228  -1  -1  -1  -1  -1  -1 141  -1  -1  -1  -1  -1  -1 285  -1 
 51  -1  -1  -1 226  -1 138 315  93  96  -1  -1 309 308 273  -1  -1  -1   7  -1  -1  -1 313  -1 187  -1 
 52 314  -1  -1  -1  -1 181  -1  -1  -1  -1  -1  -1  -1  -1  -1  -1   6  95  -1  -1  -1  -1  -1  -1  94 
 53  -1  -1 109  51  -1  -1  -1  -1  -1  -1  -1 197  -1  -1  -1  -1  -1 271   5  -1  -1  -1  -1 142  -1 

r\t   0   1   2   3   4   5   6   7   8   9  10  11  12  13  14  15  16  17  18  19  20  21  22  23  24 
  0  -1  -1  16  16  -1  -1  -1 208  62  -1  -1  -1 290  -1  -1 264  -1 114  -1  -1  -1 161  -1  81  -1 
  1  45  -1  80  -1  -1  -1  -1  -1  -1  -1  -1  -1  -1  -1  -1  -1  -1  -1  -1  -1  -1  -1  -1  -1 176 
  2  -1  -1  -1 210  -1 214  -1 169  -1  -1  -1  -1 282 117  -1 148 148  -1 256  -1  -1 120 289 113  -1 
  3  -1  -1  -1  -1  -1  -1  -1  -1  -1  -1  -1  -1 304  -1  -1 220 189  -1  -1  -1  -1  20  -1  -1  -1 
  4  -1  12 192 192  -1  -1  -1 135  27  -1  -1 191  -1   3  -1  -1 166  29  13  -1  -1  -1  66  -1  -1 
  5  -1 164  -1  -1  -1  -1  -1 188  -1  -1  -1  -1  -1  -1 302  -1  -1 110  89  38  -1 202  -1  -1  -1 
  6  -1  -1  -1  -1  -1 236 236  -1 245  -1  -1  15  -1  76  -1  60  60  -1  -1  -1  -1 258  -1  -1  -1 
  7  -1 211  -1  40  -1  -1 276  -1 170  -1  -1  -1  -1 146  -1  -1  -1 291  -1  -1  -1  -1  -1  -1  -1 
  8  -1  -1  -1  -1  -1  -1  41  -1  -1  -1  -1  71 154 306  -1  -1 235 155  -1  -1  -1 125  -1  -1  -1 
  9  -1 292  -1  -1 287  86  -1  79  -1  -1  -1  -1  -1  -1  -1  -1  -1  -1 124  -1 216 147 212  -1  -1 
 10  -1  -1  -1  -1  -1  -1 194 254  -1  -1  83  -1  -1  -1  -1  -1  -1  -1  -1  -1  -1  -1  -1  -1  -1 
 11  -1  -1  -1  39  -1  -1  58  43  -1  -1  -1  -1  -1 126  -1  -1  -1  -1  -1  -1  -1  -1  -1  -1  -1 
 12  -1  -1 171  -1  -1  -1 106 121  -1  -1  -1  -1 246  -1  -1  -1  73  -1  -1  -1  -1  -1  -1  -1  -1 
 13 132 190  -1  -1  -1  -1  -1 296 286  -1  -1  -1  -1  22  -1  -1  42  -1 152  -1  -1  -1  -1  -1  -1 
 14  -1  -1 122  -1  -1  -1  -1  -1  -1  -1  -1  -1  -1 102  -1  -1 115  -1  -1  -1 104 104  -1  -1  -1 
 15  -1  69 300 159  -1  84 253  -1  -1  -1  -1 144  -1 209  -1  -1  -1  -1 130  -1  -1 298  -1  -1  -1 
 16  -1 284  -1  70  -1  -1  -1 100  -1  -1  -1 278  -1 213  87  -1  -1 252  -1  91  -1 279  -1  -1  -1 
 17  -1  -1  -1  -1  -1  -1  -1 145 116  -1  -1 167  -1  -1  -1  -1 103  -1 179  -1  -1  -1  -1  67  -1 
 18  -1   0  -1  -1 219  -1  -1  -1  72  -1  -1  -1  -1  26  -1  -1  -1 260 233  -1  -1  -1  -1  -1  -1 
 19  -1  -1  59  -1  -1  -1 160  56 111  -1  -1  -1  -1 301  -1  -1  88  -1  -1  -1  -1  -1  -1  -1  -1 
 20  -1  -1  -1  -1  -1  -1  -1  -1  -1  -1  -1  -1 303 131  44  -1 249  -1 133  -1 175 255  -1  -1 263 
 21  -1  -1  -1 234  -1  -1  -1  33 238  37  -1  -1  -1 247  -1  -1 293  -1  34  -1  -1  -1  -1  -1  85 
 22  -1  -1 158  -1  -1  -1  -1  -1  -1 128  -1  -1  23 157  -1  -1  14  -1 199  -1  -1  57  78  -1  -1 
 23  -1  25 205  64  -1  -1  -1  -1  -1 215  -1  -1  -1  -1  -1  -1 203  -1  -1  -1  -1  -1  -1  -1  -1 
 24 265  -1  -1  32  -1  -1 150 232  -1  -1  -1  -1  -1 277 172  -1  82 243  -1  -1 305 262  -1  -1  -1 
 25  -1  -1 173 127  -1  -1  -1  -1 198  -1 257  -1  -1  -1  -1  -1  -1  -1  -1  -1  -1  -1  -1  -1  -1 
 26  -1  47 217  -1  -1 218  -1 267  -1  -1  -1  77  -1  -1  -1  -1  -1  -1  -1  -1  -1  -1  -1  -1 129 
 27  -1  -1 280 280 307  -1  -1  36 204  -1  -1 259  -1  -1  -1  -1  -1  -1 108  -1  -1  28  -1  -1  -1 
 28 242  -1 221  -1  -1  -1 123  -1  -1  -1  -1 248  -1  -1  -1  -1  -1 168 297  -1  -1  -1 240 201 174 
 29 223  -1  -1  -1  -1  18 261 165 299  -1  -1 101 196  -1   1  -1  35  -1  -1 177  -1  -1  -1  -1  -1 
 30  -1  -1  24  -1  -1  -1  19  19  19  -1  -1  30  -1  -1  -1   2   2  -1   4   4  -1  -1  17  17  -1 
 31  -1  -1  -1  -1  -1  -1  -1  -1  -1  -1  -1  -1  -1  -1  -1  -1  -1  -1  -1  -1  -1  -1  31  31  31 
 32  -1  -1  46  46  -1  -1  68  -1  -1  -1  -1  63  63  63  -1  -1  -1  61  61  -1  48  48  -1  74  -1 
 33  -1  -1  -1  -1  -1  -1  -1  -1  -1  -1  -1  -1  -1  -1  -1  -1  -1  75  75  75  -1  -1  -1  -1  -1 
 34  -1  -1 105 105  -1  -1  -1  -1  -1  -1  -1 112 118  92  92  -1  -1  -1  -1  -1  90  90 107 107 107 
 35 119 119 119  -1  -1  -1  -1  -1  -1  -1  -1  -1  -1  -1  -1  -1  -1  -1  -1  -1  -1  -1  -1  -1  -1 
 36  -1 151 151 151  -1  -1  -1  -1 162  -1 136 136 156  -1  -1 134 134  -1  -1  -1  -1  -1 149 149  -1 
 37  -1  -1  -1  -1  -1  -1  -1  -1  -1  -1  -1  -1  -1  -1  -1  -1  -1  -1  -1  -1  -1  -1 163 163 163 
 38 178 178 180 180  -1  -1 206  -1  -1  -1  -1  -1  -1 193 193  -1  -1  -1 200  -1 195 195 195  -1  -1 
 39  -1  -1  -1  -1  -1  -1  -1  -1  -1  -1 207 207 207  -1  -1  -1  -1  -1  -1  -1  -1  -1  -1  -1  -1 
 40  -1 244  -1 250  -1  -1  -1  -1  -1  -1 224 224 239 239 239  -1  -1  -1  -1  -1 222 222  -1 237 237 
 41  -1  -1  -1  -1  -1  -1  -1  -1  -1  -1  -1  -1  -1  -1  -1  -1  -1  -1  -1  -1  -1  -1 251 251 251 
 42  -1 266 266  -1  -1  -1 288  -1  -1  -1  -1 294  -1 268 268  -1 283 283 283  -1  -1  -1 281 281  -1 
 43  -1  -1  -1  -1  -1  -1  -1  -1  -1  -1  -1  -1  -1  -1  -1  -1  -1  -1  -1  -1  -1  -1 295 295 295 
 44  -1 225  -1  -1  -1  -1  -1  50  -1 310  -1  -1  -1  53  -1  -1  -1  -1  -1 140  -1  -1  -1 313  -1 
 45  -1  -1  -1  94  -1  -1  -1  98  -1  -1  -1  -1  -1  -1  -1  -1  51  21  -1  -1   8 137  -1  -1  -1 
 46  -1  65  -1 231 312  -1  -1  -1  -1  -1  -1 187  -1 184 138  -1  -1  -1  52 229  -1  -1  -1  -1  -1 
 47  -1  96  95   5  -1  -1  -1  -1 153  -1  97  -1  -1  -1  -1  -1 186  -1  -1  -1  -1  10  -1  -1  -1 
 48  -1  -1  -1  -1 241  -1  -1 285  -1  -1  -1  -1  -1 226  -1  99  -1  -1 272  -1  -1  -1  -1  -1  -1 
 49  -1 142  -1  -1  -1 316 309  -1  -1  -1  -1  -1 315  -1  -1  55  -1 311  -1  -1 143 273 314  -1  54 
 50  -1  -1  -1  -1  -1  -1  -1  -1 308  -1 274 270 109  -1  -1  -1  -1  -1  -1  -1  -1  -1  -1  -1  -1 
 51  11  -1  -1 141  -1  -1  -1  -1  -1  -1  49  93  -1  -1  -1  -1 227 197  -1  -1 269 182  -1  -1  -1 
 52  -1  -1   7 271  -1  -1  -1 228  -1  -1   9  -1  -1  -1  -1  -1  -1  -1  -1 275  -1  -1  -1  -1  -1 
 53  -1  -1  -1  -1  -1  -1  -1 181  -1  -1  -1   6  -1 139 183 185  -1  -1 230  -1  -1  -1  -1  -1  -1 

r\t   0   1   2   3   4   5   6   7   8   9  10  11  12  13  14  15  16  17  18  19  20  21  22  23  24 
  0 260 147  -1  12  -1  -1  -1  -1  56  -1  -1  -1 248  -1  -1  -1  -1  -1  -1  -1  -1  -1  -1  -1  -1 
  1  -1  -1  -1  -1  -1  -1  -1  -1  -1  -1  -1 284  -1  -1  -1  -1  -1  -1  -1  -1  -1 103  27  -1  44 
  2  -1 300  88  -1  -1 179  -1  -1  -1  -1  -1  -1  -1  -1  -1  -1  -1  -1  -1  -1  -1 223  -1  -1  -1 
  3 265 210  -1  -1  83  -1  18 276  -1  -1  -1  -1  72  -1  -1  -1  29 190 160  -1 155  -1 174  -1  -1 
  4  -1  -1 189  -1  -1 258 209  -1  -1  -1  -1 175  -1  -1  -1  -1  -1  -1  -1  -1  -1 278  -1  -1  43 
  5  -1  38  13 205  -1  -1  -1  -1 240  -1  -1  41 110 157  -1  -1  89  -1  -1  -1  -1  -1  -1  -1  -1 
  6  16  16  -1 161 106  -1 256  -1  -1  -1 213   3  -1 101  -1  91  -1 252 255 263  -1 242  -1  -1  -1 
  7  -1  -1  -1  -1  -1  -1 164  -1  -1  -1 176  -1  -1  -1 259  -1  85  -1  -1  -1 135 219 154  67   1 
  8  -1  59  -1 188  -1  -1  62  58  -1  -1  -1 264  -1  -1  -1  -1  -1 235 233  -1  -1 298  -1  -1  -1 
  9  -1 211  -1  -1  -1  -1  -1 194  -1  -1  -1  -1  -1  -1  81 177  -1  -1 290  -1  -1  -1  -1  -1  -1 
 10  -1  -1  -1  -1  -1  -1  -1  -1 199  -1  -1 167  -1  -1  -1  -1 165  -1  -1  -1  -1  -1 286 247  -1 
 11  -1  -1  -1 124  -1  -1  -1 131 302  -1  -1  57  -1  -1  -1  -1 144  -1  -1  -1  -1  -1  -1  -1  -1 
 12  -1 214 117  -1  -1  -1  -1 122  -1  -1  -1  22 287  -1  -1  -1 202 123  -1  -1  -1 196  -1  -1  -1 
 13  -1 216  -1  -1  -1  -1  -1  -1 282  -1 170  -1  -1  -1  -1  -1  73  -1  -1  -1  -1  -1  -1  -1  -1 
 14  -1  -1  60  60  -1  -1  -1  23 159  -1  -1  77  -1  -1  -1  -1  -1  -1 116  -1  -1 133 289  33 130 
 15 169  -1  76 307  87  -1  -1  -1  -1  -1  -1  -1  -1 120 125  -1 108  -1  -1  -1  -1  66  -1  -1  -1 
 16  -1 111  -1  26  -1  -1  79  -1  -1  -1  -1 100  -1  -1  -1  -1 246 104 104  -1  -1  -1 115 114  -1 
 17  -1  -1 102  -1  -1  -1  -1  -1  -1  -1  -1 291 303 254  -1  -1  -1  -1 262  -1  -1  -1  -1  -1  -1 
 18  -1 279 208  -1  -1  -1  -1  -1  -1  -1  -1  28  -1 127  -1  -1  -1  -1  -1  -1  -1  -1 166  -1  -1 
 19  -1  -1  -1  -1  -1  -1  -1  -1  -1 126  -1 249  20  15  -1  -1  -1  -1 192 192  -1  -1  -1  -1  -1 
 20  -1 173 152  -1  -1 132  -1  -1  -1  -1  -1 113 293 201  -1  -1 191 218  -1  -1  -1  47  -1  -1  -1 
 21  -1  -1  -1 245  -1  -1 243  25  -1  -1  -1  -1 212  -1  -1  -1  14  -1 203  -1  -1  -1 128  -1  -1 
 22  -1  -1  -1  -1  -1  -1  -1  -1  32  37  -1 204  -1  71  -1  -1 257  -1  -1  -1  45  -1 238  -1  -1 
 23  -1 232  -1  -1  -1  -1  -1 158  -1  -1  -1  -1 236 236  -1  -1  -1  35  -1  -1  -1 168  -1 150 129 
 24 261  -1 253  -1  -1  -1  -1  69  -1  -1  -1 217  -1 280 280  40  -1  -1  -1  -1  86  -1 304  78 221 
 25  -1 198  -1 171  -1  -1  -1 299  -1  -1  -1  -1  -1  -1  -1  -1  -1  -1  -1  -1  -1  -1  -1  -1  -1 
 26  -1  -1  -1  70  -1  -1  -1  -1  -1  -1  -1 146  -1  -1  -1 172 234  -1  -1  -1  -1  -1  -1  36  -1 
 27  -1  80  -1  -1  -1  -1 292  -1 296  -1  -1  -1  -1  -1  -1  -1  -1 148 148  -1  -1  -1  -1  -1  -1 
 28  -1  -1  -1  -1  -1 267  -1  -1  -1  -1  -1  -1  -1 145  -1  -1  64   0  -1  -1  -1 306  -1 277  -1 
 29  39  -1  34  -1  -1  -1 121  -1  -1  42 215 301  84 297  -1 220  -1  82  -1  -1 305  -1  -1  -1  -1 
 30  -1  30  -1   4   4  -1  24  -1  -1  -1  -1  -1  -1  -1  -1   2   2  17  17  -1  -1  19  19  19  -1 
 31  -1  -1  -1  -1  -1  -1  -1  -1  -1  -1  -1  -1  31  31  31  -1  -1  -1  -1  -1  -1  -1  -1  -1  -1 
 32  -1  -1  46  46  -1  -1  68  -1  -1  -1  48  48  63  63  63  -1  -1  61  61  -1  -1  74  -1  -1  -1 
 33  -1  -1  -1  -1  -1  -1  -1  -1  -1  -1  -1  -1  -1  -1  -1  -1  -1  75  75  75  -1  -1  -1  -1  -1 
 34  -1 112  -1  -1  -1  -1  -1 105 105  -1  92  92  -1  90  90  -1  -1  -1  -1  -1  -1 118 107 107 107 
 35  -1  -1  -1  -1  -1  -1  -1 119 119 119  -1  -1  -1  -1  -1  -1  -1  -1  -1  -1  -1  -1  -1  -1  -1 
 36  -1  -1  -1 149 149  -1 151 151 151  -1  -1  -1 156 136 136  -1 162 134 134  -1  -1  -1  -1  -1  -1 
 37 163 163 163  -1  -1  -1  -1  -1  -1  -1  -1  -1  -1  -1  -1  -1  -1  -1  -1  -1  -1  -1  -1  -1  -1 
 38  -1  -1 180 180  -1  -1  -1 200 206  -1  -1 195 195 195  -1  -1 178 178  -1  -1  -1  -1 193 193  -1 
 39  -1  -1  -1  -1  -1  -1  -1  -1  -1  -1  -1  -1  -1  -1  -1  -1  -1  -1  -1  -1  -1 207 207 207  -1 
 40  -1 250 239 239 239  -1  -1  -1  -1  -1 237 237  -1 224 224  -1  -1 222 222  -1  -1 244  -1  -1  -1 
 41  -1  -1  -1  -1  -1  -1  -1 251 251 251  -1  -1  -1  -1  -1  -1  -1  -1  -1  -1  -1  -1  -1  -1  -1 
 42  -1  -1 281 281  -1  -1  -1  -1  -1  -1  -1  -1  -1 266 266  -1 294 283 283 283 268 268  -1 288  -1 
 43  -1  -1 295 295 295  -1  -1  -1  -1  -1  -1  -1  -1  -1  -1  -1  -1  -1  -1  -1  -1  -1  -1  -1  -1 
 44  -1  -1 226  -1  -1  -1 109  -1  21  -1   7  -1  -1  -1  -1  -1 273  99  -1  -1 181  96  65 313  -1 
 45 186  -1  -1  -1  55  50 197  -1  -1  -1  -1  -1  -1  -1  -1 140  52  -1  94  -1  -1  -1  -1  -1 271 
 46  -1 311  -1  93  -1  -1 285  -1  -1  -1  -1 141  -1  -1  -1  -1  -1  -1  -1  -1  95  -1  -1  -1  -1 
 47  97  -1 275  -1  -1  98  -1 308  -1  -1 225  -1 153 184  -1  -1 227  -1  -1  -1  -1  -1  -1  -1  -1 
 48 230  -1  -1  -1  -1 228  -1  -1 314  -1 274  -1  -1   6 183 269  -1  -1  -1  -1  -1  -1 312  -1  -1 
 49  54  -1   5  -1 185  10  -1  -1  -1  -1  -1  -1  -1  -1  -1  -1  -1  -1  53  -1  -1  -1  -1 241 187 
 50  -1  -1  -1  -1  -1  -1  -1  -1  -1  -1 138 231  -1  -1  -1  -1  -1  -1  -1  -1  -1  -1  -1  -1  -1 
 51   9  -1  -1  -1  -1  -1  -1  -1  -1 316  -1  -1 315  51  -1  -1  -1  -1  11 310 229  -1  -1  -1  -1 
 52  -1  -1  -1 142 137  -1  -1  -1  -1  -1  -1  -1  -1  -1  -1  49 139 270  -1  -1  -1  -1  -1  -1  -1 
 53  -1  -1  -1 272  -1  -1 309  -1  -1  -1  -1  -1  -1  -1  -1  -1  -1  -1 182  -1   8  -1  -1  -1 143 

r\t   0   1   2   3   4   5   6   7   8   9  10  11  12  13  14  15  16  17  18  19  20  21  22  23  24 
  0  -1  -1  -1  -1  -1 126  -1  58  56 169  -1  -1 154  -1  -1  -1  -1  -1  -1  -1  -1 297  -1  -1 133 
  1  -1  -1  -1  -1  -1  -1 147  -1  38  -1  -1  -1 301 287  -1  -1  -1  -1 115  -1  -1  -1  -1  -1  -1 
  2  -1  -1  -1  -1  -1  85  -1  -1  -1  -1  -1 144 199 202  -1  -1  -1 124 101  -1  -1  -1  -1 160  -1 
  3  -1  -1 236 236 170 216  91  -1 161  -1  -1  25  -1  23  -1 215  -1  -1  -1  -1  -1  -1  -1  -1  -1 
  4  -1  -1  -1 188  -1  -1  -1  34 211  -1  -1   0  -1  -1  -1 302   3  -1  -1  -1  -1 209  -1 150  -1 
  5  -1 232  -1  -1  -1  -1  71  20 135  -1  -1  -1  37  -1  -1 258  -1  -1  -1  -1  -1 214  -1  -1  -1 
  6  -1  -1 174 248  -1 176  -1 192 192  -1  -1  -1 296  -1  -1  -1  -1  -1  -1  -1  -1  -1  -1  -1  -1 
  7  -1  -1  -1  -1  -1  -1  13 100  72  -1  -1 246 243  -1 131  -1  -1  -1  -1  -1  -1  -1  -1  18  -1 
  8  -1  -1  -1  -1  -1  -1 130 152  14  -1  -1  -1  66  -1  -1  -1  -1  -1  -1  -1 218  -1  -1 113  -1 
  9  -1  28  -1  -1  -1  -1  36 235  -1  -1  -1  -1  -1  -1  -1  -1  -1 261  80  -1  -1  64 189  -1  -1 
 10  -1  -1 277  -1  -1 219 179 123 255  -1  -1  -1  32  -1  -1  -1 201  -1  -1  -1  -1 155  -1  -1  -1 
 11  -1  -1 213  -1  -1  -1  27  -1  -1  82  -1 242  -1  -1  -1  -1 158  -1 171  -1  -1  -1 291  -1   1 
 12  -1  -1  76  -1  -1  -1  -1 252 265  -1  -1  -1  -1  -1  -1  -1 240  47 159  -1 106  -1  -1  -1  -1 
 13  -1  -1  -1 278  -1  -1  -1 267  -1 220  -1  -1  -1 299  -1  -1  -1  -1  -1  -1  16  16  -1  -1  -1 
 14  -1  -1  -1  -1  -1  -1  -1  79  -1 263  -1  -1 165 238  -1  -1  89  -1 204 305  -1  -1  -1  -1  -1 
 15  -1  -1  88  73  -1  -1  -1  -1  -1  -1  -1  -1  -1  83  -1  -1  22  15  45  -1  -1  -1 264 175  -1 
 16 259  -1  -1  -1  -1  -1 233  -1  -1  -1  -1  -1  40  -1  -1  -1  -1 102  12  -1  -1  -1  -1  -1  -1 
 17  -1  -1  -1  -1  -1  -1  -1  -1 103  -1  60  60  -1 249  -1  -1  -1  -1  -1  -1  -1  -1  -1  -1  -1 
 18  -1 110 304 205  -1  -1 276  -1 284  -1 307 223  78  -1  -1  -1 279  -1  29  -1  -1 128  -1  -1  -1 
 19  -1  -1  -1  -1  -1  -1  -1 300  -1  -1 127  -1  -1  67  -1  -1  -1  -1  -1  -1  -1  -1  -1 245  -1 
 20  -1  -1  -1 117  -1  -1  -1  -1  33  -1 280 280  -1  -1  -1  -1 114  -1  -1  -1  -1  -1 168  -1  -1 
 21  -1  62 148 148  -1  -1  -1  -1  -1  -1 177  -1  -1 129  -1  -1  -1 212  -1  -1  -1  -1 262  -1  -1 
 22  -1  -1 289 157  -1  -1  -1  -1 290  -1  -1 122  -1  -1  -1  -1  -1  35  -1  -1  -1  -1  -1  -1  -1 
 23 260 191 306 298  -1  -1  59  -1  -1  -1  -1 292  -1  86 221  -1  -1  -1  -1  -1  -1  -1 120  -1  -1 
 24  -1 247  -1  39  -1  -1 111  -1  41  -1  -1  -1  43  -1  -1  -1  57  -1  -1  -1  -1  -1  -1 303  -1 
 25  -1 286 196 173  -1  -1  -1  -1 121  -1  -1  -1  -1  -1  44  -1  -1  -1 256  -1  -1  -1 253  -1  -1 
 26  -1  -1 172  -1  -1  -1 116  84 210  -1  -1 190 282  -1  -1  -1  -1 217  -1  -1  -1  -1  -1  -1  -1 
 27  -1  -1 104 104  42  -1  -1  -1 234  -1  -1 203 254 194  -1  -1  -1  -1 132  -1  -1  -1  -1 293 257 
 28  -1 167  -1  77  -1  -1 125 208  -1  -1  -1  -1 164  -1  -1  -1  69  70  -1  -1  -1  -1 145  26  -1 
 29  -1 146 166  -1  -1  -1 198  -1  81  -1  -1  -1  -1  -1  -1  -1 108  -1  -1  -1  -1  -1  -1  -1  87 
 30  -1  -1  17  17  -1  -1   4   4  -1  -1  19  19  19  30  -1  -1  -1   2   2  -1  -1  24  -1  -1  -1 
 31  -1  -1  31  31  31  -1  -1  -1  -1  -1  -1  -1  -1  -1  -1  -1  -1  -1  -1  -1  -1  -1  -1  -1  -1 
 32  -1  -1  63  63  63  -1  -1  68  48  48  -1  74  -1  -1  -1  46  46  -1  -1  -1  -1  -1  61  61  -1 
 33  -1  -1  -1  -1  -1  -1  -1  -1  -1  -1  -1  -1  -1  -1  -1  -1  -1  -1  -1  -1  -1  75  75  75  -1 
 34  -1 112 118  -1  -1  -1  -1  -1  90  90  -1  -1 105 105  -1  -1  -1  92  92  -1  -1 107 107 107  -1 
 35  -1  -1  -1  -1  -1  -1  -1  -1  -1  -1  -1 119 119 119  -1  -1  -1  -1  -1  -1  -1  -1  -1  -1  -1 
 36  -1  -1 134 134  -1  -1  -1  -1 149 149 136 136  -1 162  -1  -1 151 151 151  -1  -1 156  -1  -1  -1 
 37  -1  -1  -1  -1  -1 163 163 163  -1  -1  -1  -1  -1  -1  -1  -1  -1  -1  -1  -1  -1  -1  -1  -1  -1 
 38  -1  -1  -1  -1  -1  -1  -1 178 178  -1  -1  -1  -1  -1  -1 180 180 195 195 195 193 193 206 200  -1 
 39 207 207 207  -1  -1  -1  -1  -1  -1  -1  -1  -1  -1  -1  -1  -1  -1  -1  -1  -1  -1  -1  -1  -1  -1 
 40  -1  -1 244  -1  -1 222 222 224 224  -1  -1  -1  -1  -1  -1  -1  -1 237 237  -1  -1 250 239 239 239 
 41  -1  -1  -1  -1  -1  -1  -1  -1  -1  -1  -1  -1  -1  -1  -1 251 251 251  -1  -1  -1  -1  -1  -1  -1 
 42  -1 288 268 268  -1 266 266  -1  -1  -1  -1  -1  -1  -1  -1  -1 294 281 281  -1 283 283 283  -1  -1 
 43  -1  -1  -1  -1  -1  -1  -1  -1  -1  -1  -1  -1  -1  -1  -1  -1  -1 295 295 295  -1  -1  -1  -1  -1 
 44  -1 311  -1 228  -1  -1  -1  -1  -1  -1  -1 187  -1  -1  -1  -1 272  -1  -1  -1  -1  -1  -1  -1  -1 
 45  -1  -1  -1  -1  -1  -1  -1 285  10 138  -1 273  -1  -1 186  -1  -1  -1  -1  -1  -1  -1  -1  -1  -1 
 46  -1  21  -1  -1  -1  -1  -1  -1  -1 274  -1  -1  -1  -1  -1 270  -1  -1  -1  -1  -1  -1  -1 197  -1 
 47  -1  -1   5  -1  -1  54  -1  93  -1 185  -1  -1  -1  -1  94  -1  -1  -1  -1  -1  -1  -1   6 309 181 
 48  -1  -1  -1  -1  -1  -1  -1  -1  -1   9  -1  -1  -1 153  -1  -1  -1  -1  -1 315  -1 241  -1  -1  98 
 49  -1  -1 183  -1 314  99 137  -1  -1  -1  -1  -1  -1  -1 143  -1  -1  65 227 109  -1  -1  -1  -1  -1 
 50 310  -1  -1  -1  -1   8  -1  -1  -1  -1  97  52  -1  -1   7  -1  -1 142  -1  -1  -1  -1 182  -1 275 
 51  -1  -1  -1  53  -1  -1  -1 139  -1  -1  55  -1  -1  -1  -1 140 226 231  -1  -1  -1  -1  -1  -1  -1 
 52  -1  -1  -1  96  -1  -1  51  49  -1  -1 271  -1 312  -1 269  95  -1  -1  -1  -1 316 308 230  -1  50 
 53  -1  -1 229 184  -1  -1  -1  -1  -1  -1 225  -1  -1 313  -1  11  -1  -1  -1  -1  -1  -1 141  -1  -1 

r\t   0   1   2   3   4   5   6   7   8   9  10  11  12  13  14  15  16  17  18  19  20  21  22  23  24 
  0  -1  -1  -1  -1  -1  -1  -1  -1  -1  -1  -1  -1  -1  -1  -1  -1  -1  81 263  -1  -1  -1  -1  -1  -1 
  1  -1  -1  -1  -1 259  -1  -1  -1  -1  85  -1  -1  -1  -1  -1  -1  -1  -1  -1  -1  -1  -1  28 192 192 
  2  -1  -1  -1  -1  -1  -1  -1  -1  -1  -1  -1  -1  -1 132  -1  -1  -1  -1  -1  83 177  -1  -1  -1  -1 
  3  -1  -1 131  32 170  -1 161  -1  -1  -1 125  -1  -1  45  -1  -1  -1  -1  -1  -1  -1  -1 258  -1  -1 
  4  -1  -1  -1  72  -1 221 189  -1 299  -1  -1  -1 211  -1  -1  -1 246  -1  -1  -1  -1  -1  -1 253  -1 
  5 175  -1  -1  -1  -1  -1  -1  -1  -1  -1  -1 235 240  -1  -1  -1  -1 106  -1  37  -1 179 236 236  -1 
  6  -1  -1  -1 278  42  -1 108 104 104  -1  -1 128  70  -1  -1  -1  -1  -1  -1  -1  -1  -1 245 152  -1 
  7  -1  -1  -1  -1  -1  -1  39  -1  -1  -1  -1  -1  -1  -1 223  -1  -1 201  -1  -1  -1  34 292 203  -1 
  8  -1 145  -1  -1  87  -1  -1  -1  27  -1  -1  22  23 171 176  -1  -1  -1  -1  -1  -1  -1  -1  -1  -1 
  9  -1 113 218 252  -1  -1  59  36  -1  -1  -1  76  -1  -1  -1  -1  73 284  -1  -1 127  -1 135  -1  -1 
 10  -1 277  41  -1  -1  86  78  -1 249  -1  -1  -1 123  -1  -1  -1  -1  -1  -1  -1  82  -1  20  -1  -1 
 11 265  38 164  -1  -1  -1 144  -1 279  -1 148 148 111  -1  -1  -1  -1 165  -1  -1  -1  62  -1 168  -1 
 12  -1  -1  -1  88  -1  -1  12  -1  -1  -1  -1 298  -1 157  -1  -1 155  -1 160  -1  -1 198  -1  -1  -1 
 13  -1  -1 255  -1  -1  -1 124  -1  -1  -1  -1  -1  -1  -1   1  -1 114  -1  -1  -1  -1  -1  -1 304  -1 
 14  -1 205  -1 290  -1  -1  -1  -1  -1  -1  -1 282 280 280 305  -1  -1  -1 110  -1  -1 291 150  -1  -1 
 15  -1  -1 300 146  -1  -1 264  -1  -1  -1  -1 267 289  -1  -1  -1  -1  -1  -1  -1  -1  -1  -1  -1  -1 
 16  -1  77 169  -1  -1  -1  -1 296  -1  -1 130 190 194  -1  -1 307  -1  -1 261  -1  -1 232  -1   0  -1 
 17  -1 103  -1 159  -1  -1  -1 199  -1  -1  -1 116  -1 210  -1  -1  -1  -1  -1  -1  -1  -1 303  79  -1 
 18  -1 166  -1  -1  -1  -1 209  -1  -1  -1  -1  -1  -1 100  -1  -1  29  -1 248  -1  -1 254  -1  44  -1 
 19  -1  -1  25  16  16  -1 216  -1  -1  -1  60  60  -1  -1  -1  -1  -1  -1  -1  -1  -1 202  -1  13  -1 
 20  -1  -1 196 120  -1  -1  -1 117 242  -1  -1 102  66  80  -1  -1  -1  -1  -1  -1  -1 147  -1  -1  -1 
 21 220  -1 215  -1  -1  -1 276  33  -1  -1  -1  26  -1  -1  -1  -1  -1  -1  -1  -1  -1  -1  69  -1  -1 
 22  -1  -1  71  -1  -1  -1  -1  -1  -1  -1  -1 214 293  -1  -1  -1  -1 247 212  -1  -1  14  -1 133  -1 
 23  -1  -1  18  64  -1 174  -1  -1  -1  -1  -1 208 262 188  -1  -1 213 219  -1  89  -1  -1  -1  -1  -1 
 24  -1  -1  -1  -1  -1  84  -1 256  -1  91  -1  -1  -1 172  -1  -1 204  -1  -1  -1  -1  -1  -1  -1  -1 
 25  -1  -1  -1 260  -1  -1  -1  -1  57  -1  -1   3 301  -1  -1  -1  -1  -1  -1  -1  -1  -1  -1 297  -1 
 26  -1 233 257  -1  -1  -1  -1 243 302  -1  -1  -1 154 121  -1  -1  -1  -1  -1  -1  -1 101  58  -1  -1 
 27 173 191 286  -1  -1 306  -1  -1  -1  -1  43  -1 167  -1  -1  -1  67  -1 287  -1  -1  47 158  35  -1 
 28  -1  -1  -1  -1  -1  -1 234  -1  -1  -1  -1  -1  -1  -1 238  -1  -1 115  -1  -1  -1  40 126  -1  -1 
 29  -1  -1  -1  -1  -1  -1  -1  -1  -1  -1  -1  -1  -1  15  -1  -1  -1 217  -1  -1  -1 122 129  56  -1 
 30  -1  24  -1  -1  -1   4   4  19  19  19  -1  -1  -1  30  -1  -1  -1  17  17  -1  -1   2   2  -1  -1 
 31  -1  -1  -1  -1  -1  -1  -1  -1  -1  -1  -1  -1  -1  -1  -1  -1  -1  31  31  31  -1  -1  -1  -1  -1 
 32  63  63  63  -1  -1  46  46  74  -1  -1  48  48  -1  -1  -1  -1  -1  61  61  -1  -1  68  -1  -1  -1 
 33  -1  -1  -1  -1  -1  -1  -1  -1  -1  -1  -1  -1  -1  -1  -1  -1  -1  75  75  75  -1  -1  -1  -1  -1 
 34  90  90 107 107 107  -1  -1  -1 112  -1  -1  -1  -1  92  92  -1  -1  -1 118  -1  -1  -1 105 105  -1 
 35  -1  -1  -1  -1  -1  -1  -1  -1  -1  -1  -1  -1  -1  -1  -1  -1  -1  -1  -1  -1  -1  -1 119 119 119 
 36 134 134  -1  -1  -1  -1  -1 149 149  -1  -1 156  -1  -1  -1  -1 162 151 151 151 136 136  -1  -1  -1 
 37  -1  -1  -1  -1  -1  -1  -1 163 163 163  -1  -1  -1  -1  -1  -1  -1  -1  -1  -1  -1  -1  -1  -1  -1 
 38 180 180  -1 193 193  -1  -1 206 200  -1 178 178  -1  -1  -1  -1  -1 195 195 195  -1  -1  -1  -1  -1 
 39  -1  -1 207 207 207  -1  -1  -1  -1  -1  -1  -1  -1  -1  -1  -1  -1  -1  -1  -1  -1  -1  -1  -1  -1 
 40  -1 244 237 237  -1  -1 250  -1  -1  -1  -1  -1  -1  -1  -1  -1 239 239 239  -1 222 222 224 224  -1 
 41  -1  -1  -1  -1  -1  -1  -1  -1  -1  -1  -1 251 251 251  -1  -1  -1  -1  -1  -1  -1  -1  -1  -1  -1 
 42  -1  -1  -1  -1  -1  -1 288  -1  -1  -1  -1  -1  -1 266 266 281 281  -1 294  -1 268 268 283 283 283 
 43  -1  -1  -1  -1  -1  -1  -1  -1  -1  -1  -1  -1  -1  -1  -1 295 295 295  -1  -1  -1  -1  -1  -1  -1 
 44  -1 270  -1 230  -1  93  -1  -1  -1 185 274  -1  -1  -1  -1  -1 109  -1  -1  -1  -1  -1 181  -1  -1 
 45  -1  -1  -1   6 275 271  -1 312  -1  54   9  -1  -1  -1  -1  -1  -1  -1  -1  -1  97  -1  -1 186  -1 
 46  -1  -1  -1 273 229  -1  -1  -1  -1 225  -1  -1  -1  -1  -1 316  -1  -1  -1  -1  50  -1  -1  -1  -1 
 47  -1  -1  -1  -1  -1  -1 141 285  -1  -1  99  -1  -1  -1  -1  -1  -1  -1 310  -1  -1  -1  -1  -1  -1 
 48  -1   5 153  53  52 183  -1  -1  -1  -1 226  94  -1  10  -1 241 314 308  -1  -1  -1  -1  -1  98 309 
 49   7  -1  -1  -1  -1  -1 187  -1 197  -1  -1  -1 315  -1  -1  -1  -1  -1  -1 228  -1  -1  -1  -1  -1 
 50  -1  -1  -1  -1 140  -1  -1  65  -1  -1  -1  -1  -1  -1  -1  -1  -1  -1  -1  -1  -1  -1  -1  -1  -1 
 51  -1  -1 311 182  -1  -1 231  -1  -1  -1 138 139  -1 184 143  -1  -1  -1  -1 272  -1  -1  -1  -1  -1 
 52  -1 227  -1 137   8 142  -1  -1  -1 269  -1  -1  -1  -1  55  -1  -1  -1  -1  -1  -1  -1  -1  -1  -1 
 53  -1  51  -1  -1  -1  -1  95  -1 313  -1  -1  -1  -1  -1  -1  -1  21  -1  -1  -1  11  96  49  -1  -1 

r\t   0   1   2   3   4   5   6   7   8   9  10  11  12  13  14  15  16  17  18  19  20  21  22  23  24 
  0  -1  -1 110  -1  -1  -1 117  34  -1  -1  -1  -1  87  -1  -1  -1  -1  -1  -1 259  -1  -1  42 189  -1 
  1 126  -1 173  13  -1  -1  -1  60  60  -1  -1  -1  81  -1  -1  -1 201 122   1  -1  -1  -1 179  -1  -1 
  2  -1  -1  -1  70  -1  -1  -1  -1  35  -1  -1  -1  -1  -1  -1  -1  -1  -1  -1  -1  -1  86  -1  -1  -1 
  3  -1  -1  -1 196  -1  -1  29  18  -1  -1   0 293  -1  -1  -1  -1  -1  -1  -1  -1  -1 205  -1  -1  -1 
  4  -1  -1  39 300  -1  -1 190 246 124  -1  -1  -1  -1  -1  -1  -1  57 169 232  -1  -1 286  -1  -1  -1 
  5  -1 135  -1 177  -1  -1  -1 277 282 221  -1  -1  -1  -1  -1  -1  85  -1  -1  -1  -1  -1  -1 234  -1 
  6  -1 188  -1  -1  -1  -1  69  -1  12  -1  -1  -1  -1  -1  -1  -1 263  -1 167  -1  -1 131  78  -1  -1 
  7  -1  -1  80  45  -1  -1  -1 236 236  -1  -1 102  -1  -1  -1  22  -1  -1  -1  -1  -1  -1 152 255  -1 
  8  -1  -1  -1  -1  -1  -1 125  -1  73  -1  -1  -1  -1  -1  -1  -1  -1  -1 171  -1  -1  -1  -1 289  -1 
  9  -1 166  -1 257  -1  -1  -1 299  -1  -1  -1  -1 243  -1  -1  -1  -1  -1 279  -1  -1  -1  -1  -1  -1 
 10  -1 116  66  -1  -1  -1  88  -1  -1  -1 132  -1  -1  -1  -1 130  -1  -1  -1  -1 287  -1  -1  -1  -1 
 11  -1 223  -1  64  -1  -1  59  -1  -1  40  -1 233 217 172  67  -1  -1 170  -1 174  -1  -1  -1  -1  -1 
 12  -1  44  -1 159  -1  -1 133  -1 267  -1  -1 120  -1 160  -1  -1  -1  -1  -1  -1  -1  -1  -1 146  -1 
 13  -1  -1 198  -1  -1  -1 208  -1  -1 128  -1 129  -1  -1  -1  -1  -1  72 204  -1  -1  -1  -1  -1  -1 
 14  -1 284 219 202  -1  -1  -1   3 296  -1 214  36 111 245  -1  -1  15  -1  -1  -1  -1 307  -1  -1  -1 
 15 265  32 252 249  -1  -1  -1  84 210  -1  -1  -1  -1  -1  -1  -1 306  -1  -1  -1  -1  -1  -1  -1  -1 
 16  -1  -1  -1  -1  -1  -1 158 304  -1  -1  -1 253  41 106  -1  -1  -1  -1  -1  -1  -1 235 115 103  -1 
 17  -1  56  37 145  -1  -1  -1  -1  -1  -1  -1  -1  -1  28  -1  -1  -1  -1  43  -1  -1  -1  62 258  -1 
 18  -1  -1 164  -1  -1  -1  -1  -1  -1  -1  -1  -1  -1  82  -1  -1  -1 212  76  -1  -1  -1  -1 161  -1 
 19  -1 127  -1  -1  -1  91  -1 192 192  -1  -1  -1  -1  -1  -1  -1  -1  -1  -1 305  -1  -1  -1  -1  -1 
 20  -1  -1  -1  -1  -1  -1  38  -1  -1  -1  -1  -1  33  -1  -1  -1  -1  -1  26  -1  -1 147 303  -1 176 
 21  -1  14  -1 123  -1 213  -1  79  -1  -1  -1  27  -1  -1  -1  -1  -1  -1  -1  -1  -1  -1 199 113  -1 
 22  -1 256  -1 261  -1  -1  -1 148 148  -1  -1 301  -1  -1  -1  -1  -1  -1  -1  -1  -1  -1  -1  -1  -1 
 23  -1 101  -1  -1  -1 155  -1 168  -1  -1 264  -1  -1 209  -1  -1 157 260  -1  -1  -1  -1  -1  -1  -1 
 24  -1 290  -1  -1  -1  -1 292 104 104  -1  -1  -1  -1 297  -1  -1  89  -1 216  -1  -1  20 240  58  -1 
 25  -1  -1  -1 276  -1  -1 108  -1  -1  -1  -1 165 291  -1  -1  -1  77 242 218  -1  -1 302  -1  -1  -1 
 26  -1  -1  -1  -1  -1  -1 278  -1  -1  -1  -1 215 254  -1  -1  -1  -1  -1  -1  -1 262 114 298  71  -1 
 27 175 150 121  25  -1  16  16  -1  -1  -1  -1  -1  -1  -1  -1  -1 144  23  -1  -1  -1  -1 280 280  -1 
 28  -1  -1  -1  -1  -1  -1 247  -1 211  -1  -1 191  -1 238  -1  -1  83  -1  -1  -1  -1 194  -1  -1  -1 
 29  -1 203 154 100  -1 220  -1  -1 248  -1  -1  -1  -1  -1  -1  -1  -1  -1  -1  -1  -1  -1  47  -1  -1 
 30   4   4  24  -1  -1   2   2  -1  -1  -1  -1  19  19  19  -1  -1  30  -1  -1  -1  -1  -1  17  17  -1 
 31  -1  -1  -1  -1  -1  -1  -1  -1  -1  -1  -1  -1  -1  -1  -1  -1  -1  -1  -1  -1  -1  31  31  31  -1 
 32  -1  68  -1  -1  -1  -1  -1  48  48  -1  -1  -1  61  61  -1  -1  -1  63  63  63  -1  74  -1  46  46 
 33  -1  -1  -1  -1  -1  -1  -1  -1  -1  -1  -1  75  75  75  -1  -1  -1  -1  -1  -1  -1  -1  -1  -1  -1 
 34  -1  -1  -1  92  92  -1  -1 112  -1  -1  -1  -1 118  -1  -1  -1  -1  -1 105 105 107 107 107  90  90 
 35  -1  -1  -1  -1  -1  -1  -1  -1  -1  -1  -1  -1  -1  -1  -1  -1  -1 119 119 119  -1  -1  -1  -1  -1 
 36  -1  -1  -1 134 134  -1  -1  -1  -1  -1  -1 162 151 151 151  -1  -1 156 149 149  -1  -1  -1 136 136 
 37  -1  -1  -1  -1  -1  -1  -1  -1  -1  -1  -1  -1  -1  -1  -1  -1  -1  -1  -1  -1 163 163 163  -1  -1 
 38  -1  -1  -1  -1  -1 178 178  -1 180 180  -1  -1 193 193  -1  -1  -1 195 195 195  -1  -1 200 206  -1 
 39  -1  -1  -1  -1  -1  -1  -1  -1  -1  -1 207 207 207  -1  -1  -1  -1  -1  -1  -1  -1  -1  -1  -1  -1 
 40  -1  -1 239 239 239 237 237  -1  -1  -1 224 224  -1  -1  -1  -1  -1 250 244  -1  -1  -1  -1 222 222 
 41  -1  -1  -1  -1  -1  -1  -1  -1  -1  -1  -1  -1  -1  -1  -1  -1  -1  -1  -1  -1 251 251 251  -1  -1 
 42  -1  -1  -1 266 266  -1  -1  -1  -1  -1  -1 283 283 283  -1 281 281  -1 294  -1  -1 288 268 268  -1 
 43  -1  -1  -1  -1  -1  -1  -1  -1  -1  -1  -1  -1  -1  -1  -1 295 295 295  -1  -1  -1  -1  -1  -1  -1 
 44  -1  -1  -1  -1  -1  -1  -1 231 137 138  -1  96  -1  -1  -1 109  52  -1 228  -1 314  -1  -1  -1  -1 
 45  -1 183 313  -1  -1  -1  -1  -1  93  11  -1 184 311  -1  -1  -1  -1  -1  -1  -1  -1  -1  -1 182  -1 
 46 186  -1  -1  -1   9  50  53  -1  -1  -1  51  -1  -1  -1 197 310 230  -1  -1  -1  -1  -1  -1  -1  -1 
 47  54  94  -1  -1  -1  -1  -1 187  -1 275  -1 142  -1  -1  -1  -1   5  -1  -1  -1  -1  -1  -1  -1  -1 
 48  -1  -1  -1  -1  55  -1  -1  -1 227  49  95  -1  -1  -1  -1  -1 181  -1 272  -1  -1 315  -1  -1 274 
 49  -1  -1  -1 226  -1  -1 225  -1   6  -1  -1  -1  -1  -1  -1  -1  -1 309  -1  -1  -1  -1  -1  -1   7 
 50 229 273  -1   8  -1  -1 269 139  -1  -1  -1  -1  -1 308  -1  -1  -1  -1  -1  -1  -1  -1  -1  -1  -1 
 51 143 241 285  -1  -1  -1  -1  -1  -1  99  -1  -1  -1  -1  -1  -1  -1  -1 141  -1  -1  65  -1  -1  -1 
 52  -1  -1  -1  -1 185 271  -1  98  -1  -1  -1  -1  -1  -1  -1  -1 140 153  -1  -1  -1  -1  -1  -1  -1 
 53  97  -1  21  -1  -1  -1  -1 270  -1  -1  -1  -1  -1  -1 312  -1  -1  -1  -1 316  -1  -1  10  -1  -1 

r\t   0   1   2   3   4   5   6   7   8   9  10  11  12  13  14  15  16  17  18  19  20  21  22  23  24 
  0  -1 232  -1  -1  -1  -1  45  -1 160  -1  -1 242  76  -1  -1  -1  -1  -1  -1  -1  -1  -1  -1  -1  -1 
  1  -1  -1  -1  -1  -1  -1 291 262 124  -1  -1  -1 171  -1  -1  -1  -1 203  -1  89  -1  -1  -1  -1  -1 
  2  -1 155 164  -1  -1  -1 240  -1  -1  -1  -1  81 292 296 128  -1  29  -1 199  -1  -1 286  -1  -1  -1 
  3  -1  -1  13 125 215  -1   3  -1  -1  -1  -1  -1  -1  -1  -1  -1  -1 254  82  -1  -1  28  -1  -1  -1 
  4  -1  -1  36  -1  -1  -1  43  -1  78  -1   1  80  -1 280 280  -1  -1  -1  -1  -1  -1  -1  20  -1  -1 
  5  -1  -1  -1  -1  -1  -1  -1 165  -1  -1 127  -1 305  -1  -1  -1 238  -1  -1  -1  -1  -1  -1  -1  -1 
  6  -1 158  -1  -1  -1  -1  -1  -1 303  -1  -1 126 101  -1  -1  -1 298  -1 202  -1  -1  -1  -1 276  -1 
  7  -1  -1  79  -1  -1  -1 211  -1  87 150  -1 219  83  -1 173  -1  -1  -1 132  -1  -1  -1  -1  -1  -1 
  8  -1 205  -1  -1  -1  -1 133 243 152  -1 304 161  -1  -1  -1  -1  -1  -1  -1  -1  -1  -1  -1  -1  -1 
  9  -1 129  56  -1  -1  -1  -1  -1  -1  86  -1 116 201  -1  91  -1  -1  -1 259  -1  -1  -1 194  -1  -1 
 10  37 306  -1 159  -1  -1 103  -1 102  -1 218 100 236 236  -1  -1  -1  -1  -1  -1  -1 147  -1 122  -1 
 11  -1  27  33  66  -1  -1  -1  -1  -1  -1  -1  88   0  70  -1  41  -1 104 104  -1  -1  -1  77  38  -1 
 12  -1  -1  -1  -1  -1  -1  -1  -1  -1  -1  -1  -1 247 216  -1  -1  64  -1  -1  -1  -1  -1  -1  15  -1 
 13  -1 135  -1  -1  -1  -1  -1 208  25  -1  -1  -1  -1  -1  -1  -1  -1  -1 278  -1  -1  -1  -1  -1  -1 
 14  -1  -1  -1  -1  -1  -1  -1  -1  -1  -1  -1  -1  -1 248  -1  -1  -1  -1  -1  -1  -1  -1  -1  -1  -1 
 15  -1  -1  84  -1  -1  -1  -1 154  -1  -1  -1 223  -1 108  -1  -1 115  -1 253  -1  -1  -1  -1 300  -1 
 16  -1  14  -1  -1  -1  -1 117  -1 297  -1  -1  -1  -1  59  -1 174  -1 114  -1  -1  -1 198  -1  -1  -1 
 17  -1  73  -1  69  -1  -1  -1 192 192  -1  -1 212  -1  -1  -1  -1  -1  -1 234  -1  -1  -1 217  -1  -1 
 18  -1 191 196  -1  -1  -1  -1  -1  -1  -1  -1 302 168  -1  -1  -1  18 189  -1  -1  -1  -1  -1  -1  -1 
 19  -1  -1  -1  -1  -1 260 264  -1  62  -1  -1  -1 121  -1  -1  -1  -1  35 179  -1 301  -1  -1  -1  -1 
 20 265  -1  -1  -1  -1  -1  22  32  -1  -1  -1  -1 284  26  -1  -1  -1  -1  -1  -1  -1  72  -1  -1 106 
 21  -1 279  -1 113  -1  -1  -1 293 235  -1  -1  12  57  -1  -1  -1  -1  -1  -1  -1  -1  -1 214  -1  -1 
 22  -1  -1  44  -1  -1  -1  -1  -1  -1  -1  -1 287 148 148 176  -1  -1 130  -1  -1  -1  23  -1 255  -1 
 23  -1  -1 120  -1  -1  -1 210  -1  -1  -1  -1 267  -1  -1  -1  -1 110 233 145  -1  -1 290  -1 188  -1 
 24  -1 263  -1 256  -1  -1  -1  -1  -1  -1  -1 299  -1 166 170  -1  -1  -1  -1 177  42 209  -1  -1  -1 
 25  -1 249  -1  -1 169  -1  -1 175  47  -1  -1  -1  -1 123  -1  -1 282  -1  -1  -1  60  60  -1  -1  -1 
 26  -1  -1  -1  -1  85  -1  -1  -1  -1  -1  -1 246  -1  -1  -1  -1  40 167 157  -1  -1  -1  -1  -1  -1 
 27  -1 213  -1  -1  -1  -1  -1  -1  -1  -1  -1  58  -1  -1  -1 220  -1 146  16  16  -1  -1 258  71  -1 
 28  -1 131  -1  -1  67 307 261  -1  -1  -1  -1 144  -1 204 172  -1  39  -1 257  -1  -1  -1  -1  -1  -1 
 29  -1  -1 252  34  -1  -1 190 111  -1  -1  -1  -1  -1  -1 221  -1 245 277 289  -1  -1  -1  -1  -1  -1 
 30   2   2  -1  -1  -1  -1  24  17  17  -1  -1  30  19  19  19  -1  -1  -1   4   4  -1  -1  -1  -1  -1 
 31  -1  -1  -1  -1  -1  -1  -1  -1  -1  -1  -1  -1  -1  -1  -1  -1  -1  -1  -1  -1  -1  -1  31  31  31 
 32  -1  -1  68  -1  -1  -1  -1  74  -1  -1  48  48  46  46  -1  -1  -1  61  61  -1  -1  -1  63  63  63 
 33  -1  -1  -1  -1  -1  -1  -1  -1  -1  -1  -1  -1  -1  -1  -1  -1  75  75  75  -1  -1  -1  -1  -1  -1 
 34 107 107 107  -1  -1  92  92 112  -1  -1  -1  -1  90  90  -1  -1  -1  -1 118  -1  -1  -1 105 105  -1 
 35  -1  -1  -1  -1  -1  -1  -1  -1  -1  -1  -1  -1  -1  -1  -1  -1  -1  -1  -1  -1  -1 119 119 119  -1 
 36  -1  -1 151 151 151  -1  -1 162  -1  -1 136 136  -1 134 134  -1 156  -1  -1  -1  -1  -1 149 149  -1 
 37  -1  -1  -1  -1  -1  -1  -1  -1  -1  -1  -1  -1  -1  -1  -1  -1  -1  -1  -1  -1  -1 163 163 163  -1 
 38 178 178  -1 193 193  -1  -1  -1 180 180  -1 195 195 195  -1  -1  -1  -1  -1  -1  -1  -1 200 206  -1 
 39  -1  -1 207 207 207  -1  -1  -1  -1  -1  -1  -1  -1  -1  -1  -1  -1  -1  -1  -1  -1  -1  -1  -1  -1 
 40  -1  -1 239 239 239  -1 244 250 224 224  -1  -1  -1  -1  -1  -1  -1  -1 222 222  -1  -1 237 237  -1 
 41  -1  -1  -1  -1  -1  -1  -1  -1  -1  -1  -1  -1  -1  -1  -1  -1  -1  -1  -1  -1 251 251 251  -1  -1 
 42  -1 294  -1 281 281  -1  -1 283 283 283  -1  -1 266 266  -1  -1  -1 288 268 268  -1  -1  -1  -1  -1 
 43  -1  -1 295 295 295  -1  -1  -1  -1  -1  -1  -1  -1  -1  -1  -1  -1  -1  -1  -1  -1  -1  -1  -1  -1 
 44  55  -1  -1 109  -1 137 231  -1  -1  -1 187  -1  -1  -1  -1  -1  -1 184  -1  -1  -1 309  -1  -1 310 
 45 229 273  -1  -1  -1  50  -1  -1 141  98  -1  -1  -1  -1 271  -1  -1  -1  95  -1  -1  -1  -1  -1  -1 
 46  -1  -1  11  -1  -1  -1  -1  65   6   7  -1  -1  -1  -1  -1 186 312  -1  -1  -1  -1  -1  -1  -1  -1 
 47  -1  -1  -1  -1  -1  -1  -1  -1  -1  -1  -1  -1 225 230  -1   9  -1  -1  -1  -1 316  -1 285  -1  -1 
 48 140  53  -1  -1 314 185  -1  -1 272  49  -1  10  -1  -1  -1  51 197 227  -1  52  -1  -1  -1  -1  -1 
 49  -1 226  -1  21  -1   8  -1 315  93  -1  -1  -1  -1  -1  -1  99  -1 270  -1  -1  -1  -1 311  -1  -1 
 50  -1  -1  -1 313  -1 228  -1  -1  -1  -1  -1 182 139  -1  54 275 153  94  -1  -1  -1  -1  -1  -1  -1 
 51  -1  96  -1  -1  -1  -1 183  -1  -1  -1  97  -1  -1  -1  -1 138  -1 142  -1 143  -1  -1  -1  -1  -1 
 52  -1  -1 181  -1  -1 269  -1  -1  -1  -1  -1  -1  -1  -1  -1  -1  -1   5  -1  -1  -1  -1  -1  -1 241 
 53  -1  -1  -1  -1  -1  -1  -1  -1  -1  -1 274  -1  -1  -1  -1  -1  -1  -1  -1  -1  -1  -1  -1 308  -1 

r\t   0   1   2   3   4   5   6   7   8   9  10  11  12  13  14  15  16  17  18  19  20  21  22  23  24 
  0 217  -1  -1  -1  -1  -1 279  -1  -1  -1  -1  -1 132  -1  -1  -1 175  -1  78  -1  -1  36  -1 255  -1 
  1  -1  -1  -1 218  -1 221 166  -1 246  -1  -1  -1  -1  -1  -1  -1  -1  -1 190  45  -1  -1  -1  -1  -1 
  2  -1  -1  -1  -1  -1  -1  26  -1  -1  -1  -1  -1  -1  -1  -1  -1  -1  34  -1  -1  -1  -1  -1 165  -1 
  3  -1  -1  -1  25  -1  -1  -1 168  -1  -1  -1 157  -1  -1  -1  -1 256  -1 252  -1  -1  62  -1  -1 214 
  4  -1  -1  -1 259  -1  -1  -1 210 278  -1  -1  -1 123  77  -1  -1  -1  -1  -1  -1  -1  -1  -1  -1  -1 
  5  -1  -1  -1  12  -1  -1  -1  -1  -1  -1  -1  39  -1 202  -1  -1  -1 152  37 177  -1  73  -1  -1 213 
  6  -1  -1  -1  42  -1  -1 125  70 302  -1  -1 300  72 254  -1  -1  -1  16  16  -1  -1  -1  -1  -1  -1 
  7  -1  -1  69  -1  -1  -1  -1  -1  -1  -1  -1 121  -1  -1  -1  -1  -1  -1  -1  -1  -1  -1   0  -1 258 
  8  -1 303  -1 188  -1  44  64 277 292  -1  -1  38 130  -1  -1  -1  -1  -1  -1  -1  -1  -1  -1  -1  -1 
  9  -1 232  87 102  -1  -1  -1  -1  -1  -1  -1  22  -1  -1  -1  -1  -1 204 161  -1  -1  27  59  82  -1 
 10  -1 247 171 248  -1  -1  -1  -1 305  -1  -1  -1  -1  -1 219  -1  -1  -1 174  -1  -1 287 264 192 192 
 11  -1  -1  -1  -1  -1 169  -1  -1  -1 307  -1 203  -1  57  -1 282  -1  -1  -1  -1  -1  -1 191  -1  -1 
 12  -1  -1  -1  -1  -1  81  -1  -1  -1  -1  -1  -1  -1  -1  -1  -1 131 117  -1  -1  -1  -1  -1  -1  -1 
 13  -1  -1  -1  -1  -1  -1 145 242  80  -1  -1  -1 290  -1  -1  -1 199  -1  66  -1  -1 110  -1  -1  -1 
 14  -1  15 291 159  -1  -1  -1  -1  -1  -1  -1  -1 276  71  -1 262  -1  -1 135  -1 155  -1  -1  23  -1 
 15  -1 297  91 205  -1  -1  -1  -1 128  -1  -1  -1 148 148  -1  -1  28  -1  47  -1  67 198  -1  -1  -1 
 16  -1  -1  -1 114  -1  88  -1  -1 179  -1 238  -1  -1 223  -1  -1 147  -1 212  -1  -1  -1 261 150  -1 
 17  -1 115  -1  -1 127 173  13  -1  84  -1  -1  29  -1  -1  -1  -1 289  -1  -1  -1  -1  -1  -1  -1  -1 
 18  -1 101  -1  79  -1  -1  -1  -1   1  -1  -1  -1 170 284  -1  -1  18 249  -1  -1  -1  -1  -1  -1  -1 
 19  -1  -1  14 263  -1  -1 113 120  -1  -1  -1 245  -1 167 172  -1  -1  58  -1  -1  -1 209 304  -1  -1 
 20  -1  -1  -1 293  -1  -1 189  -1 194  -1 286 100  -1  -1  -1  -1  -1  -1  -1  -1  -1  -1 133 306  -1 
 21  -1  56 236 236  -1  -1  -1  -1 235  -1  -1  -1  -1 265  86  -1  -1  -1  -1  89  -1  -1 257  -1 215 
 22  -1  -1  60  60  -1  -1  -1  -1  -1  -1  -1  -1  -1 243  -1  -1  -1  -1 154  -1  -1 298  -1 108  -1 
 23  -1  -1  -1  -1  -1  -1  -1  -1  -1  -1  -1  -1  -1  85  -1  -1  -1  -1  -1  -1  -1  -1 122  -1  -1 
 24  -1  -1  41  -1  -1 301 299 296  -1  -1  -1 233 216  -1  -1 260  -1  -1  -1  -1  -1 160  -1  -1  -1 
 25  -1 144  -1  -1  -1  -1 234  -1  -1  -1  -1 146  83 116  -1  -1  -1  -1  -1  -1  -1  -1  -1  -1  -1 
 26  -1  -1  -1  -1  -1  -1 211  -1  -1  -1  -1 129 253  -1  -1  -1  43  -1  35  -1 106 240  -1  -1  -1 
 27 220  32 158  -1  -1  -1  76  -1 208  -1  -1 267 104 104  -1  -1  -1 196 124  -1  -1  -1 280 280  -1 
 28  -1 164  -1 176  -1  -1 103  -1  20  -1  -1  -1  -1 126  -1  -1 201  -1  -1  -1  -1  40  33  -1  -1 
 29  -1  -1  -1  -1  -1  -1  -1  -1  -1  -1  -1   3  -1  -1  -1  -1 111  -1  -1  -1  -1  -1  -1  -1  -1 
 30   4   4  24  -1  -1  -1  -1  30  -1  -1  -1  -1  -1  17  17  -1  -1  -1   2   2  19  19  19  -1  -1 
 31  -1  -1  -1  -1  -1  -1  -1  -1  -1  -1  -1  -1  31  31  31  -1  -1  -1  -1  -1  -1  -1  -1  -1  -1 
 32  -1  48  48  68  -1  -1  -1  63  63  63  61  61  -1  46  46  -1  -1  74  -1  -1  -1  -1  -1  -1  -1 
 33  -1  -1  -1  -1  -1  -1  -1  -1  -1  -1  -1  -1  -1  -1  -1  -1  -1  -1  -1  -1  -1  -1  75  75  75 
 34  90  90 118  -1  -1  -1  -1 107 107 107  -1  -1  92  92  -1  -1 112 105 105  -1  -1  -1  -1  -1  -1 
 35  -1  -1  -1  -1  -1  -1  -1  -1  -1  -1  -1  -1  -1  -1  -1  -1  -1  -1  -1  -1  -1  -1 119 119 119 
 36 134 134 151 151 151 136 136 149 149  -1  -1  -1 156  -1  -1  -1  -1  -1  -1  -1  -1  -1  -1 162  -1 
 37  -1  -1  -1  -1  -1  -1  -1  -1  -1  -1  -1  -1  -1  -1  -1 163 163 163  -1  -1  -1  -1  -1  -1  -1 
 38 193 193  -1  -1  -1 180 180  -1  -1  -1  -1  -1 195 195 195  -1  -1 178 178  -1  -1  -1 200 206  -1 
 39 207 207 207  -1  -1  -1  -1  -1  -1  -1  -1  -1  -1  -1  -1  -1  -1  -1  -1  -1  -1  -1  -1  -1  -1 
 40  -1  -1 244  -1  -1  -1 250  -1 222 222  -1 224 224  -1  -1  -1 239 239 239  -1  -1  -1 237 237  -1 
 41  -1  -1  -1  -1  -1  -1  -1  -1  -1  -1  -1  -1  -1  -1  -1  -1  -1  -1  -1  -1 251 251 251  -1  -1 
 42 266 266 283 283 283 268 268  -1  -1  -1  -1  -1  -1  -1  -1  -1  -1  -1 281 281  -1  -1 288 294  -1 
 43  -1  -1  -1  -1  -1  -1  -1  -1  -1  -1  -1  -1  -1  -1  -1  -1 295 295 295  -1  -1  -1  -1  -1  -1 
 44  -1  -1  -1  -1  -1   7  -1  -1  -1  -1  -1  -1  -1  -1 228 314 313  -1  -1  -1  -1  -1  -1  -1  -1 
 45  -1  -1 109 229  -1  -1  -1  -1  -1   9  -1 182  -1 139  -1  -1  -1  54  -1 269 310 153  -1  -1  -1 
 46  -1  -1 227   8  -1  -1  -1  -1 142  -1  -1 285 187  -1  -1 241  -1 226  -1  -1  -1  -1  98  -1  -1 
 47  -1  -1  -1 272  -1  -1  -1 315  -1  -1  -1 143  -1  10 271  -1  -1  11  -1 231  -1  -1  -1  -1  -1 
 48  -1 230 184  -1  -1  -1  96 197  -1  -1  -1  51  -1  -1  97  -1  -1  -1  -1  -1  -1  -1  50  -1  -1 
 49  55  -1   5  -1  -1  -1  -1  -1 270  -1  -1  -1  -1  -1  -1  -1  -1  -1  -1 137  -1  -1  -1  -1  -1 
 50  -1  -1  -1  53 311  -1 225  -1  -1 274  -1  -1  -1  -1 138  -1  -1 273  -1  -1  -1  -1  -1  -1  -1 
 51  -1  -1  -1  -1  -1  -1  -1  21  -1 140  -1  -1 275 183  -1  -1  65  95  -1  -1  -1 308  -1  -1  -1 
 52  -1 186  -1  99  -1  -1   6  -1  -1 185  -1  94  49  -1  -1  -1  -1  -1  93  -1  -1  -1 181 309 316 
 53  -1  -1 141  -1  -1  -1  52  -1  -1  -1 312  -1  -1  -1  -1  -1  -1  -1  -1  -1  -1  -1  -1  -1  -1 

r\t   0   1   2   3   4   5   6   7   8   9  10  11  12  13  14  15  16  17  18  19  20  21  22  23  24 
  0  -1  -1 292 191  -1  -1  -1 146 166 260  -1  -1 175 124  -1  -1 188  -1  -1  -1  -1 246  26  -1  -1 
  1  -1  35 196 263  -1 150  -1  -1  -1  -1  -1  -1  -1  -1  91  82 291  -1  -1  -1  -1  -1  -1 301  -1 
  2  -1 296  -1  -1  -1  -1  -1  -1  -1  -1  81  -1  -1  -1  -1  -1  -1  -1  -1  -1  -1  -1 102  83 221 
  3  -1  71 122  -1  -1 106  -1  -1  -1  -1  -1  -1  60  60  -1  -1 219  -1  -1  -1  -1  -1  -1  -1  -1 
  4  -1  -1  -1  77  -1  -1  -1  -1  -1  66  -1  20  25  -1  -1  -1 204 165  -1  -1  22  -1  -1 133  -1 
  5  -1  -1 245  -1  38  -1 279  -1 113  -1  -1 233  -1  -1  -1  -1  -1  -1 293  -1  -1  -1  -1 234 305 
  6  -1  -1  -1  -1  -1 172  -1  -1  -1  -1  -1  59  14 209  -1 304  -1  -1  -1  -1  -1  -1  -1  -1 176 
  7  -1  -1  -1  -1  -1  -1  -1  -1  -1  -1  -1 278  -1 261 127  -1  -1  -1  -1  -1  -1 111  57  -1  -1 
  8  -1  -1  -1 299 286  -1 199  -1  -1  -1  -1 189  -1  -1  -1  -1  -1 110  -1  -1  -1  -1  -1  -1  -1 
  9  -1  -1  76  40  -1  -1 179  56  -1  -1  -1  72 125  -1  -1  -1  28  -1  -1  -1  -1  -1  -1  -1  -1 
 10  -1  -1  -1  -1  -1  -1  -1  -1  -1  -1  -1  -1  44 129  -1  -1 267 297 154  -1  -1 243  -1  -1  -1 
 11  -1 232  -1  -1  -1  -1  -1 216  -1  -1  -1  -1 290 152  -1  -1  -1  -1 130  -1  -1  -1 280 280  -1 
 12  84  -1  -1 306 218  -1  88  36 145 238  -1 300 104 104  -1   3  89  -1  -1  -1  -1  -1 159 248  -1 
 13  -1  -1 126  -1  -1  -1  -1 168   0  -1  -1  -1  -1  -1  -1  -1 240  -1  -1  -1  -1  -1  -1 103   1 
 14 148 148  -1  -1  -1  -1  -1 236 236  -1  -1  -1 174  32  -1  -1  -1  -1 123  86  -1  -1 208 211  -1 
 15  -1 190  -1  39  -1  -1  -1  -1 249  -1  -1  -1  -1 235  -1  -1 287  -1  -1  -1  -1  -1  -1 298  -1 
 16  -1  64  34  -1  -1  -1  87 202  -1  18  -1 157 192 192  -1  -1 144  -1  -1  -1  -1  -1  -1  -1  -1 
 17  -1 170  -1  -1 169 173 254 128  80  -1  43 132  -1  -1 223  -1  -1  -1  -1  -1  -1 217  -1 210  -1 
 18  -1  -1  -1  -1  -1  67  -1  -1  -1  -1  -1  -1  37  79  -1  -1 160 116  -1  -1  -1  -1  15  -1  -1 
 19  -1  -1  -1  -1 302  -1 262  -1  -1  -1  -1  -1  -1 255  -1  -1  -1  -1 259  -1  -1  -1  -1  -1 215 
 20  -1 205  -1  -1  -1  -1 100 256  -1  -1  -1  -1  -1 167  -1  -1 108 164  -1  -1  -1  23  -1  58  -1 
 21  -1 121  -1 253  -1  -1  -1  -1  -1  -1  -1 147  -1  -1  -1  -1  -1  -1  -1  -1  -1  -1  -1  -1  -1 
 22  -1 276  -1  -1  -1  -1 120  -1  -1  -1  -1 252 155  -1  -1  -1  73 201  -1  -1 242  -1  -1  -1  -1 
 23  -1  12  -1  29  -1  -1  27  33  -1  -1  -1 117  85  -1  -1  -1  -1  -1 212  -1  -1  -1  -1  -1  -1 
 24  -1 161  -1  -1  -1 171  45  -1 203  -1  -1  -1 135  13  -1 177  62  -1  -1  -1  -1 289  -1 158  -1 
 25  -1  -1  -1  -1  -1  -1  -1 284  -1  -1  -1  -1 265  -1  -1  -1  41 194  -1 303  -1  -1 247 114  -1 
 26  -1  -1  16  16  -1  -1  -1  -1 277  -1  -1  -1  -1  -1  -1  -1  47  -1  -1  42  -1  -1  -1 264  -1 
 27  -1  -1  -1  -1  -1  -1 257  -1  -1  -1  -1  -1  -1  -1  -1  -1  -1  -1  -1  -1  -1 282  -1  -1  -1 
 28  -1  -1 213  -1  -1  -1 131  69  -1  -1 220  -1  -1  -1  -1  -1 307  -1  -1  -1  -1  -1 115  78  -1 
 29  -1 101  -1  -1 214  -1  70  -1  -1 258  -1  -1  -1  -1  -1  -1  -1  -1 198  -1  -1  -1  -1  -1  -1 
 30  -1   2   2  -1  -1  -1  19  19  19  -1  -1  24   4   4  -1  -1  -1  17  17  -1  -1  30  -1  -1  -1 
 31  -1  -1  -1  -1  -1  -1  -1  -1  -1  -1  -1  -1  -1  -1  -1  -1  -1  31  31  31  -1  -1  -1  -1  -1 
 32  -1  -1  63  63  63  -1  -1  48  48  -1  -1  -1  -1  68  -1  -1  -1  61  61  -1  -1  74  -1  46  46 
 33  -1  -1  -1  -1  -1  -1  -1  -1  -1  -1  -1  -1  -1  -1  -1  -1  -1  75  75  75  -1  -1  -1  -1  -1 
 34  -1  -1 105 105  -1  -1  -1 107 107 107  92  92 112  -1  -1  -1  -1  -1  -1  -1  -1 118  -1  90  90 
 35  -1  -1 119 119 119  -1  -1  -1  -1  -1  -1  -1  -1  -1  -1  -1  -1  -1  -1  -1  -1  -1  -1  -1  -1 
 36  -1  -1  -1 149 149  -1 136 136  -1  -1  -1  -1 156  -1  -1 134 134  -1 162  -1 151 151 151  -1  -1 
 37  -1  -1 163 163 163  -1  -1  -1  -1  -1  -1  -1  -1  -1  -1  -1  -1  -1  -1  -1  -1  -1  -1  -1  -1 
 38 178 178  -1  -1  -1  -1  -1 195 195 195  -1 200 206 180 180  -1  -1  -1  -1  -1  -1  -1 193 193  -1 
 39  -1  -1 207 207 207  -1  -1  -1  -1  -1  -1  -1  -1  -1  -1  -1  -1  -1  -1  -1  -1  -1  -1  -1  -1 
 40  -1 250 239 239 239  -1  -1 222 222  -1  -1  -1 244  -1  -1  -1  -1 237 237  -1  -1  -1 224 224  -1 
 41  -1  -1  -1  -1  -1  -1  -1  -1  -1  -1  -1  -1  -1  -1  -1  -1 251 251 251  -1  -1  -1  -1  -1  -1 
 42  -1 266 266  -1  -1  -1  -1  -1 294  -1 268 268  -1 281 281  -1  -1 283 283 283  -1 288  -1  -1  -1 
 43  -1  -1  -1  -1  -1 295 295 295  -1  -1  -1  -1  -1  -1  -1  -1  -1  -1  -1  -1  -1  -1  -1  -1  -1 
 44  -1  -1  -1  -1  -1  -1  -1  -1  -1  -1  -1  -1  -1 230   9  -1  10  -1 109  -1  -1 197  -1  -1  -1 
 45  97  -1  -1  -1  -1  -1  -1  -1  -1  -1  55   5  -1  -1  -1 269  -1  -1  -1  -1  -1  -1  51   6 137 
 46  -1 226  -1  -1  -1  -1  -1  -1  -1 312   8 186 228  -1 143  -1  -1  -1  -1  -1  -1  -1  -1  -1  -1 
 47  -1  -1  -1 285  -1  -1  -1  -1 142  -1 185 227  -1  95  -1  -1  -1 313 308  -1  -1  -1   7  -1  -1 
 48 229  -1  -1  -1  -1  -1  -1  -1  -1  -1  -1  -1  98  -1  -1  54  -1 153  -1  -1 311 315  93  -1  -1 
 49  50  -1  -1  -1 310  -1  -1  -1  -1  -1  -1  -1 187 273  -1 231 181  -1  -1  -1  -1  -1  -1  -1  -1 
 50 274 141  -1  -1  -1  -1  -1 184 272  -1 138  53  -1  -1  -1  99  -1  -1  -1 314  -1  -1 182  -1 275 
 51 140  49  -1 309  -1 316  -1  -1  -1  -1  -1  -1  -1  52 271  -1  -1  -1  -1  -1  -1  -1  -1  -1  -1 
 52  11  -1  -1  -1  -1  -1  -1  -1  94  -1  -1  -1  -1 139 241  21  -1  -1  -1  -1  -1  65  -1 183  -1 
 53  -1  96  -1  -1  -1  -1 225  -1  -1  -1  -1  -1  -1  -1  -1  -1  -1  -1  -1  -1  -1  -1 270  -1  -1 

r\t   0   1   2   3   4   5   6   7   8   9  10  11  12  13  14  15  16  17  18  19  20  21  22  23  24 
  0  -1  -1  -1 218  -1  -1  -1  -1  -1  -1  -1 190  -1  -1  -1  -1  -1  -1  -1  -1  -1  -1 191  -1  -1 
  1  -1 255  -1  -1  -1  -1  -1 120  88  44  -1 240  -1  -1 176 260 258 164  -1  -1  -1  -1  -1  -1  -1 
  2  -1  -1  -1  -1  -1 133  -1  -1  -1  -1  -1  -1  -1 117  -1  -1  73 172  -1  -1  -1  -1  -1  -1  -1 
  3  -1  -1 148 148  -1  -1  23  -1  -1  -1  -1 135  14 157   1  16  16  -1  -1  -1  -1  57  -1  -1  -1 
  4  -1  -1  -1  -1  -1  -1  -1  -1  -1  -1 280 280  -1  -1  -1  91  -1  -1 199  -1  12 242  -1  -1  -1 
  5  38 111  -1  -1  -1 129  -1  -1  84  -1  -1  26  -1  -1  -1  -1  82  -1  -1  -1  -1 282  -1 214  -1 
  6  -1  -1 161  -1  -1  -1  -1 252 232  -1  -1  85  -1  -1  -1  -1  58  -1  -1  -1  -1  -1  -1  -1  -1 
  7  -1 300 290 276  -1  -1  37  -1 160  -1 131  -1  -1 188  -1  -1 144  -1  -1  -1  -1  72  -1 248  -1 
  8  -1 201 192 192  -1  -1  -1  -1  15  -1  -1 124  -1 254  -1  -1 203  -1  -1  -1  -1  -1 171  -1 175 
  9  -1 168  -1 103  -1  -1  -1  22  34 307  -1  -1 236 236  -1  -1 235  -1 121  -1  -1 247  -1  -1  -1 
 10  41  -1  -1 114  -1 262 287  -1 152  -1  -1  -1  -1  -1 263  -1  -1  -1  -1  -1  40  -1  -1  -1  -1 
 11  -1  -1 115  -1  -1  -1  -1 216 279  -1  -1  -1  70  -1  -1  -1  -1 177  -1  -1  -1  -1  -1  -1  -1 
 12  -1  -1 267  -1  -1  -1  -1  -1  -1  -1  -1  80 296 292  -1  -1 291 123  -1  -1  -1  -1  -1  -1 221 
 13  -1 113  -1 215  -1  -1  -1  -1  69  -1  86  -1 104 104  -1  -1  28  -1  20  -1 219  -1  -1  71  -1 
 14  -1  -1 286  66  -1  -1 212  -1  56  -1  -1 210 145  -1 305  -1 189  81 297  -1  -1 147  -1  -1  -1 
 15  -1  -1   0  87  -1  -1  -1  -1  -1  -1  -1  89  -1  -1 304  -1 101  -1  -1  39  -1  33 238  -1  -1 
 16  -1  -1  -1  -1  -1  -1  -1  79  -1  -1  -1  -1  -1  -1  -1  -1  -1  -1 202  -1  -1 106  -1  -1  -1 
 17  -1  -1  45  -1  -1  -1  67 154 256  -1  -1  -1  -1  -1  -1 126  -1  42  -1  -1  -1  -1  -1  -1  -1 
 18  -1 155  -1  -1  -1  -1  -1  -1  -1  -1  -1 167  -1   3  -1  -1 116 293  43  -1  -1  -1  -1 196  -1 
 19  -1 198  -1 205 169  -1  -1  -1  -1  -1  -1 108  -1 264  -1  -1  -1  -1 110  -1  -1  -1 303 298  -1 
 20  -1  -1  -1 213  -1  -1  -1  35  -1  -1  -1  -1  -1  18  -1  -1 159  -1  -1  -1  -1  -1 246 277  -1 
 21 173  -1  -1  78  -1  -1  -1  62  -1  -1  -1 299  -1  -1  -1  -1  -1  -1 158  -1  -1  -1  -1  -1  -1 
 22  -1  -1  25 166  -1  -1  -1  -1  -1  -1  -1 259 132  -1  -1  -1  -1  -1  -1  -1  -1 122  -1  -1  -1 
 23  -1  -1  -1  -1  -1  -1  -1  -1 208  -1  -1 150  -1  -1  -1 301  -1  -1  -1  -1  -1  -1 289  -1  -1 
 24  -1  -1  64  47  -1  -1  29  -1  -1  -1  -1  13  60  60  -1  -1  -1 100  -1  -1  -1  -1  -1 209  -1 
 25  -1  -1  -1  -1  -1  -1  -1  -1  -1  -1  -1  59 245 146  -1  -1  -1 306  -1  -1  -1  -1  -1  -1  -1 
 26  -1 243 170  -1  -1  -1  -1  -1  -1  -1  -1  -1  -1  -1  -1 220 223 125  -1  -1  -1  36 278  -1  -1 
 27 265  -1  -1  -1  -1  -1 249  -1  -1  -1  -1 211 217  -1 261 127 257  -1  -1  -1  -1  -1  77  -1  -1 
 28  -1  -1  -1  32  -1 302 165 204 128  -1  -1  -1 194  76  -1 130  -1  -1  -1  -1  -1  -1  27  -1  -1 
 29  -1  -1 102  -1  -1  -1  -1 284 174  -1  -1 253 179  -1  -1  -1  -1 233  -1  83  -1  -1  -1 234  -1 
 30  -1  24  17  17  -1  -1  -1  -1   4   4  -1  -1  30  -1  -1   2   2  -1  -1  -1  -1  19  19  19  -1 
 31  -1  -1  -1  -1  -1  -1  -1  -1  -1  -1  -1  -1  -1  -1  -1  -1  -1  31  31  31  -1  -1  -1  -1  -1 
 32  -1  74  -1  -1  -1  -1  68  -1  -1  -1  -1  48  48  46  46  -1  -1  61  61  -1  -1  -1  63  63  63 
 33  -1  -1  -1  -1  -1  -1  -1  -1  -1  -1  -1  -1  -1  -1  -1  -1  -1  75  75  75  -1  -1  -1  -1  -1 
 34  -1  -1  90  90  -1  -1 118 107 107 107  -1  -1 112  92  92  -1  -1  -1  -1  -1  -1  -1 105 105  -1 
 35  -1  -1  -1  -1  -1  -1  -1  -1  -1  -1  -1  -1  -1  -1  -1  -1  -1  -1  -1  -1  -1  -1 119 119 119 
 36  -1  -1  -1 134 134  -1  -1 162  -1  -1  -1  -1 156  -1  -1 136 136 151 151 151  -1  -1 149 149  -1 
 37  -1  -1  -1  -1  -1  -1  -1  -1  -1  -1  -1  -1  -1  -1  -1  -1  -1  -1  -1  -1  -1 163 163 163  -1 
 38  -1  -1 206 180 180  -1 195 195 195  -1  -1  -1 200  -1  -1  -1  -1  -1  -1  -1 193 193  -1 178 178 
 39  -1  -1  -1  -1  -1  -1  -1  -1  -1  -1  -1  -1  -1  -1  -1  -1  -1  -1  -1  -1 207 207 207  -1  -1 
 40  -1  -1 237 237  -1 239 239 239 224 224  -1  -1  -1 222 222  -1 244  -1 250  -1  -1  -1  -1  -1  -1 
 41  -1  -1 251 251 251  -1  -1  -1  -1  -1  -1  -1  -1  -1  -1  -1  -1  -1  -1  -1  -1  -1  -1  -1  -1 
 42  -1  -1  -1 266 266  -1 294  -1  -1  -1  -1  -1 281 281  -1  -1  -1 283 283 283  -1 288  -1 268 268 
 43  -1  -1  -1  -1  -1  -1  -1 295 295 295  -1  -1  -1  -1  -1  -1  -1  -1  -1  -1  -1  -1  -1  -1  -1 
 44  -1 285  -1  -1  54  55 315  -1  -1 182  -1 187  -1 184  -1  -1  52 231 309 310  -1  -1  -1  -1  -1 
 45  -1  -1  -1  -1  -1 183  -1  -1  -1  -1  -1 227  10  -1  -1 273  -1  -1  -1  -1  -1  -1 314  -1  -1 
 46 140  -1  -1   5  -1 274 109  -1  -1  -1  -1  -1  -1  -1 138  -1  -1  -1  -1  -1  -1 313  -1  96  -1 
 47  -1  65 185  -1   7  -1  -1  -1  -1  -1  -1 275  -1  -1  -1  -1  -1  -1  -1  -1  -1  -1  -1  -1  -1 
 48  99 311  -1  -1  -1  -1  -1  -1 272  -1  -1  -1 225  -1  -1  -1  -1  -1  -1 197  -1  -1  -1  -1   8 
 49  -1  -1  -1  -1  93  97 153 308  -1  -1 312  -1  -1 137  -1 186  -1  -1  -1  -1  -1  -1  -1 228  -1 
 50  49  -1 230  -1  -1   9  -1  -1 142  -1  -1  -1  94  -1  -1  -1  98  -1 241  -1  -1  -1  -1  -1  -1 
 51 229  -1  -1 226  -1  -1  -1  -1  51  -1  -1  -1  -1  -1  -1  -1  -1  -1  -1  -1 316  -1  -1  -1  -1 
 52  -1  -1  -1  -1  -1  -1  -1  -1  -1 143  -1  -1  -1  -1 271  50 270  95  -1  -1  -1  -1  -1  -1 141 
 53  11  21 139  -1  -1  -1  -1  -1  -1  -1  -1   6 269  -1  -1  -1 181  -1  -1  -1  -1  -1  -1  53  -1 

