317
2 23
16 14
10 30
22 17
18 30
12 45
1 53
4 51
23 50
15 53
6 52
9 49
23 0
12 1
11 16
6 29
18 3
7 30
22 1
1 30
16 13
21 51
13 3
17 21
17 30
12 2
16 25
2 7
18 26
22 12
13 30
6 31
11 24
1 23
21 19
23 3
1 6
2 28
21 7
6 27
12 6
1 11
19 13
12 23
22 19
19 24
3 32
18 0
10 32
16 44
12 48
1 47
7 46
23 46
15 48
9 45
22 3
3 18
23 7
1 26
15 24
13 32
21 9
6 32
12 25
2 44
17 2
18 11
22 32
6 15
7 18
1 28
21 20
11 12
16 32
12 33
2 1
3 0
17 5
23 1
8 14
0 21
24 23
11 5
4 0
0 3
10 17
13 20
3 28
4 11
22 34
9 13
11 34
18 46
2 45
7 51
16 50
15 50
10 53
6 44
23 19
16 10
12 17
11 20
7 3
17 34
24 8
1 34
6 6
0 51
13 24
21 27
7 34
3 20
11 18
12 10
23 21
2 5
13 34
17 35
8 28
22 27
18 27
21 14
1 7
6 11
8 17
19 15
22 24
11 9
23 26
11 10
9 17
4 24
2 36
6 9
10 36
12 44
15 45
18 50
1 46
23 49
7 50
19 48
11 21
12 24
3 8
16 1
7 26
17 36
14 25
21 36
1 22
0 48
13 15
6 7
1 36
3 1
23 20
22 14
11 14
8 9
12 36
16 37
21 22
12 8
6 25
2 9
7 27
18 19
10 1
17 20
7 19
6 13
6 14
1 18
4 2
19 12
22 38
18 29
6 38
1 52
3 53
16 53
12 47
15 49
10 46
9 50
23 17
6 1
22 9
13 12
17 24
15 38
21 11
0 38
12 20
5 48
14 21
8 18
8 38
23 4
18 22
17 0
1 14
22 23
21 38
11 39
2 21
6 24
7 14
7 15
3 15
6 21
20 21
23 14
5 15
23 18
11 23
21 25
9 22
23 28
18 40
1 15
6 40
4 53
11 52
16 47
22 47
10 51
3 45
2 51
18 14
6 12
22 7
7 8
2 13
12 40
1 16
15 40
11 25
20 46
21 28
8 5
1 40
6 18
23 13
17 27
16 5
21 6
8 40
12 41
2 0
18 16
7 0
3 22
11 13
3 11
10 4
6 2
16 16
18 17
17 13
22 18
23 29
4 6
6 42
3 21
15 42
18 52
11 50
19 47
2 52
10 44
9 52
22 53
2 4
6 0
7 20
11 27
15 2
12 42
8 25
22 42
18 28
3 47
1 2
17 14
18 42
6 26
2 3
16 12
22 16
7 28
11 42
12 43
23 16
17 1
8 1
21 13
3 4
12 29
14 23
18 6
19 23
11 19
22 28
5 20
8 51
13 51
14 46
0 49
5 50
21 46
20 52
17 50
24 51

