317
3 21
8 2
11 30
7 25
20 30
18 50
17 46
4 52
0 49
5 49
16 45
6 44
16 6
11 1
21 29
6 18
2 8
23 30
10 14
17 30
8 3
13 50
7 6
1 19
2 30
3 11
8 21
18 26
21 25
13 16
7 30
22 31
1 3
17 20
11 0
12 19
18 24
10 24
1 9
4 19
18 21
13 27
12 26
12 20
17 0
0 19
3 32
6 17
7 32
11 45
20 47
16 46
12 44
24 46
5 46
19 44
12 11
7 19
11 16
8 29
3 3
22 32
13 25
16 32
21 10
6 52
1 14
2 5
6 32
3 15
2 15
11 8
7 22
17 10
12 32
21 33
16 29
18 7
13 23
8 15
1 10
11 20
10 8
15 3
16 9
16 21
14 17
6 20
11 9
19 21
7 34
20 15
17 34
24 44
16 53
21 51
0 53
4 49
6 51
5 52
21 21
16 25
18 15
11 11
7 13
2 34
20 9
12 34
17 21
10 51
23 22
22 14
22 34
13 28
18 5
16 15
8 12
21 5
23 34
1 35
11 24
6 5
2 11
7 10
17 15
13 1
5 12
14 27
5 28
6 24
0 4
24 28
4 11
3 6
5 36
11 29
20 36
17 53
18 45
12 46
0 48
7 53
16 44
24 48
16 8
12 7
13 29
21 9
22 13
18 36
11 15
7 36
3 9
15 51
1 17
2 26
22 36
23 10
6 22
7 8
1 4
16 5
2 36
17 37
8 4
2 4
12 3
21 7
13 22
17 14
22 7
23 14
5 1
19 28
4 29
5 6
5 21
19 15
3 38
8 11
20 38
17 50
12 50
18 44
7 49
0 47
6 50
16 50
3 23
7 5
16 18
6 10
17 13
22 38
2 27
10 38
21 24
8 46
1 20
13 15
6 38
13 10
17 27
16 19
12 28
21 18
8 38
22 39
2 13
7 26
3 20
1 23
11 17
6 7
3 4
5 5
14 11
0 27
17 9
6 4
0 12
21 16
18 40
20 26
7 40
24 52
11 51
3 49
5 45
4 51
16 52
6 49
6 2
11 2
3 2
18 28
7 23
15 40
2 18
12 40
21 26
22 44
1 7
23 16
23 40
2 21
11 6
13 7
12 17
22 18
6 40
15 41
7 2
8 14
3 0
18 27
21 0
18 11
1 15
6 29
4 12
14 14
1 12
7 7
16 11
24 15
7 42
6 13
11 42
20 48
3 44
5 50
17 44
21 44
4 44
18 49
3 25
7 9
8 5
2 25
10 12
20 42
13 9
17 42
1 25
23 48
6 3
22 9
13 42
1 8
21 19
6 26
8 27
17 6
22 42
0 43
11 14
7 18
3 18
12 22
16 12
12 4
6 15
17 24
10 20
19 7
7 15
15 22
1 50
13 48
14 50
15 53
22 53
23 52
9 52
2 53
10 46

