317
23 28
14 18
8 30
1 21
3 30
24 48
6 47
19 50
15 48
0 52
11 50
7 50
3 25
8 3
7 24
6 12
12 17
17 30
2 14
21 30
16 20
1 52
5 0
10 29
11 30
8 21
13 6
21 2
12 14
2 17
6 30
16 31
7 6
22 1
1 19
3 28
22 8
20 27
2 21
8 12
7 25
21 21
6 28
1 24
4 11
3 14
8 32
11 20
22 32
1 51
24 52
7 53
19 53
2 51
14 49
6 52
6 4
7 7
8 20
16 21
22 21
17 32
12 22
0 32
3 15
13 48
21 24
11 22
13 32
11 16
3 17
21 18
23 22
18 2
7 32
15 33
2 6
22 27
6 25
13 3
1 20
7 26
8 0
10 6
21 4
14 29
16 15
20 10
23 20
19 28
8 34
14 1
1 34
7 46
11 45
15 51
22 46
4 50
3 44
0 48
13 14
2 16
1 16
11 25
17 4
5 34
20 22
22 34
3 9
21 50
16 5
12 9
17 34
13 2
2 7
1 13
23 12
18 27
3 34
5 35
11 10
22 17
8 23
21 6
16 9
13 13
5 3
11 7
2 1
2 19
10 18
2 26
14 21
7 11
23 36
2 29
0 36
3 47
4 47
8 52
6 44
22 50
15 52
9 46
3 8
22 22
23 6
8 10
0 4
17 36
21 20
11 36
7 14
16 49
2 3
5 13
21 36
23 15
13 0
11 11
8 11
16 6
6 36
17 37
12 29
6 14
1 27
22 5
2 28
0 23
24 1
22 23
3 16
24 2
1 3
12 7
4 13
19 20
6 38
1 6
8 38
11 47
23 53
14 44
3 46
0 50
15 47
2 49
7 22
6 21
8 6
11 23
2 11
17 38
13 27
22 38
12 6
16 44
1 15
21 23
16 38
3 27
21 29
22 3
18 9
2 12
1 38
10 39
6 6
13 25
7 2
8 1
17 21
22 10
5 17
21 12
24 13
1 11
17 29
12 5
4 6
14 10
1 40
0 26
23 40
3 50
6 46
15 46
22 53
19 48
8 53
11 52
1 8
23 10
2 27
3 4
10 4
7 40
13 12
16 40
6 23
20 47
12 18
21 3
21 40
2 20
11 29
16 11
17 15
12 8
3 40
7 41
22 26
18 1
1 12
23 11
6 29
2 23
3 29
23 24
3 0
24 0
9 22
15 28
2 15
15 16
0 42
3 5
8 42
19 49
23 52
4 52
22 47
14 46
7 45
6 53
17 5
2 13
1 23
11 0
7 27
12 42
3 24
22 42
6 2
16 45
18 13
21 0
16 42
12 1
17 2
22 19
2 0
7 21
18 42
11 43
1 28
21 8
6 3
3 26
8 25
21 25
2 4
13 1
7 19
10 0
4 3
1 2
18 49
21 46
20 53
17 51
16 48
12 51
13 50
5 48
10 49

