317
22 14
14 11
16 30
11 9
3 30
8 46
18 45
5 51
6 44
19 48
21 46
15 45
23 4
17 20
16 14
18 20
0 16
7 30
2 2
20 30
6 26
12 48
11 11
13 18
11 30
12 4
13 22
21 14
6 23
3 7
18 30
7 31
16 0
23 11
17 14
1 11
21 23
15 11
16 23
0 11
15 15
1 3
19 0
17 9
7 27
15 16
3 32
8 15
20 32
5 49
17 53
18 52
11 49
6 47
16 49
19 46
17 29
3 25
18 1
16 17
20 22
5 32
8 21
12 32
11 7
2 51
1 0
10 12
17 32
3 16
16 22
21 9
13 26
2 29
7 32
22 33
12 26
11 21
6 3
1 18
18 4
13 29
6 29
20 0
0 2
12 27
13 4
23 5
11 5
7 2
18 34
15 5
5 34
22 44
8 44
21 47
3 52
20 53
16 46
17 45
22 16
21 10
8 5
11 4
17 10
2 34
9 11
12 34
7 28
10 52
23 29
1 5
8 34
13 15
18 21
17 0
23 3
6 27
16 34
2 35
11 0
22 19
2 21
21 15
7 13
15 27
18 23
4 9
21 24
19 24
9 10
22 6
20 4
7 22
5 36
4 4
17 36
16 50
15 44
8 49
3 53
21 52
11 52
14 47
16 19
6 10
8 23
1 26
17 8
2 36
4 12
22 36
11 23
9 47
13 6
12 0
13 36
12 2
6 22
16 27
23 13
3 29
21 36
0 37
18 16
21 8
17 11
11 6
8 25
23 17
2 12
10 29
22 22
16 10
17 3
19 16
14 7
6 28
18 38
8 17
20 38
16 53
11 45
22 45
7 44
4 48
5 46
3 50
3 6
22 29
21 17
18 12
7 24
15 38
2 22
10 38
17 2
13 49
1 23
23 12
8 38
23 20
13 21
2 13
11 28
18 0
3 38
15 39
1 6
21 20
7 6
7 16
22 4
24 9
22 0
1 10
11 12
23 24
13 8
3 20
5 17
14 8
17 40
4 21
15 40
19 53
11 46
8 48
22 49
6 45
3 48
21 50
18 19
24 18
16 4
22 28
10 25
2 40
13 20
6 40
17 15
23 45
12 21
1 13
23 40
3 5
11 10
13 16
12 10
8 28
1 40
20 41
18 5
6 11
2 14
17 25
7 20
24 29
18 14
20 6
2 23
24 21
0 7
22 12
16 13
20 26
18 42
21 5
7 42
22 46
11 44
15 46
4 50
6 50
17 48
5 52
22 1
16 6
18 6
17 17
7 10
12 42
23 8
1 42
11 1
24 50
21 19
9 7
23 42
12 25
22 26
3 23
8 11
16 25
11 42
12 43
7 17
2 8
17 16
6 17
18 25
6 15
13 24
12 19
17 7
5 9
2 16
23 22
13 53
1 49
9 49
10 46
2 53
23 53
24 53
12 45
0 52

