317
6 17
4 29
10 30
16 21
23 30
22 48
5 46
18 45
0 46
20 47
3 44
17 44
6 14
11 6
3 16
12 2
23 28
18 30
21 12
7 30
13 3
2 48
16 4
1 24
6 30
8 0
3 19
23 19
11 2
17 23
1 30
12 31
7 29
22 0
21 9
18 8
23 14
6 4
20 13
18 15
9 8
14 19
7 3
10 6
6 26
0 26
22 32
20 6
10 32
15 47
4 45
8 45
16 53
3 46
24 44
5 50
23 23
16 8
8 12
22 27
2 3
12 32
21 27
17 32
11 16
7 51
1 8
9 20
7 32
21 7
11 22
6 6
8 27
22 17
2 32
12 33
18 26
6 21
3 20
23 27
17 28
16 14
21 26
22 19
7 2
13 1
14 13
1 29
3 24
4 9
15 34
24 15
10 34
17 53
22 46
5 49
6 46
20 45
0 53
23 51
6 29
16 3
11 29
18 25
22 25
2 34
12 15
7 34
17 18
1 46
21 20
13 27
21 34
6 27
11 28
12 22
3 7
22 18
13 34
17 35
8 8
7 13
17 3
2 12
23 20
22 10
14 9
14 25
6 19
19 7
21 25
14 17
16 6
23 12
17 36
11 3
5 36
22 49
24 50
4 44
10 45
3 53
8 53
15 50
16 18
8 3
6 13
1 15
17 10
3 36
11 13
20 36
2 23
7 48
13 26
12 19
7 36
8 18
22 3
11 27
18 24
3 17
16 36
0 37
12 26
16 29
13 25
6 15
23 7
8 5
11 4
12 23
12 3
18 28
4 13
11 10
15 22
3 4
10 38
16 9
23 38
8 47
18 52
17 47
6 47
4 47
0 44
5 47
6 3
23 9
8 21
22 2
17 7
20 38
7 0
12 38
3 27
1 52
16 22
2 6
17 38
12 10
1 22
2 8
11 12
16 13
18 38
20 39
8 11
23 22
7 21
7 26
13 21
9 29
20 24
18 5
17 2
19 2
13 7
11 1
16 27
24 23
5 40
15 24
22 40
17 50
3 51
8 48
10 46
4 46
18 44
11 51
8 20
22 15
6 0
13 4
15 0
17 40
14 7
0 40
12 24
20 50
7 27
21 3
21 40
17 14
8 29
6 28
7 7
1 0
16 40
11 41
2 14
18 0
23 18
22 26
3 13
15 21
11 9
14 1
7 15
14 11
16 2
2 10
3 5
20 27
17 42
16 12
10 42
6 53
22 47
15 48
23 45
8 49
5 53
4 49
18 18
11 17
12 29
17 9
7 14
22 42
21 29
0 42
6 9
16 52
13 17
9 28
8 42
16 17
2 2
7 8
13 8
18 23
3 42
22 43
12 21
6 7
17 1
11 11
21 2
8 17
12 25
2 9
18 14
16 7
22 22
10 10
7 50
2 46
19 49
1 44
9 52
13 52
12 49
21 49
14 50

