317
18 17
6 22
13 30
23 6
11 30
3 49
17 53
22 44
0 47
19 47
7 52
21 51
22 13
12 28
13 6
11 9
17 24
7 30
16 11
2 30
6 20
23 45
20 1
1 19
21 30
2 9
3 20
17 29
23 21
13 0
1 30
7 31
16 2
22 9
18 3
11 14
17 6
14 27
14 8
14 1
0 14
24 14
21 3
1 24
18 26
19 12
13 32
21 8
3 32
17 47
0 53
8 50
23 53
7 44
12 51
11 50
3 14
17 17
18 6
11 10
12 15
7 32
21 23
22 32
6 24
16 53
2 15
1 7
16 32
21 21
23 11
1 12
17 0
12 16
2 32
6 33
13 21
11 15
3 24
18 22
22 20
5 14
2 29
11 1
21 4
21 2
12 24
22 5
17 12
4 21
7 34
11 12
21 34
3 47
13 44
12 46
18 52
0 49
23 46
6 50
3 26
22 23
21 18
6 12
7 25
12 34
16 8
17 34
23 4
11 48
1 25
2 3
1 34
7 15
18 1
17 3
22 12
2 23
16 34
12 35
8 17
21 6
11 0
23 13
3 13
19 25
11 11
10 28
23 9
10 26
6 10
8 15
7 22
6 25
17 36
11 20
12 36
8 44
19 49
4 52
14 45
22 50
21 52
0 52
17 9
13 11
12 0
2 2
7 19
3 36
9 29
22 36
1 29
11 49
16 15
15 28
11 36
13 23
17 27
23 25
18 10
7 1
21 36
1 37
22 4
21 27
8 26
12 19
6 9
23 26
15 14
17 1
22 3
1 13
17 14
16 3
0 23
19 19
3 38
18 14
13 38
11 53
8 46
17 49
21 44
12 48
23 48
6 44
21 26
3 6
17 7
11 2
12 10
7 38
2 4
22 38
6 0
1 52
16 24
18 5
11 38
3 12
18 29
16 21
21 28
6 5
1 38
7 39
22 25
2 1
13 12
13 2
23 1
14 9
7 12
5 25
3 2
24 25
1 16
17 22
4 26
3 1
18 40
11 25
22 40
17 50
13 50
7 47
21 45
0 48
6 53
12 47
21 29
6 27
17 26
18 16
22 2
7 40
2 22
12 40
3 15
11 47
16 19
1 11
21 40
18 19
3 23
13 28
11 29
2 13
16 40
7 41
23 8
12 5
17 16
22 18
6 14
9 25
18 21
16 22
21 5
21 9
15 17
23 20
23 15
0 26
18 42
8 22
13 42
11 45
21 53
12 52
6 49
3 48
17 44
7 46
18 23
7 27
6 2
11 23
12 17
3 42
8 14
22 42
17 2
16 49
15 4
1 21
12 42
13 9
18 9
23 22
6 29
22 0
16 42
2 43
8 11
21 24
11 6
7 8
1 4
12 6
12 14
20 0
24 15
20 8
1 0
14 28
9 46
24 50
20 44
5 45
10 48
2 52
1 50
16 50
15 44

