317
3 12
18 10
15 30
22 9
8 30
21 46
4 44
20 53
6 44
5 46
11 48
19 44
3 3
16 1
11 20
12 13
20 4
5 30
22 10
0 30
18 15
17 52
7 0
23 11
7 30
8 4
16 3
1 28
11 29
23 5
17 30
12 31
6 8
2 8
22 25
21 7
3 8
1 14
21 27
4 22
0 15
0 27
8 15
12 27
6 20
8 18
15 32
11 0
21 32
2 50
20 46
18 46
1 53
3 45
9 53
5 53
9 2
1 26
6 12
21 16
22 13
17 32
13 0
2 32
16 24
12 53
7 7
11 24
13 32
7 4
6 26
3 21
12 12
16 21
23 32
17 33
2 6
3 27
22 23
13 15
8 3
15 15
11 3
2 14
22 24
3 0
17 0
15 26
3 11
19 11
20 34
16 0
5 34
11 52
18 53
1 50
2 48
9 46
8 49
15 50
6 3
8 8
18 21
21 12
2 5
13 34
17 18
22 34
1 2
10 49
7 21
16 9
17 34
23 17
1 29
3 17
7 23
18 8
2 34
12 35
22 8
6 27
11 1
8 29
16 11
14 0
14 6
9 21
21 1
21 6
18 29
1 23
2 22
6 17
21 36
1 12
18 36
3 48
4 48
5 44
15 51
11 51
16 51
20 44
2 28
18 5
16 15
1 22
20 20
3 36
23 21
7 36
12 17
17 48
13 18
14 26
2 36
17 13
6 29
8 12
3 14
13 3
23 36
10 37
22 29
21 24
16 12
18 20
1 8
12 11
19 4
1 20
24 16
12 29
3 9
19 15
5 5
15 2
3 38
8 16
20 38
2 53
1 44
22 47
16 50
9 50
6 50
11 50
16 16
6 13
2 27
22 12
20 11
17 38
7 8
11 38
1 9
8 46
23 3
0 11
7 38
2 17
13 16
11 8
3 4
16 2
6 38
17 39
23 25
8 6
22 3
21 18
1 4
14 13
1 10
11 27
11 11
22 4
3 13
1 11
4 29
20 29
5 40
1 3
21 40
9 48
18 51
3 51
11 47
2 47
19 52
8 50
18 0
6 10
21 29
13 20
7 5
2 40
24 29
15 40
11 23
10 45
23 1
1 27
1 40
23 14
18 13
17 16
16 7
2 21
7 40
12 41
8 1
21 28
3 18
11 22
6 14
10 16
4 4
10 28
2 2
14 18
0 6
2 13
11 10
20 7
5 42
3 20
18 42
1 46
16 47
4 52
21 50
8 47
15 49
2 46
1 6
16 8
11 9
21 0
17 17
23 42
13 26
7 42
2 1
12 48
0 7
3 10
11 42
23 16
12 3
2 23
18 24
8 10
13 42
22 43
16 13
3 23
21 19
17 15
7 9
9 1
14 29
1 7
12 4
19 16
10 3
13 25
13 51
24 45
10 44
23 50
0 49
7 45
12 52
17 45
14 49

