317
13 1
14 8
17 30
16 20
1 30
23 48
9 46
24 52
10 52
4 52
3 52
15 49
3 4
0 5
1 21
2 21
17 27
22 30
16 28
11 30
21 14
6 44
7 10
8 28
3 30
2 29
7 17
11 26
23 29
17 1
6 30
20 31
1 29
12 8
8 10
18 11
13 6
2 17
9 14
19 5
7 26
0 27
11 23
4 24
11 1
15 6
13 32
23 14
2 32
24 47
4 47
1 51
16 48
18 49
10 48
12 47
1 3
11 16
3 29
2 2
12 14
17 32
6 3
7 32
16 5
23 44
22 10
21 8
21 32
1 0
16 8
7 1
23 0
3 21
11 32
17 33
6 6
7 22
12 12
2 16
22 8
14 0
20 2
4 7
22 29
1 4
21 25
22 1
3 2
4 15
17 34
13 7
15 34
2 49
11 45
24 53
23 46
12 51
9 53
14 52
16 21
17 25
3 6
2 18
22 28
10 34
13 22
7 34
18 9
6 45
21 29
1 16
1 34
18 5
8 18
7 25
23 11
3 17
6 34
10 35
16 10
21 17
12 9
22 6
2 6
19 22
23 4
23 18
22 0
18 0
4 25
11 27
10 21
12 17
23 36
13 15
17 36
16 53
15 48
11 49
9 48
1 46
2 47
14 45
8 23
18 17
16 6
7 8
10 17
5 36
19 17
2 36
23 12
22 52
21 9
13 25
16 36
21 7
12 28
13 10
17 14
8 5
1 36
5 37
3 27
1 15
22 23
23 24
18 13
9 6
5 16
17 24
17 15
18 12
13 24
15 19
14 7
15 25
10 38
9 27
3 38
1 44
13 45
24 48
16 52
2 50
12 53
23 47
2 27
1 20
3 8
11 24
12 29
17 38
6 1
20 38
16 25
7 44
0 4
8 7
1 38
12 13
11 2
3 14
21 26
6 15
23 38
16 39
22 22
2 10
8 26
8 19
13 23
1 23
10 6
22 5
21 0
14 25
9 0
17 9
14 17
10 4
3 40
2 12
15 40
11 46
23 50
12 46
9 45
13 48
1 49
18 44
12 2
3 25
8 27
23 9
13 26
0 40
7 15
17 40
22 12
2 53
6 16
21 3
12 40
8 11
16 16
17 4
18 29
6 5
13 40
22 41
2 4
3 7
7 19
1 24
21 28
23 19
21 19
6 13
0 10
7 29
3 20
4 3
15 20
13 17
11 42
3 1
23 42
1 48
16 45
14 50
2 45
9 50
10 49
4 53
1 19
12 6
23 21
8 9
10 12
5 42
21 11
17 42
2 9
22 47
0 0
3 5
1 42
8 0
11 7
18 25
23 5
16 23
3 42
6 43
22 9
17 20
2 1
21 27
13 4
15 14
0 2
22 7
18 6
3 0
24 7
10 25
7 50
6 53
20 46
0 46
21 45
22 49
8 51
19 52
5 53

