r\t   0   1   2   3   4   5   6   7   8   9  10  11  12  13  14  15  16  17  18  19  20  21  22  23  24 
  0  -1  -1  -1  -1  -1  -1  -1  -1  28  -1  -1  -1  -1 110  -1  -1  -1 202  78  -1  -1  79  -1 175  -1 
  1  -1 240  -1  -1  -1  -1 217 236 236  -1  -1  -1 300  -1  -1  -1  -1  -1  -1  -1  -1 103  -1  -1  -1 
  2  60  60  -1  -1  -1  -1  -1  -1  -1  -1  -1  -1  -1  -1  -1  -1  -1  -1  -1  -1  -1 209 167  -1  -1 
  3  -1 173  -1  -1  -1  -1  -1  -1  -1  -1  -1  -1 218  -1  -1  -1 261  67  -1  -1  -1  -1   0  -1  -1 
  4  -1  -1  -1  45  -1  -1  -1  -1  -1  -1  -1  -1 232  -1 125  -1  -1  47  -1  -1  -1  -1 260  -1  -1 
  5  -1  -1  14 205  -1  -1 100 131  -1  -1  -1 286 265 204  -1  -1  29 177  -1  -1  -1  -1 248  -1  -1 
  6  -1  70  44  -1  -1  -1  -1  -1 160  -1  -1  -1  -1 276  -1  -1  -1  -1  -1 220  -1 303 146  -1  -1 
  7  -1  -1  -1  80  -1  -1  -1 246 135  -1  -1  -1  -1  -1  -1  -1  -1 235 293  -1  -1 199 128 145  -1 
  8  -1  -1  -1  -1  -1  -1  -1 297 256  -1  -1 290 255 242  -1 106  -1  -1 289  -1  -1  -1 215  -1  -1 
  9  -1 262  -1  -1  -1  -1 191  -1  -1  -1  -1 108  -1  -1  -1  -1  -1  -1  -1  -1  -1  -1 170  -1  -1 
 10  -1  -1 264 189  -1  -1  76  -1  -1 219  -1  -1  -1  -1  -1  43  -1  -1  -1  -1  -1  -1 211  -1  -1 
 11  -1  -1  -1  -1  87  -1 133  41  -1  -1  -1  -1  -1  -1  -1  -1 278  -1 233 171  -1  -1  34  -1  -1 
 12  -1  -1  -1  -1  -1  -1  20  -1  -1  -1  -1 267 168  -1  -1  -1 247  -1  -1  -1 174 157  -1 238  -1 
 13 176  -1  -1  -1  89  -1 116  -1  57  -1  -1  73  -1  16  16  -1 122  -1  -1  -1  -1  -1  72  -1  83 
 14  -1  -1  -1 299  -1  -1 243  -1 121  -1  -1  -1  -1 161 172  -1  -1 159  56  -1  42  23 117 194  -1 
 15  -1  -1 280 280  -1  -1  -1 165  -1  -1  -1  -1 208  -1 150  -1  -1  -1 188  -1  -1  -1  15  36  -1 
 16  -1  40 124  13  -1  -1  -1  -1  -1  -1 192 192  -1  -1  -1  -1 169 277   3  -1  -1  -1  -1 301  -1 
 17 214 201  -1  25  -1  -1  -1 104 104 132  -1 252  -1 127  -1  -1  -1  -1  35  -1  -1  -1 102  22  -1 
 18  -1  -1  -1  -1  -1  -1 249  -1  -1  -1  -1 166  -1  -1  -1  -1 158  -1  -1  -1  -1  -1  -1  86  -1 
 19  -1 287  -1  -1  -1  -1  -1 305  -1  -1  -1 234  -1  -1  -1  -1  -1  -1  -1  -1  39  -1  -1  -1  -1 
 20  -1  -1 212  -1  -1  91  -1  -1  -1  -1  -1  12  -1  -1  -1  -1  -1  -1  -1  -1  81  -1  58  84  -1 
 21  -1  -1  32  -1  -1  -1 223 196  71  -1 126  -1 284  -1 129  -1 203 130  18  -1 257  -1 279  -1  -1 
 22  -1 198  69  -1  -1  -1  -1 154  -1  -1  -1  -1 101  -1  -1 263  -1 298 306  -1  38  -1  82  27  -1 
 23  -1  -1  -1  -1  -1  -1  -1  -1  77  -1  -1  -1 258 113  -1  -1  -1  -1  -1  -1  -1 253 210 111  -1 
 24  -1  -1  -1  -1  -1  -1  -1  -1  -1  -1  -1  64 120  -1  -1 282  -1  -1 302  -1  -1  -1  37  -1  -1 
 25  -1  -1  59  -1  -1  -1  -1  -1  -1  -1  -1  -1 213  -1  -1  -1  -1  -1 254  -1  -1  -1  -1  -1  -1 
 26 304 114 179  -1  -1  -1  -1  -1 148 148  -1 147   1  -1  -1  -1  -1  -1 164  -1  -1  33  -1  -1  -1 
 27  -1 152  -1  -1  -1 221  85 123  -1  -1  -1  -1  26  -1  -1  -1  66 245  -1  -1  -1  -1  -1  -1  -1 
 28  -1  -1  -1  -1  -1  -1 292  -1 291  -1  -1  -1  -1  -1  -1  -1  -1  -1 144  -1 259  -1  88  -1  -1 
 29  -1 296  -1 115  -1  -1  -1  -1  -1  -1  -1  -1  -1 155  -1  -1  -1  -1 307  -1  -1  62 190  -1 216 
 30  -1  24  -1   4   4  -1  -1  17  17  -1   2   2  -1  30  -1  19  19  19  -1  -1  -1  -1  -1  -1  -1 
 31  -1  -1  -1  -1  -1  31  31  31  -1  -1  -1  -1  -1  -1  -1  -1  -1  -1  -1  -1  -1  -1  -1  -1  -1 
 32  -1  -1  -1  -1  -1  63  63  63  48  48  -1  -1  61  61  -1  -1  74  -1  46  46  -1  68  -1  -1  -1 
 33  -1  -1  -1  -1  -1  -1  -1  -1  -1  -1  -1  -1  75  75  75  -1  -1  -1  -1  -1  -1  -1  -1  -1  -1 
 34  -1 107 107 107  -1  -1  -1  -1  90  90  -1  92  92  -1  -1  -1  -1 105 105  -1  -1 112  -1 118  -1 
 35  -1  -1  -1  -1  -1  -1  -1  -1  -1  -1  -1  -1  -1  -1  -1  -1  -1 119 119 119  -1  -1  -1  -1  -1 
 36  -1  -1 149 149  -1  -1  -1 162  -1  -1 136 136  -1  -1  -1 151 151 151 134 134  -1  -1  -1 156  -1 
 37  -1 163 163 163  -1  -1  -1  -1  -1  -1  -1  -1  -1  -1  -1  -1  -1  -1  -1  -1  -1  -1  -1  -1  -1 
 38  -1  -1  -1 178 178  -1  -1  -1  -1  -1  -1 206 195 195 195 193 193  -1 180 180  -1  -1  -1 200  -1 
 39  -1  -1  -1  -1  -1  -1 207 207 207  -1  -1  -1  -1  -1  -1  -1  -1  -1  -1  -1  -1  -1  -1  -1  -1 
 40  -1  -1 237 237  -1  -1  -1  -1 222 222  -1 224 224 244  -1  -1  -1  -1  -1  -1 239 239 239 250  -1 
 41  -1 251 251 251  -1  -1  -1  -1  -1  -1  -1  -1  -1  -1  -1  -1  -1  -1  -1  -1  -1  -1  -1  -1  -1 
 42  -1  -1 288  -1  -1  -1 283 283 283  -1  -1  -1  -1  -1  -1  -1 266 266 268 268 281 281  -1 294  -1 
 43  -1  -1  -1  -1  -1  -1  -1  -1  -1  -1  -1  -1  -1  -1  -1  -1  -1  -1  -1  -1 295 295 295  -1  -1 
 44  -1  -1  -1 272  -1 143  -1  -1  -1  -1  -1  -1 140  -1  -1  -1 141  -1  -1  -1  -1  -1 184  -1  -1 
 45 274  -1  -1  -1  -1  -1  -1 313  -1  -1  -1 182  -1  -1  -1 314  -1  93  -1  -1 316 153  -1  -1  -1 
 46  -1  -1 197  -1  -1 183  -1  -1  -1  -1  54  -1  52  -1  -1  -1  -1  -1  97   7  -1 308 142  65  -1 
 47 225 315  -1  -1 230  -1  95  -1  10  -1  -1  -1  -1  -1  -1 241  -1  -1  -1  -1  -1  -1  -1  -1  -1 
 48 137  -1  -1  94 138  -1  -1  -1  -1  -1  -1  -1  -1  -1  -1  -1  -1  -1  -1  -1  -1  -1 270  -1 312 
 49   9  -1  -1  -1  50  -1  -1  -1  -1 273 228  -1  -1  -1 310  -1  -1  11  -1  -1  -1  -1  -1 311  -1 
 50  55  -1  -1  -1 271  -1   6  -1 181  -1 186  49  -1  -1  -1  -1  -1  -1  -1  -1  -1  -1  -1  -1  -1 
 51  -1  -1   5  -1  -1  -1  -1  -1  -1 185 275  -1  -1  -1  -1  -1  96  -1  -1  -1  -1  -1  -1  -1  -1 
 52  99  -1 139  -1  -1  -1  -1  -1  -1  -1  -1  -1  -1  -1  -1  -1 187 227  -1  -1  -1  -1  51  -1  -1 
 53  -1  21  -1  -1  -1 269  53  -1  -1   8  98  -1  -1 309 109  -1 231  -1 229  -1  -1  -1 226 285  -1 

r\t   0   1   2   3   4   5   6   7   8   9  10  11  12  13  14  15  16  17  18  19  20  21  22  23  24 
  0  -1  41 211 262  -1  -1  -1  -1 267  -1  -1  23  -1  -1 259  45 145  -1  -1 106  -1  -1  -1  -1  -1 
  1  -1  -1  -1  34  -1  -1 158  -1 255  -1  -1  -1  -1 261 223  -1  -1  -1  -1  -1  -1  -1 122  -1  38 
  2  -1  -1  -1  -1  -1  91  -1  -1  -1  -1  -1  -1  -1  -1  -1  -1  -1  -1 191  -1  -1  -1  -1 201  -1 
  3  -1  -1  -1  76  -1  -1  14 278  -1  -1  -1  -1  -1 254  -1  -1  -1 146 129  -1  -1  -1  -1  -1  -1 
  4  -1  -1  -1  -1 263  -1  -1  62 147  -1 177 165 148 148  -1  -1  -1  -1 150  -1  -1  -1  -1  -1  -1 
  5  -1  81  -1  -1  -1  -1 253  -1  -1  -1  -1  -1  -1 101  -1  -1  -1  -1  27  -1  -1  -1  -1  -1  -1 
  6  -1  -1  -1  82  -1  -1  25 192 192  -1  -1  73  -1  -1  -1  -1  -1 297  -1  -1  -1 108  -1  -1  -1 
  7  -1 188  -1  -1  -1  -1  -1 252 159  -1  -1 115 279  79  -1  -1  -1  -1 240  -1  -1 300  -1  -1  -1 
  8  -1  -1  29  -1  -1  -1  -1  -1  -1 128  89  -1  -1 202  -1  -1  -1  -1  -1  -1  -1  28  -1  67  -1 
  9  -1  -1  42  -1  -1  -1 213  -1  -1  -1  -1 155  -1 170  -1  -1 234 304  -1  -1  -1  -1  -1  -1  -1 
 10  -1  -1  -1 233  -1 303 154  -1  -1  -1  -1  -1 114  -1  -1  -1  33  -1 291  -1  -1 169  -1  -1  -1 
 11  -1  -1  -1 190  -1  -1  -1 104 104  -1  -1  -1  -1  -1  -1  -1  59  -1  -1  -1  -1 126  -1  -1  87 
 12  -1  -1  -1  -1  -1  -1 290  -1 209  -1  -1 289  -1  -1  -1  -1  -1  -1  -1  -1  -1  72  -1  -1  -1 
 13  -1  20 179  -1  -1  -1 116  -1  -1  -1  -1  -1  -1  -1  -1  -1 256 102  -1  -1  -1  -1  -1  -1  -1 
 14  -1  -1 221 280 280  -1  88 123  -1  -1  -1  -1  -1 189  -1  -1  -1  80  -1  -1  -1 161  -1  -1  -1 
 15 171 264 175 298  -1  -1 100  -1  13  -1  -1 257  66  -1  -1  -1 296 132  -1  -1  -1  -1  -1  -1 131 
 16  -1 284 216 174  -1  -1  -1  -1  58  -1  -1 110 243  -1 176  -1 172 124  -1  -1  -1 246  -1 247  -1 
 17  -1 130 168  -1  -1  -1  -1  18  -1  -1  -1  -1  -1  -1  -1  -1  -1  -1  -1  -1 265  -1 292  -1  -1 
 18  -1  35  -1 160 238  -1  -1  -1 232  -1  60  60 249  47   1  -1  12  -1 217  -1  -1 173  -1  71  -1 
 19  -1 144  -1  -1  -1 260  -1  -1   0  -1  -1  -1  -1  -1  -1  -1  -1  -1  -1  -1  -1  84 248  -1  -1 
 20  -1  -1  64  -1  -1 215 135  -1 282  -1  -1  -1 203 164  44  -1  -1 167  69  -1  -1  -1  -1  77  -1 
 21 242  -1 113  -1  -1  -1  56  -1  -1  -1  -1 245  -1  -1  -1  -1  -1 196  -1  -1  -1 286 204  -1  -1 
 22  -1  -1  16  16  -1  -1  -1  -1 121  -1  -1  -1  -1  -1  -1  -1  -1  -1  -1  -1  -1  -1  -1  -1  -1 
 23  -1  -1 194 305  -1  -1  -1   3  -1  -1 258  -1  -1  -1  -1  -1 166  -1 111  -1  -1  -1  -1  -1  -1 
 24  -1 210  -1 103  -1  -1  -1  -1  -1  -1  -1  -1  26  -1  -1  -1 117 219  40  -1  -1 212  -1  -1  -1 
 25 287  -1 293 214  -1  -1  86 133 301  -1  -1  -1  -1  -1  -1  -1  -1  -1  -1 127  -1  -1  -1  -1  -1 
 26  -1 299  -1  -1  -1 198  -1  32  78  -1  -1  -1  -1  15  -1  -1  -1  57  -1  -1  -1  -1  -1  -1  -1 
 27  37  -1  -1 120  -1  -1  -1  -1 125  -1  -1 306  -1  -1  -1  -1  70  -1  -1  -1  -1  -1  -1  39  -1 
 28  -1  85  -1  -1  -1  -1 277  -1  -1  -1  -1  -1  22  83  -1  -1  -1 235 157  -1 220  -1  -1  -1  -1 
 29 302  -1 218 208  -1 236 236 152  -1  -1  -1  -1 199  -1  43  -1 205  36  -1  -1  -1  -1  -1 276 307 
 30  -1  -1  -1   4   4  -1  -1  -1  24  -1  -1  -1  -1  30  -1   2   2  19  19  19  -1  -1  -1  17  17 
 31  -1  -1  -1  -1  -1  -1  -1  -1  -1  -1  -1  -1  -1  -1  -1  -1  -1  -1  -1  -1  -1  -1  31  31  31 
 32  -1  -1  -1  61  61  -1  -1  74  48  48  -1  -1  68  -1  -1  -1  46  46  -1  -1  63  63  63  -1  -1 
 33  75  75  75  -1  -1  -1  -1  -1  -1  -1  -1  -1  -1  -1  -1  -1  -1  -1  -1  -1  -1  -1  -1  -1  -1 
 34 107 107 107  90  90  -1  -1  -1  -1  -1  -1  -1  -1 118  -1  92  92  -1 112  -1  -1  -1 105 105  -1 
 35  -1  -1  -1  -1  -1  -1  -1  -1  -1  -1  -1  -1  -1  -1  -1  -1  -1  -1  -1  -1  -1 119 119 119  -1 
 36  -1 156 151 151 151  -1  -1  -1 136 136  -1  -1 162 134 134  -1  -1  -1  -1  -1  -1  -1 149 149  -1 
 37  -1  -1  -1  -1  -1  -1  -1  -1  -1  -1  -1  -1  -1  -1  -1  -1  -1  -1  -1  -1  -1  -1 163 163 163 
 38  -1  -1  -1 178 178  -1 200 206 180 180  -1  -1  -1  -1  -1 193 193  -1  -1  -1  -1 195 195 195  -1 
 39  -1  -1  -1  -1  -1  -1  -1  -1  -1  -1  -1  -1  -1  -1  -1  -1  -1 207 207 207  -1  -1  -1  -1  -1 
 40  -1 244  -1 250  -1 224 224  -1 222 222  -1  -1  -1 237 237  -1  -1  -1  -1  -1  -1 239 239 239  -1 
 41  -1  -1  -1  -1  -1  -1  -1  -1  -1  -1  -1  -1  -1  -1  -1  -1  -1 251 251 251  -1  -1  -1  -1  -1 
 42  -1  -1 266 266  -1 268 268 294 288  -1  -1  -1  -1 281 281  -1 283 283 283  -1  -1  -1  -1  -1  -1 
 43  -1  -1  -1  -1  -1  -1  -1  -1  -1  -1  -1 295 295 295  -1  -1  -1  -1  -1  -1  -1  -1  -1  -1  -1 
 44  -1  -1   9 142  -1 138  -1  -1  -1  -1  55  -1  -1  -1 269 229 270  -1  -1  -1  -1  -1  -1  -1  -1 
 45  -1  -1  -1  -1  -1  -1 181  -1  -1  -1 228  -1  -1  -1  -1  -1  -1  -1  -1 309  -1 312 308  -1 316 
 46  -1 230  -1  -1  -1  -1  -1  -1  -1 274 143  -1  -1  -1  -1  -1  -1  -1  -1  -1  49  -1  -1  -1  -1 
 47 311  -1  -1  51  54  -1  -1  -1  94  -1 273  -1  -1 187  -1  -1  -1  98  -1  -1  93 153  -1  -1  -1 
 48  -1 141  52  -1  -1  50  -1 272  -1  -1  -1  -1 109 231  -1  -1  -1  -1 315  -1  -1  -1  -1  -1  -1 
 49  -1  -1  -1  -1  -1  -1  -1 183  -1  -1  -1  -1  -1  96  -1 140 139  -1  -1  -1  -1  -1  -1  -1  -1 
 50  -1   5  -1  -1  -1  11  -1  -1  -1  -1  -1 314  -1  -1  -1 186 227  -1  -1  -1 182  -1 285  -1  -1 
 51  -1  -1  -1  -1  -1  -1  53  -1  -1  97   8 241  -1  -1  -1 275  -1  -1  -1  -1   6  -1  -1 310  -1 
 52  -1 185  -1  -1  -1  -1   7 225  -1  -1  -1  -1  -1  -1  -1  -1 184  -1  65  -1 137  -1  -1  -1  -1 
 53  -1  -1  -1 226 271  -1  -1  99  -1  -1  -1 197 313  10  95  -1  -1  -1  -1  -1  -1  21  -1  -1  -1 

r\t   0   1   2   3   4   5   6   7   8   9  10  11  12  13  14  15  16  17  18  19  20  21  22  23  24 
  0  -1  -1  32 262  -1  -1  -1  -1 100  -1  -1 302  -1  -1  -1 306 235  -1  -1 258  -1  -1  -1  -1  -1 
  1  -1  -1  -1  84 131  -1 101  -1  -1  -1 132 167  -1  -1  -1  -1 247 287  -1  -1  -1  73  -1  -1  -1 
  2  -1  -1 166  -1  -1  -1  -1  -1 152  -1  -1  79 201  -1  -1  -1  -1  23 172 303  -1 147  -1  -1  -1 
  3  -1  14  -1  -1  -1  -1 277 192 192  -1  -1  -1  -1 103  -1  -1 115 125 243  86  -1  -1  -1 203  -1 
  4  -1  -1 284  -1  -1  -1 211 121  -1  -1  -1  -1  -1   1  -1 220  -1  -1  -1  -1  -1  -1 297  -1  -1 
  5  -1  -1  -1  91  -1  -1  -1  16  16  -1  -1 199  -1 145  -1  -1  -1 114  -1 110 263 214  -1  -1  -1 
  6  -1  -1  -1  78  -1  -1  -1 205  -1  -1  -1  -1  -1  -1  -1  -1  -1  77  -1  -1  -1  -1  -1  -1  -1 
  7  -1 240  -1  -1  -1  -1  70  -1  29  -1  -1 245  -1 236 236  -1  13  34 209  -1  -1  -1  -1  -1  -1 
  8  -1  -1  -1  -1 130  -1  -1  58 238  -1  -1  -1  -1  -1  -1  -1  -1  -1  -1  -1  -1 215  25  -1  -1 
  9 176  -1  -1  -1  -1  -1  -1 234  -1 127  -1 150  -1  -1  -1  -1  71  -1 290  -1  -1  -1  -1  -1  -1 
 10 265 204 148 148  -1  -1  -1  35  -1 260  -1  -1  -1  -1  -1  -1  -1  -1  -1 261  -1  64  -1  -1  -1 
 11  -1  -1  82 168  -1  -1  -1  -1  -1  -1  -1  -1  -1  -1   3  -1  -1  -1  27  -1  -1  -1 249  -1  -1 
 12  -1 146 124  -1  -1  -1 133  -1  -1  -1  -1 202  60  60  -1  -1  36  -1  76  -1  -1 188  -1  -1  -1 
 13  -1  -1  56 111  -1  -1  -1  42  47  18 177  -1  -1  -1  -1  -1  -1  -1  -1 307  -1  -1  -1 122  -1 
 14  -1  -1   0  -1  -1  -1 210 135  -1  -1  -1  -1 157 113  -1  -1 144  -1  -1  -1  -1 291  -1  -1  -1 
 15  -1  57  -1  59  89  -1  -1  -1 223  -1  -1  -1  -1  -1  -1  -1  -1  -1 164  -1 221 246  -1  26  -1 
 16  -1 179  -1  -1  -1  -1  -1  -1 301  -1  -1  -1  -1  -1  -1  -1  -1  -1  -1  -1  -1  -1  -1 106  -1 
 17  -1 286  43 212  -1  -1 232 255 160 217  -1 120 196  85  -1  -1  -1 248 126 219  -1  -1  -1 198  -1 
 18  -1 296 208  -1  -1  -1  -1 154  80  -1  -1  -1  -1 128  22  -1 159  -1  -1 169  -1  -1  -1  -1  39 
 19  -1  -1 108  -1  -1  -1  -1  -1 213  40  -1  -1  -1 254 259  -1  -1 233  -1  -1  -1  12  -1  -1  -1 
 20  -1  38  -1  83  -1  -1 189 165  -1  -1  -1  66  20  72  -1  -1  -1  -1  -1  -1  -1  -1  -1  -1  -1 
 21  -1 117  -1  -1 257  -1 253 264 123  -1  -1  -1  -1  -1  -1  -1  -1  -1  -1  -1  -1  -1  -1 256 174 
 22  -1  -1  -1 299  -1  -1  45  -1  -1  -1  -1  15  -1 298  -1  -1  33  -1  -1  -1  -1 304 194  -1  81 
 23  -1 102  -1  -1  -1  -1  37 276  -1  -1  -1  -1  -1 190  -1  -1  -1  -1  -1  -1  -1  -1 170  -1  -1 
 24  -1 161 292 280 280  -1  -1  -1 300  -1  -1 279  -1  -1  -1  -1 173  -1  -1  -1  -1  -1  -1 293  -1 
 25  -1  -1  -1  -1  -1 155  -1  -1  -1  -1  -1  -1  -1  -1  -1  -1  -1  -1  -1  67  -1  -1  -1  -1  -1 
 26  -1  -1  41  -1  -1  -1 116 216 278  -1  -1  -1  -1  -1  44  -1  -1 191 282 171  -1  -1  -1  -1 129 
 27  -1  -1  -1  28  -1  -1  -1  -1  62  -1  -1 242  -1  -1  -1 267  -1 158  -1  -1  -1  -1  -1  -1 218 
 28  -1  -1  -1  -1  -1 175  -1  69  -1  -1  -1  -1  -1  -1  -1 305  -1  -1  -1  -1  -1  -1  -1  -1  -1 
 29  -1  -1  -1  -1  -1  -1  -1  -1 252  -1  -1  -1 289  88  -1  -1  -1 104 104  -1  87  -1  -1  -1  -1 
 30  -1  24  17  17  -1   2   2   4   4  -1  -1  -1  -1  -1  -1  -1  -1  -1  -1  -1  -1  30  19  19  19 
 31  -1  -1  -1  -1  -1  -1  -1  -1  -1  -1  31  31  31  -1  -1  -1  -1  -1  -1  -1  -1  -1  -1  -1  -1 
 32  -1  74  48  48  -1  -1  -1  -1  -1  -1  -1  -1  68  -1  -1  -1  63  63  63  -1  46  46  61  61  -1 
 33  -1  -1  -1  -1  -1  -1  -1  -1  -1  -1  -1  -1  -1  -1  -1  -1  -1  -1  -1  -1  -1  -1  75  75  75 
 34  -1  92  92 112  -1  -1  -1  -1  -1  -1 107 107 107  -1  -1  90  90  -1 118  -1 105 105  -1  -1  -1 
 35  -1  -1  -1  -1  -1  -1  -1  -1  -1  -1  -1  -1  -1  -1  -1  -1  -1  -1  -1  -1 119 119 119  -1  -1 
 36 136 136 134 134  -1  -1  -1 162  -1  -1  -1  -1  -1 156  -1  -1  -1 151 151 151  -1  -1 149 149  -1 
 37  -1  -1  -1  -1  -1  -1  -1  -1  -1  -1  -1  -1  -1  -1  -1  -1  -1  -1  -1  -1  -1 163 163 163  -1 
 38  -1  -1 195 195 195  -1 178 178  -1  -1  -1  -1  -1 180 180 193 193  -1  -1  -1  -1 206 200  -1  -1 
 39  -1  -1  -1  -1  -1  -1  -1  -1  -1  -1  -1  -1  -1  -1  -1 207 207 207  -1  -1  -1  -1  -1  -1  -1 
 40  -1  -1 237 237  -1 224 224  -1  -1  -1  -1  -1 250 222 222  -1  -1  -1 244  -1  -1 239 239 239  -1 
 41  -1 251 251 251  -1  -1  -1  -1  -1  -1  -1  -1  -1  -1  -1  -1  -1  -1  -1  -1  -1  -1  -1  -1  -1 
 42  -1  -1  -1 268 268  -1 288  -1  -1  -1  -1  -1  -1 281 281  -1  -1 294  -1  -1 266 266 283 283 283 
 43  -1  -1  -1  -1  -1  -1  -1  -1  -1  -1 295 295 295  -1  -1  -1  -1  -1  -1  -1  -1  -1  -1  -1  -1 
 44  -1  -1 273  -1  -1  97  -1  -1  -1  -1  -1  -1  -1  -1  -1 140   5  -1  -1  -1 139 231  -1  -1  -1 
 45  95  -1  -1 226  -1  -1  -1  53  -1 109 225  -1  -1  -1  98  -1 272  -1  -1  -1  -1  -1  -1  -1  -1 
 46  -1  -1  -1 184  -1  -1  -1  -1  -1  -1  -1  -1  -1 270 274  -1 141  -1  -1  -1  -1  10  -1 314  -1 
 47 229  -1  -1  -1 227  -1  -1  -1 181  -1  -1  -1 241 142  -1  50  -1 309  21  -1  -1  -1  -1  -1  -1 
 48  -1  -1  -1  -1  -1  49 275  -1  93  -1  55  -1  -1  -1 143  -1  -1  -1 310  -1  11  -1 313  -1 312 
 49  -1   7 186  -1 138  -1  99  -1 137  -1  -1  -1 153  51  -1  -1  -1  -1 197  -1  -1  -1  -1  -1  -1 
 50  -1  -1  -1  -1  -1  -1  -1  94 269  -1  -1 308 315  -1  -1   9 230  -1  -1  -1  -1  96  -1  -1  -1 
 51  -1  -1  -1   6  -1  -1  -1  -1  -1  65  -1  -1  -1  -1  -1 285 182  -1  -1  -1  -1  -1  -1  -1  -1 
 52  54  52  -1  -1  -1 185  -1  -1  -1  -1  -1  -1  -1  -1  -1  -1  -1  -1  -1 316 183 187  -1  -1  -1 
 53   8  -1  -1  -1  -1 271  -1 228  -1 311  -1  -1  -1  -1  -1  -1  -1  -1  -1  -1  -1  -1  -1  -1  -1 

r\t   0   1   2   3   4   5   6   7   8   9  10  11  12  13  14  15  16  17  18  19  20  21  22  23  24 
  0  -1 100  45 104 104  -1 293 174  -1  -1  -1 304  -1  26  -1  -1 198 188  -1  -1  -1  -1  -1  -1  -1 
  1  -1  -1 280 280  -1 106  -1 199  76  -1  -1 267  -1  -1  -1  -1  -1  -1 255  -1  -1  -1  -1  -1  -1 
  2  -1  -1   3 256  22  -1  -1  -1  -1  -1  -1  -1  -1  -1  -1  -1 123  -1  -1  -1  -1  -1  -1 262  -1 
  3 265  -1 124  -1  -1  -1  -1  -1  -1  -1  -1 108  -1  -1  -1  -1 286  -1  -1  -1  -1  33  -1  -1  -1 
  4  -1  -1 190 146  -1  -1  -1  -1  -1  -1  -1  -1  -1  -1  -1  -1  -1 158  -1  89  -1  -1  -1  -1  -1 
  5  -1  -1  25 290  -1  -1  -1  -1  -1  -1  -1 144  60  60 217  -1  -1 303  -1  -1  -1  -1  -1  -1  -1 
  6  -1  -1  -1 307  -1  -1  28 291 114  -1  -1  -1  -1  44  67  -1  -1 252  77  -1  -1  -1 120  -1  -1 
  7  -1 211  -1 117  -1 130  -1  -1  -1  -1  -1  87  -1  -1  -1  -1  18  -1 164  -1  -1  -1 235  -1  -1 
  8  -1  -1  70 208  -1  -1 115  -1  -1 179  -1 191  -1 276  -1  -1  -1  -1  -1  -1  -1  64  -1  -1  -1 
  9  91 166  -1  -1  -1  -1 131  -1 157  -1  -1  -1  -1  -1  -1  -1  34  12  -1  -1  -1  -1  -1  -1  -1 
 10 236 236 221 175  -1  -1  42  -1  -1  -1  -1  -1  -1  69  -1  -1 111  -1  -1 173  -1  -1 305  -1  -1 
 11  -1  -1  -1  -1  -1  -1  -1 150  -1  -1  -1 205  -1 160 220  -1  -1 116  -1  -1  -1  -1  -1  -1  -1 
 12  -1  47 135  -1  -1  -1  -1  72  -1  -1  -1  -1  -1  -1  -1  -1  -1  -1  -1  -1  -1  36  -1  41  -1 
 13  -1  -1  -1  80  -1  -1  -1  -1 297  -1 169  14 165 292  -1  -1  -1  -1  -1  -1  -1  -1  -1 155  88 
 14  -1  -1  -1  -1  -1  -1  -1  -1  -1  -1  -1  -1 254  -1  -1  -1  -1  -1  16  16  -1  -1  -1  73  -1 
 15  -1  15  -1  -1  -1  -1  -1  -1  -1  -1  -1  -1  -1  85 282  -1 159 278  81  -1  -1  -1  -1  -1  -1 
 16  40  -1  38  -1  -1  -1  -1  -1  -1  -1  -1  -1  -1 245  -1  -1 203  78  57  -1  -1  -1 152  -1 213 
 17  -1 284  -1  -1  -1  -1  -1  -1  -1  -1  -1  -1  -1  -1  -1  -1  -1 172 264  -1  -1 125  -1  -1  -1 
 18  -1 189  -1  -1  -1  37 287  -1  -1  -1  -1  -1  -1  -1  84  -1  -1 298 196  -1  -1 219 215 110  -1 
 19  -1 249 154  -1  -1  -1  -1  -1  -1  -1  -1 122  -1  -1   1  -1  -1  29 121 301  -1  -1  -1 212  -1 
 20  -1  -1  -1  -1  -1  -1  -1  -1  -1  -1  -1 299 296  -1  -1  86  -1  -1 202  -1  -1 201  -1 170  -1 
 21  -1  -1 246  -1 214  -1  62 129  -1  -1  -1  -1  -1  -1  -1  -1 258  -1  35  -1  -1  -1  -1 289  -1 
 22  -1 145 300 232 133  -1  -1 209 259  -1  -1 263  -1  -1  -1 223  -1 102 302  -1  -1  -1 204  66  -1 
 23  -1  43  -1  58  -1  -1  -1 113 248  -1  -1 261  -1  -1  -1  -1  -1 218 257  -1  -1 101  -1  -1  -1 
 24  -1  -1  -1 168  -1  -1 247  -1  -1  -1  -1  79 148 148  -1  83  -1  -1  -1  -1 238  -1  27 161  -1 
 25  -1  -1  -1  -1 126  -1  -1 253  -1 216  -1  -1  -1  -1  -1 177  -1  39 277  -1  -1  -1  -1 240  -1 
 26  -1  -1  -1   0  -1  -1  -1  -1  -1  -1  -1  -1  20  -1  -1  -1  -1  -1  -1  -1  -1 306  -1  -1 176 
 27  -1 128  -1 192 192  -1 242  -1  -1  -1  -1 233  -1  13  -1 260  -1  -1 103  -1  -1  -1  -1  -1  -1 
 28  -1  -1 210  -1  -1  -1 167  -1  -1 132  -1  56  -1  -1  -1  82 243 234  71  -1  -1 147  -1  -1  -1 
 29  -1  -1  23  32  -1  -1 194 171  -1  -1  -1  -1  -1  -1  -1  -1  -1  -1  -1  -1  -1 279  59 127  -1 
 30  -1  24  -1  -1  -1  -1  -1  -1  17  17   2   2  30  -1  -1  -1  -1  -1   4   4  -1  19  19  19  -1 
 31  -1  -1  -1  -1  -1  -1  -1  31  31  31  -1  -1  -1  -1  -1  -1  -1  -1  -1  -1  -1  -1  -1  -1  -1 
 32  -1  74  -1  46  46  -1  -1  63  63  63  -1  -1  68  -1  -1  61  61  48  48  -1  -1  -1  -1  -1  -1 
 33  -1  -1  -1  -1  -1  -1  -1  -1  -1  -1  -1  -1  -1  -1  -1  -1  -1  -1  -1  -1  75  75  75  -1  -1 
 34  -1 112  -1  92  92  -1 107 107 107  -1  -1  -1 105 105  -1  -1  -1  90  90  -1  -1 118  -1  -1  -1 
 35  -1  -1  -1  -1  -1  -1  -1  -1  -1  -1 119 119 119  -1  -1  -1  -1  -1  -1  -1  -1  -1  -1  -1  -1 
 36  -1  -1  -1  -1  -1 149 149 156  -1  -1 134 134 162 136 136  -1 151 151 151  -1  -1  -1  -1  -1  -1 
 37  -1  -1  -1  -1  -1  -1  -1  -1  -1  -1  -1  -1  -1  -1  -1  -1  -1  -1  -1  -1 163 163 163  -1  -1 
 38  -1  -1  -1 178 178  -1 206  -1 200  -1  -1  -1 193 193  -1  -1  -1 180 180  -1  -1 195 195 195  -1 
 39  -1  -1  -1  -1  -1  -1  -1  -1  -1  -1  -1  -1 207 207 207  -1  -1  -1  -1  -1  -1  -1  -1  -1  -1 
 40  -1  -1  -1 222 222  -1  -1 239 239 239  -1 250 237 237  -1  -1 244 224 224  -1  -1  -1  -1  -1  -1 
 41  -1  -1  -1  -1  -1  -1  -1  -1  -1  -1  -1  -1  -1  -1  -1  -1  -1  -1  -1  -1  -1 251 251 251  -1 
 42  -1  -1  -1 268 268  -1  -1 283 283 283  -1  -1 266 266  -1  -1 294  -1 288  -1  -1  -1 281 281  -1 
 43  -1  -1  -1  -1  -1  -1  -1  -1  -1  -1  -1  -1  -1  -1  -1  -1  -1  -1  -1  -1  -1 295 295 295  -1 
 44  -1  -1  -1  -1  -1  -1  -1  -1  -1  -1  -1  -1  -1  -1  -1  -1  -1  -1  -1 183  -1  -1  -1  -1 137 
 45  -1  -1  -1  -1  -1  -1  -1  -1  -1  -1  -1 285   6  -1  -1  -1  -1 270  -1 269  -1  -1 109  -1  10 
 46 225  65  98  -1  -1  -1  -1 308 312  -1  -1  52 231  -1  97  -1  -1  -1  -1  -1 316 311  -1  -1  -1 
 47   7  11  -1  -1  -1  -1  -1  -1  -1  95 241 184  51   8  -1  -1 315  -1  -1  -1  -1  -1  -1  -1 229 
 48 138  -1  -1  -1  -1  -1  -1  -1  -1  -1 187 227  -1  -1  -1 141  -1  -1  -1 228  -1  -1  -1  -1  -1 
 49  -1 139  -1  -1  -1  -1  -1  -1  -1  -1  -1  -1  -1  -1  -1 275  -1  -1  -1  49  -1  -1  -1 309  -1 
 50  54  93 273 143  -1  -1 313  -1  -1  -1  -1  -1  -1 182  -1  53  -1   5  -1 142  -1  -1  -1  -1  -1 
 51  -1 274  -1  -1  -1  -1  21  -1  -1  -1  55  94  -1 226  -1  99  -1  -1  -1  -1  -1  -1  -1  -1  50 
 52  -1 230 181  -1  -1  -1  -1  -1 153  -1 271  -1  -1  96  -1   9  -1  -1  -1  -1  -1  -1 314  -1 272 
 53 185 186  -1  -1  -1 310  -1  -1 197  -1  -1  -1 140  -1  -1  -1  -1  -1  -1  -1  -1  -1  -1  -1  -1 

r\t   0   1   2   3   4   5   6   7   8   9  10  11  12  13  14  15  16  17  18  19  20  21  22  23  24 
  0  -1 286 210  -1  -1  -1  -1  -1  -1  -1  -1  57  -1  -1  -1  -1  -1  -1  -1  -1  -1  -1  -1  -1  -1 
  1  -1 199 211  79  -1  -1 158 301  85  -1  -1  -1 261  -1  -1  -1 293 203  -1  -1  -1  -1  -1  -1  -1 
  2  -1  -1  60  60  -1  -1 240 121  12  -1  -1  -1  83 305  -1  -1 232  -1 161  -1  -1  18  -1  -1  -1 
  3  -1  -1 135  -1  -1  -1 152  -1  -1  -1  -1  -1  71 102  -1  -1  64 129 202  -1  -1 111  47  -1  -1 
  4  -1  -1  -1  -1  -1  -1 303 166  27  -1  -1 279  -1  -1  -1  -1  -1  -1  -1  -1  -1  -1  66 168  -1 
  5  -1  -1 267  -1  -1  -1  -1  -1 298  -1  -1 243  -1   3  91  -1  76  -1  -1  -1  -1  -1  -1  -1  -1 
  6  84  -1  14  -1  -1 219  -1 217  62  -1  -1 110  -1  -1 170  -1  20  -1  -1  -1  -1 130  -1  58  -1 
  7  -1  -1  -1 276  -1  -1  -1  -1  -1  -1 257  -1  -1 160  -1  -1 254  -1  -1  -1  -1 256  -1  -1  -1 
  8  -1  -1  -1  -1  -1  -1  -1  -1 194  -1  -1 296  -1  72  -1  -1  -1  -1  -1  -1  -1  -1 201  -1  -1 
  9  -1  -1 233 297  -1  -1 100 252  -1  -1  -1  -1  -1  -1  -1  38  -1  -1  -1  -1  -1 287 249  -1 215 
 10  -1  -1  -1 169  -1  -1  -1  -1  -1  -1  -1  23 277  -1  -1  -1 113  -1  -1  -1  -1  -1 147  -1  -1 
 11  -1  -1  -1 101  -1  -1  -1  -1  -1  -1  -1  -1  -1 196   1  -1 164  -1 242  -1  -1  -1  -1  34  -1 
 12  -1  -1  77  -1  -1  -1 116  -1  -1 258  -1  -1  -1 214  -1  -1 304 234  -1  -1  -1  -1 284 280 280 
 13  -1  -1 179 264  39  -1  36 216  -1  -1  -1 306  -1  -1  -1  -1  -1 159 120  -1  45  -1  -1  -1  -1 
 14  -1 175  -1 302 223  81  -1  56  -1  -1  -1  -1  15 145  -1  -1  -1  -1  -1 198  -1 307  -1 212  -1 
 15  -1 157  -1  -1  40  -1 190 218  -1  -1  -1 150 191  -1  -1  -1  -1  -1  -1  -1  -1  -1  43 290  -1 
 16  -1  -1  -1  -1  -1  -1  -1 208  -1  -1  -1 259  -1  -1  -1  -1  -1  -1  -1  -1  -1  -1  16  16  -1 
 17  -1 238 122  -1  -1 262  -1 104 104  -1  -1  -1  -1 117  -1  -1  -1  -1  -1  87  -1 205  35 263  -1 
 18  -1 103 291  -1  -1  -1  -1 188  -1 127  -1  -1  -1  -1  -1  -1 171  -1  -1  -1  -1  -1 128 115  -1 
 19  -1  -1  -1 146  -1  -1  59  -1  -1  -1  -1 255  -1 292  -1  -1  -1  -1 106  -1  -1  -1  -1  -1  -1 
 20  -1  41  -1 235  -1  -1  44 131  78 220 132  -1  -1  -1  -1  -1  -1  -1  -1  -1  -1  -1  -1 144  -1 
 21  -1  -1  -1  -1  -1  -1   0 236 236  -1  89  -1  -1  -1  -1  -1  -1  -1  -1  -1 265  -1  -1 246 176 
 22  -1  -1  -1  -1 213  -1 253  -1  -1  -1  -1  -1  -1  -1  42  -1  -1  -1  -1  -1  -1  -1  -1  -1 221 
 23  -1  -1  -1  13  -1  -1 133  -1 282  -1  -1  -1  -1  -1  -1  -1  -1 245  -1  -1  -1  -1  69  -1  37 
 24 172  -1 248  -1  -1  -1  -1 148 148  -1  -1  -1  -1 209  -1 177 125  -1  -1  -1  -1  -1  -1  -1  -1 
 25  -1 154 108  32  -1  -1  33 174  -1  -1  -1  -1  -1  -1  -1  -1  -1  -1  -1  -1  -1  -1  -1  70  -1 
 26  -1  67  73 167  -1  -1 204 289 260  -1  -1  80  -1  -1  -1  -1  29  88 300  82  -1  -1  -1  -1  -1 
 27  -1 247 155  -1  -1  -1  -1  -1  -1  -1  -1 165  -1 278  -1  -1  -1 192 192  -1  -1  28 114 126  -1 
 28  -1 173  25  -1  -1  -1  -1  -1  -1  -1  -1 124  -1  26  -1  -1  -1  -1  -1  -1  -1  -1  -1  -1  -1 
 29  -1  -1  86 189  -1  -1  -1  -1 123  -1  -1  -1 299  22  -1  -1  -1  -1  -1  -1  -1  -1  -1  -1  -1 
 30  -1  24   4   4  -1  19  19  19  -1  -1  -1  30  -1  -1  -1  -1  -1  17  17  -1  -1  -1  -1   2   2 
 31  -1  -1  -1  -1  -1  -1  -1  -1  -1  -1  -1  -1  -1  -1  -1  -1  -1  31  31  31  -1  -1  -1  -1  -1 
 32  -1  68  48  48  -1  -1  74  -1  -1  -1  -1  -1  63  63  63  46  46  61  61  -1  -1  -1  -1  -1  -1 
 33  -1  -1  -1  -1  -1  -1  -1  -1  -1  -1  -1  -1  -1  -1  -1  -1  -1  75  75  75  -1  -1  -1  -1  -1 
 34  -1  -1  -1  90  90  -1  92  92  -1  -1  -1  -1 112  -1  -1 107 107 107  -1  -1  -1 118  -1 105 105 
 35 119 119 119  -1  -1  -1  -1  -1  -1  -1  -1  -1  -1  -1  -1  -1  -1  -1  -1  -1  -1  -1  -1  -1  -1 
 36  -1  -1 156  -1  -1  -1  -1  -1  -1  -1  -1 162  -1  -1  -1 134 134 151 151 151 149 149  -1 136 136 
 37  -1  -1  -1  -1  -1  -1  -1  -1  -1  -1  -1  -1  -1  -1  -1  -1  -1  -1  -1  -1 163 163 163  -1  -1 
 38  -1 200  -1  -1  -1  -1 178 178 206  -1 193 193  -1  -1  -1  -1 180 180  -1  -1  -1 195 195 195  -1 
 39  -1  -1  -1  -1  -1  -1  -1  -1  -1  -1 207 207 207  -1  -1  -1  -1  -1  -1  -1  -1  -1  -1  -1  -1 
 40  -1  -1  -1 244  -1  -1 222 222 250  -1  -1  -1 237 237  -1 224 224  -1  -1  -1  -1 239 239 239  -1 
 41  -1  -1  -1  -1  -1  -1  -1  -1  -1  -1  -1  -1 251 251 251  -1  -1  -1  -1  -1  -1  -1  -1  -1  -1 
 42  -1 294  -1  -1  -1 281 281  -1  -1  -1  -1  -1  -1 268 268 266 266 283 283 283  -1 288  -1  -1  -1 
 43  -1  -1  -1  -1  -1 295 295 295  -1  -1  -1  -1  -1  -1  -1  -1  -1  -1  -1  -1  -1  -1  -1  -1  -1 
 44  -1  -1 197  -1  54  -1  -1 139 309  98 274  -1 312  -1  -1  -1  -1  -1  -1  -1  -1  -1  -1  -1  -1 
 45  -1  -1  -1  -1 140  -1  -1  -1  -1 138  -1 308  -1  -1 143  -1  -1  -1  -1 310  -1  -1  -1  -1  -1 
 46  -1 313  -1  -1  -1  -1 272  -1  -1  50  -1  -1  -1 182  -1  -1  10  -1  -1  -1  99  -1 141  -1  -1 
 47 314  -1 230  -1  -1  -1  -1  -1  -1   7  -1  -1  -1  -1  -1  -1  -1  -1  -1  -1 183  -1   6  -1 271 
 48  -1  21  -1 181  -1  -1  -1  -1  -1 186  -1  -1  -1 231  -1  -1  96  -1  -1  -1  -1  -1  -1  53  55 
 49  -1  -1  -1  -1 185  -1  -1  51  -1  -1  49  -1  -1  -1  -1   5  -1  -1  -1  -1  -1  65 184  -1  -1 
 50  -1  -1  -1  -1 241  -1  -1  -1  -1  -1  -1  -1 153  52  -1  -1  -1  -1 311  -1  11  -1 226  93  -1 
 51  -1  -1  -1 137 275 316  -1  -1  -1  -1  -1  -1  -1 142  -1  -1  -1  -1  -1  -1  -1  -1  94 270  97 
 52  -1  -1  -1  -1   8  -1  -1  -1  -1 273   9  -1  -1  95  -1  -1  -1 228  -1  -1  -1  -1 269  -1  -1 
 53  -1  -1 285 225  -1  -1  -1  -1  -1  -1 227  -1 109  -1 187  -1  -1  -1  -1  -1 229 315  -1  -1  -1 

r\t   0   1   2   3   4   5   6   7   8   9  10  11  12  13  14  15  16  17  18  19  20  21  22  23  24 
  0  -1  -1 194 108  -1  -1 223  -1  -1  -1  -1  -1 148 148  -1  -1  -1  -1  70  -1  -1  -1 290 246  -1 
  1  -1  -1 256  -1  -1  -1  -1 209  34  -1  -1  -1 167  -1  -1  85  -1 278  -1  -1  -1  25 125  -1  -1 
  2  -1  79 286  -1  -1  -1  -1  -1  -1  -1  -1 259  -1  -1  -1  -1  35  -1 130  -1  -1  -1  -1  -1  -1 
  3  -1 220  -1  29  -1  -1  -1 217 242  -1  -1  83 192 192  -1  -1  -1  -1  -1  -1  -1  -1 280 280  -1 
  4  -1  -1  -1  -1  -1  -1 301  -1  42  -1  -1  -1  -1  -1  -1  -1 253  -1  22  -1  -1  23 196  47  -1 
  5  -1  -1  -1 188  -1  -1  -1  -1  -1  -1  -1 157  -1  -1  -1  -1  64  -1  -1  -1  -1  -1  -1  -1  -1 
  6  -1 277  -1  56  -1  -1  -1 179 199  -1  -1  -1  -1  -1 170  -1  -1 201  -1  -1  -1  -1  -1  72  -1 
  7  -1  -1 215 174  -1  -1  78  -1  -1  -1  -1  -1  -1  -1   1  13  -1  -1 103  -1  -1  -1 247 306  -1 
  8  -1  -1  -1  -1  -1 221 243 116 127  -1  -1  -1  -1  -1  -1  -1 133  -1 282  -1  -1  37  -1  -1  -1 
  9  -1  -1 147  -1  -1  -1  32  -1  -1  -1  -1  -1  -1  -1  -1  -1  -1  -1  -1 177  45  -1  -1  -1  -1 
 10  -1  -1  -1 254  -1  -1  -1 234  -1 218  -1  -1 172  71  -1  -1 267 245  -1 129  -1  -1  -1 191  -1 
 11  -1  58  69  -1 173  -1  -1 279 284  -1  -1 293  -1  -1  -1  -1 122  14 232  -1  -1  -1  -1 307  -1 
 12  -1  -1  -1 291  -1  -1  -1  -1  -1  -1  -1  -1  -1  -1  -1  -1  -1  -1  -1  41 265 219  -1  -1  -1 
 13  -1  -1  -1  -1  -1  -1 189  -1  -1  -1  -1  -1  86  -1  -1  -1  -1 154  27  -1  -1 150  -1  -1  91 
 14  -1  -1  -1  -1  -1  -1  38 158  -1  -1  -1 203  -1  -1  -1  -1  -1  -1  -1  -1  -1 117  -1  -1  -1 
 15  -1 144  39  -1  -1  -1 159  -1  -1 176  -1  -1  -1  -1  -1  -1  88  -1  -1  -1  -1  -1 113  -1 106 
 16  -1  -1 211 264  -1  84  -1  18 262 175  -1  -1 202  -1  -1  -1  -1  -1  -1  -1  -1  -1 168 300  -1 
 17  -1  20 216  -1  -1  -1 101  -1  60  60  -1 169  -1 126  -1  -1  15  -1  -1  -1  -1  -1  -1  -1  -1 
 18  -1  -1  -1 124  -1  -1  -1 305  -1  -1  -1 240  -1  -1 214  -1 296  -1 212  -1  -1 131  -1  -1  -1 
 19  -1 102  -1  73  -1  -1  -1  -1 263  -1  -1 128  -1  -1  -1  -1  -1  -1 165  -1  -1 257  -1  -1  -1 
 20  -1 190 111  -1  -1  -1 302  -1  -1  -1  -1  -1  36  -1  -1  -1  -1  -1  -1  -1 213  -1  -1 166  -1 
 21  -1  44  -1  -1  -1  -1  59 255  -1  -1  -1  33  76 104 104  -1 100  -1  -1  -1  -1  -1  -1  66  -1 
 22 260 161  -1  -1  -1  -1  -1   3 164  -1  -1  -1 297  -1  -1  -1  -1  28 155  -1  -1  -1  -1  -1  -1 
 23  -1 249  -1   0  -1  -1 276  81 171  -1  -1 110  -1  -1  -1 236 236 135  -1  -1  -1 287  80  -1 261 
 24  -1 233  62  -1  -1  -1  12  -1  -1  -1  -1  -1 120  26  -1  -1 152 299 292  -1  -1  -1  16  16  -1 
 25  -1  -1 238  -1  -1  -1  -1  -1 252  -1  -1 198  -1  -1  -1  -1 204  -1  -1  -1  -1  -1  -1  -1  -1 
 26  -1 208  -1  89  -1  -1 298  57 121  -1  -1  -1  -1  -1  -1  -1 258 160  -1  -1  -1  -1  -1  -1  -1 
 27  -1  -1  -1 210  -1  -1  43  -1  40  -1 303  -1  -1  -1  -1  -1  -1  -1  -1 132  -1 248  -1 114  -1 
 28  -1  -1  82  -1  -1  -1 123 289  -1  -1  -1  77  -1  -1  -1  -1  -1  -1  -1  -1  -1  -1  67 145  -1 
 29 304  -1 115 235  -1  -1  -1  -1  -1  -1  -1 146  -1  -1  -1  -1  87  -1  -1  -1  -1 205  -1  -1  -1 
 30  -1  -1  17  17  -1  -1  -1  24  -1  -1  -1  19  19  19  -1  -1   4   4  -1  -1  -1  -1  30   2   2 
 31  31  31  31  -1  -1  -1  -1  -1  -1  -1  -1  -1  -1  -1  -1  -1  -1  -1  -1  -1  -1  -1  -1  -1  -1 
 32  -1  -1  -1  46  46  48  48  74  -1  -1  -1  63  63  63  -1  -1  -1  61  61  -1  -1  68  -1  -1  -1 
 33  -1  -1  -1  -1  -1  -1  -1  -1  -1  -1  -1  -1  -1  -1  -1  75  75  75  -1  -1  -1  -1  -1  -1  -1 
 34  -1 112  -1  -1  -1  92  92 105 105  -1  -1 118  90  90  -1  -1  -1  -1  -1  -1  -1 107 107 107  -1 
 35  -1  -1  -1  -1  -1  -1  -1  -1  -1  -1  -1  -1  -1  -1  -1  -1  -1 119 119 119  -1  -1  -1  -1  -1 
 36  -1  -1  -1 149 149 136 136 151 151 151  -1  -1  -1 156  -1  -1  -1  -1 162  -1  -1  -1  -1 134 134 
 37  -1  -1 163 163 163  -1  -1  -1  -1  -1  -1  -1  -1  -1  -1  -1  -1  -1  -1  -1  -1  -1  -1  -1  -1 
 38  -1  -1  -1 178 178  -1 206  -1 200  -1  -1  -1  -1 180 180  -1 195 195 195  -1 193 193  -1  -1  -1 
 39  -1  -1  -1  -1  -1  -1  -1  -1  -1  -1  -1  -1  -1  -1  -1  -1  -1  -1  -1  -1  -1  -1 207 207 207 
 40  -1  -1  -1 222 222  -1 244  -1  -1  -1  -1  -1 237 237  -1  -1 224 224 250  -1  -1  -1 239 239 239 
 41  -1  -1  -1  -1  -1  -1  -1  -1  -1  -1  -1 251 251 251  -1  -1  -1  -1  -1  -1  -1  -1  -1  -1  -1 
 42  -1 294 288 281 281 266 266  -1  -1  -1  -1 283 283 283  -1  -1  -1  -1  -1  -1  -1  -1  -1 268 268 
 43  -1  -1  -1  -1  -1  -1  -1 295 295 295  -1  -1  -1  -1  -1  -1  -1  -1  -1  -1  -1  -1  -1  -1  -1 
 44 316  -1  -1  -1  -1  -1  -1  -1  21  -1  -1  -1  -1 137  -1  -1 187  -1  -1 231  -1  -1  -1  -1  -1 
 45  -1 142  -1  -1 275  -1   5  -1  -1  -1  -1  -1 183  10 138 312  -1  96  -1   8  11  65  -1 227  49 
 46  -1  -1  -1 139  -1   7  -1  51  -1  54  -1 311  -1  -1  -1  -1  -1  -1  -1  -1 143  -1 314  -1  -1 
 47  -1  -1 309  -1  -1  -1  -1  -1  -1  -1  -1  -1  -1 226 230  -1  -1  -1  -1  -1  -1  -1  -1  -1  -1 
 48  -1  94  -1  -1  98  -1  -1  -1  -1 229  -1  -1  -1  -1  55  -1 285  -1  -1  -1  95 308  -1  -1  -1 
 49  -1  -1  -1  -1  -1  -1  -1 140  -1   9  -1  -1  -1  -1  -1  -1  -1  -1  -1  -1  -1  -1  -1  -1  -1 
 50  -1  -1  -1  -1  -1  -1  -1  93  -1  -1 310  -1  -1  -1  99  -1  -1  -1  -1  -1  -1  -1  -1  -1  -1 
 51  -1  -1  -1  -1   6  -1 184 225  -1  97  -1  -1 270 272  -1  -1  -1  53  -1  -1  -1  -1  -1  -1  -1 
 52  -1 274  -1  -1  -1 186  -1  -1  -1  -1  -1  -1  -1  52 273  -1  -1 269  -1  50 228 241  -1  -1  -1 
 53  -1 185  -1  -1  -1  -1  -1 197 315  -1  -1  -1 141  -1  -1 109  -1  -1 313 271 181  -1 153 182  -1 

r\t   0   1   2   3   4   5   6   7   8   9  10  11  12  13  14  15  16  17  18  19  20  21  22  23  24 
  0  -1  -1  -1  -1  -1  -1  -1  -1  -1  -1  38  -1 254  -1  -1  -1  -1 242  -1  -1  -1 121  -1  -1 132 
  1  -1  -1  -1 298  -1  -1 191  -1  -1  -1 125  -1  -1 171  -1  60  60  29  -1  -1  -1  -1  -1 111  -1 
  2  -1  -1  -1  -1  -1  -1 232 168 246  -1  -1  -1  -1 202  -1  -1  -1 276 209  -1  -1  -1 106  -1  -1 
  3  -1  -1  67  15  -1  -1  -1  -1 135  -1  -1  -1 145 157  -1  -1 179  -1  47 307  -1 164  -1  -1  -1 
  4  -1 286  -1  -1  -1  -1  -1  -1 217  -1  -1  -1  -1 245  -1  -1  -1  -1  -1  -1  -1  -1 300  -1  -1 
  5  -1  -1  -1 255  -1  -1  -1  -1  -1  -1  -1  -1 267  82  -1  -1 293 176  -1  89  -1  -1  -1  -1  -1 
  6  -1  -1  -1  -1  -1  37  -1  -1 100  -1 220 120  -1  -1  -1  -1  -1 115  -1  -1  -1  -1 159  33  -1 
  7  -1  -1 280 280  -1 221 117  -1  -1  -1  -1 296  -1  -1  -1  -1  -1  -1  -1  -1  -1  -1  -1  -1 265 
  8  -1  -1  -1  -1  -1  -1  -1  -1  -1  -1  -1  -1 233  -1  -1  -1 305  -1  -1  -1  -1  -1  -1  -1  -1 
  9  -1  -1  -1  77   1  -1  -1  -1   3 172  -1  -1  -1 113  -1  -1 264 248 190 238  -1 290  28  -1  -1 
 10  -1  -1  -1 102  -1  -1  -1  -1 303  40  -1  -1  59 299  -1  -1 263  -1  34  -1  86  -1  -1  -1 131 
 11  -1 198  85  -1  -1  -1 166 169  -1  -1  -1  -1  -1  -1  -1  -1  -1  -1  -1  -1  -1  -1  -1  -1  44 
 12  -1  -1  78  -1  -1  -1  -1  -1  -1  -1 177  -1 292 282  -1  -1 247  -1  -1  -1  -1 189  -1 208 173 
 13 216  -1  -1  58  -1  -1  -1 236 236  -1  -1  79 260  -1  -1  -1 284 212  -1  -1  -1  88  -1  -1  -1 
 14  -1  -1  23 211  -1  -1  -1  32  -1  -1  -1  -1  72  84  -1  -1  -1  -1  -1  42  -1  36 256  76  -1 
 15  -1  -1 259   0 304  -1  -1  -1  56  -1  -1 302  -1  -1  -1  -1  -1  -1  -1  -1  -1  -1 116  -1  -1 
 16  -1 147  -1  -1  -1  -1 249  -1  -1  81  -1  -1  -1  -1  -1  -1  35 188  -1  45 126  -1 261  -1  -1 
 17  -1  62 192 192  -1  -1  14 215 205  -1  -1  -1  -1  -1  -1  -1  -1  -1 175 213  -1  12  -1  -1  -1 
 18  -1  -1 170  -1  -1  -1  -1  -1 154  -1  -1  -1  -1 243  -1  -1 194  -1  -1 257  -1  -1  -1  -1  -1 
 19  -1 127  -1  -1  -1  -1  -1  -1  -1  -1  -1 278  39  -1  -1  -1 124  -1 160  -1  -1  -1  -1 287  -1 
 20  -1 103  -1  -1  -1  -1  -1  -1  -1  -1  -1 167  -1  -1  -1  -1 133  -1  66  -1  -1  -1  -1 165  91 
 21  -1  71  43 262  -1  -1  -1  18 161  -1  -1  -1 104 104 150  -1 158  70  -1  -1  -1  27 199  -1  -1 
 22  -1  22  -1 218  -1  -1 101 110  -1  -1  -1 235  -1  -1  -1  -1  13  -1  80  -1  -1  -1  -1 123  -1 
 23  -1  26  -1  -1  -1  -1  25 279  -1  -1  -1 253  -1  -1  -1  -1  -1  16  16  -1  -1  -1  69  -1  -1 
 24  -1  -1  -1  -1  -1  -1  -1  64  -1  -1  -1 203 129  -1  -1  -1 258 146 114  -1  -1  -1  -1  -1  -1 
 25  -1  87  -1  -1  -1  -1 289  -1  73  -1  -1 128  -1  -1  -1  -1  -1  -1 148 148  -1  -1  -1  -1  -1 
 26  -1  -1  -1  -1  -1  -1 152 196  -1  -1  -1  20  -1  -1  -1  -1  -1  -1  -1  -1  -1  -1  -1 144  -1 
 27  -1  -1  -1 210  -1 174  -1  -1  -1  -1 130  -1  -1  -1  -1  -1  -1 223  -1  -1  -1  -1  -1  41  -1 
 28  -1 122  -1 214  -1  -1 301 155  -1  -1  -1  -1 277  -1  -1  -1 234 291 297  -1  -1  -1 306 252  -1 
 29  -1  -1 108 240  -1  -1  -1  -1 219  -1  -1  57  -1  -1  -1  -1 201  -1  -1  -1  -1 204  83  -1  -1 
 30  -1  -1  -1  30  -1  -1  -1  -1  24  -1  -1  -1  17  17  -1  -1   4   4  -1  -1   2   2  19  19  19 
 31  -1  -1  -1  -1  -1  -1  -1  -1  -1  -1  -1  31  31  31  -1  -1  -1  -1  -1  -1  -1  -1  -1  -1  -1 
 32  -1  -1  -1  46  46  61  61  -1  48  48  -1  -1  -1  68  -1  -1  74  -1  -1  -1  -1  63  63  63  -1 
 33  -1  -1  -1  -1  -1  75  75  75  -1  -1  -1  -1  -1  -1  -1  -1  -1  -1  -1  -1  -1  -1  -1  -1  -1 
 34  -1  -1  -1  -1  -1  92  92 112 118  -1  90  90  -1  -1  -1  -1 107 107 107  -1 105 105  -1  -1  -1 
 35 119 119 119  -1  -1  -1  -1  -1  -1  -1  -1  -1  -1  -1  -1  -1  -1  -1  -1  -1  -1  -1  -1  -1  -1 
 36  -1  -1 149 149  -1 136 136  -1  -1  -1  -1  -1 156  -1  -1  -1  -1  -1 134 134 151 151 151 162  -1 
 37  -1 163 163 163  -1  -1  -1  -1  -1  -1  -1  -1  -1  -1  -1  -1  -1  -1  -1  -1  -1  -1  -1  -1  -1 
 38  -1  -1 200  -1  -1  -1  -1  -1 193 193  -1  -1 195 195 195  -1  -1  -1 178 178 180 180 206  -1  -1 
 39  -1  -1  -1  -1  -1 207 207 207  -1  -1  -1  -1  -1  -1  -1  -1  -1  -1  -1  -1  -1  -1  -1  -1  -1 
 40 237 237  -1 222 222  -1  -1  -1 224 224  -1  -1  -1  -1  -1  -1  -1  -1 244  -1  -1 250 239 239 239 
 41 251 251 251  -1  -1  -1  -1  -1  -1  -1  -1  -1  -1  -1  -1  -1  -1  -1  -1  -1  -1  -1  -1  -1  -1 
 42  -1 294 288 268 268 281 281  -1  -1  -1  -1  -1  -1  -1  -1  -1  -1 266 266  -1 283 283 283  -1  -1 
 43  -1  -1  -1  -1  -1  -1 295 295 295  -1  -1  -1  -1  -1  -1  -1  -1  -1  -1  -1  -1  -1  -1  -1  -1 
 44  -1  -1  -1  -1 187  -1 228  -1  94 138   8 139  98  -1 241  -1  51  -1 225  -1  -1  -1  -1  -1  -1 
 45  -1  -1  -1  -1  93  -1  53  -1  -1  -1  -1   5  -1  65 310 285  -1  -1  -1  -1  -1  -1  -1  -1  -1 
 46 316  -1  -1  -1  -1  -1 272 315  21 183  -1  -1  -1  -1  -1  -1  -1  -1  -1  -1  99  -1  -1  -1  -1 
 47  -1  -1  -1 182  -1  -1  -1  -1  -1  -1  -1 186  -1  -1  -1  -1 230  96  -1  -1  -1 231  -1 313  -1 
 48  -1  -1  -1  -1 140  -1  -1  -1  -1  97  54 270 181 153  -1  -1  -1  -1  -1 271 227 273  -1  -1  -1 
 49  -1  -1 314  95  -1  -1  -1  -1  -1 269  -1  52  -1  -1  -1  -1  -1  -1  10  -1  50  -1 308 197  -1 
 50  -1  -1  -1  -1  -1 274  -1  -1  -1  -1 143  -1 141  -1  -1 109  -1  -1  -1   9  -1  -1  -1  -1  -1 
 51  -1 312  -1  -1  -1  -1  -1  -1  -1  11 275 226  -1 309  -1  -1  -1  -1  -1  -1  -1  -1  -1  -1 185 
 52  -1  -1  -1  -1  -1   7   6  -1  -1  -1  -1  -1  49  -1  -1 311  -1  55  -1  -1  -1  -1  -1  -1  -1 
 53  -1  -1  -1  -1  -1  -1  -1  -1 184  -1  -1  -1 229  -1  -1  -1  -1 137  -1  -1  -1 142  -1  -1  -1 

r\t   0   1   2   3   4   5   6   7   8   9  10  11  12  13  14  15  16  17  18  19  20  21  22  23  24 
  0  -1  -1  -1  -1  -1  -1  -1  -1  -1 176  -1  -1  -1   0  -1  -1  -1  -1 124  -1  83  -1  -1  -1  -1 
  1  -1  -1 110  12  -1  -1  -1  -1  26  -1  -1  -1  -1  -1  -1  -1 199 303  -1  -1  -1 261  -1  -1  -1 
  2  -1 232  -1  25  -1  -1  -1  -1  -1  -1  -1  37  -1  -1  -1  87  -1 202 190  -1  -1  -1  -1 114 155 
  3  -1  -1 210 280 280  -1  -1  -1  -1  -1  -1 208  -1  -1  -1  -1  42  -1  -1  -1  -1 169  -1  -1  -1 
  4  -1  -1  -1  -1  -1  -1  -1  -1  -1  -1  -1  -1  -1  -1  -1  -1  -1 111  77  -1  -1  -1  -1  -1  -1 
  5 215 254  32  -1  -1  -1  -1 284  -1  -1  -1  -1 263  -1  -1  -1  85 282  -1  -1  -1  -1  -1  -1  -1 
  6  -1  -1  -1  -1  -1 221  58  -1  -1  -1  -1 213  -1  -1  -1  -1  -1  35  -1  -1  -1  72  -1  -1  -1 
  7  -1  41  -1  -1 131  -1  -1  -1  66  -1  -1 144  67 219  -1  -1  -1  76  -1 175  -1 240  62  -1  43 
  8  -1  -1 236 236  -1  -1 158 289  -1  -1  -1  -1  -1 146  -1  -1  -1  -1  57  -1  -1 264  -1  -1 135 
  9  -1  64 113 188  -1  -1  23 245  -1  -1  -1  69  -1 189  -1  -1 102  -1  -1  -1  -1 205  -1  -1 304 
 10  -1  22 211 173  -1  -1  34 212  -1  -1  -1 257 121 116  -1  -1  -1 246 256  -1  -1 214  -1 300  -1 
 11  -1  -1  -1  -1  -1  -1  91  -1  -1  -1  -1 157  -1  -1  -1  -1  -1  -1 172  -1  -1  -1  -1 129  -1 
 12  -1  -1  -1  -1  -1  -1 298  82  -1  -1  -1  -1  -1  -1  -1  -1  -1 260  -1  -1  -1  -1  -1  -1  -1 
 13  -1  -1  -1  -1  -1  -1  -1  -1  47  -1  -1 100  -1 101  -1  -1  -1  -1 203  -1 192 192  -1  -1  -1 
 14  -1  -1 218  39  -1  -1  -1  -1 262  -1  -1  -1  80  -1  -1 177 117 196 277  -1  84  59  -1  -1   1 
 15  -1  -1  -1 252  -1  -1   3  56 122  -1  60  60  -1  -1  -1  -1 249  -1  -1 130  -1  -1  -1  79  -1 
 16  -1 217  18  -1  -1  -1  -1 242  -1  -1  -1 123 154  -1  -1  -1 299  -1  29  -1  -1  -1 174  -1  -1 
 17 301 297  -1  -1  -1  -1 106  -1 234  -1  -1 290  -1 167 238  -1  -1 161  -1  -1  -1  -1 115  -1  -1 
 18  -1 287 194 306  -1  -1  -1  -1 159  -1  -1  -1 248  70  -1  -1  13  -1 108  -1  -1 103  -1  -1 127 
 19  -1  -1 307 170  -1  -1 133  -1  -1  -1  -1  -1  -1  45  -1  -1  -1  -1  -1  38  -1  -1  -1  -1  -1 
 20  -1 198 286  -1  -1  -1 209  -1  -1  -1  -1  33  -1  -1  -1  -1  81  -1  71  -1  -1  -1  -1  -1  -1 
 21 259  -1  -1 302  -1  -1 235  -1 279  -1 220  -1  28  -1  -1  -1  -1  -1  -1  -1  -1  88  15  -1  -1 
 22  -1  -1  -1 291  -1  -1 305  -1  -1  -1  -1  -1  -1  36  -1  -1  -1  -1  -1  -1  -1  -1  -1  -1  -1 
 23  -1 164 255 145 126  -1  -1  -1 201  -1  40 191 243 247  -1  -1  -1  -1 166  -1  -1  -1  -1 147 223 
 24  -1  -1  -1  -1  -1  -1  -1  -1  -1  -1  -1 267  -1 265  -1  -1 168 296 132  -1  -1  -1 152  -1  -1 
 25 258  -1  -1 104 104  -1  -1  -1  -1  -1  -1  -1  -1 125  -1  -1  -1  -1  14  -1  -1  -1  -1  -1  -1 
 26  -1 150  86  -1  -1  -1 276  -1 253  -1  -1 233 204  -1  -1  -1 179  -1  -1  -1  -1  -1 293  -1  -1 
 27  -1  -1  -1 120  -1  -1  -1  -1  -1  -1  -1  44  -1  -1  -1  -1  -1 148 148  -1  -1 171  -1  -1  -1 
 28  -1 165  -1 160  -1  -1  78  16  16  -1  -1  -1  -1  27  -1  -1 278  -1 292  -1  -1  -1  -1  -1  -1 
 29  -1  73  -1 216  -1  -1  -1  -1  -1  -1  -1  -1  -1  -1  -1  -1  -1  -1  89  -1  -1 128  -1  20  -1 
 30  -1  24  -1  -1  -1  -1  -1  30  -1  -1  -1  19  19  19  -1   4   4  -1   2   2  17  17  -1  -1  -1 
 31  -1  -1  -1  -1  -1  -1  -1  -1  -1  -1  -1  -1  -1  -1  -1  -1  -1  -1  -1  -1  -1  31  31  31  -1 
 32  -1  -1  -1  61  61  46  46  -1  74  -1  -1  -1  -1  -1  -1  63  63  63  48  48  -1  -1  68  -1  -1 
 33  -1  -1  75  75  75  -1  -1  -1  -1  -1  -1  -1  -1  -1  -1  -1  -1  -1  -1  -1  -1  -1  -1  -1  -1 
 34  -1  -1  -1  90  90  -1  -1  -1 105 105  92  92  -1  -1  -1  -1  -1 112  -1  -1  -1 118 107 107 107 
 35  -1  -1  -1  -1  -1  -1  -1 119 119 119  -1  -1  -1  -1  -1  -1  -1  -1  -1  -1  -1  -1  -1  -1  -1 
 36  -1  -1 162 134 134  -1  -1 151 151 151 136 136 156  -1  -1 149 149  -1  -1  -1  -1  -1  -1  -1  -1 
 37  -1  -1  -1  -1  -1  -1  -1  -1  -1  -1  -1  -1  -1  -1  -1  -1  -1  -1  -1  -1  -1 163 163 163  -1 
 38  -1 200  -1  -1  -1 195 195 195  -1  -1 178 178  -1 206  -1  -1  -1  -1  -1  -1 180 180 193 193  -1 
 39  -1  -1  -1  -1  -1  -1  -1  -1  -1  -1  -1  -1  -1  -1  -1  -1  -1  -1  -1  -1  -1  -1 207 207 207 
 40  -1  -1  -1 222 222  -1 250  -1 224 224  -1 244  -1  -1  -1  -1 239 239 239  -1  -1  -1 237 237  -1 
 41  -1  -1  -1  -1  -1  -1  -1  -1  -1  -1  -1  -1  -1  -1  -1  -1  -1  -1  -1  -1  -1 251 251 251  -1 
 42  -1  -1 294 266 266  -1  -1  -1  -1  -1 281 281 288  -1  -1 268 268  -1  -1  -1  -1  -1 283 283 283 
 43  -1  -1  -1  -1  -1  -1  -1 295 295 295  -1  -1  -1  -1  -1  -1  -1  -1  -1  -1  -1  -1  -1  -1  -1 
 44  -1  -1  -1  -1 186  -1  -1  -1  96  11  -1  -1  -1 142  -1  -1  53  -1  -1  -1 139  -1  -1  65  -1 
 45  -1  -1  -1   5  -1  -1 231  -1  -1  -1  -1  -1  -1  -1  -1 228 141  21  -1  -1 273  -1  -1  -1  -1 
 46  -1  -1  -1  52  -1  -1  -1  -1  -1  49  -1 227 285  -1  -1  99  -1  -1  -1  -1  -1  51  -1  -1  -1 
 47  -1 311  -1  -1  -1 269  -1  -1  -1  -1 274  -1  -1  -1 316  -1  94  -1  -1 138  95  -1  -1 312 241 
 48  -1  -1  -1  -1  -1  -1 272  -1  10  -1  -1  -1 197  -1  -1  -1  -1 314  -1 229 225  -1  -1  -1  50 
 49  -1  -1  -1  -1  -1 140  -1 315 270  -1  -1  -1 308  -1  -1 143  -1  -1 187  97  -1  -1  -1  -1  -1 
 50 310  -1 153  -1  -1  -1  -1  -1  -1  -1  -1  -1  -1 184  -1  -1 226  -1 275  -1  -1  -1  -1  -1  -1 
 51  -1  -1 309  -1  -1  93 182  -1 137  -1  55  -1  -1 230  -1  -1  -1  -1  -1 271  54  -1 313  -1  -1 
 52  -1  -1  -1  -1  -1   9  -1  -1 183  -1  -1  -1  -1  -1  -1  -1  -1  -1  -1 185  -1  -1  -1  -1  -1 
 53  -1  -1  -1 181   7  -1  -1  -1  -1  -1   6  -1 109  98  -1  -1  -1  -1  -1  -1   8  -1  -1  -1  -1 

r\t   0   1   2   3   4   5   6   7   8   9  10  11  12  13  14  15  16  17  18  19  20  21  22  23  24 
  0  -1  -1 280 280  -1  -1  -1  -1 170 307  -1  35  -1  -1  -1  -1  -1 202  13  -1  -1  27  -1  -1  -1 
  1  -1 116  -1  -1  -1  -1  -1  -1  -1  -1  -1 124  -1  -1  -1  -1  -1  14 232  -1  -1   3  -1  -1  -1 
  2  -1  -1  -1  -1  -1  -1 298 289  -1 257  -1  12 299  -1  -1  -1 190 157  -1  -1  -1  -1  -1 199  -1 
  3  -1 208  -1  -1  -1  -1  -1 188 213  -1  -1  -1  -1  16  16  -1  -1  -1  -1  -1  -1  -1  -1  -1  -1 
  4  -1  -1  81 128  -1  -1  -1  -1  41  -1 130 217  -1 101  -1  -1  -1   0  -1  -1  45 120  -1  -1  -1 
  5 287  -1 252  -1  -1  -1  -1  -1 169  -1  -1 263  -1  -1  -1  -1  32  -1  -1  -1  -1  -1 233 201  -1 
  6  -1  -1  -1 104 104  -1  62  71 304  -1  -1  -1  34  -1  -1  -1 279  -1 175  -1  -1 179 293  33  -1 
  7  -1  -1  -1  -1 265  -1  -1 240  -1  -1  -1  -1 158  -1  -1  67  -1  -1  -1  -1 177  23  36 291  -1 
  8  -1  -1  -1  -1   1  -1  -1  -1  -1  -1 220 108  -1  -1  -1  -1  -1  -1 144  -1  -1  -1 152  -1  -1 
  9  -1  57  -1  -1 127  84  -1  -1  -1  -1  -1 286  -1  59  -1  -1  -1 247  -1 303  -1  -1  -1 154  -1 
 10  -1  15  -1 300  44  -1 211  -1 198  -1  -1 292 277 115  -1  -1 242 284  -1  -1  -1 297  -1  -1  -1 
 11  -1  -1  -1 256  -1  -1  -1  -1  -1  -1  -1 267  -1  -1  -1  -1  -1  69 192 192  -1 246  -1 113  -1 
 12  -1  -1  -1 172  -1  -1  -1  -1  -1  -1  -1 196  58 254  -1  -1  18  -1 248  -1  -1  70  -1  -1  -1 
 13  22  -1 161  -1  -1  -1 147  -1  -1  -1  -1  -1  -1  -1  -1  -1  -1  -1 204  -1  -1  -1  -1  -1  -1 
 14  -1  -1  -1 174 219  -1  -1  -1  -1  -1  -1  89  -1  -1  -1  -1 103  -1  -1  -1  -1 221  -1  -1  -1 
 15  -1 166  -1 121  -1  -1  -1  -1  -1  -1  91 302  37 261 150  -1  -1  -1  25  -1  -1  -1  -1  -1  -1 
 16  -1  -1 100  -1 306  -1 194  -1  -1  -1  -1  56 102  -1  -1  -1  79  47  -1  -1  -1 212 168  -1  -1 
 17  -1  26  76  -1  -1  -1  28  -1 282  39  38  -1  -1 278  -1  -1  -1 191  -1  -1  -1  -1  -1  -1  -1 
 18  -1  -1  20 126  -1  -1  -1  -1  72  -1  -1 253  -1  -1  -1  -1  -1  -1  -1  -1  -1  -1 133  -1  -1 
 19  -1  -1 290  -1  -1  -1  -1  -1  -1  -1  -1  -1 264 135  -1  -1  -1 234  -1  -1  -1  64  -1  -1  -1 
 20  -1 260 148 148  -1 131  -1  -1  -1  -1  -1  -1 245  29 238  83  -1  82 165  -1  -1  -1  -1  -1  -1 
 21  -1  -1  -1  -1  -1  -1 117  -1  -1  -1  -1  -1  -1  -1  -1  -1  -1  -1 215  -1  -1  -1  -1  -1  -1 
 22  -1 249  43  -1 176  -1 235  -1 243  -1  -1  -1 145  -1  -1  -1  -1  -1 122  -1  -1  -1  -1  -1  -1 
 23  -1  -1  -1  73  -1  -1 106  -1 255  -1  -1  -1 236 236  -1  -1  -1  -1  -1  -1  -1  -1  -1 129  -1 
 24  -1  -1  60  60  -1  -1  80  -1 110  -1 214 159  -1 296  -1  -1  -1  -1  85  -1  -1  -1  -1  -1  -1 
 25  -1  -1  -1  42  -1  -1  -1  -1 210  -1  -1 223  -1  -1  -1  -1  -1  -1  -1  -1  -1  -1 209  -1 155 
 26 216  -1 123  -1  -1  -1  -1 111  -1  -1  -1  -1  -1  -1  -1  -1  -1 301  -1 132  -1 160 189  -1  -1 
 27  -1  -1  -1  87  -1  -1  -1  -1 125 173  40 205  -1  -1  -1  -1 164  -1 276  -1  -1  -1  -1  -1  -1 
 28  -1  77 203  -1  -1 262 259  -1  -1  -1  -1  78 114 167  -1  -1 218  66  -1  -1  -1  -1  -1  -1  -1 
 29  -1 146  -1  -1  -1 171  -1  -1  86  -1  -1  -1  -1  -1  -1  -1  -1 258  -1  -1 305  -1  88  -1  -1 
 30  -1  -1  -1  30  -1  -1  -1  17  17  -1   2   2   4   4  -1  -1  -1  24  -1  -1  -1  -1  19  19  19 
 31  -1  -1  -1  -1  -1  -1  -1  31  31  31  -1  -1  -1  -1  -1  -1  -1  -1  -1  -1  -1  -1  -1  -1  -1 
 32  -1  -1  -1  -1  -1  -1  -1  63  63  63  -1  48  48  74  -1  -1  68  -1  46  46  -1  -1  61  61  -1 
 33  -1  -1  -1  -1  -1  -1  -1  -1  -1  -1  -1  -1  -1  -1  -1  -1  -1  -1  -1  -1  -1  -1  75  75  75 
 34  -1  90  90  92  92  -1  -1 112 118  -1  -1  -1  -1  -1  -1  -1  -1 105 105  -1 107 107 107  -1  -1 
 35  -1  -1  -1  -1  -1  -1  -1  -1  -1  -1  -1  -1  -1  -1  -1 119 119 119  -1  -1  -1  -1  -1  -1  -1 
 36  -1  -1 134 134  -1  -1  -1  -1 149 149 136 136  -1  -1  -1 151 151 151 162  -1  -1  -1  -1 156  -1 
 37  -1  -1  -1  -1  -1  -1 163 163 163  -1  -1  -1  -1  -1  -1  -1  -1  -1  -1  -1  -1  -1  -1  -1  -1 
 38 195 195 195 206  -1  -1  -1 200  -1  -1 178 178 193 193  -1  -1  -1 180 180  -1  -1  -1  -1  -1  -1 
 39  -1  -1  -1  -1  -1  -1  -1  -1  -1  -1  -1  -1 207 207 207  -1  -1  -1  -1  -1  -1  -1  -1  -1  -1 
 40 239 239 239  -1  -1  -1  -1  -1  -1  -1  -1  -1 222 222  -1  -1 244 224 224  -1  -1  -1 250 237 237 
 41  -1  -1  -1  -1  -1 251 251 251  -1  -1  -1  -1  -1  -1  -1  -1  -1  -1  -1  -1  -1  -1  -1  -1  -1 
 42  -1 266 266  -1  -1 281 281 288  -1  -1  -1  -1  -1  -1  -1  -1  -1  -1 294  -1 268 268 283 283 283 
 43  -1  -1  -1  -1  -1  -1  -1  -1  -1  -1  -1  -1  -1  -1  -1 295 295 295  -1  -1  -1  -1  -1  -1  -1 
 44  -1  49  -1  -1  -1  -1  -1  -1  -1 143  -1 241  -1  -1  -1  -1 313  -1  -1  -1  -1 137  -1 315  -1 
 45  -1 141  -1   9  -1 181  -1  -1  -1  -1  -1  -1 140  -1  -1  -1  -1  -1 270 229   6  -1  -1 109 316 
 46  -1  -1  -1 227  -1 272 308  -1  -1  -1  54  -1  -1  98  -1  -1  -1  -1  -1  -1  -1  -1  -1  -1  -1 
 47  -1  -1  51  53  -1   5  -1 311  -1 230  -1  -1  95 153 309  -1  -1  -1  -1  93  -1 197  -1  -1  -1 
 48  -1  -1  -1  -1  -1  -1  -1  -1  -1  -1  -1  -1  -1  -1  -1  -1  -1  -1  -1  -1  -1  52  -1  -1  -1 
 49  -1  -1  11 274  -1 139  -1  -1  -1  -1 271  -1  -1 275  -1  -1  -1  -1 142 269 138  -1 184  -1  -1 
 50  -1  -1  -1  -1  -1  99  -1  -1  -1  97  -1  -1  -1  -1  -1  -1  65  -1  96  -1 225  -1  -1  -1  -1 
 51  -1  10 182 187 228  -1  -1  -1  -1 183  -1  -1  -1  -1  -1 312  -1  -1  -1 185  -1  94  -1  -1  -1 
 52 314 231  -1  -1  -1  -1  -1  -1 310  -1  -1  -1  -1 186  -1  -1  -1  -1  -1  -1  -1  -1 226  -1  -1 
 53  -1  -1  -1  -1  -1  55  21 285  -1 273  -1  -1  -1  50  -1  -1  -1  -1   7   8  -1  -1  -1  -1  -1 

r\t   0   1   2   3   4   5   6   7   8   9  10  11  12  13  14  15  16  17  18  19  20  21  22  23  24 
  0  -1  -1  -1 254  -1  -1  -1  -1  -1  -1  -1  34  -1  -1  -1  -1  -1  44  -1  -1  -1 256  -1  -1  -1 
  1  -1  -1  -1  -1  -1 172  -1  -1  -1  -1  -1  13  -1 125  -1  -1  -1  -1  -1  -1  -1  -1  -1  -1  -1 
  2  -1  -1  -1 234  -1  -1 232 252   1  -1  -1 233  -1  -1  -1  -1  -1  -1  -1  -1  -1  -1  -1  -1  -1 
  3  -1  32  -1  60  60  -1 286  -1  20  -1  -1  -1 166  -1  -1  83  -1  -1  -1  -1  -1  -1  -1  -1  -1 
  4 130 160 165 214  -1  -1 219  -1 164  -1  -1  -1 301  -1  -1  -1  -1  -1  -1  -1  -1  -1  -1  -1  -1 
  5  -1  -1  67  -1  -1 215 121 189 278  -1  -1  -1  -1  -1  -1  -1 161  -1 114  -1  -1 117  -1  -1  -1 
  6  -1  -1  -1 133  -1 175  -1  22  -1  -1  -1 246  -1  -1  -1  -1  12 293  -1  -1  -1  -1  -1  -1  -1 
  7  -1 242  -1  -1  -1  -1 213 263  -1  -1  -1  -1 145 247  -1  -1  -1  -1  77 305  -1 167 170  -1  -1 
  8  -1 289  16  16  -1  -1  -1 159  -1  -1  82  71  -1  -1  -1  -1 144  -1  -1  -1  -1  -1  -1  -1  -1 
  9  -1  38  -1 152  -1  -1  -1 277  -1  -1  -1  88  -1 282  -1  -1  84 218  -1  -1 106 147 287  -1  -1 
 10  -1  80  -1  -1  -1  -1 191 123  -1  -1  -1  -1  -1 201  -1  -1  -1  73  -1  -1  -1  64  -1 157  -1 
 11  -1  -1 122  25 132  -1  -1  -1 179  -1  -1 103  56  -1 216  -1 264  -1 257  -1  -1  -1  -1  -1  -1 
 12 220 262  -1  -1 260 126  -1  -1 116  -1 280 280  -1  -1  -1  -1 300  -1  -1  -1  -1  -1  -1  -1  -1 
 13  -1  -1 208  -1  -1  -1 267 104 104  -1  -1  -1  -1  -1  -1  -1  -1 192 192  -1  -1  -1 148 148  -1 
 14  -1  66  -1  -1  -1  -1  -1  -1 253  -1  18 296  -1  -1 261  -1  -1 169  -1  -1  -1  -1 111 171  -1 
 15  -1 258  70  69  -1  -1 302 306  79  -1  -1 150  -1 199  -1  -1 115 124 102 177  91  -1  -1  -1 265 
 16  -1  -1  -1  -1  -1  -1  -1  -1  -1  -1  -1  58  -1  29  -1  -1  -1  -1  -1  -1  -1 221  -1 243  -1 
 17  -1 154  -1  -1  -1  -1  47  -1  -1  -1  -1 212 248  -1  86  -1  -1  -1  -1  -1  -1  -1  -1  -1  -1 
 18  -1  -1 238 298  -1  -1  15 297  -1  -1  -1  -1  -1  -1  -1  -1 190  -1  -1  -1  -1 205 249  -1  -1 
 19  45  23  -1  -1  39  -1  -1  57  -1  -1  -1  -1  35  -1  -1  -1 203  -1  -1  -1  -1 290  -1  -1  -1 
 20  -1 198  -1 210  -1  -1  87  -1  -1  -1 304  81  43  -1  -1  -1  -1  33  -1  -1  -1  -1  -1  -1  -1 
 21  -1  -1 245   0  -1 176  -1  -1  26  -1  -1  -1  -1  -1  -1  -1  85 108  40  89  -1 100  -1  -1  -1 
 22  -1  -1  -1  -1  -1  -1 158  72  -1  -1  -1  -1 299 168  -1 307  -1  -1  -1  -1  -1  -1  -1 110  -1 
 23  -1 211  -1 188  -1  -1  -1 236 236  -1  -1  -1  -1  78  -1  -1  -1  -1  -1  -1  -1  -1  -1  -1  -1 
 24  -1  -1  -1  -1  -1  -1 129  -1  -1  -1  37 120  -1  -1  -1  -1  -1 303  36  -1  -1 196  -1  -1  -1 
 25  -1 284 279 276  -1  -1  -1   3  -1  -1  -1  -1  -1  62  -1  -1 101  -1  -1  -1  -1  28  -1  -1  -1 
 26  -1  -1 155  -1  -1  -1 291 209  -1  -1  -1  -1  42  -1  -1  -1  -1  -1  27  -1 223 240  -1  -1  -1 
 27 217  -1 194  -1  -1  -1  -1  -1 292  -1  -1  -1  -1  41 127  -1  -1 202 255  -1  -1  -1  -1  -1  -1 
 28  -1  -1  -1  -1  -1 128  -1  -1  -1  -1  -1  -1 204 113  -1  -1  -1  -1 235 173  -1  -1  -1  -1 131 
 29  -1  -1  -1  -1 174  -1 259  -1  59  -1  -1 135  -1 146  -1  -1  76  -1  -1  -1  -1  14  -1  -1  -1 
 30  -1  -1  24  -1  -1  -1  -1  30  -1  -1  -1   2   2  -1  -1  -1  -1  19  19  19   4   4  -1  17  17 
 31  -1  -1  -1  -1  -1  -1  -1  -1  -1  -1  -1  -1  -1  -1  -1  -1  -1  -1  -1  -1  -1  -1  31  31  31 
 32  -1  -1  -1  46  46  -1  68  48  48  -1  -1  -1  74  -1  -1  -1  63  63  63  -1  -1  -1  61  61  -1 
 33  -1  -1  -1  -1  -1  -1  -1  -1  -1  -1  -1  -1  -1  -1  -1  -1  -1  -1  -1  -1  -1  75  75  75  -1 
 34  -1  -1 105 105  -1  -1  -1  90  90  -1  -1  -1 107 107 107  -1  -1  92  92  -1  -1  -1 112 118  -1 
 35  -1 119 119 119  -1  -1  -1  -1  -1  -1  -1  -1  -1  -1  -1  -1  -1  -1  -1  -1  -1  -1  -1  -1  -1 
 36  -1  -1 162  -1  -1 134 134 151 151 151  -1  -1  -1  -1  -1  -1  -1  -1 149 149 136 136 156  -1  -1 
 37  -1  -1  -1  -1  -1  -1  -1  -1  -1  -1  -1  -1  -1  -1  -1  -1  -1 163 163 163  -1  -1  -1  -1  -1 
 38  -1  -1  -1 178 178  -1 200  -1 206  -1 195 195 195  -1  -1  -1  -1  -1  -1  -1 180 180 193 193  -1 
 39  -1  -1  -1  -1  -1  -1  -1  -1  -1  -1  -1  -1  -1  -1  -1  -1  -1  -1  -1  -1  -1  -1 207 207 207 
 40  -1  -1  -1  -1  -1  -1 250 224 224  -1  -1  -1 239 239 239 237 237  -1 222 222  -1  -1  -1 244  -1 
 41  -1  -1  -1  -1  -1  -1  -1  -1  -1  -1  -1  -1  -1  -1  -1 251 251 251  -1  -1  -1  -1  -1  -1  -1 
 42  -1  -1  -1  -1  -1  -1  -1 266 266  -1  -1 268 268 288  -1  -1  -1 283 283 283 281 281 294  -1  -1 
 43 295 295 295  -1  -1  -1  -1  -1  -1  -1  -1  -1  -1  -1  -1  -1  -1  -1  -1  -1  -1  -1  -1  -1  -1 
 44  -1  -1  -1 270 274  -1  11  -1  -1  -1  -1  -1  52  -1  -1  -1 142 272 183  55  -1 273 241  -1  93 
 45  -1  -1  -1  -1  -1 228  -1  -1  -1  -1  -1  49  -1  -1  -1  -1  10  -1 138  -1  -1  -1  -1  -1  -1 
 46  -1  -1  -1  -1  -1  54  -1  -1 197  -1 316  -1 139  -1  -1  -1  51   6  -1  -1  -1  -1  -1  -1  53 
 47 185  -1  -1  -1  -1  -1  -1  -1  -1  -1  -1  -1  -1  -1  -1  -1  -1  -1  -1  -1  50  -1  -1  -1  -1 
 48 140  -1  -1  -1  -1  -1  -1  -1  -1  -1  -1  -1  -1 309  -1  -1  -1  -1  -1  -1 269  -1  -1 285 143 
 49   8  -1  -1 227  97   9 231 184  -1  -1  -1  -1  -1  -1  -1  -1  -1  -1 275  -1  -1  -1  -1  -1  -1 
 50  -1 308  -1  -1  -1 271 186  -1  -1  -1  -1  -1 182  21 310  -1 187 181   5  -1  -1  -1  -1  -1  -1 
 51  -1  -1  -1  -1 229  -1  98  -1  -1  -1 109 226  -1  -1  -1 153  -1  -1  -1  -1  -1  95  -1  -1  -1 
 52  -1  -1  -1  -1   7  99  65  -1  -1 314  -1  -1  -1  -1  -1  -1 230  -1  -1  -1  -1  -1  -1 313 225 
 53  96  -1 315  -1  -1  -1  -1 141  -1  -1  -1  -1  -1  -1  -1 311  94 137  -1  -1  -1  -1 312  -1  -1 

