317
6 21
14 11
23 30
13 5
2 30
15 49
22 47
9 47
4 52
10 52
16 46
20 50
8 2
3 23
2 6
12 14
22 16
17 30
21 2
5 30
16 6
1 48
13 29
11 10
1 30
2 28
13 28
8 4
21 27
16 26
11 30
17 31
3 25
6 25
23 11
22 17
6 13
24 23
15 9
4 13
4 15
1 20
14 22
22 15
6 20
20 13
15 32
22 3
2 32
10 49
9 46
7 49
13 50
23 48
4 44
24 48
7 14
11 0
23 6
6 19
2 2
17 32
8 6
12 32
16 3
21 49
22 4
1 26
1 32
22 23
23 25
12 3
13 8
2 26
6 32
17 33
16 5
2 12
8 20
3 1
11 26
5 14
19 26
12 2
0 6
8 1
2 29
19 17
17 26
10 21
3 34
14 5
6 34
23 50
22 51
13 52
16 48
24 51
9 44
20 46
6 9
3 11
13 3
1 18
7 17
23 34
18 19
15 34
2 25
12 53
11 6
21 3
12 34
16 10
22 27
23 18
6 12
13 17
21 34
0 35
18 13
7 2
2 17
8 29
11 28
16 24
23 27
9 18
22 18
17 3
21 6
7 20
10 20
6 23
15 36
2 3
23 36
3 51
9 45
7 44
4 45
22 46
13 51
14 45
23 20
13 14
3 19
22 10
7 24
20 36
11 15
17 36
6 3
12 50
1 25
2 27
2 36
1 15
6 1
17 13
13 7
18 2
11 36
20 37
16 11
11 27
7 4
3 26
23 4
3 10
14 6
16 18
0 24
1 28
7 25
1 14
24 21
15 24
6 38
2 13
16 38
3 48
13 46
20 47
22 49
4 49
9 48
14 53
7 18
3 29
6 15
12 15
17 27
10 38
8 8
21 38
13 11
2 44
19 14
1 1
1 38
22 8
18 3
17 1
6 26
21 17
8 38
10 39
7 16
13 24
2 0
2 1
23 14
4 22
13 12
24 9
7 13
7 6
7 15
5 6
9 20
24 22
6 40
4 14
15 40
3 53
22 50
10 53
17 52
20 53
2 47
13 48
16 2
2 9
17 12
3 20
7 21
12 40
1 17
21 40
6 2
4 50
18 11
11 5
3 40
17 23
23 21
1 27
2 24
22 9
8 40
12 41
7 9
6 22
16 7
11 19
21 7
10 7
9 12
11 16
8 26
12 1
5 17
23 17
3 13
20 21
15 42
2 5
13 42
22 52
23 51
24 47
6 46
9 52
10 44
4 51
3 7
12 10
13 27
11 4
23 12
5 42
8 23
17 42
22 12
2 53
1 0
21 9
21 42
7 26
23 15
2 18
13 19
16 1
1 42
5 43
11 8
3 9
8 5
12 29
18 26
7 1
3 14
6 4
16 12
13 2
11 13
21 14
11 45
8 44
19 45
18 50
12 44
1 46
0 47
21 53
5 51

