317
16 23
24 23
8 30
23 21
5 30
18 48
22 50
19 46
17 46
20 46
21 52
15 51
16 8
8 22
6 9
1 15
17 5
20 30
11 8
12 30
2 29
7 48
23 1
3 12
17 30
16 6
22 14
12 2
3 14
8 11
23 30
0 31
18 1
11 11
6 23
7 23
11 19
16 20
3 24
19 28
11 4
13 26
11 0
17 11
8 2
6 7
23 32
17 9
18 32
16 46
9 45
22 46
1 48
13 53
20 53
5 45
8 1
1 3
13 6
12 13
22 25
15 32
17 18
2 32
6 11
7 50
14 9
21 0
17 32
8 15
7 28
1 9
18 22
13 16
21 32
10 33
3 0
2 24
22 1
17 22
6 4
21 21
24 12
11 22
16 21
13 7
18 24
13 12
6 14
19 8
22 34
16 5
20 34
13 48
5 49
18 46
1 46
17 49
24 50
15 49
13 28
21 27
23 29
6 3
17 4
3 34
11 23
7 34
22 28
0 52
16 25
12 23
17 34
11 5
8 18
7 2
23 5
18 6
6 34
2 35
12 28
21 25
2 28
22 23
16 16
20 13
3 16
8 10
8 27
10 0
23 20
4 0
22 5
1 6
16 36
5 18
18 36
23 44
24 49
21 47
15 48
9 47
13 51
20 49
21 22
18 13
17 7
6 25
15 24
22 36
5 7
11 36
7 16
2 48
3 2
0 14
2 36
22 10
11 2
13 0
3 15
18 28
21 36
6 37
23 2
23 7
16 7
17 14
1 24
7 6
20 12
16 0
17 16
10 9
14 12
23 11
20 1
19 19
22 38
1 19
5 38
16 48
21 49
18 49
17 52
24 51
15 50
13 47
6 13
21 24
17 21
16 26
22 18
8 38
3 4
12 38
18 19
2 44
1 29
11 24
2 38
18 2
12 1
13 15
17 28
6 2
3 38
7 39
22 3
1 2
21 5
23 17
16 1
21 23
5 1
5 2
10 21
8 29
3 8
24 27
20 22
5 21
23 40
21 4
8 40
22 48
1 52
16 47
15 52
17 53
18 47
13 52
13 2
1 21
8 12
3 23
22 12
17 40
21 15
10 40
16 11
2 45
7 27
6 6
1 40
23 8
11 7
2 10
3 20
12 25
22 40
17 41
7 21
21 20
13 1
8 16
16 12
20 17
17 6
24 4
12 0
12 19
9 21
14 3
23 28
6 22
20 42
13 3
18 42
5 47
8 50
24 47
16 49
17 51
22 47
9 49
8 6
21 16
18 25
12 29
22 26
15 42
14 8
0 42
6 21
13 44
7 14
3 7
8 42
12 17
7 19
23 6
18 20
2 5
22 42
10 43
16 29
21 19
13 27
17 20
1 13
10 25
21 3
13 23
18 18
3 3
18 3
3 17
3 49
4 44
0 49
2 49
10 44
12 50
11 52
7 51
14 50

