317
18 11
24 23
15 30
3 1
10 30
21 51
8 51
22 51
23 51
20 47
6 46
19 45
21 2
16 2
18 10
11 5
22 21
7 30
3 25
0 30
6 16
17 52
13 20
12 23
13 30
12 17
18 22
1 14
3 18
22 0
17 30
6 31
11 18
2 16
16 28
21 12
1 18
7 26
19 4
9 14
12 24
1 2
12 16
7 14
21 3
19 8
2 32
15 26
10 32
16 51
22 50
23 47
18 46
6 52
20 51
24 53
18 7
6 10
3 5
21 28
22 5
13 32
17 8
7 32
11 7
1 51
4 22
15 3
21 32
16 27
17 29
6 11
22 11
11 27
1 32
12 33
8 3
6 9
3 4
21 0
18 25
2 14
14 26
2 3
22 25
14 24
24 7
14 18
6 19
23 15
7 34
16 23
10 34
20 44
18 53
22 53
3 53
24 51
21 44
15 52
11 26
22 2
21 25
13 29
7 0
17 34
16 12
2 34
23 3
1 46
5 15
12 12
22 34
3 8
11 15
13 14
8 21
21 10
12 34
17 35
1 25
7 20
16 5
6 28
23 14
15 10
17 18
2 6
2 15
13 1
1 3
14 10
23 18
21 19
18 36
10 25
6 36
11 46
20 45
22 48
2 52
8 52
3 44
24 45
22 27
7 11
8 28
11 3
2 2
23 36
14 28
15 36
21 5
5 46
1 11
10 27
2 36
1 20
16 16
17 28
23 12
7 25
22 36
11 37
18 18
22 15
6 18
3 24
8 6
14 14
5 7
17 21
4 0
18 16
18 14
6 12
7 21
15 1
23 38
8 24
21 38
3 51
11 52
16 50
18 50
20 49
19 53
6 47
7 27
21 8
6 17
18 1
22 19
3 38
8 20
10 38
16 29
1 52
17 4
13 2
17 38
13 16
21 29
18 17
7 5
1 29
8 38
2 39
6 23
12 4
23 22
22 9
11 23
10 7
0 22
9 6
7 23
0 17
16 3
14 11
24 29
3 6
20 40
18 0
15 40
22 45
7 46
23 49
2 47
19 48
10 44
6 50
21 27
22 13
2 25
16 0
23 0
13 40
0 3
6 40
12 15
17 49
1 6
18 9
18 40
22 1
3 3
23 27
16 4
6 22
2 40
11 41
7 17
1 15
21 20
17 5
8 29
12 13
11 2
10 6
18 27
21 24
12 8
18 3
2 28
6 5
20 42
8 7
10 42
16 45
23 44
15 45
18 47
7 49
19 51
3 49
7 12
11 19
12 9
21 4
15 19
22 42
17 11
2 42
6 26
8 44
13 6
1 24
12 42
22 10
8 12
3 17
17 2
1 8
7 42
22 43
11 0
2 24
21 22
13 9
16 9
11 11
15 23
13 26
18 19
21 21
17 25
11 4
12 46
0 44
14 47
13 51
5 50
9 46
1 47
17 51
4 48

