1 8607 474.515000 18319 1432 923 464 8000 5500 2000
2 40500 471.266000 17119 1377 799 443 8000 4500 2000
3 37169 467.859000 22074 1413 746 415 8000 8500 3000
4 10784 499.954000 17048 1411 924 413 8000 4500 1800
5 4251 489.359000 21353 1269 767 417 11000 5000 2900
6 21177 498.016000 21434 1340 770 424 11000 6000 1900
7 99591 508.405000 15030 1387 1118 425 6000 4000 2100
8 19187 505.266000 21291 1477 1372 442 10000 6000 2000
9 33203 513.094000 20520 1515 986 419 11000 5000 1600
10 75800 495.281000 22369 1508 752 409 10000 7000 2700
