317
22 18
4 13
10 30
7 15
2 30
19 46
6 49
5 47
1 44
9 50
15 44
20 52
20 16
1 4
11 26
6 6
2 20
17 30
13 0
21 30
16 13
12 50
7 8
8 0
6 30
7 26
13 1
3 19
21 7
23 19
12 30
16 31
8 25
22 20
11 0
1 29
2 13
10 18
8 16
24 11
10 2
6 4
18 1
20 6
15 25
2 16
3 32
1 15
10 32
7 51
19 45
6 53
22 49
18 46
9 44
5 52
6 10
11 4
3 10
7 13
13 20
22 32
8 5
16 32
21 26
1 48
0 22
12 23
13 32
17 15
2 14
6 8
12 29
23 5
1 32
20 33
16 8
6 22
8 1
11 14
3 6
16 3
14 9
24 26
7 29
16 25
11 1
4 18
11 15
7 17
18 34
4 15
15 34
9 45
3 51
2 52
6 48
10 51
20 50
1 45
18 9
11 22
2 12
16 10
5 20
13 34
4 20
22 34
1 7
21 51
8 26
17 4
8 34
18 25
1 21
2 5
23 23
6 1
3 34
12 35
16 7
22 23
11 6
21 14
7 11
19 4
10 0
23 3
2 4
4 14
20 21
8 23
1 25
7 10
10 36
6 0
15 36
20 45
5 48
18 53
19 49
3 46
2 49
9 51
16 26
21 10
11 28
12 6
2 21
18 36
4 29
22 36
7 9
17 44
6 25
8 2
17 36
16 14
23 8
21 9
2 27
11 16
1 36
12 37
22 28
3 17
6 15
18 15
8 22
11 7
15 18
2 29
24 23
24 27
10 21
2 0
5 17
15 0
10 38
9 19
3 38
22 45
16 44
20 51
7 48
2 50
6 52
1 52
6 5
1 11
11 12
13 17
2 1
20 38
8 13
17 38
12 25
24 51
9 15
23 22
2 38
21 1
22 29
7 4
16 23
11 18
6 38
12 39
8 20
1 28
3 25
3 23
18 22
21 18
20 5
23 13
21 23
6 26
24 8
3 5
10 28
2 19
3 40
9 10
15 40
5 49
6 50
11 52
20 49
7 44
22 51
1 50
16 0
10 3
22 15
13 25
3 4
5 40
23 10
17 40
1 3
14 49
21 2
8 3
21 40
6 11
2 18
1 27
3 24
18 2
22 40
11 41
17 11
8 21
7 18
23 24
16 15
18 24
24 24
21 25
23 0
24 5
4 19
12 20
16 27
20 17
5 42
18 10
3 42
10 47
11 47
19 44
7 53
2 46
1 53
15 51
16 12
6 18
7 19
11 17
2 8
13 42
8 14
22 42
1 13
17 49
18 27
21 28
17 42
7 12
22 3
16 11
1 10
7 20
11 42
12 43
2 24
18 23
8 7
3 26
21 6
1 23
14 24
15 8
2 3
18 14
13 14
6 12
12 46
21 45
14 47
13 47
0 52
17 51
23 45
8 48
24 47

