317
23 11
24 2
7 30
18 21
1 30
3 47
16 45
15 50
17 51
4 53
10 46
6 49
23 28
17 25
16 27
8 25
2 7
12 30
18 20
20 30
1 15
14 53
5 18
9 4
3 30
1 17
22 7
17 27
18 15
8 27
23 30
11 31
2 5
16 25
7 5
6 2
16 8
9 19
9 17
5 1
15 9
15 21
16 16
11 5
11 16
6 15
15 32
7 3
2 32
8 44
24 47
12 50
1 49
23 51
4 44
10 53
11 22
8 10
12 8
16 6
2 9
17 32
13 21
20 32
23 23
7 44
0 16
9 15
1 32
2 0
6 11
23 20
22 26
16 14
13 32
17 33
8 26
23 18
12 14
3 24
7 17
21 15
14 24
0 2
2 16
21 24
14 7
10 10
6 25
7 26
23 34
4 5
10 34
8 53
3 51
17 46
18 46
2 50
12 47
1 45
23 10
18 0
6 7
11 19
8 20
2 34
22 0
12 34
17 11
4 47
19 1
21 25
8 34
11 15
23 24
22 5
1 12
6 5
21 34
15 35
12 3
2 29
17 3
3 28
7 12
24 27
0 13
0 27
13 8
19 29
18 19
15 16
7 7
4 8
15 36
17 29
23 36
2 45
18 48
1 47
10 47
6 47
11 49
8 47
23 29
18 29
16 7
1 11
7 8
5 36
17 14
11 36
3 1
21 52
22 10
0 29
22 36
23 14
18 16
16 2
12 28
6 8
14 36
1 37
17 4
11 0
8 16
21 5
7 15
12 7
9 9
21 19
20 22
5 15
12 15
15 4
4 9
15 23
6 38
18 12
23 38
8 45
2 47
3 53
17 52
10 49
16 47
11 51
16 20
23 2
17 15
6 1
7 24
12 38
18 14
0 38
11 17
21 49
5 17
22 28
22 38
1 18
18 18
16 4
7 16
2 21
3 38
11 39
6 21
23 19
21 6
21 17
8 11
2 18
22 12
13 23
6 12
4 18
8 15
11 2
24 28
2 14
3 40
16 3
17 40
1 52
6 51
12 52
15 48
10 51
11 47
23 45
23 12
18 10
1 24
3 15
10 28
7 40
19 16
20 40
2 20
9 44
13 20
16 26
12 40
17 9
3 10
22 2
21 28
1 21
16 40
6 41
11 4
23 16
18 6
13 16
2 3
8 14
6 6
21 18
14 16
21 22
3 21
18 9
1 20
24 6
15 42
12 11
7 42
23 50
3 50
17 49
11 44
6 44
18 49
10 45
11 26
6 24
7 22
22 9
17 1
20 42
13 1
2 42
16 12
12 51
5 5
19 17
12 42
23 7
17 23
1 13
8 21
2 6
13 42
21 43
6 19
3 22
11 10
7 18
16 15
17 18
11 1
10 8
1 2
6 13
24 26
23 13
19 46
14 45
5 53
13 45
22 44
21 53
9 53
0 44
20 44

