317
18 24
24 3
10 30
21 22
2 30
4 51
15 44
19 46
20 50
0 50
7 45
14 47
11 25
3 16
2 29
21 0
13 5
7 30
12 8
16 30
6 11
1 45
22 29
23 7
22 30
12 4
21 9
18 14
23 20
1 9
13 30
6 31
11 5
16 27
3 12
2 13
18 27
13 24
2 22
16 19
12 10
7 4
24 15
13 17
14 26
15 1
3 32
16 3
7 32
18 44
19 53
2 50
21 46
11 46
20 47
10 47
11 9
18 12
12 2
21 2
8 2
22 32
13 15
0 32
3 21
16 47
6 1
17 21
6 32
18 0
16 28
1 26
7 20
21 11
11 32
22 33
2 5
3 3
12 18
6 26
17 3
5 0
9 13
2 14
12 1
14 13
16 5
15 0
8 25
10 18
3 34
0 8
15 34
21 49
18 45
24 50
7 51
20 44
14 48
2 47
18 15
16 1
8 23
7 22
2 0
22 34
19 28
11 34
21 19
17 51
1 19
6 13
7 34
17 15
13 10
11 2
1 22
8 13
6 34
21 35
18 29
2 11
21 4
3 4
12 9
4 15
7 10
15 11
17 13
19 25
8 0
24 12
10 17
18 1
15 36
11 14
20 36
2 46
4 47
19 48
24 51
8 47
3 48
14 51
13 16
21 6
3 11
1 3
15 18
10 36
23 16
7 36
2 3
12 53
22 14
17 12
23 36
21 10
6 16
7 7
12 12
3 18
13 36
0 37
8 22
11 1
16 12
22 0
18 19
2 17
3 27
9 22
13 19
2 2
14 10
16 4
4 17
20 14
10 38
3 2
18 38
14 49
7 53
16 48
8 45
0 52
2 48
21 51
1 1
7 27
8 7
17 5
18 17
2 38
13 8
22 38
11 29
6 47
5 15
12 28
8 38
21 15
2 16
6 7
3 25
18 5
7 38
15 39
12 7
23 4
13 0
13 9
22 23
11 6
5 8
10 12
0 3
2 27
8 26
7 8
8 10
20 18
18 40
3 17
15 40
0 51
2 44
11 48
14 46
4 53
7 46
21 50
16 14
2 25
18 7
12 16
5 9
7 40
1 28
22 40
11 3
13 49
17 20
3 6
1 40
16 15
23 6
22 6
8 17
6 24
17 40
10 41
2 8
18 22
7 2
3 7
13 14
15 28
19 23
3 15
1 16
13 27
24 18
9 21
18 11
0 10
3 42
7 5
10 42
20 48
16 53
14 50
8 53
24 45
2 51
15 48
2 20
11 12
13 12
21 12
7 16
22 42
12 13
17 42
3 13
1 53
6 8
9 25
7 42
23 2
3 22
17 6
12 14
16 13
6 42
21 43
13 6
18 18
8 4
11 15
2 26
11 4
20 23
8 28
10 23
24 16
18 10
21 7
12 49
6 48
5 53
1 49
22 48
23 53
13 53
17 46
9 45

