317
22 23
10 6
13 30
6 12
18 30
1 49
12 52
0 50
5 53
15 48
21 52
2 52
21 4
12 26
13 12
7 24
18 19
2 30
16 23
22 30
1 4
11 53
8 9
6 18
6 30
7 5
11 22
17 19
1 29
22 5
12 30
2 31
8 18
16 22
18 2
21 6
17 26
23 16
5 4
0 2
7 21
8 28
6 2
5 7
2 17
15 15
13 32
18 9
5 32
1 48
19 52
12 45
21 46
3 44
10 52
0 48
12 14
6 17
13 3
1 2
2 21
22 32
16 29
7 32
21 25
17 48
11 5
18 15
2 32
3 27
16 28
6 13
8 14
21 8
12 32
22 33
17 18
7 8
13 17
1 23
18 17
23 11
2 23
23 14
9 18
13 1
3 1
19 29
2 0
22 11
0 34
3 18
12 34
5 51
21 47
15 49
18 48
10 46
14 48
24 53
2 14
13 15
11 27
6 21
20 19
7 34
4 28
17 34
12 24
16 50
23 6
3 29
23 34
16 24
3 17
1 14
13 14
21 21
2 34
6 35
17 0
11 28
7 12
12 12
22 29
7 27
9 6
12 20
10 14
19 22
18 11
8 23
2 24
1 10
5 36
22 24
13 36
21 51
24 46
15 45
10 47
3 51
12 50
0 47
16 13
21 27
2 11
6 20
12 9
7 36
23 8
17 36
3 13
22 44
11 2
4 3
22 36
23 24
17 13
16 7
11 15
6 10
12 36
7 37
18 28
12 16
3 4
21 24
2 26
16 0
14 27
13 23
12 29
24 6
8 0
11 20
15 26
10 15
2 38
1 19
13 38
6 52
24 51
5 45
18 51
0 46
19 50
12 53
2 12
18 20
3 16
6 19
13 22
8 38
16 16
21 38
7 7
17 49
11 24
1 21
18 38
21 13
13 26
2 5
12 23
6 24
1 38
7 39
3 23
22 3
16 18
17 7
23 3
0 9
18 3
20 20
0 28
20 23
13 8
6 23
10 12
24 7
13 40
18 6
21 40
15 51
3 48
12 44
5 46
19 48
6 51
2 44
3 9
11 3
22 8
21 11
12 5
7 40
17 21
0 40
6 29
23 46
18 14
16 21
23 40
16 3
3 20
1 18
2 18
22 22
17 40
6 41
11 0
13 4
18 25
12 27
21 14
11 25
5 20
1 1
18 24
2 15
11 21
24 25
19 17
0 29
12 42
3 0
21 42
15 52
6 45
10 50
2 48
1 46
14 51
24 45
2 2
21 5
1 5
6 1
13 6
23 42
8 29
16 42
12 2
9 51
3 26
11 10
3 42
7 15
2 8
16 19
12 17
23 15
11 42
5 43
13 25
17 8
8 2
21 12
22 6
10 4
8 4
5 23
18 29
11 12
1 26
24 28
7 45
20 48
4 49
23 50
17 45
16 45
8 45
11 47
9 49

