1 7167 166.156000 18475 1373 1187 415 7000 6500 2000
2 12506 179.109000 21107 1388 998 421 12000 4500 1800
3 30341 180.266000 14279 1351 1096 432 7000 3500 900
4 34794 179.937000 18066 1413 1095 458 9000 4500 1600
5 27585 183.047000 24057 1471 858 428 15000 4000 2300
6 5081 174.968000 16666 1364 947 455 7000 4500 2400
7 31582 157.126000 19779 1464 866 449 9000 6000 2000
8 11885 155.984000 26763 1344 772 447 15000 7000 2200
9 28243 161.187000 10609 1415 858 436 4000 2000 1900
10 5259 156.375000 19021 1385 1006 430 9000 5000 2200
