317
15 29
14 3
0 30
12 28
3 30
6 47
8 48
7 47
23 47
9 50
11 45
2 48
1 1
7 19
6 27
11 15
2 16
22 30
16 29
17 30
8 25
21 52
13 17
12 17
6 30
8 4
17 6
11 3
21 5
3 28
16 30
22 31
7 9
12 2
1 11
2 6
12 4
7 20
1 14
21 7
9 21
1 4
0 22
3 21
4 23
0 1
7 32
6 8
11 32
9 45
15 47
13 53
2 52
23 48
14 44
24 50
13 20
23 4
11 9
18 4
7 2
20 32
6 4
1 32
17 5
16 47
10 1
22 17
13 32
12 12
2 29
8 9
6 16
16 13
23 32
17 33
3 3
7 21
21 18
13 27
1 5
17 11
22 9
14 29
13 29
13 15
22 22
23 8
23 16
11 20
8 34
0 3
2 34
7 49
1 51
6 53
12 45
4 51
15 48
13 51
18 28
7 6
8 11
6 29
3 2
12 34
20 4
22 34
1 24
21 45
17 20
16 27
16 34
3 6
23 11
22 3
7 5
17 23
21 34
12 35
2 24
8 17
12 9
6 13
18 5
16 0
17 13
5 20
18 3
1 13
16 4
9 23
14 24
23 7
2 36
12 6
0 36
13 46
4 45
9 47
11 46
15 45
6 45
24 46
13 6
2 2
3 0
18 21
0 26
10 36
22 14
6 36
23 25
12 50
16 20
21 20
21 36
2 7
7 12
6 14
13 10
16 3
12 36
17 37
8 16
11 6
1 2
3 29
23 29
11 1
18 15
3 19
8 5
6 26
18 20
15 13
14 17
15 17
6 38
23 21
3 38
24 45
13 52
11 53
8 50
9 53
12 48
2 53
11 23
13 14
6 2
3 26
7 14
0 38
23 27
16 38
2 27
22 44
10 14
21 16
11 38
8 22
16 28
18 18
7 11
3 17
12 38
0 39
23 13
13 19
21 11
22 1
6 5
24 17
0 10
24 14
24 7
13 9
7 1
20 0
0 25
24 13
2 40
7 18
13 40
9 48
8 53
1 45
12 46
6 52
15 50
11 48
1 3
12 15
6 25
8 1
2 20
22 40
10 5
17 40
11 7
16 52
7 10
20 5
6 40
13 25
17 9
18 14
16 12
8 19
1 40
21 41
2 4
12 0
11 28
3 14
7 23
16 25
1 27
12 3
9 27
1 7
18 8
11 5
23 22
0 20
13 42
11 21
6 42
4 44
2 51
9 44
15 53
12 51
8 49
24 44
23 17
13 0
12 29
2 12
7 27
3 42
11 18
16 42
6 6
21 49
22 15
5 22
22 42
1 15
17 22
12 21
6 11
13 11
23 42
1 43
8 15
11 24
21 1
7 3
18 0
24 23
11 19
12 11
5 3
19 1
2 11
20 21
18 51
16 48
17 48
10 49
20 46
21 44
22 53
5 49
19 45

