317
8 23
4 10
13 30
3 20
11 30
6 47
18 47
16 53
15 49
2 53
21 53
10 45
6 11
18 25
16 0
2 28
12 26
23 30
17 24
7 30
11 9
1 46
20 17
3 14
3 30
7 9
1 17
11 1
21 14
17 12
6 30
22 31
8 28
13 12
12 21
16 10
13 15
22 22
19 20
20 10
10 7
7 7
17 26
18 15
3 4
15 3
12 32
8 3
6 32
4 47
16 51
11 49
21 50
18 53
10 46
14 46
16 15
11 19
7 20
18 9
12 1
20 32
17 8
1 32
22 10
8 44
9 20
23 27
17 32
8 8
18 20
1 10
2 13
6 12
11 32
20 33
23 4
1 13
13 17
7 5
16 24
21 24
13 6
20 9
11 16
2 16
12 10
0 14
18 14
4 19
7 34
6 9
13 34
12 44
2 52
22 53
16 49
10 48
11 45
3 45
7 27
12 17
11 7
18 1
2 17
23 34
9 18
15 34
13 5
20 44
1 3
6 2
11 34
6 14
17 5
16 2
3 5
13 19
18 34
21 35
8 16
2 4
23 8
1 9
12 22
13 2
23 25
18 23
13 0
21 10
20 7
21 8
12 23
4 0
15 36
13 27
7 36
11 48
10 49
3 53
2 50
6 53
21 48
14 52
7 1
12 13
11 5
8 26
2 18
5 36
23 12
17 36
22 11
13 51
1 6
24 14
13 36
12 2
16 25
18 3
1 26
23 7
2 36
20 37
17 18
3 28
8 9
11 28
7 8
12 3
22 17
22 2
9 15
7 2
17 14
1 16
2 26
10 15
3 38
22 12
12 38
7 50
6 50
18 50
21 45
15 44
11 47
16 46
3 12
2 24
16 4
18 21
12 28
0 38
22 24
7 38
17 28
20 53
14 12
23 13
11 38
3 10
2 8
13 29
7 24
21 12
6 38
17 39
8 22
16 23
22 9
22 28
1 25
18 4
0 23
1 12
21 18
24 8
4 12
6 15
21 28
2 21
3 40
6 22
15 40
10 47
11 44
22 51
8 49
7 49
12 45
18 52
16 17
3 25
21 5
22 1
7 25
12 40
6 10
17 40
11 25
0 50
23 3
1 20
6 40
21 2
2 1
16 29
17 9
1 1
22 40
12 41
7 3
18 11
23 18
8 19
11 13
14 1
23 2
5 21
21 11
22 5
18 17
19 27
21 15
8 12
2 42
7 6
10 42
18 51
22 44
15 46
12 52
16 47
4 45
6 51
6 28
2 0
21 20
3 1
15 28
17 42
23 24
12 42
8 4
1 48
7 12
20 2
21 42
21 16
8 29
11 23
3 16
13 9
16 42
17 43
1 29
12 12
22 8
2 10
6 3
2 22
18 22
2 15
12 18
11 29
20 25
6 17
23 49
9 45
20 51
24 45
19 51
17 45
5 48
1 52
0 53

