317
17 27
14 14
12 30
11 8
8 30
7 52
18 47
16 46
1 49
19 44
2 45
0 46
8 8
2 22
1 26
7 26
17 18
15 30
21 12
22 30
6 18
3 53
10 24
11 0
17 30
16 27
1 18
11 29
8 20
23 23
2 30
5 31
18 9
12 29
3 15
21 19
13 22
5 24
16 13
9 9
3 14
2 13
5 26
13 6
9 5
2 24
13 32
16 11
11 32
17 52
19 53
18 52
6 47
8 51
0 45
1 48
12 18
1 7
11 7
13 3
17 7
22 32
21 15
5 32
8 21
3 46
16 2
4 8
1 32
3 17
12 28
7 1
8 14
21 0
17 32
22 33
11 5
6 10
16 26
1 29
13 24
24 20
21 21
23 22
5 15
20 1
15 23
23 4
19 19
7 24
8 34
1 11
13 34
2 47
11 44
0 44
18 51
12 49
6 52
5 45
2 21
6 13
8 24
18 11
12 2
22 34
4 1
15 34
7 4
24 45
3 13
1 17
2 34
8 22
17 26
16 5
13 28
1 28
18 34
21 35
6 27
12 20
21 28
11 20
3 2
23 0
0 27
14 21
14 27
1 23
21 3
11 4
8 6
18 19
5 36
2 25
16 36
1 44
9 44
7 53
19 52
13 47
14 44
0 50
6 11
1 21
17 20
12 26
7 15
10 36
3 11
22 36
18 12
15 45
2 4
21 20
3 36
1 14
23 11
21 9
6 2
17 14
7 36
11 37
22 6
8 3
16 21
2 23
18 6
3 0
12 10
13 11
22 13
21 22
0 6
6 8
0 18
13 26
5 38
12 16
18 38
7 51
1 46
2 50
11 51
17 44
14 45
16 50
11 26
2 14
16 10
22 19
17 28
0 38
23 16
7 38
21 5
3 48
10 13
12 14
3 38
6 23
12 11
1 6
11 6
8 26
2 38
20 39
16 3
23 14
18 25
18 1
7 13
8 2
19 22
23 13
18 16
7 7
18 14
11 22
5 14
14 19
16 40
18 20
11 40
19 51
1 45
8 52
13 53
7 48
6 44
2 44
12 23
17 24
18 26
16 29
10 19
5 40
23 20
0 40
8 28
3 45
22 24
21 16
22 40
2 1
12 24
13 7
18 24
16 9
3 40
7 41
23 6
1 16
17 22
21 26
6 28
7 3
21 17
1 15
4 16
1 2
4 2
8 19
18 17
13 27
0 42
2 20
11 42
9 52
17 47
19 48
8 46
5 48
14 53
16 51
1 12
11 14
12 9
7 19
17 29
5 42
3 21
20 42
16 1
2 53
10 29
23 21
17 42
8 11
13 29
2 29
21 23
3 6
18 42
6 43
22 5
1 25
16 6
23 18
12 25
22 25
0 25
18 3
3 27
0 15
14 17
24 24
23 48
22 44
20 51
21 53
15 53
3 49
4 46
10 49
24 49

