317
17 17
14 14
5 30
21 16
3 30
22 47
11 53
13 47
2 44
10 49
1 50
7 53
1 8
13 25
11 3
6 9
2 4
8 30
23 2
16 30
7 15
12 49
24 21
21 5
1 30
2 3
11 11
17 15
6 13
23 9
12 30
7 31
3 26
18 2
22 13
21 28
18 26
1 24
23 4
22 16
3 20
0 15
11 23
11 27
17 16
8 20
3 32
16 8
6 32
1 51
10 53
13 48
11 50
21 45
5 49
2 53
7 0
3 25
6 24
1 6
17 28
12 32
16 3
20 32
11 26
0 45
9 4
23 25
2 32
3 3
8 10
21 24
22 21
11 20
17 32
12 33
6 3
23 15
16 21
2 14
7 1
13 3
19 26
21 12
21 18
14 8
23 8
2 22
21 13
7 7
10 34
13 11
5 34
17 46
8 53
16 44
3 44
22 49
4 49
14 45
11 0
21 1
16 27
3 14
5 23
23 34
15 9
0 34
7 18
12 47
13 14
18 25
8 34
2 28
11 7
12 9
18 8
6 10
13 34
22 35
1 0
17 3
21 20
16 19
7 12
11 1
21 21
18 10
2 15
3 6
6 5
19 23
2 20
1 14
21 36
3 1
5 36
13 53
10 45
11 47
4 52
17 53
8 49
7 48
21 0
8 6
6 28
17 6
22 6
15 36
9 9
12 36
1 29
18 45
3 0
0 18
2 36
3 18
11 19
18 7
12 3
21 25
8 36
15 37
7 19
6 29
22 3
23 14
1 3
16 24
22 25
8 14
23 7
21 11
20 28
13 15
10 21
3 12
13 38
2 12
21 38
16 46
6 52
17 52
11 51
4 48
1 46
5 53
13 1
1 7
21 17
11 16
22 11
7 38
12 8
15 38
6 21
2 51
0 8
18 23
23 38
2 9
3 7
16 23
22 18
11 2
18 38
7 39
17 1
6 4
12 28
13 7
21 15
5 29
11 10
15 0
14 3
13 23
11 4
3 21
22 17
5 0
1 40
21 3
6 40
4 53
13 50
3 52
8 51
14 50
16 45
11 49
1 5
6 8
7 28
8 9
2 17
12 40
24 1
15 40
11 12
18 46
21 2
23 13
8 40
17 14
16 17
6 11
21 14
2 7
18 40
10 41
3 13
22 23
23 10
13 13
1 19
18 24
1 9
17 10
22 27
19 16
20 6
20 22
22 4
13 29
16 42
6 19
7 42
11 45
2 52
5 44
21 50
1 52
14 48
4 46
22 9
8 19
7 17
21 27
15 25
2 42
0 21
10 42
17 18
23 50
6 7
18 1
21 42
2 19
13 4
7 6
18 22
8 18
23 42
1 43
17 19
6 16
22 22
16 20
11 22
16 14
5 9
22 20
5 18
19 24
9 22
1 2
23 47
0 52
24 49
20 48
9 49
18 44
19 44
12 46
15 50

