317
10 1
24 28
0 30
6 13
21 30
8 45
2 44
5 44
19 45
20 44
17 52
4 50
1 16
21 24
22 4
8 11
2 0
17 30
11 3
12 30
16 11
23 52
7 10
6 23
6 30
8 23
13 28
3 20
18 14
23 3
11 30
15 31
7 15
2 12
1 14
21 16
2 13
12 23
5 12
5 0
3 18
14 23
14 17
5 4
0 14
6 17
20 32
2 25
16 32
4 52
10 52
1 45
8 52
19 53
15 47
5 45
16 1
1 8
17 24
21 1
8 10
22 32
18 23
11 32
6 25
3 48
2 18
7 7
7 32
8 6
18 9
11 15
12 2
21 19
2 32
22 33
16 19
13 13
1 22
7 16
17 20
17 13
4 2
15 20
1 20
0 20
2 9
19 13
4 1
19 8
16 34
0 19
5 34
22 46
21 45
20 47
8 53
24 44
10 53
15 44
6 14
8 2
16 16
11 18
20 29
12 34
18 5
1 34
17 7
0 48
23 21
7 0
21 34
3 28
17 5
18 7
6 2
22 19
23 34
11 35
2 16
7 17
12 16
8 29
16 28
22 23
10 26
10 7
2 11
10 4
12 1
4 17
22 17
4 5
5 36
10 22
1 36
8 50
0 45
16 53
24 45
17 46
21 46
15 50
11 17
6 4
8 20
2 5
15 26
17 36
7 19
20 36
1 23
12 47
13 4
3 19
23 36
13 2
2 22
3 7
21 6
16 9
8 36
17 37
7 8
8 16
12 17
11 4
22 22
18 24
9 4
20 28
13 24
14 29
11 6
3 26
4 29
19 14
15 38
6 3
20 38
10 45
5 50
1 44
2 47
24 47
17 45
22 52
21 10
2 15
16 7
22 11
17 16
0 38
11 7
7 38
13 18
3 50
23 24
6 15
3 38
17 18
6 16
1 29
7 5
11 23
2 38
12 39
23 14
18 20
22 29
21 13
16 22
12 29
0 26
20 1
1 17
11 25
18 12
8 12
8 0
20 11
5 40
0 12
21 40
1 50
2 45
15 52
10 51
4 53
19 52
16 46
6 26
22 2
8 28
16 8
2 17
0 40
24 3
11 40
17 4
14 51
7 6
23 7
23 40
6 11
12 28
13 27
11 1
1 15
7 40
16 41
22 12
8 5
3 1
21 8
2 24
3 29
2 29
8 14
2 10
16 14
12 3
15 12
0 25
20 20
5 42
15 14
16 42
21 51
1 48
24 46
8 48
10 50
22 51
19 44
17 9
8 27
6 19
21 12
22 9
12 42
7 9
2 42
16 29
18 49
15 6
11 21
21 42
12 18
22 15
6 27
17 28
2 14
8 42
12 43
16 6
7 4
11 24
18 2
3 21
6 7
7 25
17 19
19 27
10 9
22 0
12 8
13 48
12 53
9 46
7 52
23 49
18 53
11 47
3 53
14 46

