317
13 21
0 17
1 30
21 9
5 30
10 46
7 45
20 51
8 47
9 49
17 46
4 47
11 12
8 29
7 12
6 15
2 16
17 30
22 28
12 30
1 6
23 46
16 20
21 15
7 30
8 23
21 22
12 5
16 8
2 6
22 30
17 31
6 24
13 29
23 29
3 28
13 14
16 14
22 24
13 28
7 13
23 26
9 22
1 20
17 28
13 18
20 32
14 24
1 32
18 50
0 51
7 44
6 53
5 52
4 49
10 53
2 25
17 24
1 17
6 1
18 20
7 32
12 4
22 32
21 3
11 51
3 21
16 7
18 32
22 21
13 17
1 21
17 16
6 10
11 32
7 33
23 6
3 4
2 22
16 13
12 28
5 6
15 11
22 10
1 22
22 7
1 12
15 8
20 5
4 1
17 34
6 27
0 34
7 46
2 49
8 53
10 47
5 51
14 47
9 47
17 22
2 7
1 7
18 28
7 5
12 34
24 26
21 34
11 29
3 45
6 22
16 0
7 34
22 1
3 10
1 4
17 19
6 12
8 34
11 35
21 23
18 19
12 14
16 16
2 5
11 10
9 7
21 21
16 5
20 15
2 1
6 8
20 25
1 13
13 36
2 0
7 36
6 51
5 48
4 44
0 49
21 51
18 46
10 45
18 1
13 3
6 20
21 5
7 19
22 36
11 18
15 36
1 28
12 53
3 9
2 28
6 36
7 28
2 14
13 1
16 27
21 6
18 36
22 37
12 20
18 8
11 21
8 20
3 17
11 17
5 22
13 26
13 23
20 17
7 0
5 13
5 9
20 28
8 38
4 19
0 38
10 52
7 53
14 48
17 50
2 52
6 50
21 50
8 4
1 5
7 6
6 16
22 15
13 38
3 26
17 38
12 15
4 48
24 27
16 19
3 38
16 2
23 22
1 16
22 9
6 11
2 38
11 39
8 6
17 8
7 24
7 1
18 26
15 5
10 28
10 19
9 13
6 26
8 15
23 16
0 18
20 10
5 40
21 20
8 40
17 44
1 51
7 47
10 44
14 51
13 51
18 53
18 14
6 0
7 10
8 25
13 25
22 40
16 9
2 40
17 10
11 46
12 19
21 10
12 40
7 4
3 11
13 10
11 13
2 17
16 40
22 41
17 6
6 6
8 7
18 22
21 27
2 15
16 6
9 19
5 8
12 21
9 0
10 5
13 6
0 10
20 42
2 3
7 42
4 50
6 52
14 50
1 45
9 44
5 50
10 49
1 24
8 2
6 19
7 29
13 2
17 42
16 18
22 42
3 2
2 50
12 26
11 11
1 42
18 15
3 3
13 12
8 3
23 13
11 42
17 43
7 17
12 3
16 23
6 28
21 4
15 23
17 15
15 12
9 1
7 27
5 25
17 21
23 53
22 44
24 49
12 49
15 51
16 45
11 52
3 50
19 49

