317
1 18
14 29
15 30
13 4
18 30
3 47
11 53
2 52
20 45
10 52
21 47
0 51
1 4
18 4
16 22
11 6
2 0
22 30
5 29
6 30
21 3
17 45
13 13
12 22
2 30
1 23
13 18
8 4
21 27
17 4
11 30
22 31
3 24
7 21
18 21
16 29
7 27
9 21
19 5
3 11
3 7
6 8
16 13
7 11
14 20
0 1
2 32
1 26
20 32
10 51
7 44
16 45
18 46
13 44
24 49
15 49
7 19
21 22
6 11
2 19
15 6
17 32
8 0
11 32
3 23
1 46
22 4
23 17
6 32
1 15
3 16
11 8
8 18
16 12
23 32
17 33
13 6
11 26
22 22
7 9
2 1
23 0
16 24
10 10
5 15
24 21
5 9
14 16
16 19
18 5
20 34
19 16
13 34
11 51
3 45
2 47
1 47
10 47
7 45
15 48
7 16
11 29
13 14
16 17
20 14
2 34
6 12
22 34
18 27
12 50
17 5
8 19
11 34
23 2
17 0
16 14
8 17
13 2
12 34
0 35
21 2
7 12
2 14
6 28
18 9
21 8
13 11
3 25
9 22
24 26
18 15
13 20
0 13
18 20
15 36
7 4
10 36
21 45
14 46
13 53
19 44
3 51
1 49
20 49
11 15
7 17
13 7
21 9
15 2
22 36
6 24
1 36
18 13
8 47
12 8
17 8
12 36
13 22
2 22
3 15
6 19
21 0
8 36
22 37
1 5
7 29
16 4
11 17
17 28
7 2
8 7
2 12
14 24
2 25
24 28
20 20
24 1
19 29
0 38
18 17
2 38
7 53
21 51
14 53
13 46
15 53
16 47
11 46
7 5
16 3
1 13
11 4
2 4
13 38
6 10
20 38
12 29
17 51
8 25
18 22
18 38
23 28
21 5
16 23
8 27
2 23
6 38
10 39
7 0
13 15
3 2
1 7
22 9
13 16
5 2
9 23
20 9
2 26
5 26
4 18
15 3
2 28
20 40
0 29
10 40
1 44
13 48
16 51
7 52
19 46
18 53
3 46
7 24
18 18
3 21
16 8
5 6
23 40
8 21
12 40
22 28
4 48
0 28
17 24
1 40
8 6
12 12
13 21
11 28
16 20
3 40
22 41
17 16
6 15
7 10
21 20
18 2
10 25
21 6
11 27
17 18
6 29
21 24
24 20
15 0
0 24
1 42
7 26
13 42
20 51
11 50
3 52
18 48
21 49
10 50
19 52
6 7
13 24
11 16
21 16
2 27
22 42
12 2
16 42
1 16
7 48
8 13
4 9
6 42
22 2
12 0
17 7
1 9
16 21
11 42
22 43
7 13
18 28
21 15
8 29
2 15
13 19
14 5
12 20
12 3
20 24
13 8
4 27
8 50
6 49
9 44
17 49
4 46
23 44
22 49
12 49
5 49

