317
17 28
24 7
15 30
11 6
3 30
2 49
13 48
10 44
20 53
0 51
5 49
18 51
3 0
2 5
16 21
13 19
0 6
17 30
6 3
21 30
12 19
8 44
11 12
7 14
6 30
7 21
3 16
22 1
11 18
16 3
1 30
12 31
8 22
23 14
2 29
17 23
23 26
9 22
1 5
0 29
15 24
11 5
9 29
24 4
24 1
20 22
2 32
21 20
10 32
15 52
5 45
13 51
16 45
18 49
0 49
4 45
8 0
11 11
7 8
1 8
2 14
17 32
6 8
12 32
16 28
22 44
21 15
23 7
6 32
7 24
3 26
13 22
12 3
16 13
21 32
17 33
2 15
11 14
23 24
6 16
1 27
14 9
17 29
4 3
12 29
16 7
20 24
4 15
2 2
16 5
13 34
15 6
10 34
3 46
18 45
20 46
21 44
0 47
5 47
17 44
11 16
13 6
2 17
21 1
17 16
7 34
4 6
22 34
16 15
6 44
12 5
1 16
1 34
11 20
23 16
22 16
18 14
2 12
21 34
7 35
13 15
6 29
7 12
17 12
3 11
14 15
9 19
13 18
22 21
24 23
24 14
7 11
5 20
21 14
17 36
20 7
13 36
4 52
10 50
16 52
15 45
11 46
3 52
24 53
16 11
13 28
11 26
1 0
17 27
3 36
23 23
6 36
2 20
12 47
22 7
20 3
12 36
13 5
7 23
8 14
18 3
3 6
16 36
0 37
6 7
16 10
22 18
11 10
21 23
0 15
10 13
3 25
15 26
1 20
22 3
11 4
10 7
15 9
16 38
5 2
2 38
20 44
18 53
14 48
13 47
4 49
0 45
24 49
3 8
2 4
17 3
16 20
18 19
22 38
7 9
11 38
21 12
6 45
1 25
8 10
7 38
13 20
16 12
18 21
11 22
3 5
8 38
21 39
2 18
6 4
1 3
1 9
12 21
10 6
1 12
10 29
1 13
11 24
17 20
21 7
15 29
24 24
17 40
21 2
13 40
10 47
2 44
16 47
5 48
20 51
0 48
11 50
1 23
18 8
16 26
17 8
12 23
10 40
22 22
2 40
8 5
23 49
21 6
6 21
21 40
3 21
16 16
23 10
12 0
11 19
1 40
7 41
17 6
2 24
13 17
18 6
6 6
16 22
5 4
14 7
0 0
0 24
18 17
19 6
11 8
0 3
13 42
5 28
20 42
15 48
17 52
24 45
3 53
16 44
10 48
2 47
7 3
23 28
21 4
1 18
13 24
2 42
8 13
17 42
11 1
6 46
22 10
12 12
23 42
22 14
18 9
11 17
6 27
12 20
16 42
2 43
8 27
13 29
21 8
7 25
1 2
11 29
8 11
12 17
22 24
20 29
21 28
3 15
7 47
6 53
19 51
1 46
22 48
23 44
8 48
12 51
9 51

