317
23 16
14 13
21 30
11 25
5 30
1 48
3 45
0 49
4 52
10 45
13 48
20 53
6 12
23 19
21 22
13 29
3 19
17 30
2 23
7 30
22 10
16 53
11 8
12 8
1 30
2 19
11 21
8 8
22 1
16 18
13 30
17 31
3 3
7 21
21 7
23 27
7 9
19 5
1 11
6 7
21 28
2 10
4 6
10 27
23 18
13 3
5 32
21 27
10 32
22 53
20 46
1 53
4 48
3 48
9 45
14 52
23 29
8 25
22 26
6 9
10 19
17 32
21 11
0 32
3 23
7 50
12 20
16 27
21 32
22 21
12 6
2 22
3 4
16 9
7 32
17 33
11 9
1 16
6 10
23 17
13 20
17 0
20 10
19 2
5 24
9 1
5 10
4 8
3 12
19 23
0 34
9 24
13 34
5 44
11 48
6 53
21 53
20 45
23 48
10 47
13 18
21 26
11 20
1 17
7 6
22 34
17 5
2 34
6 6
16 44
18 14
12 11
8 34
1 9
16 13
17 28
11 17
7 20
18 34
22 35
3 20
13 26
21 29
12 10
6 13
10 3
22 28
20 9
11 6
22 29
10 16
2 3
13 2
23 22
0 36
22 9
20 36
3 52
10 51
11 51
4 50
6 47
5 52
14 51
6 11
1 8
3 15
21 20
10 11
7 36
22 14
17 36
23 6
2 48
12 26
16 12
11 36
13 12
22 27
3 17
18 12
6 3
16 36
7 37
2 11
17 11
1 18
12 27
23 11
2 16
4 3
13 8
13 24
0 27
5 23
0 5
14 8
20 2
10 38
21 5
0 38
22 44
3 51
5 48
13 51
9 44
23 45
6 49
13 23
6 4
11 16
1 27
23 1
3 38
12 16
17 38
2 20
8 49
21 12
7 17
8 38
17 7
21 19
23 7
16 24
1 14
7 38
2 39
11 23
6 18
13 17
12 4
18 22
16 23
11 22
2 21
6 19
17 29
2 9
17 23
0 21
5 4
20 40
14 7
22 40
9 46
10 48
1 52
19 49
4 46
3 44
6 51
21 16
1 26
6 28
11 5
22 5
2 40
14 28
16 40
12 5
15 48
8 20
7 26
1 40
22 6
16 4
17 22
18 18
8 10
6 40
11 41
3 9
23 4
21 18
2 13
7 24
2 26
22 3
4 1
3 25
18 16
12 23
18 0
6 15
0 11
13 42
11 15
20 42
9 52
1 44
5 45
19 51
3 46
10 44
4 45
6 21
1 10
3 6
8 11
12 14
15 42
11 14
22 42
17 9
7 47
2 27
18 27
6 42
12 15
3 14
21 14
22 7
12 22
18 42
15 43
7 16
23 25
11 12
8 4
2 15
12 25
8 26
22 17
23 13
14 14
5 27
15 16
17 48
24 48
18 47
2 51
7 45
8 53
16 48
12 49
15 46

