r\t   0   1   2   3   4   5   6   7   8   9  10  11  12  13  14  15  16  17  18  19  20  21  22  23  24 
  0  -1  -1  -1  -1  -1  -1 286  -1  -1  -1  -1  -1  -1  -1  -1  -1  -1 115  -1  -1  -1  -1 212  -1  -1 
  1  -1 110  -1  -1  -1  -1  -1 133  -1  -1  -1  64 148 148  -1  -1  -1  -1 128 171  -1 300  -1  -1  -1 
  2  -1  -1  -1  -1 302  -1 158 124  -1  -1  83  89 249 265  -1  -1  -1  -1  -1  -1  -1  -1  -1  29  -1 
  3  -1  -1  -1 259  -1  -1 117  -1  -1  -1  -1  -1  -1 113  -1  -1  -1  -1  66  -1  -1  23  -1  -1  -1 
  4 301  -1 213  -1  -1  -1 267 108  -1 220  -1  37  -1 248  -1  -1 240  -1 299  39  -1 199  -1  -1  -1 
  5  -1 287  88  -1  -1  -1  -1  -1  13  -1  -1  -1  -1  -1  84  -1 219  -1  -1  -1  -1 157 245 135  -1 
  6  -1  -1 303  -1  -1  -1  -1  60  60  -1  -1  -1 190 164  -1  -1  -1  -1  -1  -1  -1   3  -1  78  -1 
  7  -1  -1  -1  -1  -1  -1  -1 208 277  -1  -1  -1  -1  41  -1  -1  -1  -1  -1  -1  -1 170  -1  -1  -1 
  8  -1  -1  -1  -1 129  -1  -1  79  -1  -1 307  -1  -1 188 198  -1 100  -1  -1  -1  -1  -1  -1  -1  -1 
  9  -1 243  -1  -1  -1  -1  -1  -1 174  -1  -1  72  28  -1  -1  -1 189  -1  -1  -1  -1  56  -1 293  -1 
 10  -1  86  -1  -1  67  -1  -1  -1  -1  -1  -1 215 235  -1  -1  -1  -1  -1  -1  -1  -1  -1  -1  -1  -1 
 11  -1  -1  -1  -1  -1  -1  -1  -1  -1  -1  -1  -1  -1  -1  -1  -1  -1  -1 161  -1  43 103  35 150  -1 
 12  -1  -1  -1 257  -1  -1 101  14 204  91  -1 205  -1 210  -1  -1 209  -1 203  -1  -1  -1 192 192  -1 
 13 172  -1  -1  -1  -1 176  -1  -1  -1  -1  -1  27 159  -1  -1  -1  57  -1  -1  -1  -1  -1  -1  -1  -1 
 14  -1  -1  -1  -1  -1  -1 291  -1 292  -1  -1  -1  -1  -1 216  -1  -1 106  -1  -1  -1  -1  -1  -1 175 
 15  -1  -1  -1 116  -1  -1  34  87 147  -1  81  -1  -1  -1  -1  -1  -1  -1 111 282  -1  -1  -1  -1  -1 
 16  -1 191 196 255  -1  -1  59  -1  -1  -1  -1 254  -1 290  -1  -1  -1  -1  -1  -1  -1 202  62  -1  -1 
 17  -1  -1  -1  -1  -1  -1 238 246  -1  -1  -1  -1 279 211  -1  -1  -1  -1  -1  -1  -1 263 132 201  -1 
 18  -1  -1  -1 289  -1 221 218  -1 168  -1  -1  -1  -1  -1 306  -1  15  -1  38  -1 261 232  16  16  -1 
 19  -1  -1  -1  -1  -1  -1  -1  -1  -1  -1  -1  -1  -1  -1  -1  -1 179  -1  -1  -1  -1  -1 167  -1  -1 
 20  -1 298  12  -1  -1  -1  -1  -1  -1  -1  -1 264 104 104  -1  -1  -1  80  -1  -1  -1  -1  -1  -1  -1 
 21 173  -1 234  -1  -1  -1 154 297 131  -1  -1  -1  -1 233  -1  -1  -1  -1  -1  -1  -1  -1  -1  -1  -1 
 22  -1  25  -1  -1  -1  85 223  -1  73  -1  -1  -1  -1  77  -1  -1  -1 280 280  -1  -1  -1 145  -1  -1 
 23  -1  -1   0  -1  -1  -1  69 278  -1  -1  -1 144  76  -1  -1  45 256  -1  -1  22  -1 305  -1 253  -1 
 24  -1 217  -1 242  -1  -1 247  -1 102  -1  -1  36  42  -1  -1  -1 296  -1 304  -1 177  82  -1  -1  -1 
 25  -1 165  -1  -1  -1  -1  20 236 236  -1  -1  -1  -1  -1  -1  -1 114 169  -1 262  -1  -1 125  -1  -1 
 26  -1 123 121  -1  -1  -1  -1  -1  -1  -1  -1 276 120  71  -1  -1 258  -1  -1  -1  -1  -1  47  -1  -1 
 27 260  -1  32  18  -1 130  -1 152  -1  -1  -1  -1  -1  -1  -1  -1  44  -1  -1  -1  -1  -1  -1  58   1 
 28  -1 155 160  -1  -1  -1  -1  40  26  -1  -1 166  -1  33  -1  -1 126 194  70  -1  -1  -1  -1  -1  -1 
 29 214  -1 252  -1  -1  -1  -1  -1  -1  -1  -1  -1  -1  -1  -1  -1 284  -1  -1  -1  -1 146  -1 122 127 
 30  -1  -1  -1  24  -1  -1  -1  30   4   4  -1  19  19  19  -1  -1  -1  17  17  -1  -1  -1   2   2  -1 
 31  -1  -1  -1  -1  -1  -1  -1  -1  -1  -1  -1  -1  -1  -1  -1  -1  31  31  31  -1  -1  -1  -1  -1  -1 
 32  -1  -1  61  61  -1  48  48  -1  -1  -1  -1  -1  63  63  63  -1  68  -1  -1  -1  -1  74  -1  46  46 
 33  -1  75  75  75  -1  -1  -1  -1  -1  -1  -1  -1  -1  -1  -1  -1  -1  -1  -1  -1  -1  -1  -1  -1  -1 
 34  -1  -1 107 107 107  -1  92  92 112  -1  -1  -1  -1  -1  -1  90  90  -1 118  -1  -1  -1 105 105  -1 
 35  -1  -1  -1  -1  -1  -1  -1  -1  -1  -1  -1  -1  -1  -1  -1  -1  -1  -1  -1  -1  -1  -1 119 119 119 
 36  -1 162 151 151 151  -1  -1  -1 136 136  -1  -1 134 134  -1 149 149  -1  -1  -1  -1  -1  -1 156  -1 
 37  -1  -1  -1  -1  -1  -1  -1  -1  -1  -1  -1  -1  -1  -1  -1 163 163 163  -1  -1  -1  -1  -1  -1  -1 
 38  -1  -1  -1 193 193  -1 206 195 195 195  -1  -1 180 180  -1  -1  -1 200  -1  -1  -1  -1  -1 178 178 
 39  -1 207 207 207  -1  -1  -1  -1  -1  -1  -1  -1  -1  -1  -1  -1  -1  -1  -1  -1  -1  -1  -1  -1  -1 
 40  -1 244  -1  -1  -1  -1  -1  -1  -1  -1  -1  -1 222 222  -1 224 224 237 237  -1  -1 250 239 239 239 
 41  -1  -1  -1  -1  -1  -1  -1  -1  -1  -1  -1  -1  -1  -1  -1  -1  -1 251 251 251  -1  -1  -1  -1  -1 
 42  -1  -1 281 281  -1  -1  -1 266 266  -1  -1  -1 294  -1  -1 268 268 288  -1  -1 283 283 283  -1  -1 
 43  -1  -1 295 295 295  -1  -1  -1  -1  -1  -1  -1  -1  -1  -1  -1  -1  -1  -1  -1  -1  -1  -1  -1  -1 
 44  -1  -1 182  -1  -1  -1  -1  -1  -1 274 285  -1  -1  -1  -1   6  -1 313  -1  -1  11  96  -1  -1  -1 
 45  -1  -1 226  -1 309 271  -1  -1 225  -1  -1  -1   5  -1  -1 185  -1  -1 197  -1  -1  -1  -1  -1  -1 
 46  -1 308 141  -1  -1  -1  -1 229  -1  -1  -1  -1  52  -1 241  -1  -1  -1 153  -1  55 139  -1  -1  -1 
 47  -1  -1  -1  -1  -1 140  -1  -1  -1  -1 314  -1 275  -1  -1  -1  -1  -1  -1  -1  97  -1 187  -1  -1 
 48 310  -1  -1  -1  -1  -1   8 184  -1  -1  -1 137  -1  10  -1  -1  -1  -1 312  -1  -1 231  -1  94 269 
 49  -1  -1  -1  -1  -1  -1 183  -1  -1  -1  -1 230  -1  -1  -1  -1  -1  65  -1  -1 228  -1 227  -1  -1 
 50  -1  -1  -1  -1  -1   9  -1  -1 186  -1  -1  53  -1  -1  -1  -1  -1  -1  -1 316  -1  -1  -1 273  -1 
 51  -1  21  -1  -1  -1  99  -1  -1  50  -1  -1  -1  93  95  -1  -1  -1  -1  -1  -1  -1  -1  -1  -1  -1 
 52  -1  -1 270  -1  -1  -1  -1   7  98  54  -1 181  -1  -1  -1  -1  -1  -1  -1  -1  -1  -1  -1  -1 143 
 53 109  -1  -1 315  -1  -1  -1  49  -1  -1  -1  -1  -1  -1 311  -1 142  -1  -1  -1 138  51 272  -1  -1 

r\t   0   1   2   3   4   5   6   7   8   9  10  11  12  13  14  15  16  17  18  19  20  21  22  23  24 
  0  -1 191 154  13  -1  -1  -1 104 104  -1  -1  -1  -1 232  -1  -1  -1 247 111  84  -1  -1 164  -1  -1 
  1  -1  -1  -1 262  -1  -1  -1  -1 300  -1  -1  18  -1  -1  -1  -1 305 170  -1  -1  -1 298 120  -1  41 
  2  -1  -1  -1  64  -1  91  -1 188  -1  -1  -1  -1  -1  -1  -1  -1  -1  -1  56  -1  -1  -1  25  -1  -1 
  3  -1  -1  -1  -1  -1 221 277  -1  -1  -1  -1 171  -1  73  -1  -1  -1  43  -1  -1 177 159  -1 196  -1 
  4 172  -1  -1  -1  -1  -1 146  42  -1  -1  -1  -1  -1  -1  -1  -1  -1 297 209  -1  -1  69  -1 158  -1 
  5  -1  15 110  28  -1  83  -1  -1 276  -1 192 192  -1 280 280  -1 102  62  -1  -1  -1  -1  -1 202  -1 
  6  -1  77  -1 215  -1  -1  -1  -1  -1  -1  -1 242  -1  -1 169  -1  -1  89 253  -1  -1  -1 289  -1  -1 
  7  -1  -1  -1  -1 233  -1 132 152  85 128  -1  87  -1  -1  -1  -1  -1 264  -1  -1  -1  -1  -1  -1  -1 
  8 302 306  -1  -1  -1  -1  -1 210  -1  -1  -1  -1  -1 204 216  -1 248  -1  -1  -1  -1  -1  60  60  -1 
  9  -1  -1  -1 160  -1  -1  -1  -1  -1  -1  -1  -1  -1  -1  -1  -1  -1  81  -1  -1  -1 194  -1  -1  -1 
 10  -1  -1  -1  -1  -1 176  -1 243  82  -1  -1  -1  -1  -1  -1  -1 291 179 174  -1  -1  -1  -1  80  -1 
 11  -1 165  -1  -1  -1  -1  -1 133  -1  -1  -1  -1  -1  -1  -1  -1  -1 257  -1  -1  -1  -1  -1  -1  -1 
 12  -1  -1  -1  -1 301  -1 189  -1 116  -1  -1  -1  14  12   1  -1  -1  -1 292  -1  -1  -1 255  -1  -1 
 13  -1  88  -1  -1  -1  -1  -1  -1 166  -1  -1  -1  -1 261  -1  -1  -1  -1  -1  -1  -1 113  -1 103  -1 
 14  -1 150  -1  -1  -1  -1  -1 223   3 127  -1  -1  -1 117  -1  -1  -1  -1  -1  -1 129  -1  -1  -1  -1 
 15  -1 303  -1  -1  -1  -1  -1  -1  -1  -1  -1  -1 290  -1  -1  -1 161  -1 124  -1 267  32  -1  -1  -1 
 16  -1  -1  -1  39  -1  -1 205 278 211 304  -1  -1  33  -1  -1  -1  -1  -1  -1  -1  45  -1 201  44  -1 
 17  -1  -1  -1 299 282 218 293 168  -1  -1  -1  -1 208 245  -1 307  67  -1  -1  37  -1  -1  -1  -1  -1 
 18  -1  -1  -1  -1  -1  -1 240  -1 147  -1  -1 254 265  -1  -1  -1  -1  -1  -1  -1  -1 212   0  -1  -1 
 19  -1 135 122 101  -1  -1  58  26  -1  -1  -1  -1  -1  59  -1  -1 115  -1 263  -1  -1  -1  -1  -1  -1 
 20  -1  -1  -1  -1  -1  -1 249  -1  -1  -1  -1  -1  -1 157  -1  -1  -1 114  -1  -1  -1  -1 131  -1  -1 
 21  -1 100  -1  -1  -1  16  16 123 235  -1  -1 167  -1 260  -1  -1  78  35  -1  -1  -1  -1  -1  -1  -1 
 22  -1  -1 214  -1  -1  38  -1  72  23  -1  -1 286  -1  -1  -1  -1  -1  -1  -1  -1  -1 238  70  -1  -1 
 23  -1  -1  -1  86  -1  -1 108  -1  -1 220  -1  -1 234  -1  -1  -1  -1  47  -1 106  -1 219 279  -1  -1 
 24  -1  71  20  -1  -1  -1  34  -1 256  -1  -1 217  -1  -1  -1  -1  -1 213  -1  -1  -1  66  -1  -1  -1 
 25  -1  -1  -1 145  -1  -1  79 175  -1  -1  -1 155  -1  -1  -1  -1  -1 203  -1  -1  -1  -1  -1  -1  -1 
 26  -1 258  -1  -1  -1  -1  -1  -1  57  -1  -1  27 148 148  -1  -1  -1  -1  -1  -1  -1  -1 125  -1  -1 
 27  -1  -1 296  -1  -1  -1  -1  -1  -1  -1  -1 259 284  -1  -1  -1  -1  -1  29  -1  -1  -1 236 236  -1 
 28  -1  -1  -1 130  -1  -1 121  40 190  -1  -1  -1  -1  36  -1  -1 199  -1 198  -1 287  -1  -1 252  -1 
 29  -1  -1  -1  76  22 126  -1 246  -1  -1  -1  -1  -1  -1  -1  -1  -1  -1  -1  -1  -1 173  -1 144  -1 
 30  -1  -1  -1  -1  -1  -1   4   4  30  -1  -1  -1   2   2  -1  -1  24  17  17  -1  -1  19  19  19  -1 
 31  31  31  31  -1  -1  -1  -1  -1  -1  -1  -1  -1  -1  -1  -1  -1  -1  -1  -1  -1  -1  -1  -1  -1  -1 
 32  63  63  63  -1  -1  -1  68  -1  48  48  61  61  -1  46  46  -1  -1  74  -1  -1  -1  -1  -1  -1  -1 
 33  -1  -1  -1  -1  -1  -1  -1  -1  -1  -1  75  75  75  -1  -1  -1  -1  -1  -1  -1  -1  -1  -1  -1  -1 
 34  -1 112  -1 118  -1  -1  92  92  90  90  -1  -1 105 105  -1  -1  -1  -1  -1  -1 107 107 107  -1  -1 
 35  -1  -1  -1  -1  -1  -1  -1  -1  -1  -1 119 119 119  -1  -1  -1  -1  -1  -1  -1  -1  -1  -1  -1  -1 
 36  -1 162  -1  -1  -1  -1  -1  -1  -1  -1  -1  -1 156 136 136  -1  -1  -1 149 149 151 151 151 134 134 
 37  -1  -1  -1  -1  -1  -1  -1  -1  -1  -1  -1  -1  -1  -1  -1  -1  -1 163 163 163  -1  -1  -1  -1  -1 
 38  -1  -1  -1 193 193  -1 178 178  -1  -1  -1 206 195 195 195  -1 200  -1  -1  -1  -1  -1 180 180  -1 
 39  -1  -1 207 207 207  -1  -1  -1  -1  -1  -1  -1  -1  -1  -1  -1  -1  -1  -1  -1  -1  -1  -1  -1  -1 
 40  -1  -1 237 237  -1  -1  -1  -1  -1  -1  -1  -1 250 222 222  -1  -1 239 239 239  -1 244  -1 224 224 
 41  -1 251 251 251  -1  -1  -1  -1  -1  -1  -1  -1  -1  -1  -1  -1  -1  -1  -1  -1  -1  -1  -1  -1  -1 
 42  -1 288 281 281  -1 266 266  -1  -1  -1  -1 294  -1 268 268  -1 283 283 283  -1  -1  -1  -1  -1  -1 
 43  -1  -1  -1  -1  -1  -1  -1  -1  -1  -1  -1  -1  -1  -1  -1  -1  -1  -1  -1  -1  -1  -1 295 295 295 
 44 310  -1  -1 183  -1  -1  -1  -1 272  -1  -1  -1 184  -1  97  50  21  -1  -1 309  -1  -1  96  -1  55 
 45 109  -1  -1 141 316  -1  -1  -1  -1  -1  -1  -1  -1  -1  -1 230 153  -1  -1  -1 228  -1  -1  94  11 
 46  -1 181  -1  -1  -1  -1  -1  -1  -1  -1  -1  -1  -1  -1  -1   5  -1  -1  -1  -1  -1  -1  -1  -1  -1 
 47  -1  -1 313  93  -1  54  -1  -1  -1 271  -1 308 142  95  -1  98  -1  -1 314  -1   7  -1  -1  -1  -1 
 48  -1  -1  -1  -1  -1  -1  -1  -1 182  -1  -1  -1  -1  -1  -1  -1  -1  10  -1  -1  -1  -1  -1  -1  -1 
 49  -1 269  -1 226  -1   9  -1  -1 139   8  -1  -1  -1  -1  -1  -1 241  -1  -1  -1  -1 285  -1  -1 187 
 50  -1  -1  -1  53  -1 143  -1  65  -1 138  -1  -1  -1  -1  -1 140 311 197  -1  -1  -1 315  -1  -1  -1 
 51  -1  -1  -1 273  -1  -1  -1 274  -1 185  -1  -1  -1  -1  -1 275  -1  -1  -1  -1  -1  -1  -1 270  -1 
 52  -1  52  -1   6  -1  -1  51  -1 225  -1 312  -1  -1  -1  -1  -1  -1  -1  -1  -1  -1  -1  49  -1  99 
 53  -1  -1  -1  -1  -1  -1 229  -1  -1  -1  -1  -1 227  -1  -1 186  -1 137  -1  -1  -1  -1 231  -1  -1 

r\t   0   1   2   3   4   5   6   7   8   9  10  11  12  13  14  15  16  17  18  19  20  21  22  23  24 
  0  -1  -1 135  77  -1 176  -1 158  -1  -1  -1  -1  -1  85  -1  -1  -1  -1  -1  -1  -1 240  -1 122  -1 
  1  91  -1 233 286  -1  -1  -1  -1 129  -1  -1 146  -1  -1  -1  -1 103  -1  -1  -1  -1  -1  -1 256  -1 
  2  -1  -1  -1 191  -1  -1  -1  -1 211  -1  -1  -1 277  -1  -1  -1  -1  -1  -1  -1  -1 199  25  -1  -1 
  3  -1  -1  36  -1  -1  47  29  -1  38  -1  -1  -1 204  -1  -1  -1  -1 297  -1  -1  -1 175  -1  -1 171 
  4  -1 235 290 252  -1  -1  -1  -1  -1  -1  -1  -1  28 247  -1  -1  -1  -1 209  -1  -1  86  -1 150  -1 
  5  -1  -1 117 243  -1  -1  -1  -1 213  -1  -1 131  -1  -1  -1  -1 201  -1  -1 214  -1  -1  -1  -1  -1 
  6  40  -1  -1  -1  -1  -1 125  69  -1 126  -1  -1  -1  -1  -1  -1 248  -1  -1  -1  -1  -1  -1  -1  -1 
  7  -1  -1  -1  -1  -1  -1 100  -1  80  -1  -1  -1  44  -1  -1  -1  -1 254  79 170  -1  -1  -1  -1  -1 
  8  -1 124  -1  -1  -1  -1 232  -1 160  -1  -1   0  -1 280 280  -1  -1  -1  -1  -1  81  -1   3  -1  -1 
  9  -1  -1 159  -1  -1  -1  -1  -1 301 219  -1  -1  -1 123  -1  -1 291  -1  -1  -1  -1 299  -1  -1  -1 
 10  -1  -1 196  -1  -1 302  45  -1 114  -1  -1  78  -1  -1  -1  16  16 238 234  -1  -1  -1  -1  23  -1 
 11  -1  -1  88  -1  -1  -1 210  -1  -1  -1  -1  -1 161  -1  -1  -1  -1  -1  -1  -1  -1  -1  -1  -1  -1 
 12  -1  12  -1  -1  -1  37  -1  -1  -1  -1  -1  -1  14  59  -1  -1 223  -1  -1  -1  43  32 306 296  -1 
 13 132 276 101  -1  -1  -1  -1  -1  66  -1  -1  57  -1  -1  -1  -1  -1 194  -1  -1  -1  -1  -1  -1  -1 
 14  -1  -1  -1  -1  84  -1  -1  -1 215  -1  -1  -1  -1 300  -1  -1  -1  -1 258  -1  -1  -1 278  -1  -1 
 15  -1  -1 267  -1  -1  -1  -1  -1  -1  -1  -1 246  -1 144  -1  -1 152 120  -1  -1 259  22  -1  -1  -1 
 16  -1 205  33  -1  -1  -1  -1  -1  -1  -1  -1  13 293 127 221  -1 179 212  -1  -1  -1  -1  -1  -1  -1 
 17 220  -1  -1  -1  -1  67  -1  -1  -1 287  -1 108  -1 169  -1  -1  56  -1 249  -1 106  -1  -1  -1  -1 
 18 265  -1 174  -1  -1  -1  -1 111 289  -1  -1  34  -1 218  -1  -1 303  -1  -1  -1 217  -1  -1  -1  -1 
 19  -1  -1 154 164  -1 128  20  -1 110  -1  -1 116  58 202  -1  -1  -1  -1 292  -1  -1  73  -1  -1  -1 
 20  -1 190  76 165  -1  -1 245 284  -1  -1  -1  -1  -1  -1  -1  -1  -1  -1 264  -1  -1  -1 145  -1  -1 
 21  -1  -1  -1  -1  -1  -1  -1  -1  -1  -1  -1  -1  -1 166  -1  -1  -1  -1 113  -1  -1 167  -1  -1  -1 
 22  -1  -1  -1 155  -1  -1 115 236 236  -1  -1  -1 104 104  -1  -1  26  -1  -1  -1  82  -1 261 172  -1 
 23 130  -1  -1  -1  -1  -1  70  -1  -1  -1  -1  -1  -1  -1  -1  -1 198  -1  -1  -1  -1 282  -1  -1  -1 
 24  -1  -1  -1  -1  -1  -1  -1 192 192  -1  -1 168 304  35  -1  -1 242  72 262  -1  -1  -1  42  -1  -1 
 25  -1  64 255  -1  -1  -1  -1  -1  -1  -1  -1  -1  -1  15  -1  -1  -1  -1 307  -1  -1  -1  -1  -1  -1 
 26  -1  27  -1  -1  -1  -1  -1  39 279  -1  -1  -1  -1  -1  -1  -1  -1  -1   1  -1  -1  -1 208 203  -1 
 27  -1 102  -1  -1  -1  -1 189  -1  -1  -1  -1 298  -1  -1  -1  -1  -1  60  60  -1 305  62  -1  -1  -1 
 28 148 148  -1  71 173  -1 133  -1 253 216  -1 263 121  87  -1  -1  -1  -1  -1  -1  -1 257 157  -1  -1 
 29  -1 260  -1  -1  89  -1  -1  -1  -1  -1 177  41 147  83  -1  -1  -1  18 188  -1  -1  -1  -1  -1  -1 
 30   4   4  19  19  19  -1  -1  17  17  -1  -1  -1   2   2  -1  -1  -1  30  -1  -1  -1  -1  -1  24  -1 
 31  -1  -1  -1  -1  -1  -1  -1  31  31  31  -1  -1  -1  -1  -1  -1  -1  -1  -1  -1  -1  -1  -1  -1  -1 
 32  46  46  63  63  63  -1  -1  -1  -1  -1  -1  -1  -1  74  -1  48  48  -1  68  -1  -1  -1  -1  61  61 
 33  -1  -1  -1  -1  -1  -1  -1  -1  -1  -1  -1  -1  -1  -1  -1  -1  -1  -1  -1  -1  -1  -1  75  75  75 
 34  -1  -1  -1 112  -1  -1  -1 118  -1  -1  -1  -1  -1  92  92  90  90 107 107 107  -1  -1  -1 105 105 
 35  -1  -1  -1  -1  -1  -1  -1  -1  -1  -1  -1  -1  -1  -1  -1  -1  -1  -1  -1  -1  -1 119 119 119  -1 
 36  -1 162  -1  -1  -1  -1  -1 151 151 151 134 134 136 136  -1  -1  -1 149 149  -1  -1  -1  -1 156  -1 
 37  -1  -1  -1  -1  -1  -1  -1  -1  -1  -1  -1  -1  -1  -1  -1  -1 163 163 163  -1  -1  -1  -1  -1  -1 
 38 178 178  -1  -1  -1  -1  -1 200  -1  -1  -1  -1  -1 193 193  -1  -1  -1 180 180  -1 206 195 195 195 
 39  -1  -1 207 207 207  -1  -1  -1  -1  -1  -1  -1  -1  -1  -1  -1  -1  -1  -1  -1  -1  -1  -1  -1  -1 
 40  -1 244  -1  -1  -1 224 224 250  -1  -1  -1 239 239 239  -1  -1  -1  -1 222 222  -1  -1 237 237  -1 
 41  -1  -1  -1  -1  -1  -1  -1  -1  -1  -1  -1  -1  -1  -1  -1  -1  -1  -1  -1  -1 251 251 251  -1  -1 
 42  -1 294  -1  -1  -1  -1  -1  -1  -1  -1  -1 266 266 268 268 283 283 283  -1  -1  -1  -1 288 281 281 
 43  -1  -1  -1  -1  -1  -1 295 295 295  -1  -1  -1  -1  -1  -1  -1  -1  -1  -1  -1  -1  -1  -1  -1  -1 
 44  -1 272  -1  -1 143  -1  96  -1 311  -1  -1 226  -1  -1 138 225   6  -1  53  -1  -1  -1 142  -1  -1 
 45  -1  -1 227  -1 269  -1  -1  -1  -1  -1  -1  -1  -1  -1  -1   7  -1  -1  -1  -1  -1  -1 184  -1  -1 
 46  -1  -1  -1  -1  -1  -1 273  -1  -1  -1  -1 183  98 187  -1  -1  -1  -1  -1   9  -1  -1  93  -1  -1 
 47  -1  -1  -1 109  -1  95  -1  -1  -1  -1  55  -1  -1  -1   8 185  -1  -1  -1 274 310 153  -1  -1  -1 
 48  -1  -1  -1 313  -1  -1  -1  -1  -1  -1 271  -1  -1  -1  -1  -1  -1  -1  -1  50  -1  -1 270  -1  -1 
 49  -1 231 181  -1  -1 137  10  -1  -1  -1  -1  51  -1  -1  -1  -1  -1  -1  -1  -1  -1  -1  -1  -1  -1 
 50  -1 139  -1  -1  -1 275  -1  -1  -1  -1  -1  -1  -1  -1 186  -1  -1  -1  -1 140  -1 308  52 312  -1 
 51  -1  -1  -1  -1 229  -1 182  65  -1 309  97  -1  -1  -1  -1 141  -1  -1  -1  -1  -1  -1 228  -1 316 
 52  -1  -1  -1  -1  -1  -1  -1  -1  -1  -1  11  -1 197  49  -1  -1  -1  -1  -1  -1  -1  -1  -1  -1 241 
 53  -1  99 285  -1  -1   5  -1 314  -1  -1 230  94  -1  -1  54  -1  -1 315  -1  -1  -1  -1  21  -1  -1 

r\t   0   1   2   3   4   5   6   7   8   9  10  11  12  13  14  15  16  17  18  19  20  21  22  23  24 
  0 286  69  -1 305  -1  -1  -1  -1 289 218  -1  -1  -1  -1  81  -1  -1  -1 129  -1  -1 216 128  72  -1 
  1  -1  -1 298 267  -1  -1 194  71  -1  -1  -1  44  -1   0  -1  -1  -1  29  -1  -1  -1  -1  87  -1  -1 
  2 302  -1  59  88  -1  -1  -1  -1  -1  -1  -1 202 232  -1  -1  -1  -1  -1  -1  -1  82  -1  -1  -1  -1 
  3  -1  56  -1  -1 263  -1  62  -1  -1  -1  -1  -1  -1  -1  -1  -1  -1  -1  -1  -1  -1 243  -1  -1  -1 
  4 198  85 252  12  -1  -1  -1  -1  -1  -1 221  -1  -1 300  -1  -1  -1 247  -1  -1  -1  -1  -1 126  -1 
  5  13  -1  -1 287  -1  -1 249  -1 161  -1  -1  -1  -1  -1  -1  -1  64  -1 113  39  -1  -1 215 292  -1 
  6  -1  -1 124 102  -1  -1  76  -1  -1 169 214  -1 277  36  -1  45 146  -1 304  -1  -1  -1 123  -1  -1 
  7  -1  -1  -1 253  83  -1  -1  -1 199  -1  -1 290  -1  91 176  -1  -1  -1  -1  -1  -1 157 303  -1 306 
  8  -1  -1  -1 190  -1  -1  -1 147  -1  -1  -1  -1  33  -1   1  -1  70  -1  -1  -1  -1  67  80  -1  -1 
  9  -1  -1 284  -1  -1  -1  -1  -1 279  -1  -1  -1 122  -1  -1  -1  -1 219 108  -1  -1 154 296 235  -1 
 10 260  -1 209  -1  -1  -1  -1  22  34  -1  -1  -1  -1 159  -1  -1 120  -1  -1  -1  -1  -1  66  -1  -1 
 11  -1  -1  -1  -1  -1  -1  -1  -1 245  -1  -1  -1  -1  -1  -1  -1  -1  -1  35  -1  -1 282  -1 116  -1 
 12  -1  -1 223  -1  -1  -1  -1  -1  -1  -1 280 280  78  -1  -1  -1  -1  -1 173  -1  -1  -1 240 152  -1 
 13  -1  -1  -1  -1  -1  -1 259  -1  -1  -1  -1  -1 201  -1  -1  -1  -1  -1 168  -1  -1  -1  -1  -1  -1 
 14  -1  -1  -1 203  -1  -1  -1  -1  -1  38  -1  -1  60  60  -1 301  -1 160  -1  -1  -1  20  -1  47  -1 
 15  -1 165  -1  -1  89  -1 205 238  -1  -1  -1  -1  -1 135  -1  -1  -1 172  -1  -1  -1  -1  -1  -1  -1 
 16  -1 111  79  -1  -1 170 242  -1  -1  -1  -1  57  -1  -1  -1  -1 246  -1  -1  -1  -1  -1  -1  -1  -1 
 17  -1  -1  37 117  -1  -1  -1  26  -1  -1 148 148 133 265 220  -1  -1  -1 145 150  -1 121  -1  -1  -1 
 18  -1  -1 103  -1  -1  -1  -1  -1 114  -1  -1  -1  -1  -1  -1  -1  -1  -1  -1  -1  -1  -1  -1 127  -1 
 19  -1 276  -1  -1  -1  -1  -1 254 211  -1  -1  -1  -1  -1  -1 175  -1  -1  -1  -1  -1 258  -1 257  -1 
 20  -1 189  -1 262  -1  -1  -1  -1  -1  -1  -1  -1  -1  -1  -1 264   3 297  -1  -1  -1  -1  -1  -1  -1 
 21  -1  14  15  73  -1  -1  -1  -1  -1  -1 132  -1  -1  -1  -1  -1 100  -1  -1  -1  -1  -1  -1 278  -1 
 22  -1  -1  -1  -1  -1  -1  -1  77  -1  -1  -1  -1  -1 106  -1  -1  -1  -1  -1 125  -1  -1 208  -1  -1 
 23  -1 213  -1  -1  -1  -1  -1  -1 144  -1  -1  42  -1 212  -1  -1 293  -1  -1  -1  -1  -1 166  -1  -1 
 24  -1 255  -1  -1  43  -1  -1  -1  -1  -1  -1 191  -1 174  -1  -1  -1 171  -1  -1  -1  -1  -1 167  -1 
 25  -1  -1  -1 233 130  -1  -1 115  -1  -1 307  -1  -1 155 217 177 196 101 291  -1  -1  86  -1  -1  -1 
 26  -1  -1  -1  -1  -1  -1  -1  40 210  -1  -1  27  -1 236 236  -1  -1  -1  -1  -1  -1 204  -1  -1  -1 
 27  41  -1 188 164  -1  -1  -1  -1 234 179  -1 131  -1  -1  -1  -1  -1  16  16  -1  -1 299  -1  -1  -1 
 28  -1  -1  -1  -1  -1  -1  -1  -1  23  -1  -1  -1 158  -1  -1  -1  18  -1  -1  -1  -1 256 104 104  -1 
 29  -1  32  25  58  -1  -1  -1 261  -1  -1  -1  -1 192 192  -1  -1  -1  -1 248  -1  -1 110  84  28  -1 
 30  -1   4   4  24  -1  -1  30  -1  -1  -1  -1  19  19  19  -1  -1  -1   2   2  -1  -1  -1  17  17  -1 
 31  -1  -1  -1  -1  -1  -1  -1  -1  -1  -1  -1  -1  -1  -1  -1  -1  -1  -1  -1  -1  31  31  31  -1  -1 
 32  -1  -1  48  48  -1  -1  -1  63  63  63  -1  74  -1  46  46  -1  -1  61  61  -1  -1  68  -1  -1  -1 
 33  -1  -1  -1  -1  -1  -1  -1  -1  -1  -1  -1  -1  -1  -1  -1  -1  -1  75  75  75  -1  -1  -1  -1  -1 
 34  -1 112  -1  -1  -1  -1 118 107 107 107 105 105  -1  -1  -1  92  92  90  90  -1  -1  -1  -1  -1  -1 
 35  -1  -1  -1  -1  -1  -1  -1  -1  -1  -1 119 119 119  -1  -1  -1  -1  -1  -1  -1  -1  -1  -1  -1  -1 
 36  -1 162 151 151 151 149 149  -1  -1  -1  -1  -1  -1  -1  -1  -1 156 136 136  -1  -1  -1  -1 134 134 
 37  -1  -1  -1  -1  -1 163 163 163  -1  -1  -1  -1  -1  -1  -1  -1  -1  -1  -1  -1  -1  -1  -1  -1  -1 
 38  -1 200  -1 180 180  -1  -1  -1  -1  -1 178 178  -1  -1  -1  -1  -1 193 193  -1 195 195 195 206  -1 
 39  -1  -1  -1  -1  -1  -1  -1  -1  -1  -1  -1  -1  -1  -1  -1  -1 207 207 207  -1  -1  -1  -1  -1  -1 
 40 237 237  -1 222 222  -1  -1  -1  -1  -1  -1  -1 244 250  -1 224 224 239 239 239  -1  -1  -1  -1  -1 
 41  -1  -1  -1  -1  -1  -1  -1  -1  -1  -1  -1  -1  -1  -1  -1  -1  -1  -1  -1  -1  -1  -1 251 251 251 
 42  -1 288  -1 294  -1 281 281  -1  -1  -1  -1 266 266  -1  -1  -1  -1 283 283 283  -1  -1  -1 268 268 
 43  -1  -1  -1  -1  -1  -1 295 295 295  -1  -1  -1  -1  -1  -1  -1  -1  -1  -1  -1  -1  -1  -1  -1  -1 
 44  -1 181  -1  -1  -1  -1  21 197  -1  -1  -1  -1  -1  -1  -1  -1  -1  -1 231  -1  -1  -1  -1  65  -1 
 45  -1  -1 272  -1  -1  -1 109  -1  -1 228  -1  94  -1 182 143  -1 270  -1  -1  -1  -1 312  -1  -1  -1 
 46 311 141  -1  -1  -1  -1  -1  -1  -1   6  -1 225 227  -1  -1  -1  -1  -1  -1  -1 310  -1  -1  96  -1 
 47  -1  -1 142  -1  50  -1  -1  -1  -1  -1  -1  -1  55  -1  -1  -1  -1  -1  -1  -1  -1  -1 285 187  49 
 48  -1 269  -1  -1  -1  -1  -1  -1  -1 140  54  -1  -1 229  -1 138  52  -1  -1  -1  -1  -1  -1   5 183 
 49  -1 230  93  -1  -1  -1  -1  -1  -1  -1 274 139  -1  -1  -1  11  -1  -1  53  -1  -1  -1 313  -1  -1 
 50  -1  -1 185  -1  -1  -1  -1 308  -1 273  -1  -1  -1  -1 271  -1  -1  -1  -1  -1  -1  -1  -1 226  -1 
 51  -1  51  -1  -1  -1  -1  -1  -1 314  -1  -1  -1  97  -1  -1  -1  -1  -1  -1  -1  -1  -1  -1  -1  -1 
 52  -1  -1  -1  10   9  -1  -1  -1  -1  -1   8  -1  -1  -1  99  -1 184  -1  -1 315  -1  -1 153  -1   7 
 53  -1  -1 241  -1 275 316 309  -1  -1  98  -1  -1 186  -1  -1  -1 137  -1  -1  -1  -1  -1  -1  -1  95 

r\t   0   1   2   3   4   5   6   7   8   9  10  11  12  13  14  15  16  17  18  19  20  21  22  23  24 
  0  -1 152 131 146  -1  -1 160 211 205  -1 150   0 120  -1  -1  -1  -1  -1 278  -1  -1  -1  -1  -1  -1 
  1  -1 258  -1 245  -1  -1  -1 169  62  -1  -1  29  -1  -1  87 259  -1  -1  39  -1  -1  25  -1  -1  -1 
  2  -1 102  -1  -1  -1  -1  -1  -1  -1  -1  -1  -1  -1  -1  -1  -1 235  -1 110  -1  -1  -1 122  22  -1 
  3  -1 124 158  -1  -1  -1  -1 284  -1  -1  -1  -1  -1  -1  -1  -1 116 267 260  -1  -1  -1  -1  -1  -1 
  4  -1  -1  -1 189  -1  -1  -1 289 247 286 262  86  -1 127  -1  60  60 121  -1  -1  -1  -1  -1  -1  -1 
  5  -1  -1  -1  -1  -1  -1  -1 115  15  -1  40  77  -1 194  -1  -1  -1  -1 297  -1  -1 196  -1  -1  -1 
  6  -1 204  -1  -1  -1  -1  -1  14  -1  -1  -1  -1  -1  -1 172  -1  -1  16  16  -1  -1  -1  23  -1   1 
  7  -1  -1  -1  -1  -1  -1  -1  56  -1  -1  -1  -1  -1  -1  -1  -1  41  -1  66  -1 214 290  -1  76  -1 
  8  -1  -1  -1  -1  -1 198  -1  -1 171  -1  -1  -1  88 287  -1  -1 212 255  91  -1  -1  -1  -1   3  -1 
  9  -1  -1  -1  -1  -1  -1 191 210  -1  -1  -1  -1 145  -1  -1  -1  -1  -1  -1  -1  -1 249  -1  -1 132 
 10  -1  -1  -1 168  -1  -1  -1  -1  47  -1  -1  -1  28  43  -1  -1 293  35  -1  -1  -1  -1  -1  -1  -1 
 11  -1  -1 154  -1  -1  -1  -1  -1  -1 261  67 264 188  -1  -1  -1 277  -1  -1  -1  -1 243 147  85 175 
 12  -1  -1  -1  -1  -1 219  -1 165 265  -1 280 280  -1 159  -1  -1 100  -1 202  38  -1  -1  -1 144  -1 
 13  -1  -1  -1  -1  -1  -1  58  -1  -1  81  -1  -1  -1 299  -1  -1  -1  -1  -1 220  -1  -1 126  -1  -1 
 14  -1  -1 257 209  -1  -1  -1 192 192  -1  -1  -1  -1  -1  -1  -1  -1 201 123  -1  -1  -1  -1  -1  -1 
 15  -1 279  -1  -1  -1  -1  -1  -1  -1  -1 236 236  57  33  -1  -1  -1 157  26  -1  -1  -1  -1  -1  -1 
 16  -1  -1  -1  -1  -1  -1 108  -1 114  -1  -1  -1  -1  -1  -1  -1  12  72  -1  -1 174  -1  -1  -1  -1 
 17  -1 306  -1  -1  -1  -1 298 263  36  -1  -1  -1  -1  -1  -1  -1  -1 282  -1  45  -1  -1  -1  44  -1 
 18  -1 232 254  -1  -1  -1  13 246  27  -1  -1  -1  -1  -1 305  -1  71 307  -1  -1  -1  -1  -1  -1  -1 
 19  -1  20  -1  70  -1  -1  -1  -1  -1  -1  -1 292 213  -1  -1  -1  -1  -1 252  -1  -1  -1  -1 240 304 
 20  -1 133 111  -1  -1  -1  -1  34  -1  -1  -1  -1  -1  -1  -1  -1 155  -1  -1  -1  -1  -1 300  -1  -1 
 21  -1  -1 117 103  -1  -1  -1  -1  -1  -1  -1  -1  -1  -1 176 177  -1  -1  -1  -1  -1  -1  -1  64  -1 
 22  -1 179  -1  -1  -1  -1  -1 104 104 130  -1 208 296  79  -1  -1 253  -1 303  -1  -1  -1  -1 161  -1 
 23  -1  -1 199  -1  -1  -1 248  -1  -1  -1  -1  -1  -1  -1  -1  -1  -1 291  -1  -1  -1  -1 129  -1  -1 
 24  -1  -1  -1  -1  -1  -1 276  78  -1  -1  -1 190  -1  -1  84  -1  -1  -1 148 148  -1  -1  -1 256  -1 
 25  -1  -1 238  -1  -1  -1  -1 128  -1  82  -1  -1  -1  -1  -1  -1 135 233 223  -1  -1  -1  -1  -1  -1 
 26  -1  59  -1  -1  -1  -1  32  -1  -1  -1  -1  -1  -1 113  -1  37  -1  -1 167  -1  -1  -1 242  -1  -1 
 27 217 216  -1 234  -1  -1  -1 173  -1  -1  -1 166 164  -1  -1 302 125  -1  -1  -1 106  -1 301  -1  -1 
 28  -1  -1  -1  83  -1  -1  -1 215  -1  -1  -1 170  -1  -1  -1  42  -1  -1  80  -1  -1  69  -1 221  -1 
 29  -1  -1  -1  -1  89  -1 218  -1  -1  -1  -1  73 203  18  -1  -1  -1 101  -1  -1  -1  -1  -1  -1  -1 
 30  -1  -1  17  17  -1  -1  -1  -1  -1  -1  19  19  19  -1  -1   2   2   4   4  -1  -1  -1  24  30  -1 
 31  -1  31  31  31  -1  -1  -1  -1  -1  -1  -1  -1  -1  -1  -1  -1  -1  -1  -1  -1  -1  -1  -1  -1  -1 
 32  -1  -1  -1  61  61  -1  -1  -1  74  -1  -1  48  48  68  -1  -1  46  46  -1  -1  63  63  63  -1  -1 
 33  75  75  75  -1  -1  -1  -1  -1  -1  -1  -1  -1  -1  -1  -1  -1  -1  -1  -1  -1  -1  -1  -1  -1  -1 
 34  -1  -1  -1 112  -1  -1 118  90  90  -1  -1 107 107 107  -1  -1  92  92  -1  -1  -1  -1  -1 105 105 
 35  -1  -1  -1  -1  -1  -1  -1  -1  -1  -1  -1  -1  -1  -1  -1  -1  -1  -1  -1  -1  -1 119 119 119  -1 
 36  -1  -1  -1 134 134 151 151 151 162  -1  -1  -1  -1  -1  -1  -1 156 136 136  -1 149 149  -1  -1  -1 
 37  -1  -1  -1  -1  -1  -1  -1  -1  -1  -1  -1  -1  -1  -1  -1  -1  -1  -1  -1  -1 163 163 163  -1  -1 
 38  -1  -1 200 180 180  -1  -1  -1  -1  -1  -1 178 178 206  -1  -1  -1 195 195 195  -1  -1 193 193  -1 
 39  -1  -1  -1  -1  -1  -1  -1  -1  -1  -1  -1  -1  -1  -1  -1  -1  -1  -1  -1  -1  -1 207 207 207  -1 
 40  -1 250  -1 222 222  -1  -1 239 239 239  -1 244 237 237  -1  -1 224 224  -1  -1  -1  -1  -1  -1  -1 
 41  -1  -1  -1  -1  -1  -1  -1  -1  -1  -1  -1  -1 251 251 251  -1  -1  -1  -1  -1  -1  -1  -1  -1  -1 
 42  -1 294 281 281  -1  -1  -1 288  -1  -1  -1  -1  -1  -1  -1 266 266  -1 268 268  -1 283 283 283  -1 
 43  -1  -1 295 295 295  -1  -1  -1  -1  -1  -1  -1  -1  -1  -1  -1  -1  -1  -1  -1  -1  -1  -1  -1  -1 
 44  -1  -1  -1  10  -1  -1  51  -1  -1  -1  -1  -1  -1  -1  -1 138  -1  -1 241  -1  -1  -1  -1 181  -1 
 45 312  -1  -1  95  -1  -1  -1 272  -1  -1  -1  -1  -1  -1  -1  -1  -1  -1  -1  -1  -1  -1  -1  -1  -1 
 46  -1  -1  -1  -1  -1  -1 226 183 186  -1  -1  -1 231  -1 140  -1  -1  -1  -1  -1  -1  -1  -1  -1  -1 
 47  -1  94  -1  52  -1 311  93   6   7  -1  -1  -1  -1 153  -1  54  -1  -1  -1  -1  -1  -1  -1  -1  98 
 48  -1 197  -1  -1   8  -1  -1  -1  -1  -1  -1  -1 269  -1  49  -1  -1  -1  -1  -1  -1  -1  -1  -1  -1 
 49  -1  -1  -1  -1  -1  -1 275  -1  -1  -1  -1  -1  -1  -1  96  -1  -1  -1  -1  11 316  21  -1  -1  50 
 50  -1 270 313  -1  -1 285  -1  -1 142  -1  -1 228  -1  -1  -1  -1 184  -1  -1 143  -1  -1  -1  -1 274 
 51  -1  -1  -1  -1  -1  -1 182  -1 230 310  -1  -1 139 315  -1  -1  -1  -1  -1  -1  -1  -1 308  -1 225 
 52  -1  -1  -1  -1  53  -1   5  55  -1  -1 314 137  -1  65   9  97  -1 187  -1  -1  -1  -1  -1 141 185 
 53  -1 227  -1 273  -1  -1  -1  -1  -1  -1 109  -1  -1  -1 271 229  -1  -1  -1  99  -1 309  -1  -1  -1 

r\t   0   1   2   3   4   5   6   7   8   9  10  11  12  13  14  15  16  17  18  19  20  21  22  23  24 
  0  -1  -1  -1  -1  -1  -1 210  -1  -1  -1  -1  -1  -1 199  -1  -1  76  -1 100  -1  -1  -1 166  -1  40 
  1  -1  -1  37  -1  -1  -1 123  -1  -1  -1 301  73  -1  -1  -1  -1 155 150 259  -1  -1 168  -1 152 287 
  2 223  -1 297 291  -1  -1 215  -1  -1  -1  -1  -1 194  -1  -1  -1  -1  -1 282  -1  -1 293  -1  -1  -1 
  3  -1 198 154  -1 219  -1 262  -1 278 263  -1  -1 243  -1 131  -1  -1 110  -1  -1  -1  -1  -1  -1  -1 
  4  -1  57  -1  70  -1  -1  64  -1  -1  -1  -1 212  -1  -1  -1  -1 115  39  -1  -1  -1 255  -1  -1  -1 
  5  -1  -1  18  -1 171  -1  -1 175  -1  -1  -1  -1  -1  -1  -1  -1  -1 125  -1  -1  -1  -1 280 280  -1 
  6  -1  -1 238  -1  -1  -1  -1  -1  -1  -1  -1 218  -1  -1  -1  -1 276  -1  -1  -1  47  -1 300  -1  -1 
  7  -1  -1  -1  -1  -1  -1  -1  -1  -1  -1  60  60  -1  66  -1  -1  28  41 205  -1  -1  -1  -1  27  -1 
  8 265 179 174  -1  -1  -1 161  32  -1  -1  -1  -1 209  -1  -1  -1 169  77  -1  -1  -1 147  -1  -1  -1 
  9  -1  44  -1  13  -1  -1 188  -1  -1  -1  -1 144 164  79  86  -1  62  -1  -1  -1  -1 102  89  -1  -1 
 10  -1 127  -1  -1  -1  -1 245 234  -1  -1  -1  -1  -1  -1  -1  -1  -1  -1 167  -1 236 236  87  -1  -1 
 11  -1  -1  -1 233  -1  -1  -1  -1 211  -1  -1  -1  69  -1  -1  -1 106 249  -1  -1  -1  59  -1 306  -1 
 12  -1 160  -1  -1  -1  -1  22  -1  -1  -1  -1  -1  67 120  -1  -1  -1 126  -1  -1  -1 130  58 298  -1 
 13  -1  -1  -1 248  -1  -1  -1  -1 116  -1  -1  -1  -1  -1  -1  -1  -1  -1  -1  -1 177  -1  -1  -1  -1 
 14  -1  91 122  -1  -1  -1 240  -1 129  -1  -1 189  -1 201  -1  -1  -1  -1 252  -1  -1  34 132  -1  -1 
 15  -1  29  -1  38  -1  -1 135 196  -1  -1  -1  -1 289  -1  -1  -1 256  -1 191  -1  -1 284  16  16  -1 
 16 214  14  -1  -1  -1  -1 264  -1  15  -1  -1  -1  -1  23 221  -1 296  -1  -1  -1  -1 117  33  -1  -1 
 17  -1  -1  -1  -1  -1  -1  -1 208  -1  -1  -1  -1  -1  -1 216 128  43  -1  -1  -1  -1  -1  -1  -1  -1 
 18  -1  -1  -1  -1  -1  -1  -1  42  -1  -1  -1 247 279  -1  -1  -1 157 299  -1  -1  -1  -1  -1  -1  -1 
 19 176 111 192 192 173 286   3 121 190  -1  -1  -1  -1  -1  -1  -1  -1  -1  -1  -1  -1  -1 146  -1  -1 
 20  -1 261  35  -1  -1  -1  -1 104 104  -1  -1 113  -1 242   1  -1  -1  -1  -1  -1  -1 204 124  -1  -1 
 21  -1  80 165  45  -1 217  -1 277 253  -1  -1 158  -1  -1  85  -1  -1 304  -1  -1  -1  -1  -1  -1  -1 
 22  -1 235  -1  -1  -1  -1 260  -1  -1  -1  -1 103  -1  -1  -1  -1  -1  -1 267  -1  -1  -1  36 133  -1 
 23  -1  -1  -1  -1  -1  -1  -1  12  -1  -1  -1  -1  -1  -1 172  -1  84  -1  -1  -1  -1  -1  -1 101  -1 
 24  -1  -1 203  -1  -1 302  -1  -1  -1  -1  -1 307  -1  -1  -1  -1  -1 114  -1  -1  -1  20  -1  -1  -1 
 25  -1  -1  -1 148 148  -1  -1 257  25 220  -1  -1  -1  -1  -1  -1  -1  -1 292  -1  -1  -1  78 258  -1 
 26  -1  -1  -1  -1 213  -1  -1 170  -1  -1  -1  81  -1  -1  -1 303  -1  -1  -1  -1  -1  -1 202  -1  -1 
 27  -1  -1  -1  -1  -1  -1  -1 254 232  -1  -1  -1  -1 159  83  -1  -1  -1 145  -1 305  -1  -1  56  -1 
 28  -1  -1  -1  -1  -1  -1  -1  88 290  -1  -1  -1  -1 246  -1  -1  -1  -1  -1  -1  -1  -1  -1  71  -1 
 29  -1   0  -1  -1  -1  -1  -1  -1  -1  -1  -1  -1  26  -1  -1  -1  -1  -1  72  -1  -1  -1 108  -1  82 
 30  -1  -1  -1  -1  -1  -1  24   2   2  -1  19  19  19  30  -1  -1  -1  17  17  -1   4   4  -1  -1  -1 
 31  -1  -1  -1  -1  -1  -1  -1  -1  -1  -1  -1  -1  -1  -1  -1  -1  -1  31  31  31  -1  -1  -1  -1  -1 
 32  -1  -1  68  -1  -1  -1  -1  61  61  -1  48  48  -1  -1  -1  -1  -1  63  63  63  -1  74  46  46  -1 
 33  -1  -1  -1  -1  -1  -1  75  75  75  -1  -1  -1  -1  -1  -1  -1  -1  -1  -1  -1  -1  -1  -1  -1  -1 
 34  -1  -1  -1 105 105  -1  -1  -1  90  90  92  92 107 107 107  -1  -1  -1 118  -1  -1  -1  -1 112  -1 
 35  -1  -1 119 119 119  -1  -1  -1  -1  -1  -1  -1  -1  -1  -1  -1  -1  -1  -1  -1  -1  -1  -1  -1  -1 
 36  -1  -1 162 134 134  -1  -1 149 149  -1 136 136 151 151 151  -1  -1 156  -1  -1  -1  -1  -1  -1  -1 
 37  -1  -1  -1  -1  -1  -1  -1 163 163 163  -1  -1  -1  -1  -1  -1  -1  -1  -1  -1  -1  -1  -1  -1  -1 
 38  -1 206  -1 200  -1  -1  -1 180 180  -1 178 178  -1  -1  -1 193 193  -1  -1  -1  -1 195 195 195  -1 
 39  -1  -1  -1  -1  -1  -1  -1  -1  -1  -1  -1  -1  -1  -1  -1 207 207 207  -1  -1  -1  -1  -1  -1  -1 
 40  -1 244 250  -1  -1  -1 222 222  -1  -1  -1  -1  -1  -1  -1  -1  -1 239 239 239 224 224  -1 237 237 
 41  -1  -1  -1  -1  -1  -1  -1  -1  -1  -1  -1  -1  -1  -1  -1  -1  -1  -1  -1  -1  -1  -1 251 251 251 
 42  -1 283 283 283  -1  -1 288 294  -1  -1 281 281  -1  -1  -1  -1  -1  -1  -1  -1 266 266 268 268  -1 
 43  -1  -1  -1  -1  -1  -1  -1  -1  -1  -1  -1 295 295 295  -1  -1  -1  -1  -1  -1  -1  -1  -1  -1  -1 
 44  -1 230  -1 184   7 310  -1  -1  -1  -1  -1  -1  -1  -1 185  -1  -1  -1  -1 197  -1  -1   8  -1  -1 
 45  -1 272 315  -1  -1  -1 153  -1  -1  -1  -1  -1  -1  -1  -1 316  -1  -1 142  -1  -1  -1  -1   5  -1 
 46  -1  -1  65  -1  -1  -1  -1  -1  -1  -1  -1  -1  -1  -1  -1  -1  -1  -1 181  -1  -1  -1  -1  -1  -1 
 47  95  -1  -1   6  -1  -1  -1  53  -1  49  -1  -1  -1  -1  -1  -1  -1  -1  -1  -1  -1  51  -1  -1  -1 
 48  -1  -1  -1  -1  50  -1  -1  -1  -1  11  -1  -1  -1  -1  -1  -1  21  -1  98  -1  -1  -1  -1  -1 311 
 49  -1  -1  -1  -1 225  -1  93  -1 227  -1 269 226  -1  -1  -1  -1  -1 285  52  -1  -1  -1  -1  -1  -1 
 50  55 139  -1  -1 274  -1 187  -1  -1 183 229  -1 313  -1  -1  -1 241  -1 228 309 143  -1  -1  -1 109 
 51   9  -1  -1 231 186  -1  -1 275 270  -1  -1  -1  -1  -1  54  -1  -1  -1  -1  -1  -1  -1  -1  99  -1 
 52  -1  -1  -1  -1  -1  -1  -1  -1  -1 271  -1  -1  -1  -1 273  -1  -1 308  -1  -1  97  94 182  -1  -1 
 53 138  -1  -1  96  -1  -1  -1 137 141  -1  -1  -1  -1 312  -1  -1 314  -1  10  -1  -1 140  -1  -1  -1 

r\t   0   1   2   3   4   5   6   7   8   9  10  11  12  13  14  15  16  17  18  19  20  21  22  23  24 
  0  -1  64  -1  87  -1  -1  -1  -1  -1  -1  -1 257  -1 123  -1  -1  -1 113  -1  -1  -1  26  -1  -1  -1 
  1  -1  22 100  -1  -1  -1 258  -1  -1  -1  -1 165  -1  -1  -1  -1  -1  -1 114  -1 217  80 297  -1  -1 
  2  -1  -1  15  40  -1 129  -1 120 201  -1  -1  56  -1 154  -1  -1  -1  -1  -1  -1  -1  62  -1  -1  -1 
  3  -1  -1  -1 209  -1 130  -1  -1  -1  -1 192 192  -1  -1  -1  -1  -1  -1  -1  -1  -1  -1  -1 221  -1 
  4  -1  -1  -1  -1 265  -1  -1  77  -1  -1  -1  -1  -1  -1  -1  -1  -1 145  -1  -1  -1  -1  -1  -1  -1 
  5  -1  -1  -1  -1  -1  -1 299 278  58 171  -1  -1  -1  -1  -1  -1  78  -1  -1  -1  -1 246  -1 166 287 
  6  -1  -1  -1  -1  -1  -1  -1  -1  -1  82  -1 204 216  33 303  -1  -1 125  -1  -1 304 102 108  -1  -1 
  7  -1  -1  -1  -1  -1  -1 175  -1  -1  -1 176  -1  -1 189  -1  -1  -1  -1 167  -1  91  -1  -1  -1  -1 
  8  -1  -1  59  -1 307  -1   1  -1  -1  -1  -1  -1  -1  -1  -1  -1 234  -1  -1  -1  -1  -1  -1  -1  -1 
  9  -1  -1 173  -1  -1  -1  -1  -1  -1  -1  -1  72  -1  -1  -1 150  -1  -1  -1  -1  -1  41  -1  -1  -1 
 10  -1 238   0  -1  -1  -1  -1 190  -1  -1  -1  -1 302  -1  86  -1  -1  -1  -1  -1  -1 152  -1  -1  -1 
 11  -1 261  -1  -1  -1  -1  -1  -1  71  -1  -1 223  -1 211  -1  -1 264  -1 232 305  -1  -1  -1 135  -1 
 12 260  -1  -1  -1  -1  -1 147  -1  -1  -1  -1  -1  -1  -1  -1  -1  13  -1  -1  -1  -1  -1 235 293  -1 
 13  -1 300 179  -1  -1  -1  -1  -1  -1  -1  -1  -1  -1 282  -1  -1 115 240  -1  -1  -1  -1 148 148  -1 
 14  -1  -1  -1  23  -1  -1  81  -1  -1  -1  -1  -1  67  -1  -1  -1  -1  -1  -1  -1  -1 126  69  -1  -1 
 15  -1 276 194 286  -1  -1  -1  -1  -1  -1  -1 248  -1 213  -1  -1  -1  60  60  -1  -1 168  -1  -1  -1 
 16  -1 255  -1  -1  -1  84  -1 205  -1  -1  -1  -1  -1  -1  -1  -1  57 290  -1  -1  -1 291  -1 256  -1 
 17  -1  32 117  -1  -1 306 212  -1 279  -1 220  -1  -1  85  -1  -1 157  -1  -1  -1  -1 284  -1   3  -1 
 18  -1  -1 164  -1  -1  -1 161  -1  -1 243  -1  -1  28  -1 127  -1 170  -1  -1  -1  -1 196  -1  -1  -1 
 19  -1  -1 214 124  -1  -1  -1  -1  -1 263  -1  37 198  -1  -1  -1  -1  16  16  -1  -1  -1  -1  -1  -1 
 20  39  -1 252  83  -1  -1  -1  -1 259  -1  -1  27  -1  -1  -1  -1 203  -1  -1  -1  -1  14  -1  -1  -1 
 21 174  -1  25  -1  -1  -1 121  -1 292  -1  -1  -1 253  79  -1  -1  -1 245  -1  -1  -1  -1  -1  -1  -1 
 22  -1  -1  -1 236 236  -1 277 215  43  -1  -1 242 131 210  -1  -1  44 202 262  -1  -1 133  -1  -1  -1 
 23  -1 111  -1  38  -1  -1  20  -1  -1  -1  -1  36  -1  -1  -1  -1  -1  42  -1  -1  -1 233  -1 122 155 
 24  -1  -1 267  -1  89  -1 191  -1 128  -1  -1  -1 208  66  -1  -1  -1 301 254 177  -1  -1 280 280  -1 
 25  -1  -1  -1  73  -1  -1  -1  -1 188  -1  -1  -1  -1 160  -1  -1  -1  35  -1  -1  -1  47  -1  34  -1 
 26  -1  -1  -1 199  -1 169  -1  88 116  -1  -1  -1  -1 247  -1  -1  29  -1  -1  -1  -1  -1  -1  70  -1 
 27  -1  -1  -1  -1  -1  -1  -1  -1  -1  -1  -1  12 289  -1  -1 110  -1  -1  -1  -1  -1 219 249  -1  -1 
 28  -1  -1 172 106 132  -1  -1  -1 103 218  -1 144  -1  -1  -1  -1  -1  -1 146  -1  -1  -1  -1 101  18 
 29  -1 159  -1 158  -1  -1  76 296  -1  -1  -1  -1  -1 298  -1  -1  -1 104 104  -1  45  -1  -1  -1  -1 
 30  -1  -1  -1  24  -1  -1  -1  17  17  -1  -1  -1  19  19  19  -1   2   2  -1  -1   4   4  30  -1  -1 
 31  -1  -1  -1  -1  -1  -1  -1  31  31  31  -1  -1  -1  -1  -1  -1  -1  -1  -1  -1  -1  -1  -1  -1  -1 
 32  -1  -1  -1  -1  -1  61  61  48  48  -1  -1  -1  68  -1  -1  -1  -1  74  46  46  -1  -1  63  63  63 
 33  75  75  75  -1  -1  -1  -1  -1  -1  -1  -1  -1  -1  -1  -1  -1  -1  -1  -1  -1  -1  -1  -1  -1  -1 
 34  -1 112  -1  -1  -1 107 107 107  -1  -1 105 105  -1  -1  -1  -1  -1  -1  92  92  -1 118  90  90  -1 
 35  -1  -1  -1  -1  -1  -1  -1  -1  -1  -1 119 119 119  -1  -1  -1  -1  -1  -1  -1  -1  -1  -1  -1  -1 
 36  -1 151 151 151  -1 134 134 149 149  -1  -1  -1 162  -1  -1  -1  -1 156 136 136  -1  -1  -1  -1  -1 
 37  -1  -1  -1  -1  -1  -1  -1 163 163 163  -1  -1  -1  -1  -1  -1  -1  -1  -1  -1  -1  -1  -1  -1  -1 
 38  -1 206 200  -1  -1 178 178 180 180  -1  -1  -1  -1  -1  -1 195 195 195  -1  -1  -1  -1 193 193  -1 
 39  -1  -1  -1  -1  -1  -1  -1  -1  -1  -1  -1  -1  -1  -1  -1  -1  -1  -1  -1  -1  -1 207 207 207  -1 
 40  -1  -1  -1 244  -1  -1  -1 237 237  -1  -1  -1 239 239 239  -1 250 224 224  -1 222 222  -1  -1  -1 
 41  -1  -1  -1  -1  -1  -1 251 251 251  -1  -1  -1  -1  -1  -1  -1  -1  -1  -1  -1  -1  -1  -1  -1  -1 
 42  -1  -1  -1 288  -1 268 268  -1  -1  -1 281 281  -1  -1  -1  -1 294 283 283 283 266 266  -1  -1  -1 
 43  -1  -1  -1  -1  -1  -1  -1  -1  -1  -1 295 295 295  -1  -1  -1  -1  -1  -1  -1  -1  -1  -1  -1  -1 
 44  -1  -1 230  65  -1  -1  -1  -1  -1 310  -1 270  -1  -1  -1  -1  -1  98  -1  -1  -1  -1  -1  21  -1 
 45  -1 197  95  -1  -1  -1  -1  -1  -1  -1   8  -1  -1  -1 316  -1 227  -1 269  -1  -1  -1  -1  -1  -1 
 46  -1  -1  -1  -1  -1 231 226  -1  -1  -1 143  -1 153 314  -1  -1  -1  -1  -1  -1  -1  99  -1  -1 312 
 47 309  -1 142  -1  -1  -1  49  -1  -1  -1  -1  53  -1  -1  -1 315  -1  -1  -1  -1  -1 187 137  -1  -1 
 48  -1  -1 285  -1   7  -1  -1  -1  93  -1  50  96  -1 109  -1  -1  94 140  -1  -1 185  -1  -1  -1  -1 
 49  -1  -1  51  -1 186  -1  -1  -1  -1  -1  -1  -1  -1  -1  -1  -1  -1  -1 184  11 138  -1  -1  -1  -1 
 50  -1  -1  -1 311  55   5  97  -1  -1  -1  -1 182  -1  -1  -1  -1  -1  52  -1  -1  -1  -1 271  -1 241 
 51  -1  -1  -1  -1 229  54  -1  -1 275  -1  -1 139 313  -1  -1  -1 183  -1  -1  -1  -1  -1  -1 274  -1 
 52  -1  -1  -1  -1  -1  -1  -1  -1  -1  -1  -1  10  -1  -1  -1  -1  -1 272   6 228  -1  -1   9  -1  -1 
 53  -1 308  -1  -1  -1  -1  -1 273  -1  -1  -1  -1  -1  -1  -1  -1 141  -1  -1  -1  -1  -1 225 181  -1 

r\t   0   1   2   3   4   5   6   7   8   9  10  11  12  13  14  15  16  17  18  19  20  21  22  23  24 
  0  -1 179 236 236  -1  -1 165  -1 188  -1  -1 114 263  -1  -1  -1 202  -1  -1  -1  -1  -1 111 116  -1 
  1  -1  -1 117  84  -1  -1  -1  -1  -1  -1  -1 304  -1  -1  -1  -1  -1  14 161  -1  -1 135  -1 276  -1 
  2  -1  -1  -1  -1 130  -1  -1 194  73  44  -1  -1  -1  25  -1  -1  64  -1  -1  -1  -1  20  -1  -1  -1 
  3  -1 168  -1  -1  -1  -1  -1 120  -1  -1  -1 208  -1  -1  -1  -1  -1 301  -1 132  -1  -1  -1  -1  -1 
  4 261  -1 219  -1  -1  -1 253  -1  28  -1  -1  -1  -1  45  -1  -1  -1  -1  34  -1  -1  -1  -1 232  -1 
  5 258 101  -1  -1  -1  -1  -1  -1  -1  -1  -1  -1 217  70  -1  -1 145  -1  -1  -1  -1 154  -1 100  -1 
  6  -1  -1  -1 124  -1  -1  39  -1  -1  -1  60  60   1  -1  -1  -1  -1  -1  -1 171  -1  -1 148 148  -1 
  7  -1  88  -1  12  -1  -1  -1  -1 160  -1  -1  -1 280 280  -1  -1  -1  -1  -1  -1  -1  -1  -1  -1  -1 
  8  -1  -1  -1 177  -1  -1  67  -1  77 176  -1  -1  -1  -1  -1  -1  -1  -1  -1  -1  -1  57  -1  -1  -1 
  9  -1  42  -1  89  -1  -1 103  -1  62  -1  -1  -1 128  16  16  -1  -1 297  -1 267  -1 284  -1  83  -1 
 10  -1  -1 189  27  -1  -1  -1  -1 299  -1  -1  -1  -1  -1  -1  -1  -1  -1  -1  -1  -1  -1  -1  -1 260 
 11  -1  -1  -1  -1  -1  -1  -1  -1  -1  -1  -1  -1  26  -1  -1  -1  13  -1 287  -1  85  -1  -1  -1  -1 
 12 305 133  -1  -1  -1  -1 129 286  22  -1  -1 300  80  -1  -1  -1 247  -1  -1  -1  -1 249  -1  -1  -1 
 13  -1 204  58  56  -1  -1  -1  -1  -1  -1  -1  18  -1 262  -1  -1  35  -1 248  -1  -1 157  -1  -1  -1 
 14  -1  40 102  -1  -1  -1  -1 209 245  -1  -1  -1 210  -1 220  -1 291  29  -1  -1  -1 123  -1  86  -1 
 15  -1 255 298  -1  -1  -1  -1 125  -1  -1 110 277 104 104  -1  -1  -1  -1  -1  -1  -1  -1  -1  -1 265 
 16  -1  -1  -1  -1  -1  -1  15  -1 282 306  -1 159  66 290  -1  -1  -1  -1  82  -1 174  -1  -1  -1  -1 
 17  -1 289 201 108  -1  43  -1 173 213  -1  -1  -1 211  -1  -1  81 235 131  -1  -1  -1  -1  -1  69  -1 
 18  -1  -1  -1  -1  -1  -1 307 155 242  -1  -1   3  -1  -1 169  -1  -1 233  -1  -1  -1  -1 279  -1  -1 
 19  -1  -1  -1  -1  -1  -1 214 243 150  -1  -1  -1  47  -1  -1  -1  -1  -1  -1  -1  -1 259  -1  -1  -1 
 20 198  87  -1  72  -1   0  32  -1  -1  38  -1  -1  -1 240  -1  -1  -1 166  -1  -1  -1 218  -1 246  -1 
 21  -1 234  -1  -1  -1  -1 147  -1  -1  -1 192 192  -1  -1  -1  -1 223  -1  -1  -1  -1 196  -1  -1  -1 
 22  -1 293  -1 252  -1 221  -1  -1  -1  -1  -1  -1  -1  -1  -1  -1  -1  -1  -1  -1  -1  -1  -1  -1  -1 
 23  -1  -1  78 264  -1  -1 113  -1 172  -1  -1  -1  -1  -1  -1  -1  -1 146 170  -1  -1  -1  -1  -1  -1 
 24  -1  59  -1  -1  -1  -1  -1  23  -1  -1  -1  -1  -1 126  -1  -1 303  -1 292  -1  -1  -1  -1  -1  -1 
 25  -1  33  -1 212  -1  -1  79  -1  41  -1  -1  -1 190 158 215  -1  -1  -1  -1  -1  -1  -1  -1  -1  -1 
 26 144 278 254  -1  -1  -1 199  -1  -1  -1  -1  -1 115  -1  -1  -1  -1  -1 203  -1  -1  -1 256  -1  -1 
 27  -1  36  -1  -1  -1  -1 238  -1  -1  -1 175 127 164  -1  -1  -1  -1  -1  -1  -1 106  -1  -1  -1  -1 
 28  -1  71  -1 257  -1  -1 296  -1  -1  -1  -1  -1 302  -1  -1  -1  37  -1 122  -1  -1 205  -1 167  -1 
 29  -1 152  -1  -1  -1  -1 216  -1  -1  -1  -1  76  -1 191  91  -1  -1  -1  -1  -1  -1  -1 121  -1  -1 
 30  19  19  19   4   4  -1  -1  24  -1  -1  -1  30  -1  -1  -1  -1   2   2  -1  -1  -1  -1  17  17  -1 
 31  -1  -1  -1  -1  -1  -1  -1  -1  -1  -1  -1  -1  -1  -1  -1  -1  -1  -1  -1  -1  -1  31  31  31  -1 
 32  -1  48  48  46  46  -1  68  -1  -1  -1  -1  -1  -1  -1  -1  -1  -1  61  61  -1  -1  74  63  63  63 
 33  -1  -1  -1  -1  -1  -1  -1  -1  -1  -1  -1  -1  -1  -1  -1  -1  75  75  75  -1  -1  -1  -1  -1  -1 
 34  -1 112  -1  -1  -1  -1  -1 107 107 107  -1  90  90 118  -1  -1  -1 105 105  -1  -1  -1  -1  92  92 
 35  -1  -1  -1  -1  -1  -1  -1  -1  -1  -1  -1  -1  -1  -1  -1  -1  -1 119 119 119  -1  -1  -1  -1  -1 
 36  -1  -1 149 149  -1  -1  -1 162  -1  -1  -1 151 151 151  -1  -1 134 134  -1  -1  -1  -1 156 136 136 
 37  -1  -1 163 163 163  -1  -1  -1  -1  -1  -1  -1  -1  -1  -1  -1  -1  -1  -1  -1  -1  -1  -1  -1  -1 
 38  -1  -1  -1  -1  -1  -1 206  -1 200  -1  -1 178 178 180 180  -1 195 195 195  -1  -1  -1 193 193  -1 
 39  -1  -1  -1  -1  -1  -1  -1  -1  -1  -1  -1  -1  -1  -1  -1  -1  -1  -1  -1  -1  -1  -1 207 207 207 
 40  -1  -1  -1 222 222  -1  -1 250  -1  -1 237 237  -1  -1  -1  -1  -1 244  -1  -1 239 239 239 224 224 
 41  -1  -1  -1  -1  -1  -1  -1  -1  -1  -1  -1 251 251 251  -1  -1  -1  -1  -1  -1  -1  -1  -1  -1  -1 
 42  -1 266 266 281 281  -1  -1 288  -1  -1  -1  -1 268 268  -1 283 283 283  -1  -1  -1  -1  -1 294  -1 
 43  -1  -1  -1  -1  -1  -1  -1  -1  -1  -1  -1  -1  -1  -1  -1  -1  -1  -1  -1  -1 295 295 295  -1  -1 
 44  -1  -1  10  -1  -1 183  -1  -1  -1  -1  -1  49  -1  -1  54  -1  -1  -1  -1  -1  -1  -1  -1 269  -1 
 45  -1  -1  -1  -1  -1  -1  -1  -1  -1  -1  -1  -1  -1 141  -1  -1  -1  -1  -1 229  -1  52  -1  -1  -1 
 46  -1  -1  -1  -1 185  55  -1  -1  -1  -1  -1  -1  -1  -1  -1 309 272  -1  -1  -1  -1  -1  -1  -1  -1 
 47  -1  -1 186  -1  -1 270  -1  -1 315  -1  -1  -1  -1  -1  -1  -1  -1 182 153  -1  -1  -1  -1  -1  -1 
 48  -1  -1  97  -1  -1 140  -1  -1  -1 228  -1  -1  -1  -1  -1 109  -1  -1 308 181  -1  -1 313  -1  -1 
 49  -1  -1  -1 137  -1  95  -1  -1  -1 138  -1 273 231  -1   9  -1  98 226  21  -1  -1  94  -1  -1   8 
 50  -1  -1  -1  -1  -1  -1  -1 316  -1  -1 310  -1  -1   5  -1  -1  -1  51 241  -1  -1  -1  -1  -1  -1 
 51  -1 197 142  -1  -1  -1  -1  -1  -1   7  -1  -1  -1  93  -1  -1  -1  -1  -1  -1 312 184  -1  -1  -1 
 52  -1 230 225  -1 271  -1 314  -1  -1 275  -1 139  -1 227 274  -1  -1  96  -1  50  -1   6  -1  53  -1 
 53 311  -1  -1  -1  99  -1 285  65  -1  -1  -1  -1  -1  -1 143  -1  -1  -1  -1  11  -1  -1  -1 187  -1 

r\t   0   1   2   3   4   5   6   7   8   9  10  11  12  13  14  15  16  17  18  19  20  21  22  23  24 
  0  -1  -1  -1 154  -1  -1  40 254  25 126  -1  -1  -1  -1  43  67  -1  -1  -1  -1  -1  -1  -1  -1  -1 
  1  -1  35  80  -1 155  -1  32  -1  -1  -1  -1  36  -1  -1  -1  -1  -1 192 192  45 262 212 111 208  -1 
  2  -1   3  28  -1  -1  -1 144  -1  -1  -1  -1  -1  -1 255  -1  -1  -1  60  60 259  -1 145  -1  -1  -1 
  3  -1  -1 121  -1  -1  -1  -1 104 104  -1  -1  -1  -1  -1  -1  -1  -1  -1  16  16  -1  -1  -1  13  -1 
  4  -1  -1  -1  -1  -1 236 236  -1 211  -1  -1  -1  -1  -1  -1  -1  -1  -1 161  -1 265  -1  -1  -1  -1 
  5  -1  -1 152  -1  -1  -1 220  -1  -1  -1  -1 233  -1  -1  -1  -1  -1  -1  42  -1  44 110 172  -1  -1 
  6  -1  -1  -1 293  -1  -1 248  -1  -1  -1  -1  -1 296 287  -1  -1  -1  -1  -1  -1  -1 246 165  -1  -1 
  7  -1  -1  -1  -1  -1  -1  -1  -1  -1  -1  -1  -1  -1  -1  -1  -1  -1  -1  -1  -1  -1  -1  -1  81  -1 
  8  -1 103  -1 245  -1 179  -1  -1  -1  -1  -1  -1  -1 164 261  -1  -1  -1  87  -1  -1  -1  -1 108  -1 
  9  85  22  -1  -1  -1 199  -1  -1  -1  -1  -1  -1 235  -1  -1  -1  70  -1  69  -1  -1  -1 238  72  -1 
 10  38  -1 253  -1  -1  -1 100  77  -1  -1  -1 299  -1  -1  -1  -1  -1  -1 120  -1  -1  18  -1  -1   1 
 11  -1  -1  -1  -1  -1  -1 191  -1  -1  -1 132 158  -1  -1  -1 174 286  -1 264  -1  -1  -1  -1  59  -1 
 12  -1  -1  -1  -1  -1  -1 214 188  -1 306  -1 252  -1  -1  -1 173 147  -1  29  -1  -1 217  -1  -1  -1 
 13  -1  -1  -1  -1  -1  -1  -1  -1  -1  -1  -1 196  -1  -1  -1  -1  -1  -1  -1  -1  -1  -1  -1  -1  -1 
 14  -1  -1  -1  34  -1  -1  14  -1 216  -1  -1  -1   0  -1  -1  -1 256  -1  -1 219  -1  -1  -1  -1  -1 
 15  -1 128  -1  -1  -1  -1  -1  37 279  -1  -1  -1 122  -1  -1  -1  -1  -1  -1 125  -1  -1  -1  -1  -1 
 16  -1 168 209  -1  -1  -1 297 213 240  -1  -1  -1 284  -1 130  -1 198  -1 148 148  -1  -1  -1 234 221 
 17  -1 263  -1 201  -1  -1 115  -1 190  -1  -1 205  -1  33  -1  -1  20  -1  47  -1  -1  -1  -1  -1  -1 
 18  -1  64  -1  -1  -1  -1 166  -1  -1  -1  -1  -1  -1  -1  -1 307 102  -1  -1  -1  -1  -1  -1  -1  -1 
 19  -1  -1  15 303  -1  -1  78  62 169  -1  -1  -1  -1  12  -1  -1 243  -1 277  -1  -1  79  -1  -1  -1 
 20  -1 189  -1 116  -1  -1  -1 276  -1  -1  -1  73  -1  -1  -1  -1  -1 113 290  -1  -1  -1 150 247  -1 
 21  88  -1  -1  -1  -1  -1  58 301 304  -1  -1  -1  -1  -1  -1  -1  -1 127 170  -1  -1 298  -1 289  -1 
 22 176 123  -1  -1  -1  -1  -1  -1 218  -1  -1  -1 159  -1  -1  -1  -1  -1  -1  -1  -1 282 117  -1  -1 
 23  -1 232  -1  -1  -1  -1  -1 157  -1  -1  -1  -1  -1 292  -1  -1  66 278  -1 177  -1  -1  -1  -1  -1 
 24 215  -1  -1  -1  -1  -1 210  -1  56  -1 280 280  -1  -1  -1  -1  -1  -1  -1  -1  -1 242  -1 146  -1 
 25  -1  -1 300 194  -1  -1  -1 291 135  -1 260 129  39  -1 175  -1  -1  -1 203  -1  -1  -1 204  83  -1 
 26  -1 133  -1  76  -1  -1 302  -1  82  -1  -1 106  27  -1  -1  -1  -1 202 101  -1  -1  -1  57  -1  -1 
 27  -1  -1 167  -1  -1 223  -1  84 249  -1 258  -1  -1  -1  -1  -1  -1  -1  -1  -1  -1  -1  -1 124 171 
 28  -1  -1  -1  23  -1  -1  -1  -1 114  -1  -1  -1  41  86  -1  -1  -1 257  -1  -1  -1 160  -1  89  -1 
 29  -1  -1  -1  -1  -1  -1 267  -1  71  -1  -1  91  -1  -1  -1  -1  -1 305  -1  -1 131  -1  -1  26  -1 
 30  -1  -1  -1  -1  -1   4   4  24  17  17  19  19  19  -1  -1  -1  -1  -1   2   2  -1  -1  30  -1  -1 
 31  -1  -1  -1  -1  -1  -1  -1  -1  -1  -1  -1  -1  -1  -1  -1  31  31  31  -1  -1  -1  -1  -1  -1  -1 
 32  48  48  63  63  63  -1  -1  -1  46  46  -1  -1  61  61  -1  -1  -1  74  -1  -1  -1  68  -1  -1  -1 
 33  -1  -1  -1  -1  -1  -1  -1  -1  -1  -1  -1  -1  75  75  75  -1  -1  -1  -1  -1  -1  -1  -1  -1  -1 
 34  -1  -1 107 107 107  92  92 118  -1  -1  -1  -1  -1 105 105  -1  -1  -1  90  90  -1 112  -1  -1  -1 
 35  -1  -1  -1  -1  -1  -1  -1  -1  -1  -1  -1  -1 119 119 119  -1  -1  -1  -1  -1  -1  -1  -1  -1  -1 
 36  -1  -1  -1 156  -1 136 136 149 149  -1  -1  -1 151 151 151  -1  -1  -1  -1  -1  -1  -1 162 134 134 
 37  -1  -1  -1  -1  -1  -1  -1  -1  -1  -1  -1  -1  -1  -1  -1 163 163 163  -1  -1  -1  -1  -1  -1  -1 
 38  -1 206  -1  -1  -1  -1  -1 200 180 180 178 178 193 193  -1  -1  -1  -1  -1  -1  -1 195 195 195  -1 
 39  -1  -1  -1  -1  -1  -1  -1  -1  -1  -1  -1  -1 207 207 207  -1  -1  -1  -1  -1  -1  -1  -1  -1  -1 
 40  -1 250 239 239 239  -1  -1  -1 222 222 224 224 244  -1  -1  -1  -1 237 237  -1  -1  -1  -1  -1  -1 
 41  -1  -1  -1  -1  -1  -1  -1  -1  -1  -1  -1  -1  -1  -1  -1  -1  -1 251 251 251  -1  -1  -1  -1  -1 
 42 268 268 283 283 283  -1  -1  -1 266 266  -1  -1  -1  -1  -1  -1 288 294  -1  -1  -1  -1  -1 281 281 
 43  -1  -1  -1  -1  -1  -1  -1  -1  -1  -1  -1  -1  -1  -1  -1  -1  -1  -1  -1  -1  -1  -1 295 295 295 
 44 231  -1  -1  -1 197  -1  -1 225  -1 153  93 273  -1 241 310  -1  -1  -1  -1  -1 137  -1  -1  -1  -1 
 45   7 182  -1  -1  -1  -1  -1  -1  -1  -1  -1  -1 269  -1  -1  -1  -1  -1  -1  -1  -1  -1  -1  -1 184 
 46 140  -1  -1  -1  -1  -1 285  -1  95  -1  -1  -1  -1  -1  -1  -1 314 109 139 275  -1  -1  -1  -1  55 
 47  -1  -1  49  -1  -1  54  51  -1  -1  -1  -1  -1  -1  -1  -1  -1  -1  -1  -1  -1  -1  -1 308 272  -1 
 48  -1 226   6  -1  -1  -1  -1   5  -1  -1  -1  -1 228  -1  -1  -1  -1  -1  -1  -1 186  -1  -1  -1  -1 
 49  -1  -1 142  -1  -1 271  -1  94  -1  -1  -1  52  -1  -1  -1  -1  -1  -1  -1  -1  -1 311  -1 227  -1 
 50  -1  96  -1  -1 312  -1  -1 138  -1   9  50 141  -1  -1  -1  -1  -1  -1 181 143   8  -1  -1  -1  -1 
 51  -1  -1 187  -1  -1  -1 183 270  -1  -1 274  -1  -1  -1  -1 316  -1  -1  -1  -1  99  -1  -1  10  -1 
 52  -1  -1  -1  -1  -1  -1  -1 185  -1  -1  -1  -1  -1  -1  -1  -1  -1  -1 230  -1 229  65  21  -1  97 
 53  -1  -1  -1 315  -1  -1  -1  -1  11  98  -1  -1  -1 309  -1  -1  -1 313  -1  -1  -1  -1  -1  53  -1 

r\t   0   1   2   3   4   5   6   7   8   9  10  11  12  13  14  15  16  17  18  19  20  21  22  23  24 
  0  43  -1 280 280  -1  -1  -1  -1  -1  -1  -1  71  -1  -1  -1  -1  14  -1  -1  81  -1 279  -1  -1  -1 
  1  -1  -1 164  -1 257 216  -1  -1 154  -1  -1  -1  -1  -1  -1  -1  -1  -1  -1  -1  -1 218  -1  -1  -1 
  2  -1  -1  -1  -1  -1  -1  70  -1  -1  67  -1  -1  -1  -1  -1  -1 262  -1 160  -1 260  -1  -1  -1  -1 
  3  -1  -1  -1  -1  -1  -1 293  -1  59  -1  41  40  -1  -1  -1 104 104  -1  -1  -1  -1  -1  -1  -1  -1 
  4  -1  -1  -1  -1  -1  -1  -1 300 102  -1 301  -1  -1  60  60  -1  -1  -1  -1  -1  -1  47 129  -1  -1 
  5 174 101 196 110  -1 176  42  -1 166  -1  -1  -1  -1  -1  -1  -1 191  -1  -1  -1  -1 298  -1 194  -1 
  6 261 209  -1  -1  -1  -1  -1  -1  -1  -1  -1  -1  -1  15  -1  -1  -1  -1  -1  -1  -1  -1 217 208  -1 
  7  -1  -1 215 253  -1  -1  -1  16  16  -1  -1 169  -1  -1  -1  -1  -1  -1  18  -1  -1  -1  -1  -1  -1 
  8  -1  29  -1  -1 282  -1 284 242  -1  -1  -1  -1  -1 264  -1  -1 240  -1  -1   1 238  -1  -1  -1  -1 
  9  -1  38  -1  -1  -1  -1  -1  -1 234  -1  -1 252  -1  -1  -1  -1  76  -1  -1 303  -1 157   0 111  -1 
 10 258 232 108 127  -1  -1  -1  -1 117  -1  -1 122  -1  -1  -1  -1 146   3  -1  -1  -1 131 121  36  -1 
 11 265  58 290  -1  -1  -1 235  -1  -1  -1  -1  -1  -1  -1  -1  -1  -1  -1  -1  -1  -1  27  -1  -1  -1 
 12  -1 144  -1  -1  -1  -1  45  -1  -1  37  -1  -1  -1  -1  -1  -1  -1 204  -1  -1  -1 116  73  -1  -1 
 13  -1  -1  -1  -1  -1  -1  -1 133 135  13  -1  32 291  -1  -1  -1  -1 145  -1  -1  -1  62 172  -1  -1 
 14 220  -1  56  -1  -1  -1  -1  -1  34  -1  -1  -1  -1  -1  -1  -1  -1  -1  -1  -1  84 128  -1  -1  85 
 15  91 125  -1  -1 173  -1  -1 223  -1 132 259  -1  -1  -1  -1  -1 120  -1  -1  -1  -1  -1 190 248  -1 
 16  -1  -1  -1  -1  -1 148 148  -1 276  -1  -1  -1  -1  -1  -1 198  -1  -1  -1  -1  -1 307  -1 150 302 
 17  -1  -1 254 199  -1  -1  -1 202  -1  -1  -1  83 243  -1  -1  -1 165  -1  -1  -1  -1 247  -1  -1  -1 
 18  -1 158  -1  -1  -1 221  -1  -1  -1  -1  -1  23  -1 233  -1  -1  -1  -1  -1  -1  -1  -1 246 123  -1 
 19  -1  -1  88 114  86  -1  -1  -1  -1  -1  -1 170  -1 152  -1  -1  -1  -1 255  -1  -1 126  -1  -1  -1 
 20  -1  20  -1  -1 130  -1  -1  89  -1  -1  -1 205  -1  25  -1  -1  -1 277 113  -1  -1  -1 167  -1  -1 
 21  -1  -1  -1  -1  -1  -1  -1  -1  -1  -1  -1 161  -1  -1  -1  -1  26  -1  -1  -1  -1 210  -1  33 155 
 22  -1 115 236 236  -1  -1  -1 278  -1  -1  -1  -1  -1  -1  -1 179  -1  -1 292 177  -1 188  -1  87 106 
 23  -1  44  -1  -1  -1  -1 103 124  -1  -1  -1  -1 249  -1  -1  -1  64 299  -1 267  -1  69 100  -1  -1 
 24  -1  -1  -1  -1  -1  -1 168  -1  -1  -1  -1 287  72 256  -1  -1  -1 192 192 286  -1  -1 211  -1  -1 
 25  -1 189 171  -1  -1  -1  12  35  80  -1  -1  -1  22  -1  -1 304  -1  -1  -1  -1  -1  -1  -1  -1  -1 
 26  -1  -1  -1 159  -1  -1  28  -1  -1  -1  -1 305  -1  -1  -1  -1  -1  -1  -1 263  39 147  -1  79  -1 
 27  -1  -1  -1  66  -1  -1 203  -1  -1  -1  -1  -1  -1  77  -1 219 212  -1  82  -1  -1  -1  -1  -1  -1 
 28 214  -1  -1  -1  -1  -1  -1  57  -1  -1  -1 306  -1 297  -1  -1  -1  -1 201  -1  -1  -1  -1  -1  -1 
 29  -1 245  -1  78  -1  -1  -1  -1  -1  -1  -1 175  -1  -1 213  -1 296  -1  -1  -1  -1  -1 289  -1  -1 
 30  -1  -1  17  17  -1  -1  -1  -1  -1  -1  -1  -1  24   4   4   2   2  -1  30  -1  -1  19  19  19  -1 
 31  -1  -1  31  31  31  -1  -1  -1  -1  -1  -1  -1  -1  -1  -1  -1  -1  -1  -1  -1  -1  -1  -1  -1  -1 
 32  -1  74  -1  -1  -1  -1  -1  68  -1  -1  63  63  63  48  48  46  46  -1  61  61  -1  -1  -1  -1  -1 
 33  -1  -1  -1  -1  -1  -1  -1  -1  -1  -1  -1  -1  -1  -1  -1  -1  -1  75  75  75  -1  -1  -1  -1  -1 
 34  -1  -1 118  -1  -1  -1 112  -1  90  90  -1  -1 105 105  -1  92  92 107 107 107  -1  -1  -1  -1  -1 
 35  -1  -1  -1  -1  -1  -1  -1  -1  -1  -1  -1 119 119 119  -1  -1  -1  -1  -1  -1  -1  -1  -1  -1  -1 
 36 134 134 151 151 151  -1  -1  -1  -1  -1 149 149  -1  -1  -1  -1 162  -1  -1  -1  -1 136 136 156  -1 
 37  -1  -1  -1  -1  -1  -1  -1  -1  -1  -1  -1  -1 163 163 163  -1  -1  -1  -1  -1  -1  -1  -1  -1  -1 
 38  -1  -1 206 200  -1  -1 195 195 195  -1  -1  -1 193 193  -1  -1 178 178  -1  -1  -1 180 180  -1  -1 
 39  -1  -1  -1  -1  -1  -1  -1  -1  -1  -1  -1  -1 207 207 207  -1  -1  -1  -1  -1  -1  -1  -1  -1  -1 
 40  -1 222 222  -1  -1  -1 250 244  -1  -1  -1  -1  -1 224 224  -1  -1 237 237  -1  -1  -1 239 239 239 
 41  -1  -1  -1  -1  -1  -1  -1  -1  -1  -1  -1  -1  -1  -1  -1 251 251 251  -1  -1  -1  -1  -1  -1  -1 
 42  -1 288  -1  -1  -1  -1  -1  -1 266 266  -1 294 283 283 283 268 268  -1  -1  -1  -1  -1 281 281  -1 
 43  -1  -1  -1  -1  -1  -1  -1  -1  -1  -1  -1  -1  -1  -1  -1  -1  -1  -1  -1  -1  -1  -1 295 295 295 
 44 185  -1  -1  -1  -1  54 187 272 184  -1 316 197  -1  -1  -1 143 141  -1  -1  -1 311  -1  -1  -1  -1 
 45  -1   5  -1  -1  -1  -1  -1  -1  -1  -1  -1  -1  -1  -1  -1  -1  -1  21  -1  -1  -1  -1 230 308  -1 
 46  -1 273  53  -1  -1  -1  -1  -1  -1  -1  -1  -1 312  -1  97  -1  -1  -1 315  -1  -1  -1  -1  -1  -1 
 47  -1  -1 269  -1 310  -1  -1   7  -1  -1  -1  -1  -1 142  -1  -1  -1  -1  -1  -1  -1  -1  -1  -1  -1 
 48  -1  -1  -1  -1  -1   8 229  -1  -1   9  -1  -1  -1  -1  -1  -1  -1  51  -1  -1  -1  -1  -1  -1  -1 
 49  -1  93  -1  -1  -1  -1   6  -1  -1 186  -1  -1  -1  -1  -1  -1  -1  -1  -1 138  -1 270  96  -1  -1 
 50  55  -1  -1 314  -1 140  -1  -1  10  -1 109 313  -1  -1  -1  -1  -1 139  -1  -1  -1  -1  50  -1  -1 
 51  11  -1 183  -1  -1  -1 274  49  52 225  -1 241  -1 182  -1  -1  -1  -1 285 231  -1  98  -1  -1  -1 
 52  -1  -1  -1  -1  -1  99  95  -1  -1  -1  -1  -1  -1  94  -1  -1  -1 275  -1  -1  -1 227  -1  65  -1 
 53  -1 181  -1  -1  -1 271 137  -1 228  -1  -1  -1  -1  -1  -1  -1  -1 226 153  -1  -1  -1  -1  -1 309 

