317
7 15
14 27
12 30
16 12
3 30
1 52
6 52
5 51
24 53
0 50
23 51
2 48
1 9
6 20
7 12
17 19
2 9
10 30
20 11
21 30
13 15
8 51
15 29
16 20
8 30
6 21
23 23
11 17
21 12
3 25
16 30
17 31
7 10
13 28
1 5
2 5
12 7
0 12
4 22
5 7
7 14
7 18
7 5
5 23
12 22
7 23
3 32
6 11
0 32
5 53
13 46
18 51
17 47
23 46
2 49
14 47
1 19
19 24
18 6
23 6
2 20
12 32
6 29
15 32
22 2
8 44
21 13
11 11
2 32
3 1
18 27
13 22
12 0
21 15
8 32
22 33
16 19
13 6
6 14
2 17
17 11
19 26
20 9
4 5
0 25
12 8
21 8
19 2
18 5
3 13
13 34
17 13
5 34
1 53
24 45
2 46
16 44
0 53
12 52
4 48
18 3
1 18
2 14
6 23
13 23
7 34
19 13
21 34
3 18
20 49
11 24
17 21
2 34
21 29
16 29
17 6
11 10
1 2
18 34
7 35
22 12
13 3
6 6
12 3
3 10
19 4
16 11
10 10
18 19
16 2
4 20
7 24
14 11
23 22
2 36
13 5
0 36
16 50
4 47
6 44
5 52
12 53
18 46
24 47
18 17
12 10
1 13
6 0
2 7
7 36
11 6
15 36
23 26
13 52
21 28
22 8
11 36
3 12
22 25
21 3
12 9
6 5
18 36
7 37
17 7
17 14
1 29
2 28
13 20
9 23
1 15
14 10
13 24
14 20
11 25
16 21
4 2
3 19
6 38
12 1
13 38
23 47
18 49
24 50
2 51
5 46
0 52
1 47
2 23
13 10
1 25
21 4
5 1
22 38
11 23
16 38
3 2
12 46
9 12
8 9
12 38
6 27
1 12
2 21
18 7
7 21
8 38
20 39
16 6
23 28
13 21
13 14
17 27
13 2
6 19
14 1
12 24
15 8
21 16
18 21
4 27
24 4
1 40
16 0
17 40
7 48
13 48
3 45
5 44
0 46
12 45
6 49
18 20
3 22
2 12
1 1
5 28
13 40
8 16
21 40
17 9
20 48
16 15
11 21
6 40
17 23
23 10
22 17
3 27
1 21
16 40
12 41
7 22
18 16
2 25
8 17
11 29
1 24
3 4
4 25
3 17
18 2
14 9
9 8
17 28
12 5
3 42
2 29
23 42
16 47
6 48
0 51
7 50
13 45
1 45
14 50
13 9
1 14
23 0
7 26
2 26
5 42
21 1
17 42
12 13
8 46
11 26
22 9
11 42
6 26
13 17
2 16
21 20
16 10
1 42
5 43
22 28
3 6
8 27
23 24
18 0
24 16
2 27
8 13
19 0
5 26
6 15
24 18
22 51
11 48
10 49
19 51
15 46
21 48
20 44
8 49
9 46

