317
22 3
19 22
17 30
7 8
5 30
10 48
3 48
20 52
2 52
9 51
11 47
15 50
6 10
14 28
11 6
12 18
17 17
2 30
7 21
21 30
13 14
8 47
1 22
16 26
11 30
12 22
17 18
21 27
7 14
1 7
16 30
2 31
13 10
22 27
6 25
8 6
23 24
13 11
13 16
0 20
11 8
9 0
11 15
18 19
7 27
20 23
5 32
21 6
3 32
22 52
17 47
11 53
18 48
2 53
19 48
10 49
11 5
6 23
22 5
12 6
2 1
17 32
13 23
7 32
16 14
23 50
21 24
1 25
12 32
13 1
1 8
6 16
8 18
18 1
21 32
15 33
2 0
7 6
22 9
11 27
3 14
13 27
1 19
2 9
7 28
14 11
3 23
13 15
7 3
3 13
18 34
6 28
10 34
20 51
2 49
4 52
21 53
5 49
17 46
9 52
7 9
1 28
2 12
18 4
10 14
22 34
8 14
15 34
3 25
12 51
13 4
6 22
7 34
17 0
16 0
8 17
11 2
18 9
2 34
22 35
1 16
13 28
21 20
12 11
6 4
18 11
10 20
10 15
18 24
9 23
22 0
15 5
10 24
5 5
2 36
7 12
18 36
17 50
15 44
6 45
9 53
22 51
21 48
4 53
2 22
6 26
7 17
22 23
17 10
15 36
23 26
11 36
21 21
8 44
1 26
0 3
17 36
16 28
11 10
12 9
6 18
23 19
7 36
20 37
13 20
7 2
1 20
18 21
3 22
10 5
1 4
18 25
0 6
0 17
5 11
22 8
9 11
17 20
10 38
19 11
2 38
4 47
7 50
22 44
21 44
15 46
18 45
6 47
3 3
18 18
11 21
6 8
12 3
8 38
16 6
20 38
2 15
19 45
1 5
23 5
12 38
18 26
23 28
3 12
21 1
8 22
1 38
5 39
2 8
16 16
13 17
13 8
17 6
0 21
1 12
14 25
24 18
23 8
12 28
0 12
19 7
21 17
3 40
15 0
10 40
20 46
7 49
18 44
2 46
17 53
22 47
9 49
3 4
11 23
2 18
6 13
15 29
17 40
13 22
22 40
7 24
8 48
1 13
12 8
13 40
17 1
21 9
23 13
22 25
2 17
12 40
5 41
3 17
18 0
16 17
8 21
1 17
3 2
8 5
5 27
14 12
0 23
22 28
7 29
18 3
20 8
6 42
17 24
2 42
10 44
22 53
15 52
11 46
9 44
4 51
19 52
6 11
18 2
17 25
11 19
2 21
12 42
16 8
21 42
7 0
8 49
5 20
1 1
18 42
13 7
21 26
8 1
1 27
7 20
17 42
11 43
2 23
6 7
16 3
3 10
23 15
17 23
1 29
14 2
9 22
3 18
3 9
22 19
13 51
16 44
14 44
12 47
0 44
8 51
1 50
23 48
24 48

