317
13 12
24 5
21 30
23 11
3 30
7 45
16 47
10 45
15 52
5 47
8 48
20 45
11 18
8 7
7 28
3 12
22 20
17 30
6 25
12 30
21 13
1 50
19 27
2 18
7 30
13 24
12 18
1 16
6 16
23 17
11 30
16 31
8 14
2 21
3 26
22 0
1 9
10 12
8 24
13 2
13 5
2 6
19 3
0 0
3 9
15 12
23 32
7 9
21 32
16 49
4 49
8 49
12 44
10 53
20 53
5 53
6 20
3 7
8 17
21 15
22 15
12 32
7 19
0 32
16 14
17 47
18 17
11 1
17 32
6 22
7 24
2 22
3 21
21 25
8 32
12 33
11 23
22 5
23 21
18 9
1 8
1 6
22 19
3 6
20 11
23 19
12 21
23 13
21 21
3 8
7 34
22 3
13 34
5 49
12 46
23 50
16 45
20 48
4 53
24 53
23 2
21 23
2 7
13 9
7 25
15 34
18 21
10 34
3 1
22 44
6 9
1 28
1 34
13 13
8 8
7 18
23 27
2 10
6 34
15 35
12 19
21 17
18 27
22 6
3 23
17 16
21 29
15 6
7 22
18 11
5 9
22 12
20 10
12 10
22 36
7 23
13 36
8 51
10 49
21 53
5 50
16 46
3 52
24 45
1 10
8 5
13 11
21 6
22 23
15 36
6 17
2 36
12 11
18 51
11 24
7 6
11 36
22 13
1 7
2 11
8 3
18 29
7 36
15 37
3 10
6 6
23 5
21 18
13 14
4 5
17 22
9 15
9 1
23 29
13 25
14 28
5 15
3 13
22 38
21 10
15 38
4 50
8 53
14 46
12 49
20 49
24 49
10 48
6 15
16 3
21 1
12 3
22 22
10 38
18 24
7 38
3 28
17 50
1 4
2 26
18 38
8 23
1 1
2 16
23 12
7 11
17 38
11 39
22 25
16 25
21 3
21 19
6 14
17 3
17 11
22 8
21 22
11 27
10 29
23 24
23 0
22 29
3 40
24 3
20 40
15 44
7 44
12 48
13 53
10 47
8 45
16 44
18 8
3 16
16 13
21 12
10 25
12 40
1 29
5 40
23 1
24 52
17 18
2 23
23 40
6 4
1 21
21 24
17 28
18 4
8 40
12 41
3 14
7 15
16 16
2 15
11 10
18 1
17 7
12 13
18 20
7 8
12 0
15 22
13 21
20 23
15 42
21 9
3 42
14 49
5 52
10 52
12 47
23 48
24 51
22 45
3 4
12 29
13 18
7 7
22 7
10 42
21 14
17 42
8 22
2 46
1 25
6 1
12 42
7 14
11 13
23 8
1 14
16 9
13 42
7 43
2 24
21 4
6 28
3 27
18 10
1 18
9 24
8 6
13 28
11 0
18 16
16 26
2 45
0 44
9 48
6 53
17 44
18 50
1 45
11 48
19 44

