317
12 11
10 4
0 30
6 3
18 30
17 52
8 46
9 46
5 49
15 47
11 48
2 46
11 21
2 3
1 16
23 12
18 27
7 30
16 18
12 30
22 4
3 49
6 20
21 22
6 30
8 13
13 20
1 11
21 3
16 2
11 30
22 31
7 20
2 11
3 29
17 19
2 4
0 10
23 11
16 28
16 26
15 11
20 24
6 4
2 22
6 0
12 32
8 25
10 32
9 48
5 45
15 48
19 48
1 48
14 50
0 44
2 9
12 21
11 27
13 16
20 25
17 32
8 19
22 32
16 12
7 46
3 11
4 28
2 32
3 17
13 11
23 27
21 20
1 17
7 32
16 33
12 0
22 11
8 4
2 7
11 4
11 2
18 3
12 7
2 15
4 26
9 9
8 7
11 11
19 1
12 34
14 9
5 34
8 49
17 50
18 45
1 51
10 51
9 45
15 49
11 10
12 6
8 10
6 10
17 11
22 34
24 20
0 34
13 15
3 44
16 23
7 29
7 34
3 21
17 16
16 15
11 9
6 16
18 34
21 35
2 23
12 19
23 10
13 25
8 1
3 3
11 6
10 5
14 2
1 9
17 22
1 28
18 7
6 8
13 36
1 13
10 36
5 44
15 51
12 50
0 48
8 45
17 51
19 51
11 28
18 23
17 27
21 10
12 22
22 36
9 7
2 36
8 8
16 50
7 15
1 2
16 36
18 26
1 6
3 10
8 0
11 8
7 36
21 37
2 2
7 5
13 24
17 26
12 18
4 25
14 24
12 1
14 28
14 7
15 16
7 25
14 22
19 24
0 38
18 19
8 38
2 52
11 50
6 51
17 44
5 48
15 46
10 44
23 23
17 18
6 29
1 18
7 17
3 38
22 9
11 38
2 18
16 48
21 16
18 2
22 38
12 9
18 6
17 1
13 28
1 8
23 38
2 39
7 13
21 24
6 23
6 7
11 17
1 27
22 21
4 3
13 12
22 17
10 10
11 7
15 27
14 29
18 40
11 15
8 40
12 47
1 49
17 48
5 50
0 45
13 47
6 44
1 0
17 23
18 17
8 21
12 10
22 40
16 5
2 40
6 2
24 52
11 0
7 8
6 40
16 29
11 26
12 12
13 14
1 25
7 40
20 41
2 29
18 15
17 3
23 22
3 24
18 28
22 27
18 9
5 19
6 28
7 1
1 24
6 19
0 20
12 42
11 23
18 42
5 52
17 49
14 45
8 48
1 45
10 53
15 50
23 6
17 29
18 13
1 21
13 4
3 42
16 25
7 42
12 20
22 47
21 2
11 22
17 42
18 29
21 23
6 1
12 2
7 21
1 42
2 43
13 2
8 16
16 6
11 24
23 15
20 19
11 18
8 6
10 8
12 5
1 10
5 28
23 53
21 44
24 44
22 49
16 46
3 50
4 48
7 49
20 47

