317
2 15
14 3
15 30
13 18
8 30
3 46
11 53
4 47
24 48
5 50
12 45
0 53
20 4
11 24
12 3
8 8
15 3
2 30
13 20
21 30
18 13
1 53
7 9
6 3
1 30
2 22
11 5
22 28
16 13
6 24
12 30
17 31
3 28
21 15
8 9
7 20
21 26
6 7
0 5
19 15
20 10
0 10
17 17
18 18
9 1
2 17
13 32
3 24
11 32
0 50
15 52
8 51
16 44
23 53
4 44
5 44
8 14
21 3
16 6
11 25
12 24
17 32
7 21
22 32
2 24
1 47
3 14
6 17
6 32
8 13
12 11
23 13
21 7
16 2
1 32
17 33
13 28
22 27
3 21
7 16
11 12
17 14
16 5
19 29
8 5
11 6
10 13
3 15
8 1
11 15
2 34
15 4
13 34
4 49
12 50
17 52
23 46
5 49
16 50
0 48
17 24
16 15
2 29
3 9
12 13
22 34
21 16
7 34
11 19
6 46
18 19
1 5
12 34
1 13
3 10
2 11
16 18
13 2
6 34
22 35
7 1
18 9
21 22
17 12
11 8
17 26
15 17
15 27
8 28
5 5
15 28
10 7
12 22
5 2
3 36
11 3
15 36
13 49
14 46
2 53
0 46
24 52
8 50
9 52
16 7
12 14
13 25
21 14
2 3
22 36
11 23
17 36
8 10
6 49
7 17
1 18
12 36
13 3
18 21
16 20
8 7
2 6
7 36
21 37
17 1
6 28
3 22
11 18
1 9
4 19
2 26
22 8
17 2
0 21
8 29
24 8
14 1
17 11
23 38
12 29
3 38
16 53
9 44
5 45
13 44
2 47
15 49
11 44
13 7
16 14
11 0
22 0
2 8
20 38
12 28
6 38
23 18
19 48
1 19
18 4
12 38
1 8
18 16
16 8
7 28
3 19
2 38
20 39
8 23
23 24
11 14
11 27
6 14
3 20
23 5
3 13
7 11
12 27
3 0
20 13
15 26
24 12
13 40
16 26
8 40
12 48
3 51
11 45
23 49
0 51
2 50
17 44
8 6
17 29
23 29
16 9
12 9
2 40
22 15
5 40
11 1
18 50
21 4
1 26
16 40
12 25
22 20
21 9
23 7
6 27
18 40
2 41
7 6
11 29
13 8
1 1
8 17
16 27
16 1
11 22
15 1
14 27
5 10
14 10
13 19
0 27
3 42
2 12
23 42
12 53
16 52
14 52
8 48
15 45
5 46
11 47
3 7
23 20
22 26
8 11
10 4
12 42
21 5
17 42
7 29
1 44
2 14
6 10
21 42
22 23
2 7
16 12
13 12
17 18
6 42
7 43
12 12
18 14
23 19
11 21
1 7
15 23
5 28
22 19
14 15
14 14
17 25
9 9
7 49
18 44
19 44
1 48
10 49
21 46
22 45
6 44
20 51

