317
6 8
14 12
18 30
16 15
3 30
1 52
11 51
13 51
15 46
10 48
24 46
17 49
6 28
3 0
1 19
22 27
18 6
10 30
16 19
7 30
21 7
2 45
12 0
23 26
13 30
8 25
12 18
17 9
23 18
1 29
6 30
20 31
7 25
18 21
16 3
2 13
17 26
4 6
21 22
9 23
5 5
23 13
0 22
11 4
24 11
8 6
18 32
6 13
13 32
16 44
10 45
1 46
4 51
11 49
17 50
7 47
21 0
12 16
7 15
11 10
13 13
15 32
22 22
1 32
18 16
6 44
9 19
23 9
7 32
21 28
23 1
3 12
6 18
18 4
11 32
15 33
2 29
1 24
13 19
7 17
22 1
3 8
10 23
24 17
2 19
10 7
19 15
11 23
13 24
7 16
17 34
6 15
15 34
10 51
3 47
8 51
1 45
14 52
19 51
4 46
1 9
3 20
16 23
23 22
17 24
8 34
20 10
11 34
22 19
6 48
2 16
21 27
6 34
18 19
12 8
8 20
13 0
17 23
3 34
22 35
1 4
11 12
21 3
16 22
7 9
19 29
16 18
15 22
17 12
0 4
19 4
12 6
14 0
6 10
18 36
24 27
7 36
16 51
15 48
13 50
11 50
1 44
3 46
10 53
1 8
18 2
13 28
16 13
8 11
22 36
17 14
2 36
11 15
20 48
12 28
5 17
13 36
17 3
6 0
3 14
12 19
2 21
16 36
21 37
1 11
1 1
8 27
18 18
11 3
21 23
20 6
3 10
4 10
13 20
18 0
9 29
14 5
15 9
18 38
6 21
16 38
24 53
3 50
13 47
11 45
7 44
8 48
4 44
18 5
8 7
16 12
17 19
20 14
12 38
6 9
0 38
11 6
5 52
23 7
22 4
6 38
18 26
16 11
2 10
8 22
22 5
3 38
10 39
1 26
13 21
21 21
23 29
7 6
12 21
13 17
11 1
2 7
1 21
9 18
19 2
19 17
24 15
13 40
10 28
6 40
11 48
3 45
17 46
8 47
18 45
16 53
1 48
18 23
11 13
6 16
13 26
7 0
2 40
21 19
15 40
1 12
12 50
23 17
22 29
21 40
17 16
13 5
23 4
7 24
8 28
18 40
2 41
11 19
16 6
6 27
12 17
1 14
18 28
7 1
14 1
7 19
13 18
14 17
16 28
17 25
6 24
18 42
7 5
3 42
10 46
1 47
16 52
11 46
24 47
14 44
8 44
8 10
2 25
3 4
1 5
17 29
22 42
15 1
11 42
6 19
7 52
5 8
21 13
7 42
22 20
6 6
11 7
3 5
18 1
8 42
22 43
1 22
13 23
21 10
2 17
17 5
17 21
15 0
10 19
2 23
22 6
3 29
8 19
21 51
5 47
9 47
2 50
0 52
22 50
23 49
12 51
20 47

