317
6 14
19 21
20 30
24 16
13 30
3 50
23 45
1 51
15 49
5 45
7 47
22 50
23 7
13 17
21 16
11 23
17 29
5 30
16 8
1 30
12 18
8 50
24 18
0 28
8 30
6 21
16 2
3 25
23 3
13 7
17 30
10 31
7 22
2 18
22 13
21 26
3 9
10 29
13 5
23 16
0 13
21 9
7 17
22 3
11 3
15 12
23 32
3 24
5 32
1 48
14 48
13 50
22 53
7 50
20 52
10 52
13 10
1 23
11 18
6 28
22 17
7 32
12 17
17 32
16 0
2 53
21 0
3 16
1 32
18 28
17 14
21 10
3 18
6 2
12 32
7 33
23 23
21 19
13 6
2 23
16 1
22 10
20 22
11 1
13 2
3 6
5 22
1 2
3 5
7 7
23 34
15 21
5 34
22 52
13 51
10 48
1 45
14 51
21 48
20 50
23 6
21 5
1 21
3 3
5 9
18 34
15 6
11 34
22 28
16 47
8 22
2 17
3 34
11 13
21 3
23 5
6 24
1 12
22 34
17 35
12 1
13 3
16 23
8 4
2 25
16 15
2 12
24 15
23 25
24 9
17 20
12 3
15 3
6 0
23 36
21 21
13 36
11 44
10 44
3 51
5 49
1 47
19 47
20 53
3 22
23 26
11 5
16 19
12 29
17 36
22 25
7 36
1 18
21 44
2 2
4 15
2 36
3 14
7 12
8 28
13 8
23 27
11 36
16 37
12 4
12 5
21 7
1 4
22 5
22 23
12 15
13 26
1 11
17 17
0 4
20 12
5 8
19 18
23 38
7 1
13 38
1 44
6 52
3 53
21 49
20 44
15 44
22 44
6 29
17 6
21 1
13 1
22 22
10 38
7 4
0 38
12 10
18 50
8 20
16 20
7 38
2 24
17 0
18 14
6 19
1 5
3 38
10 39
22 8
13 9
23 8
21 17
8 7
1 26
20 25
4 14
24 0
24 28
16 10
5 26
20 24
5 27
23 40
11 15
13 40
21 46
1 46
22 47
7 51
10 50
15 48
6 44
21 4
6 13
13 25
7 23
22 2
2 40
8 3
17 40
1 14
16 49
12 12
11 4
12 40
17 7
8 12
6 8
7 16
22 20
16 40
1 41
11 0
18 16
23 29
13 4
21 12
12 21
11 8
10 0
22 9
14 29
7 29
20 4
1 19
20 5
13 42
15 10
10 42
21 52
6 46
24 51
23 44
5 46
22 51
19 50
6 10
11 9
13 28
8 8
18 13
23 42
12 6
2 42
7 8
17 51
16 27
15 22
21 42
23 18
18 21
1 6
13 20
3 13
6 42
7 43
12 0
2 21
22 0
11 22
17 5
11 2
17 9
3 19
16 18
18 4
11 21
11 11
18 52
16 50
4 52
17 48
12 47
2 47
9 52
8 44
0 44

