317
7 18
24 4
16 30
18 5
13 30
11 51
23 46
22 51
4 46
15 45
2 53
19 49
13 29
16 4
7 20
2 8
17 2
22 30
8 26
10 30
21 12
6 45
3 21
1 26
6 30
8 19
1 9
12 28
23 24
17 13
2 30
20 31
7 12
13 16
3 8
16 14
11 20
11 13
6 22
1 16
16 22
8 18
7 21
14 14
21 14
23 1
18 32
24 7
15 32
7 52
13 48
11 52
2 46
12 47
17 49
22 52
16 18
7 16
21 16
8 29
17 29
2 32
1 18
12 32
11 6
6 49
24 18
20 29
8 32
7 7
17 14
11 5
13 10
1 25
21 32
2 33
16 27
11 21
22 20
8 15
18 8
14 17
4 19
19 11
17 22
14 21
23 0
12 27
22 28
18 18
16 34
21 5
12 34
15 50
11 48
4 50
23 51
14 44
19 51
24 53
23 23
16 25
17 7
22 14
12 18
2 34
5 11
7 34
18 1
0 52
6 4
21 24
23 34
7 0
18 26
16 28
11 7
22 4
21 34
1 35
8 11
13 24
3 17
12 29
17 25
12 11
10 25
1 24
13 9
7 17
24 11
10 10
16 24
7 28
13 36
18 9
23 36
12 49
19 44
17 53
21 52
22 46
2 51
15 46
13 27
16 8
17 6
21 27
22 29
2 36
18 25
10 36
7 15
1 50
6 23
8 5
18 36
16 0
11 19
12 14
6 20
1 5
8 36
2 37
13 23
8 21
21 2
17 26
23 17
16 3
19 21
4 1
13 12
12 23
17 3
17 28
21 18
19 17
23 38
16 17
17 38
13 49
7 50
11 50
22 44
14 48
12 50
4 52
12 7
17 5
21 0
1 29
22 13
2 38
16 1
7 38
11 11
15 48
10 15
6 2
12 38
8 24
17 0
16 15
23 22
7 25
11 38
1 39
22 24
13 2
21 29
21 11
6 8
13 8
10 1
22 16
12 10
24 12
5 28
6 25
19 20
2 5
17 40
21 4
13 40
15 49
22 50
4 44
11 45
16 51
7 51
12 45
6 10
11 1
17 23
16 16
12 1
22 40
1 15
7 40
18 22
0 53
3 18
21 17
21 40
18 15
2 27
3 16
13 26
6 19
16 40
22 41
7 3
11 22
12 24
17 12
8 0
18 7
20 26
6 27
15 0
22 6
7 11
17 8
7 24
4 0
13 42
2 12
23 42
16 46
18 44
19 53
11 49
17 52
22 48
21 45
18 20
21 21
2 24
17 10
22 10
5 42
3 1
10 42
16 21
1 49
20 6
8 16
22 42
23 18
2 10
13 20
8 20
11 4
18 42
15 43
7 9
12 22
21 9
6 6
1 20
24 25
7 23
10 23
20 12
18 11
21 8
24 10
3 45
8 44
9 45
10 49
0 46
1 46
6 46
20 50
5 51

