317
8 14
19 20
0 30
18 22
20 30
22 51
11 46
2 46
10 49
23 49
12 46
3 44
21 21
3 7
1 6
2 7
22 16
12 30
18 5
6 30
11 21
16 44
4 8
17 6
23 30
22 3
16 28
6 2
11 20
1 14
17 30
12 31
21 7
8 6
2 22
3 11
8 4
23 15
14 6
24 18
6 14
7 27
5 3
12 22
3 19
8 3
0 32
21 0
10 32
20 53
13 49
12 48
23 53
18 50
14 49
19 51
11 11
1 13
12 27
13 23
17 0
22 32
21 11
2 32
8 1
6 47
7 4
16 21
13 32
12 24
7 1
2 16
3 6
21 26
16 32
22 33
6 1
2 2
18 7
11 14
8 15
11 15
19 7
16 5
18 6
24 8
1 21
12 6
8 19
18 24
1 34
0 17
13 34
11 49
21 47
19 45
23 50
10 44
12 47
3 50
11 9
12 15
17 7
8 29
2 25
22 34
24 4
5 34
13 15
15 46
4 14
16 24
12 34
1 25
18 4
17 29
6 10
13 4
11 34
20 35
2 11
7 25
21 16
8 28
16 11
2 12
1 2
9 25
2 1
2 6
19 1
13 9
14 26
1 22
18 36
23 21
21 36
3 49
20 51
2 48
10 47
8 52
12 50
0 50
21 10
18 2
3 27
2 10
22 6
7 36
16 29
11 36
1 28
6 49
17 10
4 24
23 36
22 17
11 6
12 21
17 25
6 24
16 36
7 37
13 21
16 18
2 27
21 3
1 29
19 17
7 14
22 21
22 11
14 21
16 22
0 22
10 2
20 23
22 38
19 25
2 38
18 45
21 49
1 45
12 45
0 52
14 52
13 46
13 27
1 26
12 20
22 25
2 4
17 38
11 3
7 38
23 20
19 50
24 3
6 22
1 38
8 16
22 5
23 18
13 8
18 28
11 38
15 39
12 2
6 26
2 8
2 20
7 3
7 22
10 3
17 17
1 27
0 23
20 5
23 2
10 28
20 9
18 40
0 19
13 40
2 51
21 44
1 46
12 51
3 46
8 53
11 53
18 19
11 16
12 17
13 24
2 0
0 40
17 16
5 40
22 2
9 51
16 7
24 7
3 40
6 7
17 3
16 1
18 29
12 12
8 40
21 41
2 15
7 26
13 11
1 4
11 26
8 18
10 6
10 20
3 21
1 7
14 14
3 20
8 5
23 26
0 42
3 22
20 42
14 48
13 50
22 44
11 52
18 53
2 50
19 46
1 23
22 27
21 28
11 28
17 26
12 42
16 2
7 42
2 9
3 52
24 13
6 29
22 42
11 1
18 10
8 26
2 26
6 19
16 42
10 43
1 17
7 9
13 26
3 26
21 4
15 13
3 16
2 24
4 26
14 7
10 17
14 1
7 52
5 53
15 51
6 46
24 44
16 46
17 50
4 52
9 48

