r\t   0   1   2   3   4   5   6   7   8   9  10  11  12  13  14  15  16  17  18  19  20  21  22  23  24 
  0  -1  64  -1  -1  -1  -1 167  -1  -1  -1  -1  66 280 280  -1  -1  -1 148 148  -1  -1  -1 235  -1  -1 
  1  -1  -1 198  -1  -1 286 179  -1  79  39  -1 146  -1 110  -1  -1  -1  -1  34  -1  -1  -1 115  -1  -1 
  2  -1 204  -1  -1  -1  -1  88 166  -1  -1  -1  23 147  -1  -1  -1  -1 117 171  -1  -1 298  -1  -1 221 
  3  -1  -1 154  -1  -1  -1  -1  -1  -1 287  -1  85  -1  -1  -1  16  16  -1  -1 257  -1  -1  -1  -1  -1 
  4  -1  -1  -1  25 260  -1  -1  72  -1  -1 129  -1  -1 113  22  -1  35  -1  -1  -1  -1  -1  -1  29  -1 
  5 265  -1 159  -1  81  83 116  -1 157  -1  -1  -1  -1 264  -1  -1  -1  -1 212  -1  -1 277  -1  14  -1 
  6  -1  -1  -1  -1  -1  -1 173   0 211  -1  -1 169 255  -1  -1  -1 190  -1 305  -1  -1  15  -1  -1  -1 
  7  -1  -1  -1  -1  -1  -1  -1  -1  -1  -1  -1  -1  -1  91 238  -1  -1  -1  -1  -1  84  -1  -1 103  -1 
  8  -1  32  43 209 214 217  -1 253 293  -1  -1  -1  -1  -1  -1  -1  70 261 267 263 302  -1  -1  -1  -1 
  9  37  -1  -1  -1  -1  -1 276  -1  56  -1  -1 127  -1  -1  -1  -1  -1 102 192 192  -1  -1  -1  -1  -1 
 10  -1  -1  -1  -1  -1  -1  -1 100 121  -1  -1  -1  -1  -1  -1  -1  -1  -1  -1  -1  -1  -1  -1  -1  -1 
 11  -1  -1  -1  -1  -1 150  -1 300  -1  -1  -1 252  -1  -1  -1  -1  -1  -1 160  -1  -1 165  -1  -1 174 
 12 220  -1  -1  -1  -1  -1 245  -1  -1  -1  82  -1  -1  -1 282  -1  89 202  69  -1  -1  -1  -1  -1  -1 
 13  -1  -1  -1  -1  -1  -1  -1  -1  -1  -1 258  -1  13   1  -1  -1 124 177  -1 242  -1  -1  20  -1  -1 
 14  -1  -1  -1  -1  -1  -1  27 145 189 218  -1  -1  -1  -1  -1  45  -1  -1  -1  -1  -1  -1  -1 208  -1 
 15  -1 133  -1  -1  -1  -1  62  -1  -1  -1  -1  -1  -1  -1  -1  -1  -1  -1  -1  -1  -1  -1  -1 307  -1 
 16  -1  -1  -1  -1 213 175  36 284 304  -1  -1  77  -1  -1  -1  -1  -1 223  -1  -1  87  -1  -1  -1  -1 
 17  -1  -1  -1 158  -1  -1  -1  -1  33  -1  -1  -1  -1 299  -1  86  -1  28  -1  -1  -1 135  -1 256  44 
 18  -1  -1  -1  -1  -1  -1  -1  -1  -1 172  -1 120  -1  -1  -1  -1  -1  -1 108  -1  67 114  -1  -1  -1 
 19  -1  -1  -1  -1  -1  -1 144  -1 128  -1  -1  -1  -1  -1  -1  -1  -1 291 297  -1  -1  -1 279 233  -1 
 20  -1  -1  -1  -1  -1  -1  -1  58 254 215  -1   3 196  -1  -1  -1  -1  -1  -1 262  -1  -1  -1  -1  -1 
 21  -1 152 290  18  -1  -1  -1  -1  -1  -1  -1 161  -1  -1  -1  -1  -1  -1  57  -1  -1 240  -1  -1  -1 
 22  -1  -1 122  -1  -1  -1  47  -1  -1  -1  -1  -1  -1  -1  -1  -1  -1  -1 303  -1  -1  -1 131  -1  -1 
 23  -1  -1  -1 194  -1 259  -1  -1  -1 106  -1  -1  -1  78  -1  -1  -1  -1  -1  -1  -1  -1 203 164  -1 
 24  -1  -1  -1  -1  -1  -1  -1 236 236  -1  -1 191  -1  -1  -1  -1  -1  -1  -1  -1  -1 216  80  -1  -1 
 25  -1 188  -1 246  -1  -1  -1 205 126  -1  -1  71  60  60  -1  -1 306  -1  -1 170  -1  -1 130  76  -1 
 26  -1  -1  -1  -1  -1  -1  -1  -1  -1  -1 104 104  -1  -1  -1  38 278  59  -1  -1  -1 155  -1 289  -1 
 27  -1  12 249  -1  -1 111 199 123  -1  -1  -1 292 296 234  -1 176 201 248  -1  -1  -1  -1  -1  -1  -1 
 28  -1 101  -1  -1  -1  -1 210  -1 219  -1  -1  -1  -1  -1  -1  -1  -1 243  -1  40  -1 125  -1  -1  -1 
 29 132  73  -1  -1  -1  41  -1  -1  -1  -1  42  -1 232  26  -1 301 168  -1 247  -1  -1  -1  -1  -1  -1 
 30   4   4  24  -1  -1  -1  19  19  19  -1  -1  -1  30  -1  -1  -1  -1  17  17  -1  -1  -1  -1   2   2 
 31  -1  -1  -1  -1  -1  -1  -1  -1  -1  -1  -1  -1  -1  -1  -1  -1  -1  -1  -1  -1  31  31  31  -1  -1 
 32  46  46  61  61  -1  -1  68  -1  -1  -1  -1  -1  48  48  -1  -1  -1  74  -1  -1  -1  63  63  63  -1 
 33  -1  -1  75  75  75  -1  -1  -1  -1  -1  -1  -1  -1  -1  -1  -1  -1  -1  -1  -1  -1  -1  -1  -1  -1 
 34  92  92 105 105  -1  -1  -1  -1  -1  -1  -1  90  90  -1  -1  -1  -1  -1 112  -1 107 107 107 118  -1 
 35  -1  -1 119 119 119  -1  -1  -1  -1  -1  -1  -1  -1  -1  -1  -1  -1  -1  -1  -1  -1  -1  -1  -1  -1 
 36  -1  -1  -1  -1  -1  -1 134 134  -1  -1 136 136  -1  -1  -1 149 149 156  -1  -1  -1 162 151 151 151 
 37  -1  -1  -1  -1  -1  -1  -1  -1  -1  -1  -1  -1 163 163 163  -1  -1  -1  -1  -1  -1  -1  -1  -1  -1 
 38 178 178 200  -1  -1  -1  -1 180 180  -1  -1  -1  -1 193 193  -1  -1  -1  -1  -1  -1 206 195 195 195 
 39  -1  -1  -1  -1  -1  -1  -1  -1  -1  -1  -1 207 207 207  -1  -1  -1  -1  -1  -1  -1  -1  -1  -1  -1 
 40  -1 239 239 239  -1 237 237 224 224  -1  -1 222 222 250  -1  -1 244  -1  -1  -1  -1  -1  -1  -1  -1 
 41  -1  -1  -1  -1  -1  -1  -1  -1  -1  -1  -1  -1  -1  -1  -1  -1  -1  -1  -1  -1 251 251 251  -1  -1 
 42  -1 294 283 283 283  -1 268 268  -1  -1  -1 266 266  -1  -1  -1 288 281 281  -1  -1  -1  -1  -1  -1 
 43  -1  -1  -1  -1  -1  -1  -1  -1  -1  -1  -1  -1  -1  -1  -1  -1  -1  -1  -1  -1  -1  -1 295 295 295 
 44  -1  -1  21 153 316  -1  -1  -1  -1 310  -1  -1  -1  -1  -1  -1  -1  51  10 109 285  -1  -1  -1  -1 
 45  -1  -1  -1  -1  -1  -1  -1  -1  -1  -1 183  -1  -1  -1  -1  -1 230 275  -1  -1  -1  -1  -1  -1  -1 
 46  -1  -1  -1  -1  -1  -1  -1  49  -1  -1  -1  -1  -1  -1  -1  -1  55   8  94  -1 312 270 313  53  -1 
 47  -1  -1  -1  -1  -1  -1  -1  -1 273  -1 274  -1  -1 140 315 271   7  -1 226  -1  -1 184  -1  96  -1 
 48  -1  -1  -1  -1  -1  -1  -1  -1  -1 197  50  -1  -1  -1  -1  -1 269  -1  -1  -1  -1  -1  -1 231  -1 
 49  -1  -1  -1  -1  -1  -1  -1  -1   5  -1  -1  -1  -1 181  -1 143  -1  -1  54  -1  -1  -1  -1  -1  -1 
 50  -1  -1 308 314 241  -1  -1  -1 141  -1   9  -1   6  -1  -1  -1  -1  97 137  -1  -1  -1  -1  -1  95 
 51  -1 272  -1  -1  -1  -1  -1  -1  98  -1 225  -1  -1 227  -1  11  -1 139  -1 311  -1  -1  -1  -1  -1 
 52  -1  -1  -1  -1  -1  -1  -1  -1  -1  -1  -1  -1 182  -1  -1 229 138  -1 185  65  -1  -1  -1 142  -1 
 53  -1  -1  -1  -1  -1 309 228  93  52  -1  -1  -1  -1  -1  -1  99 186  -1  -1  -1  -1  -1  -1 187  -1 

r\t   0   1   2   3   4   5   6   7   8   9  10  11  12  13  14  15  16  17  18  19  20  21  22  23  24 
  0  -1  -1  -1  70  -1  40 194 216 133 176  -1  -1 129 249  -1  -1  -1  12  -1  -1  -1 299  -1  -1  -1 
  1  -1  -1  -1  -1  -1  -1  18  -1  -1  -1  -1  -1 298  29  39  -1  -1  -1 192 192  -1  -1 157 196  -1 
  2  -1 234  -1  -1  -1  -1  -1 297  -1  -1  -1  -1 205  -1  -1  -1  -1  -1  -1  -1  -1   0  -1  -1  -1 
  3  -1 169  -1 130  -1  -1  -1  -1 301  -1  -1  -1  -1  -1  38  -1 235  -1  -1  -1  -1 172  -1 246  -1 
  4  -1  -1  -1  -1  -1  -1  -1  -1 223  -1  -1 242  34  -1  -1  -1  -1 191  26 259  -1  -1  -1  -1  -1 
  5  -1  -1  -1  -1 238  -1  -1 122 255  -1  -1  -1  56 115 221  -1  76  -1  -1  -1 287  -1  -1  59  -1 
  6  -1  -1  -1 146  -1  -1 291 108  -1  83  -1  -1  -1  -1  -1  -1  -1  60  60  -1  -1 209  -1 261  -1 
  7  45 245 300  -1  -1  -1  -1  -1 293  -1  -1  -1  -1 160  -1  -1  -1  -1 252  -1  -1 124  -1 111  -1 
  8 265 290  -1  -1  -1  -1  28  42  -1  -1  37  -1  -1  58  -1  -1  85  -1  -1  -1  -1 102  -1  -1  -1 
  9  -1  -1  -1  -1  -1  -1  -1  -1  -1  -1  41  -1  -1  -1 125  -1  -1  -1  71  -1 217  -1  -1  -1  -1 
 10  -1  -1  -1 168  -1  -1  -1 306 104 104  -1  -1   3  -1  -1  -1 164  -1  -1 263  -1  -1  -1  -1  -1 
 11  -1  -1  -1 286  -1  -1  87 166  -1  -1  -1  -1 280 280  -1  -1  47 292  -1  -1  -1 167  -1  -1  -1 
 12  -1  -1  -1 173  -1  -1 210  -1  -1  -1  -1 175 114 144 303  -1  -1  -1  -1  -1  -1  -1  -1  -1  -1 
 13  -1 131  -1  -1  -1  -1  -1 135  -1  -1  -1  -1  91  -1  -1  -1  -1 159 219  84  -1  73  -1  -1  -1 
 14  -1  -1  -1  43  -1  -1  67  -1  -1  -1  -1  -1 110  -1  -1  -1 258  -1  -1  -1  -1  57  -1  -1  -1 
 15  -1  15  -1 240  -1  -1  -1  -1  -1  -1  -1  -1  -1  -1  -1  -1 190  -1  -1 220  -1 232  -1 154  -1 
 16  -1  80  -1 171  22 262  -1  -1  -1  -1 177  -1  -1  -1  -1  -1  -1  -1   1  -1  -1  -1 126  -1  -1 
 17  -1  64  69  -1  -1  -1  -1  -1  32  -1  -1  -1  -1  -1  -1  -1 203  -1 218  -1 148 148 155  23  -1 
 18  -1  -1  -1 116  -1  -1  -1 279 152  -1  -1  -1  -1 100  -1  -1  25  77  -1  -1 302  -1  -1  -1  -1 
 19  -1  -1 121 254  -1  -1 158  -1  -1  -1  -1  -1 165  14  -1  -1  -1 120  -1  -1  -1  -1 248  -1  -1 
 20  -1 277 212  -1 128  -1 214  -1  -1  -1  -1  -1 256 201  -1  -1 101  -1 161  -1  -1 132  -1  -1  -1 
 21  -1 123  -1  -1  -1  -1  79  -1  -1  -1  -1  -1  -1  -1  -1  -1  -1 202 264  -1  -1  -1 106  -1  -1 
 22  -1 103  -1 204  -1  -1  -1  44 243  81  -1  -1  -1  -1  -1  -1  -1  -1  -1  -1  -1 179  -1  -1  82 
 23  -1  -1  -1  -1  -1  -1  -1  -1  -1  -1  -1  66  -1  -1  -1 174 296  -1  -1  -1  -1  -1  33  -1  -1 
 24  -1 208  20  -1  -1  -1  -1  -1 276  -1  -1  35 145  88  -1  -1  62 233  -1  89  -1 284  -1  -1  -1 
 25  -1  -1 147  -1  -1  -1 211  72  -1  -1  -1  13  -1  -1  -1  -1 253  -1 304  -1  -1 199  -1  -1  -1 
 26  -1  -1 278  -1  -1  -1  -1  -1  -1  -1  -1 282  -1  -1  -1  -1  -1  -1  -1  -1  -1 247 170  27 215 
 27  -1  -1  -1  -1  86  -1  -1  16  16  -1  -1  -1  -1  -1  -1  -1  -1  -1  -1  -1  -1  -1  -1  -1  -1 
 28  -1  -1  -1  -1  -1  -1  -1 150  -1 127  -1  -1 236 236  -1  -1  -1 213  -1  -1  -1  -1  -1  36  -1 
 29  -1  -1  -1 267  -1  -1 305 189 188  -1  -1 289  -1  78  -1 257 113  -1  -1 307 198 260 117  -1  -1 
 30  -1  -1  -1  -1  -1  -1  -1  24   4   4  -1  -1  -1   2   2  17  17  30  -1  -1  19  19  19  -1  -1 
 31  -1  31  31  31  -1  -1  -1  -1  -1  -1  -1  -1  -1  -1  -1  -1  -1  -1  -1  -1  -1  -1  -1  -1  -1 
 32  -1  -1  63  63  63  -1  68  61  61  -1  -1  74  -1  48  48  -1  -1  -1  46  46  -1  -1  -1  -1  -1 
 33  -1  -1  -1  -1  -1  -1  -1  -1  -1  -1  -1  -1  -1  -1  -1  -1  -1  -1  -1  -1  -1  -1  75  75  75 
 34  92  92 107 107 107  -1  -1  -1  90  90  -1 118  -1  -1  -1  -1  -1 105 105  -1  -1  -1  -1 112  -1 
 35  -1  -1  -1  -1  -1 119 119 119  -1  -1  -1  -1  -1  -1  -1  -1  -1  -1  -1  -1  -1  -1  -1  -1  -1 
 36  -1  -1  -1  -1  -1  -1  -1  -1  -1  -1 149 149 162 134 134 151 151 151 136 136  -1  -1  -1 156  -1 
 37 163 163 163  -1  -1  -1  -1  -1  -1  -1  -1  -1  -1  -1  -1  -1  -1  -1  -1  -1  -1  -1  -1  -1  -1 
 38 180 180 195 195 195  -1  -1  -1 200  -1  -1 206 193 193  -1  -1  -1  -1 178 178  -1  -1  -1  -1  -1 
 39  -1  -1  -1  -1  -1  -1  -1  -1  -1  -1  -1  -1  -1  -1  -1  -1  -1  -1  -1  -1  -1  -1 207 207 207 
 40  -1  -1 222 222  -1 237 237  -1  -1  -1  -1 244 224 224  -1  -1  -1 250  -1  -1  -1  -1 239 239 239 
 41  -1  -1  -1  -1  -1 251 251 251  -1  -1  -1  -1  -1  -1  -1  -1  -1  -1  -1  -1  -1  -1  -1  -1  -1 
 42  -1  -1  -1  -1  -1  -1  -1 266 266  -1  -1 288 268 268  -1 283 283 283 294  -1  -1  -1 281 281  -1 
 43  -1  -1  -1  -1  -1  -1  -1  -1  -1  -1  -1  -1  -1  -1  -1  -1  -1  -1  -1  -1  -1  -1 295 295 295 
 44 225  -1  -1  94  -1  -1  -1  -1 182  55 140  -1  21  -1  -1  -1  95  -1  -1  -1  -1  96  -1  -1  -1 
 45  -1  -1 137  -1  -1  -1  -1  -1  -1  -1  -1 197  -1  -1  -1  -1  -1 229  98   9  -1 270  -1  -1  -1 
 46  -1 230  -1  -1  -1  -1 285  -1  -1  -1  -1  -1  -1 184  -1  -1  -1 141  -1  -1  65  -1  -1  -1  -1 
 47  -1  52  -1  -1  -1  -1  -1  -1  -1 273  -1  -1  -1  -1 271  -1 181   6  -1  -1  -1  -1 308  -1  -1 
 48   5 275  -1  -1 311  -1 313 187  53 143  -1  -1  -1  -1  -1  -1  -1  -1  -1 272 316  -1  -1  -1  -1 
 49  -1 138  -1  -1  -1 312  -1   8  -1  -1  97  -1  50  -1  -1 309  -1 185  -1  -1  -1 228  -1  -1 310 
 50  -1  -1 269  -1  -1  -1  -1  -1  -1  -1  54 315 139  -1  -1 241  -1  -1  -1  -1  -1  -1  -1 314  -1 
 51  -1  -1  10  -1  -1  -1 153  -1  -1  -1  11  -1  -1  -1 186  -1   7  93  -1  -1  -1  -1  -1  -1  -1 
 52  -1  -1  -1 142  -1  -1  -1  -1  -1  -1  -1 109 183  -1  99  -1  -1  -1 227  -1  -1  49  -1  -1  -1 
 53  -1  -1  -1  -1  -1  -1  -1  -1  -1 231 274  -1  -1  -1  -1  -1 226  51  -1  -1  -1  -1  -1  -1  -1 

r\t   0   1   2   3   4   5   6   7   8   9  10  11  12  13  14  15  16  17  18  19  20  21  22  23  24 
  0  -1  -1  -1  -1 221  -1  -1  -1 299  -1 214  -1  -1  -1 131  -1  -1  -1  -1  -1  -1  41  -1  -1  -1 
  1  -1 234  -1  -1  -1  -1  29 240  -1  -1  -1  -1  -1  -1  -1  -1  -1  -1  -1  -1  -1  -1  -1  -1  -1 
  2 265  26  -1  -1  -1  -1  56  -1  -1  -1  -1  85  -1  -1  -1  -1  -1  -1  32  -1 263  -1  -1  -1  -1 
  3  -1  12  -1 150  -1  -1 117  -1 191  -1  -1  -1 121  -1  -1 173  -1 202 172  -1  -1   0  -1  -1  -1 
  4  -1  -1  -1  -1  -1 236 236 124  -1  -1  -1 120  -1  -1  -1  -1 249 305  73  -1  -1  71 159  27 307 
  5  -1 188  -1  80  -1  -1  14 201  -1  -1  -1  -1  -1  -1  -1  -1  25   3  -1  -1  -1  -1 276  -1  -1 
  6  -1  -1  62  -1  -1 220 254  -1  -1  -1  -1  20  -1 194  -1  -1  69 198  -1 177  -1  -1 126  -1 303 
  7  -1  -1  -1  -1  -1  -1  -1  34 213  -1 257  -1  -1 293  -1  -1  -1  -1  -1  -1  -1  -1  -1  57  -1 
  8  -1  47 165  -1  87  -1 209 102  -1  -1  -1  76  -1  -1  -1  -1  -1  -1  -1  89  -1  -1 246  -1  -1 
  9  -1  -1  -1 286  91  -1  -1 127  -1  -1  -1 287 155  -1  -1  -1  -1 148 148  -1  -1 169 104 104  -1 
 10  -1  -1  -1 108  -1 192 192 190  -1  -1  -1  -1  -1  -1  -1  -1  -1  60  60  -1  -1 279  -1 248  -1 
 11  -1 122 215  -1  -1  -1  -1  -1  78  40  -1  -1 291  -1  39  -1 199  -1  -1  -1  -1 247 300  72  -1 
 12  -1  -1  -1  -1  -1  -1  -1  -1  -1  -1  -1  -1  -1  -1  -1  -1 146  -1  -1  -1  -1  -1  -1  43 110 
 13  -1  -1  -1  -1  -1  -1 168 280 280  -1  -1  -1  -1  -1  -1 282  -1  -1  -1  -1 218 298  -1 284  -1 
 14  -1  -1  -1  -1 106  -1  -1  13  -1 302  -1 189  -1  81  -1  -1  -1  -1 135  -1 261  33  -1 304  -1 
 15  -1  -1  -1 238  -1  -1  -1  59  15  -1  -1  -1  -1 211  -1  -1  -1 179 196  -1 216 262  -1  -1  -1 
 16  -1  -1 103  67   1  -1 277 245  35  -1  -1  38  -1  -1  -1  -1  -1  -1 167  -1  -1  -1  -1 164  -1 
 17  -1  -1  -1  -1  -1  -1  -1  -1 264  -1  -1  42  -1 154  -1  82  -1 116  -1  -1  -1  83  -1  -1 175 
 18  -1 160  -1 290  -1  -1 101  -1 259  -1  -1  -1  -1 113  -1  -1  -1  -1 289  -1  -1  -1  -1 204  -1 
 19  -1  -1  22  -1  -1  -1  -1  -1  -1  -1 176  64  -1  -1  -1  -1 157  -1 233  -1  -1  -1 208  -1  -1 
 20  -1 278  -1  -1  -1  -1  -1 296  -1  -1  -1  -1  -1  -1  -1  -1  -1  -1  -1  -1  -1  -1  77 125  -1 
 21  -1  -1 242  -1  -1  -1  -1 223  -1  -1 170 147  -1  -1  -1  -1  66  79 256  -1  -1 132  28 174  -1 
 22  -1 145  -1  -1  -1  -1  -1 152 258 130  -1  -1  -1 243  -1  -1  -1 235  -1  -1  -1  -1  -1 171  -1 
 23  -1  -1  -1  -1  -1  -1  86  -1 212  -1  -1 210  -1  -1  -1 219 203  18 123  -1  -1  84  -1  -1  -1 
 24  -1  -1  -1  -1  -1  -1 292  44  -1  -1  -1  -1  -1  -1  -1  -1  37 252  -1  -1  -1  -1  -1 232  -1 
 25  -1  -1  -1  -1  -1  -1 133 128  58  -1  -1  -1  -1  -1  -1  -1  -1  -1  -1  -1  -1  -1  -1 114  -1 
 26  45 205  -1  -1  -1 260  -1  -1 253  -1  -1  -1  -1 255  -1  -1  23  -1  -1  -1  -1  88  -1  -1  -1 
 27  -1  -1  -1  -1  -1  -1  -1  -1  -1  -1  -1 267  -1 166  -1  -1  -1  -1  -1  -1 217 161 115  -1 301 
 28  -1  -1  70  -1 306  -1  -1  -1  -1  -1  -1 297  -1  -1  -1  -1 111  -1  16  16 129  -1  -1  -1  -1 
 29  -1  -1  -1  -1  -1  -1  -1  -1  -1  -1  -1 100 158  -1  -1  -1  -1  -1  -1  -1  -1 144  -1  36  -1 
 30   2   2  30  -1  -1  -1  -1  -1  -1  -1  -1  -1  17  17  -1  -1  -1  24   4   4  -1  -1  19  19  19 
 31  -1  -1  -1  -1  -1  -1  -1  -1  -1  -1  -1  31  31  31  -1  -1  -1  -1  -1  -1  -1  -1  -1  -1  -1 
 32  -1  68  -1  -1  -1  -1  74  -1  46  46  -1  -1  61  61  -1  -1  -1  -1  48  48  63  63  63  -1  -1 
 33  -1  -1  -1  -1  -1  -1  -1  -1  -1  -1  -1  -1  75  75  75  -1  -1  -1  -1  -1  -1  -1  -1  -1  -1 
 34  -1  -1  -1  -1  -1  92  92  -1 112  -1  90  90 107 107 107  -1  -1 105 105  -1  -1 118  -1  -1  -1 
 35  -1 119 119 119  -1  -1  -1  -1  -1  -1  -1  -1  -1  -1  -1  -1  -1  -1  -1  -1  -1  -1  -1  -1  -1 
 36 136 136 162  -1  -1  -1  -1  -1 149 149 134 134  -1  -1  -1  -1  -1 156  -1  -1  -1  -1 151 151 151 
 37  -1  -1  -1  -1  -1  -1  -1 163 163 163  -1  -1  -1  -1  -1  -1  -1  -1  -1  -1  -1  -1  -1  -1  -1 
 38  -1  -1 193 193  -1  -1 178 178 180 180  -1  -1 200  -1  -1  -1  -1  -1  -1  -1  -1 206 195 195 195 
 39  -1  -1 207 207 207  -1  -1  -1  -1  -1  -1  -1  -1  -1  -1  -1  -1  -1  -1  -1  -1  -1  -1  -1  -1 
 40  -1 244  -1 250  -1  -1  -1  -1 224 224 237 237  -1  -1  -1  -1  -1  -1 222 222 239 239 239  -1  -1 
 41  -1  -1  -1  -1  -1  -1  -1  -1  -1  -1 251 251 251  -1  -1  -1  -1  -1  -1  -1  -1  -1  -1  -1  -1 
 42  -1  -1 294  -1  -1 266 266  -1  -1  -1  -1  -1 283 283 283  -1  -1 281 281  -1  -1 268 268 288  -1 
 43  -1  -1  -1  -1  -1  -1  -1  -1  -1  -1  -1  -1  -1  -1  -1  -1 295 295 295  -1  -1  -1  -1  -1  -1 
 44  -1  -1  -1  -1  -1   7  -1  97  -1  -1  -1  -1  -1  -1  -1  -1  -1  51 186  -1  -1  -1  96  98  -1 
 45  -1 227 153  -1  -1  -1  10  -1  -1  -1  -1  -1 314  -1  -1  -1  -1  -1  -1  -1  -1  -1  -1  52  -1 
 46 183  -1  -1  -1 140 185  -1  -1  -1  -1  -1 187  -1 313  -1  -1 241  95  -1  -1  -1 182 142 230  -1 
 47  -1  -1  -1  21  -1  -1  -1 274  -1  -1  -1  -1  -1  -1 316  -1  -1  -1  93  -1  -1  -1 226 273  -1 
 48 228  -1  -1 308  -1  -1  55  -1  -1  -1  50  -1  -1  -1  -1  -1  -1 137  -1  -1  -1  -1 181  -1 310 
 49  -1  65 285  -1  -1  -1  -1   6  -1   9  -1  -1 197  -1  -1 312  -1  -1  -1  -1 309  -1  -1  -1  -1 
 50  -1 184  -1  -1 269  -1  -1  -1  -1 271 275 231  -1  -1  -1  -1 311  -1  -1  -1  -1  -1  -1 141  -1 
 51  99  -1 315  -1  -1  -1  -1  -1  -1  -1  -1  -1  -1  -1  -1  -1  -1 225  -1 138  -1  -1  -1  -1  -1 
 52  -1  -1  -1  -1  -1 143  -1  -1  94 109  -1  -1  -1  -1  -1  -1  -1  -1  -1 270  -1  -1  -1  -1  -1 
 53  -1 272  -1  -1  49  54 229 139  11  -1   8  53  -1  -1  -1  -1  -1  -1  -1  -1  -1  -1  -1   5  -1 

r\t   0   1   2   3   4   5   6   7   8   9  10  11  12  13  14  15  16  17  18  19  20  21  22  23  24 
  0  -1  34  -1  -1  -1  -1  -1  -1 276  -1 150  -1  -1  -1  -1  -1 179  -1  -1  -1  -1 289  -1  -1  -1 
  1  -1 210  -1  -1  -1  -1  58  -1  -1  -1  -1  -1  -1  -1  -1  -1  73  -1  -1  -1  -1  -1 248  -1   1 
  2  -1  13  45  -1  -1  -1  18  -1  -1  -1  -1 101  -1 254  -1  -1  -1  -1 286  -1  -1  -1 215 298  -1 
  3  86 113  -1 120  67 306  -1  -1  -1  -1  -1  -1  -1  -1  -1  -1  -1  -1 161  -1  -1  -1  -1  -1  -1 
  4  -1  64  -1  -1  -1  -1  -1  -1  -1 171  -1  -1  -1 131  -1  -1  -1 299  -1  -1  -1  -1  -1  82  -1 
  5  -1  -1  -1 287  -1  -1  -1 104 104  -1  -1  -1  -1  -1  -1  -1  88  -1  -1  -1  -1 253  -1  -1  -1 
  6  -1 291  -1  -1  -1 172  -1  -1  -1  -1  -1  -1 145  -1  -1  -1 278  -1 262  -1  -1  -1  77 114  -1 
  7  43 125  36  -1  -1  -1  -1  -1  -1  -1 280 280  -1  -1  -1  -1 202  -1  -1  -1  -1 133  -1  -1 218 
  8 213 100  -1  -1  -1  -1 110  35  -1  -1  -1  -1 157 135  -1  -1  -1  -1  -1  -1  -1  -1  -1 267  -1 
  9  -1  -1  33  -1  -1  -1  -1  -1  -1  -1  -1  -1  -1 103  -1  -1  57 240  -1  -1  -1  15 115  60  60 
 10  -1 147  -1  -1  -1  -1  -1  -1 121  -1 170  -1  -1  32  -1  -1  -1 126  -1  -1  -1  -1  -1  23  91 
 11  -1  -1  -1 293  -1  -1 249  -1  -1  -1  -1 233  70 154  -1  -1  -1 148 148 128  -1  71  20   3  -1 
 12  -1  -1  -1  66  -1  -1  -1  79 144  -1  -1  -1   0 190  -1  -1  83  59  -1 155  -1  -1  -1  72  -1 
 13  -1 189 247  -1  -1  -1 243  -1 164 221  -1  -1 263  -1  40  -1 296  -1  -1  -1  -1  -1  -1 232  -1 
 14  -1 223  -1  -1 127  -1  -1  -1  -1  -1  -1  -1  -1  -1  -1  -1 303  -1  -1  -1  -1 261  26  -1  -1 
 15  -1  -1  -1  -1  -1  -1  -1 159  -1  -1  -1 208 236 236  -1  -1  -1 304  -1  -1  -1  -1  -1  -1  -1 
 16  -1  -1  -1  -1  -1  -1  -1  -1  28  -1  -1  -1  -1  41 217 198  -1  -1  -1  -1  -1 260  -1  -1  -1 
 17  -1  -1 297  -1  -1  -1 116  -1  -1  -1  -1  -1 108  -1  -1  -1  -1  -1  -1  -1 307  -1  56 259  -1 
 18  -1  -1  -1  -1  -1  -1  -1 123  -1  -1  -1  76  25  -1 282  -1  -1 102  -1  -1  87 130  -1  -1  -1 
 19  -1  -1  -1 214  -1  -1  27  -1  -1  -1  -1 220  -1  -1 194  -1 117 301 111  -1  -1 124  -1  -1  -1 
 20  -1  -1  -1  -1  -1  -1  37 284 246 174  -1  -1 245  -1 169  -1 168 277  -1  -1  -1  -1 146  -1  -1 
 21  -1 175 258  -1  -1  -1  -1 205  -1  -1  -1  -1 132  -1  -1  -1  -1  -1  -1  -1  -1  -1 165  -1  85 
 22  -1 238 234 242  -1 219  -1  39 212  -1  -1  -1  -1  80  -1  -1  -1  -1 255  22  -1  -1  -1  -1  -1 
 23  -1  -1  -1  -1  -1  -1 201  16  16 176  -1 167  -1  -1  -1  -1  81  -1  -1 106  -1  62  -1 160  -1 
 24  -1  78  -1  29  -1  -1  -1  -1 305  -1  -1  -1  -1 173  -1  -1  -1  -1 199  -1  -1 279  -1 252  -1 
 25  -1  -1  -1  -1 257  -1  -1  -1  69  -1  -1  -1 204 265  -1  -1 235  -1  -1  -1  -1 191  44  -1  -1 
 26  -1  -1  14  -1  -1  -1  -1  -1  -1  42  -1  -1 188  -1  -1  -1  -1 177  -1  -1  -1  -1 196 152  -1 
 27  -1 264  -1  -1  -1  -1  -1  -1  -1  -1  -1  -1  -1  84  -1  -1  -1 302 203  -1  -1  -1  -1  -1  -1 
 28  -1  -1 211  -1  -1  -1 158  -1 300  -1  -1  -1  -1 290  -1  -1  -1  -1  -1  -1  -1  89  -1  -1  -1 
 29  -1  38 192 192  -1  -1 216 256  -1  -1  -1  12 122 129  -1  -1  -1 166 292  -1  -1  47  -1 209  -1 
 30  -1  -1  -1  -1  -1  -1  -1   4   4  -1  -1  24  19  19  19  -1  -1  17  17  -1  -1   2   2  30  -1 
 31  -1  -1  -1  -1  -1  -1  -1  -1  -1  -1  -1  -1  -1  -1  -1  -1  31  31  31  -1  -1  -1  -1  -1  -1 
 32  48  48  -1  74  -1  -1  68  61  61  -1  -1  63  63  63  -1  -1  -1  -1  -1  -1  -1  -1  -1  46  46 
 33  -1  -1  -1  -1  -1  -1  -1  -1  -1  -1  -1  -1  -1  -1  -1  -1  -1  75  75  75  -1  -1  -1  -1  -1 
 34  92  92 107 107 107  -1  -1  90  90  -1  -1  -1  -1  -1  -1  -1  -1 112 118  -1  -1  -1 105 105  -1 
 35  -1  -1  -1  -1  -1  -1  -1  -1  -1  -1  -1  -1 119 119 119  -1  -1  -1  -1  -1  -1  -1  -1  -1  -1 
 36  -1  -1 149 149  -1 151 151 151  -1  -1  -1  -1  -1 156  -1  -1 134 134  -1  -1  -1  -1 162 136 136 
 37  -1 163 163 163  -1  -1  -1  -1  -1  -1  -1  -1  -1  -1  -1  -1  -1  -1  -1  -1  -1  -1  -1  -1  -1 
 38 180 180  -1 200  -1  -1 195 195 195  -1  -1 178 178 206  -1  -1  -1  -1  -1  -1  -1  -1  -1 193 193 
 39  -1  -1  -1  -1  -1  -1  -1  -1  -1  -1  -1  -1  -1  -1  -1  -1  -1  -1  -1  -1 207 207 207  -1  -1 
 40  -1  -1  -1 244  -1  -1  -1 237 237  -1  -1 250 222 222  -1  -1  -1  -1  -1  -1 239 239 239 224 224 
 41  -1  -1  -1  -1  -1  -1  -1  -1  -1  -1  -1  -1  -1  -1  -1 251 251 251  -1  -1  -1  -1  -1  -1  -1 
 42 283 283 283  -1  -1  -1 288 268 268  -1  -1 294  -1  -1  -1  -1 266 266  -1  -1  -1  -1 281 281  -1 
 43  -1  -1  -1  -1  -1  -1  -1  -1  -1  -1  -1  -1  -1  -1  -1  -1  -1  -1  -1  -1 295 295 295  -1  -1 
 44  -1  -1  -1  21   9  -1  -1  50  -1  95  -1  -1  -1  -1  -1  65  -1  -1  -1  -1  -1  -1 184  99 275 
 45  -1  -1 272  -1  -1  -1  -1  -1 142 271  -1  97 273  -1  -1  -1  52  -1  -1  -1  -1  -1 140  -1 186 
 46  -1  -1  -1  -1 185  -1  -1  -1  -1  -1 310  -1  -1 182  -1 314 197 228  -1  -1  -1  -1  -1  -1  -1 
 47  -1  -1 139  -1  -1  -1 313  -1  -1  54  -1  10  96  -1  -1  -1  -1  -1  -1 316 153  -1  -1  -1  -1 
 48 229  -1 183  -1 225  -1  -1  -1 231 143  -1 141  -1  -1  -1  -1 230  -1 311  -1  -1  -1  -1  -1  -1 
 49 137  -1  94  -1  -1  -1 285  -1  51  -1  -1 274  -1  -1  -1  -1  -1  93 241  -1 309  -1  -1  -1  -1 
 50  -1  -1  -1  -1  -1  -1  -1  -1  -1   8  -1  -1  -1  53 308  -1  -1  55  -1  -1  -1 270  -1  -1  -1 
 51  -1  -1 226 315  -1  -1  -1  -1  -1  -1  -1  49  -1  -1  -1  -1  -1  -1  -1  -1  -1  -1  -1  -1 109 
 52  -1  -1  -1  -1 138  -1  -1  -1  -1  -1  -1  -1  -1  -1  -1  -1  -1  -1  -1  -1  -1  -1  98 181  -1 
 53  11   5   7  -1 269 312  -1 227 187  -1  -1  -1  -1  -1  -1  -1  -1   6  -1  -1  -1  -1  -1  -1  -1 

r\t   0   1   2   3   4   5   6   7   8   9  10  11  12  13  14  15  16  17  18  19  20  21  22  23  24 
  0  -1 263  -1  -1 220  -1  -1  -1  -1  -1  -1 246  -1 188  -1  -1  76  36  -1  -1  -1 291  -1  -1  -1 
  1 303 110  -1  -1  -1  -1  -1  -1  -1  -1  -1 212 122  -1  -1  -1 152  -1 102  -1  45 262  -1 277  -1 
  2  -1 255  13 130  -1  -1  -1  -1  -1  -1  -1 103  -1  -1  -1  -1 253  -1  28  -1  -1  -1  -1  -1  -1 
  3 176  -1  -1  35  -1  -1  62  -1  -1  -1  -1  78  -1  81  -1  -1 179  -1  39  -1  -1 211 242  -1  -1 
  4  -1  -1  -1  -1  -1  -1  -1 240  -1  -1  -1  -1  -1 145  -1  -1  -1  -1 196  -1  -1 247 286  -1  -1 
  5  -1  -1  29  -1  -1  -1  -1  -1 161  -1  -1 215 204 279  -1  -1  -1 304   3  -1  -1 232 293  -1  -1 
  6  -1  -1  59 115  -1  -1  20  -1  -1  -1  -1 243  32  57  -1  -1  66 248  23  -1  -1  -1  -1 165  -1 
  7 135 214  -1  -1  -1 106 113  -1  -1  -1  -1  -1  58  -1  -1  -1  -1  -1  -1  -1  -1  -1  -1 190 216 
  8  -1  -1  -1 300  -1  -1  -1  -1  -1 128 223  18  -1  -1  -1  -1  -1  -1  -1  -1  -1  80 194  -1  -1 
  9  91  -1 306  73  -1  -1  -1  -1  -1  -1  -1 296  -1  -1  44  -1  -1  -1  71  -1  -1 116 172  -1  -1 
 10 150  64  -1 202  42  -1  -1  -1  -1  -1  -1 168 233  -1  -1  -1  -1 166  -1  -1 217  12  -1 234  -1 
 11  -1  -1 290  -1  -1  85  -1  -1 259  -1  -1 171 249  -1  -1  -1 289 199  -1  -1  -1  -1  70  15  -1 
 12  -1  -1  -1  -1  -1  -1  -1  -1 148 148  -1  -1  -1 201  -1 169  -1 111  43  -1  -1  -1  -1  69  -1 
 13  -1  -1 203  -1  -1  -1  -1  -1  -1  -1  -1  -1 144  -1  -1  -1  -1  -1  -1  -1  -1  -1  -1  -1  87 
 14  -1 189 252  -1  -1  -1  -1  -1  -1  -1  -1  82  37  -1  -1  -1  89  -1 146  -1  -1 191  -1  -1  -1 
 15  -1  -1  88  -1  -1  -1  -1  -1  -1  -1  -1  -1  -1  25  -1  -1 267  -1 307  -1  -1  -1  22  -1  -1 
 16  -1  -1 236 236  -1 213  -1  -1 174  -1  -1  -1 276  -1  84 177 198  -1 245  -1  -1  -1  -1  -1 126 
 17  -1  -1  -1 147 258  -1  -1 301  -1  -1  -1  -1  -1 235  -1  -1  -1  -1  -1  -1  -1  -1  -1  -1  -1 
 18  -1  -1  -1  -1  -1  -1 205 170  -1  -1  -1  40 292  -1  -1  -1 157  -1  -1  -1  -1  -1 104 104  -1 
 19 264  -1 133 158  -1  -1  -1  -1  -1  38  -1  -1  -1  -1  -1  -1  -1  -1  -1  -1  -1 278 123  -1  -1 
 20  -1  -1  -1  -1  -1  -1  -1  -1 282  -1  -1  -1 257  -1 261  -1  -1  -1  -1 173  -1  -1  -1  34  -1 
 21  -1  -1  -1 125  -1  -1  -1  -1  -1  -1  -1  -1  -1 254  -1  -1 124  77 284  -1  -1  -1  26  -1  -1 
 22  -1 155  -1  -1  -1  -1  -1  -1  -1  -1  -1  -1  -1  -1  -1  -1 209  27  -1  -1  -1  -1  -1  -1  -1 
 23  -1  -1  -1  -1  -1  -1  -1  -1  -1  -1  -1 154 219  -1  83  -1  47 298  -1  -1 131  -1  -1 121  -1 
 24  -1 114  -1  14  -1  -1  -1  -1  -1  -1  -1 129  -1 299  -1  -1 218 175 167  -1  -1  -1 164 297  -1 
 25  -1 305  -1  56   1  -1  -1  -1  -1  -1  -1  -1  -1  16  16  41  33  -1  -1  -1  -1  -1  -1  -1  -1 
 26  -1 238  -1  -1  -1  -1  -1  -1 256  86  -1  -1  -1  -1  -1  -1 108 117  -1  -1 265  -1  -1  -1  -1 
 27  -1  -1 192 192  -1  -1  -1  -1 120  -1  -1  -1  -1  -1  -1 280 280  60  60  -1  -1  -1  -1  -1  -1 
 28  -1  -1 101  -1  -1  -1  -1  72  -1  -1  -1 127  -1  -1  -1  -1  -1  -1  -1  -1  -1  -1 210 208 221 
 29  -1 159  -1 100 132  -1  79  -1  -1  -1  -1  -1 302 160  -1  -1  -1 287 260   0  -1  -1  67  -1  -1 
 30  -1  -1  -1  -1  -1  -1  -1  17  17  -1  -1  24   4   4  -1  19  19  19  -1  -1  -1  30  -1   2   2 
 31  -1  -1  -1  -1  -1  -1  31  31  31  -1  -1  -1  -1  -1  -1  -1  -1  -1  -1  -1  -1  -1  -1  -1  -1 
 32  -1  -1  -1  48  48  -1  68  63  63  63  -1  -1  -1  74  -1  -1  -1  -1  46  46  -1  -1  -1  61  61 
 33  75  75  75  -1  -1  -1  -1  -1  -1  -1  -1  -1  -1  -1  -1  -1  -1  -1  -1  -1  -1  -1  -1  -1  -1 
 34  -1  -1 118  90  90  -1  -1 107 107 107  -1  -1 105 105  -1  -1  -1  -1 112  -1  -1  -1  -1  92  92 
 35  -1  -1  -1  -1  -1  -1  -1  -1  -1  -1  -1 119 119 119  -1  -1  -1  -1  -1  -1  -1  -1  -1  -1  -1 
 36  -1  -1  -1  -1  -1 149 149  -1  -1  -1  -1  -1 156 136 136 134 134  -1  -1  -1  -1 162 151 151 151 
 37  -1  -1  -1  -1  -1 163 163 163  -1  -1  -1  -1  -1  -1  -1  -1  -1  -1  -1  -1  -1  -1  -1  -1  -1 
 38  -1  -1  -1  -1  -1  -1  -1 193 193  -1 195 195 195  -1  -1  -1  -1 206 200  -1 180 180  -1 178 178 
 39  -1  -1  -1  -1  -1  -1  -1 207 207 207  -1  -1  -1  -1  -1  -1  -1  -1  -1  -1  -1  -1  -1  -1  -1 
 40  -1  -1  -1 250  -1 237 237  -1  -1  -1  -1  -1  -1 222 222  -1 239 239 239  -1 224 224 244  -1  -1 
 41  -1  -1  -1  -1  -1 251 251 251  -1  -1  -1  -1  -1  -1  -1  -1  -1  -1  -1  -1  -1  -1  -1  -1  -1 
 42  -1 283 283 283  -1 281 281  -1 294  -1  -1  -1 266 266  -1  -1  -1  -1 288  -1  -1  -1  -1 268 268 
 43  -1  -1  -1  -1  -1 295 295 295  -1  -1  -1  -1  -1  -1  -1  -1  -1  -1  -1  -1  -1  -1  -1  -1  -1 
 44  -1  -1 227 230  -1  -1  -1  -1  -1  -1 138 285  51  -1  -1  -1  -1  -1  -1 185  -1 141  -1  -1  -1 
 45  -1  -1  -1 137 270  -1  -1  -1  -1  -1  -1  -1 225  -1 271  -1  -1  -1  -1  -1  -1  -1  -1  49  -1 
 46  -1  -1  -1 181  -1  -1  -1  -1  -1  -1  95  -1  -1  -1  -1 226  -1  -1 139  -1  -1  -1  -1  -1  -1 
 47  -1  -1  -1  -1  -1  -1 314  -1  -1  -1  -1  -1  -1  -1  -1  -1  -1  -1  94 269  -1   6  -1  -1  -1 
 48  -1  -1 182  -1  -1  -1 197 309  -1  -1  55  -1  -1  52  96 275  -1  -1  -1 231  11  -1  -1 228  -1 
 49  -1  -1  -1  -1  -1  -1  -1  -1  -1  -1  -1  65  -1  -1  -1  97  -1  -1  -1  -1 140  -1  -1  -1  -1 
 50 229  -1  -1  -1 183  -1 109  -1  -1  -1   8  -1  -1  -1  -1  -1  -1  -1  -1 143  -1  98  -1  -1  -1 
 51   9  -1  -1  -1  -1  -1  -1  -1 241 316 274  -1  -1  -1   7  -1  -1 153 272  -1  93  -1  -1  -1  50 
 52  -1  21  -1  10  -1 310  -1  -1  -1  -1  -1  -1 142  -1  -1  -1  -1 313  -1  99  -1  53 315  -1  -1 
 53  -1 311   5  -1  -1  -1  -1  -1 308  -1  -1 312  -1 184 187  54  -1  -1 186  -1  -1 273  -1  -1  -1 

r\t   0   1   2   3   4   5   6   7   8   9  10  11  12  13  14  15  16  17  18  19  20  21  22  23  24 
  0  -1  20  16  16  -1  -1 146  -1  -1  -1  -1  -1  -1 210  -1  -1  -1 282 175  -1  -1  58  -1  -1  -1 
  1  -1  -1 209  -1  -1  -1  -1  -1  -1  -1  -1  -1  -1 189 301  -1  -1 238  -1  -1  -1 196  -1  -1  -1 
  2  -1  -1  -1  -1  -1 216 232 144  76  -1 287  -1   1  15  -1  -1  -1  -1 252  -1 177  -1  -1  -1  39 
  3  -1 115  -1  -1  -1  -1 165 108  14  -1  -1  -1 188 145  -1  -1  85  -1  -1  -1  -1  -1  -1 125 110 
  4  -1  -1  -1  -1  -1   3 171  -1  -1 307  -1 211 236 236  -1  88  -1  -1  -1  -1  -1  -1 122  -1  -1 
  5  -1  32  59  -1  -1  -1 248 160  -1  -1  -1 150  -1  -1 170  40 291  -1 159  43  -1  -1  -1  66  -1 
  6  -1  -1  -1  -1  -1  -1  -1  -1  -1  -1  -1  -1  -1  -1  -1  -1 242  -1  -1  -1  -1  -1  -1  -1  -1 
  7 192 192  -1 154  -1  -1  -1  -1 292  -1  -1  -1  62  -1  -1  -1 278 255  -1  -1  -1 260  -1  -1  -1 
  8  -1  -1  -1 168  -1  -1 296  -1 117  91  -1  -1  -1 298 174  -1  73  -1 302  -1  -1 202  -1  -1  -1 
  9  -1  -1  -1  -1  -1  -1  -1  -1  -1  -1 128  -1  -1 214 221  -1  -1  -1  -1  -1  -1  -1  -1  -1  -1 
 10  -1  -1  -1  77  -1  -1  -1 124  -1  -1  -1  -1  26 101  -1  -1  -1  -1  -1  -1  -1  -1 190  -1  -1 
 11  -1  44  71 235 155  -1  80  -1  -1 172  -1  -1 130  -1 132  -1  -1  -1 131  -1  -1  -1  -1  79  -1 
 12  -1  -1 279  -1  -1  -1  -1  12 204  -1  -1 286 157  45  -1  -1  -1  -1 113  -1 126 161  -1  -1  -1 
 13  -1 233  -1  -1  -1  -1  -1  -1  64  -1  -1  -1  47  -1  -1  -1  83  -1 205  -1  -1 249  56  -1  -1 
 14  -1  -1  -1  -1  -1  -1  -1  -1  -1  -1  -1 245  -1  42  -1  -1  -1  -1  -1  -1  -1  -1  -1  -1  -1 
 15  -1 166 240  -1  -1  -1  -1 201  -1  -1 263 289  -1  -1  -1  -1 158 164  -1  -1  -1 300  -1  -1  -1 
 16 305  -1 198  -1  -1  18 304  89  -1  -1  -1  23 280 280  -1  -1  -1  -1 297  -1  -1  -1  -1 199  -1 
 17  -1  -1  -1  60  60  -1  -1 299  35  -1  -1 194  -1  -1  -1  -1  -1  -1 257  -1 265  -1  -1  -1  -1 
 18  -1  -1 179 114  -1  -1 212  -1  -1  -1  -1  -1  -1  -1  -1  -1  36 120  -1  -1  -1  82  -1 129  -1 
 19  -1  -1 104 104  -1  -1  -1  28 234  -1  -1  -1 208  -1  -1  -1  -1  -1 243  -1  -1  72  -1  -1  -1 
 20  -1  -1  -1  -1  -1  -1 173  -1  -1  -1  -1 116  -1  -1  -1  -1  -1 191  33 262  -1  -1 103  -1  -1 
 21  -1  -1 133  -1  -1  -1  -1  84  -1  -1  -1  -1  -1  -1  -1  -1  -1  -1  -1  -1  87  -1  -1  -1  -1 
 22  -1 152  -1  -1  -1  -1  38  -1  -1  -1  -1  -1  -1  -1  -1  -1  -1 258  -1  -1  -1  -1  -1  -1  -1 
 23 306  -1  -1  25  -1  -1  -1  -1 253  -1  -1  69 135  -1  -1  81  67  27  -1  -1  -1  -1  -1 256  -1 
 24  -1  57  -1  -1  -1  -1  34 276 147  -1  22 167  -1  -1  -1  -1  -1 293  -1  -1 148 148  -1  -1  -1 
 25  -1 100   0  -1  -1  -1 267 223 102 220  -1  -1 121 123  -1  -1 106  -1  -1  -1  -1  -1  -1 203  -1 
 26  -1  -1  -1  -1  -1  -1  -1  -1  37  -1  -1  -1  -1  -1  -1 264  -1  -1  -1  -1  86  -1 246 111  -1 
 27  -1  78 259  -1 213 303  13  70  -1  -1  -1 217 127  -1  -1  -1  -1  -1  -1  -1  -1  -1  -1  29  -1 
 28  -1 247  -1  -1  -1  -1 219 254  -1  -1  -1  -1  -1  -1  -1 169  -1 215 277  -1  -1  -1  -1  -1  -1 
 29  -1  -1  -1  -1 176  -1 218  -1 284  -1  -1  -1  -1  -1  -1  41  -1 261  -1  -1  -1  -1 290  -1  -1 
 30  -1  -1  24  -1  -1  -1   4   4  -1  -1  -1  30  -1   2   2  -1  19  19  19  -1  17  17  -1  -1  -1 
 31  -1  -1  -1  -1  -1  -1  -1  -1  -1  -1  -1  -1  -1  -1  -1  -1  -1  -1  -1  -1  31  31  31  -1  -1 
 32  -1  -1  -1  -1  -1  63  63  63  46  46  -1  -1  74  -1  -1  -1  -1  -1  61  61  48  48  -1  68  -1 
 33  -1  -1  -1  -1  -1  -1  -1  -1  -1  -1  -1  -1  -1  -1  -1  -1  -1  75  75  75  -1  -1  -1  -1  -1 
 34  90  90 118  -1  -1  -1 112  -1  -1  -1 105 105  92  92  -1  -1  -1 107 107 107  -1  -1  -1  -1  -1 
 35  -1  -1  -1  -1  -1  -1  -1  -1  -1  -1  -1  -1  -1  -1  -1  -1  -1  -1  -1  -1 119 119 119  -1  -1 
 36 134 134  -1  -1  -1  -1 162  -1 136 136  -1  -1  -1 156  -1  -1 151 151 151  -1  -1  -1 149 149  -1 
 37  -1  -1  -1  -1  -1  -1  -1  -1  -1  -1  -1  -1  -1  -1  -1  -1  -1  -1  -1  -1  -1  -1 163 163 163 
 38  -1 200  -1 206  -1 178 178 195 195 195  -1  -1  -1  -1  -1 193 193  -1  -1  -1  -1 180 180  -1  -1 
 39  -1  -1  -1  -1  -1  -1  -1  -1  -1  -1  -1  -1  -1  -1  -1 207 207 207  -1  -1  -1  -1  -1  -1  -1 
 40  -1  -1  -1  -1  -1 222 222  -1  -1  -1 237 237  -1 250  -1  -1 244  -1  -1  -1 224 224 239 239 239 
 41  -1  -1 251 251 251  -1  -1  -1  -1  -1  -1  -1  -1  -1  -1  -1  -1  -1  -1  -1  -1  -1  -1  -1  -1 
 42 281 281  -1  -1 294  -1  -1 266 266  -1  -1 288 268 268  -1  -1  -1  -1  -1  -1  -1  -1 283 283 283 
 43  -1 295 295 295  -1  -1  -1  -1  -1  -1  -1  -1  -1  -1  -1  -1  -1  -1  -1  -1  -1  -1  -1  -1  -1 
 44  -1   8  93  -1  -1  -1  -1  -1  95 109 310  -1  -1 181 275  -1  -1 311  -1  -1 140  -1  -1  -1 314 
 45 185  -1  -1  -1  99  -1 138  -1   5  -1  -1  -1 153 141  -1  -1 308  -1 312  -1  -1  -1  -1  -1  -1 
 46  11  -1  -1  -1  -1 143  -1  -1  -1 271  -1 309  -1  -1  -1  50  -1  -1  -1  -1  -1  -1  -1  -1  -1 
 47  -1 187  -1  -1  -1  -1 285  -1  -1  -1  -1  -1  -1  -1  98 182  -1  -1  -1  -1  -1  -1  96  -1  -1 
 48  -1  -1  -1  -1 269  -1  -1 241  -1  -1  -1  -1  -1 226  -1 142  -1  -1  -1  -1  -1 270  -1  -1  -1 
 49  -1 227  -1  -1   7  -1  -1  -1 225  -1  -1  -1 228  -1 186  -1  -1  -1  -1  -1  -1  -1  10 315  -1 
 50  55  -1  -1  -1  54  -1  -1  -1  -1  -1  -1  -1  -1  -1  49   6  -1  -1  -1  -1  -1  -1  -1  -1  -1 
 51 229  -1  51 313  -1  97  -1 184  -1  -1  -1  65  -1  -1  -1 230  -1  -1  -1  -1  -1  -1  -1  -1  -1 
 52 273  -1 231  -1  -1 274  94  -1  -1  -1  -1  -1  -1  -1  -1  -1  -1  -1  -1  -1  -1 137  53  -1  -1 
 53  -1 272  -1  -1  -1  -1  52 139  -1   9  -1  -1 183  -1  -1  -1  -1  -1 197 316  -1  -1  -1  21  -1 

r\t   0   1   2   3   4   5   6   7   8   9  10  11  12  13  14  15  16  17  18  19  20  21  22  23  24 
  0  -1 238  -1  -1  -1  -1 291 172  -1  -1  -1  -1  -1  -1  -1  -1  -1  -1  26  -1  -1  -1 212  -1  -1 
  1  -1  -1 217 242  -1 258  -1  66  -1  -1  -1 306  -1  -1  -1  -1  -1  -1  20  -1  -1  -1 292  73  -1 
  2  -1  -1  -1  -1  -1  -1  -1  -1  34  -1  -1 234 300  -1 171  -1  -1  -1  -1  -1  -1  -1  -1  -1  -1 
  3  -1 191  -1  -1  -1  87 233  47  -1  -1  -1 175  -1  32  -1  -1  -1  -1 114 133 106  -1  -1 302  -1 
  4  -1  -1  -1  -1  -1  -1 276 211  -1  -1  -1  -1  -1  -1  -1  -1 287 115  -1  -1 130 121 245  -1  -1 
  5  -1 214  -1  -1 125  -1  -1 284  14  -1  -1  -1  -1 235  -1  -1 267  -1 202  -1  -1  -1  29  -1  -1 
  6  -1  28  83  -1  -1  -1  -1  -1  -1  -1  41  -1  84  -1  -1  -1  -1  -1 174  -1  -1  -1  -1  -1  -1 
  7  -1  -1 248  -1  -1  -1  -1  -1  56  -1  -1  -1  -1  -1  -1  -1  -1 264 261  -1  -1  -1  -1  35 260 
  8  -1  -1  -1  -1  -1  -1  -1  -1  -1  -1  -1  44 170  58  -1  -1 240 177 199  -1  -1  -1  -1 128  -1 
  9 303  -1  -1 305  -1  -1 173 192 192  -1  -1 157  -1  -1  -1  -1  -1  -1  -1  -1  -1  -1 169  -1  -1 
 10  38 298  -1  62  -1 263  64  -1  -1  -1  -1 144 286 188  -1  -1  -1  -1  -1  -1 148 148  -1   0  -1 
 11  -1  71  72  -1  -1  -1  -1 158 279  -1  -1  -1  25  16  16  -1  -1 290  -1  -1 282  -1  -1  12  -1 
 12  -1  -1  -1  -1  -1  -1  13 236 236  -1  -1  -1  -1  -1  -1  -1 203  -1 108  89  -1 232 102 116  37 
 13  -1  -1 307  -1  -1  -1 189   3 164  -1  -1 278  -1  -1  -1  -1 160 301  -1  -1  -1  -1  -1  -1  -1 
 14  -1  -1  -1  -1  -1 265  -1 293  -1  -1 215  -1  -1  -1  -1  -1  80  -1  -1  -1  -1 254  -1  -1  -1 
 15  -1  -1  -1 247  -1  -1 100 252  -1  -1 218  69  -1  -1  -1  -1  -1 146 304  -1  -1 296  -1  -1  -1 
 16  -1  -1  -1  81  -1  -1 205  -1  -1  40 223 101  -1 204  82  -1  -1  86  -1  -1  -1  -1  -1  -1  -1 
 17  -1 246  -1  -1  -1  -1 253  -1 297  -1  -1  -1  18 277  -1  -1  -1  -1  -1  -1  -1  -1  -1  -1  -1 
 18  -1  23  -1  -1  -1  -1  43 117  -1  -1  -1  -1  -1  -1  -1  -1  -1  -1  -1  -1  -1  -1 123  88  -1 
 19  -1  -1 155 194  -1  -1  39  -1  -1  91  -1  -1 167  -1  -1  -1  -1  -1 152  -1  -1  -1  -1  -1  -1 
 20  -1 166 196 145  -1  -1  -1  -1  -1  -1  -1 219  -1  -1  -1 198  -1  -1  -1  -1  -1  -1  -1 280 280 
 21  -1  -1  -1  -1  -1  -1  -1 127  -1  -1  -1  -1  -1  -1  -1  67  -1  -1 179  -1  -1  -1  -1  -1  -1 
 22 110  -1  -1  -1  -1  -1 159  36  -1  -1  -1  85  -1  -1  -1  -1 124  -1  -1  -1  -1  -1  -1  -1  -1 
 23  22  -1  -1 122  -1  -1  45  -1  -1  -1  -1  57 154  79 221  -1 190  -1  70  -1  -1  -1  -1 299  -1 
 24  -1 150  -1  -1  -1 176  -1  -1 210  -1  -1  -1  -1  -1  -1  -1  -1  -1  -1  -1  -1  59  -1 249  -1 
 25  -1  -1 243  15  -1  -1  -1  33  78  42  -1  -1  -1 135  -1  -1 147  76  -1  -1 216  -1  -1 209  -1 
 26  -1  77 103 289  -1  -1 257 259 255 220  -1  -1  -1  -1  -1  -1  -1  60  60  -1  -1 161  -1  -1  -1 
 27  -1  -1  -1  -1  -1  -1  27 104 104  -1  -1 120  -1  -1  -1  -1  -1  -1  -1  -1  -1  -1  -1  -1  -1 
 28  -1  -1  -1  -1  -1  -1  -1  -1 132  -1  -1 131 256 113  -1  -1  -1  -1   1  -1  -1  -1 126  -1  -1 
 29  -1 111 168  -1  -1  -1  -1 262  -1 129 213 208  -1  -1  -1  -1  -1  -1 165  -1  -1 201  -1  -1  -1 
 30  -1  -1  -1  -1  -1  -1  -1  -1   2   2  -1  24  -1   4   4  17  17  30  -1  -1  19  19  19  -1  -1 
 31  -1  -1  31  31  31  -1  -1  -1  -1  -1  -1  -1  -1  -1  -1  -1  -1  -1  -1  -1  -1  -1  -1  -1  -1 
 32  63  63  63  -1  -1  -1  -1  74  46  46  -1  -1  68  -1  -1  -1  -1  48  48  -1  -1  -1  61  61  -1 
 33  -1  -1  -1  -1  -1  -1  -1  -1  -1  -1  -1  -1  -1  -1  -1  -1  -1  -1  -1  -1  75  75  75  -1  -1 
 34  -1  -1  -1  -1  -1  -1 118  -1 112  -1  92  92 105 105  -1 107 107 107  -1  -1  -1  90  90  -1  -1 
 35  -1  -1 119 119 119  -1  -1  -1  -1  -1  -1  -1  -1  -1  -1  -1  -1  -1  -1  -1  -1  -1  -1  -1  -1 
 36  -1  -1  -1  -1  -1 151 151 151  -1  -1 136 136  -1 156  -1  -1 134 134 162  -1  -1  -1 149 149  -1 
 37  -1  -1  -1  -1  -1  -1  -1  -1  -1  -1  -1  -1  -1  -1  -1  -1  -1  -1  -1  -1  -1  -1 163 163 163 
 38  -1  -1  -1 200  -1  -1  -1  -1 178 178 193 193 206 180 180  -1  -1  -1  -1  -1  -1  -1 195 195 195 
 39 207 207 207  -1  -1  -1  -1  -1  -1  -1  -1  -1  -1  -1  -1  -1  -1  -1  -1  -1  -1  -1  -1  -1  -1 
 40  -1  -1  -1  -1  -1 222 222 224 224  -1  -1 250  -1 244  -1  -1  -1 237 237  -1  -1  -1 239 239 239 
 41  -1  -1  -1  -1  -1  -1  -1  -1  -1  -1  -1  -1  -1  -1  -1  -1 251 251 251  -1  -1  -1  -1  -1  -1 
 42  -1  -1  -1 281 281  -1  -1  -1  -1  -1 268 268  -1 288  -1  -1 294 283 283 283  -1 266 266  -1  -1 
 43  -1  -1 295 295 295  -1  -1  -1  -1  -1  -1  -1  -1  -1  -1  -1  -1  -1  -1  -1  -1  -1  -1  -1  -1 
 44 316  -1  -1  -1  -1  -1  -1 181  -1  -1  -1  -1  -1 270  -1  -1  -1  -1  -1  -1  -1 184  -1  52 310 
 45  -1  -1  -1  -1 309  -1  -1 143 273  -1 185   5 241  -1  98  -1  53  -1  -1   9 311  -1  -1 272  -1 
 46  -1 314  -1  -1  -1  54 182  -1  -1  -1  -1  -1  -1  -1  50  -1  -1  -1 231  -1  -1  -1  -1 141 109 
 47  -1  -1  -1  -1  -1  -1   8 269  -1  -1   7  -1  65  -1 140  -1  -1  -1  -1 228  -1  -1  -1  -1  -1 
 48  -1  -1 308 313  -1  -1  -1  -1  -1  -1  -1  -1  -1  -1  -1  -1   6 227  -1  -1  -1  -1  -1  -1  -1 
 49  -1 285  -1  -1  -1  11 274  -1  -1 275  -1  -1  -1  -1  -1 315  -1  -1  -1  -1  -1  -1  -1  -1  -1 
 50  -1  -1  -1  -1  -1  -1  -1  -1  97  -1  -1 229 312 225  -1  -1  -1  10  96  -1  -1 230  -1 226  -1 
 51  -1  -1  -1  -1  -1  -1  -1  21  -1 138  55  -1  -1  51 271  -1 183  -1  -1  49  -1 137  -1  -1  -1 
 52  -1  -1  -1  -1  -1  99  95  -1  -1  -1  -1 187  -1 153  -1  -1  -1  -1  -1 186  -1  -1  -1  -1  -1 
 53  -1  -1  -1  -1  -1  -1 142  93  -1  -1  -1  -1 197  94  -1  -1  -1  -1 139  -1  -1  -1  -1  -1  -1 

r\t   0   1   2   3   4   5   6   7   8   9  10  11  12  13  14  15  16  17  18  19  20  21  22  23  24 
  0  -1  -1  72  27  -1  -1 233 208  -1  -1  -1 113 120  -1  -1 169  64  -1 191  -1  -1  -1  -1  -1  -1 
  1  -1 157  -1 116  -1  -1 279  -1  -1  -1  -1  -1  -1 194  -1  -1  -1  -1  -1  -1  16  16  -1  -1  -1 
  2  -1 150  -1  12  -1  -1 213  -1 216  -1  -1 254  -1 232  -1  -1 247  -1  -1  -1  -1  -1  18  -1  -1 
  3  -1  -1  -1  -1  -1  -1 264  -1   3  -1  -1  -1  -1  -1  -1  -1  -1  -1  -1  -1 106  -1 290 255  -1 
  4  -1  -1  56 167  -1  -1 298  -1  -1  -1  -1 103  23  -1  -1  -1 282  -1  -1  -1  -1  28  -1  -1  -1 
  5  -1  -1  -1  -1  -1  -1  25 158 130 176  -1 160  -1 249  -1 155  -1  -1  -1  -1  -1  -1  -1 144  -1 
  6  -1 110  41   0  -1  -1  13  -1  -1  -1  -1 234 211  26  -1  -1  -1  -1  -1  -1 265 276 209 201  -1 
  7  -1 204  -1 202  -1  -1  -1  -1  -1  -1  -1  47 248  -1  -1  -1 129 296  -1  -1  -1  -1  -1 300  -1 
  8  -1  -1 245  -1  -1  -1  -1 146  -1  83  -1  -1  -1  -1  -1  -1  -1  -1  -1 127  -1  -1  -1 286  -1 
  9  -1  -1 135  -1  -1  -1  -1  -1 108  -1  -1  -1  -1  -1  -1  -1  -1  -1 152  -1  -1 212 115  -1 177 
 10  -1  -1 148 148  -1  -1  -1  -1  -1  -1  -1 128  -1  -1  -1  -1 258  -1  -1  -1  -1 196  -1  -1  -1 
 11  -1  -1  33  -1  -1  -1 124  57  59  -1  -1  88  67  -1  -1 303  -1  -1 263  -1  -1 246  -1  -1  -1 
 12  -1  -1  -1 132  -1  -1  -1 280 280  -1  -1  -1  -1  -1  -1  -1 214  -1  82  -1 172  -1 166  -1  -1 
 13  -1  -1  -1  -1  -1  -1  -1  14  -1  -1  84  -1 242  60  60  -1  -1  -1 223  -1  -1  -1  -1  -1 173 
 14  -1  80 121 253  -1  -1  79 240  -1  -1  -1  -1  -1  78  22  42 238  -1  -1  -1  -1  70  -1  -1  -1 
 15  -1 170  -1  58  -1  -1 215 192 192  -1  -1  -1  -1  -1  -1  -1 161 174 260  -1  -1  -1 199  -1  -1 
 16  -1  -1  -1  -1  -1  -1  -1  -1  -1  -1  -1 188  -1  -1  -1  -1  -1  -1 277  -1  -1  37  -1 171  -1 
 17  45  -1  -1  -1  -1 218  85  -1 235  38  -1  -1 261  -1  -1  -1  -1  -1 205  -1  91  -1  -1 267 221 
 18 307  -1  -1  -1  -1  -1  -1 117  -1  -1  81  -1 125  -1  -1  -1  -1  -1  -1  -1 236 236  -1 159  -1 
 19  -1  -1  -1  -1  -1  -1 189  -1  -1  -1  -1  -1  -1  -1  -1  -1  -1 278  -1 305  -1  -1  -1  86  -1 
 20  -1  -1  -1  -1  -1  -1  -1 126  -1  -1  -1  -1  -1 145 306  -1  -1  -1  -1  -1  -1  -1  -1  -1  -1 
 21  -1  -1  -1 301  -1  -1  -1  39  -1  -1  -1  -1 210  -1  -1  -1  -1  -1  -1  -1  -1  -1 252  -1  -1 
 22  -1 123  -1  -1  -1  -1 101  -1 147  -1  -1  -1  -1  -1 304  -1  -1  -1  -1 302  -1 164  69 190  -1 
 23  -1  -1 104 104  -1  -1 262  -1  73 257  -1  15  -1 179  -1  -1 154 220  -1  -1  -1 175  -1 114  -1 
 24  -1  -1  -1  -1  -1  -1 256 102 203  -1  -1  66 292  -1  -1  -1  -1 122 243  -1  -1  -1  35  34  40 
 25  -1 287  -1  -1  -1  -1  -1  77  -1 219  -1  -1 198  -1  -1  -1  20  -1 299  -1  -1  -1  -1  76  44 
 26 131  -1  -1  -1  -1  -1  -1  -1 168  -1  -1  -1 165  -1  -1  -1  -1  -1  29  -1  -1 100  -1  -1  -1 
 27  -1  62 284  -1  87  -1  -1 289  -1  -1  -1  -1  -1 291  -1  -1  -1  -1  -1  -1  -1  -1  -1  -1  -1 
 28  -1  36  -1  -1  -1  -1  -1  -1  32  -1  -1 297  43  -1  -1  -1  -1  -1 217  -1  -1  -1  -1  89  -1 
 29  -1  -1  -1  71 259  -1 133  -1 293  -1  -1  -1  -1   1  -1  -1  -1  -1  -1  -1  -1  -1 111  -1  -1 
 30  19  19  19  -1  -1   4   4  24  -1  -1  -1  30  -1  -1  -1  -1  -1  17  17  -1  -1  -1  -1   2   2 
 31  -1  -1  -1  -1  -1  -1  -1  -1  -1  -1  -1  -1  -1  -1  -1  31  31  31  -1  -1  -1  -1  -1  -1  -1 
 32  -1  -1  46  46  -1  -1  68  48  48  -1  -1  74  -1  -1  -1  -1  -1  61  61  -1  -1  63  63  63  -1 
 33  -1  -1  -1  -1  -1  -1  -1  -1  -1  -1  -1  -1  -1  -1  -1  -1  75  75  75  -1  -1  -1  -1  -1  -1 
 34  -1  -1  90  90  -1  -1  92  92 112  -1  -1  -1 107 107 107  -1  -1 105 105  -1  -1 118  -1  -1  -1 
 35  -1  -1  -1  -1  -1  -1  -1  -1  -1  -1  -1  -1  -1  -1  -1  -1 119 119 119  -1  -1  -1  -1  -1  -1 
 36  -1  -1 156  -1  -1  -1  -1 136 136  -1 151 151 151 162  -1  -1  -1  -1  -1  -1 149 149  -1 134 134 
 37  -1  -1  -1  -1  -1  -1  -1  -1  -1  -1  -1  -1  -1  -1  -1  -1  -1 163 163 163  -1  -1  -1  -1  -1 
 38  -1 195 195 195  -1  -1 206 178 178  -1  -1  -1  -1 200  -1 193 193  -1  -1  -1 180 180  -1  -1  -1 
 39  -1  -1  -1  -1  -1  -1  -1  -1  -1  -1  -1  -1  -1  -1  -1 207 207 207  -1  -1  -1  -1  -1  -1  -1 
 40  -1 250 239 239 239 222 222  -1  -1  -1  -1  -1  -1  -1  -1  -1  -1  -1 244  -1 224 224 237 237  -1 
 41  -1  -1  -1  -1  -1  -1  -1 251 251 251  -1  -1  -1  -1  -1  -1  -1  -1  -1  -1  -1  -1  -1  -1  -1 
 42  -1 294  -1 281 281  -1  -1 266 266  -1 283 283 283  -1  -1  -1 288 268 268  -1  -1  -1  -1  -1  -1 
 43  -1  -1 295 295 295  -1  -1  -1  -1  -1  -1  -1  -1  -1  -1  -1  -1  -1  -1  -1  -1  -1  -1  -1  -1 
 44  -1  -1  -1  -1  -1  -1  -1 230  -1  -1 309  -1  -1  -1  -1  -1  -1  -1  -1  -1 138 270 315  -1  -1 
 45  -1 241 273 231  -1 185  -1  -1  -1  50  -1  -1  -1 272  -1  -1  -1  -1  -1 197  -1  -1  -1  -1  -1 
 46  95  -1 184  -1  -1  -1  65  -1  93   9  -1 226  -1  -1  -1  -1  -1  49  -1  -1  -1  -1  -1  -1 275 
 47 143  -1 227  -1  -1  -1  -1  -1  -1  -1  -1 186  -1  52  -1  -1  -1  -1  -1  -1  -1   6  -1  -1  -1 
 48 187  -1  -1  -1  -1 137  -1  -1  -1 140  -1  -1  -1  -1  -1 314  -1  -1  -1  -1  -1 139 285 183  -1 
 49  -1  -1   7  -1  -1  -1  -1   8  -1 271  -1  -1 311  -1  -1 109  -1  -1  10 316  11  -1  -1 228  -1 
 50  -1  -1  -1  -1 312  54  -1  -1  -1  -1  -1  -1  -1 142 310  -1  -1  -1  -1  -1  -1  -1  -1  -1  99 
 51 269  -1  -1  -1  -1 274  -1  -1  21  -1  -1   5  -1  96  -1  -1  -1  -1  53  -1  -1  94 153  -1  -1 
 52 225 313  -1  -1  -1  97 181  -1  -1  -1  -1  -1  -1 229  -1  -1 308 141 182  -1  55  -1  -1  51  -1 
 53  -1  -1  -1  -1  -1  -1  -1  -1  -1  98  -1  -1  -1  -1  -1  -1  -1  -1  -1  -1  -1  -1  -1  -1  -1 

r\t   0   1   2   3   4   5   6   7   8   9  10  11  12  13  14  15  16  17  18  19  20  21  22  23  24 
  0  -1  67  -1   3  -1  -1  -1 199  58  -1  -1  -1 284 217  -1  -1 161 247 232  -1 218  72  -1  80  -1 
  1  39  -1  -1  -1  -1  -1  -1  -1 279  -1  -1 100  40  -1  -1  -1 188  -1  -1  -1  -1  -1 174  -1  -1 
  2  -1 287  -1 303  -1  -1 194 124  -1  -1  -1  13  -1  -1  -1  -1  -1  16  16  -1  -1  -1  -1  -1  -1 
  3  -1  -1  -1  -1  -1  -1  -1  -1  -1 172  -1  -1  88  -1  -1  -1  -1 115  -1  -1 219 155  -1  -1  -1 
  4  -1  -1  -1  -1  -1   0 117  -1 242  -1  -1  29  -1  -1  -1  -1  -1  44  32  -1  -1  -1 213  -1  -1 
  5  -1  -1 301  -1  -1  -1  66 289  -1  -1  -1  -1  -1 168 216  86  -1  -1 299  -1  -1 245 130 123  -1 
  6  -1  -1  -1  -1  -1  -1  -1  -1  -1  -1  -1  -1 146  -1  -1  -1  -1  -1 201  -1  -1  -1  -1  -1  43 
  7  -1  -1  -1  -1  -1 132  23 246 256  -1  -1  -1  -1  -1  -1  -1  -1  -1  -1  -1 286  -1  -1  -1  -1 
  8  -1 154  -1  -1  -1  -1  -1  -1  -1  -1  -1  59  -1  79  -1  -1 144  -1  -1  -1  -1  -1  -1  -1 190 
  9  -1  -1  64  -1  -1  -1  -1  -1  -1  -1  -1 189  -1 120 176  -1  -1  -1  -1  -1  -1 196  -1 158  -1 
 10  -1  -1  -1  -1  -1  -1 243  -1 150  -1  -1  -1  41  -1  -1 306  77  38  -1  -1  -1  62 121  -1  -1 
 11  -1  -1  -1  34  -1  -1  -1 131  -1  -1  -1  -1  -1  -1  -1  -1  -1 101  -1  -1 257 282  -1  57 260 
 12  -1 122 297  -1  -1  -1  -1  -1  -1  -1  -1  -1  -1  -1  -1  -1  -1  -1  -1  -1 236 236  -1 254  -1 
 13  45  -1 280 280  -1  -1  -1  83  -1  -1  -1  -1  60  60  -1  -1  71  -1  -1  -1  -1 164  -1  -1  -1 
 14  -1  -1 148 148  -1  -1  -1  -1  -1  -1  -1  -1 300  -1  -1  -1  -1  -1  87  -1  -1  -1 159  -1  -1 
 15  -1  -1 192 192  -1 267  -1 145  -1  -1  -1  69  14 290  -1  -1  -1  -1  -1  -1  -1  -1  -1  -1  -1 
 16  -1 198 127  -1  -1  -1  -1  47 167  -1  -1  -1  -1 278  -1  -1 248  -1 102  -1  -1  -1 238 276   1 
 17  -1 255  -1  -1  -1  -1 157  -1  -1 106  -1 211  -1 152  -1  -1  -1  -1  -1  -1  -1  -1  -1  -1  -1 
 18  -1 202  -1  -1  -1  -1 214  89  -1  -1  -1  -1 166  -1  -1  -1  -1  -1  -1  -1  -1  -1  -1 298  -1 
 19  -1  -1  -1 233 133  -1 262  28  -1  -1  -1  -1  -1  15  -1  -1  -1  -1  -1  84  -1  -1  -1  -1  -1 
 20 304 293  -1  -1  -1  -1  27 234  -1  -1  -1 113  -1  -1  -1  -1 296  -1 128  -1  -1 116  -1  -1  -1 
 21  -1 259  -1  -1  -1  -1  -1 171  -1  -1  -1 240  -1  -1  -1  -1  -1  -1  -1  -1  -1  -1  -1  -1  -1 
 22 177  70 203  -1 302  -1  -1 170  78  -1  -1  37  -1  -1  -1  -1  81  -1 253  -1  -1  -1  82  -1  -1 
 23  -1  -1  -1  -1  -1  -1 209  56  -1  -1 215  -1  35  -1  -1  -1  12  76  -1  85  -1  -1  -1  -1 307 
 24 263  -1  18  -1 126  -1  -1  -1  -1  -1  -1  -1 208  -1  -1  -1 169  -1  -1 175  -1  -1  -1  -1  -1 
 25  -1 165  -1 291  -1 221  -1 179 111  -1 223  -1  -1  -1  -1  -1  25 292  -1  -1  -1 129  -1  -1  -1 
 26  -1  26 160  -1  -1  -1  -1 108  36  -1  -1 147  73  -1  -1  -1  91  -1  -1 264  -1  -1 125 103  -1 
 27  -1  -1  -1  22  -1  -1 110 135  33  -1  -1 210 265  -1  -1  -1 173  -1 114 305  -1  20  -1  -1  -1 
 28  -1  -1 235 252  -1  -1 249  -1  -1  -1  -1 277  -1 204  -1  -1  -1  -1  -1  -1  -1  -1  -1 191  -1 
 29  -1  -1  -1  -1 220  -1  -1  -1  -1  -1  -1  -1 104 104  -1  -1 205 212  -1  -1 261  -1 258  -1  42 
 30  -1  -1  30  -1  -1  -1  -1  19  19  19  -1  -1  -1   2   2  -1  -1  24   4   4  -1  -1  17  17  -1 
 31  -1  -1  -1  -1  -1  -1  -1  -1  -1  -1  -1  -1  -1  -1  -1  -1  -1  -1  -1  -1  -1  31  31  31  -1 
 32  -1  -1  -1  61  61  -1  74  -1  -1  -1  48  48  -1  -1  -1  -1  63  63  63  -1  -1  -1  68  46  46 
 33  -1  -1  75  75  75  -1  -1  -1  -1  -1  -1  -1  -1  -1  -1  -1  -1  -1  -1  -1  -1  -1  -1  -1  -1 
 34  -1  -1 105 105  -1  -1  -1  -1 112  -1  -1  -1  -1  -1  -1  -1 118  -1  92  92 107 107 107  90  90 
 35  -1 119 119 119  -1  -1  -1  -1  -1  -1  -1  -1  -1  -1  -1  -1  -1  -1  -1  -1  -1  -1  -1  -1  -1 
 36  -1 162  -1  -1  -1  -1  -1 156  -1  -1  -1 136 136 134 134  -1  -1 149 149  -1  -1  -1 151 151 151 
 37  -1  -1  -1  -1  -1  -1  -1  -1  -1  -1  -1  -1  -1  -1  -1  -1  -1 163 163 163  -1  -1  -1  -1  -1 
 38  -1  -1  -1 180 180  -1  -1 200 206  -1 178 178 193 193  -1  -1  -1 195 195 195  -1  -1  -1  -1  -1 
 39  -1  -1  -1  -1  -1  -1  -1  -1  -1  -1  -1  -1  -1  -1  -1  -1  -1  -1  -1  -1  -1 207 207 207  -1 
 40  -1  -1 244  -1  -1  -1  -1  -1  -1  -1  -1  -1 237 237  -1 239 239 239 222 222  -1  -1 250 224 224 
 41  -1  -1  -1  -1  -1  -1  -1  -1  -1  -1  -1 251 251 251  -1  -1  -1  -1  -1  -1  -1  -1  -1  -1  -1 
 42  -1  -1  -1 266 266 281 281  -1  -1  -1  -1  -1  -1  -1  -1 283 283 283  -1  -1  -1 288 294 268 268 
 43  -1  -1  -1  -1  -1  -1 295 295 295  -1  -1  -1  -1  -1  -1  -1  -1  -1  -1  -1  -1  -1  -1  -1  -1 
 44  -1  21 313  -1  -1 186  -1  -1  -1  -1 138  -1  -1  -1  -1  -1  -1 140 270  55  -1  -1  -1  -1  -1 
 45 143 312  -1  -1  96  -1 153  -1  -1  -1  -1  -1  -1 181 274  -1  10  -1 187  -1  -1  -1 311  -1  -1 
 46 271  -1  -1  -1  -1  -1  -1  -1  -1  -1  -1  -1  51  99  54  -1  -1 225  -1  -1  -1  -1  -1  -1  -1 
 47   7  -1  -1  -1  -1  -1  -1  -1 308  -1  -1  -1  -1 269  -1 315 139   5 137  -1  -1  -1 285 182  -1 
 48  -1  -1  -1  52  -1  -1 309  -1 197 310  -1  -1 231  50  -1  -1  -1  -1  -1  -1  -1  -1  -1  -1  -1 
 49  -1  -1  -1  -1  -1  98  -1 272  -1  -1  -1  11   6 230 228  -1  -1  -1  -1  -1  -1 314  -1  -1  -1 
 50  -1  -1  -1  -1  -1  -1  -1  -1  -1  -1  -1  -1  -1  -1  -1  -1  -1  -1  -1  -1 316  -1  -1 141  -1 
 51  -1  -1  -1  -1  -1  -1  -1  -1  -1  -1  97  -1  -1  -1  -1  -1 184  -1  -1  -1  -1  -1  -1  -1 183 
 52 229 241  -1 142  -1  -1  -1  -1  -1  -1   9 273 185  -1  -1  -1  -1  94  53  -1  -1  -1  65  -1  -1 
 53  95  -1  -1 227   8  49  -1 226  -1  -1 275  93  -1  -1  -1  -1 109  -1  -1  -1  -1  -1  -1  -1  -1 

r\t   0   1   2   3   4   5   6   7   8   9  10  11  12  13  14  15  16  17  18  19  20  21  22  23  24 
  0  -1  -1  -1 253  -1 129  81  39  -1  -1  -1  -1  -1  -1  -1  -1  -1  -1  -1  -1  -1  -1 235  -1  -1 
  1  -1  -1  -1 215 175  -1 150  -1  -1  -1  -1  -1  -1  -1  -1  -1  -1 204  -1  -1  -1  -1  -1 154  -1 
  2  -1  66  -1 190  -1  -1  -1  -1  12  -1  -1 282 148 148  -1  -1  -1  -1  -1  -1  -1 106  -1  -1  -1 
  3  -1  -1  -1  -1  -1  -1 247  -1 103  -1  -1  -1  44  15  -1  -1  -1 277  -1  -1  -1  -1 152  -1  -1 
  4  -1  78 289 234  -1  -1 114  -1  -1  -1  -1 169  -1  -1 223  -1  -1  -1  -1  -1  -1 233  -1  -1  -1 
  5  -1  -1  -1  -1  -1  -1  -1  34 194  -1  -1  -1  20  -1  -1  -1  -1  69  -1  -1  -1 284 218  -1  -1 
  6  -1 242  -1  43  84  -1  -1 280 280  -1  -1 299  -1  -1 263  -1 147  -1 293  -1  -1  13  -1  -1  -1 
  7  -1  -1  -1  -1  -1  -1  -1  -1  -1  -1  -1  37 165 116  -1  -1  -1  -1  -1  -1  -1  73  14  -1  -1 
  8  -1  -1 196 219  -1 176  -1  -1  -1  -1  -1  -1  -1 216  -1  -1 240 120  80  -1  -1  -1  -1  -1  -1 
  9  -1  -1  -1  -1  -1  -1  -1  -1  -1  82  -1 123 296 208  -1  -1  -1  -1  -1  -1  -1  -1  -1  -1  -1 
 10  -1 158  -1  -1  -1  -1  -1  -1 167  -1  -1  -1  -1  28  -1  -1 101  56   0  -1  -1  -1  -1 174  -1 
 11  -1  -1  -1 159  -1  -1  -1  -1 248  -1  -1  -1  57 160  -1  -1  -1 170  89  -1  -1  -1  -1 297  -1 
 12  -1 245  -1  86  -1  -1  -1  85 179  -1  -1  -1 121  -1  -1  -1 286  -1  -1  40  -1  -1 133 157  -1 
 13  -1  -1  -1  -1  -1  -1 161 146  -1  -1  -1  -1 104 104  -1  -1  -1 102  36  -1  -1  -1 217 199  -1 
 14 301  -1 238 205   1  -1 287 262  42  -1  -1  -1  -1  -1  -1  -1  -1  -1 202  -1 265  -1  -1 212  -1 
 15  -1  -1  -1  -1 214  -1  -1  -1  -1  -1  -1  -1  -1  47  -1  -1  70  -1  -1  -1  -1 124 252  -1  -1 
 16 305  -1  -1 130  -1  -1  -1  -1  -1  -1  -1  -1  72  79 257  -1  -1  -1  -1  -1  -1  77  -1 111  -1 
 17  -1  -1  -1 302  -1  -1  -1 246  -1  -1  -1  -1  -1  -1  -1  -1  -1  -1 306  -1  -1 127 168  -1  -1 
 18  -1 307  -1  -1  -1  -1  -1   3 203  -1  -1  -1 125 131  -1  -1  58 192 192  -1  -1 255  -1  76  -1 
 19  -1  23  -1  26  -1  -1  -1 166  -1  -1  -1  -1  -1  -1  -1  45  -1  -1  -1  -1  -1  -1 100 117  -1 
 20  -1 279  -1  -1  -1 261  -1 115 259  -1  -1  -1 258 249  -1  -1 256  -1 304 173  -1  -1  25  -1  -1 
 21  -1  -1  -1  -1  -1  -1  -1 264  -1  -1  -1  -1  -1  -1  -1  -1  -1  -1  -1  -1  -1  -1  -1  -1  -1 
 22  -1 298  16  16 132  -1  29  83 145  -1  -1  -1  38  -1  -1  -1 113  27  -1  -1 221  -1  -1  22  -1 
 23 303  -1  -1  -1 220  -1  -1 189  88  -1  -1  -1  -1 236 236  -1  -1 300  -1  -1 128  32 201  -1  -1 
 24  -1  -1  60  60  -1  -1  64  -1  -1  -1  -1 110  -1 292  -1  -1  -1  -1  -1  -1  -1  -1 276  -1  -1 
 25  -1  -1  -1  -1  -1  -1  -1  -1  -1  -1  -1 155  -1  62  -1  -1  -1  -1  -1 144  -1 209  -1  -1  -1 
 26  -1  -1  -1  -1  -1  -1  18  -1  -1  -1  -1 211 232  -1  -1  -1  -1  -1 278  -1  -1 213  -1  -1  -1 
 27  -1 191  -1  -1  -1  -1  -1  -1  35  -1  -1  -1 254  -1  -1 177  33  -1  59  -1  -1  91 291  -1  -1 
 28  -1  -1 164  71  -1  -1  -1  41  -1  -1  -1 172 210 188  -1  -1  -1  -1 108  -1  87 135  -1  -1  -1 
 29  -1  -1 122 260  -1  -1 290  -1  -1  -1  -1 171  -1  -1  -1  -1 267  -1  -1 198  -1  -1 126 243  67 
 30  -1  30  -1  -1  -1  -1  -1  -1  -1  -1  17  17  -1   2   2  -1  19  19  19  -1  -1   4   4  24  -1 
 31  -1  -1  -1  -1  -1  -1  -1  -1  -1  -1  31  31  31  -1  -1  -1  -1  -1  -1  -1  -1  -1  -1  -1  -1 
 32  -1  -1  74  48  48  -1  -1  61  61  -1  -1  -1  -1  68  -1  -1  46  46  -1  -1  -1  63  63  63  -1 
 33  -1  -1  -1  -1  -1  -1  75  75  75  -1  -1  -1  -1  -1  -1  -1  -1  -1  -1  -1  -1  -1  -1  -1  -1 
 34  -1  -1 105 105  -1 107 107 107 118  -1  -1  -1  -1  90  90  92  92  -1  -1  -1  -1  -1 112  -1  -1 
 35  -1  -1 119 119 119  -1  -1  -1  -1  -1  -1  -1  -1  -1  -1  -1  -1  -1  -1  -1  -1  -1  -1  -1  -1 
 36  -1 151 151 151  -1  -1  -1 136 136  -1  -1 162 134 134  -1  -1  -1 149 149  -1  -1 156  -1  -1  -1 
 37  -1  -1  -1  -1  -1  -1  -1  -1  -1  -1  -1  -1  -1  -1  -1  -1 163 163 163  -1  -1  -1  -1  -1  -1 
 38  -1  -1  -1 178 178  -1 200 206  -1  -1 193 193 180 180  -1  -1  -1  -1  -1  -1 195 195 195  -1  -1 
 39 207 207 207  -1  -1  -1  -1  -1  -1  -1  -1  -1  -1  -1  -1  -1  -1  -1  -1  -1  -1  -1  -1  -1  -1 
 40  -1  -1 250  -1  -1  -1 239 239 239  -1  -1 244 224 224  -1  -1  -1 237 237  -1  -1 222 222  -1  -1 
 41  -1  -1  -1  -1  -1  -1  -1  -1  -1  -1  -1  -1  -1  -1  -1  -1  -1 251 251 251  -1  -1  -1  -1  -1 
 42  -1  -1  -1 281 281  -1  -1 294 288  -1  -1  -1 283 283 283  -1  -1 266 266  -1  -1 268 268  -1  -1 
 43  -1  -1 295 295 295  -1  -1  -1  -1  -1  -1  -1  -1  -1  -1  -1  -1  -1  -1  -1  -1  -1  -1  -1  -1 
 44  -1  -1  -1  -1  -1  -1  -1 226  -1  -1 312  -1  -1  -1  -1  -1 187 181  -1  -1  -1  -1 182  -1  -1 
 45  -1  -1  -1  -1  -1  52  -1  -1  53  -1  -1  -1  -1  -1  -1  10  -1  -1  -1  -1  -1  -1  -1  -1  -1 
 46  -1 309  -1  96  -1 140  -1  -1  -1 225  -1 313  -1  -1 185  -1  -1  -1 183  -1  99  -1  -1  -1  -1 
 47  -1  -1  -1 272  -1  -1  -1 184 269   9  -1  -1  95  -1  -1  -1  -1  94  -1  -1  -1  -1  -1 285  -1 
 48  -1  -1  -1 230  -1  -1 197  -1   6 186  -1  -1 273  -1  -1  -1  -1  -1  -1 314  -1  -1  98  -1  -1 
 49 316  -1  -1  -1  -1 275  -1  21  -1 274  -1  -1  11  -1  -1  -1  -1  -1  -1  -1  -1  -1  -1  -1  -1 
 50  -1  -1  -1 141  -1  -1  -1  93  -1  -1  -1  65  -1  -1  -1 228 227 231  54  -1   8 153  -1  -1 311 
 51  -1  -1  -1  -1  -1 229  -1  -1  -1  97  -1 241  -1  -1  50 271  -1  -1  -1  -1  -1  -1  51 308  -1 
 52  -1  -1  -1  -1  -1  -1 315  -1  -1 138  -1  -1  -1 270 143  -1  -1  -1  -1  -1  55  -1  -1  -1  -1 
 53  -1 109 310   5  -1   7  -1  -1  -1  49  -1  -1  -1  -1  -1 139 142  -1  -1  -1 137  -1  -1  -1  -1 

