317
8 3
12 7
1 30
3 20
16 30
18 47
4 45
10 52
11 50
15 44
23 49
21 52
8 1
16 17
1 29
11 2
17 23
23 30
0 7
5 30
12 4
3 48
20 17
13 11
18 30
6 9
7 26
13 7
21 6
1 15
8 30
22 31
16 3
11 14
17 4
2 5
11 25
19 14
17 17
21 8
19 12
6 20
14 11
21 15
21 1
15 21
0 32
11 3
17 32
10 47
16 44
3 53
8 48
23 53
4 44
24 44
23 16
1 8
21 9
16 2
17 16
8 32
6 19
12 32
3 17
2 47
22 10
11 19
16 32
2 24
17 5
13 28
12 23
3 19
23 32
7 33
6 3
13 8
22 12
1 14
18 2
4 5
3 18
24 25
22 18
23 0
13 5
8 20
8 27
11 11
23 34
21 19
0 34
15 45
12 46
10 51
17 53
4 50
2 46
3 52
1 3
12 13
23 25
16 0
3 23
17 34
21 0
7 34
11 17
6 51
13 2
22 21
3 34
7 19
11 8
12 12
22 9
1 7
13 34
16 35
6 8
23 14
17 9
21 12
2 0
15 25
19 22
3 5
2 14
22 0
19 23
7 17
4 15
2 8
11 36
1 4
16 36
3 49
15 51
18 44
10 53
21 45
8 47
0 52
21 10
16 25
3 27
11 6
17 11
22 36
14 22
5 36
2 22
20 53
1 12
13 21
18 36
16 23
2 25
13 26
6 4
21 27
8 36
22 37
12 20
7 22
11 9
17 6
3 29
8 7
19 26
23 1
15 7
10 8
7 3
16 12
4 0
10 16
2 38
12 0
15 38
1 51
23 48
17 47
8 50
0 46
11 46
21 44
21 22
8 4
1 20
22 11
2 3
23 38
6 17
17 38
11 27
7 48
13 29
12 1
8 38
18 4
11 13
13 17
17 10
21 26
6 38
22 39
2 19
7 21
1 24
3 6
16 13
22 25
4 18
6 16
0 8
8 21
15 15
11 22
0 20
21 11
3 40
15 18
1 40
16 53
17 51
12 49
10 46
18 52
8 52
11 53
18 21
1 26
11 24
3 8
15 16
7 40
14 13
22 40
2 10
20 51
13 20
9 26
12 40
18 0
22 28
23 27
11 28
3 9
13 40
5 41
2 27
16 7
17 13
8 15
1 5
8 23
9 14
3 26
12 10
15 11
22 23
10 28
18 19
0 13
16 42
2 20
10 42
24 53
3 50
4 46
23 46
21 47
15 48
1 44
3 12
16 26
18 28
12 26
10 23
22 42
20 4
7 42
1 23
2 51
19 29
6 15
2 42
13 19
3 0
16 4
23 5
7 7
18 42
12 43
22 20
17 25
11 10
21 3
6 27
9 28
15 29
21 7
7 15
12 22
3 25
21 25
6 47
13 44
14 50
7 50
5 49
22 45
20 45
19 46
9 44

