r\t   0   1   2   3   4   5   6   7   8   9  10  11  12  13  14  15  16  17  18  19  20  21  22  23  24 
  0  -1  84  -1  -1  -1  -1  -1  -1 257  -1  -1  -1  -1  -1  -1  -1  -1  -1  58  -1  -1  -1  -1  -1  -1 
  1 305 189  35  -1  -1  -1  -1  -1 263  -1  -1  83  -1  -1  -1  -1  -1  -1 179  -1  -1 205 174  -1  -1 
  2  66  -1  -1  -1  -1  -1  41 160  -1  -1  -1  -1  12  -1  -1  -1  -1  -1 209  -1  -1  64  -1  -1  -1 
  3  -1  -1  -1  29  -1  -1  -1 280 280  91  -1 278  -1  -1  -1  -1  -1  -1 255  -1  -1  -1  -1  -1  -1 
  4  -1  -1  -1 147  -1  -1 290  -1  86  -1  -1  -1 259  67  -1  -1 168 243  -1 177  -1  80  70  25  -1 
  5  -1  -1  -1  -1  -1 131  -1  -1  -1  -1  -1  -1  -1  -1 217  -1  -1  -1  -1  -1  -1 298 210  -1  -1 
  6  -1  -1  -1  -1  -1  -1 191  -1  39  -1  -1 291  -1 201  -1  -1 238  -1  72  82  -1  32  -1 306  -1 
  7  -1 254 175  -1 267  -1  88  -1  -1  -1  -1  -1 265  -1  -1  -1  -1  -1 303  -1  -1  -1 190  40  -1 
  8 304 120  -1  -1 214  -1  -1  -1  -1  -1  -1  71 212  -1  -1  -1  -1  -1 154  -1  -1  -1 235  -1  -1 
  9  -1 208  -1  89  -1  -1 100  -1  -1  -1  -1  -1  -1  -1  -1  -1  -1  56  -1  -1  -1  -1 301 242  -1 
 10  -1  -1 192 192  -1  -1  -1  -1  -1  -1  -1 146 121 277  -1  -1  -1  -1  -1  -1  -1   3  -1  69  22 
 11  -1  -1  13  20  81 129  -1 106  -1  -1  -1 157  -1  -1   1  -1  -1 223  -1  -1  -1  -1  -1 194 125 
 12  -1  34 299 260  -1 282  -1  -1  -1  -1  -1 258  -1  -1  -1  -1  -1 115  -1  -1  -1  -1 307  -1 130 
 13  -1 173  -1 284 176  -1  -1 127  -1  -1  -1  -1  57  -1  -1  -1  -1  27  -1  -1  -1  -1  -1 158  -1 
 14  -1  -1  -1  -1  -1  37  -1  -1  -1  -1  -1 202  -1 110  -1  -1  -1 252  -1  -1  -1  -1  -1  -1  -1 
 15  -1 296  -1  -1  -1  -1  59  87  -1  -1  -1  -1  -1  26  -1  -1 155  -1  -1  -1  -1 247  -1  -1  -1 
 16  -1  -1  -1  -1  -1  -1  -1  -1  -1 128  -1  -1  -1  -1  -1  -1  28  -1  33 219  45 188 132  -1  -1 
 17  -1  -1 249  73 220  -1 169  -1 111  -1  -1 123  -1 116  -1  -1  -1  -1 300  -1  -1  23  -1 262  -1 
 18  -1 276  -1  77  -1  -1  -1  -1  -1  -1 171  -1  44  -1  -1  -1  -1 196  -1  -1  -1  -1 122  38  -1 
 19  -1  -1 113  -1  -1  -1  -1  -1 117  -1  -1  -1  -1  -1 215  -1  -1  -1  36  -1 126  -1  -1  -1  -1 
 20  -1 264  -1  -1  -1  -1  15  85  -1  -1  -1  -1  -1 167  -1 218  79  -1 103  -1  -1  -1  -1  -1  -1 
 21  -1  -1 236 236  -1  -1  -1  -1  -1  -1  -1  47  -1  -1 261  -1  -1  -1 198  -1 221  -1  -1  -1  -1 
 22 150  -1  -1  -1  -1  -1  -1  -1  -1  -1 104 104  -1  -1  -1  -1 199 293 166  -1  -1 164  -1  -1  -1 
 23  -1 102 101  -1  -1  -1  -1 302  -1  -1  43 240  -1  78  -1  -1  -1 204  -1  -1  -1 279 289  -1  42 
 24  -1 161  76 108  -1 213  -1  -1  -1  -1  -1  -1  -1  -1  -1  -1  -1 152  -1  -1  -1 234 211  -1  -1 
 25  -1 232  -1  -1  -1  -1 245  -1  -1  -1  -1 256  -1 170  -1  -1 114 133   0  -1  -1  -1  -1  -1  -1 
 26  16  16  -1  -1  -1 172  -1  -1  -1  -1  -1  -1  -1 297  -1  -1  -1  -1  -1  -1  -1  -1  -1  -1  -1 
 27  -1 145  60  60 286  -1  -1 124 144  -1  -1  -1  -1  -1  -1  -1  -1  -1 135  -1  -1  -1 159  18  -1 
 28  -1  -1  -1 292  -1  -1  -1  -1 165  -1  -1  -1  -1  -1  -1  -1  62  -1 233  -1  -1  -1  -1  -1  -1 
 29  -1  -1 203 248 216  -1  -1 253  -1  -1  -1  14 148 148 287  -1  -1  -1  -1  -1  -1  -1 246  -1  -1 
 30  -1  -1   4   4  -1  -1  -1  17  17  -1   2   2  30  -1  -1  19  19  19  -1  -1  -1  -1  24  -1  -1 
 31  -1  -1  -1  -1  -1  -1  31  31  31  -1  -1  -1  -1  -1  -1  -1  -1  -1  -1  -1  -1  -1  -1  -1  -1 
 32  -1  46  46  -1  -1  -1  -1  61  61  -1  -1  -1  74  -1  -1  -1  68  -1  48  48  -1  -1  63  63  63 
 33  -1  -1  -1  -1  -1  -1  75  75  75  -1  -1  -1  -1  -1  -1  -1  -1  -1  -1  -1  -1  -1  -1  -1  -1 
 34  -1  90  90  -1  -1  -1 112  -1  -1  -1  92  92  -1  -1  -1 107 107 107 118  -1  -1  -1 105 105  -1 
 35  -1  -1  -1  -1  -1  -1  -1  -1  -1  -1  -1  -1  -1  -1  -1  -1  -1  -1  -1  -1  -1 119 119 119  -1 
 36  -1  -1  -1  -1  -1 149 149  -1 162  -1 136 136 156  -1  -1  -1  -1  -1  -1  -1 134 134 151 151 151 
 37  -1  -1 163 163 163  -1  -1  -1  -1  -1  -1  -1  -1  -1  -1  -1  -1  -1  -1  -1  -1  -1  -1  -1  -1 
 38  -1 178 178 206  -1  -1  -1 193 193  -1  -1  -1 195 195 195  -1 200  -1  -1  -1  -1 180 180  -1  -1 
 39  -1  -1  -1  -1  -1  -1 207 207 207  -1  -1  -1  -1  -1  -1  -1  -1  -1  -1  -1  -1  -1  -1  -1  -1 
 40  -1  -1 222 222  -1 239 239 239 250  -1  -1  -1 237 237  -1  -1 244  -1 224 224  -1  -1  -1  -1  -1 
 41  -1  -1  -1  -1  -1  -1  -1  -1  -1  -1  -1  -1 251 251 251  -1  -1  -1  -1  -1  -1  -1  -1  -1  -1 
 42  -1  -1  -1  -1  -1  -1  -1 294 288  -1 268 268  -1  -1  -1 283 283 283 266 266  -1  -1 281 281  -1 
 43  -1  -1  -1  -1  -1  -1  -1  -1  -1  -1  -1  -1  -1  -1  -1  -1  -1  -1  -1  -1  -1  -1 295 295 295 
 44 314  -1  -1 142  54  -1 139  -1  -1  -1 231  -1  98  -1 138  -1  -1  -1  -1  -1 185  -1 272  -1  -1 
 45  -1 225 275 271  -1  -1  -1  -1  -1 140  -1 226  -1  -1  -1  -1  -1  -1  96  -1  -1  -1  -1 308  -1 
 46  -1  -1  -1  -1  -1  -1  -1 153  -1 228  49  -1  -1  -1  -1 312  -1 187  -1   8  -1 227  10  -1  -1 
 47 285 141  -1  -1  -1  -1 230 309 241  -1  -1  -1 137  -1  -1  -1  -1  53  -1  -1 269  -1  -1  -1 311 
 48  -1  -1  -1  -1   9 316  -1  -1 310   7  -1  -1  -1  -1  -1  -1  -1  -1  -1 143  97  -1  -1  -1  -1 
 49  -1  -1  -1 181  -1  -1  -1  -1  -1 186  -1 182  -1  -1  93  -1  -1  -1  -1  -1  -1  52  -1  -1  -1 
 50  -1   5  -1  51  99 197  -1  -1  -1  50  -1  -1  -1  21  55  -1 313  -1  -1  95  -1  94 229  -1 109 
 51  -1  -1  -1  -1  -1  -1 184  -1  -1  -1  -1  -1  -1  -1  -1  -1  -1  -1  -1  -1  -1  -1  -1  -1  -1 
 52  -1  -1  -1  -1  -1  -1 270  -1  -1 274  -1  65  11  -1  -1  -1  -1  -1  -1  -1  -1  -1  -1  -1  -1 
 53  -1  -1  -1  -1  -1  -1  -1  -1  -1  -1 183  -1  -1 315  -1  -1  -1  -1  -1  -1   6 273  -1  -1  -1 

r\t   0   1   2   3   4   5   6   7   8   9  10  11  12  13  14  15  16  17  18  19  20  21  22  23  24 
  0  -1 145 208  -1  -1  -1  -1  -1  66  -1  -1  -1  -1 175  -1  -1  -1  -1  -1  -1  -1  -1 292 296  -1 
  1  -1  -1 217  -1  -1  -1  20  58 167  -1  -1 263  -1  -1  -1  -1 152 135  -1 215  -1  -1  -1  -1  -1 
  2  -1 102 160  -1  -1  -1  -1 302  -1  -1  -1  -1  -1 307  -1  -1  -1  -1  -1  -1  -1  -1  -1  -1 132 
  3 176 234 260  -1  -1  -1  -1 144  -1 172  -1  41  -1 305 282  -1  -1  -1  62  -1  -1  -1  -1  -1  18 
  4  -1  -1  -1  -1  -1  -1 120  -1  -1  -1  -1 198  -1 130  -1  -1 259  -1  -1  -1  -1  -1 159 214  -1 
  5  -1  -1  -1  47  -1  -1 303 279  -1  -1  -1  -1  -1  72 238  -1  -1  -1  -1  -1  16  16  -1 158  -1 
  6  -1  -1  -1  -1  -1 170  -1  -1  -1  -1  -1  -1  -1  -1  -1  -1 201 205  -1  -1  -1 246  -1 103  -1 
  7  -1  70  -1  -1  -1 236 236  -1  79  -1  -1  -1  -1 124  -1  -1  -1  -1  -1  -1  -1  -1  -1  -1  -1 
  8  -1  -1  -1  69  -1  -1  37  -1  -1  -1  -1  -1  -1  12  -1  -1  -1 218 212 106  -1 111  -1  -1  -1 
  9  -1  -1  -1  -1  -1  -1  -1  -1 155 169  -1  67 255  -1  -1  -1 253 247  -1  -1  -1  -1  -1  -1  -1 
 10  -1  -1 249 146 150  -1  -1 161  -1  -1  -1  -1  36  -1  -1  -1  83  -1  -1  39  -1  -1 191  -1  -1 
 11  -1  -1  -1  -1  -1 258  -1  -1  -1  -1 129 128  -1  -1  -1  -1  -1 157  23  -1  -1  82 223  -1  -1 
 12  -1  -1 300  89  -1  -1 166  -1  -1  -1 220  -1  85  -1  -1  -1  -1  -1 248  -1 127  -1 123  26  -1 
 13 265  32 101 114  -1  -1 188  -1 194  -1  -1  -1  -1  -1  -1  -1  64  -1  -1  -1  -1  91  -1  -1  -1 
 14  -1 179 233 254  -1  -1  29  -1  -1  -1  -1  -1  -1  -1  -1  -1  -1  -1  35 301  -1  -1  -1  -1  -1 
 15 216  -1  -1 203  -1  -1 256  -1  -1 173  -1  40  33  -1 306  22  -1  28  86  -1  -1  -1  -1 232  -1 
 16  -1 199 117  -1  -1  -1  -1  -1 116  -1  -1  -1 204  -1  -1  -1 168  -1  -1  43  -1  -1 242  -1  -1 
 17  -1  -1 219  -1  -1  -1  56 290  -1  -1  -1  -1 147 298  -1  -1 264 261  -1  38  -1 221  -1 174  -1 
 18  -1 113  -1  -1  -1  -1  -1  73  -1  -1  -1  71  -1  -1  -1  -1  -1  -1  -1  -1  87  -1  60  60  -1 
 19  -1  -1  13  -1  -1  -1 211  -1 210  -1  -1 252  -1  27  -1  -1  -1  -1 154  -1  -1  -1  -1 190  -1 
 20  -1  -1  59  -1  -1  -1 304 189  -1  -1  -1 110  -1  -1  -1  -1  34  -1  -1  -1  -1  -1  -1  -1  -1 
 21  -1 284 280 280  -1  -1  -1 121  -1  -1  -1  -1 104 104  -1  -1  -1 297  -1  -1  -1  -1 100 278   3 
 22  45  14  -1  -1  -1  42  -1  -1  -1  -1  -1  -1 192 192  -1  -1  -1  -1 131  -1  -1  -1  -1 209  -1 
 23  -1  -1  -1  -1  -1  88  -1  84  -1  -1  -1 243  -1  -1  -1  -1  -1  -1  -1  -1  -1 196  -1  -1  -1 
 24  -1  -1  25  -1 287  -1  -1  -1  -1  -1  -1  -1  -1  -1  -1  -1 122  -1 293  -1  -1  -1  -1  -1  -1 
 25  -1  57 267  -1  -1  -1 276  -1  -1  -1  -1  77 289 240  -1  -1  -1  15  -1  -1  -1 164  -1  -1  -1 
 26  -1  -1  80  -1  -1  -1  -1  -1  81  -1  -1  -1  -1  -1  -1 125 291  -1  76  -1  -1  -1  44  -1  -1 
 27  -1  -1  -1 108  -1  -1  -1  -1  -1  -1 171 202  -1   0  -1  -1  -1  -1  -1 213 286 299  78  -1  -1 
 28 257 245  -1 165  -1  -1  -1  -1  -1  -1 177  -1 115  -1 262  -1 133  -1  -1  -1  -1  -1 277   1  -1 
 29  -1  -1  -1 235  -1 148 148  -1  -1  -1  -1  -1  -1  -1  -1  -1  -1  -1  -1  -1 126  -1  -1  -1  -1 
 30   2   2  -1  24  -1  -1  -1  17  17  -1  19  19  19  -1  -1  -1   4   4  -1  -1  -1  30  -1  -1  -1 
 31  -1  -1  -1  -1  -1  -1  -1  31  31  31  -1  -1  -1  -1  -1  -1  -1  -1  -1  -1  -1  -1  -1  -1  -1 
 32  -1  46  46  -1  -1  -1  48  48  68  -1  -1  -1  63  63  63  -1  -1  -1  -1  -1  61  61  -1  74  -1 
 33  -1  -1  -1  -1  -1  -1  -1  -1  -1  -1  -1  -1  -1  -1  -1  75  75  75  -1  -1  -1  -1  -1  -1  -1 
 34  -1  90  90  -1  -1  -1 107 107 107  -1  -1 112  92  92  -1  -1  -1 105 105  -1  -1 118  -1  -1  -1 
 35  -1  -1  -1  -1  -1  -1  -1  -1  -1  -1  -1  -1  -1  -1  -1  -1 119 119 119  -1  -1  -1  -1  -1  -1 
 36  -1 136 136 162  -1  -1 134 134  -1  -1 149 149  -1  -1  -1  -1  -1  -1 156  -1  -1 151 151 151  -1 
 37  -1  -1  -1  -1  -1  -1  -1  -1  -1  -1  -1 163 163 163  -1  -1  -1  -1  -1  -1  -1  -1  -1  -1  -1 
 38  -1 206 193 193  -1 180 180 200  -1  -1  -1  -1 178 178  -1  -1  -1 195 195 195  -1  -1  -1  -1  -1 
 39  -1  -1  -1  -1  -1  -1  -1  -1  -1  -1  -1  -1  -1  -1  -1  -1  -1  -1  -1  -1 207 207 207  -1  -1 
 40 224 224 222 222  -1  -1  -1 237 237  -1  -1  -1  -1 244  -1  -1 239 239 239  -1  -1  -1 250  -1  -1 
 41  -1  -1  -1  -1  -1  -1  -1 251 251 251  -1  -1  -1  -1  -1  -1  -1  -1  -1  -1  -1  -1  -1  -1  -1 
 42  -1 288  -1  -1  -1  -1 266 266 294  -1  -1  -1 281 281  -1  -1 283 283 283  -1  -1  -1  -1 268 268 
 43  -1  -1  -1  -1  -1  -1  -1  -1  -1  -1 295 295 295  -1  -1  -1  -1  -1  -1  -1  -1  -1  -1  -1  -1 
 44 138  -1  -1  -1  -1  -1  -1  -1 285  -1  -1  -1 269  -1  -1  -1  -1  50  -1  -1 311  -1 187  -1 225 
 45  -1  -1  -1 184  -1   7  -1 183  -1  -1  -1  -1  -1 139  -1  -1  -1  -1  -1  -1  -1  -1  -1  -1  -1 
 46  -1  -1  -1  11  -1  49  -1  -1  -1  -1  -1  -1  -1  -1  -1  -1  -1  -1 308 309  -1  -1  -1  97  55 
 47  -1  -1  -1  -1  -1 271  10  -1  -1  -1  -1 313 227  -1  -1  -1 181  -1  -1  -1  -1   9  94  -1 185 
 48  -1  -1   5 272  -1  -1  -1  -1  -1  -1  -1  -1  -1  -1  -1  -1  -1  -1  -1  -1  -1  -1  -1 229  -1 
 49  -1  -1  -1  -1 310  -1  -1  -1  -1  -1  -1  -1  -1  -1  -1  -1  -1  98  -1  -1  -1  53 141  -1  99 
 50  -1  -1  -1  -1 197  -1  -1  -1  -1  -1  -1  -1  -1 270  -1  -1  -1  -1  -1  -1  -1  -1  -1 182  -1 
 51  -1  -1  -1  65  21  -1  96  -1 315 109  54  -1   8  -1  -1 316  -1 153  -1  -1 241 274   6 142  -1 
 52  -1 275  -1  -1  -1 143  -1  -1  -1  -1 140  -1  -1  -1  -1  -1  -1  -1  -1  -1  -1  -1 273  -1  -1 
 53  93  -1 186 137  -1 228 226  -1  -1 314  95  -1  52 231 312  -1 230  -1  -1  -1  -1  -1  -1  51  -1 

r\t   0   1   2   3   4   5   6   7   8   9  10  11  12  13  14  15  16  17  18  19  20  21  22  23  24 
  0 282  -1  -1 276  -1  -1  -1  -1  -1 174 199 103  -1 302  -1  -1  -1 280 280  -1  -1  -1  84  72  -1 
  1  -1  -1  -1  -1  -1  -1 205  -1  -1  -1  -1  76  -1  -1  -1  -1  -1  -1  -1  -1  -1 287  -1  -1  -1 
  2  -1 240  -1 116  -1  -1  -1  -1  -1  -1  -1  -1  -1 277 132 265  -1  -1  -1  -1  -1  -1  -1  56  -1 
  3 192 192 123  -1  -1  -1  -1  -1 155 128 303  -1  -1 245 169  -1  -1  -1  34  -1  -1  -1 296  -1  -1 
  4  -1  -1 301  -1  -1  -1  -1  -1  -1  -1  -1 289  60  60  -1  -1 158  -1  -1  -1  -1  -1  -1  -1  -1 
  5  -1  -1  -1 255  -1  -1  -1  -1  -1  -1  -1  -1  -1  -1 179  -1  -1  -1 204  -1  -1 299 248  -1  -1 
  6  -1  -1  -1  -1  -1  -1  -1  -1  15  -1  -1 194 219 210  -1  -1 212  69  79  -1 106  32  -1  -1  -1 
  7  -1  -1  -1 191  47  -1  -1  -1  -1  -1  -1 253 263  -1  -1  -1  -1 201  -1  -1  -1  -1  -1  -1  -1 
  8 218 144  -1  -1  -1  -1 165  -1  -1  -1  -1 286  -1 101  -1  -1  73 190  -1  -1  -1 304  -1  -1  -1 
  9  -1  57  -1 167  -1  -1  -1  -1  -1  -1 214  -1  -1  -1  -1  -1  -1  26  -1  -1  -1  -1  39  25  -1 
 10  -1  33  -1  -1  -1  -1  -1  -1 164  -1  -1 122 278  -1  -1  -1  -1  -1 159  -1  -1 120  -1  -1  -1 
 11  -1  -1 157  -1  67  -1 110  22  -1  -1  -1  -1  -1  44  -1  -1  -1  -1  -1  89  -1  -1  -1  -1  -1 
 12  -1  -1  -1 145  -1  -1  -1  -1  -1  -1  -1 126  70  -1  -1  -1 290  -1  -1  -1  -1 161  71  -1  -1 
 13  -1  36  -1  -1 216  -1 131 256 135  -1  -1 160 236 236  -1  -1 146  -1 196 221  -1  -1  -1  -1  -1 
 14  -1  -1  86  -1  -1  -1  -1  -1  -1  -1  -1  -1  -1  -1  82  -1  -1 133  -1  -1  -1  -1  -1 203  -1 
 15  -1  -1  -1 102  -1  -1  -1  -1  -1  -1 125  -1  -1 211  -1 176  -1  -1  -1 177  -1  -1  -1 258  -1 
 16  -1  12  -1  -1  -1  81  59  -1  -1  -1  -1  -1  -1  -1  -1  -1  -1  -1  -1  -1 130  85  -1  -1  -1 
 17  -1 209 297  -1  41  -1  -1  -1 279  -1  -1  20  -1  -1  -1  -1  -1   3  -1  -1  -1  -1 202  -1 129 
 18  -1 100  -1  45  -1  -1 171  -1  -1  -1  -1  -1  -1  -1 260  -1 188 152  64  -1  -1  -1  -1  -1  -1 
 19  -1  -1 215  -1  -1  -1 249 117  -1  -1  -1  -1  -1  80  -1  -1  -1  -1  -1  -1  -1  -1 113 233  -1 
 20  -1  78  -1  40  -1  -1  23  -1  -1  -1  -1  -1 108  -1  -1  -1 114 234 246  -1  -1  -1  77  -1  -1 
 21  -1  -1 198  -1  -1  -1  -1  -1  -1  -1  -1  66  -1  -1  -1  -1  -1 247  13  -1  87  -1  -1 292  37 
 22  -1 264  -1  -1  -1  -1 147  -1 213 257  -1  -1 305  -1  -1  -1  -1  -1  -1  -1  -1 173  -1  -1 170 
 23  -1 217 175   0  -1  -1  35  -1  -1  -1  -1 172  42 298  -1  -1 284  -1  -1  -1  -1  -1  -1  -1  -1 
 24  -1  -1  28 293  -1  -1  -1 104 104  -1  -1 242  -1  -1  -1  -1  -1  -1 124  -1  -1  -1  58  -1  -1 
 25  -1  -1 111  -1  -1  -1  -1  29 252 127  -1 208  -1  -1  -1  -1  -1 115 223  -1 148 148  -1  -1  -1 
 26  -1  -1 154  -1  -1  -1  38 259  -1  -1  -1  -1  -1  -1  -1  -1  -1  -1  -1 307  -1  -1  -1 254  -1 
 27  91 121  -1  -1  -1  -1  -1 262  -1  -1  -1  -1  -1 189  -1  -1  -1 300  -1  -1  -1  62  16  16  -1 
 28 267 291  -1  27  -1  -1  -1  -1 232 306  -1  -1 168  -1   1  -1  -1  -1 243  83  -1  -1 261  88  -1 
 29  -1 166  -1  -1  -1  -1  -1 150  -1  -1 238  -1  -1  -1  -1 220  14  -1  -1  -1  43  18 235  -1  -1 
 30  -1  -1  19  19  19  -1  -1  -1   4   4  -1  -1  17  17  -1  -1  30  -1   2   2  -1  -1  24  -1  -1 
 31  -1  -1  -1  -1  -1  -1  -1  -1  -1  -1  -1  31  31  31  -1  -1  -1  -1  -1  -1  -1  -1  -1  -1  -1 
 32  46  46  74  -1  -1  -1  -1  61  61  -1  -1  -1  -1  -1  -1  63  63  63  -1  -1  -1  68  48  48  -1 
 33  -1  -1  -1  -1  -1  -1  75  75  75  -1  -1  -1  -1  -1  -1  -1  -1  -1  -1  -1  -1  -1  -1  -1  -1 
 34  -1  -1  -1  90  90  -1 112  -1 118  -1  -1  -1  -1  -1  -1  92  92 105 105  -1  -1 107 107 107  -1 
 35  -1  -1  -1  -1  -1  -1  -1  -1  -1  -1 119 119 119  -1  -1  -1  -1  -1  -1  -1  -1  -1  -1  -1  -1 
 36 136 136  -1 134 134  -1  -1 162  -1  -1 151 151 151 156  -1  -1  -1  -1  -1  -1  -1  -1  -1 149 149 
 37  -1  -1  -1  -1  -1  -1  -1  -1  -1  -1  -1  -1  -1  -1  -1  -1  -1  -1  -1  -1  -1  -1 163 163 163 
 38 180 180 206 200  -1  -1  -1 193 193  -1  -1  -1  -1  -1  -1  -1  -1 178 178  -1  -1 195 195 195  -1 
 39  -1  -1  -1  -1  -1  -1  -1 207 207 207  -1  -1  -1  -1  -1  -1  -1  -1  -1  -1  -1  -1  -1  -1  -1 
 40  -1  -1 237 237  -1 239 239 239  -1  -1  -1  -1 250 222 222  -1  -1  -1  -1  -1  -1 244 224 224  -1 
 41 251 251 251  -1  -1  -1  -1  -1  -1  -1  -1  -1  -1  -1  -1  -1  -1  -1  -1  -1  -1  -1  -1  -1  -1 
 42  -1  -1  -1 266 266 281 281  -1 294  -1  -1 288 268 268  -1  -1  -1  -1  -1  -1  -1  -1 283 283 283 
 43  -1  -1  -1  -1  -1 295 295 295  -1  -1  -1  -1  -1  -1  -1  -1  -1  -1  -1  -1  -1  -1  -1  -1  -1 
 44   9  -1  -1  -1  -1  -1  -1  -1  -1 275 312  -1  -1  -1  -1  -1  -1 229  -1  -1  -1  -1  -1  -1  -1 
 45  -1  -1  -1 183  -1  -1 197 314  50  -1  -1  -1  51  -1  55  -1 186  -1  -1 138  -1 311  -1  -1 310 
 46  -1  99 285  -1 230  -1  -1  -1  -1  -1  -1  -1 187 181  -1 143 225  -1  -1  49  -1  -1 141  -1  -1 
 47  -1  -1  65 226  -1  -1  -1  -1 270 140  -1  -1  -1  95  97  -1  -1  -1  -1  -1  -1  -1  -1   7  -1 
 48  -1   6  -1  -1  -1  -1  -1  -1  96  54  -1  -1 227  -1  -1  -1  -1  21  -1  -1  -1  -1   5  -1  -1 
 49  -1  -1 315  -1  -1  -1 313  -1  -1  -1  -1  -1  -1 142  -1  -1  -1  -1  98  -1  -1  -1  -1  -1 109 
 50  -1  -1  -1  -1  -1 316  -1  -1  -1  93  -1  -1  -1  -1 274  -1 272  -1 153  -1  -1  -1  -1  -1  -1 
 51  -1  -1  -1  -1  -1  -1  -1  -1  -1  -1  -1  -1  -1  -1  -1  -1  11  -1 269  -1 309 241  -1 137  -1 
 52  -1  -1  -1  -1  -1  -1  -1  -1 231 228  -1 308  -1  -1  -1   8  52 273  53 271  -1  -1  -1  -1  -1 
 53  -1  -1  -1  -1 185  -1  -1  -1 184  -1  -1  -1  -1  10  -1  -1 139  94  -1  -1  -1  -1 182  -1  -1 

r\t   0   1   2   3   4   5   6   7   8   9  10  11  12  13  14  15  16  17  18  19  20  21  22  23  24 
  0  -1  -1 126 168  -1  -1  -1  -1 166 198  -1  -1  -1  -1  -1  -1 210  34  88  -1 177  26  -1  -1  -1 
  1  -1  64  -1  -1  -1  -1  -1  -1 188  -1  -1  -1 121  85  -1  -1  -1  -1  -1  -1 128 234  -1 240  -1 
  2  -1  -1  -1 122  -1  40  -1  -1 102 263  -1  -1  -1  -1  -1  -1 173  -1  -1  -1  -1  -1  42  -1  -1 
  3  -1  -1  -1  -1  -1  -1  -1 280 280  -1 132  -1  -1  -1 262  -1  -1  -1  70  -1  -1  -1  -1  71   1 
  4 265 150 276  73  -1  -1  -1  -1  -1  -1  -1  -1  -1 279  67  -1  -1  69 267  -1  -1  -1  -1  44  -1 
  5  -1  -1  -1  86  -1  -1 249  14 299  -1  -1  37  -1  -1  -1  -1  -1  -1  -1  -1  -1  -1  -1  -1  -1 
  6  -1  -1 155  -1  -1 220  -1  -1  25  -1  -1  -1  -1  -1  -1  -1  -1 211 252  -1  -1  -1 247  -1  -1 
  7  -1  -1  -1  -1  -1  -1  -1 146 145  -1  -1  -1  41  -1  -1  -1  -1  -1  -1  -1  -1 174 194 189 127 
  8  -1 131  -1  -1  -1  -1  -1 215 169 214  -1 212 253  -1  -1  -1  -1  -1  -1  -1  -1 201 110 124  -1 
  9 130 243  -1  -1  -1  -1 292  -1  -1  82  -1  -1 208  28  -1  -1  -1 255  -1  -1  -1 179  -1  -1  -1 
 10  -1 256  -1  -1  -1  -1  -1 260 203  -1  -1 298 148 148  -1  -1  -1  -1 120  -1  -1  62  -1  -1  -1 
 11  -1  20  -1  -1  66  -1  -1 236 236  -1  -1  -1  -1  -1 303  -1  -1  16  16  -1  -1 100  -1  -1  -1 
 12  -1  -1  -1  -1  -1  -1 103  -1  -1 238  -1  -1  -1  -1  -1  -1  -1 104 104 216  -1  47  77  -1  -1 
 13  -1  -1 290  -1  -1 261 277  60  60  -1  -1  -1  -1  -1  -1  -1  -1  -1  -1  -1  -1  -1  -1 246  -1 
 14  -1  -1 157  -1  -1  -1  -1  39  -1  -1  -1  -1 284   3  -1  -1  32  43 282  -1 129  -1  36 264 176 
 15  -1  -1  -1  -1  -1  22  -1  83  -1  -1 170 245  -1  -1  -1  -1  57  -1  -1  -1  -1 152 171  -1  -1 
 16  -1  -1  -1  -1  -1  -1  -1  79  15  -1  -1  -1  -1  -1 218  -1  -1 113 297 213  45  -1  -1  -1  -1 
 17  -1 191  -1  29  -1  -1  -1 111  -1  -1  -1 123  -1 232  -1  -1  12 278  -1  -1  -1  78 202 221  -1 
 18  -1  -1  -1  -1  -1  -1   0  -1  -1  -1  -1  -1  35 204  -1  -1 223 306  -1  -1  -1  -1  -1 293  -1 
 19  -1  -1  -1  -1  -1  -1  -1 167  -1  -1  -1  -1  -1  -1 305  -1  -1 235  58  38  -1 117 242 101  -1 
 20  -1 108  -1  -1  -1  -1 115  91 114  -1  -1  80  -1  23  -1  -1  -1 159  -1  -1  -1 199  -1  -1 135 
 21  -1  -1  -1 154  -1 301  -1  -1  -1  -1  -1  27  -1  -1  -1  -1  -1 175  -1  -1  -1  -1  -1  -1  -1 
 22 133  -1  -1  -1  -1  -1  -1 296 259  -1  -1  -1  -1  -1  -1  -1  -1 192 192  -1  -1  -1 125 304  -1 
 23  -1  -1  -1  87  -1  -1  -1  -1  -1  -1  -1 160  18  -1  -1 257  -1  -1  -1  -1  -1  -1  -1  -1  -1 
 24  -1  -1  -1  -1  -1 258 144  -1  -1  -1  -1 287  -1  -1  -1  -1 190  -1 233  -1  -1  -1 147  -1  -1 
 25  -1  -1  -1  -1  -1  -1  13 172  -1  -1  -1  -1 165  -1  -1  -1  -1  56 205  -1  -1  -1  -1  -1  -1 
 26  -1  -1  -1  -1  -1  -1 219  -1  72  84  -1  -1  -1  -1  -1  -1  89 217 158  -1  -1  -1 300  -1  -1 
 27  -1  -1  -1  -1  -1  -1 161 209  -1  -1  -1  -1  76 289  -1  -1 164  -1  -1  -1  -1  -1  -1  -1  -1 
 28  -1  -1  -1 286  -1  -1  59 254 307  -1  -1  -1  -1 116  -1  -1 291  -1  -1  -1  -1  -1  -1  33  -1 
 29  81  -1  -1  -1  -1  -1 196  -1  -1  -1  -1 106  -1  -1  -1  -1  -1 302  -1  -1  -1 248  -1  -1  -1 
 30  -1  -1  17  17  -1  -1  30  -1   2   2  -1  -1  -1  -1  -1  -1   4   4  24  -1  -1  19  19  19  -1 
 31  31  31  31  -1  -1  -1  -1  -1  -1  -1  -1  -1  -1  -1  -1  -1  -1  -1  -1  -1  -1  -1  -1  -1  -1 
 32  -1  -1  -1  -1  -1  -1  68  -1  48  48  -1  63  63  63  -1  -1  74  46  46  -1  -1  -1  61  61  -1 
 33  75  75  75  -1  -1  -1  -1  -1  -1  -1  -1  -1  -1  -1  -1  -1  -1  -1  -1  -1  -1  -1  -1  -1  -1 
 34  -1  -1 105 105  -1  -1  -1 118  90  90  -1  -1 107 107 107  -1  -1  -1  -1  -1  -1  -1 112  92  92 
 35  -1 119 119 119  -1  -1  -1  -1  -1  -1  -1  -1  -1  -1  -1  -1  -1  -1  -1  -1  -1  -1  -1  -1  -1 
 36  -1 156  -1  -1  -1  -1 134 134 136 136 149 149  -1 162  -1  -1 151 151 151  -1  -1  -1  -1  -1  -1 
 37  -1  -1  -1  -1  -1  -1  -1  -1  -1  -1  -1  -1  -1  -1  -1  -1  -1  -1  -1  -1  -1 163 163 163  -1 
 38  -1  -1 193 193  -1  -1 200 178 178  -1  -1 195 195 195  -1  -1  -1 180 180  -1  -1  -1  -1 206  -1 
 39  -1 207 207 207  -1  -1  -1  -1  -1  -1  -1  -1  -1  -1  -1  -1  -1  -1  -1  -1  -1  -1  -1  -1  -1 
 40  -1  -1 237 237  -1  -1  -1  -1 244  -1 239 239 239 250  -1  -1  -1  -1 222 222 224 224  -1  -1  -1 
 41  -1  -1 251 251 251  -1  -1  -1  -1  -1  -1  -1  -1  -1  -1  -1  -1  -1  -1  -1  -1  -1  -1  -1  -1 
 42  -1  -1  -1 288  -1 268 268  -1 266 266  -1  -1  -1  -1  -1 281 281 294  -1  -1 283 283 283  -1  -1 
 43  -1  -1  -1  -1  -1  -1  -1  -1  -1  -1  -1  -1 295 295 295  -1  -1  -1  -1  -1  -1  -1  -1  -1  -1 
 44  -1  -1  -1  -1  -1 140  -1  49 230  -1 187  -1  -1  -1  -1  -1  -1  -1  -1  -1  -1  94  -1  -1  -1 
 45  -1 312  -1 310 316  -1  -1  11  -1  -1  -1  -1  -1  -1  -1 315  -1  -1   5  -1   8 139  -1  -1  55 
 46  -1  -1  -1  -1  -1 181  -1  -1  -1  -1 275  -1  -1  -1  -1  -1 241  -1  -1  99  -1  -1  -1  -1 153 
 47   7  -1  -1  -1  -1  -1 182  -1  -1  -1  -1  -1  -1 270  -1  -1  -1 137  -1 271  -1  -1  -1  10  -1 
 48 184 285  -1  -1  -1  -1  -1  -1  -1  -1   6  -1  -1 142  -1  -1  51  -1 141  54 143  -1  -1  -1 273 
 49 228  -1  -1  -1  -1  -1  -1  -1  -1  -1  -1 311  -1 226  -1  -1 183  -1  -1   9  -1  -1 313  -1  -1 
 50  93  -1 314  -1  -1  -1 231  -1  -1  -1  -1  -1  -1  -1  -1  -1 272 225  -1  -1  -1  -1  -1  -1  -1 
 51  -1  -1  -1  -1  -1  50  -1 227  -1  -1  52  -1  -1  -1  -1  -1  -1  96  -1 185  97  -1  -1  -1  -1 
 52  -1  -1  -1  65 197  -1  95 274  -1  -1  -1  21  -1  -1 309 109  -1 269  -1  -1  -1  -1  -1  -1 229 
 53  -1  -1  -1  -1  -1  -1  53  -1  -1  -1  98  -1 308  -1  -1  -1  -1  -1  -1 138  -1  -1  -1 186  -1 

r\t   0   1   2   3   4   5   6   7   8   9  10  11  12  13  14  15  16  17  18  19  20  21  22  23  24 
  0  -1  -1  -1  -1  -1 172 121 254  -1  -1  -1  -1 248  -1  -1 220  -1  -1  -1  -1  -1  -1  -1  -1  -1 
  1  -1  -1  -1 194  -1  -1 218  -1  -1  -1  -1  -1 284 289  -1  -1  -1  -1  -1  -1  -1 175  -1  -1  -1 
  2  -1 232 124 219  -1  -1 243  -1  -1  -1  -1  -1  -1  -1  -1  -1 157  76  -1  -1  -1  -1  -1  -1  -1 
  3  -1  -1  -1  -1  -1  -1  -1  -1  -1  -1  -1  -1  -1  -1  -1  -1  -1 258  -1 286  16  16  -1  -1  -1 
  4  -1   3 160 211  -1  -1  79  -1 189  -1  -1  87  -1 132  -1  -1  -1 290 135  -1  -1  -1  23  -1  -1 
  5  -1  -1 101  -1  -1  -1 292 204  -1  39  -1  -1  -1  72  -1 148 148  -1  -1  -1  -1  34  -1  -1  -1 
  6  -1  -1  -1  78 198  -1  -1 144  -1  -1  -1  -1  -1  -1  -1  -1 259 167 267  -1  89 147  -1  -1  -1 
  7  -1  -1 152 253  -1  -1 168  73  47  38  -1  -1  -1 246  -1  -1   0  -1  -1  -1  -1  64  35  -1  -1 
  8  -1  -1 293  -1  -1  -1  -1 262  -1  -1  -1  22  15  -1  -1  -1  -1  -1  -1 238  -1  -1  -1  -1  -1 
  9  -1 263  -1  -1  -1  40 108  -1  69  37 303 103  -1  60  60  -1  -1 190 155  -1  -1 170  -1  -1  -1 
 10 150  58  -1  -1  -1  -1  -1 104 104  -1  -1  71 125  -1  -1  -1 127  -1  -1  -1 173  -1  -1  -1  -1 
 11  -1  -1  -1  -1  66  -1  59 116  32  -1  -1  -1  -1  -1  -1 236 236  -1 209  -1  -1 191  -1  -1  -1 
 12 126  -1  -1  -1  -1 306 223  -1  -1  -1  -1  -1  -1 233  -1 261  -1  -1 252  -1  -1 278  -1 282  -1 
 13  -1  -1  -1  -1  -1 305  -1  25 123  -1  -1 298  -1  -1  -1 280 280  -1  -1  -1  -1 114  -1  -1  -1 
 14  -1  -1  41  -1  -1  -1 249  -1 256  -1 177  -1  -1 202  -1  -1  -1  -1 287  -1  -1 240  82 115  -1 
 15  -1  -1  -1  -1  -1  -1  -1  -1  -1  -1  -1  -1  -1  36   1  81  -1  -1  -1  -1 221 100  -1  -1  -1 
 16 128  -1 213  -1  -1  -1 208  -1  62  -1  -1  67  -1  -1  -1  -1  -1  88  -1  -1  -1  -1  -1  -1  -1 
 17  -1 117  -1 297  -1  -1  -1  -1  42  -1  -1  -1  -1  -1  -1  -1  -1  -1 192 192  -1  -1  -1  -1  -1 
 18  -1  -1  -1  -1  -1  84  43  -1  -1  -1  -1  -1  -1  12  -1  -1  57 255  -1 215  -1  -1  -1 110  -1 
 19  -1 291  -1 217  -1  -1 171  44 131  -1  -1  -1 203  -1  -1  -1  -1 201  -1  -1  -1  -1  -1  -1  -1 
 20  -1  -1  -1  -1  -1  -1  -1  -1 277  -1  -1 169  -1  -1  -1  -1  -1  -1  91  -1  -1  -1  -1  -1  -1 
 21  -1 264 188  -1  -1  -1  -1  -1  -1  -1  -1  -1  27  -1  -1  -1  -1 154  -1  85  -1  -1  -1  28  -1 
 22 129  -1  -1 165  -1  -1  -1  56 145  -1  -1 247  -1  83  -1  -1  80  -1 120  -1  -1  -1  -1  -1  -1 
 23  -1  -1 245  -1  -1  -1  20  14  -1 304  -1 276 158  33  -1 130  -1 113 216  -1  -1  -1 111  -1 174 
 24  -1 133  -1  -1  -1  -1  -1 234  -1  -1  -1  -1  -1  -1 176  -1 212  -1 260  -1  -1  -1  -1  18  -1 
 25  -1  -1  -1  -1 301 242 307 199 166 257  -1 159  -1 279  -1  -1  -1  -1  -1  -1  -1  -1  -1 300  -1 
 26  -1 102  45  -1  -1  -1  -1  -1  13  -1  -1 122  -1  -1  -1  -1  -1  -1  -1  -1  -1 205 196  -1  -1 
 27  -1  -1  -1  -1  -1  -1  -1 161  -1  -1  -1  -1  -1  -1  -1  -1  -1  -1  -1  -1  -1  70  -1  -1  -1 
 28  -1  -1  -1  -1  -1  -1 146 299 296  -1  -1  -1  -1 164  -1  -1  -1  26 106  -1 265  -1  -1  -1  -1 
 29  -1  29 210  -1  -1  -1  -1 179 302  -1  -1  77 235  -1  -1  -1  86 214  -1  -1  -1  -1  -1  -1  -1 
 30  -1  -1  17  17  -1  -1  24   4   4  -1  -1  -1  -1  -1  -1  -1  30  19  19  19   2   2  -1  -1  -1 
 31  -1  -1  31  31  31  -1  -1  -1  -1  -1  -1  -1  -1  -1  -1  -1  -1  -1  -1  -1  -1  -1  -1  -1  -1 
 32  -1  74  -1  -1  -1  -1  -1  -1  -1  -1  -1  -1  68  48  48  -1  -1  63  63  63  46  46  61  61  -1 
 33  -1  -1  -1  -1  -1  -1  -1  -1  -1  -1  -1  -1  -1  -1  -1  -1  -1  -1  -1  -1  -1  -1  75  75  75 
 34  -1  92  92 112  -1  -1  90  90  -1  -1  -1  -1 105 105  -1 107 107 107  -1  -1  -1  -1 118  -1  -1 
 35  -1  -1  -1  -1  -1  -1  -1  -1  -1  -1  -1 119 119 119  -1  -1  -1  -1  -1  -1  -1  -1  -1  -1  -1 
 36  -1  -1  -1 162  -1  -1  -1 136 136  -1 151 151 151  -1  -1 134 134  -1 156  -1  -1  -1 149 149  -1 
 37  -1  -1  -1  -1  -1  -1  -1  -1  -1  -1  -1  -1  -1  -1  -1  -1  -1  -1  -1  -1  -1 163 163 163  -1 
 38  -1 200  -1  -1  -1  -1  -1  -1 206  -1  -1 195 195 195  -1 178 178 180 180  -1  -1  -1  -1 193 193 
 39  -1  -1  -1  -1  -1  -1  -1  -1  -1  -1  -1  -1  -1  -1  -1  -1  -1  -1  -1  -1  -1  -1 207 207 207 
 40  -1 250 239 239 239  -1  -1 224 224  -1  -1  -1  -1 222 222  -1 244  -1  -1  -1  -1  -1 237 237  -1 
 41  -1  -1  -1  -1  -1  -1  -1  -1  -1  -1  -1  -1  -1  -1  -1  -1  -1  -1  -1  -1  -1 251 251 251  -1 
 42  -1 283 283 283  -1 281 281 268 268  -1  -1  -1  -1  -1  -1  -1 266 266 294  -1  -1  -1 288  -1  -1 
 43  -1  -1  -1  -1  -1  -1  -1  -1  -1  -1  -1  -1 295 295 295  -1  -1  -1  -1  -1  -1  -1  -1  -1  -1 
 44  -1  -1  -1 153  -1  -1  49  -1  -1 312 225  -1  51  -1 138  -1  53  -1  52  -1 185  -1  -1  -1  -1 
 45  -1  -1  -1  -1  -1  -1  -1  -1  -1  -1  -1  -1  -1  -1  -1  -1  -1  -1  -1  -1  -1  -1  -1  -1  -1 
 46  -1  55 272 308  -1  -1 274  -1  -1  -1  -1  -1 184  -1  -1  10  -1 228  -1  -1  -1  -1  -1 313  -1 
 47  -1  21  -1  -1  -1  -1  -1  -1 187  -1  -1 315  -1  -1  -1  -1  -1  -1  -1  -1 140 139 309  -1  -1 
 48  -1 182   5  -1  -1  -1 142  -1  -1  -1  97  -1   6  96  -1  50  -1  -1  -1  -1  -1  94  -1  -1  11 
 49  -1  -1 183  -1  -1 197  -1  -1  -1  -1  54  -1 227 270  -1  -1  -1  -1  -1  -1  -1 273  -1  -1 275 
 50  -1 226  -1 109  -1  -1  -1  -1  98  -1  -1  -1 141  -1  -1  -1  -1  -1  -1  -1  -1 181 285  -1  -1 
 51  -1  -1 137  65  -1 316  -1  -1  -1  -1 269  -1  -1  -1  93  -1  -1  -1  -1  -1  -1  -1  -1  -1 143 
 52 311  -1  -1  -1 310  -1   8  -1  -1  -1   9 241  -1   7  -1 271  95  -1 231  -1  -1  -1  -1  -1  99 
 53  -1  -1  -1  -1  -1  -1 186  -1  -1  -1  -1  -1  -1  -1  -1  -1 230  -1  -1 314  -1  -1  -1  -1 229 

r\t   0   1   2   3   4   5   6   7   8   9  10  11  12  13  14  15  16  17  18  19  20  21  22  23  24 
  0 307  -1 210 286  -1  -1  20  -1  -1  -1  -1  64  88  -1  -1  -1  -1  -1  -1 131  -1  -1  18  -1  -1 
  1  -1  -1  -1 211  -1  -1 278 245  -1  -1  -1  83  -1  -1 214  45  -1  -1  -1  -1  -1 190  -1  -1  -1 
  2  -1  58 114 154  -1  -1  -1  -1  -1  -1  -1  -1  -1  -1  -1  -1  87  -1  -1  -1  -1  38  85  -1  -1 
  3  -1 155  -1  -1  -1  -1 203  -1  -1  -1  -1  -1  -1  -1  -1  -1  25  70  -1  -1  -1 279  -1  -1  -1 
  4  -1 108  79 104 104  -1  77 157  -1  -1  -1  -1 175  -1  -1  -1  67  -1  -1  -1  -1 161  -1  -1  -1 
  5 125  -1 304 160  -1 169  -1  -1  -1  -1  -1  26  12  -1  -1  -1  -1  -1  -1  -1  -1  43  -1  -1  -1 
  6  -1 260  -1  -1  -1  -1  -1 128  -1  -1  -1  22  -1 144  -1  -1  -1  -1  -1  -1  16  16 124 117  -1 
  7  -1 220  -1  27 174  -1  -1  -1 120  -1  -1  -1  -1 262  -1  -1  42  -1  -1  -1  -1  -1  -1  34  -1 
  8  -1 165  -1  -1 219  -1  -1  -1 146  -1  -1 123  -1  73  -1  -1 208 158  -1  -1  -1  -1  -1 296  -1 
  9  -1  -1  -1  -1  -1 150  -1  -1  -1  -1  -1  -1 246  -1  -1  -1  -1  66  -1  -1  -1  -1  -1  -1  -1 
 10  -1  -1  -1 290  -1  -1  71 297  -1  -1  -1  -1  -1  -1  -1 261 282  -1  -1  -1  -1  -1  -1  -1  -1 
 11  -1 115  -1  -1  39  -1  -1 276  84  -1  -1  -1 147 116  -1 258  -1  13  -1  -1  -1  72  -1  -1  -1 
 12  -1 191 267  -1 301  -1  29  -1  -1  -1  -1  -1 100  -1  -1  -1  -1  -1 289  -1  44  -1  -1  -1 305 
 13  -1  41 302 242  -1  -1 291  -1  -1  37  -1  -1  -1  -1   1   3  -1  -1  -1  -1 148 148  -1  -1 170 
 14  -1  -1 255  -1  -1  -1  -1  -1  78  -1  -1 166 168  -1  -1  -1  -1  -1  -1  -1  -1  -1  -1  76  -1 
 15  -1 205  -1  -1  -1  -1  -1  -1 209  -1 223  -1  -1  -1  -1  -1  -1  47  -1  -1  -1  -1  -1  -1  -1 
 16  -1  -1  -1 252 303  -1  -1  -1  -1  -1  -1  -1  -1 218  -1  -1  -1  -1  -1  -1  -1 256  -1  -1  -1 
 17  -1  36  -1 129  -1  -1  -1  -1  -1 215  -1  -1  -1  -1 221  -1 298  -1 164  -1  -1 201  -1  -1  -1 
 18  -1 135  33  -1  -1  -1 213  -1 179  -1  -1  -1  -1  -1  -1  -1  -1  -1  -1  -1  -1  -1  -1  -1  -1 
 19 280 280 133 194  -1  -1 145  -1  -1  -1  -1 110  -1  -1  -1 132 159 204 249  -1  -1  -1  -1 264  -1 
 20  -1  86  -1  62  -1  -1  59  -1 265  -1  -1 293  -1  -1  -1  -1  -1  -1  -1  -1  -1  -1 212 103  -1 
 21 236 236 152  23  -1  -1  -1  -1 284  -1  -1  -1  -1  -1  -1  -1  -1  -1  -1  -1 173  35  -1 202  -1 
 22  -1  69  -1  -1  82  -1  -1 217  -1 176  -1  -1 234  15  -1  -1 122  -1  80 216  -1  -1  -1 277  -1 
 23  -1  -1 287  -1  -1 198 130 113  -1  -1  -1  -1 196 172  -1  -1 254  -1 243  -1 177 102  -1  -1  -1 
 24  -1  -1  -1  -1  -1  -1  -1  -1  60  60  -1  -1 121  -1  -1  -1 238 248 199  -1  -1  -1  28  -1  -1 
 25  -1  -1  56  -1  -1  -1 253  -1  -1  -1  -1  -1 263 101  -1  -1  -1  -1 257  -1  -1  -1 192 192  -1 
 26  -1  -1 188  -1  -1 106   0  -1  -1  -1  -1  -1  -1 235  -1  -1  -1 233 171  -1  -1  -1  -1  -1  -1 
 27 306  -1  -1  81  -1  -1  -1 189  -1  -1  -1  -1  -1 300  91  -1  -1  -1  -1  -1 259  -1  -1  -1  -1 
 28  -1  -1 126  -1  -1  -1  -1  57 167  -1  -1  -1  -1 127  -1  -1  14  -1  32  -1  -1 299 111  -1  -1 
 29  40  -1  -1  -1  -1  -1  -1  -1 232  -1  -1  -1  -1 247  -1  -1  -1  -1  -1  -1  89 240 292  -1  -1 
 30  19  19  19  -1  -1  -1  -1  17  17  -1  -1  -1  30  -1  -1  -1  -1  24  -1  -1   4   4  -1   2   2 
 31  -1  -1  -1  -1  -1  -1  -1  31  31  31  -1  -1  -1  -1  -1  -1  -1  -1  -1  -1  -1  -1  -1  -1  -1 
 32  -1  46  46  74  -1  -1  48  48  -1  -1  -1  -1  61  61  -1  -1  68  -1  -1  -1  -1  63  63  63  -1 
 33  -1  -1  -1  -1  -1  -1  -1  -1  -1  -1  75  75  75  -1  -1  -1  -1  -1  -1  -1  -1  -1  -1  -1  -1 
 34  -1  90  90 118  -1  -1 107 107 107  -1  -1  -1  -1  -1  -1 105 105  -1  -1  -1  -1 112  -1  92  92 
 35  -1  -1  -1  -1  -1  -1  -1  -1  -1  -1  -1  -1  -1  -1  -1 119 119 119  -1  -1  -1  -1  -1  -1  -1 
 36  -1 162  -1  -1  -1  -1 156 136 136  -1  -1  -1  -1 134 134  -1  -1 151 151 151  -1  -1 149 149  -1 
 37  -1  -1  -1  -1  -1  -1  -1  -1  -1  -1  -1  -1  -1  -1  -1  -1  -1  -1  -1  -1  -1  -1 163 163 163 
 38  -1 180 180  -1  -1  -1  -1 200  -1  -1 193 193  -1  -1  -1 195 195 195 206  -1  -1  -1  -1 178 178 
 39  -1  -1  -1  -1  -1  -1  -1  -1  -1  -1  -1 207 207 207  -1  -1  -1  -1  -1  -1  -1  -1  -1  -1  -1 
 40  -1 244  -1  -1  -1 239 239 239 250  -1  -1  -1 224 224  -1  -1  -1  -1  -1  -1 222 222 237 237  -1 
 41  -1  -1  -1  -1  -1  -1  -1  -1  -1  -1  -1  -1  -1  -1  -1  -1  -1  -1  -1  -1  -1  -1 251 251 251 
 42  -1 294 288  -1  -1  -1 268 268  -1  -1  -1 283 283 283  -1  -1  -1  -1 281 281 266 266  -1  -1  -1 
 43  -1  -1  -1  -1  -1  -1  -1  -1  -1  -1  -1  -1  -1  -1  -1  -1  -1 295 295 295  -1  -1  -1  -1  -1 
 44  -1   5  -1  -1  -1  -1  -1  -1  -1 271  -1  -1  52  53  -1 228  -1  96 109  -1  -1  98  -1  -1  -1 
 45  -1  -1  -1  -1  -1  -1  -1  -1  49  50  -1  -1  11  -1  -1  -1  -1  -1  -1  -1  -1  -1 285  51  -1 
 46  -1  -1  -1  -1  -1  -1  -1 184 231  -1  -1  -1  -1  -1  54 275  -1  -1  -1 314  -1  -1  -1  -1  55 
 47  -1  -1  -1  -1  -1 312  -1  -1   6  -1 183  -1  -1  -1 273  -1 308  -1  21  -1 140  -1  -1  -1  -1 
 48  -1  -1 230  -1  -1  -1 186  95  -1 138 269 153 181  -1  -1  -1  -1 182  -1  -1  -1  -1  -1 225 274 
 49 316  -1   7 309  -1  -1  -1  -1  -1 229  99 313 139  -1  -1  -1  -1  10  -1  -1  -1  -1  -1  -1  -1 
 50  -1  -1  -1  -1 310  -1  -1  -1 197  97 143  -1  -1  -1  -1  -1  -1 142 311  -1  -1  -1  -1  -1  -1 
 51  -1 272  -1  -1  -1  -1 226  -1  -1  -1  -1  -1  -1  93  -1  -1  -1 270  -1  -1  -1  -1 315  -1  -1 
 52  -1  -1  -1  -1  -1  -1 137  -1  -1  -1   9 241  -1   8 185  -1  -1 227  65  -1  -1 141  -1  -1  -1 
 53  -1  -1  -1  -1  -1  -1  94  -1  -1  -1  -1  -1  -1  -1  -1  -1  -1  -1  -1  -1  -1 187  -1  -1  -1 

r\t   0   1   2   3   4   5   6   7   8   9  10  11  12  13  14  15  16  17  18  19  20  21  22  23  24 
  0  -1 103  -1  43  -1  -1  -1  44  -1  -1  -1  -1  -1  -1  -1  -1  -1 104 104  -1 172 246  -1  -1  -1 
  1  -1 128  -1  26  -1  -1  -1  -1  -1  82  -1 198  -1  -1  -1  -1  -1  -1   1  -1  -1 179  -1  -1  -1 
  2  -1  -1 243 267  -1  -1  -1  -1  -1  -1  -1  -1  -1  -1  37  -1 164 124  -1  -1  -1  -1  -1  -1  -1 
  3  -1  -1 102  -1  -1  -1  33  -1  -1  -1  -1 129  -1 264  -1  -1  -1  -1  -1  -1  -1  -1 114  -1  -1 
  4  -1  -1 152  -1  -1  -1  12 166 122  -1  -1  -1  -1  73  -1  -1  14  -1  -1  -1  -1 263 202 212  -1 
  5  -1  -1  -1 287  -1  -1 291  58  -1  -1  -1 256  42  -1  -1  -1  -1  -1  -1  -1  -1 167 248  -1  -1 
  6  67  57  -1  -1  -1 106 168 154 235  -1 238  -1  -1 276  -1  -1  -1  -1  -1  -1  -1  -1  15 279  -1 
  7  -1  -1  -1  -1  -1  -1  -1  -1 146  -1  -1  -1  -1 113  -1  -1  -1 303  -1  -1  -1 199  -1  -1  -1 
  8 150 234 265 147  -1  -1 204  -1  84  -1  -1 242 194 160 131  -1  -1  -1  -1  -1  -1  -1  -1  -1  -1 
  9  -1  -1  -1  38  -1  -1  78 208  -1  -1  -1  -1  -1  -1  -1  -1  -1 148 148  -1  -1 221  -1  -1  -1 
 10  -1  34  72  -1  -1  -1  -1  -1  -1  -1  -1  -1 209 249  -1  -1 240  -1 169  -1  -1  -1  -1  -1  -1 
 11  -1  -1  -1  -1  -1  -1  83 192 192 220  -1 155  -1  -1  -1  -1  -1  23 158  -1  -1  88  -1  76  -1 
 12  -1  -1  -1 216  -1  -1  -1  -1 253  -1 304  -1  -1  32  -1  -1  -1  -1  -1  -1  -1  -1  -1  -1  -1 
 13  -1 191 126 210  -1  -1  66 293  -1  -1  -1  -1  -1  -1  -1  -1  -1 306  -1  -1  -1  -1  -1  -1  -1 
 14 280 280 252  -1  -1  -1 100  -1 277  -1  -1 282  -1 188  -1  -1  91  -1  -1  -1  -1 144  -1  -1  -1 
 15  -1  79 290  -1  -1  -1  -1  -1  -1  -1  -1  -1 165  -1  -1  89  35  -1  -1  -1  -1  -1  -1 157  -1 
 16  -1  -1  -1  -1  -1  -1 278  -1  -1  -1  -1 203 254  -1  -1  -1 110  -1  69  -1  -1  -1  -1  81  -1 
 17  -1  -1  -1 232  -1  -1  -1  -1  -1 176  -1  -1  -1  -1 214  -1  -1  -1  -1  -1  -1  -1  -1  -1  -1 
 18  -1  22  -1 300  -1  -1 233 135  56  -1  -1 111  -1  -1  -1  45  -1  -1  -1  -1  -1  -1 170  -1  -1 
 19  -1  -1 123 260  -1 286 190 302  40  -1  -1  -1  -1 125  -1  -1 299 258  -1  -1  -1  -1  -1  -1  -1 
 20  -1 121  60  60  -1  -1  -1  -1  -1  -1 259 289 127  -1  -1  -1  80  -1  -1  -1  -1  -1  -1 115  -1 
 21  -1 255  -1  -1  -1  -1 217  -1  -1  -1  -1  -1 120 298  -1  -1  -1  62  -1  -1  -1  64  -1  -1  -1 
 22  -1  -1  -1  86  -1 175  -1  27 213  -1  -1  25  -1  -1  -1  -1  -1 296  -1  -1  -1  -1  -1 247  -1 
 23  -1   3  -1  -1  -1  -1 133 305 297  -1  -1  -1  18  -1  -1  -1 132 159  -1 301  -1  -1  -1  85  -1 
 24  -1  -1 211  -1 307  -1  -1  -1 108  -1  -1  -1  -1  59  -1  -1  -1  -1 292  -1 218  -1 262 145  -1 
 25  -1 205  -1 116 171  -1  -1  -1  -1  -1  -1  -1  -1  13  -1  -1  -1  -1  -1  -1  -1  -1  -1  28  -1 
 26  -1  87  -1 261  -1  -1  47  -1  -1  -1  -1  -1  41  -1  -1 177 196  70  -1  -1  -1 201  77  -1  -1 
 27  -1  -1  -1 189  -1  -1  -1  36  -1  -1  -1  -1  -1  -1  -1  -1  -1  -1  -1  -1  -1  -1 130  16  16 
 28  -1  -1 284 101  -1  -1  -1 245 161  -1  -1  -1 236 236  -1  -1  -1 219  20  -1  -1  -1  71 215  -1 
 29  -1  -1 223 257  -1  -1  -1   0  -1  -1  -1  -1 174  39  -1  -1  -1  29 117 173  -1  -1  -1  -1  -1 
 30  -1  -1  30  17  17  -1  -1  19  19  19  -1  -1  24   4   4   2   2  -1  -1  -1  -1  -1  -1  -1  -1 
 31  -1  -1  -1  -1  -1  -1  -1  -1  -1  -1  -1  -1  -1  -1  -1  -1  -1  -1  -1  -1  31  31  31  -1  -1 
 32  -1  68  48  48  -1  -1  -1  -1  74  -1  61  61  -1  46  46  -1  -1  -1  -1  -1  -1  -1  63  63  63 
 33  -1  -1  -1  -1  -1  -1  -1  -1  -1  -1  75  75  75  -1  -1  -1  -1  -1  -1  -1  -1  -1  -1  -1  -1 
 34  -1  -1  -1  90  90  -1  -1  -1  -1  -1  -1  -1 105 105  -1  -1 112  -1  92  92  -1 118 107 107 107 
 35  -1  -1  -1  -1  -1  -1  -1 119 119 119  -1  -1  -1  -1  -1  -1  -1  -1  -1  -1  -1  -1  -1  -1  -1 
 36  -1  -1  -1  -1  -1  -1  -1  -1 136 136  -1 162 151 151 151 149 149  -1 134 134  -1  -1 156  -1  -1 
 37  -1 163 163 163  -1  -1  -1  -1  -1  -1  -1  -1  -1  -1  -1  -1  -1  -1  -1  -1  -1  -1  -1  -1  -1 
 38  -1 180 180 178 178  -1  -1  -1 206  -1  -1  -1  -1 200  -1  -1  -1 193 193  -1  -1  -1 195 195 195 
 39  -1  -1  -1  -1  -1  -1  -1  -1  -1  -1  -1  -1  -1  -1  -1  -1  -1 207 207 207  -1  -1  -1  -1  -1 
 40  -1  -1  -1 244  -1  -1 250 222 222  -1  -1  -1  -1 224 224  -1  -1 237 237  -1  -1  -1 239 239 239 
 41  -1  -1  -1  -1  -1  -1  -1  -1  -1  -1  -1  -1  -1  -1  -1  -1 251 251 251  -1  -1  -1  -1  -1  -1 
 42  -1  -1  -1  -1  -1  -1  -1 268 268  -1  -1  -1 288  -1  -1 266 266 283 283 283 281 281  -1 294  -1 
 43  -1  -1  -1  -1  -1  -1  -1  -1  -1  -1  -1  -1  -1  -1  -1  -1  -1  -1  -1  -1 295 295 295  -1  -1 
 44  -1  51  -1  -1  54  -1  -1  -1  -1  -1  -1  -1  -1  -1  97  -1  -1  -1  -1  -1  -1  -1  -1   5  -1 
 45  -1 269  -1 137  -1  -1 228  -1 183  -1  -1  -1 285  -1  -1  -1  -1  -1  -1  -1 109 140 153 141  -1 
 46  -1  -1  -1  -1  -1  -1  -1 186  49  -1 312  -1  -1  -1  -1  -1  -1  -1  -1  -1  -1   6 309 270  -1 
 47  -1 226  -1  -1  -1  -1 273  -1  -1 271  -1  21  -1 187  -1 227  -1  -1  -1  50  -1  -1  -1 182  -1 
 48 315  -1  -1  -1  -1  -1 181  -1  -1  -1  -1  -1  -1  -1  -1  -1  -1  -1  65   8  -1  52  -1  98  -1 
 49  -1  93  99 229  -1  -1  10  -1  -1  -1  -1  -1  -1  -1  -1  -1  -1  -1  -1 231  -1 272  -1  -1  -1 
 50  -1  -1   7  -1 138  -1  -1  -1  96  55  -1  -1  -1  95 185  -1  -1  -1  -1  -1  -1  -1  -1  -1  -1 
 51  -1  -1  -1  11 275  -1  -1  -1  -1  -1  -1 308 311 142 274 143  53  -1  -1  -1 316  -1  -1  -1  -1 
 52 197 139  -1  -1 225 314  94  -1  -1  -1  -1  -1  -1  -1  -1  -1  -1 313  -1  -1  -1  -1  -1  -1  -1 
 53  -1  -1  -1  -1   9 241  -1  -1  -1  -1  -1  -1  -1  -1  -1  -1 184  -1 230  -1  -1  -1  -1  -1 310 

r\t   0   1   2   3   4   5   6   7   8   9  10  11  12  13  14  15  16  17  18  19  20  21  22  23  24 
  0  -1  -1 121 123  -1  -1  -1  -1  -1  -1  -1  -1  -1  -1  -1  -1  -1  -1 145  -1  -1  64  36  81  -1 
  1 280 280 296  -1  -1  -1 249  -1  -1  -1  -1  -1 120  -1  -1  -1 133  -1  -1 262 221  -1  -1  -1  -1 
  2  -1  -1  -1  -1 126  -1  -1 252  -1  -1  -1   0  -1 113  -1  -1  32  -1 246  -1  -1  -1  -1  -1  -1 
  3  -1   3  -1  -1  -1  -1 211  -1 122  -1  -1  -1  -1  -1  -1  -1 174  -1  -1  -1  -1  -1  -1 243  -1 
  4  -1  -1 216  -1  -1  -1  77 277  -1  -1  -1 214  -1 204  -1  -1 203  -1 290  -1 307  -1  -1  42  -1 
  5  -1  -1  -1  -1  -1  -1  -1  -1 279  -1  -1  -1  -1  -1  -1  -1  -1  -1  -1  -1  -1 131  59  34  -1 
  6  -1  -1  -1  -1  -1  -1  -1  -1  -1  86  -1  -1 102 144  -1  -1  -1  -1 179  -1  -1 240  -1 158  -1 
  7  -1  -1 100  -1  -1  -1 132  -1  -1  -1  -1  89 172  -1  -1 150  -1  -1  -1  -1  -1 164  -1  -1  -1 
  8  -1  -1 152  -1  -1  -1 232  -1  -1  -1 171  -1  -1  -1  -1  -1  -1  -1  -1  -1  -1 190  -1  -1  -1 
  9  -1  -1  -1  -1  -1  -1  -1  23  16  16  67 155  84  -1  -1 260 176  -1  -1  -1  -1 117  -1  -1  -1 
 10  -1  -1  -1  -1  -1  -1  -1  -1  -1  -1  -1  -1  -1  -1  -1  -1 188 215  -1  -1  -1  -1  -1  -1  -1 
 11  -1  -1  -1  -1  -1  -1   1 199 256  -1  -1  -1  25  -1  -1  -1  -1  -1  -1  -1  -1  -1  -1  40  -1 
 12  38 299  70  69  -1  -1  -1  -1  -1  -1  -1  -1 236 236  -1  -1  20  -1  -1  -1  -1 169  33  18  -1 
 13  45 301  -1 111  66 218 210 173 167  -1  -1 233  -1  -1  -1  -1  -1  -1  -1  -1  -1  37 159  -1  85 
 14  -1  80  -1 161  -1  -1  -1  -1  -1  -1  -1 289  -1  -1  -1  -1  -1  -1  -1  -1 177  14  -1 293  -1 
 15 223  -1 264  -1  -1  -1  -1 157  -1  -1  -1  -1  -1  -1  -1 242  44 166  -1  -1  -1 297 245  -1  -1 
 16  -1 303  -1 304  -1  -1 101  -1  -1  -1  -1  -1 154 170  -1 198 127  43  -1 238  -1  -1  -1 286  -1 
 17  -1 147  -1  -1  -1 148 148  -1  -1  -1  -1  -1  -1  -1  -1  -1 300  15  -1  -1  -1 205 284  -1  -1 
 18  -1  -1  -1  -1  -1  -1  57  -1  -1  -1  -1  56  -1  -1  -1  -1 267  -1 208  -1  -1 276  87 125  -1 
 19  -1 212 201 282 110  -1  -1  -1  35  -1 213  72  -1  79 220  -1  -1  -1 128  -1  -1  -1 104 104  -1 
 20  -1  28  -1  -1  -1  -1  -1  -1  -1  -1  -1 135  62  -1  -1 219 217 261  82  -1  -1 253 196  73  -1 
 21  -1  -1  -1 292  -1  -1  -1  -1 192 192  -1  -1  -1  -1  -1  -1  91  26 114  -1  -1  -1 235  -1  -1 
 22  -1  -1 129  -1  -1 302 278  -1  -1  -1  41 255 257  -1  -1 106 305  78 168  -1  -1  -1  -1 191  -1 
 23  -1 116  -1  -1  -1  -1  -1  -1  76  -1  -1  -1  -1 254  -1 259 234  -1 194  -1  -1  -1  12  -1  -1 
 24  -1  -1  -1  -1 130  -1  -1  -1  -1  -1  -1 175  -1  -1  -1  -1 258 146  -1  -1  -1  27  -1  -1 263 
 25  -1  -1  -1  -1  -1  -1 298  29  -1  -1  -1 165  -1 189  -1  -1 247  -1  -1  83  -1  -1  -1  -1  -1 
 26  -1  -1  -1  -1  -1  -1  71  -1  -1  -1  -1 108 202  -1  -1  -1  -1  -1  47  -1  -1  -1  -1  -1  -1 
 27  -1  -1  -1  -1  -1  -1  -1  -1  -1  -1  -1  -1  -1 160 265  -1 287 115  -1  -1  -1  -1 291  -1  -1 
 28  -1  39  60  60  -1  -1  -1  -1  -1  -1  -1  -1 306 103  -1  -1  -1 248  -1  22  -1  -1  -1  -1  -1 
 29  -1  -1  -1 209  -1  -1  -1  -1  -1  -1  -1  -1  -1  -1  -1  -1  58  -1  13  -1  -1  -1  88 124  -1 
 30  -1  -1  17  17  -1  -1  -1  -1  -1  -1  19  19  19  30  -1  -1   4   4  24  -1  -1   2   2  -1  -1 
 31  -1  -1  31  31  31  -1  -1  -1  -1  -1  -1  -1  -1  -1  -1  -1  -1  -1  -1  -1  -1  -1  -1  -1  -1 
 32  -1  46  46  -1  -1  -1  -1  63  63  63  -1  -1  68  48  48  -1  74  61  61  -1  -1  -1  -1  -1  -1 
 33  -1  -1  -1  -1  -1  -1  -1  -1  -1  -1  -1  -1  -1  -1  -1  -1  -1  -1  -1  -1  75  75  75  -1  -1 
 34  -1  -1  -1  -1  -1  92  92 105 105  -1  -1  -1  -1  90  90  -1 118 107 107 107  -1  -1 112  -1  -1 
 35  -1  -1  -1  -1  -1  -1  -1 119 119 119  -1  -1  -1  -1  -1  -1  -1  -1  -1  -1  -1  -1  -1  -1  -1 
 36  -1  -1  -1  -1  -1  -1 156 149 149  -1  -1  -1 162 136 136  -1  -1 134 134  -1  -1 151 151 151  -1 
 37 163 163 163  -1  -1  -1  -1  -1  -1  -1  -1  -1  -1  -1  -1  -1  -1  -1  -1  -1  -1  -1  -1  -1  -1 
 38 178 178 195 195 195  -1  -1  -1 200  -1 193 193  -1 180 180  -1  -1 206  -1  -1  -1  -1  -1  -1  -1 
 39  -1  -1  -1  -1  -1  -1  -1  -1  -1  -1  -1  -1  -1  -1  -1  -1  -1  -1  -1  -1  -1  -1 207 207 207 
 40  -1  -1  -1 237 237 222 222 239 239 239  -1  -1 244  -1  -1  -1  -1  -1  -1  -1  -1 224 224 250  -1 
 41  -1 251 251 251  -1  -1  -1  -1  -1  -1  -1  -1  -1  -1  -1  -1  -1  -1  -1  -1  -1  -1  -1  -1  -1 
 42  -1  -1  -1  -1  -1 268 268 294 288  -1  -1  -1 281 281  -1  -1  -1 283 283 283 266 266  -1  -1  -1 
 43  -1  -1  -1  -1  -1  -1  -1  -1  -1  -1  -1 295 295 295  -1  -1  -1  -1  -1  -1  -1  -1  -1  -1  -1 
 44 241  95  -1  -1  -1  -1  -1  -1 181  -1  -1  -1 270  -1  -1 316  -1 184  -1  -1  -1  -1  -1 315  -1 
 45 271  -1  -1  -1  -1  55  -1  -1  -1  -1  -1 229  -1  -1  -1  -1 109  -1  -1  -1  -1  -1  -1  -1 309 
 46  -1  -1 140  -1  -1  -1  51  -1  -1  -1 311  -1  -1  -1  -1  -1  -1  -1 272  -1  -1  93 274  -1  -1 
 47  -1  21  94  -1  -1  -1  -1  -1  -1 310 285 187 230 275  -1  -1  -1  -1  -1  -1  -1 186  -1  -1  -1 
 48  -1 226  -1  -1  -1  -1  -1  -1  -1  -1  -1  -1 197  -1   6  -1  -1 228  -1  -1  -1  -1  -1  -1  -1 
 49  -1 141  -1 153  -1 183  -1  -1  -1  -1  -1  -1  -1 227  -1  -1  -1  -1 225  -1  98  -1  -1  -1  -1 
 50  -1 269  -1  -1  -1  -1  -1 308 273  -1  -1  -1  -1  -1  -1  -1  -1  96   8  -1  -1 139  -1  65  -1 
 51  97  -1  -1  -1 312   9  -1  -1   5  -1  -1  53  99  -1  -1  -1 231  -1  -1  -1 138  -1  -1  -1  -1 
 52  -1  -1  -1 313  -1  -1 182  -1 142  -1  -1  -1  -1  10  -1  -1  -1  49  -1  -1  11  -1 137  -1  -1 
 53   7  -1 185  -1  -1 143  -1  -1  54  -1  -1  -1  -1  -1  -1  -1  -1  -1  -1 314  -1  52  50  -1  -1 

r\t   0   1   2   3   4   5   6   7   8   9  10  11  12  13  14  15  16  17  18  19  20  21  22  23  24 
  0  -1  -1 148 148  -1  -1  -1 286  -1  -1  -1 253  -1  -1  -1  -1 144 191  -1  -1  -1 232  -1 279   1 
  1 287  -1  -1  -1  -1  -1  78  -1 296  -1  -1  -1  -1  -1  -1  -1  28 135  81  -1  -1  -1  -1  -1  -1 
  2  -1 159  -1 166  -1  -1  -1  33  45 131  -1  -1  -1  -1  -1  -1  47  -1 307 215  -1  72 278  15  -1 
  3  -1 147  -1 124  -1  -1 292  -1  -1  -1  -1 208  -1  -1  -1  -1  -1  -1  -1  -1  -1  -1  -1  -1  -1 
  4  -1 114  18  -1  -1 176  -1 252  64  -1  -1  67  -1 238 155  -1  -1  -1  -1  -1  -1  -1 234  -1  -1 
  5  -1  -1  -1  -1  -1  -1 188  -1 103  -1  -1  -1  -1  -1  -1  -1  -1  -1 205  -1  -1  -1  -1 132  -1 
  6  -1  -1  -1  -1  -1  -1  -1  -1  -1  -1  -1  -1  -1 199  -1  -1 235  -1  -1  -1 306  13 133 129  -1 
  7 236 236  -1  -1  -1 304  -1  -1  -1  -1  -1  -1 203 245  86  -1  -1  -1 189 106  -1 100 218 146  -1 
  8  -1  -1 267  -1  -1  -1  -1  -1 264  -1  -1 152  -1  71  85  -1 101  -1  42  -1  -1 168  -1  -1  -1 
  9  -1  -1  -1  -1  -1  -1  -1  -1 210  -1 258 122  -1  -1  -1  -1  -1 130  -1  -1 126  56 196  -1  -1 
 10  -1  58 164  57  -1  -1  -1  -1 262  -1  -1  22  -1  37  -1  -1  -1 263 167  -1  -1  -1  -1  -1  -1 
 11  -1  -1  -1  -1  -1 257  -1 299  -1  -1  -1  -1  -1  87  -1  -1  -1  -1 233  -1  -1 175  -1  -1  -1 
 12  -1  -1  -1 297  -1  -1  -1  66 276  -1  -1  76 171 154  -1  -1  -1  -1  -1  -1  -1  -1 202  -1  -1 
 13  -1  -1  -1  -1  -1  -1  -1 102  -1  -1  -1  -1  -1  -1  -1  -1  -1  -1  -1  -1  -1  -1  -1  -1  -1 
 14  -1 291  -1  -1  -1 259  27 260  -1  -1  -1  -1  -1  -1  -1  -1 127  -1  -1  -1 177  -1 125 179  -1 
 15  -1  -1  -1  73  89  -1  -1  -1  -1  -1  -1 298  -1  -1 213  -1 121  -1  -1  -1  -1  -1  -1  -1  -1 
 16  -1 284 280 280  -1  -1  -1  -1  -1  -1  -1 170  -1  -1  -1  -1  -1 223  -1  -1 150  -1 248  29  -1 
 17 198 255  -1  -1  -1  -1  -1 216  -1  -1  -1 243  -1  77  -1 220  -1  -1  -1  -1  -1  -1  -1  -1  -1 
 18 214  -1  -1  16  16  -1  -1  -1 174  -1  -1  -1  -1  -1  -1  -1  -1  -1  -1  -1 221  -1  -1 246  -1 
 19  -1  -1   3  -1  -1  -1  -1 120  -1  -1  -1  -1  -1  41  -1  -1  -1  -1  -1  -1  -1 117  -1  80  -1 
 20  -1  12 209  -1  -1  -1 256  -1  -1  -1  -1 169  34 289  -1  -1 293  -1  -1  -1  -1 247  -1  -1  -1 
 21 261  84  -1  -1  82  -1  -1  -1 113  -1  -1 282 242  -1  -1  -1  62 108  -1  -1  -1  -1  -1 158  -1 
 22  -1  38  -1  25  -1  -1  -1  -1  -1  -1  -1  -1  -1  -1  83  -1 305  -1  -1 217  -1 145  35 240  -1 
 23  -1 201 192 192  -1  -1  -1  -1 249  -1  -1  -1  -1  -1  -1  -1  39  -1  -1  -1  -1 204 104 104  -1 
 24  -1  -1 115 212  -1  -1 165  36  -1  -1  -1  -1 302  23  -1  -1  20  -1 116  -1  -1  -1  -1  88  -1 
 25  -1 173  32   0  -1  -1  -1 160  -1  -1  -1  -1  -1  -1  -1  -1  -1 123 110  -1  -1 277  14 194  -1 
 26  -1  -1  59  -1  -1  -1 111  -1  -1  -1  -1  -1  -1  26  -1  -1  -1 300  -1  -1 265  -1  60  60  -1 
 27  -1  -1  -1  -1  -1  -1  -1 211  -1  -1  -1  -1 254  -1  -1  -1  70  -1  91  -1  -1  -1  -1  -1  -1 
 28  -1  -1  69  -1  -1  -1  -1  40 303  -1  -1  -1  -1  -1  -1  -1 172 157  -1  -1  -1  -1  44  -1  43 
 29  -1  79  -1  -1 301  -1  -1  -1  -1  -1  -1  -1 219 161  -1  -1 128  -1  -1  -1  -1 190  -1 290  -1 
 30  -1  24  -1  -1  -1  -1  19  19  19  -1  -1  30  -1  -1  -1  -1  -1  17  17  -1   2   2   4   4  -1 
 31  -1  -1  -1  -1  -1  -1  -1  -1  -1  -1  -1  -1  -1  -1  -1  -1  -1  31  31  31  -1  -1  -1  -1  -1 
 32  -1  -1  48  48  -1  -1  -1  74  -1  -1  -1  -1  63  63  63  -1  -1  -1  61  61  -1  -1  68  46  46 
 33  -1  -1  -1  -1  -1  -1  -1  -1  -1  -1  -1  -1  -1  -1  -1  -1  -1  75  75  75  -1  -1  -1  -1  -1 
 34  -1 107 107 107  -1  -1  -1  -1  90  90  -1  -1 105 105  -1  -1  92  92  -1  -1  -1  -1 118 112  -1 
 35  -1  -1  -1  -1  -1  -1  -1  -1  -1  -1  -1 119 119 119  -1  -1  -1  -1  -1  -1  -1  -1  -1  -1  -1 
 36  -1 136 136 134 134 151 151 151 162  -1  -1  -1  -1  -1  -1  -1 156  -1 149 149  -1  -1  -1  -1  -1 
 37  -1  -1  -1  -1  -1  -1  -1  -1  -1  -1 163 163 163  -1  -1  -1  -1  -1  -1  -1  -1  -1  -1  -1  -1 
 38  -1  -1 178 178  -1  -1 200 193 193  -1 195 195 195 206  -1  -1  -1  -1  -1  -1  -1 180 180  -1  -1 
 39  -1  -1  -1  -1  -1  -1  -1  -1  -1  -1  -1  -1  -1  -1  -1 207 207 207  -1  -1  -1  -1  -1  -1  -1 
 40  -1  -1 237 237  -1  -1 239 239 239  -1  -1  -1  -1  -1  -1  -1  -1 244 250  -1  -1 224 224 222 222 
 41  -1  -1 251 251 251  -1  -1  -1  -1  -1  -1  -1  -1  -1  -1  -1  -1  -1  -1  -1  -1  -1  -1  -1  -1 
 42  -1  -1 294 266 266  -1  -1  -1  -1  -1  -1  -1  -1 281 281  -1 283 283 283  -1  -1  -1 288 268 268 
 43  -1  -1  -1  -1  -1  -1  -1  -1  -1  -1  -1  -1 295 295 295  -1  -1  -1  -1  -1  -1  -1  -1  -1  -1 
 44 315  -1  -1  96   9  93  -1  -1  -1  -1  -1  -1  -1  -1  -1   7  -1 153  -1  -1  -1  49  -1  -1  -1 
 45  -1  11 225  -1  -1  55 311  -1  -1  -1  -1 313  -1  -1 316 138  -1  -1 182  -1  -1  -1  -1  -1  99 
 46  -1 181  -1  -1  -1   8  -1  -1  -1  -1  -1  -1  -1  -1  -1  -1  -1  -1  -1  -1  -1 142  -1  -1  -1 
 47  -1  -1  -1  -1 185  -1  65  -1  -1  -1  -1  -1  -1  -1  -1  -1 137  -1 229 197  97  -1  -1  -1 183 
 48  -1  -1  -1 231  -1 271  -1  -1 141  10  -1  -1  -1 312  -1 273 227  -1 270  -1  -1  -1 274  -1 143 
 49  -1 226  -1  -1  -1  -1  -1  -1  -1 140  -1  -1  -1  -1  -1  -1  -1 241   5 309  -1  -1  94  -1  -1 
 50  -1 272  -1  -1  -1 228  -1  -1 184 230  -1  -1  21  -1  -1  52  -1  -1  -1  -1  -1  -1  -1  -1  -1 
 51  -1  51  -1  -1  -1  -1 285  -1  -1 275 310  -1  -1  -1  -1  -1  -1  -1 139  -1  -1 269  -1  -1  -1 
 52  -1  -1  -1  -1  -1  -1  -1 314  -1  53  -1  -1  -1  -1  -1  -1   6 187  -1  -1  54  95  -1  -1  -1 
 53 109  -1  -1  -1  50  -1  -1  -1  -1 186  -1  -1 308  -1  -1  98  -1  -1  -1  -1  -1  -1  -1  -1  -1 

r\t   0   1   2   3   4   5   6   7   8   9  10  11  12  13  14  15  16  17  18  19  20  21  22  23  24 
  0  -1  -1  -1  -1  -1  -1  73  -1  -1  -1  -1  -1  -1  -1  -1  -1 249  -1 189  -1  -1  -1  -1  -1 301 
  1  -1  -1  -1  -1  -1  -1  -1 279  -1  -1  -1  -1  -1  -1  -1 177  -1  -1  -1  -1 307  -1  64 276 262 
  2  -1  -1  -1  -1  -1  -1  -1 302  -1  -1  -1  -1 264  -1  -1  -1 291  -1  -1  -1  -1  -1  -1 305  -1 
  3  -1  -1  -1  -1  -1  -1 242  69  -1  -1  83 108 296  -1  -1  -1 243  -1  -1  -1  -1  -1  37  -1  -1 
  4  -1  -1  76  -1  -1  -1  -1  81  -1  -1  -1  -1 172  -1  -1  -1  -1  -1  -1  -1  -1  43  -1  -1  -1 
  5   0 306 265  -1  -1  -1  -1  58  -1 128  -1  71 120  -1  -1  -1  -1  36 122  -1  -1 116  -1 161  -1 
  6  -1  -1 124 194  -1  -1  -1 289  -1  -1  -1  -1  -1 304  -1  -1  -1 223  -1  -1  -1 261  -1  35 174 
  7  -1  -1  -1  -1  -1  -1  -1  -1  -1  -1  82  -1 188  -1  -1  -1 282 199  -1  -1  -1 135  -1  -1  -1 
  8  -1 147  -1  28  -1  -1  -1  -1  -1  -1  -1 202  -1  -1  -1  -1  -1 254 209  41  -1 248  12  -1  40 
  9  -1  42  -1  -1  -1  -1 106  -1  -1  -1  -1  77 253 157   1  -1 155  15  -1  -1  -1  -1 247 218 260 
 10  -1 240 284  -1  -1  -1  -1  -1  62  -1  -1  -1  -1  -1  -1  -1  -1  -1  20  -1  -1 127  -1  -1 220 
 11 280 280  -1  -1  -1  -1  -1  -1  -1  -1 125 191  16  16  -1  -1  -1  -1  -1  -1  -1 300  -1 102  -1 
 12  -1  -1  -1  -1  -1  -1  -1  -1  -1  -1  -1  -1  -1  -1  -1  -1  -1 148 148  -1  -1 211  -1  -1  -1 
 13  -1  -1  89  -1 198  -1 164  -1 201  -1  -1  -1 170  -1  -1  -1  -1  -1  -1  -1  22 215  85 129 213 
 14  -1  -1  -1  -1  -1  -1  -1  -1  38  -1  -1  -1  -1  -1  -1  -1  34  -1  -1  -1  -1 103  29 123  -1 
 15  -1 256  32 110  -1  -1  -1  -1  -1  -1  -1  -1  -1 292  -1  -1  -1  -1  -1  -1  -1  -1  -1 246  -1 
 16  -1  -1  -1  -1  -1  -1  -1 115  -1  -1 130  -1  26  -1  -1  -1  23  33  -1  -1  -1  -1 290  -1  91 
 17  -1  -1  -1  72  -1  -1  -1  -1 287  -1 173  25 203  -1  -1  -1  -1  -1 165  -1 259  -1 152  -1  -1 
 18  87  -1 196  -1  -1  -1  56  -1  -1  -1  -1 132  -1 235  -1  -1  -1 160  -1  -1  -1  -1 208  -1  -1 
 19  -1  -1  -1 286  -1  -1 169  -1  -1  -1  -1  -1 167  78  -1  45  -1 293 297  -1  -1  -1 101  13  -1 
 20  -1 100  -1 205  86  -1  -1  -1 298  -1   3  -1 104 104  -1  -1  -1  47  27  -1  -1  14  -1  -1  -1 
 21  -1  -1  -1  -1  -1  -1  -1 131  -1  -1  -1 299 233  -1  -1  -1  70  -1  80  -1  -1  -1  -1 146  -1 
 22  -1  -1  -1  -1  -1  -1  -1  -1 114  -1  -1 252  -1 145  -1 219  -1 238  -1  67  -1 278 121  -1  -1 
 23  -1 258  -1  -1  -1  -1  -1  -1  79  -1  18  -1  -1 255  -1 257  -1 179 245  -1  -1 166  -1 210  -1 
 24  84  57  -1  -1  -1  -1  -1 158  -1  -1  -1 234  -1  -1  -1  -1 111  66  -1  -1  -1  -1 133  -1  -1 
 25  -1  -1  -1  -1 150  -1  -1 236 236  -1  -1 144  -1 113  -1  -1  -1  -1  -1 126  -1  -1 168  -1  -1 
 26  -1  -1  -1 117  -1 176 212  -1  -1  -1  -1  -1  60  60  -1  -1  -1  -1  -1  -1  -1 217 192 192  -1 
 27  -1  -1  -1  -1 171 221  -1  -1  39  -1  -1 216  -1  -1  -1  -1 303  -1 267  -1  -1  -1  -1  -1  -1 
 28  -1  -1  -1  -1  -1  88 263 204  -1  -1  -1  -1  -1  -1  -1  -1  -1  -1  -1  -1  -1  -1  -1 214  -1 
 29  -1  -1  -1  -1  -1  -1  -1  -1 159  -1  -1  59 154  -1  44  -1  -1  -1 232 175  -1 190 277  -1  -1 
 30  -1  19  19  19  -1  -1  30  17  17  -1  -1   4   4  24  -1  -1  -1  -1  -1  -1  -1  -1  -1   2   2 
 31  -1  -1  -1  -1  -1  -1  -1  31  31  31  -1  -1  -1  -1  -1  -1  -1  -1  -1  -1  -1  -1  -1  -1  -1 
 32  48  48  63  63  63  -1  -1  -1  -1  -1  -1  -1  46  46  -1  -1  -1  68  -1  -1  -1  74  -1  61  61 
 33  -1  -1  -1  -1  -1  -1  -1  -1  -1  -1  -1  -1  -1  -1  -1  -1  -1  -1  -1  -1  -1  -1  75  75  75 
 34  -1 112  -1  -1  -1  -1 118 107 107 107  92  92  -1  -1  -1  -1  -1  -1 105 105  -1  90  90  -1  -1 
 35  -1  -1  -1  -1  -1  -1  -1  -1  -1  -1  -1  -1  -1  -1  -1  -1  -1 119 119 119  -1  -1  -1  -1  -1 
 36  -1  -1 149 149  -1  -1 151 151 151  -1  -1 156  -1  -1  -1  -1 162 136 136  -1  -1  -1  -1 134 134 
 37  -1 163 163 163  -1  -1  -1  -1  -1  -1  -1  -1  -1  -1  -1  -1  -1  -1  -1  -1  -1  -1  -1  -1  -1 
 38  -1  -1  -1  -1  -1  -1 195 195 195  -1  -1 180 180 193 193  -1 200 206  -1  -1  -1  -1  -1 178 178 
 39 207 207 207  -1  -1  -1  -1  -1  -1  -1  -1  -1  -1  -1  -1  -1  -1  -1  -1  -1  -1  -1  -1  -1  -1 
 40  -1  -1 237 237  -1  -1 244 250  -1  -1 222 222  -1 224 224  -1  -1  -1  -1  -1  -1 239 239 239  -1 
 41  -1  -1 251 251 251  -1  -1  -1  -1  -1  -1  -1  -1  -1  -1  -1  -1  -1  -1  -1  -1  -1  -1  -1  -1 
 42  -1 294  -1 288  -1  -1  -1  -1  -1  -1  -1  -1 283 283 283  -1  -1 281 281  -1  -1 268 268 266 266 
 43  -1  -1  -1  -1  -1 295 295 295  -1  -1  -1  -1  -1  -1  -1  -1  -1  -1  -1  -1  -1  -1  -1  -1  -1 
 44  -1 141  -1  -1  -1  55  -1  -1  -1  -1 185  -1  -1  -1  -1  -1  -1  -1  -1  -1  -1  52  -1  -1  -1 
 45  -1 231  -1 313  -1  -1  -1 308  -1  -1  -1  -1  -1  -1  97   9 197 272  50  -1  -1  -1  49 227  -1 
 46 225  96  -1  -1  -1  -1  -1  -1  -1  -1  -1  -1  -1   8 183  -1  -1  -1 226  -1  -1  -1  -1  53  -1 
 47 269  -1  -1  -1  -1  10  -1  -1  -1  -1  54  -1 228 187  -1 274  -1  -1 186 309  -1  -1  -1  99  -1 
 48  -1  -1  -1  -1  -1  -1 311  -1  -1  -1  -1  -1  93 142  -1  -1  65  -1  -1  -1 310  -1  -1  -1  -1 
 49  -1 184  -1  -1  -1  -1  -1  -1  -1 316  -1  -1  -1  -1  -1 229  -1  -1  -1  -1  -1  11  -1  -1  -1 
 50  -1  -1  -1  -1 312  -1  -1  -1  -1  -1  -1 270  -1  -1 143  -1  -1  -1   5  -1 241 181  -1  -1  -1 
 51  -1  -1  -1  -1 109  -1  21  -1  -1  -1 138  -1  -1  -1  -1  -1  -1  -1  -1  -1  -1  -1 182  -1  -1 
 52 139 273  -1  -1  -1 137  -1  -1  -1 285 271  51  -1  98  -1 140  -1  -1  -1  -1  -1 230  -1  -1  -1 
 53  95  -1  -1  -1  -1  -1  -1  -1 314  -1  -1  -1  -1 275  -1  94 315   7  -1  -1  -1 153   6  -1  -1 

