317
1 3
14 26
10 30
12 16
8 30
23 45
18 47
19 50
7 48
24 52
3 45
13 52
13 18
8 14
7 10
11 18
18 16
2 30
17 19
20 30
1 23
6 52
12 0
16 19
12 30
16 24
11 0
21 22
13 6
1 17
18 30
2 31
23 19
8 28
7 19
6 15
22 17
17 6
9 12
3 28
5 16
21 6
4 10
12 2
14 17
8 25
12 32
9 5
2 32
10 48
19 45
18 51
1 44
23 50
4 51
24 48
2 26
12 3
3 3
13 0
22 18
17 32
21 29
5 32
16 4
11 48
0 21
9 22
23 32
7 11
8 16
3 18
22 20
18 25
11 32
15 33
2 29
3 2
12 14
21 1
6 8
0 26
22 3
24 20
10 27
24 22
5 6
6 19
23 7
11 26
18 34
1 1
13 34
2 47
8 47
10 50
3 46
9 49
12 46
7 50
18 27
7 14
6 9
8 12
12 28
2 34
21 0
22 34
11 21
1 46
17 18
16 26
8 34
13 14
23 4
22 16
16 6
6 0
21 34
2 35
12 20
18 19
2 3
17 1
7 3
21 24
8 19
23 17
23 29
2 11
21 23
23 23
11 29
1 25
23 36
7 1
8 36
12 53
14 45
13 50
19 44
18 53
2 44
10 53
12 26
23 22
13 17
11 28
8 20
17 36
22 19
2 36
16 1
21 53
6 25
7 17
12 36
13 8
3 14
2 20
8 3
22 5
7 36
16 37
6 26
6 16
21 10
11 11
23 13
8 27
14 1
7 23
24 28
7 9
15 18
1 12
12 24
19 5
10 38
7 0
8 38
23 52
18 48
24 44
3 50
14 44
13 45
4 45
11 19
8 9
3 15
1 8
17 10
12 38
7 20
21 38
2 4
6 48
15 4
16 22
17 38
8 22
21 18
16 15
22 8
3 12
18 38
0 39
13 2
6 7
11 8
12 22
7 28
21 21
11 23
9 0
20 9
22 6
24 13
6 4
24 10
14 12
18 40
12 10
7 40
11 44
2 49
3 49
23 47
4 53
13 51
9 48
23 2
18 21
13 29
16 20
7 5
2 40
6 20
20 40
17 0
10 47
12 27
1 10
1 40
21 8
12 9
11 17
6 21
8 26
23 40
15 41
3 16
22 14
7 21
2 0
18 8
2 19
7 22
3 19
2 21
24 27
16 7
19 6
11 12
7 12
3 42
12 17
23 42
9 44
18 45
10 46
13 49
8 51
14 51
19 47
8 23
11 14
13 25
16 16
23 3
17 42
12 12
0 42
7 7
6 49
21 9
22 23
12 42
16 9
7 18
1 26
22 25
3 25
13 42
16 43
21 17
2 17
11 5
23 8
8 15
17 5
11 6
13 20
22 15
18 28
3 7
10 0
21 44
16 49
20 47
17 44
5 46
6 46
22 50
0 47
15 45

