317
3 25
24 26
7 30
23 0
13 30
15 52
16 49
1 45
9 52
10 47
18 45
0 48
1 21
13 14
12 18
21 22
8 15
17 30
6 10
2 30
16 20
11 46
22 26
23 10
6 30
7 5
23 19
12 27
16 14
2 18
22 30
17 31
8 12
13 10
11 0
1 10
13 17
15 3
12 6
6 24
9 25
17 4
13 24
18 5
16 3
19 3
0 32
14 3
7 32
18 50
24 44
10 51
23 48
17 52
9 49
15 51
1 15
23 7
16 26
2 4
8 8
17 32
21 29
11 32
3 8
22 53
6 4
14 11
6 32
8 26
11 23
21 11
23 26
1 2
16 32
2 33
13 25
21 25
17 19
6 14
12 5
14 2
9 13
2 22
9 21
3 9
9 0
17 1
7 9
19 14
0 34
8 16
15 34
3 44
18 52
10 45
23 44
14 50
17 44
9 44
1 14
3 0
7 6
14 5
17 28
22 34
6 25
11 34
16 10
21 50
2 29
8 5
17 34
13 5
6 21
7 21
1 5
16 16
8 34
22 35
11 18
3 11
22 4
2 2
18 3
20 21
0 4
7 3
12 15
6 22
7 4
21 27
10 19
1 23
18 36
13 19
16 36
3 47
15 50
24 45
0 44
23 50
7 51
14 52
6 1
16 2
3 20
7 10
17 25
8 36
11 26
20 36
1 7
2 45
12 11
13 3
13 36
18 20
2 24
3 22
12 26
6 8
23 36
7 37
22 17
21 7
16 13
17 18
11 14
6 29
6 27
23 28
23 21
21 4
15 4
11 6
15 14
10 29
8 38
3 17
0 38
23 45
13 46
14 53
17 49
7 45
24 50
19 48
1 22
13 29
6 11
22 12
7 0
20 38
3 4
16 38
23 14
12 53
2 10
11 16
2 38
18 29
13 9
12 2
6 16
16 8
7 38
20 39
8 4
23 24
3 15
3 12
17 13
9 27
4 29
15 22
9 5
23 25
23 17
8 11
15 7
23 13
18 40
9 28
16 40
24 53
13 53
1 46
0 50
3 45
14 47
8 46
16 0
3 21
18 24
17 26
20 9
13 40
4 18
5 40
11 2
9 47
22 5
2 9
1 40
6 2
23 4
2 0
3 23
17 3
8 40
10 41
18 4
7 23
22 2
13 27
16 23
10 10
18 11
7 27
2 14
16 21
18 10
14 28
23 27
0 12
13 42
10 24
15 42
9 45
1 49
19 50
7 52
8 44
18 47
17 46
13 18
8 14
7 19
16 29
17 9
3 42
12 23
22 42
1 0
11 49
6 9
21 10
6 42
1 17
8 28
23 1
18 16
11 25
7 42
1 43
17 29
22 11
12 9
16 12
13 1
11 20
17 23
17 15
22 23
21 23
23 18
4 17
11 51
21 44
5 47
12 46
22 52
6 53
4 49
2 46
20 48

