317
3 2
18 11
10 30
19 19
13 30
23 48
8 50
24 52
5 47
15 50
4 48
12 44
3 15
12 26
23 22
6 21
13 7
7 30
22 27
0 30
18 6
21 52
17 18
16 22
23 30
22 26
16 21
2 23
3 19
13 16
17 30
6 31
21 8
1 13
12 10
11 18
2 6
12 22
9 11
12 4
21 20
23 13
8 15
23 0
13 12
15 10
3 32
1 17
18 32
5 50
14 49
12 51
23 51
8 46
0 51
10 49
8 17
3 28
18 26
2 8
0 21
22 32
6 23
11 32
21 12
17 53
16 18
7 19
17 32
1 23
18 5
21 11
12 29
3 12
8 32
22 33
13 10
11 3
6 14
2 26
16 3
23 6
24 9
20 5
4 6
20 4
1 16
16 14
23 15
3 1
18 34
0 8
13 34
1 45
11 50
12 47
5 48
24 49
10 53
4 53
18 28
1 14
11 14
23 29
12 0
7 34
6 16
20 34
3 6
2 45
17 8
16 28
11 34
21 28
3 23
1 6
17 15
12 5
2 34
7 35
22 19
18 10
6 19
16 17
13 29
14 19
13 3
23 20
10 22
11 22
23 19
6 25
12 7
5 21
0 36
11 1
18 36
24 48
14 47
13 53
15 51
23 46
8 48
10 52
17 20
18 15
12 11
8 7
0 10
2 36
7 24
21 36
13 13
11 49
16 6
6 2
13 36
11 29
22 23
23 10
18 7
1 24
16 36
2 37
21 26
17 4
8 4
12 17
6 27
16 29
3 29
18 8
21 2
16 2
8 6
11 10
0 16
10 12
23 38
1 7
12 38
5 51
18 53
19 46
3 44
14 50
4 50
11 52
12 25
23 27
11 24
13 17
2 18
17 38
22 5
7 38
16 0
21 48
1 26
6 13
3 38
6 7
13 9
11 12
7 25
18 2
1 38
15 39
23 8
2 12
22 7
22 1
8 23
20 6
19 17
17 10
20 16
0 1
23 12
3 17
19 26
5 0
3 40
0 6
23 40
1 51
11 44
18 50
8 51
15 44
13 46
14 46
3 7
23 26
18 24
22 18
0 5
12 40
2 27
6 40
11 25
21 51
16 16
17 5
16 40
23 11
1 2
3 4
2 2
6 5
18 40
10 41
17 29
21 23
22 2
13 11
7 9
24 20
13 25
12 20
23 3
17 17
20 9
6 12
11 17
0 22
13 42
12 23
18 42
5 44
23 50
10 44
8 53
4 46
15 46
24 44
23 17
18 14
16 1
1 18
10 7
3 42
17 14
6 42
13 14
21 44
22 24
12 21
22 42
1 20
16 26
8 8
12 14
7 18
23 42
1 43
11 26
6 28
21 3
13 18
17 11
15 27
23 18
22 15
8 27
9 6
7 0
1 27
16 51
22 52
20 52
21 53
7 52
2 44
6 46
17 51
9 52

