317
11 4
24 11
17 30
16 4
6 30
2 47
22 47
14 50
5 50
9 48
8 45
15 53
18 16
6 7
8 8
17 15
20 13
2 30
23 7
10 30
7 5
1 46
16 15
13 3
21 30
11 3
23 28
6 11
1 9
18 18
13 30
2 31
12 10
8 20
7 4
17 22
6 9
12 5
8 1
3 24
12 16
8 24
4 27
12 24
14 25
18 15
15 32
17 12
8 32
7 52
24 52
6 52
11 50
3 51
5 47
10 51
8 0
16 24
7 0
6 23
10 17
22 32
1 21
2 32
21 9
17 49
12 8
13 19
7 32
16 28
17 28
6 5
8 7
3 15
11 32
21 33
2 12
3 28
12 18
7 14
18 9
8 29
9 11
13 15
7 26
5 2
13 23
24 29
2 15
16 14
8 34
6 3
17 34
7 47
14 47
15 52
3 52
10 50
24 48
5 49
7 7
18 2
17 16
8 17
2 27
12 34
20 12
21 34
16 29
19 49
1 18
6 24
1 34
23 8
16 20
18 1
6 26
3 20
2 34
11 35
22 23
8 25
11 22
7 10
17 2
6 28
5 0
10 19
21 18
13 21
6 8
14 7
18 27
24 0
2 36
8 5
10 36
6 49
9 45
7 51
15 51
22 53
17 50
14 49
11 2
22 28
1 29
6 1
2 21
8 36
23 4
16 36
7 8
13 48
12 0
21 10
21 36
3 22
16 11
18 12
23 2
8 3
13 36
5 37
12 28
12 14
2 29
1 28
22 20
9 0
4 3
18 11
2 26
3 25
2 6
23 15
5 6
10 21
7 38
6 10
15 38
24 47
22 50
2 49
3 53
9 47
14 45
11 44
3 4
22 9
11 26
1 23
7 6
20 38
13 27
17 38
2 25
23 46
6 29
12 2
23 38
16 10
13 2
11 27
18 14
3 18
22 38
0 39
7 28
21 4
8 26
8 4
17 21
2 11
21 5
15 3
5 3
17 26
20 8
5 10
9 13
14 23
5 40
11 18
7 40
10 53
16 51
18 49
3 44
2 53
22 52
17 51
1 5
6 16
8 27
7 9
2 3
17 40
13 14
22 40
16 12
21 48
11 11
12 7
2 40
23 19
11 7
1 24
3 6
13 17
21 40
15 41
7 12
22 25
12 27
8 10
18 25
24 27
15 5
0 16
0 23
17 9
22 21
9 14
22 15
8 12
5 42
7 13
2 42
14 52
15 46
10 52
16 44
11 45
9 46
24 50
6 18
2 10
3 13
16 18
10 20
17 42
12 26
20 42
8 18
7 45
1 25
13 1
1 42
2 22
8 22
22 11
11 23
23 27
16 42
17 43
12 6
21 0
3 23
13 13
7 19
12 1
15 4
23 24
2 18
19 14
2 23
10 18
21 52
23 47
0 50
1 44
12 52
13 53
4 49
19 48
20 52

