317
22 3
12 26
10 30
18 16
3 30
2 51
6 50
19 46
9 53
0 49
8 47
17 49
11 20
3 16
2 5
22 15
13 13
7 30
18 21
15 30
6 12
1 53
23 17
21 14
1 30
3 17
12 27
23 22
8 0
16 5
13 30
5 31
2 21
21 26
22 11
18 17
23 15
22 24
20 22
20 19
1 16
7 11
20 14
15 10
2 6
3 4
18 32
17 4
8 32
11 50
4 49
22 52
12 46
6 53
10 46
0 50
18 14
8 13
22 20
2 25
0 2
12 32
21 29
5 32
11 24
23 46
16 27
17 3
21 32
2 22
1 6
8 21
22 13
11 13
16 32
12 33
6 10
8 23
18 0
21 0
3 7
20 20
22 22
24 13
23 20
6 27
23 18
4 11
22 28
4 13
8 34
5 20
11 34
17 45
3 48
6 47
16 51
18 46
10 53
0 52
6 5
12 22
22 17
21 1
7 17
17 34
15 8
1 34
11 9
14 53
13 0
23 23
21 34
13 23
1 26
3 29
6 13
22 14
23 34
17 35
12 24
8 14
16 13
7 27
2 16
14 4
10 21
13 17
22 7
14 21
17 21
7 5
9 17
6 11
18 36
8 7
10 36
0 48
4 48
2 52
12 44
16 44
22 46
5 44
18 28
23 7
22 6
11 26
8 26
2 36
14 15
15 36
1 27
21 45
7 22
13 29
23 36
21 12
16 18
17 14
8 6
13 14
7 36
1 37
18 26
7 15
11 18
22 2
12 12
16 16
22 9
19 11
14 14
1 3
20 12
23 0
0 13
17 5
3 38
2 26
18 38
8 50
11 45
5 46
22 44
9 51
10 50
16 52
18 15
3 10
22 29
6 9
10 16
15 38
23 14
12 38
7 21
2 46
1 22
21 7
23 38
1 17
17 0
16 21
13 5
3 5
11 38
6 39
12 15
21 2
22 23
22 10
2 20
12 25
0 17
22 8
24 29
6 1
12 3
9 10
19 6
5 27
8 40
6 21
11 40
0 47
22 53
17 52
10 49
18 53
4 47
16 53
12 4
18 11
11 19
17 7
7 1
2 40
23 12
20 40
1 1
15 47
13 8
6 14
13 40
17 27
7 7
16 12
22 5
6 18
23 40
1 41
11 17
21 23
18 25
12 8
8 8
20 21
12 23
20 28
22 4
16 3
1 9
15 22
2 10
12 5
16 42
11 12
18 42
5 53
22 48
4 50
3 44
9 49
0 45
10 51
13 6
17 16
16 11
22 21
2 15
20 42
15 24
6 42
12 21
23 53
11 5
1 19
2 42
18 8
11 8
8 28
6 28
18 7
23 42
20 43
1 29
7 8
17 22
3 14
12 1
23 16
18 24
21 6
0 26
7 19
18 22
18 29
21 46
13 53
14 49
23 49
24 48
7 45
15 45
1 47
20 45

