317
12 5
24 25
15 30
23 6
2 30
18 52
6 44
9 50
5 51
4 52
11 45
19 50
11 17
3 11
2 27
21 11
18 7
7 30
17 21
12 30
6 26
1 45
22 3
23 12
1 30
12 19
13 6
18 12
3 27
22 2
11 30
6 31
2 8
17 22
16 25
23 1
17 1
9 10
8 25
6 23
15 13
18 5
11 29
13 29
5 22
19 20
23 32
18 28
2 32
16 51
11 47
12 48
8 53
6 49
15 45
4 45
6 24
11 16
23 21
7 8
2 24
15 32
21 6
12 32
8 5
22 45
1 6
17 8
1 32
18 2
17 14
11 27
2 11
6 15
21 32
7 33
13 21
11 19
23 4
1 4
16 10
12 6
2 15
7 6
24 24
8 14
21 10
13 22
16 22
3 17
23 34
19 2
5 34
4 44
8 52
2 46
11 49
18 50
9 51
15 48
16 29
2 3
8 3
6 0
23 8
0 34
19 13
12 34
11 18
10 44
7 20
17 13
8 34
2 28
12 24
13 18
18 13
7 25
11 34
20 35
1 20
17 7
21 22
16 7
6 11
13 23
8 20
18 21
9 16
19 9
0 7
1 25
11 4
12 27
15 36
18 23
23 36
4 53
19 44
8 49
9 53
3 53
6 52
14 48
8 22
16 17
11 25
2 16
22 19
3 36
17 11
5 36
12 7
18 46
13 12
21 9
22 36
23 26
7 27
8 16
17 17
3 0
18 36
0 37
6 17
18 6
13 1
21 0
12 21
18 9
1 1
6 4
7 17
6 8
23 22
5 1
15 2
3 12
23 38
18 15
8 38
12 44
11 48
6 51
16 45
4 49
19 46
2 51
2 23
16 21
8 15
6 9
22 11
0 38
17 12
12 38
7 22
21 48
20 13
18 29
16 38
22 16
3 14
1 23
12 3
8 28
11 38
5 39
13 28
23 5
17 18
18 17
21 14
5 26
23 7
23 29
10 20
18 22
0 21
14 7
15 28
23 23
18 40
16 8
8 40
24 47
3 52
12 45
5 52
4 48
11 51
6 47
18 8
11 15
8 2
6 29
15 4
0 40
17 10
12 40
2 7
21 52
7 13
22 12
3 40
8 29
11 21
13 5
12 26
22 7
16 40
0 41
18 0
7 15
6 22
17 15
23 20
15 1
16 2
16 16
18 11
17 6
18 26
5 12
16 11
24 2
5 42
18 1
11 42
4 46
23 49
15 51
2 50
3 47
14 52
19 53
6 21
12 25
11 24
8 8
15 18
3 42
13 27
21 42
7 28
18 45
17 0
1 19
2 42
7 26
11 3
16 28
18 18
22 20
13 42
7 43
1 29
17 28
6 25
3 3
21 1
11 12
6 20
17 23
2 20
3 29
6 6
7 29
13 50
10 45
17 49
1 49
21 51
22 50
0 50
7 44
20 45

