317
12 14
14 9
21 30
1 6
16 30
23 48
3 45
11 45
15 49
0 51
7 51
5 46
21 19
17 10
16 19
3 2
22 19
7 30
13 27
10 30
6 14
18 46
2 10
1 23
18 30
12 4
11 18
3 11
17 18
22 7
13 30
6 31
16 5
2 20
1 14
21 5
3 8
20 24
21 13
20 5
18 7
21 10
19 28
9 24
22 1
3 4
10 32
1 9
6 32
21 47
15 52
16 50
12 53
23 44
5 50
0 46
6 23
21 12
7 25
13 0
10 23
22 32
8 25
17 32
16 20
1 45
2 15
4 6
16 32
18 15
8 22
1 12
2 21
11 12
21 32
12 33
6 16
1 7
23 10
16 14
7 16
6 17
13 3
5 16
8 0
17 25
17 3
19 20
21 27
23 4
0 34
3 16
15 34
7 52
17 51
10 50
11 53
5 47
22 52
6 49
1 20
11 7
21 25
16 15
5 1
13 34
2 13
17 34
23 1
20 47
8 7
3 7
21 34
1 25
8 1
6 28
18 16
22 21
7 34
12 35
2 2
17 1
11 0
16 6
23 23
4 9
10 6
14 6
4 20
7 19
6 7
20 19
21 20
12 24
5 36
23 18
10 36
7 47
0 44
16 45
14 44
22 46
3 50
15 51
21 17
7 26
6 18
16 24
10 20
17 36
8 2
1 36
22 9
20 53
23 8
13 29
21 36
22 8
2 12
1 1
6 25
16 23
7 36
17 37
3 1
8 23
13 11
23 24
11 2
19 5
21 3
20 2
23 12
4 2
5 3
14 1
5 20
15 7
10 38
7 0
22 38
12 47
1 49
0 50
6 45
14 48
21 49
16 51
11 13
6 20
21 24
1 11
22 22
2 38
8 8
17 38
12 27
4 49
13 2
7 1
7 38
18 11
21 23
23 27
17 12
12 13
6 38
1 39
13 21
8 18
11 4
11 5
16 17
14 22
23 5
8 11
7 8
13 22
20 3
1 27
10 1
14 8
5 40
17 23
0 40
15 47
21 45
11 51
3 53
12 52
22 50
16 47
6 29
3 22
16 8
1 16
10 15
23 40
13 9
7 40
22 11
2 44
18 1
17 15
17 40
1 22
8 17
6 13
7 13
12 10
16 40
22 41
18 22
2 7
3 18
21 18
11 3
2 17
4 7
16 11
18 17
8 24
18 27
9 3
12 7
11 17
6 42
3 0
22 42
15 48
16 52
5 52
1 47
21 48
10 49
0 45
16 12
22 23
6 0
17 21
0 29
20 42
8 4
12 42
18 8
9 51
3 5
2 1
3 42
23 17
11 6
2 23
8 27
23 28
16 42
17 43
7 6
1 8
21 22
6 21
12 11
1 5
3 28
4 5
5 19
4 17
15 25
11 10
8 50
20 51
24 52
2 50
19 50
18 53
9 52
13 46
4 53

