317
21 5
0 13
16 30
24 4
3 30
11 44
10 45
23 45
22 49
20 53
1 48
15 51
1 29
17 8
16 15
3 12
22 5
12 30
24 20
6 30
11 29
18 45
2 5
9 29
23 30
22 21
3 2
6 5
17 18
11 1
2 30
12 31
21 9
7 24
18 11
16 4
6 6
13 0
18 9
7 7
17 22
5 2
15 2
23 15
11 19
3 28
23 32
1 28
20 32
0 53
15 48
16 52
12 46
8 47
22 52
4 45
21 2
13 3
8 10
16 23
22 9
17 32
6 25
10 32
3 26
7 53
1 12
2 10
2 32
22 27
3 16
11 28
12 14
21 24
7 32
16 33
13 22
11 9
6 21
23 16
1 19
20 12
18 16
7 10
22 25
11 8
0 2
13 20
8 27
23 28
0 34
24 11
11 34
3 48
10 53
22 51
16 47
21 48
15 45
20 46
16 17
1 26
22 28
21 26
10 27
2 34
9 11
17 34
23 12
6 45
13 23
7 18
8 34
17 5
11 16
12 22
22 15
6 23
13 34
2 35
16 16
18 5
2 2
21 10
7 21
5 29
13 6
2 11
17 10
0 15
5 8
24 22
15 17
23 7
3 36
16 3
10 36
21 46
24 46
22 48
0 51
17 45
1 47
20 44
11 0
3 1
1 4
17 14
20 21
7 36
16 21
12 36
22 23
6 53
2 1
18 27
16 36
17 13
11 11
12 7
21 29
6 18
22 36
7 37
13 21
22 19
1 0
18 8
2 21
2 25
15 21
8 28
0 22
0 1
1 3
14 0
3 22
20 6
0 38
4 7
21 38
15 46
17 44
10 44
8 50
24 49
23 49
11 50
8 5
3 29
21 23
17 9
22 26
18 38
7 22
12 38
16 0
4 48
6 20
2 26
23 38
13 12
12 21
7 8
21 20
2 20
6 38
16 39
8 16
22 3
3 17
1 24
11 2
8 3
4 14
17 2
11 20
18 12
3 19
5 27
0 20
20 1
11 40
10 12
15 40
4 50
21 45
3 51
17 49
1 50
23 51
8 52
21 13
17 6
12 15
16 13
0 14
7 40
2 29
22 40
11 26
5 47
13 14
18 24
1 40
11 3
23 1
17 21
18 4
21 17
13 40
6 41
3 13
16 9
12 20
2 4
22 24
11 14
12 8
6 22
19 16
3 27
21 14
22 0
3 15
20 23
15 42
17 16
23 42
10 52
1 52
0 45
11 53
22 53
21 53
4 44
16 7
21 15
3 0
6 9
22 11
0 42
2 7
12 42
8 15
17 53
18 10
9 7
2 42
8 17
23 2
12 16
18 21
13 24
3 42
6 43
16 26
11 6
1 22
17 0
22 4
5 4
6 4
14 6
13 7
15 9
19 18
5 24
18 50
19 51
5 53
6 49
14 48
13 44
7 51
2 44
9 50

