317
1 10
24 25
7 30
6 20
18 30
16 50
5 44
21 47
22 46
15 53
11 46
9 48
1 11
18 22
16 13
12 14
7 5
22 30
6 0
2 30
11 7
17 51
20 17
13 25
17 30
18 28
23 19
8 25
13 17
2 10
21 30
10 31
16 29
6 13
7 12
1 21
6 9
11 18
8 16
3 1
5 17
11 20
23 15
1 2
21 8
15 19
5 32
7 8
1 32
8 44
24 45
11 44
19 53
22 47
9 46
10 48
8 17
1 27
6 4
2 25
10 10
12 32
7 17
16 32
21 28
3 52
23 12
20 29
3 32
2 16
16 17
8 20
6 16
11 5
21 32
12 33
17 12
7 24
22 22
1 19
18 16
24 20
7 1
5 22
1 18
5 14
16 12
2 1
10 11
16 20
7 34
15 27
21 34
6 51
18 45
24 49
11 50
5 53
9 53
19 45
22 21
7 3
8 7
11 22
17 11
2 34
20 22
12 34
6 22
4 52
15 15
23 5
6 34
13 1
16 15
17 23
23 29
8 0
18 34
0 35
12 16
21 3
3 6
22 18
7 15
6 26
5 13
21 18
5 1
9 13
2 4
16 5
9 17
7 20
10 36
6 12
18 36
16 46
15 51
8 49
2 48
24 44
1 44
5 45
11 13
2 7
1 12
8 18
18 3
20 36
3 15
12 36
7 7
23 48
17 1
6 3
1 36
2 27
12 25
11 27
18 13
23 3
16 36
20 37
13 28
17 21
6 28
3 20
8 29
0 12
2 14
22 23
18 1
0 10
22 1
17 4
9 3
18 21
5 38
1 5
15 38
2 50
11 45
10 44
22 44
8 50
7 53
21 51
2 23
16 26
6 11
12 27
7 4
13 38
3 2
22 38
11 24
19 52
1 0
17 10
17 38
3 24
7 0
22 29
6 2
11 21
21 38
12 39
23 23
2 20
16 2
16 14
1 15
24 13
10 2
13 2
3 12
10 17
12 19
2 12
5 12
21 27
7 40
24 22
10 40
9 50
16 49
6 50
2 49
15 52
1 51
22 53
6 21
20 8
11 25
22 17
7 6
2 40
13 4
17 40
1 9
0 49
12 23
23 1
12 40
8 26
21 22
6 7
17 8
22 8
16 40
1 41
11 6
18 6
7 28
13 15
23 4
17 3
7 16
12 7
9 24
14 6
15 10
21 9
7 13
24 0
8 42
21 13
1 42
15 44
18 49
19 51
11 49
6 52
10 46
22 51
11 19
2 18
1 23
16 16
22 14
17 42
3 19
5 42
13 12
12 53
14 21
21 20
3 42
18 9
23 7
8 19
13 5
6 1
22 42
16 43
11 17
7 26
1 14
12 13
2 6
12 28
19 18
18 19
14 14
18 29
16 11
23 25
13 44
0 48
14 45
12 48
20 44
23 51
3 46
17 50
4 47

