317
2 5
6 2
13 30
1 24
11 30
4 51
15 51
19 44
5 45
0 49
16 44
10 45
2 14
11 11
13 4
12 14
23 17
17 30
22 10
7 30
16 4
3 52
1 20
21 27
23 30
3 16
6 14
22 24
8 0
12 28
2 30
16 31
1 12
21 17
13 24
11 27
21 23
22 5
16 11
20 3
10 5
16 8
16 10
3 8
6 18
2 1
13 32
4 26
10 32
15 49
5 46
1 52
16 50
8 47
12 50
0 46
8 17
16 19
1 22
11 1
12 7
22 32
7 9
17 32
21 21
3 47
4 16
9 8
6 32
1 27
2 12
18 27
17 7
8 1
12 32
21 33
16 15
8 12
13 9
7 2
3 22
17 11
21 14
14 22
14 24
9 24
1 29
2 27
12 21
4 9
15 34
2 8
18 34
6 45
1 49
5 52
8 44
14 48
10 48
0 52
1 13
6 22
18 28
16 26
20 10
7 34
9 12
11 34
23 25
17 51
2 18
3 23
3 34
13 19
11 3
1 19
17 18
12 12
6 34
22 35
7 29
18 9
23 15
16 5
2 2
5 22
9 25
11 26
8 15
12 18
13 21
23 7
0 12
1 6
13 36
6 3
18 36
2 44
15 53
8 52
4 48
11 49
16 47
5 47
13 23
16 2
18 6
2 4
7 23
10 36
17 27
22 36
1 8
3 45
6 26
21 18
17 36
16 25
23 4
22 7
3 15
13 27
2 36
10 37
21 11
2 7
7 12
18 10
6 7
19 11
8 14
16 9
21 5
21 28
9 0
17 9
5 28
19 9
1 38
6 8
13 38
12 49
8 53
11 48
18 48
4 45
0 48
16 48
8 5
23 1
1 7
17 15
2 9
15 38
7 20
10 38
18 18
21 48
6 16
22 26
23 38
12 8
6 4
22 4
7 19
18 23
21 38
15 39
2 19
13 3
3 2
1 21
11 14
9 27
22 12
20 12
20 20
0 29
10 7
15 9
0 6
2 16
18 40
16 28
5 40
15 45
1 50
13 45
10 52
4 44
12 48
11 53
6 9
11 0
18 26
1 15
12 10
22 40
16 16
7 40
2 23
3 51
17 4
21 0
3 40
16 23
11 2
13 13
12 26
6 19
1 40
22 41
8 24
18 25
17 13
21 15
7 27
11 24
10 8
14 0
15 5
14 13
14 16
21 9
19 7
0 16
1 42
11 9
12 42
5 49
18 46
10 53
6 51
8 46
4 52
14 50
8 2
1 9
2 11
16 14
13 29
18 42
7 21
21 42
12 23
9 45
3 18
11 10
7 42
16 27
1 25
22 17
23 13
11 6
3 42
15 43
8 3
21 7
18 17
6 10
12 1
20 16
17 5
24 2
11 12
17 16
12 19
10 1
23 47
21 46
20 45
3 49
9 52
7 49
22 45
17 46
24 52

