317
2 13
14 9
8 30
17 23
10 30
12 50
7 46
19 48
15 48
13 48
6 53
5 49
11 11
6 18
12 1
13 10
8 29
22 30
16 18
1 30
7 16
17 51
21 20
18 28
17 30
18 12
13 13
2 21
21 28
6 14
12 30
22 31
16 13
1 9
8 18
7 12
2 3
23 29
9 8
6 26
18 21
5 5
4 20
22 25
19 3
2 22
12 32
1 5
10 32
5 53
24 47
6 44
7 44
17 50
14 44
15 46
11 9
24 12
17 15
21 1
12 3
3 32
1 10
7 32
6 20
23 45
18 24
16 17
23 32
1 8
3 28
11 17
12 20
7 9
17 32
20 33
8 3
6 12
16 8
13 20
2 4
8 19
24 21
9 10
16 4
18 13
21 21
18 7
1 29
11 0
7 34
10 4
5 34
24 53
13 46
15 52
17 53
19 47
12 44
14 47
18 0
13 16
12 24
17 4
7 17
22 34
20 18
2 34
11 7
0 53
9 16
16 2
18 34
6 29
11 12
12 15
3 6
17 8
16 34
21 35
7 21
2 10
21 7
1 18
13 29
16 12
21 3
15 20
0 20
6 13
23 1
16 3
19 20
17 7
5 36
1 13
13 36
7 50
10 45
8 47
9 53
24 49
11 47
15 51
23 15
13 17
11 14
6 1
7 23
2 36
1 19
20 36
17 22
12 49
16 24
18 3
11 36
12 29
16 10
6 4
21 27
1 7
23 36
2 37
8 1
22 14
7 2
13 21
18 26
21 19
9 27
2 24
8 0
24 27
16 28
17 21
19 6
15 3
6 38
5 25
13 38
8 45
2 48
24 45
11 45
9 52
1 47
17 48
1 17
7 7
2 29
6 6
17 9
10 38
3 19
22 38
13 27
5 50
16 20
21 29
2 38
18 4
6 28
23 28
8 7
16 0
21 38
10 39
22 12
13 8
3 12
3 14
17 29
24 0
0 9
2 17
20 8
2 7
10 24
8 24
14 26
2 8
10 40
15 14
5 40
12 45
17 47
13 44
8 53
19 50
1 52
7 48
6 5
17 2
12 14
13 5
0 1
23 40
16 15
7 40
11 4
18 44
3 26
21 13
16 40
11 5
2 12
17 12
7 10
3 2
12 40
22 41
8 9
6 24
13 11
21 12
1 28
5 0
24 19
16 16
7 11
23 17
5 13
21 22
24 14
17 28
1 42
11 19
7 42
19 45
13 47
5 45
6 45
15 49
9 46
10 49
18 27
6 19
8 27
7 15
0 15
13 42
11 22
21 42
17 25
16 49
4 28
3 10
16 42
1 26
18 23
23 0
8 6
3 8
11 42
12 43
6 10
22 5
2 26
7 24
21 16
9 13
1 23
5 11
3 13
14 8
3 5
4 5
21 46
4 51
0 50
3 50
18 47
16 51
23 47
22 51
20 48

