317
1 19
24 8
20 30
23 9
8 30
7 49
2 53
0 52
10 49
5 52
18 50
22 53
1 17
8 20
7 7
18 24
22 1
12 30
6 11
2 30
21 21
11 45
16 19
17 2
17 30
18 7
21 4
3 23
6 26
11 8
22 30
12 31
16 15
1 7
7 27
8 0
2 6
0 9
19 22
8 14
16 25
12 8
21 11
5 8
22 6
0 21
23 32
21 2
1 32
10 53
3 45
6 50
18 51
7 45
20 49
5 44
22 15
18 23
23 2
1 21
2 20
7 32
21 25
15 32
6 28
12 47
11 27
13 10
12 32
2 10
3 22
17 5
13 23
6 23
21 32
7 33
18 14
16 2
22 26
11 3
1 16
14 29
11 29
18 21
18 22
11 23
8 7
5 1
18 28
10 18
22 34
5 6
20 34
6 47
0 45
8 49
1 52
9 45
24 44
7 53
6 19
21 24
23 29
1 6
7 17
2 34
11 14
17 34
22 14
16 50
12 2
13 7
8 34
17 1
11 26
12 17
22 5
6 2
13 34
2 35
16 3
23 19
3 27
21 7
7 23
7 6
5 9
21 5
9 5
16 26
19 1
19 3
22 20
1 11
6 36
21 6
8 36
0 49
20 51
23 44
5 47
18 44
2 50
24 48
18 27
22 3
23 0
6 22
7 3
2 36
21 26
10 36
1 29
17 50
16 9
13 21
18 36
16 12
7 14
11 4
23 21
13 15
22 36
2 37
12 5
21 23
6 20
17 20
1 24
23 20
16 8
5 17
15 10
7 25
1 15
13 14
0 27
20 6
2 38
21 18
7 38
10 52
1 44
9 46
23 50
5 45
22 48
6 53
6 25
7 4
8 6
12 19
2 15
22 38
11 21
16 38
13 27
24 53
4 12
21 27
6 38
17 13
23 22
3 16
21 15
11 1
1 38
12 39
2 18
16 21
7 22
7 8
18 8
12 16
14 3
17 16
1 18
10 28
3 25
13 28
20 9
5 15
22 40
6 8
0 40
24 52
7 51
21 48
2 44
9 53
8 45
3 47
2 3
23 25
22 11
21 12
7 21
17 40
4 24
10 40
1 2
13 46
6 0
19 27
2 40
22 18
7 11
13 6
12 22
6 12
21 40
16 41
3 21
11 18
23 11
1 10
8 26
2 22
20 27
10 22
11 10
13 9
13 29
15 27
10 10
23 14
6 42
8 22
2 42
0 48
21 47
5 53
18 52
1 49
9 51
24 50
6 7
2 24
7 13
18 4
10 17
0 42
8 19
20 42
17 0
19 50
13 17
12 3
13 42
18 29
21 29
8 9
1 5
7 0
11 42
16 43
2 0
6 18
12 6
3 14
22 9
10 14
17 9
4 0
0 3
6 1
2 11
0 7
17 46
15 46
19 49
16 46
11 52
12 48
13 49
4 53
14 44

