317
12 21
6 19
22 30
21 24
2 30
7 47
8 50
10 53
9 49
0 52
1 50
19 49
1 11
23 15
22 29
17 6
2 24
7 30
21 10
12 30
16 4
5 52
18 19
11 5
1 30
2 22
7 4
12 19
8 9
18 15
11 30
15 31
3 0
23 27
21 25
22 3
13 18
20 20
3 20
0 25
24 4
21 21
10 23
14 0
8 21
19 0
21 32
7 6
12 32
6 48
10 45
23 48
1 51
0 50
14 46
9 51
8 2
12 17
6 18
13 8
23 6
2 32
7 25
16 32
1 25
11 52
20 21
15 18
1 32
22 21
18 8
12 5
13 21
23 11
8 32
2 33
17 18
11 20
6 21
21 12
16 15
13 24
22 19
5 28
12 11
8 3
20 7
11 6
12 0
19 7
7 34
9 18
0 34
13 46
3 46
23 44
22 49
10 52
2 47
6 47
6 14
3 9
2 3
21 13
7 5
22 34
11 4
12 34
1 22
18 49
17 9
16 14
16 34
11 11
8 26
7 2
3 10
18 28
6 34
21 35
12 18
1 19
23 20
2 4
17 3
4 29
22 18
3 25
13 25
23 28
18 9
10 11
13 17
7 23
22 36
6 7
8 36
0 47
10 48
12 50
19 52
1 45
21 47
14 45
23 29
12 26
13 26
16 11
8 29
20 36
11 29
1 36
18 27
24 53
6 22
15 3
6 36
13 16
1 28
2 26
8 19
22 11
11 36
16 37
12 16
11 8
23 10
21 14
7 0
1 5
19 26
1 13
0 13
12 6
23 14
21 16
9 12
10 29
12 38
1 9
2 38
19 47
23 47
7 52
6 45
0 53
14 47
8 49
13 3
3 3
6 25
17 2
7 10
15 38
11 26
20 38
12 23
18 47
4 23
1 10
1 38
21 9
22 1
8 17
11 27
18 14
7 38
15 39
6 23
2 13
3 12
3 17
12 13
7 22
7 14
23 9
24 25
5 16
23 5
4 10
9 0
14 17
7 40
22 22
0 40
21 45
13 44
6 44
19 48
10 44
23 51
3 49
7 12
1 20
8 18
3 4
22 25
20 40
16 23
11 40
2 7
5 51
17 17
18 3
23 40
16 24
13 15
21 7
22 4
11 7
18 40
2 41
7 7
6 8
17 27
8 12
1 4
4 27
19 2
3 18
17 14
17 20
17 7
21 20
8 14
0 12
12 42
14 25
21 42
2 50
23 50
9 45
1 47
6 49
10 50
7 50
6 4
23 13
21 22
22 28
12 2
18 42
16 26
1 42
7 18
5 49
11 25
14 11
6 42
18 18
7 9
2 18
11 22
23 19
8 42
17 43
13 22
3 23
16 22
12 10
22 12
7 26
13 28
21 8
6 29
12 4
0 9
1 7
16 48
24 52
5 48
4 53
20 51
18 50
17 53
11 44
15 44

