317
2 1
8 18
0 30
6 9
10 30
19 44
22 53
20 44
4 45
9 48
7 45
3 45
11 10
3 11
1 11
7 4
22 14
17 30
21 8
12 30
2 22
15 50
5 27
6 23
22 30
21 25
8 26
13 22
12 24
1 19
6 30
16 31
23 16
11 20
3 23
2 8
13 23
14 11
3 13
18 4
4 9
4 15
0 19
0 12
1 25
19 24
2 32
18 20
8 32
7 50
6 48
22 51
11 51
14 49
0 49
4 53
1 18
8 17
2 9
3 29
17 11
5 32
13 19
10 32
22 22
23 44
16 21
24 7
7 32
13 16
12 15
3 16
8 22
23 3
17 32
20 33
2 4
1 23
16 1
7 14
11 28
20 8
6 26
20 21
14 24
13 20
24 1
3 6
11 22
19 11
7 34
6 25
3 34
10 46
1 45
20 46
18 48
0 50
2 49
9 45
3 17
1 6
18 14
11 5
7 6
22 34
16 22
12 34
2 11
21 45
6 3
17 14
17 34
1 8
12 8
13 3
6 8
18 6
11 34
22 35
3 10
8 3
21 6
7 24
16 6
0 17
8 14
12 13
7 22
14 23
9 29
9 0
19 29
7 18
10 36
4 19
8 36
3 46
0 51
1 47
6 51
18 52
22 46
2 46
11 9
18 28
8 5
21 7
2 2
22 36
16 14
12 36
6 18
5 45
17 7
4 18
17 36
16 0
13 1
11 0
3 0
23 13
2 36
20 37
12 22
1 12
8 29
18 7
6 19
14 13
19 2
14 8
1 5
23 23
22 13
14 18
10 7
19 17
8 38
3 26
0 38
22 48
18 53
20 50
11 45
4 48
14 48
2 53
1 27
11 18
2 16
6 27
8 8
3 38
12 3
22 38
18 9
13 47
16 3
17 4
11 38
21 11
18 25
17 18
22 15
8 13
12 38
5 39
2 26
13 10
1 28
3 15
23 17
2 5
3 22
7 20
20 6
21 14
0 22
13 11
4 10
14 15
18 40
9 17
0 40
7 46
8 51
3 47
10 45
2 50
11 47
6 46
8 7
18 8
7 19
16 12
0 7
2 40
9 6
20 40
17 17
23 47
12 21
13 27
6 40
22 29
12 17
13 8
2 19
3 18
23 40
15 41
7 15
21 19
1 14
8 28
18 12
0 27
18 24
18 29
6 29
20 22
23 27
18 10
9 19
20 23
3 42
2 20
18 42
11 50
8 49
10 51
22 52
1 53
0 46
14 44
22 3
1 1
3 7
11 29
18 27
12 42
2 0
6 42
16 5
21 48
23 22
17 8
22 42
13 12
21 21
18 5
6 12
1 26
23 42
11 43
16 9
17 3
2 29
3 1
7 12
16 17
3 4
1 4
2 13
9 27
4 21
13 6
17 49
16 47
15 52
12 48
21 53
23 49
13 44
5 53
24 47

