317
11 28
8 20
18 30
7 2
3 30
1 45
21 50
9 48
14 53
0 51
22 45
15 53
13 13
18 25
2 12
22 23
15 24
0 30
17 18
10 30
21 14
7 47
23 0
6 21
6 30
16 23
7 21
11 17
23 24
2 7
17 30
20 31
18 26
13 20
1 18
3 19
11 24
13 8
1 22
10 4
10 15
13 24
21 18
20 5
19 21
8 23
0 32
11 2
3 32
7 53
10 44
12 44
22 46
18 49
9 50
15 46
3 22
11 20
7 1
22 27
0 3
18 32
17 1
12 32
21 0
6 52
23 12
2 15
17 32
6 18
7 24
12 9
18 14
23 19
2 32
20 33
13 19
11 9
1 27
16 7
8 8
21 24
22 6
19 9
11 29
16 4
21 8
11 15
1 9
7 25
11 34
21 12
18 34
15 44
0 48
9 46
8 46
10 48
22 44
14 47
18 10
1 12
8 5
11 13
12 6
2 34
21 20
22 34
7 12
17 47
16 17
6 10
8 34
11 1
23 20
22 2
16 6
6 6
21 34
2 35
13 23
18 29
2 26
17 22
7 14
15 23
18 15
11 25
21 7
16 27
4 22
20 24
10 23
1 4
18 36
11 19
7 36
12 46
14 46
0 53
9 51
22 51
21 51
15 47
23 25
12 17
6 9
18 21
7 18
3 36
11 0
20 36
2 22
13 49
17 6
16 0
11 36
12 22
23 9
22 13
8 11
18 3
6 36
2 37
21 19
6 3
17 5
13 1
1 10
6 20
17 14
7 11
12 0
18 5
6 7
4 23
19 13
15 2
11 38
18 4
8 38
7 51
21 47
0 47
4 51
14 45
10 51
22 48
12 12
6 2
11 21
3 13
7 29
0 38
13 18
21 38
2 20
16 47
17 2
18 2
16 38
21 29
11 18
13 0
22 1
7 22
18 38
1 39
8 16
17 9
6 19
6 1
23 22
14 4
5 8
11 12
23 26
21 5
23 15
22 20
9 19
14 23
3 40
10 27
11 40
0 46
21 48
1 50
19 53
15 52
8 49
18 52
8 1
12 1
21 4
23 23
3 1
0 40
13 21
5 40
22 26
10 50
16 25
17 7
17 40
7 6
2 25
18 7
16 15
13 7
8 40
22 41
11 4
6 27
1 20
21 25
12 19
0 18
1 23
8 28
7 0
24 9
21 17
6 5
21 28
0 8
18 42
3 4
11 42
1 47
7 48
10 45
8 52
15 49
14 44
4 49
12 11
11 27
1 8
8 9
17 8
3 42
16 16
22 42
7 8
2 47
13 28
6 25
1 42
1 14
22 21
12 10
18 13
13 17
6 42
7 43
17 0
11 5
2 29
16 21
21 27
11 3
18 17
22 0
20 11
17 10
8 0
3 25
23 50
6 50
5 48
13 51
24 53
17 45
16 48
2 50
20 51

