317
1 8
14 16
10 30
13 8
20 30
17 47
12 49
18 46
4 52
19 47
8 47
0 47
21 17
11 7
13 12
1 22
17 8
7 30
16 26
22 30
12 20
6 51
3 11
2 28
3 30
2 10
13 11
23 28
17 22
6 23
12 30
7 31
1 14
22 16
16 27
18 20
23 22
16 11
1 28
20 12
24 26
8 10
7 10
9 4
13 10
8 8
20 32
17 26
0 32
18 48
14 47
12 48
22 48
11 51
4 49
19 46
2 23
21 6
1 7
16 1
17 21
12 32
3 22
22 32
11 9
6 49
7 22
5 21
3 32
2 0
17 6
23 19
21 7
13 4
7 32
10 33
18 25
22 4
6 27
3 6
16 23
0 12
19 6
13 15
4 7
23 11
21 19
10 28
11 26
23 9
17 34
20 21
0 34
19 52
4 45
21 51
13 51
10 48
8 51
22 51
1 3
21 29
22 6
11 13
17 17
7 34
2 26
12 34
23 20
6 46
16 14
3 4
21 34
1 18
12 10
13 18
18 19
22 8
11 34
7 35
3 10
17 16
6 21
16 29
23 1
19 2
9 27
5 13
10 29
17 11
12 8
15 4
11 12
19 29
13 36
1 5
20 36
17 53
10 50
12 45
4 46
18 44
8 44
0 48
21 12
2 22
13 13
11 17
17 29
7 36
1 29
22 36
12 21
6 47
3 16
16 5
2 36
3 28
23 7
21 26
13 23
6 5
12 36
7 37
22 25
11 20
18 26
1 23
17 10
11 22
9 3
8 20
20 2
14 0
16 21
4 11
4 21
0 22
10 38
23 6
20 38
12 46
22 52
17 45
18 47
14 53
13 44
1 51
6 26
22 29
11 4
21 2
12 29
7 38
2 29
17 38
1 21
23 45
3 1
16 6
23 38
3 2
17 1
11 1
18 13
6 28
13 38
7 39
12 26
1 6
22 20
21 13
2 15
24 28
9 6
7 7
13 19
13 5
24 15
2 18
0 13
14 27
11 40
20 6
21 40
10 52
17 50
13 49
23 52
4 50
8 45
1 48
23 27
13 20
11 11
12 24
20 15
0 40
2 3
17 40
8 6
3 53
16 19
6 19
23 40
17 14
13 16
12 7
3 13
2 20
16 40
7 41
21 16
18 24
1 4
22 18
6 18
15 15
20 23
4 3
16 12
5 0
13 7
24 2
17 28
20 27
0 42
14 26
21 42
13 50
18 49
10 46
12 50
8 50
23 49
11 49
8 26
21 24
1 24
3 18
22 12
12 42
14 7
17 42
2 6
6 44
7 26
16 16
6 42
3 15
12 27
16 7
22 28
18 2
11 42
2 43
8 14
17 9
1 27
7 9
23 29
9 21
13 3
14 4
17 20
0 10
14 23
16 28
6 53
9 49
15 52
7 47
24 51
2 47
3 51
16 47
5 48

