1 97206 103.031000 12559 1325 1012 422 6000 2000 1800
2 97733 102.360000 11063 1322 1224 417 5000 1000 2100
3 94144 103.125000 9637 1527 802 408 4000 1000 1900
4 85039 100.874000 17433 1343 1063 427 10000 3000 1600
5 91870 104.516000 10912 1312 988 412 7000 0 1200
6 95325 97.891000 16040 1419 1399 422 6000 4500 2300
7 66008 100.421000 21423 1264 751 408 13000 4000 2000
8 94382 100.844000 13392 1388 994 410 7000 2000 1600
9 84728 102.250000 18598 1304 881 413 12000 2000 2000
10 99435 99.750000 23576 1419 739 418 13000 6000 2000
