317
21 6
6 12
7 30
22 18
17 30
12 53
23 44
20 52
15 50
19 48
11 47
5 48
1 9
8 29
7 22
23 20
17 12
12 30
16 4
2 30
6 19
14 51
24 17
22 10
16 30
3 5
17 17
22 3
18 10
7 19
1 30
11 31
2 22
23 5
21 2
8 23
22 26
4 5
19 25
10 21
18 7
21 4
23 29
4 20
7 2
8 14
22 32
6 21
17 32
19 52
15 53
21 48
11 53
4 49
20 53
5 45
18 2
3 13
17 28
21 16
22 21
12 32
16 13
0 32
8 20
6 47
9 2
10 13
7 32
18 18
6 0
23 26
2 25
16 3
11 32
12 33
3 8
23 4
21 29
17 11
8 24
14 23
20 10
11 15
18 21
21 13
4 25
15 15
12 17
4 9
20 34
13 16
18 34
7 44
17 47
22 52
8 52
5 53
11 44
15 49
12 27
17 13
16 21
21 25
2 2
7 34
13 25
22 34
18 23
9 52
1 13
10 29
12 34
21 1
3 10
2 28
16 22
13 8
11 34
6 35
22 12
17 2
8 19
18 5
1 14
17 21
13 26
7 7
22 2
13 11
10 10
15 23
6 25
4 1
11 36
21 20
22 36
18 51
19 51
17 44
20 44
13 52
8 47
5 52
18 26
13 12
12 24
17 27
22 17
15 36
10 25
7 36
3 11
1 48
2 11
21 27
21 36
13 3
2 18
3 23
23 11
18 20
6 36
15 37
8 2
8 28
12 22
11 27
22 14
10 23
10 4
19 17
22 5
12 9
2 13
15 28
7 15
19 16
5 38
15 19
21 38
13 47
11 46
12 44
18 53
20 48
17 48
23 45
12 25
21 8
11 21
13 17
22 25
2 38
10 0
7 38
17 25
1 53
15 7
16 2
23 38
6 18
8 21
11 26
18 8
1 12
12 38
2 39
13 4
21 15
22 24
22 13
16 9
5 17
21 14
7 13
10 1
0 1
16 25
11 3
4 11
19 20
5 40
15 21
11 40
17 50
22 51
7 46
13 53
18 46
23 52
21 50
23 2
17 6
11 0
18 25
12 7
7 40
2 5
20 40
6 3
16 48
3 26
1 29
13 40
21 7
16 7
18 0
3 18
2 17
23 40
7 41
11 12
22 4
1 17
12 19
6 16
9 7
0 9
1 6
3 14
1 4
24 9
9 1
4 2
11 19
12 42
23 22
18 42
5 44
21 53
15 44
22 44
6 51
17 51
20 47
6 13
12 13
13 19
7 28
18 24
20 42
23 0
1 42
8 3
24 48
10 11
16 23
16 42
18 14
11 5
2 4
23 10
3 20
6 42
7 43
22 0
1 27
17 1
21 3
12 18
3 7
20 25
8 16
18 16
6 20
14 17
2 26
3 44
14 45
10 46
2 46
24 45
9 48
1 50
16 47
0 48

