317
21 2
18 16
13 30
12 10
8 30
0 48
17 47
16 51
7 49
19 45
2 51
10 51
17 0
11 25
13 19
1 15
7 27
15 30
6 1
20 30
2 24
12 44
4 16
23 17
7 30
16 18
18 4
23 26
6 8
13 1
17 30
1 31
8 17
22 23
12 4
11 24
23 28
10 8
14 3
14 1
5 0
10 9
7 8
3 14
7 22
0 7
18 32
16 11
13 32
21 52
12 49
17 53
1 47
8 48
10 50
9 44
12 5
21 14
13 8
23 5
17 6
7 32
16 24
2 32
1 17
20 46
11 23
6 14
6 32
2 17
3 0
18 9
7 25
21 13
11 32
22 33
16 5
17 18
13 29
6 21
1 16
9 22
24 22
9 6
19 13
16 8
4 27
6 11
13 24
19 24
8 34
12 13
0 34
17 51
3 44
16 44
21 44
10 49
18 45
14 52
13 18
16 20
21 8
1 22
8 10
17 34
22 21
2 34
7 6
11 52
12 14
23 7
23 34
16 29
12 12
13 5
3 18
22 29
11 34
5 35
17 19
2 19
7 5
1 21
21 7
14 9
22 16
9 28
4 20
12 0
3 3
1 13
21 20
8 0
13 36
7 13
18 36
2 45
1 49
12 50
10 44
17 46
3 52
9 48
13 12
12 24
3 6
2 25
20 17
10 36
7 28
15 36
8 18
6 51
23 15
22 17
23 36
22 1
6 19
17 13
13 7
18 20
12 36
0 37
16 10
12 19
7 11
21 11
3 10
1 3
22 26
3 16
21 3
3 12
15 23
11 12
9 0
10 16
18 38
21 22
0 38
16 47
8 44
12 52
13 46
17 49
14 51
7 48
8 29
7 29
16 15
17 4
18 1
12 38
6 0
2 38
23 1
11 45
20 29
21 25
8 38
13 20
17 21
16 17
3 22
12 2
11 38
22 39
1 24
21 6
6 12
6 25
2 20
17 28
6 20
24 26
7 0
20 9
18 17
18 13
19 15
14 5
2 40
8 4
12 40
0 44
16 53
18 52
21 49
17 45
1 46
9 53
21 15
17 24
1 2
16 3
12 28
5 40
4 5
22 40
3 15
15 50
11 4
8 22
11 40
1 7
23 3
21 26
22 19
13 0
17 40
5 41
18 7
16 25
3 19
8 5
12 20
15 29
16 14
19 4
21 29
23 6
5 16
19 10
18 21
0 8
7 42
3 29
12 42
2 50
21 45
14 47
19 48
9 47
10 53
1 48
8 24
1 20
2 26
7 18
12 11
22 42
11 26
15 42
21 24
6 46
3 11
20 5
11 42
11 29
1 8
6 6
17 11
8 7
18 42
22 43
16 23
7 2
12 1
21 0
2 7
8 3
20 18
14 12
18 25
6 29
7 10
19 29
22 47
15 49
24 49
4 48
5 49
6 48
23 50
11 50
20 48

