317
3 0
16 4
13 30
21 18
6 30
8 52
23 51
20 52
15 49
9 44
17 47
5 53
13 20
6 29
23 26
17 1
7 3
2 30
21 26
10 30
1 13
22 52
19 20
18 11
8 30
7 15
17 4
12 7
23 28
3 24
18 30
0 31
6 17
11 0
21 0
22 16
13 13
21 3
23 20
9 1
14 16
23 9
21 17
10 20
17 25
6 26
13 32
2 9
7 32
3 44
9 48
16 53
21 50
23 45
10 53
5 52
3 4
18 6
13 22
21 16
7 21
22 32
12 8
15 32
6 15
11 52
2 4
1 18
1 32
8 10
6 18
16 0
18 7
2 0
12 32
20 33
23 8
17 22
13 27
3 27
7 18
11 4
20 12
0 3
14 0
3 10
16 28
1 1
16 18
2 17
8 34
21 9
6 34
3 53
23 47
14 45
13 52
15 47
5 50
20 50
23 16
3 18
6 14
16 21
7 8
12 34
21 12
17 34
2 13
4 46
1 24
22 22
21 34
8 14
17 8
18 8
3 21
22 29
16 34
10 35
7 20
6 27
11 26
1 16
23 6
23 13
21 5
11 3
20 3
17 14
13 0
5 21
15 25
23 11
16 36
7 11
5 36
8 51
9 53
21 51
20 49
3 47
13 51
14 49
17 26
21 14
13 24
11 5
5 28
7 36
19 5
2 36
12 4
18 50
22 0
1 7
18 36
16 11
22 18
7 10
3 12
13 5
1 36
10 37
6 9
1 11
8 17
17 3
23 25
2 21
10 24
4 16
9 2
4 6
4 29
4 15
5 4
15 26
2 38
16 6
20 38
6 48
17 45
14 53
7 51
23 53
9 50
13 50
6 3
3 6
7 13
12 11
17 27
13 38
8 16
22 38
11 1
0 44
16 15
1 3
7 38
16 14
2 28
6 12
1 5
17 9
8 38
10 39
22 17
13 7
21 29
21 21
18 0
4 0
10 12
6 2
20 4
13 11
2 27
8 19
9 18
2 6
7 40
14 25
15 40
10 46
23 44
6 47
3 46
20 47
21 53
13 47
16 12
6 25
8 4
21 27
0 20
12 40
5 19
17 40
23 15
24 50
4 1
11 21
11 40
7 19
2 16
1 10
3 25
16 10
6 40
21 41
18 3
8 11
12 17
13 23
17 17
6 11
10 28
9 0
13 12
11 27
15 5
18 16
21 22
15 10
8 42
17 0
2 42
10 51
23 49
5 44
13 45
6 44
7 50
16 44
2 1
6 6
16 24
11 11
7 9
12 42
18 21
20 42
3 20
17 44
0 11
1 28
17 42
12 2
16 17
21 6
3 26
8 12
23 42
12 43
1 27
22 24
11 7
2 8
7 14
0 9
14 22
24 3
21 25
12 12
5 26
24 10
18 44
24 52
0 50
19 47
11 49
12 48
1 52
22 51
4 50

