317
22 9
19 8
15 30
17 10
13 30
1 45
6 49
7 47
5 48
9 48
8 50
0 51
6 25
9 13
16 0
13 6
7 7
2 30
18 7
21 30
1 20
17 45
12 25
11 18
12 30
13 20
16 21
21 11
6 26
1 8
18 30
2 31
11 13
23 21
8 14
7 25
23 10
9 12
1 9
20 26
11 3
10 3
6 5
0 0
1 23
6 12
15 32
21 4
13 32
7 51
22 50
17 48
8 51
2 46
5 44
0 50
2 14
7 28
1 11
8 3
13 4
18 32
21 13
10 32
16 23
23 52
3 27
9 2
7 32
21 23
6 2
11 0
12 24
22 12
1 32
17 33
16 9
13 27
3 29
23 26
8 25
19 0
18 27
11 17
20 14
24 14
4 19
23 22
2 19
7 20
8 34
0 15
15 34
1 49
13 52
6 52
22 49
14 46
21 51
5 52
22 23
1 5
8 4
6 23
15 3
12 34
24 22
17 34
2 10
10 50
3 5
23 9
6 34
18 20
3 19
1 22
21 12
8 10
2 34
11 35
16 15
22 10
11 10
23 18
7 23
1 15
21 19
3 10
21 14
22 4
4 20
21 10
9 15
7 13
0 36
8 13
21 36
6 53
19 49
17 50
5 50
16 44
13 47
15 44
1 12
17 13
16 10
21 26
5 16
10 36
23 16
2 36
13 19
18 53
8 1
24 21
23 36
21 9
1 18
3 26
18 2
11 21
16 36
12 37
2 1
16 17
8 5
22 20
6 24
11 7
11 19
2 25
22 13
4 15
0 5
11 29
5 5
19 22
16 38
15 22
21 38
1 53
13 51
2 51
8 44
0 44
9 49
6 44
21 22
1 25
22 15
16 5
17 24
12 38
23 5
6 38
2 5
11 44
15 16
3 17
3 38
18 28
7 17
6 27
17 12
11 20
2 38
12 39
23 6
1 6
21 21
22 24
16 27
14 29
0 28
2 7
5 1
22 6
21 1
15 27
0 14
5 18
1 40
7 15
13 40
9 51
17 53
21 52
8 53
6 48
22 45
19 51
1 10
13 18
8 9
6 11
2 22
17 40
20 8
22 40
16 8
11 51
7 8
12 17
7 40
1 29
22 18
21 17
23 15
12 23
6 40
15 41
11 9
3 7
2 17
18 19
13 24
4 1
0 10
10 15
20 2
0 6
16 2
19 26
13 8
0 11
8 42
19 23
15 42
2 47
21 49
5 53
7 44
1 46
6 51
17 52
8 16
17 20
7 22
21 0
2 0
22 42
4 8
12 42
6 8
18 51
19 24
11 24
1 42
22 29
2 11
12 13
18 22
6 3
11 42
22 43
16 29
13 28
21 5
17 23
7 4
10 4
24 16
19 9
15 25
11 26
11 28
21 16
23 45
24 53
4 47
20 44
12 46
11 50
3 50
18 46
10 44

