317
11 6
24 20
12 30
23 23
17 30
0 51
4 49
20 49
9 46
19 52
1 49
10 51
8 17
18 9
17 15
11 17
12 2
2 30
16 25
5 30
1 14
21 49
23 13
22 19
16 30
7 10
6 15
23 8
17 0
12 8
8 30
1 31
18 28
21 6
11 21
13 7
21 11
7 14
15 5
2 27
6 16
19 15
8 6
5 10
12 20
19 25
23 32
18 27
0 32
17 53
2 48
3 48
11 48
13 52
4 52
20 45
23 19
2 14
22 24
1 13
3 6
7 32
16 8
10 32
13 26
18 50
21 1
6 28
18 32
22 20
16 21
1 24
12 26
6 10
3 32
7 33
11 15
13 9
2 25
23 15
17 24
12 14
9 4
9 21
21 12
14 24
21 3
13 6
12 3
23 18
10 34
9 24
1 34
3 50
24 53
19 49
18 53
0 49
4 45
20 46
1 23
7 15
6 20
11 16
2 22
17 34
15 23
12 34
23 9
8 50
21 16
22 13
22 34
11 24
8 10
7 17
3 23
21 20
6 34
16 35
12 24
1 22
18 26
2 1
23 0
8 29
0 11
19 19
5 28
7 8
7 19
23 21
12 6
2 26
23 36
11 11
0 36
3 47
4 47
9 51
20 44
13 47
18 48
10 48
9 15
23 11
1 15
3 3
12 4
7 36
22 27
17 36
2 15
21 44
11 14
16 0
11 36
13 24
3 26
23 14
18 20
17 19
21 36
6 37
22 18
22 26
1 11
12 27
16 13
11 22
14 0
22 2
12 13
17 14
13 23
11 12
4 23
10 25
11 38
2 3
18 38
13 53
23 49
9 52
1 52
0 44
24 49
3 52
1 1
3 15
11 13
23 29
12 5
20 38
7 18
15 38
22 28
8 53
2 23
6 14
7 38
13 18
17 22
6 18
16 16
12 12
8 38
20 39
2 7
23 20
3 17
1 18
11 26
6 13
22 1
3 8
2 11
0 16
5 24
11 20
0 5
20 9
3 40
24 12
17 40
1 44
11 52
2 46
9 44
10 53
23 50
19 45
16 1
17 11
18 25
21 19
2 9
0 40
8 16
12 40
23 3
24 52
6 0
7 7
16 40
13 8
7 13
6 7
8 27
1 5
11 40
21 41
17 27
12 23
3 11
18 0
2 13
6 8
8 2
17 18
14 29
15 10
7 0
14 13
1 29
20 7
17 42
23 22
10 42
0 47
13 50
4 48
2 52
3 44
19 51
24 46
22 21
2 17
3 25
7 29
17 3
0 42
16 14
12 42
8 14
21 50
23 7
6 29
2 42
12 17
17 1
23 4
21 0
13 0
6 42
7 43
1 2
22 9
11 5
3 18
16 7
12 7
7 24
4 20
15 8
15 16
9 17
14 9
6 52
21 53
14 48
22 50
15 45
8 49
7 49
16 48
5 47

