317
2 23
24 27
22 30
21 6
8 30
12 45
15 44
7 52
6 48
5 50
13 48
20 44
2 20
8 5
7 12
16 18
22 18
17 30
3 27
11 30
6 25
1 51
19 23
21 3
3 30
1 22
8 28
11 13
12 9
23 2
7 30
16 31
2 27
13 28
6 15
22 11
11 24
11 4
18 18
19 4
7 28
13 7
12 24
20 11
16 27
15 23
23 32
22 26
5 32
7 53
8 51
21 53
12 46
11 50
9 52
20 46
21 9
16 13
23 27
6 16
7 6
2 32
22 16
12 32
11 1
17 49
18 3
4 10
16 32
6 23
18 28
13 26
11 9
8 22
21 32
1 33
12 23
13 22
23 6
7 8
17 20
10 15
21 24
10 2
14 5
5 22
1 10
7 15
2 5
11 2
15 34
9 12
6 34
12 51
23 48
13 51
21 44
20 47
8 52
5 51
16 8
6 12
8 24
21 11
12 20
22 34
17 14
2 34
7 4
0 53
1 1
18 15
8 34
13 3
16 25
17 0
3 15
6 3
18 34
22 35
12 26
2 26
23 29
1 26
7 2
22 25
16 28
24 29
18 1
4 8
5 27
8 21
22 17
7 1
12 36
23 5
8 36
11 48
20 53
21 46
5 47
2 46
16 53
24 52
11 23
22 22
21 29
8 15
12 1
15 36
23 11
2 36
7 27
18 46
6 21
1 28
23 36
21 5
6 2
12 13
2 28
18 11
1 36
15 37
13 6
1 25
11 28
22 19
8 18
17 25
21 7
19 1
0 13
0 21
8 9
24 14
5 13
20 24
23 38
16 19
12 38
11 52
2 44
6 49
7 48
15 45
8 50
22 47
13 8
16 9
12 6
1 16
22 12
3 38
17 28
7 38
2 16
18 45
14 8
21 4
17 38
23 17
21 16
18 12
8 12
11 12
6 38
1 39
7 7
16 12
13 12
13 17
22 0
2 4
0 29
11 10
14 14
1 24
6 18
16 5
9 4
5 18
12 40
6 22
15 40
8 45
2 45
22 49
20 49
7 46
11 49
21 48
21 18
13 21
2 21
12 10
7 25
17 40
6 17
22 40
16 4
14 46
3 24
1 9
1 40
22 5
7 17
6 24
13 4
12 2
21 40
17 41
2 29
23 23
11 16
3 16
16 23
3 12
16 26
3 3
0 27
20 18
19 25
21 17
11 20
13 2
7 42
6 4
15 42
24 48
2 52
5 45
22 53
23 50
9 44
12 47
11 26
8 7
7 23
12 17
17 22
2 42
19 15
20 42
16 29
10 44
6 0
1 5
17 42
3 18
13 16
6 14
8 14
23 9
12 42
2 43
16 24
7 21
1 20
18 4
21 1
0 4
4 2
2 6
18 24
21 23
14 18
10 8
1 46
4 45
0 48
14 53
18 48
17 44
10 47
3 53
19 50

