317
8 15
24 8
0 30
23 25
2 30
5 49
21 45
15 48
10 47
20 48
17 48
19 50
1 10
0 16
21 21
8 20
2 25
17 30
22 16
11 30
16 22
23 48
7 25
6 15
6 30
7 7
23 10
11 6
12 5
1 27
22 30
16 31
8 6
13 10
2 26
3 12
11 15
10 28
9 4
6 9
14 21
13 22
10 10
24 3
23 3
20 12
0 32
3 0
18 32
21 47
10 52
2 44
16 44
5 48
15 47
24 48
16 2
23 21
18 0
21 14
0 17
7 32
17 0
12 32
6 18
22 46
3 11
11 0
17 32
2 5
16 27
11 29
12 14
3 16
23 32
6 33
13 16
11 20
21 18
1 5
18 20
18 8
3 2
3 7
16 10
5 3
16 4
8 12
8 4
19 8
17 34
24 28
15 34
23 49
3 45
21 46
1 49
0 46
10 48
20 53
11 8
1 24
23 7
21 29
17 5
2 34
9 3
5 34
8 13
12 48
13 6
22 21
11 34
8 3
16 28
18 23
23 28
13 26
12 34
2 35
7 6
21 7
2 7
22 12
17 17
23 16
13 23
11 23
13 14
5 25
24 25
8 16
23 14
1 12
15 36
8 28
18 36
5 47
20 46
17 44
10 45
0 50
21 49
24 49
23 17
17 18
18 13
16 25
20 9
2 36
6 11
11 36
1 18
7 45
22 24
8 24
23 36
22 23
18 24
11 12
8 23
13 11
7 36
2 37
12 29
6 19
16 24
21 22
1 2
13 20
20 5
23 6
18 26
21 13
16 6
23 22
5 20
3 13
15 38
2 28
17 38
10 44
8 44
24 51
23 53
19 47
0 45
1 51
18 28
16 0
17 19
21 6
10 25
22 38
2 4
7 38
3 3
12 44
13 4
6 3
12 38
7 4
2 13
1 3
13 29
8 0
6 38
20 39
17 27
23 29
16 11
18 15
11 9
19 22
11 19
16 7
11 5
5 5
5 21
11 14
15 9
20 14
2 40
21 16
23 40
0 44
18 44
17 52
10 46
16 48
5 50
1 46
16 18
1 14
23 0
12 3
2 1
17 40
22 13
7 40
13 15
6 45
21 24
11 18
22 40
7 8
8 26
23 8
17 10
2 29
6 40
12 41
3 18
16 3
18 18
11 3
1 6
11 10
16 29
12 27
8 25
13 25
22 28
17 1
8 8
24 4
18 42
16 5
20 42
1 47
3 52
17 47
2 46
5 52
23 50
10 50
17 9
13 18
12 10
21 12
22 4
2 42
11 2
5 42
18 10
16 51
15 1
4 3
22 42
2 17
21 11
18 2
12 7
7 1
16 42
0 43
11 28
17 3
3 27
13 21
6 7
4 8
2 15
12 21
14 17
12 25
23 27
4 10
6 44
13 51
9 45
7 44
4 50
12 45
11 46
22 50
14 46

