r\t   0   1   2   3   4   5   6   7   8   9  10  11  12  13  14  15  16  17  18  19  20  21  22  23  24 
  0  -1  -1  -1  -1  -1  -1 133  -1  -1  -1 259 252 296  -1  -1  -1  64 202  -1  -1  -1  66 298  -1 216 
  1  -1  -1  -1  -1  -1  -1  -1 179  -1  -1  -1  83 120 191  -1  -1  80  -1  -1  -1  -1 190  -1  -1  -1 
  2  -1  87 154  -1  -1  -1  73  -1  -1  -1  -1 301  -1  84  -1  -1  26  -1  -1  -1  -1  -1 236 236  -1 
  3  -1  -1  -1 103  -1  -1  -1  -1 238  -1  -1  44 131 121  -1 132  -1  -1  -1  -1  -1 114  43  28  -1 
  4 174 167  -1  -1  -1  -1  -1 194 123  -1  -1 243 164 255  -1  -1  -1  -1 305  -1 263 232  -1  -1  -1 
  5  -1 205  -1  88  -1  -1  -1  -1  -1  -1  -1 146 165  38  -1  -1  -1 300  -1  -1 265 101 168 115  -1 
  6  -1 291  -1  85  -1  -1  -1  -1  -1  -1  -1  -1 282  78  -1 106  -1 189  -1  -1  -1  -1  -1 100  -1 
  7  -1  -1  -1  -1  -1  -1  -1  89 212  -1  -1  -1  -1  29  -1  -1  -1 245  -1  -1  -1 166  -1  12  -1 
  8  -1  -1  -1  -1  -1 176 247 284 279  -1  -1 258  -1 160  -1  -1  18  -1  -1  -1  -1  -1 208 210  -1 
  9  -1  -1  -1  36  -1 104 104  -1  -1  -1  -1 277  -1 209  -1  -1  -1 302  -1  -1  -1  41 260  -1 129 
 10  -1  -1  -1  -1  -1  -1 276  -1  -1  -1  -1  -1 196  56  -1 267 218  -1  -1  -1  -1  71  81  -1  -1 
 11  -1 172  -1  -1  -1  -1  -1  -1  -1  -1  -1 307  -1  -1  -1  -1  -1  -1  -1  -1  -1  -1  -1  -1  -1 
 12  -1 117 126  -1  -1  -1  -1 158 246  -1  -1  -1 242  -1  -1  45  -1  -1  -1  -1 175 256  -1  -1  -1 
 13  40  -1  -1 293  -1  -1 233  -1  -1  -1  -1 113  -1  -1  -1  -1  -1  -1 280 280  -1  -1  34  -1  -1 
 14  -1 240  -1 157 215  -1   0  -1  -1  -1  -1  -1  -1  -1  -1  -1  -1  70 203  -1  -1  -1  -1  -1  -1 
 15  -1  -1  -1  -1 155  -1  -1  -1  -1  -1  -1 223 170  -1  -1  -1 125  -1  -1  -1  -1  -1  -1  -1 127 
 16  -1  -1  -1  67  -1  -1  -1 248  -1  -1  -1  -1  -1  -1  -1  -1  -1  -1 253  -1  -1  14  -1  39   3 
 17  -1  -1 111  -1  -1  -1  -1  42  -1  -1  -1  -1  62  13  -1  -1  -1 173  -1  -1  -1 211  60  60  -1 
 18  -1 152  33  72  -1  -1  -1  -1  -1  -1  -1  58  20  -1  -1  -1 304  -1  -1 177  -1  -1  -1 289  22 
 19  -1 264  -1 303  -1  -1 204  -1  -1  -1  -1  -1  -1  -1  -1  -1 147  -1  -1  -1  -1  77  -1  -1  -1 
 20  -1  -1  -1  -1  -1  -1  -1  -1 198  -1  -1  -1  -1 292  -1  -1 199 130  -1  -1  -1  -1 249  -1  -1 
 21  -1 102 297  -1  -1  -1  25  -1  -1  -1  -1 306 257  -1  -1  91  -1  -1 290   1  -1 135  -1  -1  -1 
 22  -1  -1  -1 144  -1  86  -1  32 110  -1  -1 299  -1  -1  -1 287  -1  -1  -1  -1  82  -1 192 192  -1 
 23  -1  57  79  -1  -1  -1  -1 235  -1  -1  -1  15  -1  -1  -1  -1 122  -1  -1  -1  -1  -1 169  76  -1 
 24  -1  -1 201  47  -1  -1 116  -1  -1  -1  -1  -1  -1  -1  -1  -1  -1  -1  -1  -1 220  -1  -1  -1  -1 
 25  -1  -1 124  27  -1  -1  -1  -1  -1  -1  -1  -1  -1 234  -1  -1  -1  -1  -1  -1 214  -1 150 128  -1 
 26  -1 213  -1  -1  -1 219  -1  -1  -1  -1  -1  -1  -1 171  -1  -1  -1  -1  -1  -1  -1  35  -1 145  -1 
 27  -1  -1  -1  -1  -1 221  -1  -1  -1  -1  -1  -1  -1  -1  -1  -1 286  -1  -1  -1  -1  -1  -1 161  -1 
 28  23  -1  -1  -1  -1  -1  59  -1 159  -1  -1  -1  -1 278  -1  -1  -1  -1  69  -1  -1  -1 108  -1 217 
 29  -1  -1  -1  -1  -1  -1 188 262  -1  -1  37  -1 148 148 261  -1  -1  16  16  -1  -1  -1  -1 254  -1 
 30  -1  19  19  19  -1  17  17  -1  24  -1  -1  -1  -1   4   4  -1  -1  30  -1  -1   2   2  -1  -1  -1 
 31  -1  -1  -1  -1  -1  -1  -1  -1  -1  -1  31  31  31  -1  -1  -1  -1  -1  -1  -1  -1  -1  -1  -1  -1 
 32  -1  68  -1  -1  -1  48  48  61  61  -1  -1  -1  74  -1  -1  -1  -1  63  63  63  -1  -1  -1  46  46 
 33  -1  -1  -1  -1  -1  -1  -1  75  75  75  -1  -1  -1  -1  -1  -1  -1  -1  -1  -1  -1  -1  -1  -1  -1 
 34  -1  -1  -1 112  -1  92  92  -1  -1  -1  -1 107 107 107  -1  -1  -1  -1 105 105  -1  -1 118  90  90 
 35  -1  -1  -1  -1  -1  -1  -1  -1  -1  -1  -1  -1  -1  -1  -1  -1  -1 119 119 119  -1  -1  -1  -1  -1 
 36  -1  -1 156  -1  -1  -1  -1 151 151 151  -1 162  -1 136 136  -1  -1 149 149  -1  -1  -1  -1 134 134 
 37  -1  -1  -1  -1  -1  -1  -1  -1  -1  -1  -1  -1  -1  -1  -1  -1 163 163 163  -1  -1  -1  -1  -1  -1 
 38 195 195 195 206  -1  -1  -1 200  -1  -1 193 193  -1 180 180  -1  -1  -1  -1  -1  -1  -1  -1 178 178 
 39  -1  -1  -1  -1  -1  -1  -1  -1  -1  -1 207 207 207  -1  -1  -1  -1  -1  -1  -1  -1  -1  -1  -1  -1 
 40  -1  -1 237 237  -1  -1  -1  -1  -1  -1  -1  -1 244 224 224  -1 250 239 239 239  -1  -1  -1 222 222 
 41  -1 251 251 251  -1  -1  -1  -1  -1  -1  -1  -1  -1  -1  -1  -1  -1  -1  -1  -1  -1  -1  -1  -1  -1 
 42  -1  -1 283 283 283  -1 294  -1  -1  -1 268 268  -1 266 266  -1  -1  -1  -1  -1  -1 288  -1 281 281 
 43  -1  -1  -1  -1  -1  -1  -1 295 295 295  -1  -1  -1  -1  -1  -1  -1  -1  -1  -1  -1  -1  -1  -1  -1 
 44 316 181  -1  -1  -1  -1 231  -1 315  -1 138 137  -1  -1  -1 186  -1  -1  -1  -1 185 153 187 272  -1 
 45  -1  96  -1  -1  -1   9  -1  -1  -1  -1  -1  -1  -1  -1  -1  -1  -1  -1  -1  -1  -1  -1  -1   6  -1 
 46  -1 226  -1  -1  -1 273 270  -1  -1  -1  -1  -1  -1  -1  -1  -1  -1  -1  -1  -1  -1 225  -1  -1  -1 
 47  -1 141 313  -1  -1  -1  -1  10  -1  -1  -1  -1 312  -1  -1  -1 109  -1  -1 142  -1  -1 227  -1  -1 
 48  -1  49  -1  -1  -1  -1  -1  -1  -1  -1  95  -1  -1  -1  50 230  -1 311  -1  -1  -1  98  -1  -1  -1 
 49  -1  -1  -1  -1  -1 140  -1  -1  -1  -1  -1  -1  -1  -1  -1   8 241  -1  -1  -1  -1 184  -1  -1  -1 
 50  -1  -1  -1   5  -1  -1  -1  53  21  -1 229  -1  -1  51  -1  -1 309  -1 197 275  99  -1  11  -1  -1 
 51  -1   7  -1 139  -1  -1  -1 228  -1  -1  -1  -1  -1  94  97  -1  -1 285  -1  -1  -1  -1 274  -1 271 
 52  -1  -1  -1  -1 310  -1 182  -1  -1 314  55  -1  -1  -1  -1  -1  -1  -1 308  -1  54 269  93  -1  -1 
 53  -1  -1  65 183  -1  -1  -1  -1  -1  -1  -1  -1  -1  -1  -1  -1  -1  -1  -1  -1 143  -1  52  -1  -1 

r\t   0   1   2   3   4   5   6   7   8   9  10  11  12  13  14  15  16  17  18  19  20  21  22  23  24 
  0 132  32  -1  -1  -1  -1 152 168  83  -1  -1  -1 253  -1  -1 220 246 202  -1  -1  -1  -1 116  -1  -1 
  1  -1  -1  -1  -1  -1  -1 166  56  -1 175  -1  28  -1 292  -1  -1 160 165  -1  -1  -1  -1  -1  -1  -1 
  2  -1  -1  -1  70  -1  -1  -1 113 194  -1  -1  -1  -1 235  -1  -1 146  -1  -1  -1  -1  -1  -1  -1  -1 
  3  -1 171  -1  39  -1  -1  -1  -1  -1  -1  -1  -1  -1  -1  -1  -1  79  60  60  -1  -1  -1  -1  -1  -1 
  4  -1 159  -1  25  -1  -1  -1 128  62  -1  -1 282  -1  -1  -1 169   3 148 148  -1  -1  -1  -1  -1  -1 
  5  -1  -1  41  -1  -1  -1 240 303 154  -1  -1  -1 100 120  -1  -1  -1  -1  -1  -1  -1  -1  36  57  -1 
  6  -1  -1  -1  -1 106  -1 249  -1  20 129  -1  -1 298 209  -1  -1  -1  -1 201  -1 173 199  -1  -1  -1 
  7  -1  -1  -1 158  -1  -1  -1  -1  -1  -1  -1  -1 192 192  -1  -1 188  -1  -1 267  -1  18  88  -1  -1 
  8   0  -1  -1  -1 218  -1  -1  -1  -1  -1 170  -1  -1  -1  37  -1 261  -1 124  -1  -1 123  -1  -1  -1 
  9 172  -1  -1  23  -1  -1  -1  29  -1 155 262 198 179 101  -1  -1  -1  -1 293  -1  -1  -1  -1  -1  -1 
 10  45  -1 126  -1  -1 176  -1  -1 242  -1  -1  -1  -1 144  -1  -1 117  -1  -1  -1  -1  -1  -1  -1  -1 
 11  -1 289  15  -1  -1  -1 210 211  -1  -1  -1  -1  -1  -1  -1  -1 299 252  -1  -1  -1 167 204 121  -1 
 12  -1  67  -1  -1  -1  -1  -1  -1  -1  -1 259  -1  -1  -1  -1  -1 212  -1 108  -1  -1 110  -1 276  -1 
 13  -1  80  -1  -1  -1  -1 103  -1  -1  -1  -1  -1 147  26  -1  -1  -1 111  -1  -1  -1  -1  -1 290  -1 
 14  -1 122  -1  -1  -1  -1  47  14  -1  -1  -1  -1 280 280  -1  -1  -1 260 278  -1  -1  -1  -1  -1  -1 
 15  -1  -1  -1  -1  -1  -1  13  -1 114  -1 127  42  43  -1  -1  -1  -1  -1  -1  -1  -1  -1  16  16  81 
 16  -1  -1  -1  -1  -1  -1  -1  -1  -1  -1  -1  -1  -1 263 219  -1  -1  72 232  -1  -1  -1  -1 157  -1 
 17  -1 196  -1  -1  -1  84  -1  -1  -1  -1  -1 243  -1 214  -1  -1  59  -1  -1  -1 213  -1 150 208  -1 
 18  -1  -1  -1  -1  -1  -1 115  -1  -1  -1  -1  -1 203 248  -1  -1  -1  -1  -1  -1  -1  33 135  -1   1 
 19  -1  -1  -1  66  -1  44  -1 291  -1  -1 258  -1  -1  -1  -1 174  38  -1 190  -1  -1  -1  -1  -1  -1 
 20 223 255  -1  -1  -1  -1  34 306  -1  -1  -1  -1  -1  -1  -1  -1 102  -1  -1  -1  -1  -1  -1 247 307 
 21  -1  -1  -1  -1  -1  -1  82 133  -1  -1  -1 254  -1  12  -1  -1  -1  91  -1  -1  -1  -1 104 104  -1 
 22  -1  -1  -1  -1  -1  -1  -1 256  -1  -1  -1  -1  -1  -1 125 236 236  -1  89  -1  -1  77  -1  -1  -1 
 23  -1 131  -1 257  86  -1  58 234  -1  -1  -1  85  -1 215  -1  -1  -1  -1  -1  -1  -1  -1  -1  76  -1 
 24  -1  -1  -1 279  -1 221  -1  -1  -1  -1  -1  -1  -1 161 301  -1 277 296  -1 286  -1  -1  71  -1  -1 
 25  -1  22 164  -1  -1  -1  -1 264  -1  -1  -1 302  -1  -1  -1  -1  -1 191  -1  -1  -1  -1  -1  -1  -1 
 26  -1 238  -1  -1  -1  -1 297  40  35  -1  -1  64 304  -1  -1 177  -1  -1  -1  -1 265  -1 130  27  -1 
 27  -1  -1  69  -1  -1  -1 305 189  -1  -1  -1  -1  -1  -1  -1  -1  -1  -1  -1  -1  -1  -1 300  -1  -1 
 28  -1  -1  -1  -1  -1  -1  -1  -1 287  -1  -1  -1 233  73  -1  -1  -1  -1  -1  -1  -1  -1 284 145  -1 
 29  -1  -1  -1  -1  -1  -1 216  78 205  -1  -1  -1  -1 217  -1  -1  87  -1  -1  -1  -1  -1 245  -1  -1 
 30  -1  -1  24  -1  -1  -1  -1  -1  -1  -1  19  19  19   4   4  -1  30  17  17  -1  -1  -1   2   2  -1 
 31  -1  -1  -1  -1  -1  -1  -1  -1  -1  -1  -1  -1  -1  -1  -1  -1  -1  31  31  31  -1  -1  -1  -1  -1 
 32  -1  -1  -1  -1  -1  -1  -1  -1  74  -1  -1  -1  61  61  -1  -1  48  48  68  -1  63  63  63  46  46 
 33  -1  -1  -1  -1  -1  -1  -1  -1  -1  -1  75  75  75  -1  -1  -1  -1  -1  -1  -1  -1  -1  -1  -1  -1 
 34  -1  -1 105 105  -1  92  92 107 107 107  -1 118  90  90  -1  -1  -1 112  -1  -1  -1  -1  -1  -1  -1 
 35  -1 119 119 119  -1  -1  -1  -1  -1  -1  -1  -1  -1  -1  -1  -1  -1  -1  -1  -1  -1  -1  -1  -1  -1 
 36  -1 151 151 151  -1  -1  -1  -1  -1  -1 149 149  -1  -1  -1 162 134 134 136 136  -1  -1 156  -1  -1 
 37  -1  -1  -1  -1  -1  -1  -1  -1  -1  -1 163 163 163  -1  -1  -1  -1  -1  -1  -1  -1  -1  -1  -1  -1 
 38  -1  -1  -1 193 193  -1 178 178  -1  -1  -1 200  -1  -1  -1  -1  -1 180 180  -1  -1 206 195 195 195 
 39  -1 207 207 207  -1  -1  -1  -1  -1  -1  -1  -1  -1  -1  -1  -1  -1  -1  -1  -1  -1  -1  -1  -1  -1 
 40  -1  -1  -1 237 237  -1  -1  -1 244  -1  -1  -1  -1 224 224  -1 222 222 250  -1  -1 239 239 239  -1 
 41  -1  -1 251 251 251  -1  -1  -1  -1  -1  -1  -1  -1  -1  -1  -1  -1  -1  -1  -1  -1  -1  -1  -1  -1 
 42 281 281  -1  -1  -1 283 283 283 294  -1  -1 288 268 268  -1 266 266  -1  -1  -1  -1  -1  -1  -1  -1 
 43  -1 295 295 295  -1  -1  -1  -1  -1  -1  -1  -1  -1  -1  -1  -1  -1  -1  -1  -1  -1  -1  -1  -1  -1 
 44 181  -1  -1  -1  -1  -1 229  -1  -1 314  -1  -1   5 142 271  -1  94  -1  50  -1   9  -1  -1  -1 275 
 45  -1  -1  -1  -1  -1  -1  -1 228  -1  -1  -1  -1  -1  -1  -1  -1 187  -1  -1 225  -1 315  -1 139 226 
 46  -1  -1  -1  -1  -1  -1  -1  53  -1  -1  -1  -1  -1 182  -1  55  -1  -1  -1  -1 138 153  -1 269 140 
 47 241  -1 309  -1 316  -1  -1  -1  -1  -1  -1  -1 231  -1  -1  -1  -1  -1 227  -1  -1  -1  -1 184  -1 
 48  -1 310  -1  -1  -1  -1 141  -1  -1  -1  -1 311  -1  52 137  -1  -1   6  -1 185  -1 285 270  -1  -1 
 49  -1  -1  -1  -1  -1 143  -1  -1  -1  -1  -1  -1  -1  -1  -1  -1  -1  -1  -1  54  -1  -1  -1  -1  -1 
 50  98  -1  -1  -1  -1  -1  10  11 313  -1  -1 109  -1  -1  51  -1  21  -1 274  -1 183  -1  -1  -1  93 
 51 272  -1  -1  -1  -1  -1  -1  -1  -1 197 312  -1  -1  -1 186  -1  -1  -1  -1  -1  -1  -1  -1  -1  -1 
 52  -1  -1  65  -1  -1   8  -1  -1  -1  -1  -1  -1  -1  -1  -1  99  -1 273  -1  -1  97  -1  -1  96  -1 
 53  -1  -1  -1 308  -1  -1  -1  -1  -1  -1  -1  -1  -1  -1  95   7  -1  -1  -1  -1 230  -1  49  -1  -1 

r\t   0   1   2   3   4   5   6   7   8   9  10  11  12  13  14  15  16  17  18  19  20  21  22  23  24 
  0  -1 304  -1  -1 176  -1  86  -1  -1 171  -1  64  -1  -1  -1 220  -1  -1  -1  -1  -1  -1 202  -1  -1 
  1  -1  23  -1 264  91  -1  -1  -1  -1  -1  -1  -1  -1 204  -1  -1  83 214  -1  -1  -1  13  -1   3 218 
  2  -1 243  -1 209  -1 126 210  -1 292  39  -1  -1 208  -1  -1  -1 261 257  -1  -1  -1  -1  -1  -1  -1 
  3  -1  -1  -1  -1   1  -1 223  -1  -1  -1  -1  -1  -1  -1  -1  -1 125  -1  -1  -1  -1  72  14  -1  -1 
  4  -1  -1  -1  76  -1  -1  -1  -1  -1  -1  -1 284  -1  -1  -1  -1  -1  -1  -1  -1  -1  82 277 212  -1 
  5  -1  -1 235  -1  -1  -1 130  -1 245  -1  -1  -1  -1  73  -1 282  20 248  -1  -1  -1  59  -1  -1  -1 
  6  -1  28 120  89  -1  -1 114  -1  -1  -1  -1  33  -1   0  -1  -1  -1  -1  -1  -1  -1 194  -1  -1  -1 
  7  -1  -1 203 293  -1  66  12  56  -1  -1  -1  -1  -1 135  -1  -1 253  69  -1  81 177 221  -1 101  -1 
  8  -1  -1  -1  15  -1 305  58 299  -1  -1  -1  -1  -1  -1  -1  -1  -1  -1 254  -1  -1  -1  -1 247  -1 
  9  -1  -1 297  -1  -1  -1 242 255  -1  -1  -1  -1  -1 116  -1  -1  57  -1  -1  38  -1 147  77 129  -1 
 10  -1 154  80  -1  -1  37 211  43  -1  -1  -1  -1 175  -1  -1  -1  -1  -1 146  -1  -1  -1  -1  -1 238 
 11  -1  -1  -1  -1  -1  -1 172 262  -1  -1  -1  -1 216  -1  -1  -1 169  -1  -1  -1  -1  -1  -1 286  -1 
 12  -1  -1  -1  -1  -1  -1  -1 104 104  -1  -1 233 280 280  -1  -1 145  -1  67  -1  -1 278  71  -1  -1 
 13  -1  -1 133 132  -1  -1 279 260  45  -1  -1 108  -1  -1  -1  -1  -1 259 196  -1  -1  -1 148 148  -1 
 14  -1  -1  -1 168  -1  -1  -1  -1 276  -1  -1  -1  -1  -1  -1  -1  -1 150  -1  -1  -1 201 167 188  -1 
 15  -1 291  -1  -1  -1  -1  -1  -1 165  -1  -1  -1  -1 298  -1  -1 164  -1  79  -1  -1  32  -1  -1  -1 
 16  -1 113  -1  -1  -1  -1  -1 234  -1  -1  -1  -1  -1  36  -1  -1 191  -1  -1  -1  42 117 236 236  -1 
 17  -1 215  -1  -1  -1  -1 306  -1  -1  -1  -1  -1  -1  -1  -1  -1 240  -1  -1  -1  -1  -1  -1 300  -1 
 18 110  -1 152  -1  -1  -1  29  34  -1  -1  -1  -1  -1  -1  -1  -1  -1  -1  -1 198  -1  -1 124  -1  -1 
 19  -1  -1  -1  26  -1  -1  -1  -1  35  -1  -1  -1  -1 249  -1  -1  -1  -1 289  -1  -1 100  -1  -1  -1 
 20  -1  -1  -1  -1  -1  -1  88  -1  -1  -1 287 128 256  -1  -1  -1  85  -1  -1  -1 265  -1  -1  -1  -1 
 21  -1  -1  -1  -1  -1  -1 296 173 232  -1  -1  -1  -1  -1  -1  -1 170  -1  -1  -1 174 246  60  60  -1 
 22 155  -1  -1  -1  -1  -1  44  -1  -1  -1  -1  -1  -1  -1  -1  -1  -1 159  -1  -1  -1  -1  -1  -1  -1 
 23  -1  -1  -1  -1  -1  -1 189  -1  -1  -1  -1 123  -1  -1  -1  -1  -1  84  -1 258  -1 157  -1  -1  -1 
 24  -1  70 158  47  -1  -1  78 192 192  -1  -1 252  -1  -1  -1  -1  -1 303  -1  -1  -1  -1  -1  -1  -1 
 25  -1 111  -1  62 106  -1  -1  -1  -1  -1  -1  -1  -1  27  -1  -1  41  -1  -1  -1  -1 179  -1  -1  -1 
 26  22 199  -1 263  -1  -1  -1 307 115  -1  -1  -1  -1  -1  -1  -1 122  -1 302 301  -1  -1 190 267  -1 
 27  -1  -1  -1  -1  -1  -1  -1  87  -1  -1 127 213 121 161 217  -1  -1  -1 166  -1  -1  -1 290  -1  -1 
 28  -1  -1  -1  -1  -1  -1  -1  16  16  -1  -1  -1  -1  -1  -1  -1 103  -1  -1  -1  -1  -1  25  -1  40 
 29  -1  -1  -1  -1  -1  18 144 160 205  -1  -1  -1 131 219  -1  -1  -1  -1  -1  -1  -1  -1 102  -1  -1 
 30  -1  -1  24  -1  -1  -1   2   2  -1  -1  -1  19  19  19  -1  -1  -1  17  17  -1  -1   4   4  30  -1 
 31  -1  -1  -1  -1  -1  -1  -1  -1  -1  -1  -1  -1  -1  -1  -1  -1  31  31  31  -1  -1  -1  -1  -1  -1 
 32  63  63  63  -1  -1  -1  -1  74  -1  -1  -1  -1  61  61  -1  48  48  -1  68  -1  -1  46  46  -1  -1 
 33  -1  -1  -1  -1  -1  -1  -1  -1  -1  -1  75  75  75  -1  -1  -1  -1  -1  -1  -1  -1  -1  -1  -1  -1 
 34  -1  -1  -1  -1  -1  -1  -1 118  -1  -1  -1  -1 107 107 107  90  90  -1 105 105  -1  92  92 112  -1 
 35  -1  -1  -1  -1  -1  -1  -1  -1  -1  -1  -1  -1  -1  -1  -1  -1  -1 119 119 119  -1  -1  -1  -1  -1 
 36  -1  -1  -1  -1  -1  -1 162 151 151 151 149 149  -1  -1  -1 134 134  -1  -1  -1  -1 136 136 156  -1 
 37  -1  -1  -1  -1  -1  -1  -1  -1  -1  -1 163 163 163  -1  -1  -1  -1  -1  -1  -1  -1  -1  -1  -1  -1 
 38  -1 200 193 193  -1  -1  -1  -1 180 180  -1 206 195 195 195  -1  -1  -1  -1  -1  -1  -1 178 178  -1 
 39  -1  -1  -1  -1  -1  -1  -1  -1  -1  -1  -1  -1  -1  -1  -1  -1 207 207 207  -1  -1  -1  -1  -1  -1 
 40  -1 244  -1  -1  -1  -1 250  -1 222 222  -1  -1 239 239 239  -1  -1 237 237  -1  -1  -1 224 224  -1 
 41  -1  -1 251 251 251  -1  -1  -1  -1  -1  -1  -1  -1  -1  -1  -1  -1  -1  -1  -1  -1  -1  -1  -1  -1 
 42 283 283 283  -1  -1  -1 268 268 266 266  -1 288 294  -1  -1  -1  -1  -1 281 281  -1  -1  -1  -1  -1 
 43  -1  -1  -1  -1  -1  -1  -1  -1  -1  -1  -1  -1  -1  -1  -1  -1 295 295 295  -1  -1  -1  -1  -1  -1 
 44 197  -1  10  -1 275  -1  -1  -1   6  -1  -1 274  -1  52  -1   7  -1  -1  -1  -1   9  -1  -1 137  -1 
 45 314  -1  -1 187 143 285 141 185  -1  -1  -1  -1  -1  -1  -1  -1  -1  -1  -1  -1  -1  -1  -1  -1 312 
 46  -1  -1  -1  -1  -1  -1  -1 225  -1  -1 109  -1  -1  -1  -1  -1  -1  -1 270  -1  -1  -1  -1  -1  -1 
 47  -1  -1  -1 231  -1  -1 183  50  -1  55  -1  96  -1  -1  -1  -1  -1  -1 227  -1  -1  -1 271  94  -1 
 48 241  -1  -1   8  -1  -1  -1  -1  -1  -1  -1 139  -1 273  -1  -1  -1  -1  -1  -1 228  -1  -1  -1  -1 
 49  -1 313  53  -1  -1  -1  -1  97 142  -1  -1 181  -1  -1  -1  -1 229  65   5  -1  98  -1  -1  -1  -1 
 50  -1  -1 182  -1  -1  -1  -1  -1  -1  11 309  -1  -1  -1  -1  -1 272  -1  -1  -1  -1  -1  -1  -1  -1 
 51  -1  -1 226  -1  -1 315  -1  -1  -1  -1  -1 230  -1  -1  -1  -1 184  -1  -1  -1 138  -1  -1  21  -1 
 52  -1  -1  95  -1  -1  -1  -1  -1  93  -1  -1  -1 308 153  -1  -1  -1 311 140  -1  -1 269  -1  51  -1 
 53  -1  -1  -1  -1  49  -1  -1  -1  -1  99  -1  -1  -1  -1 316 186  -1  -1  -1 310  54  -1  -1  -1  -1 

r\t   0   1   2   3   4   5   6   7   8   9  10  11  12  13  14  15  16  17  18  19  20  21  22  23  24 
  0  -1  -1  -1  85  -1  -1  -1  22  -1  -1  -1  47  -1  62 125  -1  91  86 232  -1  -1 279  -1  -1  -1 
  1  -1  -1 284  -1  -1  -1  -1  -1 252 301  -1 122  -1  -1  -1  -1  13  -1  -1  -1  -1 128  -1 242  -1 
  2  -1 108 260  -1  -1  -1  -1  -1  -1  56  -1  -1  -1  -1  -1 177 205  -1  -1  -1  -1  -1  -1  -1  -1 
  3  -1 223  -1  12  -1  -1 100  -1  80  -1 306  82 290 161  -1  -1  26  -1  -1  -1  -1  -1 210 198  -1 
  4  -1 212  -1 204 258  -1  -1  69  25  -1  -1  -1 304  -1  -1  -1  -1  -1  -1 170  16  16 217  -1  -1 
  5  -1  -1 104 104  -1 176  -1 236 236  -1  -1  -1  -1  -1  -1  -1  -1  -1 145  -1  -1  -1  -1  29  -1 
  6 262 276  76  -1  -1  -1  -1  -1 209  -1  -1  -1  -1  -1 126  -1  -1  -1  -1  -1  -1 129  -1  -1  -1 
  7 286 303  -1  -1  -1  -1  -1  66  -1  -1  -1  -1  -1  -1  -1  -1 248  -1  -1  -1 265  35  -1  -1  -1 
  8  -1 168  33  36  -1  -1  32 194 101  -1  -1 203  -1  -1  -1  -1 277  -1 117  -1  -1  -1 120  -1  -1 
  9  -1 196  -1 174  -1  -1  -1 300  -1  -1  -1 278  -1  -1  -1  -1 111  -1  -1  -1  -1  -1   3  -1  -1 
 10  -1 214  -1 287  -1  -1 233  -1 293  -1  -1 264  -1  -1  -1  -1  -1  -1   1  -1  -1  -1  18  -1  -1 
 11 199 219  -1  88  -1  -1  -1  -1  -1  -1  -1 216 169  -1  -1  -1 124  -1  -1  89 192 192  -1  23  -1 
 12  -1 135  -1   0  -1  -1  58  -1 159  -1  -1  -1  72  -1  -1  -1 166  -1  -1  -1  -1 103 191  -1  -1 
 13  -1  -1 263 218  -1  -1 189  -1  -1  -1  -1  -1  15  -1 213  -1 296 157 246  -1  -1  -1  60  60  -1 
 14  -1  37  83 160  -1  -1 256  -1  -1  -1  -1  -1  -1  -1  -1  -1  -1  -1  -1  -1  -1  -1  -1 245  -1 
 15  40  -1  -1  -1  -1  -1  -1  -1  42  -1  -1  -1  -1  79  -1  81 146 299  20 175  -1  -1  -1  -1  -1 
 16  -1  -1  -1  -1  -1  -1  -1  -1 179  -1 257  -1  -1 202  -1  -1 188 247  -1 305  -1  59  -1 289 172 
 17  -1  -1 201 115  -1  -1 133  -1  -1  -1  -1  -1 152  -1  -1  -1  -1 280 280  -1  -1  -1  -1 113  -1 
 18  -1  -1  -1 254  -1  -1  -1  -1  45  -1  -1  -1  -1 154 261  -1  -1 106  -1  -1  -1 211  -1  -1  -1 
 19  -1  -1  -1  -1  -1  -1  -1  -1  -1  -1  -1  -1  -1  -1  -1  -1  -1  -1  -1  -1  -1 298  -1  -1  -1 
 20  -1 171  -1 267  -1  -1  44  -1  -1  -1  -1  14  -1 235  -1  -1  -1  -1 167  -1 148 148  -1  -1  -1 
 21  -1  -1 249  71  -1  -1  -1 110  -1 127  -1  -1  -1  -1  -1  -1  73  -1 102  -1  -1  -1  -1 150  -1 
 22  -1 147 132  -1  39  -1  -1  -1  -1  -1  -1 255  -1  -1  -1  -1  -1  -1  -1  -1  -1  -1  -1  -1  -1 
 23  -1 131 291 297  -1  -1  -1 116  -1  -1  -1 240  -1  -1  -1  -1  -1  -1  -1  -1  -1  -1  78  -1  -1 
 24  -1  -1  -1  -1  -1  -1  -1  -1  -1  -1  -1  67  -1  -1  -1  -1  64  -1 292  -1  -1 165  84  -1  -1 
 25  -1  -1  -1  -1  -1  -1  -1  -1  -1  -1  -1  -1  -1 307  -1  -1  -1  -1  -1  -1  -1  -1  34 208  -1 
 26  -1  57  -1  -1  -1  -1  70  -1  -1  -1  -1  -1  -1 282 155  87  -1  -1  -1  -1  -1  -1  -1  -1  -1 
 27  41 243 190  77  -1  -1 121  -1  -1  -1  -1 215  43  -1  -1  -1  -1  -1  -1  -1  -1  38  -1  -1  -1 
 28  -1  27 144  -1  -1  -1  -1  -1  -1  -1 259  -1  -1  -1  -1  -1  -1  -1  -1  -1  -1 253  -1  -1  -1 
 29  -1 114  -1  -1 220  -1 158  -1 123  -1  -1  28 173  -1 302  -1  -1  -1 130  -1 221 234 164  -1 238 
 30  19  19  19  -1  -1  17  17  24   4   4  -1  -1  -1  -1  -1   2   2  30  -1  -1  -1  -1  -1  -1  -1 
 31  -1  -1  -1  -1  -1  -1  -1  -1  -1  -1  -1  -1  31  31  31  -1  -1  -1  -1  -1  -1  -1  -1  -1  -1 
 32  -1  -1  63  63  63  -1  -1  -1  -1  -1  -1  -1  -1  68  -1  46  46  61  61  -1  -1  48  48  74  -1 
 33  -1  -1  -1  -1  -1  -1  -1  -1  -1  -1  -1  -1  -1  -1  -1  -1  -1  75  75  75  -1  -1  -1  -1  -1 
 34  -1  -1 118  -1  -1  92  92  -1  -1  -1  -1  -1  -1 105 105  -1  -1 112  -1  -1  90  90 107 107 107 
 35  -1  -1  -1  -1  -1  -1  -1  -1  -1  -1  -1  -1 119 119 119  -1  -1  -1  -1  -1  -1  -1  -1  -1  -1 
 36  -1  -1 156 149 149  -1  -1 151 151 151  -1  -1  -1  -1  -1  -1  -1  -1 136 136  -1 134 134 162  -1 
 37  -1  -1  -1  -1  -1  -1  -1  -1  -1  -1 163 163 163  -1  -1  -1  -1  -1  -1  -1  -1  -1  -1  -1  -1 
 38  -1  -1  -1 178 178  -1 206 200  -1  -1  -1 195 195 195  -1  -1  -1 193 193  -1 180 180  -1  -1  -1 
 39  -1  -1  -1  -1  -1  -1  -1  -1  -1  -1  -1  -1  -1  -1  -1  -1  -1 207 207 207  -1  -1  -1  -1  -1 
 40  -1 244 237 237  -1 222 222 250  -1  -1  -1  -1  -1  -1  -1 239 239 239  -1  -1  -1 224 224  -1  -1 
 41  -1  -1  -1  -1  -1  -1  -1  -1  -1  -1  -1  -1 251 251 251  -1  -1  -1  -1  -1  -1  -1  -1  -1  -1 
 42  -1  -1  -1  -1  -1 266 266 283 283 283  -1 288  -1 294  -1  -1  -1  -1 268 268  -1  -1  -1 281 281 
 43  -1  -1  -1  -1  -1  -1  -1  -1  -1  -1  -1  -1  -1  -1  -1  -1  -1  -1  -1  -1  -1  -1 295 295 295 
 44  -1 182  -1  -1   6 139   8  -1  -1  -1 310  -1  -1  -1  -1  -1  -1  -1  -1  11 143  -1  -1  -1  -1 
 45  -1  -1  -1  53  -1  -1  -1 313  -1  -1 241  -1  -1  -1  -1  -1  -1 315  -1  -1  -1  -1  -1  -1 309 
 46  -1 269 275  -1  -1   9  -1  -1 197  97  -1  -1  -1  -1  -1  -1  -1  -1  51  -1  50   5  -1  -1  -1 
 47  -1  -1 229  -1  -1  -1  -1  -1 273  -1  -1 228  -1  -1  -1  -1 270  -1  -1  -1  -1  -1 183  -1  -1 
 48  -1  -1  96 137 138  -1  -1  -1  -1 225  -1  10 285  -1  -1  -1  -1 153  -1  -1  -1  -1  -1  -1  -1 
 49 312  -1  -1  -1  -1  -1  -1  -1  98  -1 109  -1  -1  -1 316 274  -1  -1  -1  -1  -1  -1  -1  -1  -1 
 50  -1  95  49  -1  -1  -1 186  -1 231 185  -1 187  -1  -1  -1  99 184  -1  -1  -1  -1 272  -1 311  -1 
 51  -1  -1  -1 227  -1  -1  -1  -1  -1  -1  -1 141  -1 308  -1 140 142  -1 226  -1  -1  -1  -1  -1  -1 
 52  -1  -1  -1  -1 271  -1  -1  -1  -1  -1  -1  93 314  -1  -1  -1  -1  21  -1 230  -1  -1  -1  -1  -1 
 53  -1  52 181  -1  -1  55  -1  -1  -1  54  -1  -1  65  -1  -1  -1  -1  -1  94  -1   7  -1  -1  -1  -1 

r\t   0   1   2   3   4   5   6   7   8   9  10  11  12  13  14  15  16  17  18  19  20  21  22  23  24 
  0  -1  -1  42  -1  -1  -1 259 236 236  -1  -1 242  -1  -1  -1  -1 290  14  -1  -1  -1 205  -1  -1  -1 
  1  -1  -1  -1 120  -1  82 253 133  -1  -1 276  -1 234 174 219  -1  -1  -1  20  -1  -1  -1  -1  -1  -1 
  2  -1  -1  -1  81  -1  -1 307 282  -1  -1  -1  70 286 131  -1  -1  -1 124 246  -1  -1 179  -1  39  -1 
  3  -1  -1  -1  -1  -1  -1  -1  -1  34  -1  -1  -1  -1  -1  -1  -1 114  -1  -1  -1  -1  -1  -1  -1  -1 
  4  -1  -1  69  -1  -1  -1 132 297  57  -1  -1  -1  -1  -1 221  -1  35  -1  -1  -1  -1  -1 130  -1  -1 
  5  -1  -1  -1  -1  22  -1 278  -1 277  -1  -1  -1 121 211  -1  -1 279 171  -1  -1  -1  -1  62  67  -1 
  6  -1  -1 158  -1  -1 110   0  -1 301  -1  -1  -1  -1  -1  -1  -1 213 280 280  -1  -1 160  -1  -1  -1 
  7  -1  -1  -1  -1  -1  -1 166 245  -1  -1  -1  -1 111 116  -1  -1  -1 167  -1  -1 262  -1  -1 257  -1 
  8  44  -1  -1 126  -1 176  -1  59 203  -1  -1  66  27 210 216  -1  -1  -1  -1  -1 172  -1  -1  -1  -1 
  9  -1 159 201 175  -1  -1  -1  -1  -1  -1  -1  -1  -1 238  -1  -1  -1  -1  -1 305  -1  -1  -1  -1  -1 
 10  -1  -1  -1  76  -1  91  87  -1  -1  -1  -1 123  -1  -1  -1  -1  -1  -1  -1  -1 265 252  -1 293  -1 
 11  -1  -1 289 164  -1  -1  41 208 135  -1  -1  -1  -1  -1  -1  -1  58  -1 115  -1  -1  -1  -1  -1  -1 
 12  -1 240 103  -1  -1  -1  -1  73  -1  -1  -1  -1  36  -1  -1  -1  -1  -1  -1  -1  -1  12 196 165  -1 
 13  -1  -1  -1  -1  -1  -1 291  -1  15  -1  -1 217 296 161  -1  -1 248  -1 169  -1  -1  -1  -1  -1  -1 
 14  -1 212  -1  -1  85  -1  -1 267  -1  -1  -1  -1 214  -1  -1  -1  -1  -1 188  -1  -1  -1 155  -1  -1 
 15  -1 215  -1  -1  -1  -1 264  -1 304  -1  -1 147 152  -1  -1  -1  37 190  -1  -1  -1  -1  -1  -1  -1 
 16  -1  -1  -1  -1  -1  -1  -1  23  -1  -1  -1  -1  -1  -1  -1  -1  -1  -1  -1  -1  -1 145  72  -1  -1 
 17  -1 287  -1  -1  -1  -1  -1  -1  79  -1  -1  -1  -1 284  -1  -1  13  -1  -1  -1  -1  32  -1  -1  -1 
 18  -1 306  -1  -1  -1  -1 232  -1 292  -1  -1  -1  -1  33  -1  -1  -1  -1  43  -1  -1 194  -1  -1  -1 
 19  -1 298  -1  -1  -1  -1 263  40 303  -1  -1  -1  -1 154  -1  -1  -1  78  -1 220  -1  -1  -1 150  -1 
 20  -1 113  -1  -1  -1 128  84 104 104  -1  -1  -1  -1  -1  -1  -1 243 148 148 170  -1  -1 300 173 127 
 21  -1  -1  -1 102  -1  -1  71  -1 168  -1  -1  -1  -1 299  -1  -1 223 247  -1  -1  -1  -1  -1  -1  83 
 22  -1  -1 235  -1  -1  -1  -1  26  -1 144  -1  28  -1  -1  -1  -1  -1  -1  29  -1 260 122  -1  18  -1 
 23  -1  64  -1  -1  -1  -1  56   3 254  -1  -1  -1  -1 106  -1  -1  -1  47 157  -1  -1 101  -1 256  -1 
 24  -1  -1  -1  -1  -1  -1  -1  -1 117  -1  -1  -1  -1  -1  -1  -1  -1  -1  -1  -1  60  60  -1  -1  -1 
 25  -1  -1  -1 209  -1  -1  -1  -1  -1  -1  -1 189  -1  -1  -1  -1  89  -1  -1  -1 177  -1  -1  -1  -1 
 26  -1 198  -1  86  -1 258  -1  -1  -1  -1  -1  -1 199  -1   1  -1 146  -1  -1  -1  -1  -1  -1  -1  -1 
 27  -1  -1 192 192  -1  -1  -1  -1  -1  -1  -1 100 302  -1  -1  -1 204  88  -1  -1  -1  38 249  -1  -1 
 28  -1  -1  -1 255  -1  16  16  77  -1  -1  -1  -1  -1 125  -1  45  -1  -1  -1  -1  -1  80  -1 191  -1 
 29  -1  -1  -1 233  -1  -1 261  -1  -1  -1  -1 218  -1 129  -1  -1 108 202  -1  -1  -1  -1  -1  25  -1 
 30  -1  -1  17  17  -1  -1  30  -1  -1  -1  -1  19  19  19  -1   4   4  -1   2   2  -1  -1  24  -1  -1 
 31  -1  31  31  31  -1  -1  -1  -1  -1  -1  -1  -1  -1  -1  -1  -1  -1  -1  -1  -1  -1  -1  -1  -1  -1 
 32  -1  -1  63  63  63  46  46  48  48  -1  -1  -1  61  61  -1  -1  74  -1  -1  -1  -1  -1  -1  68  -1 
 33  -1  -1  -1  -1  -1  -1  -1  -1  -1  -1  -1  -1  75  75  75  -1  -1  -1  -1  -1  -1  -1  -1  -1  -1 
 34  -1  -1  92  92  -1  -1 112 118  90  90  -1  -1  -1  -1  -1  -1  -1 107 107 107  -1  -1 105 105  -1 
 35  -1  -1  -1  -1  -1  -1  -1  -1  -1  -1  -1  -1  -1  -1  -1  -1  -1  -1  -1  -1  -1  -1 119 119 119 
 36  -1 151 151 151  -1 149 149  -1  -1  -1  -1  -1  -1  -1  -1  -1 156  -1 136 136 134 134  -1 162  -1 
 37  -1  -1  -1  -1  -1  -1  -1  -1  -1  -1 163 163 163  -1  -1  -1  -1  -1  -1  -1  -1  -1  -1  -1  -1 
 38  -1  -1 180 180  -1  -1 206 195 195 195  -1  -1 200  -1  -1 193 193  -1 178 178  -1  -1  -1  -1  -1 
 39  -1  -1  -1  -1  -1  -1  -1  -1  -1  -1  -1  -1  -1  -1  -1  -1  -1  -1  -1  -1  -1  -1 207 207 207 
 40  -1  -1  -1  -1  -1 222 222 224 224  -1  -1 244  -1 250  -1  -1  -1 237 237  -1  -1 239 239 239  -1 
 41 251 251 251  -1  -1  -1  -1  -1  -1  -1  -1  -1  -1  -1  -1  -1  -1  -1  -1  -1  -1  -1  -1  -1  -1 
 42  -1  -1 281 281  -1  -1  -1  -1 266 266  -1 288  -1  -1  -1 268 268 294  -1  -1  -1  -1 283 283 283 
 43  -1  -1 295 295 295  -1  -1  -1  -1  -1  -1  -1  -1  -1  -1  -1  -1  -1  -1  -1  -1  -1  -1  -1  -1 
 44  -1  -1  -1  -1  -1 138  -1  -1  -1  -1  -1  -1  -1  -1  -1 140  -1 225  -1  -1  -1  -1  -1  -1  -1 
 45  -1  -1  -1  -1  -1  -1  -1  -1  -1  -1  -1 285 315  -1 269 185  -1  -1  -1  -1  -1   5  -1  -1  -1 
 46  -1  -1  -1 231  -1   8  -1  -1  -1  -1  -1 311  -1  -1 142  -1 186  65  -1  -1  -1  -1  -1  -1  -1 
 47 183  -1  -1  -1 312  -1  -1 187  -1 228  -1  -1  -1 197  98  -1  -1 274 227  -1  -1  -1  -1  -1  -1 
 48  94  -1  -1  52  -1 271  -1  95   6  -1  -1  -1  -1  -1  -1  -1  -1 181 273 275 230  96  21  -1  -1 
 49  10 109  -1  -1  -1  -1  -1  -1  -1  54  -1  -1  -1  -1 182  -1 139 137  -1  55   7 270  -1  -1 310 
 50 141  -1  -1  -1  -1  -1 184  -1  -1   9 316  -1  -1  -1  -1  -1  49  -1  -1  -1  -1  -1  -1  -1  -1 
 51  -1  -1  -1  -1  -1  -1  99  -1  -1 143  -1  -1  -1  -1  -1  97  -1  -1  -1  -1  50  53  -1  -1 241 
 52  -1 313  -1  -1  -1  -1  -1  -1  -1  -1  -1  -1  -1  -1  -1 229  -1  11  -1  -1  93  -1  -1  -1  -1 
 53 272  -1 226  -1  -1  -1  -1  -1 153  -1  -1  -1  -1 308  -1  -1  -1  -1  51  -1  -1  -1 309 314  -1 

r\t   0   1   2   3   4   5   6   7   8   9  10  11  12  13  14  15  16  17  18  19  20  21  22  23  24 
  0  -1  -1  -1  43  -1  -1  -1  64  -1  -1  -1  -1  -1  -1  -1  -1  -1 155  -1  -1  -1  -1  -1  -1  84 
  1  -1  33  -1 247  -1  -1 243  -1  -1  -1  -1 258 255  -1  -1 176  22 188  -1  -1  -1  -1  -1  -1  -1 
  2  -1  -1  -1  -1  -1  -1  -1  -1  -1  -1   1 292  -1  -1  -1  -1  -1 252  -1  -1  -1 106 129  -1  -1 
  3  -1 246 218  -1  -1 175  -1  -1 208  -1  -1  -1  -1  56  -1  -1  26  -1 203  -1  -1  -1  16  16  -1 
  4  -1 116  -1 276  -1  -1  -1  -1  -1  82  -1 114  -1 198  -1  -1 122  -1  -1  -1 170  -1  -1 267  -1 
  5  -1  -1  -1  -1  -1  -1  -1 117  -1  -1  -1 235 104 104  -1 132  -1  -1  -1  -1  -1 215  -1  -1  -1 
  6  -1  57 192 192  -1  -1  -1  -1  -1  -1  -1  -1 296 260  -1  -1  -1  -1  -1  -1 221  -1  -1 120  -1 
  7  -1  -1  -1 168  -1  -1  -1  -1  -1  -1  -1 146 280 280  -1  -1  -1 135  34  -1  -1 147  -1 282  -1 
  8  -1  -1  -1  76  -1  -1 210  -1 291  -1  -1 254  -1  -1  -1  -1  -1 303  -1  -1  -1  -1  -1 161  -1 
  9  -1  -1 125  -1  -1  -1  -1  -1  -1  -1  -1 157  29  -1  -1  -1  -1 302  -1  -1  -1  -1  71  78  -1 
 10  -1  -1 148 148  -1  -1  -1 158  -1  -1  -1  79  -1 234  -1  -1  -1  -1  -1  -1  -1  -1 152 262  -1 
 11  -1  -1 278  -1  -1 127  83  -1  -1  -1  -1  -1  -1  -1  -1  -1  -1  60  60 263  -1  -1  -1  -1  -1 
 12  -1  -1  -1  -1  -1  -1 257  -1  -1  -1  -1  42  69  -1  -1  -1  -1  15  -1  -1  -1 205  -1 174  -1 
 13  -1  -1  -1  -1  -1  -1  20  -1  -1  -1  -1  -1  -1  -1  -1  -1  -1  -1  23  -1  -1  -1  -1  -1  85 
 14  -1 264  -1  -1  -1  -1  -1 130 240  -1  -1  -1 124 301  -1  45  -1  -1  -1  -1  -1 238  -1  -1  -1 
 15  -1  -1 169  -1 305  -1  -1  -1  -1  -1  -1 307  -1 299  -1  -1  -1  -1 154  39  -1  -1  -1  -1  -1 
 16  -1 166 201  -1  -1  -1 164 297  59  37  -1  -1  62 202  -1  -1 256  -1  -1  -1  -1  -1  -1  25  -1 
 17  44  12  -1  -1  -1  86  -1 126 159 304  -1  -1  -1  35  -1  -1 103  -1  -1  -1  -1 298  -1  -1  -1 
 18 172  -1  -1 101  -1 173  -1  -1 259  -1  -1  -1  -1  -1  -1  -1 133   0 249  -1  -1  32 253  -1  -1 
 19  -1  -1  -1  -1  -1  -1  -1  -1  -1  -1  -1  -1 242  -1  -1  -1 217  -1  -1 150  -1  -1  -1  -1  -1 
 20  -1 102 261 212  -1  -1 110  -1  -1  -1  -1  -1  -1 179  -1 214 279  -1  87  -1  -1  -1 289  -1  -1 
 21  -1 190 248 300  -1  -1 293 219 100  -1  -1 196  -1  14  -1  -1 189  -1 165  -1  -1  67  -1  -1  -1 
 22  -1  36  28  27  -1  -1 211  -1 128  -1  -1  89  -1 115  -1  -1 232 160 194  -1  -1 113  -1  -1  -1 
 23 171  -1  -1  -1  81  -1  -1  -1  -1  -1  -1  58  -1  -1  -1  40 213  -1  -1  -1 265  -1  -1  -1  -1 
 24  -1 131 121 123  -1  -1  -1  -1 287  -1  -1 277 204  -1  -1  -1  -1  -1  -1  -1  -1  -1 191  -1  -1 
 25  -1  -1  72  -1  -1  -1  -1  -1  -1  -1  -1  -1  -1  -1  91  -1   3  -1  41  -1  -1  18  -1  -1  -1 
 26  -1 284 223  -1  -1  -1 306 111  -1  -1  -1  -1  -1  -1  -1  -1  -1  70  80  -1  -1  -1 236 236 286 
 27 220 209 108 233  -1  -1  -1  -1  -1  -1 177  -1  -1  -1  -1  -1  66  -1  -1  38  -1  -1  -1  88  -1 
 28  -1 144  -1  -1  -1  -1  -1  -1  -1  -1  -1  13 199  -1  -1  -1  47  -1  -1  -1  -1  -1  -1 245  -1 
 29  -1  77 290  -1  -1  -1  73  -1  -1  -1  -1  -1 167 145  -1  -1  -1 216  -1  -1  -1  -1  -1  -1  -1 
 30   4   4  19  19  19  -1  -1  17  17  -1  -1  -1  -1   2   2  -1  -1  30  -1  -1  -1  -1  24  -1  -1 
 31  -1  -1  -1  -1  -1  -1  31  31  31  -1  -1  -1  -1  -1  -1  -1  -1  -1  -1  -1  -1  -1  -1  -1  -1 
 32  -1  -1  63  63  63  -1  -1  -1  -1  -1  48  48  -1  46  46  -1  68  -1  -1  -1  -1  74  61  61  -1 
 33  -1  -1  -1  -1  -1  -1  -1  75  75  75  -1  -1  -1  -1  -1  -1  -1  -1  -1  -1  -1  -1  -1  -1  -1 
 34  -1  90  90  92  92  -1 112  -1 118  -1  -1  -1  -1  -1  -1  -1  -1 105 105  -1  -1  -1 107 107 107 
 35  -1  -1  -1  -1  -1  -1  -1  -1  -1  -1  -1  -1  -1  -1  -1  -1  -1 119 119 119  -1  -1  -1  -1  -1 
 36 136 136 134 134  -1  -1 151 151 151  -1  -1  -1  -1 156  -1  -1  -1  -1 162  -1  -1  -1  -1 149 149 
 37  -1  -1  -1  -1  -1  -1  -1  -1  -1  -1  -1  -1  -1  -1  -1  -1  -1  -1  -1  -1 163 163 163  -1  -1 
 38  -1 180 180 178 178  -1  -1 195 195 195  -1  -1  -1  -1  -1  -1 200 206  -1  -1  -1  -1  -1 193 193 
 39  -1  -1  -1  -1  -1  -1  -1  -1  -1  -1  -1  -1  -1  -1  -1  -1  -1  -1  -1  -1  -1  -1 207 207 207 
 40 237 237  -1 222 222  -1  -1  -1  -1  -1 224 224  -1 244  -1  -1  -1 239 239 239  -1 250  -1  -1  -1 
 41  -1  -1  -1  -1  -1  -1  -1 251 251 251  -1  -1  -1  -1  -1  -1  -1  -1  -1  -1  -1  -1  -1  -1  -1 
 42  -1  -1  -1  -1  -1 283 283 283  -1  -1 268 268  -1 266 266  -1 294  -1 281 281  -1  -1  -1 288  -1 
 43  -1  -1  -1  -1  -1  -1  -1  -1  -1  -1  -1  -1  -1  -1  -1  -1  -1 295 295 295  -1  -1  -1  -1  -1 
 44  -1 225  -1   5  -1  -1  -1  -1  -1  -1 138  -1  -1  -1  -1  97  95  -1  -1  -1  -1  -1  -1  -1  -1 
 45  -1  52  -1  -1  -1  93  -1 309  -1  -1  -1  -1 153 229  -1  -1  -1  -1  -1 312 184  -1  51  -1  -1 
 46  -1  -1  -1  -1  -1  -1  -1  -1  -1  -1  -1  11  -1  -1  -1  -1  -1  50  -1  -1  -1  -1  -1  10  -1 
 47  -1  -1 273  -1  -1  -1  -1  -1  -1  -1  -1  -1  -1  -1  -1  -1  -1  -1  -1  -1  98 308   6  -1  -1 
 48  -1  -1 241 275  -1 181  -1  -1  -1  -1  99  -1  21  94  -1  -1  -1  -1 313  -1  -1  -1 272  -1  -1 
 49  -1  -1  -1  -1  -1 141 310  -1 314  -1  -1 137 315  -1 186  -1  -1 187  -1  -1  -1 285 227  -1  -1 
 50 109  -1  -1  53 274   7  65  -1  -1  -1  -1 183  -1  -1  -1 231 226  -1  -1  -1  -1  -1  -1 142  -1 
 51 185  -1  -1  -1 140  49  -1  -1  -1  -1  -1  -1  -1  -1 143 269  -1  -1  -1  -1   8  -1  -1  55  -1 
 52 271  -1  -1  -1  -1 228  -1  -1  -1  -1  -1  -1  -1  -1  -1  -1 270  -1  -1  -1  54 197  -1 230  -1 
 53  -1  -1  -1  -1  -1  -1  -1  -1  -1 316  -1  -1  -1 139  -1   9 182  96  -1  -1  -1  -1  -1  -1 311 

r\t   0   1   2   3   4   5   6   7   8   9  10  11  12  13  14  15  16  17  18  19  20  21  22  23  24 
  0  -1  -1 198  -1  -1  -1  -1 220  -1  -1  -1  -1  20 215  -1  -1  -1  85 202  -1  -1  -1  -1 111  -1 
  1  -1  -1  -1 300  -1  -1 157  -1  -1  91  -1  28  -1  -1  -1  -1  -1 127  -1  -1  -1  -1  -1  -1  -1 
  2  -1 133 114 168  -1  18  -1 248 167  -1  -1  -1 201 145  -1 260  -1 172 253  -1  -1 282  80  -1  -1 
  3  -1  -1  -1  34  -1  -1 213  -1  -1 126  -1  64  -1  -1  -1  -1 199  -1  -1  -1  -1  -1  -1  -1  -1 
  4  -1 179  -1  -1  -1  -1 264 121  -1  -1  -1 205 291 293  -1  -1 245  37  -1  -1  -1  -1  -1  -1  -1 
  5  -1  56  -1 306  -1  -1 247 208 235  -1  -1  -1  -1  -1  -1  -1  -1  -1  -1  -1  -1 217 289  -1  -1 
  6  -1  -1  -1  -1  -1  -1  -1 188  -1  -1  -1  -1 154  -1  -1  -1 159  -1  40  -1  -1  -1  -1  -1  -1 
  7  -1 102 290  -1  -1  -1 191  16  16  -1  43  76  -1 263  -1  -1  -1  -1  -1  -1  -1  -1  15  -1  -1 
  8  -1  -1  41 103  -1  -1 210 125  -1  -1 218  -1  -1 160 304 302  -1  -1  -1  -1  -1  -1  -1  -1  -1 
  9  -1  -1  62  -1  -1  -1  -1  -1 204  -1  -1  -1  -1  -1  -1 303  33 194  -1  -1  -1 196  -1  23  -1 
 10  -1  35 259  -1  -1  -1 108  57  -1  -1  -1  -1  -1  -1 305  -1 238 150  -1  -1  -1  -1  -1  -1  -1 
 11  -1  -1  -1  -1  -1 221  -1  -1  -1  -1  -1  -1  -1  -1  -1  -1  -1  -1  36  -1  -1  -1  -1  -1   1 
 12  -1  -1  -1  -1  -1  -1 130  25 135  -1  -1  -1  -1 212 175  -1 276  -1 219  -1  -1 161  -1  -1  -1 
 13 265  -1  29  -1  -1  -1  72  -1  -1  -1 216 146  -1  71  -1  -1  -1 164  -1 177  -1  -1  -1  -1  -1 
 14  -1  -1 249  -1  -1  -1 292  -1 190  -1  -1  -1 122  -1  -1  -1  -1  -1  -1  -1  -1 298  -1  -1  -1 
 15  -1 115  -1  58  -1  -1  -1 104 104  -1  -1 233  -1  -1  -1  -1  -1  -1 147  -1  45  22  -1  -1  -1 
 16  -1  -1 209  -1  -1  82  81 296  -1  -1  -1 297  -1  77  84  -1 155  27  -1  -1 307  -1  -1  -1  -1 
 17 176  13 214 189  -1  -1  -1  -1  -1  -1  -1  44  -1  -1  -1  -1  59 120  -1  -1 232 110  88  -1  -1 
 18 132  -1  -1  -1  -1  -1  -1  -1 128  -1  -1 284  -1  -1  -1  -1 170  -1 267  -1  -1  -1  26  -1  -1 
 19  -1  -1  -1 252  -1  -1  -1 240  -1  -1 257  -1  -1 262  -1  -1  -1  -1  -1  -1  -1  -1  -1  -1  -1 
 20  -1 287  -1  -1  -1  -1  32  42 246  -1  -1  -1  -1  -1  -1  -1  -1 286  73  -1  -1  -1 100  70  -1 
 21  -1  -1  -1  -1  -1  -1 243 174  47  -1  -1  83  -1  -1  -1  -1  -1  -1  -1  -1  -1  -1  -1 117  -1 
 22  -1 158  -1  78  -1  -1 123 277 116  -1  -1 129  -1 236 236 169  -1  -1  -1  87  -1  -1 152  -1  -1 
 23  -1  -1 280 280  -1  67  12  -1  -1  -1  -1  -1  -1 255  -1  -1 106 242  -1   0  -1  -1  -1  -1  -1 
 24  -1  38  -1  -1  -1  -1 211  79  -1  -1  -1 254 165  -1 258  -1  -1  -1  -1  -1  -1  66  -1  -1  -1 
 25  -1  -1  -1  -1  -1  -1  -1  -1  -1  -1  -1  -1 131  -1  86  -1 113 171 234  -1  -1  -1   3  -1 261 
 26  -1  -1  -1  -1  -1  -1 223  -1 299  39  -1  -1  -1  -1  -1  -1  -1  -1  -1  -1  -1  -1  -1  -1  -1 
 27  -1  -1  -1  14  -1  -1 173  -1  -1  -1  -1 101  -1  -1  -1  -1 203  -1 166  -1  -1  -1  -1  -1  -1 
 28  -1 256  -1  -1  89  -1 278 148 148  -1  -1  -1  -1  -1  -1  -1  -1  -1  -1  -1  -1  -1 301  -1  -1 
 29 192 192  -1  -1  -1  -1 144  -1 279  -1  -1  -1  -1  -1  -1  -1  -1  -1  -1  -1  -1  69 124  60  60 
 30  -1  -1  -1   4   4  -1  -1  -1  24  -1   2   2  -1  17  17  -1  19  19  19  -1  -1  -1  -1  30  -1 
 31  -1  -1  -1  -1  -1  -1  -1  -1  -1  -1  -1  -1  31  31  31  -1  -1  -1  -1  -1  -1  -1  -1  -1  -1 
 32  48  48  74  46  46  -1  -1  -1  68  -1  -1  -1  63  63  63  -1  -1  61  61  -1  -1  -1  -1  -1  -1 
 33  -1  -1  -1  -1  -1  -1  -1  -1  -1  -1  -1  -1  -1  -1  -1  75  75  75  -1  -1  -1  -1  -1  -1  -1 
 34  92  92  -1 118  -1  -1  90  90  -1  -1  -1  -1 105 105  -1  -1  -1 107 107 107  -1 112  -1  -1  -1 
 35  -1  -1  -1  -1  -1  -1  -1  -1  -1  -1  -1  -1 119 119 119  -1  -1  -1  -1  -1  -1  -1  -1  -1  -1 
 36  -1  -1 151 151 151 136 136 156  -1  -1  -1  -1 162  -1  -1  -1  -1  -1 134 134  -1  -1  -1 149 149 
 37  -1  -1  -1  -1  -1  -1  -1  -1  -1  -1  -1  -1  -1  -1  -1  -1  -1  -1  -1  -1  -1  -1 163 163 163 
 38  -1 200  -1 206  -1 178 178 180 180  -1  -1  -1 195 195 195  -1  -1  -1  -1  -1  -1  -1 193 193  -1 
 39  -1  -1  -1  -1  -1  -1  -1  -1  -1  -1  -1  -1  -1  -1  -1  -1  -1  -1  -1  -1  -1 207 207 207  -1 
 40  -1 239 239 239  -1  -1  -1  -1 224 224  -1  -1 244  -1  -1  -1  -1 250 222 222  -1  -1  -1 237 237 
 41  -1  -1  -1  -1  -1  -1  -1  -1  -1  -1  -1  -1  -1  -1  -1  -1  -1  -1  -1  -1  -1 251 251 251  -1 
 42  -1  -1  -1 266 266  -1  -1  -1  -1  -1 268 268 283 283 283  -1  -1 294 288  -1  -1  -1 281 281  -1 
 43  -1  -1  -1  -1  -1  -1  -1  -1  -1  -1  -1  -1  -1  -1  -1  -1  -1  -1  -1  -1  -1  -1 295 295 295 
 44  -1   8  21 187  -1  -1  -1  -1  -1  11  -1  -1 314  -1  -1  -1 308  -1  50  -1  -1  -1  -1  -1 229 
 45  -1  -1  -1  -1 231  -1  -1  -1  -1  -1  -1  -1  -1  -1  -1  -1  -1  -1 182  -1  -1  -1 272  -1  -1 
 46  -1  -1 109  -1  -1 274  -1  -1  -1  -1  -1  -1  -1  -1  -1  -1  -1  -1  -1  -1  97  -1  -1  -1  93 
 47  -1  -1  -1  -1 185  -1  -1 138  65  -1 140  -1  -1  -1 316  -1  -1  -1  -1  -1 183  -1 226  -1  55 
 48  -1  -1  -1  94  -1  -1   6 275  -1 143  -1  96 241  -1  -1  -1  -1  -1  -1  -1   7  -1  -1  -1  -1 
 49  -1  -1  -1  -1  -1  -1  -1  52  -1  -1  -1 184  -1  -1  -1  -1  -1  -1 285 273  -1  -1  51  -1  -1 
 50  -1  -1  -1  -1  -1  99  -1  -1   5  -1 228 230  -1  -1  -1 197  -1 309  -1  54 137  -1  -1  -1  -1 
 51 227  -1  -1 139  -1  -1  -1  -1  95  -1  98  -1  -1  -1  -1 310  -1  -1  -1  -1  -1 315  -1 311  -1 
 52  -1  -1  -1  -1  -1  -1  53  10 269 271  49  -1  -1 312  -1  -1  -1  -1  -1  -1 225 153  -1  -1 186 
 53   9  -1 313  -1  -1  -1  -1  -1  -1  -1 181 142  -1  -1  -1  -1  -1  -1  -1  -1 270  -1 141  -1  -1 

r\t   0   1   2   3   4   5   6   7   8   9  10  11  12  13  14  15  16  17  18  19  20  21  22  23  24 
  0  -1  -1  -1  -1  -1  -1  -1  -1 232  -1  -1  -1 145  -1  -1  -1 174 296  -1  -1  -1 234 249  -1 217 
  1  -1  -1  -1 233  -1 236 236  -1  -1  -1  -1  -1  -1  -1  -1  -1  -1  -1 280 280 221 256  -1  -1  -1 
  2  -1  -1  -1  -1  -1  -1   3  -1 120  -1  -1 157  -1 135  -1  -1 169 115  -1  -1  -1  -1  -1  -1  -1 
  3  -1 124  -1 210  -1  -1 144 301  64  -1 262  -1 263  82  -1  -1 166  70  -1  -1  -1  62 209 297  -1 
  4  -1  -1  -1 247  89  -1  -1  -1  -1  -1  -1  -1  -1  -1  -1  -1  -1  -1  -1  -1  -1  -1  -1  -1  -1 
  5  -1  66 289  -1  -1  -1  -1  -1  -1  -1  91  -1  -1 260  -1  -1  -1  -1  -1 264 219  -1  -1  -1  -1 
  6  -1  -1  -1  -1  -1  -1 254  -1 132  -1  -1  -1  60  60  -1  -1  80  -1 202  -1  -1  -1  -1  18  -1 
  7  -1  -1  -1  29  -1  -1  -1  -1  -1  -1  -1  59  -1  -1  -1  -1  -1  -1  -1  -1  -1  -1  -1 158  -1 
  8  -1  -1  34  85  -1  -1  77 238  -1  -1  -1  -1  73  -1  -1  67  -1  -1 179  -1  -1  -1  -1  -1  -1 
  9  -1 305  -1  -1  -1  -1  -1  -1  -1  -1  -1  -1 208  -1  -1  -1  -1  39  -1  -1  -1  -1 242  -1  -1 
 10  -1 170  -1 161  -1  -1  88 160 128  -1  -1 191  -1  -1  -1  -1 261  -1  -1  -1  -1  -1 108  -1  -1 
 11  -1  -1  -1  -1  -1  -1  -1  -1 165  -1  -1 300 290 215  -1  -1  -1  33  -1  -1  -1  -1 291  -1  -1 
 12  -1  -1  58 103  -1  -1  -1  -1 146  -1  83  69  -1  -1   1  -1  -1  -1  -1  -1 192 192  -1 106 223 
 13  -1  -1 211  -1  -1  -1  87  -1  -1  -1  -1 204 190  79  -1  -1  -1  -1 114  -1  -1  -1  -1  -1 304 
 14 214  -1  -1  56  -1  -1 196  72  -1  -1  -1 253  -1  -1  -1  -1 194  36  -1  -1  -1  -1  -1  32  -1 
 15  -1  -1 117  -1  -1 303  -1  -1 267  -1  -1 100 167 188  -1  -1  -1  -1  -1  -1  -1  -1 168  -1  -1 
 16  -1  35  -1  -1  43  -1  -1  -1 286  -1  -1 278  -1  -1  -1 172  -1 240  -1  -1 213  25  -1  -1  -1 
 17  -1  -1  -1 189  -1  -1  -1 154 255  -1  -1  20  -1 131  -1  -1  -1  -1  -1  -1  -1  -1  -1 287 218 
 18  -1 258 111  -1  -1  -1  -1 252 205  -1  -1  -1  -1  -1  -1  -1  -1 164 292  -1  -1 212  -1  -1  -1 
 19  -1  23 198  -1  -1  -1 173  -1  -1  -1  -1  -1  -1 121  -1  -1 282  -1 159  -1  -1  -1  -1  -1  -1 
 20  -1 306 175  -1  -1  -1  -1  -1  -1  -1  -1 216 104 104  -1  41  -1  -1  -1  45  38  47  -1  -1  -1 
 21  -1  -1  -1   0  -1  -1  -1  -1  -1  -1  -1  26  -1  -1  -1  -1  -1 148 148  -1  -1  -1  -1  -1  -1 
 22  -1 235  -1  78  -1  -1  -1  -1 298  -1  -1  44  -1 176  -1  -1  -1  -1  -1 127  -1  -1  81  -1  -1 
 23 259 152  -1  -1  -1  -1 125  -1  -1  -1  -1  -1 276 245  84  -1  -1  -1 102  -1  40 133  -1 246  -1 
 24  -1  -1 147  -1 171  -1 257  -1  76  -1  -1  -1 307 284  -1  86  -1  -1  12  -1  -1  -1  -1 243  -1 
 25  -1 279  -1  -1  -1  -1  -1  -1  -1  -1  -1 116  13  14  -1  -1 155  -1 199 177  -1 293  -1  -1  -1 
 26  -1  -1  -1  -1  -1  -1 277  42  -1  -1  -1  -1  -1  -1  -1  -1  -1  -1  27  -1  -1  71  -1  -1  -1 
 27  -1 110  -1  -1 220  -1  28  -1  -1  -1  -1  -1 123 265 150  -1  -1  -1  -1  -1  -1  -1  -1 201  -1 
 28  -1  -1  -1  15  -1  -1  -1  -1 130  -1  -1  -1 248  -1  -1  -1 299 101  -1  -1  -1  37  -1 122  -1 
 29  -1  -1  22  -1  -1  -1  -1 113 302  -1  -1 129  -1  -1  -1  -1 203  57  -1  -1  16  16 126  -1  -1 
 30  -1  -1  -1  -1  -1  -1  -1  17  17  -1  -1  -1  -1  24  -1  19  19  19   4   4   2   2  30  -1  -1 
 31  -1  -1  -1  -1  -1  -1  -1  31  31  31  -1  -1  -1  -1  -1  -1  -1  -1  -1  -1  -1  -1  -1  -1  -1 
 32  -1  74  -1  48  48  63  63  63  -1  -1  -1  -1  -1  46  46  -1  -1  -1  68  -1  -1  -1  61  61  -1 
 33  -1  -1  -1  -1  -1  -1  -1  -1  -1  -1  -1  -1  -1  -1  -1  -1  -1  -1  -1  -1  -1  -1  75  75  75 
 34  -1  -1  -1 112  -1  -1 107 107 107  -1  -1  92  92  -1  -1  -1 118  90  90  -1 105 105  -1  -1  -1 
 35  -1  -1  -1  -1  -1  -1  -1  -1  -1  -1  -1  -1  -1  -1  -1  -1  -1  -1  -1  -1 119 119 119  -1  -1 
 36  -1  -1  -1 149 149  -1  -1  -1 162  -1 136 136  -1 156  -1  -1  -1  -1 134 134  -1  -1 151 151 151 
 37 163 163 163  -1  -1  -1  -1  -1  -1  -1  -1  -1  -1  -1  -1  -1  -1  -1  -1  -1  -1  -1  -1  -1  -1 
 38  -1 200  -1 180 180  -1  -1 193 193  -1 178 178  -1 206  -1  -1  -1  -1  -1  -1  -1  -1 195 195 195 
 39  -1  -1  -1  -1  -1 207 207 207  -1  -1  -1  -1  -1  -1  -1  -1  -1  -1  -1  -1  -1  -1  -1  -1  -1 
 40  -1 244 250  -1  -1 222 222  -1  -1  -1 224 224 239 239 239 237 237  -1  -1  -1  -1  -1  -1  -1  -1 
 41  -1  -1  -1  -1  -1  -1  -1  -1  -1  -1  -1  -1  -1  -1  -1  -1 251 251 251  -1  -1  -1  -1  -1  -1 
 42  -1  -1  -1 281 281  -1 294 288  -1  -1  -1 268 268  -1  -1  -1  -1 266 266  -1 283 283 283  -1  -1 
 43  -1 295 295 295  -1  -1  -1  -1  -1  -1  -1  -1  -1  -1  -1  -1  -1  -1  -1  -1  -1  -1  -1  -1  -1 
 44  -1 309  -1  -1   5  97  -1  -1  -1  -1   9  -1  -1  -1  99  -1  -1  53 230 228  50 184  -1  -1  -1 
 45  -1  -1 310  -1  -1  10  -1  -1  -1  -1  -1  -1  -1  -1  -1  -1  -1  -1  -1  93  -1 270  -1  -1  -1 
 46  -1  -1  -1  94  -1 143 182 315  52  -1  -1  -1  55 153  -1  -1  -1 137  49  -1  -1  -1  -1  -1  -1 
 47  -1  -1  -1 226  -1  -1  -1 285  -1  -1  -1  -1 138  -1  -1  -1  -1 229  -1  -1 139  -1 313  -1  -1 
 48 316  -1  -1 141  -1  -1 142  -1  -1  -1  -1  -1   8 231  -1  -1  65  -1  -1  -1  -1  -1  -1 312  95 
 49  -1  -1 241  -1 273  -1  -1  -1 183  -1  -1  -1  -1  -1 185  -1  -1  -1  -1  -1 187 225  -1  -1  -1 
 50  -1  -1  -1  -1  -1 274 272  -1  -1  -1  -1   6  -1   7  -1 314 109  -1  -1  -1  -1  -1  -1  -1  -1 
 51  -1 197  -1  -1 140  -1  -1  -1 227  -1 275  -1  -1  -1  -1  -1  -1  -1  -1  -1  -1  -1  -1  -1  11 
 52  -1  -1  -1  -1  -1  -1  51  -1  -1  -1  54  -1  -1  -1 271  -1 311 186  -1  -1  -1  96  -1  -1  -1 
 53  -1  -1  -1  -1  -1  -1  21  -1  -1 308  -1  -1 181  98  -1  -1  -1  -1  -1  -1  -1  -1  -1  -1 269 

r\t   0   1   2   3   4   5   6   7   8   9  10  11  12  13  14  15  16  17  18  19  20  21  22  23  24 
  0  -1  -1  -1  -1  -1  -1  -1  -1  -1 286  -1 127  35  -1  -1  -1 278 243  -1  -1  -1 279  73  -1  -1 
  1  -1  -1 108  -1  -1  -1  -1 287  -1  -1  -1  -1  -1  16  16  -1  -1 255 252  -1  -1  -1  -1 289  -1 
  2  -1  -1  -1  -1  -1  -1  -1  -1  -1  -1  -1 204  72  -1  -1  -1 205  -1  88  -1  -1 164  -1  -1  -1 
  3  -1  -1  14 152  -1  -1  -1  -1 100  -1  -1 234  -1  -1  -1  -1 128  -1  -1  -1  -1  59 217 144  -1 
  4  -1 247  34 104 104  -1 110 174  -1  -1  -1 305  -1 171  -1  -1  -1 261  58  -1 106  -1  -1  89  37 
  5  -1  27  -1  -1  -1  -1  -1  -1 253  -1  -1 254  -1  -1  -1  -1 246 167  86  -1  -1 257  -1  -1  -1 
  6  -1  20  -1  83  -1  -1 115  -1  26 175  -1  -1  -1  -1  -1  -1 166  -1  -1  -1  -1  -1  77  -1  -1 
  7  -1 284 190  -1  -1  -1  23  -1  -1  -1  -1  12  -1 238  -1  66 235 290 157  -1  -1  -1  -1  -1  -1 
  8 220  -1  -1 189  -1  -1  -1 192 192  -1  81  71 122  76  -1  -1  -1  -1  -1  -1  -1  -1  -1  -1  -1 
  9  -1  -1 280 280  -1  -1 161  15  -1  -1 177  -1  18  -1  -1  -1  -1  -1 123  -1  -1  -1 111  -1  -1 
 10  -1  -1  -1 133  44  -1 198  -1 260  -1  -1 259  -1  -1  -1  -1  -1  -1  -1  -1  -1  -1  91  -1  -1 
 11  -1 199  -1  62  -1  -1  -1  -1  -1  -1  -1  -1  -1  -1  -1  -1  -1  -1 233  -1  -1  -1  -1 256 176 
 12  -1  -1  -1 201  -1  -1  -1 267  -1  -1  -1  -1  -1 154  -1  -1  -1  -1  -1  -1  -1 218  -1 202  -1 
 13  -1 146  -1  32  -1  -1  -1  -1  -1  -1  -1  -1  -1  -1  -1  -1   3  -1  -1  -1  -1  -1 196 188  -1 
 14  -1 300  -1 120  -1  -1  -1  -1  -1  -1  -1 292  -1  -1  -1  -1 172  -1  -1  -1  -1  -1 158  -1  -1 
 15  -1  -1  -1  -1  -1  -1  64 101  -1  -1  -1  -1 242 297 130  -1  -1  70  -1  -1  -1  -1  -1 159  -1 
 16  -1  36 221  -1  -1 304 296  -1  -1  -1  -1  84  -1  -1  -1  -1  -1  -1 277  -1  -1  79  29  -1  -1 
 17  -1 179  -1  13  -1  -1  -1  -1  -1  -1  -1  -1  -1  -1  -1  -1 191  -1 103  -1 213  -1  -1  39  -1 
 18 265  -1 135  -1  -1 307  -1  -1  -1  -1  -1  57 160  -1  -1  -1 264  -1  -1  -1  -1  -1  -1  -1  40 
 19  -1  -1  -1  -1  -1  -1  -1  -1  -1  -1  -1 147  -1 169  -1  -1  -1 148 148  -1  -1  -1  -1  -1  -1 
 20  -1  78  -1  -1  -1  -1  87  -1 114  -1  -1  -1 248 249  -1  -1  -1  -1  -1  -1 131  -1  -1 124  -1 
 21 236 236  -1  -1  41  -1  -1  -1  -1  -1  -1  -1 212  -1  -1  -1  69  -1  -1 173  -1 210  -1  -1  -1 
 22  -1  -1  56  -1  -1 125  -1  -1   1  -1  -1 306  -1  -1  -1  -1  -1  -1  80  -1  -1 117   0  -1  -1 
 23  -1  -1  -1  47  -1 263 150  -1  -1  -1  -1  -1  -1  -1  -1  -1 145 121  -1  -1 194 298 211  -1  -1 
 24  -1 126 209 262  -1  -1  -1 245 276  -1  -1  -1  -1 129  -1  -1  -1  -1  42  -1  -1 240  -1  -1  -1 
 25  -1  -1  85 232  -1  -1 208  -1 299  -1  -1  25  -1  -1  -1 170  -1 214  -1  -1  -1  -1  -1  33  -1 
 26  -1  -1 219  -1 223  -1  -1  -1  -1  -1  -1  43 155  -1 303  -1  -1  -1  -1  -1  -1 102 216  82  -1 
 27  -1 168 113  -1  -1  -1  -1  -1 203  -1  -1 132  -1  -1  -1  -1  -1  -1  -1  45  -1  28  60  60  -1 
 28  67  -1  -1  -1  -1  -1  -1  -1  -1  22  -1 165  -1  -1  -1 215 116  -1  -1  -1  -1 301  -1  -1  -1 
 29  -1  -1  -1 293  -1  -1  -1  -1  -1  -1  -1  -1 291  38  -1  -1  -1 282 258 302  -1  -1  -1  -1  -1 
 30  -1  -1  -1   4   4  -1  24  -1  -1  -1   2   2  -1  -1  -1  -1  30  17  17  -1  -1  19  19  19  -1 
 31  -1  -1  -1  -1  -1  -1  -1  -1  -1  -1  -1  -1  -1  -1  -1  -1  -1  31  31  31  -1  -1  -1  -1  -1 
 32  -1  46  46  74  -1  -1  -1  61  61  -1  -1  -1  63  63  63  -1  -1  -1  -1  -1  -1  68  48  48  -1 
 33  -1  -1  -1  -1  -1  -1  75  75  75  -1  -1  -1  -1  -1  -1  -1  -1  -1  -1  -1  -1  -1  -1  -1  -1 
 34  92  92  90  90  -1  -1  -1 118  -1  -1  -1  -1 105 105  -1 107 107 107  -1  -1  -1  -1 112  -1  -1 
 35  -1  -1  -1  -1  -1  -1  -1  -1  -1  -1  -1 119 119 119  -1  -1  -1  -1  -1  -1  -1  -1  -1  -1  -1 
 36 136 136 156  -1  -1  -1  -1 149 149  -1  -1 162  -1  -1  -1  -1  -1  -1 134 134 151 151 151  -1  -1 
 37  -1  -1  -1  -1  -1  -1  -1 163 163 163  -1  -1  -1  -1  -1  -1  -1  -1  -1  -1  -1  -1  -1  -1  -1 
 38  -1 200 180 180  -1  -1  -1 206  -1  -1  -1 195 195 195  -1  -1  -1  -1 193 193  -1  -1 178 178  -1 
 39  -1  -1  -1  -1  -1  -1  -1  -1  -1  -1  -1  -1  -1  -1  -1  -1  -1 207 207 207  -1  -1  -1  -1  -1 
 40  -1  -1  -1 244  -1  -1 250 239 239 239 224 224  -1  -1  -1  -1  -1  -1 222 222  -1  -1 237 237  -1 
 41  -1  -1  -1  -1  -1  -1  -1  -1  -1  -1  -1  -1  -1  -1  -1  -1  -1  -1  -1  -1 251 251 251  -1  -1 
 42  -1  -1  -1 266 266  -1  -1 288  -1  -1 268 268 283 283 283  -1 294  -1  -1  -1  -1  -1 281 281  -1 
 43  -1  -1  -1  -1  -1  -1  -1  -1  -1  -1  -1  -1  -1  -1  -1  -1  -1  -1  -1  -1  -1  -1 295 295 295 
 44   9  -1  -1 225  -1  -1 285  -1  -1  -1  -1  -1 314  -1  -1 197  -1  -1  -1  -1  -1  94  -1  -1  -1 
 45  -1  -1  -1  -1 183  -1 241 142  -1  -1  -1  -1  -1  -1 109  -1  -1  -1  -1  -1  -1  -1  -1  -1  99 
 46  -1  -1 153  -1 138 316 309  96  -1  -1  -1  53  -1  -1  -1  -1 227  -1  -1  -1  -1 270  -1 139   7 
 47  -1  -1  -1  -1  -1  -1  -1  -1 272 310 143  -1  -1  -1  -1  -1  -1  -1  -1  -1  -1 226  -1  -1  54 
 48  -1  11 274  -1  -1  -1  -1  -1 181  -1  93  -1  -1  -1  -1  -1  21 308  -1  97  -1 137  -1  -1  -1 
 49  -1  -1  -1  -1  -1  -1  -1  -1  -1  -1  50 187  -1  -1 312  -1  -1  -1  -1  -1  -1 186  -1  -1  -1 
 50  -1  -1   5  -1  -1  -1  -1   8  -1  -1  -1  -1  -1  -1  -1 311  -1  -1 273 275 315  -1  -1  -1  -1 
 51  -1 271  -1  -1  95  -1  -1 182  -1  -1  -1  -1  -1 313  -1  -1 184  -1  55  -1  -1  49 269  -1  -1 
 52 185 229  -1  -1  -1  -1  -1  52  98  -1  -1  -1  -1  -1  -1  -1 141  65  -1  -1  -1   6  -1 231 228 
 53  -1  -1  -1  -1  -1  -1  -1 230  -1  -1  -1  -1  -1  -1  -1  -1  51  -1  10  -1  -1  -1  -1  -1 140 

r\t   0   1   2   3   4   5   6   7   8   9  10  11  12  13  14  15  16  17  18  19  20  21  22  23  24 
  0  -1  -1  -1  -1  -1  -1 247  -1  -1  -1 127  20  -1  -1  -1  -1 101  -1 233  -1  -1  -1  -1  -1  -1 
  1  -1 144  -1  -1  -1  -1 219  -1 232  -1  -1  -1  -1  -1  -1  -1  -1  -1 292  -1  89  -1  -1 104 104 
  2  -1 306  -1  -1  39  -1 120  60  60  -1  -1  -1  -1 203  -1  -1 129  -1  -1  22  -1  -1  -1  -1  -1 
  3  -1  14 304  -1  -1  -1 191  -1  -1  -1  -1  -1  -1 199  -1  -1  64 264  -1  -1  -1  -1  18  -1  -1 
  4  -1  -1 217 126  -1  -1  -1  -1 263  -1  -1 161  -1  -1  38  -1  -1  -1  -1  -1  -1 262  47  -1  -1 
  5  -1 204 307  -1  -1  -1 205  -1  -1  -1  -1  -1 209  -1  -1  -1  -1  29 154  -1  -1 201  -1  -1  -1 
  6  -1  59 280 280  -1  -1  -1  72  28  -1  -1 189  -1  -1  -1  -1 145  -1  -1  -1  -1  -1 300  56  -1 
  7  -1  -1  -1  -1  -1  -1  -1 172  -1  -1  -1 169 147  -1  -1  -1  -1  -1  -1  -1 265  -1  -1  -1  -1 
  8  -1  -1 257  -1 125  -1  -1  -1 108  -1  -1  -1  -1  -1  -1  -1  -1  15  -1  -1  -1  -1  34 179  -1 
  9 259 240  -1  -1  -1  -1  -1  -1  44  -1  -1  -1  42 302  -1 305  35  -1 166  -1  -1  -1  -1  -1  -1 
 10  45  70 157  -1  -1  -1  -1  -1  -1  -1  -1  -1  85  -1  -1  -1  -1  -1  -1  -1  -1 234 249  26  -1 
 11  -1 102  80  -1  -1 214 155 282  -1  91  -1  -1 245 287  -1  -1  -1  -1  -1 150  -1  -1  -1  -1  -1 
 12  -1 290  25 190  -1  -1  -1 211 192 192  -1 111  -1 298 301  -1  -1  -1  -1  -1  83 123  78  -1  -1 
 13  -1  -1  -1  13 286  -1 278 160  12  -1  -1  -1  -1 238  -1  -1  -1  -1 260  -1  -1  -1 279  -1  -1 
 14  -1  -1 148 148  -1  -1  -1  -1  -1  -1  -1  -1  -1  -1  -1  -1 291  -1  -1  -1  -1  -1 168 212  -1 
 15  -1 284  -1  -1  -1  -1  -1  -1  -1  -1  -1  -1  -1 100  -1  -1  73 235  -1  -1  -1 256  -1 246 176 
 16  -1  -1  -1  69  -1  -1  -1  -1  -1  -1  -1 117  76  -1  -1 177  -1 252  -1  -1  -1  -1 202 158  -1 
 17  -1 188  -1 114  -1  -1  79  33  88  -1  -1  -1 131  -1  -1  -1 122  -1 255  -1  -1  -1  -1  -1  -1 
 18  -1  -1  -1 208  -1  -1 299  36  41  -1  -1  -1  -1  77  -1  -1  -1 170  -1  -1  -1 152  -1  -1  -1 
 19  -1 167  -1  -1  -1  -1  -1 296  -1  37  -1  67 289  -1  -1  -1  -1  -1 174  -1  -1  -1  -1  -1  -1 
 20  -1  -1  -1  -1  -1  -1  27 253 171  -1  -1  -1  81  -1  -1  23  -1  -1  -1 258  43  58  -1  -1  -1 
 21  -1  -1  -1  -1  -1  -1 175  -1  82  -1  -1  -1  -1  -1  -1  -1  -1 297  -1  -1  -1  -1  -1  -1  -1 
 22  -1 261  -1  -1  -1  -1  -1  -1  -1 106  -1  -1  -1  -1  -1  -1 196  -1  -1  -1 221  -1 236 236  -1 
 23  -1  -1  -1  32  -1  -1  66 121  -1  -1  -1  -1  84 124  -1  -1 164  -1  -1  -1  -1  -1 116  -1  -1 
 24  -1 132 194 216  -1  -1  -1  -1 276  -1  -1  -1  -1 254  -1  -1  -1  -1  -1  -1  -1 267   3  16  16 
 25  -1 130  -1  57  -1  -1  -1 210  -1  -1  -1  71  -1  -1  -1  -1 223  -1  -1  -1  -1  -1  62 277  -1 
 26  -1 303  -1  -1  87  -1  -1 198 113  -1  -1  -1 243  -1  -1  -1  -1  -1  -1  -1  -1  -1  -1 293 220 
 27  -1  -1  -1 215 173  -1  -1  -1 248  -1  -1 242 110  -1  -1  -1  -1  -1  -1  -1  -1 133 146  -1  -1 
 28  -1 115  -1 103  -1  -1 165  -1 128  -1  -1 218  -1  -1  -1  -1  -1 159 135  -1  -1  -1  -1  40  -1 
 29  -1  -1  -1  -1  -1  -1  -1  -1   0  -1  -1  -1  -1  -1  -1  -1  -1  -1   1  -1  -1  -1 213  -1  86 
 30  -1  24  -1   4   4  19  19  19  -1  -1  -1  -1  17  17  -1  -1  -1  -1  -1  -1  -1  30  -1   2   2 
 31  -1  -1  -1  -1  -1  -1  -1  -1  -1  -1  -1  31  31  31  -1  -1  -1  -1  -1  -1  -1  -1  -1  -1  -1 
 32  -1  -1  -1  48  48  -1  68  -1  -1  -1  -1  -1  63  63  63  -1  -1  61  61  -1  -1  74  -1  46  46 
 33  -1  -1  -1  -1  -1  -1  -1  -1  -1  -1  -1  -1  -1  -1  -1  -1  -1  75  75  75  -1  -1  -1  -1  -1 
 34  -1  -1 118  92  92 107 107 107  -1  -1  -1  -1 112  -1  -1  -1  -1  -1 105 105  -1  90  90  -1  -1 
 35  -1  -1  -1  -1  -1  -1  -1  -1  -1  -1  -1  -1  -1  -1  -1  -1  -1 119 119 119  -1  -1  -1  -1  -1 
 36  -1  -1  -1 156  -1  -1 162 151 151 151 149 149  -1  -1  -1  -1 134 134  -1  -1  -1  -1 136 136  -1 
 37  -1  -1  -1  -1  -1  -1  -1  -1  -1  -1  -1  -1 163 163 163  -1  -1  -1  -1  -1  -1  -1  -1  -1  -1 
 38  -1  -1 206 180 180  -1  -1  -1 178 178  -1 200  -1  -1  -1  -1  -1 193 193  -1 195 195 195  -1  -1 
 39  -1  -1  -1  -1  -1  -1  -1  -1  -1  -1  -1  -1  -1  -1  -1  -1 207 207 207  -1  -1  -1  -1  -1  -1 
 40  -1  -1 237 237  -1 239 239 239 224 224  -1 250  -1  -1  -1  -1 244  -1  -1  -1  -1 222 222  -1  -1 
 41  -1 251 251 251  -1  -1  -1  -1  -1  -1  -1  -1  -1  -1  -1  -1  -1  -1  -1  -1  -1  -1  -1  -1  -1 
 42 266 266  -1 294  -1  -1  -1  -1 288  -1 281 281  -1  -1  -1  -1  -1 283 283 283  -1  -1 268 268  -1 
 43  -1  -1  -1  -1  -1  -1  -1  -1  -1  -1 295 295 295  -1  -1  -1  -1  -1  -1  -1  -1  -1  -1  -1  -1 
 44  -1  -1  -1  -1 138  -1  -1  -1 141 274  -1 309  -1  -1  -1  95   6  -1  -1  -1  -1  -1  -1  -1  -1 
 45  -1  -1  65  -1  -1  -1  -1  -1 269  -1  -1  -1  -1  -1 181  -1  52  -1  -1  -1 137  -1  -1  -1  -1 
 46 143 183  -1 270  -1  -1  -1  -1  -1  -1  -1  -1  -1  -1  -1  -1  -1  -1  -1  -1  -1  11  -1 225 271 
 47  -1  53  -1  -1  -1  -1 313  -1  -1  -1  -1  -1  -1  -1 273 229  -1  -1  -1  -1  -1  -1  -1  -1  -1 
 48  -1  -1  -1  -1  -1 316  -1  -1  -1  -1 310  -1  -1  -1  -1 275 272 226 187  -1  -1  49  -1  -1  -1 
 49 185   5  -1  -1  -1  -1  -1 312  -1  -1  -1  -1  -1 308  -1  -1  -1  -1  -1  -1  54  -1  -1  -1  -1 
 50  97  -1 109  -1 231  -1  -1  -1  -1  -1  -1  -1 314  -1  98  55  96  -1 230  -1  -1  -1 186  -1 153 
 51   9  -1  -1  -1  -1  -1  -1  -1  -1  50  -1  -1 197  -1   7 140  -1  -1  51  -1  -1 184  -1  -1  -1 
 52  -1  -1  21  -1  -1  -1  -1  -1  -1  -1  -1  -1  -1  -1 142  -1 241  -1  -1  -1  -1  -1  -1  93  99 
 53 227  94 315 139  -1  -1  -1  -1  -1   8  -1  -1  -1  -1 228  -1 182  10  -1 311  -1 285  -1  -1  -1 

