317
18 10
4 14
13 30
7 18
21 30
3 53
8 48
5 53
20 50
9 47
15 45
12 49
8 2
21 6
22 7
13 3
2 22
10 30
6 26
16 30
12 5
7 49
23 22
1 19
23 30
22 20
3 19
17 22
13 10
6 22
1 30
10 31
21 23
16 27
7 5
8 27
18 13
11 7
12 22
7 0
19 12
7 28
8 14
3 6
12 3
15 19
16 32
13 15
3 32
9 53
14 51
22 51
5 45
8 45
18 50
20 52
17 10
12 11
16 18
18 27
2 24
7 32
13 25
21 32
6 24
11 50
1 2
24 29
13 32
17 5
16 15
3 28
12 16
21 7
2 32
6 33
23 18
21 16
1 4
13 16
18 8
6 0
9 9
7 22
4 6
7 12
3 12
20 28
8 23
18 11
13 34
21 27
15 34
7 50
17 47
12 47
3 46
9 51
22 48
20 46
22 19
16 10
17 13
8 3
12 13
2 34
21 2
5 34
18 28
1 53
11 24
23 16
22 34
16 22
6 4
7 20
13 7
23 19
8 34
2 35
17 8
12 12
2 29
11 9
21 15
12 18
22 29
21 17
20 23
5 0
3 16
13 18
4 22
22 12
12 36
21 28
7 36
20 53
9 52
15 53
5 46
3 50
16 53
14 52
19 25
8 22
7 13
16 6
12 2
17 36
6 1
1 36
22 3
21 50
23 1
11 25
21 36
23 12
1 10
3 11
13 11
6 13
11 36
16 37
2 28
12 7
7 19
8 10
22 17
11 4
17 11
11 29
11 28
19 20
23 10
4 1
5 8
15 27
3 38
8 12
12 38
17 44
22 44
18 46
7 47
14 46
9 48
16 44
13 28
7 23
3 2
1 27
17 18
10 38
8 5
20 38
2 8
6 48
19 29
23 13
6 38
22 23
18 14
8 18
17 1
3 14
7 38
0 39
13 9
21 25
12 28
11 26
23 14
21 26
4 15
3 1
13 8
22 13
22 5
3 8
4 23
20 22
21 40
14 4
12 40
9 46
7 44
16 50
15 50
5 51
3 48
17 50
12 26
21 4
3 4
22 0
13 23
17 40
2 14
6 40
16 8
11 51
1 6
23 29
11 40
1 12
7 17
6 3
8 11
13 20
2 40
17 41
22 15
3 0
12 27
21 18
16 20
14 16
12 20
8 20
3 29
5 20
7 14
14 6
7 21
20 14
17 42
16 29
21 42
8 47
13 52
15 51
3 47
12 48
9 49
5 49
22 24
17 3
18 26
1 20
7 6
3 42
11 2
12 42
21 5
23 47
16 12
6 14
8 42
2 4
6 29
22 27
13 24
18 6
7 42
2 43
12 9
23 11
1 22
11 6
17 23
0 14
3 17
0 23
18 20
0 16
18 17
1 18
23 51
1 46
2 53
24 50
10 44
11 46
19 48
6 52
0 49

