317
11 16
0 7
8 30
17 18
3 30
1 50
12 53
15 44
2 53
10 49
21 50
16 51
11 22
6 12
8 4
16 14
2 25
20 30
7 17
12 30
1 3
23 49
17 4
18 0
17 30
16 25
1 2
12 2
23 29
6 10
2 30
20 31
18 6
11 5
8 11
7 2
11 27
16 19
8 27
21 15
18 10
7 7
15 9
3 17
15 19
3 18
16 32
2 5
11 32
10 47
0 46
1 49
9 44
20 49
14 52
4 45
12 8
1 11
11 8
16 20
17 5
22 32
5 19
6 32
3 13
2 52
13 18
24 22
1 32
8 0
18 4
12 5
2 1
6 23
13 32
21 33
17 25
6 2
11 10
1 9
16 8
12 13
16 7
10 9
18 1
10 21
5 22
11 3
17 13
4 21
20 34
3 8
10 34
14 48
1 44
16 52
8 51
15 46
12 49
2 45
16 10
17 28
11 15
12 0
5 11
22 34
3 22
7 34
2 4
0 49
18 12
13 15
2 34
6 9
12 26
11 4
18 3
1 5
13 34
22 35
7 22
16 1
22 3
17 20
3 20
20 0
14 25
12 14
13 7
18 13
19 0
19 22
15 22
2 6
3 36
1 4
11 36
14 45
10 46
8 45
9 53
21 45
16 50
0 48
11 17
12 25
3 19
16 2
7 12
18 36
6 18
20 36
2 0
1 45
13 8
23 1
6 36
7 9
3 27
11 28
21 19
16 16
23 36
17 37
13 2
22 24
12 17
8 1
2 11
10 7
19 10
6 29
6 0
19 9
24 14
21 5
0 11
9 22
10 38
2 9
15 38
8 53
21 46
20 45
12 52
4 49
3 49
1 51
16 27
1 21
8 26
18 9
2 12
20 38
22 14
12 38
17 10
23 47
7 29
6 4
22 38
12 11
13 9
1 22
7 8
16 11
3 38
17 39
2 2
23 4
21 8
21 10
6 20
20 24
19 7
24 13
20 21
20 25
17 22
18 19
4 5
14 4
0 40
2 19
15 40
3 50
12 44
17 46
9 52
10 53
21 47
8 47
16 28
6 22
17 0
8 23
3 29
12 40
2 10
20 40
11 2
23 53
18 28
7 4
6 40
1 13
22 10
23 5
21 16
17 3
3 40
11 41
7 13
2 28
16 15
8 25
18 22
24 7
15 11
2 22
18 20
7 25
15 6
5 21
8 28
0 4
15 42
2 27
20 42
14 47
12 47
4 51
11 47
9 51
1 52
3 46
21 13
6 25
8 19
1 25
15 24
17 42
7 5
10 42
3 7
22 51
23 11
2 13
6 42
18 2
8 21
11 9
21 12
3 3
7 42
17 43
22 16
13 17
16 12
23 0
1 14
9 9
9 5
21 26
24 28
18 27
24 25
15 29
23 51
7 53
24 52
22 48
19 45
18 51
6 45
13 53
5 48

