317
22 3
14 28
15 30
19 16
1 30
24 50
13 49
12 47
3 49
0 48
6 53
18 53
3 21
2 5
18 5
7 15
0 23
12 30
19 8
21 30
6 10
17 48
11 26
8 4
3 30
1 28
16 24
21 16
8 3
12 25
18 30
5 31
2 13
23 4
17 11
13 4
22 19
17 7
17 27
7 7
1 15
1 6
19 15
22 18
16 28
3 26
18 32
2 10
12 32
1 48
14 44
6 47
21 47
22 53
15 50
0 47
18 18
13 1
16 17
12 8
20 15
5 32
2 26
22 32
1 2
11 46
17 9
8 25
1 32
12 19
3 0
22 4
13 8
8 13
17 32
5 33
23 24
22 24
16 15
11 9
2 7
12 5
16 0
23 12
20 14
5 0
17 12
16 3
22 7
19 14
13 34
21 2
15 34
12 49
18 48
6 50
1 47
5 51
24 45
0 49
1 24
16 22
6 19
7 6
12 3
17 34
20 2
2 34
8 22
21 49
11 13
23 22
21 34
16 18
13 12
12 11
3 25
22 1
11 34
7 35
18 28
2 18
6 13
1 19
23 5
2 14
5 9
12 4
23 10
4 5
5 7
24 18
5 13
18 4
0 36
12 12
15 36
13 48
14 45
24 47
19 50
22 50
6 48
2 49
1 7
13 5
16 23
21 27
5 24
23 36
11 2
2 36
18 7
17 52
7 8
12 6
7 36
8 5
3 2
2 12
16 13
11 8
13 36
21 37
1 17
1 0
12 29
6 29
17 6
6 2
5 3
2 3
12 16
7 24
20 16
7 25
14 4
15 8
0 38
6 22
2 38
21 53
22 51
13 46
12 51
24 46
5 45
16 46
1 22
2 19
16 10
18 9
20 7
12 38
4 24
7 38
17 8
11 49
23 8
6 23
16 38
8 9
12 2
11 6
21 9
2 6
22 38
17 39
23 18
6 8
3 18
3 12
7 11
11 10
21 12
5 26
8 2
24 5
12 0
24 15
0 6
24 0
13 40
15 19
5 40
12 46
21 48
1 45
3 53
2 50
18 45
19 53
2 17
12 10
3 20
13 0
5 4
17 40
8 0
21 40
1 20
15 48
7 2
11 12
7 40
1 8
21 26
23 7
22 0
2 16
8 40
16 41
11 7
12 23
3 8
13 6
6 18
16 14
16 7
11 21
8 27
5 21
19 13
11 4
6 27
0 9
1 42
3 27
12 42
15 46
21 51
5 46
16 47
18 49
14 53
24 52
1 21
8 28
6 28
16 16
13 24
18 42
11 3
20 42
2 20
3 47
7 14
23 13
8 42
7 28
2 22
22 21
13 2
21 6
16 42
17 43
11 17
23 23
6 12
12 7
3 5
10 19
9 12
23 2
11 16
7 19
0 3
7 3
7 53
23 46
20 53
8 50
9 48
17 51
4 49
11 48
10 50

