317
1 24
12 13
18 30
11 20
20 30
23 53
8 50
9 46
7 44
24 51
13 44
10 50
3 13
21 17
23 28
13 13
7 19
15 30
6 27
0 30
17 19
22 46
14 1
11 0
23 30
2 11
1 1
13 9
18 15
8 29
3 30
15 31
21 2
11 24
22 26
6 15
11 23
18 4
22 24
1 16
7 8
4 23
18 28
0 18
12 26
20 10
0 32
13 11
7 32
11 44
19 48
15 44
23 48
24 44
9 52
10 45
11 2
24 3
1 14
12 8
7 6
17 32
13 12
21 32
16 21
3 45
2 27
6 3
2 32
22 20
23 17
11 3
6 22
3 15
13 32
16 33
8 17
1 15
12 23
2 29
21 5
5 1
1 7
7 23
0 7
1 19
23 15
0 26
19 1
23 25
7 34
20 17
10 34
21 50
12 53
9 45
1 46
15 48
0 46
24 46
1 27
11 10
7 4
8 1
20 3
12 34
2 1
16 34
23 23
6 48
22 25
3 10
21 34
17 7
2 24
1 13
7 18
22 4
3 34
12 35
16 26
8 23
12 20
6 6
23 2
7 29
13 20
4 5
15 4
0 13
7 27
8 27
15 18
21 13
23 36
9 6
7 36
1 49
20 51
18 47
0 44
13 49
11 49
19 49
18 12
8 16
7 24
2 8
23 21
15 36
6 26
10 36
3 9
17 50
22 3
4 21
17 36
16 17
13 23
11 29
8 28
23 10
6 36
1 37
12 27
6 19
22 2
18 10
21 25
15 17
17 10
9 4
7 15
1 11
24 12
3 0
20 20
10 14
0 38
8 18
12 38
21 44
23 52
15 51
19 50
9 50
11 53
7 49
7 0
23 19
1 17
3 6
12 7
20 38
6 12
16 38
2 16
22 53
14 5
8 5
22 38
18 5
11 4
13 16
16 3
1 23
23 38
2 39
7 14
21 6
6 28
8 25
17 3
4 28
1 12
7 1
6 13
18 13
5 0
22 18
13 2
20 22
10 40
18 20
23 40
15 47
7 48
12 47
21 52
0 53
19 45
8 48
21 26
13 21
12 21
11 13
22 8
2 40
17 22
7 40
1 5
6 51
16 9
18 16
16 40
11 18
23 0
6 4
8 26
21 22
13 40
1 41
18 18
7 17
12 2
17 14
22 14
9 18
11 14
8 15
5 21
13 29
15 27
21 10
12 12
20 12
8 42
7 16
18 42
21 46
11 47
24 49
1 52
13 53
15 53
23 47
8 24
16 16
18 8
2 21
23 20
0 42
17 21
10 42
21 20
7 51
6 5
22 29
16 42
18 19
21 15
7 20
12 28
6 8
3 42
0 43
11 25
8 12
17 24
13 28
22 13
0 10
15 10
16 20
10 15
14 3
18 6
15 6
17 47
2 49
14 53
22 45
5 51
6 45
3 50
16 46
4 48

