317
18 13
14 29
20 30
22 2
7 30
17 45
10 44
15 44
9 52
5 44
11 53
6 51
21 20
7 0
8 27
6 23
22 13
12 30
3 27
17 30
11 24
2 50
1 29
16 23
6 30
7 17
1 24
18 5
16 6
22 27
3 30
11 31
8 9
17 22
2 1
21 19
17 24
23 20
6 17
2 28
18 18
21 8
23 5
16 24
14 28
15 24
20 32
18 22
7 32
17 44
6 49
22 47
13 48
12 46
5 50
9 47
3 16
21 3
17 9
6 25
7 29
12 32
1 12
22 32
11 17
16 53
18 7
2 25
1 32
17 4
18 20
23 16
22 9
3 3
6 32
10 33
13 23
2 7
8 21
1 20
21 13
9 5
1 21
23 26
4 7
1 27
11 23
16 26
18 11
7 18
10 34
15 0
12 34
8 52
20 49
6 53
17 48
9 48
14 50
5 46
18 8
13 16
12 27
17 23
5 22
22 34
4 25
0 34
11 26
24 44
3 18
16 8
6 34
13 6
18 23
17 27
1 19
8 5
16 34
21 35
11 10
2 26
21 0
3 20
7 16
24 7
17 20
11 19
18 17
21 9
13 27
16 5
9 1
7 6
13 36
8 26
17 36
21 53
20 47
6 47
15 48
11 45
22 48
5 52
13 28
21 11
22 24
18 15
5 16
10 36
16 17
2 36
17 16
23 51
8 16
1 22
16 36
17 29
2 21
3 17
21 24
13 13
23 36
10 37
1 16
22 25
8 6
18 3
7 20
1 28
14 9
10 22
2 5
17 15
23 23
19 15
20 6
10 2
7 38
6 9
13 38
15 47
18 49
12 44
22 50
5 49
9 51
21 45
7 14
8 8
21 26
17 8
22 21
18 38
11 12
2 38
12 26
16 49
6 13
1 23
22 38
13 8
8 18
6 3
12 23
16 28
23 38
17 39
3 2
21 10
1 13
1 25
11 27
4 19
24 5
3 6
22 19
16 12
8 19
24 1
11 11
5 28
13 40
10 4
17 40
12 49
7 44
21 47
15 52
20 50
6 46
22 51
6 19
17 28
11 2
18 4
12 5
22 40
1 7
7 40
21 18
16 44
3 5
2 16
16 40
1 3
11 25
17 14
18 16
6 6
2 40
22 41
8 11
3 0
12 8
21 1
7 8
16 21
1 2
11 28
2 10
15 14
18 27
9 8
18 28
5 27
6 42
8 22
20 42
11 52
22 52
14 52
13 44
12 52
9 45
10 49
21 28
7 28
6 4
13 4
10 7
3 42
8 25
15 42
22 22
24 50
23 1
0 28
22 42
1 6
6 21
17 13
12 4
16 1
23 42
1 43
13 3
18 9
21 2
11 18
7 15
10 29
1 15
2 23
21 15
4 28
3 23
11 0
2 48
16 48
19 44
1 49
24 53
3 47
4 49
23 48
0 52

