317
1 14
19 25
8 30
11 13
5 30
12 48
17 52
16 48
20 45
15 45
21 44
7 48
8 27
6 26
7 12
13 2
20 9
15 30
23 3
2 30
12 14
18 50
11 18
22 13
21 30
22 14
18 2
2 11
6 17
11 17
17 30
12 31
23 22
1 2
8 24
7 8
3 25
24 13
11 1
0 26
8 7
14 2
10 20
24 16
6 4
19 16
20 32
1 12
11 32
17 44
5 46
7 49
16 44
8 51
15 47
9 52
17 13
8 22
7 21
6 22
20 15
2 32
13 27
22 32
16 7
14 53
18 26
1 3
16 32
23 2
17 19
12 11
7 18
22 25
1 32
2 33
8 0
13 16
11 3
21 10
18 4
20 14
3 6
20 29
21 18
13 5
2 17
17 7
2 0
3 14
16 34
15 23
6 34
20 46
8 49
1 53
21 53
5 52
9 51
19 52
16 15
17 29
21 28
22 19
7 23
0 34
13 8
10 34
23 27
14 48
18 14
4 17
2 34
7 19
12 0
11 7
18 7
1 21
13 34
22 35
8 29
17 5
23 19
16 10
3 5
23 21
22 22
14 7
8 16
13 28
19 12
12 12
12 4
1 8
6 36
11 8
8 36
3 44
5 45
21 52
19 45
16 45
2 47
20 51
6 28
7 25
8 14
16 8
22 20
3 36
18 25
12 36
17 3
0 49
11 27
24 1
2 36
23 14
6 0
11 16
3 27
18 22
21 36
15 37
13 23
12 1
7 26
22 9
1 29
23 10
22 18
24 22
8 5
14 19
9 20
19 2
15 27
20 27
6 38
12 13
8 38
21 47
3 45
16 49
17 50
5 48
11 53
1 49
16 3
11 23
6 20
17 0
7 11
18 38
13 6
1 38
21 8
12 45
23 28
22 29
12 38
22 23
2 16
13 3
1 10
16 24
11 38
17 39
7 3
21 5
6 9
8 2
23 4
7 24
6 5
11 12
8 25
2 12
6 25
0 8
9 8
5 26
11 40
8 6
15 40
6 46
1 48
17 51
20 50
7 45
3 51
21 49
23 13
11 15
21 7
12 9
15 16
17 40
13 13
2 40
7 6
0 46
22 16
8 17
22 40
2 23
7 2
23 9
21 6
8 18
1 40
17 41
11 0
3 28
6 2
13 29
16 29
22 2
17 8
2 28
23 0
3 19
7 29
1 24
17 9
20 1
8 42
3 16
11 42
16 46
6 52
19 48
2 51
21 48
15 49
1 46
8 26
17 14
12 17
7 15
15 18
0 42
13 11
21 42
6 23
14 44
18 17
3 24
3 42
6 13
21 29
13 19
17 15
11 9
2 42
5 43
16 26
12 2
1 20
18 23
22 7
17 23
6 21
9 28
1 7
5 9
18 6
10 18
13 49
10 51
14 51
0 48
4 45
22 52
23 50
18 52
24 46

