317
8 13
24 13
1 30
15 12
12 30
11 45
23 45
22 47
10 46
14 44
16 44
0 52
1 23
13 24
12 6
22 18
2 26
17 30
9 16
6 30
11 4
15 52
20 4
21 20
11 30
12 4
22 0
6 23
16 9
3 23
21 30
17 31
13 14
7 23
2 16
1 1
7 12
12 18
4 5
3 15
3 9
16 25
19 26
10 17
12 10
6 24
23 32
16 26
7 32
1 51
0 49
22 45
13 51
11 50
15 48
10 45
7 9
22 7
23 20
11 6
12 3
17 32
16 24
2 32
1 16
21 52
9 4
5 18
13 32
7 28
6 29
1 3
11 9
16 22
21 32
17 33
2 9
3 4
23 28
13 18
8 17
10 2
15 1
23 2
0 12
12 23
19 14
6 16
6 12
16 12
23 34
14 1
10 34
22 48
8 52
13 47
1 53
0 45
12 48
15 50
6 20
1 29
22 2
23 13
12 12
2 34
5 3
7 34
16 20
18 44
17 8
21 7
12 34
8 5
23 25
22 28
17 18
11 23
21 34
2 35
6 22
1 21
2 3
18 14
13 0
12 9
2 13
14 7
7 17
13 10
18 11
6 28
11 17
23 4
15 36
12 24
6 36
24 45
10 50
13 52
0 51
1 50
8 47
14 46
16 16
8 12
7 0
11 21
0 14
3 36
5 1
20 36
13 11
17 48
18 10
12 22
12 36
11 16
23 24
22 12
16 18
1 24
18 36
2 37
17 20
17 4
8 0
13 20
7 13
4 17
1 17
5 24
5 6
5 17
12 14
12 0
24 6
15 24
0 38
6 9
13 38
16 49
22 50
23 52
7 50
10 47
11 46
12 49
16 0
11 8
1 15
3 0
12 16
22 38
17 25
7 38
2 1
21 44
18 29
6 8
11 38
17 22
7 16
8 24
16 4
1 20
12 38
2 39
22 14
13 6
23 17
23 14
18 23
2 28
4 29
24 19
7 11
21 17
4 12
16 3
10 28
24 2
7 40
14 17
22 40
6 53
1 46
11 47
12 46
0 48
13 44
15 49
1 11
11 5
23 5
13 15
7 14
17 40
9 12
2 40
16 13
14 52
20 22
21 10
12 40
2 5
21 0
22 25
23 12
8 15
1 40
16 41
11 22
3 21
6 17
13 19
7 20
6 27
9 29
18 19
9 0
13 7
6 19
3 1
23 26
12 25
1 42
16 10
10 42
15 45
22 53
14 51
8 50
13 49
0 50
24 50
1 22
8 26
11 7
6 5
22 11
13 42
21 27
17 42
7 25
3 47
4 8
16 15
21 42
21 24
12 11
16 1
2 0
18 5
8 42
5 43
1 2
17 10
23 15
3 8
11 12
23 1
4 19
19 25
15 6
24 5
3 12
16 28
18 47
3 51
4 49
20 48
9 46
17 47
19 50
21 48
5 51

