1 93452 90.563000 18757 1389 1087 481 10000 4000 1800
2 90172 89.921000 17948 1336 1387 425 10000 3000 1800
3 70938 87.172000 11630 1312 1085 433 5000 2000 1800
4 91939 90.344000 16118 1290 1100 428 8000 3000 2300
5 92174 90.516000 18520 1364 1030 426 11000 3500 1200
6 98560 92.077000 19792 1304 748 440 11000 5000 1300
7 50037 91.704000 18598 1402 762 434 10000 4000 2000
8 78634 80.797000 21258 1373 973 412 12000 4500 2000
9 84039 81.874000 18050 1514 1010 426 10000 3000 2100
10 99076 75.797000 17846 1336 1302 408 9000 4500 1300
