317
17 18
10 2
13 30
16 25
0 30
3 44
22 47
5 50
20 51
15 53
23 46
11 46
1 17
11 28
13 21
17 12
22 3
7 30
21 25
2 30
6 13
12 48
16 1
18 13
22 30
23 16
16 3
3 22
2 22
12 9
17 30
6 31
21 18
1 1
18 7
13 17
1 22
9 16
19 27
19 15
15 23
18 25
11 12
3 0
0 17
15 14
13 32
16 28
10 32
5 51
17 46
22 45
1 45
3 50
20 52
23 51
13 3
1 6
11 23
8 16
17 11
22 32
12 16
2 32
7 0
6 50
16 27
21 21
16 32
12 12
17 26
22 9
2 25
6 29
21 32
7 33
3 8
1 29
23 9
11 10
18 26
4 23
9 4
6 11
24 0
24 13
5 17
18 20
23 27
11 22
1 34
14 25
3 34
5 45
13 48
16 44
17 53
15 44
20 47
10 48
8 21
3 18
1 20
16 17
12 5
17 34
21 2
22 34
2 27
0 50
6 20
7 26
6 34
21 22
11 4
13 22
1 4
7 5
8 34
17 35
23 6
2 24
16 4
3 24
12 14
2 9
7 17
5 11
8 22
22 2
7 14
1 24
15 5
16 18
2 36
17 7
0 36
11 49
10 44
13 53
4 51
5 49
23 50
14 51
1 28
13 29
11 7
21 7
2 10
23 36
19 19
6 36
22 10
12 45
18 15
17 0
13 36
11 9
7 10
8 17
17 22
23 8
18 36
20 37
6 16
18 21
1 16
12 29
3 7
2 15
20 4
0 23
0 18
5 18
23 12
5 3
15 1
10 27
3 38
13 20
1 38
5 48
16 53
11 50
20 45
0 51
14 49
17 49
17 1
16 21
1 21
22 24
2 6
23 38
18 22
7 38
11 21
21 52
13 4
12 28
16 38
2 16
13 16
18 3
12 24
21 12
17 38
22 39
8 3
1 27
6 8
6 22
3 20
16 23
15 20
21 5
17 29
16 19
2 3
7 21
0 27
20 6
3 40
2 26
10 40
1 44
16 50
22 49
5 52
13 45
23 52
15 50
16 22
3 27
13 10
11 5
22 26
0 40
21 14
17 40
8 14
2 48
12 19
6 1
13 40
23 28
1 3
3 1
2 21
18 18
21 40
7 41
17 2
22 18
11 8
12 1
16 16
6 12
11 1
8 18
13 6
2 20
23 10
19 11
1 14
20 23
13 42
23 4
10 42
15 51
16 52
0 52
22 48
2 47
4 50
3 48
3 4
11 24
2 11
16 20
12 7
18 42
23 7
5 42
1 26
21 49
24 26
8 24
23 42
22 20
2 29
8 8
11 2
6 21
16 42
17 43
12 6
7 16
21 17
13 15
3 21
13 14
17 9
17 8
9 17
4 15
6 26
11 15
21 47
7 45
6 49
24 53
19 45
18 48
8 49
12 49
9 53

