317
1 2
6 4
13 30
10 27
7 30
3 51
15 53
19 44
5 44
9 51
24 44
12 47
3 15
18 0
17 5
12 17
7 6
20 30
16 0
0 30
6 3
23 49
10 24
11 28
17 30
18 23
8 27
11 4
2 14
3 14
23 30
20 31
16 25
1 10
7 10
13 4
6 19
19 1
13 15
3 29
15 16
1 24
1 25
15 7
24 4
6 1
13 32
12 24
8 32
19 48
5 46
3 44
21 44
1 45
10 45
0 51
11 10
23 14
13 22
8 8
2 11
15 32
12 26
20 32
6 22
7 49
4 17
18 18
18 32
22 28
12 4
7 15
8 25
21 7
1 32
15 33
13 19
7 2
2 8
18 9
11 22
23 9
15 8
19 25
22 24
23 12
4 8
8 23
21 11
3 27
7 34
9 10
0 34
13 50
12 53
6 48
15 48
14 48
5 50
10 44
21 9
7 18
1 29
18 8
12 11
5 34
4 1
22 34
17 1
2 53
11 27
16 18
12 34
21 28
3 2
1 11
6 9
13 9
2 34
17 35
23 17
7 12
18 12
8 20
11 19
18 11
5 4
6 27
14 19
6 18
7 0
15 18
19 27
3 26
13 36
1 19
5 36
0 53
7 45
8 46
15 52
12 45
21 45
9 53
21 3
17 19
6 5
22 16
7 26
23 36
18 25
10 36
3 10
16 50
1 9
2 27
18 36
16 29
11 7
12 6
1 12
21 4
2 36
22 37
13 6
2 9
6 10
17 10
8 2
8 5
7 29
9 5
17 29
22 23
0 8
12 15
14 0
10 25
12 38
1 13
8 38
24 45
19 45
6 51
3 50
5 53
0 50
7 44
12 9
3 22
6 20
22 5
7 13
20 38
2 12
15 38
13 14
23 47
11 0
1 18
2 38
17 13
12 29
13 2
1 28
16 16
18 38
20 39
6 28
23 29
7 7
7 5
3 5
22 17
21 19
8 1
17 3
7 4
15 23
13 21
14 11
24 23
12 40
21 27
0 40
10 47
15 50
8 44
5 51
19 46
6 45
7 48
1 21
12 10
6 15
13 1
7 17
17 40
21 18
2 40
16 9
11 52
23 25
22 22
6 40
13 27
21 26
22 4
23 4
1 27
11 40
16 41
8 18
3 25
12 14
7 11
2 22
17 27
8 24
15 29
11 8
12 13
13 28
14 17
13 29
24 16
0 42
12 8
5 42
15 47
8 50
14 44
21 48
7 52
19 51
10 46
21 12
7 28
6 6
8 14
13 13
17 42
12 27
2 42
16 28
23 45
22 2
11 26
13 42
16 8
21 17
3 16
8 22
1 7
12 42
16 43
6 21
2 19
11 3
7 1
23 21
1 15
7 14
1 22
7 25
15 13
17 7
20 14
17 46
23 48
4 51
2 49
18 49
11 47
22 49
16 52
20 52

