317
7 6
14 14
8 30
6 10
3 30
1 53
13 49
11 53
0 49
10 53
21 44
5 49
3 28
7 0
8 29
1 29
12 14
20 30
6 8
15 30
11 7
23 50
2 29
18 6
1 30
2 12
13 3
18 9
23 22
6 29
12 30
20 31
3 14
17 15
7 3
8 18
17 23
1 26
9 13
16 24
6 13
5 7
7 11
1 5
9 28
20 18
0 32
21 4
10 32
22 51
14 52
6 45
8 51
13 44
3 49
5 50
11 29
6 11
22 23
8 1
12 19
2 32
16 28
17 32
1 25
7 46
21 18
23 20
13 32
23 25
22 10
18 23
12 2
1 8
8 32
2 33
16 14
17 8
7 5
11 6
21 5
2 10
6 9
16 18
5 1
9 1
11 26
5 15
8 4
10 0
3 34
13 0
0 34
7 48
11 48
22 49
21 52
9 49
20 45
14 47
16 6
21 22
11 17
8 24
2 13
22 34
18 2
5 34
1 16
12 47
13 13
17 26
16 34
7 26
1 15
3 2
13 11
18 10
2 34
22 35
6 24
12 1
23 24
11 11
17 6
2 1
23 16
17 13
6 15
21 15
23 13
6 14
9 21
1 11
3 36
7 16
20 36
8 52
5 53
6 46
14 50
22 53
13 45
0 46
21 21
22 7
3 17
18 19
5 18
7 36
16 8
10 36
1 19
2 49
23 5
15 8
6 36
8 23
1 0
22 28
12 8
16 9
13 36
17 37
23 29
11 3
21 28
7 18
3 19
23 14
19 16
14 4
7 1
14 23
2 0
6 28
14 9
0 27
10 38
1 28
20 38
5 47
8 50
22 50
13 50
4 50
3 48
9 45
18 27
3 20
12 0
13 15
10 12
7 38
17 11
22 38
6 27
1 49
16 20
2 23
18 38
1 18
13 6
12 6
23 9
2 8
3 38
6 39
22 17
16 5
17 19
17 28
21 3
24 28
7 15
17 24
19 27
8 16
8 13
16 1
9 12
14 26
5 40
0 21
20 40
8 49
11 49
1 51
4 49
10 50
3 44
7 52
21 7
1 27
3 16
13 26
5 26
7 40
17 25
22 40
11 22
2 51
18 4
16 21
3 40
16 17
21 11
23 11
22 22
1 14
18 40
11 41
8 2
6 2
17 22
7 29
2 2
20 19
1 10
6 19
6 7
16 2
6 16
22 26
13 16
20 9
8 42
21 1
6 42
4 45
11 47
5 44
0 47
22 46
10 49
14 48
22 8
6 4
11 24
16 0
7 25
13 42
12 4
1 42
17 10
23 46
21 2
18 11
12 42
11 19
3 11
23 26
6 3
22 15
18 42
15 43
8 17
21 25
13 12
7 23
1 7
7 9
14 7
2 16
13 20
9 17
6 0
6 22
18 49
23 52
24 46
16 51
19 47
2 52
17 50
12 51
15 44

