317
1 16
12 6
13 30
11 24
5 30
17 50
3 52
19 50
20 46
4 47
24 45
16 45
1 25
6 0
3 25
8 8
13 15
17 30
10 21
21 30
7 14
2 50
15 8
11 14
3 30
2 1
12 0
23 18
6 3
16 19
11 30
7 31
1 20
22 20
17 20
18 28
21 3
1 5
18 2
0 26
0 19
4 3
17 18
18 5
12 24
20 9
13 32
11 16
5 32
17 45
19 49
1 46
0 48
16 49
24 44
10 45
1 2
6 28
16 1
2 16
12 2
18 32
22 16
7 32
3 15
23 51
11 8
21 11
23 32
6 2
16 7
11 11
22 25
7 0
1 32
2 33
17 9
11 7
12 21
23 12
18 19
11 15
14 0
12 26
19 3
0 2
5 10
9 19
19 27
11 28
0 34
10 5
3 34
24 49
12 50
13 52
6 53
5 53
20 49
14 47
22 3
6 12
1 8
3 16
12 14
7 34
18 17
15 34
11 1
2 44
23 19
21 13
23 34
1 7
11 18
13 27
16 0
21 28
22 34
7 35
2 23
17 26
8 13
18 13
12 11
18 16
7 3
8 29
2 4
16 23
15 23
20 4
19 14
17 12
10 36
1 4
13 36
3 51
0 45
24 47
4 44
16 44
12 45
20 53
12 20
13 21
11 2
6 20
15 21
2 36
9 18
21 36
7 19
1 52
18 11
8 5
12 36
13 23
23 24
22 5
3 10
8 16
1 36
5 37
21 6
2 2
16 24
11 10
18 21
6 25
2 10
10 16
13 24
20 23
18 26
21 23
4 1
20 3
5 38
3 12
13 38
24 48
19 51
11 47
1 53
10 51
0 49
12 44
1 3
3 14
11 29
17 4
12 22
15 38
2 29
7 38
18 3
21 48
23 28
22 17
23 38
12 5
11 27
3 18
21 29
7 8
2 38
16 39
1 22
22 1
6 21
6 15
13 13
1 29
11 17
10 12
6 27
8 26
5 22
5 27
10 24
5 11
3 40
14 2
12 40
0 44
17 52
1 47
11 50
19 46
6 52
20 45
1 17
11 26
7 7
6 23
12 29
23 40
2 5
16 40
3 6
15 47
8 17
21 16
8 40
3 1
17 8
16 16
18 0
1 19
7 40
22 41
11 6
13 6
2 25
12 10
21 9
10 17
2 17
18 10
14 1
2 13
20 28
9 16
17 3
20 11
13 42
6 10
10 42
24 46
0 50
12 49
1 48
16 47
5 45
19 52
22 21
16 25
17 28
1 23
13 18
2 42
18 20
7 42
11 25
23 44
21 7
6 18
16 42
16 5
23 29
6 22
13 25
7 23
1 42
2 43
11 4
8 1
17 2
12 19
22 27
5 15
19 17
12 1
17 29
16 18
24 18
4 16
23 47
18 47
15 46
8 48
7 44
21 47
22 51
2 47
9 48

