317
15 23
14 2
0 30
13 6
3 30
8 44
11 50
7 45
12 48
9 50
6 51
2 46
1 10
7 13
8 16
11 13
2 0
22 30
16 22
17 30
6 8
21 53
10 22
13 7
7 30
8 25
11 6
17 4
21 26
3 16
13 30
22 31
6 25
18 25
2 3
1 7
17 29
20 29
20 12
9 14
0 19
5 18
19 7
6 6
4 17
15 26
7 32
6 22
11 32
9 49
24 51
13 53
2 53
23 51
14 44
0 46
23 26
11 22
13 17
12 12
7 15
20 32
18 12
1 32
22 16
17 47
6 5
16 0
13 32
16 16
17 18
3 25
12 7
23 10
6 32
20 33
2 24
1 28
8 26
13 14
18 3
4 23
7 24
12 2
11 9
10 26
15 2
0 9
23 8
11 4
8 34
15 10
2 34
6 52
12 46
7 46
13 52
0 52
1 50
4 44
17 8
7 28
6 15
8 4
3 28
12 34
20 7
22 34
2 2
21 44
18 1
16 8
17 34
6 11
1 23
2 9
22 10
18 10
16 34
12 35
8 1
23 2
12 3
21 21
3 14
18 19
16 24
16 13
9 7
4 1
7 19
2 28
9 0
23 17
2 36
15 13
0 36
13 45
14 46
6 46
4 51
8 46
11 46
24 44
24 26
16 2
1 15
11 3
2 1
13 36
18 18
6 36
12 10
22 51
21 18
17 15
22 36
16 23
7 6
6 27
21 15
2 11
18 36
11 37
17 13
17 26
3 6
1 27
23 1
13 21
17 21
10 28
7 20
4 16
8 14
24 12
14 11
15 9
6 38
23 9
3 38
24 53
8 45
12 52
11 45
9 46
13 44
1 44
13 13
6 20
12 27
11 29
7 0
0 38
22 6
16 38
2 13
21 51
5 4
23 15
22 38
17 24
12 5
11 27
6 16
3 4
8 38
0 39
7 26
18 22
23 28
21 28
16 14
5 23
6 19
23 7
14 19
11 16
11 23
5 20
0 4
24 22
2 40
7 22
13 40
9 52
6 53
1 49
12 51
8 50
15 52
11 48
1 22
6 9
12 29
13 9
2 10
22 40
7 5
17 40
8 21
16 48
10 15
20 14
12 40
7 2
18 23
16 7
17 23
13 11
1 40
21 41
3 11
6 14
8 27
2 25
11 25
18 16
7 23
8 19
17 28
2 21
1 3
5 15
23 21
0 13
13 42
12 28
6 42
4 46
2 48
9 47
15 48
11 44
8 53
24 52
23 12
11 0
13 28
1 5
7 9
3 42
12 9
16 42
6 3
22 53
21 4
5 6
22 42
1 12
21 5
16 3
8 20
13 5
23 42
1 43
7 27
18 8
12 13
6 0
11 17
6 12
11 21
12 25
20 22
15 20
21 27
0 8
17 51
16 44
18 47
10 53
20 49
22 47
21 52
5 44
19 50

