317
23 13
6 15
13 30
2 13
7 30
16 52
15 52
3 47
5 52
9 47
24 50
4 48
23 18
7 24
13 1
3 22
8 12
17 30
11 0
20 30
16 5
12 49
2 21
1 22
2 30
22 8
1 18
7 29
3 2
12 4
23 30
16 31
21 2
8 22
11 9
13 22
8 7
18 4
11 5
1 1
0 23
13 16
22 7
23 20
3 0
15 3
8 32
18 14
6 32
4 44
16 44
23 52
13 52
2 48
5 44
24 51
6 26
8 9
16 27
7 17
2 28
22 32
18 1
12 32
21 12
17 44
1 11
11 14
2 32
1 7
16 12
7 10
12 14
23 9
17 32
20 33
11 19
7 2
8 23
3 25
18 3
14 15
3 26
21 14
12 2
0 2
0 6
13 15
23 11
3 17
13 34
24 22
15 34
4 45
18 50
2 52
6 46
9 46
5 53
21 50
21 9
23 25
2 11
16 22
12 0
7 34
22 1
17 34
6 2
0 44
11 11
1 27
21 34
18 12
11 29
13 12
1 15
23 21
12 34
6 35
16 14
17 28
7 11
2 14
22 4
8 4
21 20
8 10
18 23
14 10
19 5
2 2
8 20
24 12
13 36
23 1
15 36
21 44
9 45
2 44
3 44
18 48
6 47
4 51
23 22
18 27
3 19
2 4
12 23
20 36
19 22
5 36
1 2
22 53
17 18
11 6
18 36
22 20
13 3
12 8
17 4
3 16
8 36
0 37
6 13
7 0
23 28
11 25
16 10
18 9
16 23
2 8
16 8
5 26
19 29
23 5
2 25
15 2
3 38
8 16
5 38
13 46
16 50
7 49
21 47
9 53
14 49
18 49
2 17
3 10
16 16
21 16
5 28
23 38
17 0
11 38
18 29
20 51
1 12
8 13
16 38
1 10
11 21
18 22
13 26
21 13
17 38
22 39
7 13
2 3
6 27
6 3
3 24
7 12
22 19
7 7
11 8
14 23
12 3
6 14
24 1
14 3
2 40
18 24
5 40
4 52
16 46
23 46
13 44
15 53
21 52
7 44
16 25
23 0
6 4
8 5
2 15
12 40
1 4
20 40
7 15
17 49
18 11
11 23
16 40
21 24
12 7
13 17
3 9
1 28
23 40
7 41
18 7
22 26
2 7
17 5
6 22
22 0
8 0
6 19
0 22
18 13
8 26
14 24
3 5
4 12
8 42
13 11
6 42
15 51
16 48
2 49
23 50
24 45
5 45
14 51
12 26
7 5
8 1
17 9
2 23
18 42
13 29
21 42
6 12
11 51
1 19
0 12
13 42
13 20
2 6
21 11
8 24
23 3
16 42
17 43
6 23
22 13
11 28
7 3
1 24
22 11
5 11
6 1
12 17
8 14
11 27
16 3
22 48
12 52
11 44
20 52
19 53
17 50
0 50
1 52
10 51

