r\t   0   1   2   3   4   5   6   7   8   9  10  11  12  13  14  15  16  17  18  19  20  21  22  23  24 
  0  -1 284 247 101  -1  -1  -1 192 192  86  -1  34  -1  -1  -1  -1 232  -1  -1  -1  -1  -1  -1   3  -1 
  1  -1  -1  -1  -1  -1  -1 144  -1  -1  -1  -1  -1  -1 300  -1  -1  -1  87  -1  -1  -1  -1  -1 291  -1 
  2  -1  73 123  -1  -1  -1 245  -1  -1  -1  -1 240 203  -1  81  -1 145  -1  -1  -1  -1  -1 254  -1  -1 
  3  -1  -1  -1  -1  -1  -1  -1 127  -1  -1  -1  -1  -1 155  47  37  44 249 124  45  -1  -1  -1  -1  -1 
  4 126  -1  59 194  -1  -1  66 130 208  -1  -1  -1  -1  -1  -1 174  -1  41 252  -1  -1 173 122 246  -1 
  5  -1 116  -1  -1  -1  -1  -1  25 111 216  -1  -1  80 113 103  -1  -1  -1  43  -1  -1  -1 242  -1  -1 
  6  -1  -1  -1  -1  -1  -1  -1 102  -1  -1  -1 175  38  -1  -1  -1  -1  -1  -1  -1  -1  -1  -1  -1  -1 
  7  -1 152  -1  -1  -1  -1  -1  -1  -1  -1  -1  -1  -1  -1  -1 220  -1  -1  -1  -1  -1 165  -1  57  -1 
  8  -1  -1  -1  64  -1  -1 161  -1  60  60  -1  -1  -1  -1  -1  -1 205  -1  -1  -1  -1  -1  -1  -1  -1 
  9  -1  -1 243  85  -1  -1 286  88  -1  -1  -1  -1 298 202  -1  -1  -1 280 280  -1 236 236  -1  -1  -1 
 10  -1  35 198  -1  -1  -1  18 147  -1  -1 257  -1  -1  33  -1  -1 108  -1 262  -1  -1 287  -1  23  -1 
 11  -1  -1  -1 121  -1  -1 190  -1 219  -1  -1  -1 154  -1  67  -1  -1  -1 258  -1  -1  71 297  -1  -1 
 12 265  -1  -1 211  -1  -1  -1  -1  32  -1  -1  -1  -1  -1  -1  -1 299  -1  -1  -1  -1  -1 191  -1  -1 
 13  -1  -1  -1  -1  -1  -1  -1  -1  -1  82  -1  -1  -1  -1  -1  -1 166 212  -1  -1  -1  -1  -1 221  -1 
 14  -1 100 260  -1  -1  -1  79  -1 277  -1  -1 168  -1  13  -1 176  28  -1  -1  89  -1  -1  -1 196  -1 
 15  -1  56  -1 210  -1  -1  -1  -1  16  16  -1  -1 128  -1  -1  -1  -1 303  -1  -1  -1  -1  -1  -1  -1 
 16  -1  -1  -1  -1  -1  -1 204  -1  91  -1  -1 199  -1  -1  -1  -1 117  -1 292  -1  -1  -1  -1  -1  -1 
 17  -1 289  -1 179 307  -1  -1  -1  -1  -1  -1  -1  -1  36  -1  -1  -1  -1  -1  -1  -1  -1 164 218  -1 
 18  -1  -1  29  -1 238  -1  -1  -1  -1  -1  -1 120  14 276  -1  -1  -1 167  -1  -1  -1  -1  -1 306  -1 
 19  -1  -1  -1  -1  -1  -1  -1 278  -1  -1 132  -1  -1 135  -1  -1  -1  78  -1  -1  -1  -1  -1  26  -1 
 20  -1  -1  -1 146  -1  -1  -1  -1  -1  -1  -1 301  -1  -1  -1  -1  20  -1 157  -1  -1  -1  -1  -1  -1 
 21  -1  12  -1 233  -1  -1 114 115  -1  84  -1  -1  -1  -1  -1  -1 261  -1  -1  -1 125  -1  -1 172  -1 
 22  -1 188  83 159  -1  -1 129  -1  -1  -1  -1  -1  -1  -1  -1 215  -1  -1  -1  -1  -1  15  -1  -1  -1 
 23  -1 133  -1 248  -1  -1  -1 253  -1  -1  -1  70 282  -1  -1  -1 256 302  -1  -1  -1 305 304  -1  -1 
 24  -1  -1 158  -1  -1  -1  39  -1  -1  -1 267  -1  -1  42  -1  -1  -1  -1 234  -1  -1  -1  -1 209  -1 
 25  -1  -1  -1   0  -1  -1 106  -1  -1  40  -1 293  -1  76  -1  -1  -1 148 148  -1  -1  77  -1 217  -1 
 26  -1  -1  -1  -1  -1  -1  -1  -1  69  -1  -1 150 160  -1  -1  -1  58 235  -1  -1  -1  -1  22  72   1 
 27  -1  -1  -1  -1  -1  -1 170 259  -1 213  -1  -1  27 255  -1  -1  -1  -1  -1  -1  -1 131  -1 264  -1 
 28  -1  -1  -1  -1  -1  -1  -1  -1 290 223  -1  -1  -1  -1 263  -1  -1 104 104  -1  -1  -1  -1 171  -1 
 29  -1  -1 110  -1 214  -1 169  -1  -1  -1 177  -1  -1 189  -1  -1 279 296 201  -1  -1  62  -1  -1  -1 
 30  -1  -1  19  19  19  -1  24   2   2  -1  -1  -1  -1   4   4  -1  -1  17  17  -1  -1  -1  30  -1  -1 
 31  -1  -1  -1  -1  -1  -1  -1  -1  -1  -1  -1  -1  -1  -1  -1  -1  -1  31  31  31  -1  -1  -1  -1  -1 
 32  46  46  -1  -1  -1  -1  68  48  48  -1  -1  63  63  63  -1  -1  74  61  61  -1  -1  -1  -1  -1  -1 
 33  -1  -1  75  75  75  -1  -1  -1  -1  -1  -1  -1  -1  -1  -1  -1  -1  -1  -1  -1  -1  -1  -1  -1  -1 
 34  90  90  -1  -1  -1  -1  -1  -1 118  -1  -1 107 107 107  -1  92  92 112  -1  -1  -1  -1 105 105  -1 
 35  -1  -1  -1  -1  -1  -1  -1  -1  -1  -1  -1  -1  -1  -1  -1  -1  -1  -1  -1  -1  -1  -1 119 119 119 
 36  -1  -1  -1  -1  -1  -1  -1  -1 149 149  -1  -1  -1 156  -1  -1 136 136 134 134 151 151 151 162  -1 
 37  -1  -1  -1  -1  -1  -1  -1 163 163 163  -1  -1  -1  -1  -1  -1  -1  -1  -1  -1  -1  -1  -1  -1  -1 
 38 180 180 200  -1  -1  -1  -1 206 178 178  -1  -1  -1  -1  -1  -1 195 195 195  -1 193 193  -1  -1  -1 
 39  -1  -1  -1  -1  -1  -1  -1  -1  -1  -1  -1  -1  -1  -1  -1  -1  -1  -1  -1  -1 207 207 207  -1  -1 
 40  -1 244  -1  -1  -1 239 239 239 250  -1  -1  -1  -1 237 237  -1 224 224 222 222  -1  -1  -1  -1  -1 
 41  -1  -1  -1  -1  -1  -1  -1  -1  -1  -1 251 251 251  -1  -1  -1  -1  -1  -1  -1  -1  -1  -1  -1  -1 
 42  -1  -1  -1 281 281  -1 288 294  -1  -1  -1  -1  -1 266 266 268 268  -1  -1  -1  -1  -1 283 283 283 
 43  -1 295 295 295  -1  -1  -1  -1  -1  -1  -1  -1  -1  -1  -1  -1  -1  -1  -1  -1  -1  -1  -1  -1  -1 
 44 140  -1  -1  93  -1  -1  -1  -1 273  99  -1  -1  -1  -1  -1  -1  -1  98  -1  -1  -1 309  -1  96  50 
 45  -1   7 153 229  -1  -1  -1 185  -1 269  95  -1  -1  -1  -1  -1  -1  -1  10  -1  -1  -1  -1 181 139 
 46  -1 227 315  -1  -1  -1  -1  -1 231  -1  -1  21 311 182  -1  -1  -1 275  -1  -1  -1  -1  -1  -1  -1 
 47  -1  -1  -1 137  -1 310  -1  -1  -1 241   9  -1  -1  -1 230  -1  -1  -1 274  -1  -1  -1  -1  -1  -1 
 48  11  -1  -1  -1  -1  -1  -1  -1  -1  -1  -1  -1  -1  -1  -1  -1  -1  -1  -1 187 316  -1  -1  52  -1 
 49  -1 270  -1  -1 314  -1  -1  -1  -1  54  -1 285  -1  -1  -1  -1   6 184  -1  -1  -1  -1  -1  -1  -1 
 50 228  -1  -1  -1  -1  -1  -1  -1  -1  -1  -1  -1  -1  -1  97 138  -1  -1  49 271  -1 109  -1 141 186 
 51  -1  -1  -1  -1  -1  -1  -1 142  -1  -1  51 308  -1  -1  -1  55  -1  -1  -1  -1  -1  -1  -1  -1  -1 
 52  -1  -1  -1  -1  -1  -1  -1 272  -1   8  -1  -1  -1  -1 143   5  -1  53  94  -1  -1  -1 312  -1  -1 
 53  -1  -1  -1  -1  -1  -1 313  -1  -1  -1  -1  -1 197 226 183  -1  -1  -1  -1  -1  -1  -1  65  -1 225 

r\t   0   1   2   3   4   5   6   7   8   9  10  11  12  13  14  15  16  17  18  19  20  21  22  23  24 
  0  -1  -1  -1 147  -1  -1  -1 211  67  -1  -1  -1 117  -1  -1  -1 122  -1  -1  -1  -1  -1  -1  -1  -1 
  1  -1  -1  -1 100  -1  -1  47  -1  -1  -1  -1  -1 289  -1 306  -1  -1  -1  83  -1  -1  71 108  -1  -1 
  2  -1   0 121 258  -1  -1  -1  -1  -1  -1  -1  -1 247  -1  -1  -1  -1  -1  -1  -1  -1  -1 202  58  -1 
  3  -1  -1  35 209  -1  -1  -1  -1  -1  -1  -1  -1  -1  27  -1  -1  -1  42  -1  -1  -1  -1  -1 278  -1 
  4  -1 123  -1  -1  -1  -1 161  66  -1  -1  -1 167  -1  -1  -1  -1  64  -1  -1  -1  -1  77  -1  -1  -1 
  5  -1  -1  -1  -1  -1  -1  -1 130 129  -1  81  -1  -1  76  -1  -1  -1  -1 191  -1  -1 102  16  16  -1 
  6  -1 133 287  -1  -1  -1 261  -1  -1  -1  -1  -1 234  -1  -1  -1  -1  -1  -1  -1  -1  -1 277  -1  -1 
  7  -1  -1  -1  -1  -1  -1 189  -1  -1  -1  -1 240  80  -1  -1  -1 296  15 299  -1 177  -1 148 148  -1 
  8  -1 168 135  78 262  -1  -1  -1  -1  -1  -1  -1 145  -1  -1 131  32  -1  -1 302  -1  -1 236 236  -1 
  9  -1 152   3  -1  -1  -1  -1  -1  -1  -1  -1  -1  -1  -1  -1  -1 243 286  -1  -1  -1  -1 114  -1  -1 
 10  -1  -1  -1 235  -1  -1  -1  -1 113  -1  -1  -1 284  41  -1  -1  -1 127  -1  -1  -1  62  -1  -1   1 
 11  -1  -1  18  44 213  -1  -1  -1  -1  -1  -1  88  -1  -1  -1  -1 205  -1  25  -1  -1 115  -1  -1  -1 
 12 265  -1 201  40  -1  -1 120  -1  -1  -1  -1  -1  -1 157  -1  -1  73  -1 111  -1  -1  -1 166  -1  -1 
 13  -1  59 238  -1  -1  -1  -1  -1  84 176  -1  -1  -1 242 132  -1  -1 126  23  -1  -1  -1 298  -1  -1 
 14  -1  -1  -1  -1  -1  -1  -1 214  -1  -1 104 104  -1  -1  -1  -1  -1  -1 280 280  -1  -1  -1 124  -1 
 15  -1 233  -1 116  -1  -1  43 245 297  -1  -1  36  -1 198  -1  -1 256  -1  -1  -1  -1  -1 196 103  -1 
 16  -1  -1  -1  -1  -1  -1  -1  -1 253  -1  -1 279  -1  -1  91  87  85  -1  -1  -1  -1 276  72  -1  -1 
 17  -1  14  -1  -1  -1  -1  -1  79  -1  -1  -1 246  -1  -1 221 199  -1  -1 175  -1  -1  -1  -1 190  -1 
 18  -1  -1  -1  -1  -1  -1  -1 173  -1  -1  -1 172  -1  -1  -1  -1  -1  -1  -1  -1  -1 293 257  -1  -1 
 19  -1  -1  -1 252  38  -1  -1  -1  -1  -1  -1 146  -1  -1  -1  -1 155  -1  -1  -1  -1 248  -1  -1 260 
 20  -1 212 154  13  -1  -1 264 215  -1  -1  -1  -1 179  -1  39  -1 194  -1 160  -1  -1  -1  -1 203  -1 
 21  -1  -1 290  -1  -1  82  29 170  -1  -1  -1  -1  -1  -1  -1 259  -1 125 305  -1  -1  -1  -1  26  -1 
 22  -1  28  -1  -1  -1  22  -1 291  -1  -1  -1  -1  -1  -1  -1  -1 301  -1  -1  -1  -1 144  -1 300 220 
 23  -1  -1 101  -1  -1  -1  -1  -1  -1  -1  -1  -1  33 263  -1  -1  -1  -1  -1  -1  -1 232  56  -1  -1 
 24  -1  -1 158  -1  -1  -1  86  -1  -1 217 192 192  -1  -1  -1  -1  -1  -1  -1  -1  -1 188  -1 169  -1 
 25  -1  -1  -1  34  -1  -1  -1  -1  69  -1  -1  57  -1 171  37  -1 282  -1  -1  -1 218  20  -1  -1  -1 
 26  -1 128  -1  -1  -1  -1  -1  -1 106  -1 307  12  -1 110  -1 303 165  -1  -1  -1  -1  -1 249 254  -1 
 27  45  -1  60  60  -1  -1 216 219  -1  -1  -1  70 208  -1  -1  -1  -1  -1  -1  -1 304  -1  -1  -1  -1 
 28  -1 255 267  -1  -1  -1  -1  -1  -1  -1  -1 204  -1  -1  -1  -1  -1  -1  -1  -1  -1  -1  89  -1  -1 
 29  -1  -1 223  -1  -1 150  -1 174 210  -1  -1  -1  -1  -1  -1  -1  -1 292  -1  -1  -1 164  -1 159  -1 
 30  -1  -1  -1  -1  -1  -1  -1  17  17  -1   4   4  19  19  19  -1  -1  24  -1  -1   2   2  30  -1  -1 
 31  -1  -1  -1  -1  -1  -1  -1  31  31  31  -1  -1  -1  -1  -1  -1  -1  -1  -1  -1  -1  -1  -1  -1  -1 
 32  -1  74  -1  -1  -1  -1  -1  68  -1  -1  48  48  63  63  63  -1  -1  61  61  -1  -1  -1  -1  46  46 
 33  -1  -1  -1  -1  -1  -1  -1  -1  -1  -1  -1  -1  -1  -1  -1  -1  -1  75  75  75  -1  -1  -1  -1  -1 
 34  -1  -1  -1  90  90 107 107 107  -1  -1  -1 112  -1 118  -1 105 105  -1  -1  -1  -1  -1  -1  92  92 
 35  -1  -1  -1  -1  -1  -1  -1  -1  -1  -1  -1  -1  -1  -1  -1 119 119 119  -1  -1  -1  -1  -1  -1  -1 
 36  -1  -1  -1 134 134  -1  -1  -1 149 149  -1  -1 156  -1  -1  -1 162 151 151 151  -1  -1  -1 136 136 
 37  -1  -1  -1  -1  -1  -1  -1 163 163 163  -1  -1  -1  -1  -1  -1  -1  -1  -1  -1  -1  -1  -1  -1  -1 
 38 180 180 195 195 195  -1 200 193 193  -1 178 178  -1 206  -1  -1  -1  -1  -1  -1  -1  -1  -1  -1  -1 
 39  -1  -1  -1  -1  -1  -1  -1  -1  -1  -1  -1  -1  -1  -1  -1  -1  -1 207 207 207  -1  -1  -1  -1  -1 
 40  -1  -1 244  -1  -1  -1 250 239 239 239  -1  -1  -1  -1  -1  -1  -1  -1 237 237 222 222 224 224  -1 
 41  -1  -1  -1  -1  -1  -1  -1  -1  -1  -1  -1  -1  -1  -1  -1  -1  -1 251 251 251  -1  -1  -1  -1  -1 
 42  -1 288  -1 281 281  -1 283 283 283  -1  -1  -1  -1 294  -1  -1  -1  -1  -1  -1  -1 268 268 266 266 
 43  -1  -1  -1  -1  -1  -1  -1  -1  -1  -1 295 295 295  -1  -1  -1  -1  -1  -1  -1  -1  -1  -1  -1  -1 
 44  -1  50  -1 231   9  -1  -1  -1 309  -1  -1  -1 229 315  -1  -1  -1  -1  -1  -1  -1  -1   6  -1  -1 
 45  -1 275  -1  -1  55 310 226  -1  -1  -1  97 137 270  -1  -1  -1  -1  -1 311  -1  -1  -1  -1  -1  -1 
 46  -1  93  95  -1  -1  -1  -1  -1  -1  96  -1 227  -1  -1 272  -1  -1  -1  -1 312 274  -1 183  -1 186 
 47   8  -1  -1  -1  -1  -1  65  -1  -1  -1  -1  -1 139  -1  -1  -1  -1  -1  -1  -1  -1  -1  52  -1  -1 
 48  -1  -1  -1  -1  -1  -1  -1  -1  -1  -1  -1  -1  99  -1  -1  -1  -1  -1  -1  -1  -1  -1  -1  11  -1 
 49  -1  -1  51 269  -1  -1 141  -1  -1  -1 138  -1  -1  -1  -1  -1  -1  -1  -1  -1  -1  -1  -1 184  -1 
 50 143  -1  -1  -1 228  -1   5  -1  -1  -1  -1  -1  -1 153  -1  -1  -1  -1  -1  -1  -1  -1 142  -1  -1 
 51 109 230  -1  -1  -1 241  -1  -1  -1  49  -1  -1 197 285  -1  -1 313 308  -1  -1  98 140  -1  -1  -1 
 52  -1  -1  -1  -1  -1  -1 182  -1  -1 273  -1  -1  10  -1 185 316  21  -1  -1  -1  -1 181  -1  -1  -1 
 53  -1  -1 187   7 271  -1  -1 314  -1  -1 225  -1  53  -1  -1  -1  -1  -1  -1  -1  54  94  -1  -1  -1 

r\t   0   1   2   3   4   5   6   7   8   9  10  11  12  13  14  15  16  17  18  19  20  21  22  23  24 
  0  -1  -1 152  -1  -1  -1 172  -1  69  -1  -1  -1 103  -1  -1  -1  -1 234  23 130 125  -1  -1 299  -1 
  1  -1  -1  72  -1  -1  -1  -1  -1 167  -1  -1  -1  -1  -1  -1  -1 121  -1  84  -1  -1  -1  -1 155  -1 
  2  -1  26 208  -1  -1  -1  77  35  -1  -1  -1 240  27 164  -1  -1 147  -1 289  -1  -1  -1  -1  -1  -1 
  3  -1  20  -1 293  -1  -1  -1  -1  -1  -1  -1  87  -1  -1  -1  -1  -1 249 116  -1  -1  -1 122  -1  -1 
  4 265 135 108  -1  -1  -1 199 243  14  -1  -1 115  -1  -1 221  -1  -1  22  70  -1  -1  -1  -1 209  -1 
  5  -1 117  47  -1 220  -1  -1 282  -1 302  -1  33  71  -1  -1  -1  -1  60  60  -1  -1 175  -1 247  -1 
  6  -1  -1 133  -1  -1  -1  -1  -1  -1  -1  -1  -1  -1  -1  -1 262  -1  -1  32  -1  -1  -1  -1  -1  -1 
  7   1  -1  -1 284  -1  -1  -1  41  -1  -1 169  -1  -1 128  -1  -1  82  -1  -1 214  -1  -1  -1  -1 257 
  8  -1  -1  -1  91  -1  -1  -1 204  -1  -1  -1  58  56 154  -1  -1  80  -1  -1  -1  -1 210  -1  -1  -1 
  9  -1  79 179  -1  -1  -1 113 157  -1 301  83 291  -1 202  -1  42  -1  -1 191 173  -1  -1  -1  -1  -1 
 10  -1  -1 238  -1  -1  -1  29  -1  -1  -1  -1  78  -1  -1  -1  -1 100 196  40 170  -1 211 246  -1  -1 
 11 176  57 168  -1  -1 104 104  -1  34  -1  -1  -1 201  -1  -1 258 205  -1  -1  -1  -1  -1  -1 286  -1 
 12  -1  -1 192 192  -1  -1  13 148 148  -1  -1  -1  -1  -1  -1  -1 298  -1 110  -1  -1 292  -1  -1  -1 
 13  -1 245 287  64  -1  -1  -1 252  -1  -1  -1  -1  81  -1  -1  -1  -1  88 129  -1  -1 276  -1  -1 215 
 14  -1 300  -1  -1  -1  -1  -1  -1  -1  -1  -1  -1 127  -1  -1  -1  15  -1  -1  -1  -1  -1 194  -1 174 
 15  -1  -1  -1  -1  -1  -1  -1  -1  -1  -1  -1 102  -1 111  -1  -1 254  -1  -1  -1  -1  39  -1  -1  -1 
 16  -1  -1  -1  -1  -1  -1  -1  -1  -1  -1  -1   0  -1  -1  -1  -1 161  -1  -1  -1  -1 248 296  -1  -1 
 17  -1  -1  -1  43  -1  -1  -1  18  -1  -1  -1 144 166 297  -1  -1  -1  -1  -1  -1  -1  -1  -1  -1  -1 
 18  -1  -1  -1  45  -1  -1 150  -1  -1  -1  -1  -1  -1  66  -1  -1  -1   3  -1  -1  -1  -1  -1  -1  -1 
 19  -1  -1 223 146  -1  62  -1  -1 278  -1  -1  -1  -1  -1  -1  44  37  -1 219  -1  -1 160  -1  -1  -1 
 20  -1  -1  -1 124  -1  -1 212  -1  -1  -1  -1  -1  -1  -1  -1  -1  59 123 260  -1  -1  -1  -1  -1  -1 
 21  -1 189  -1  -1  89 263  -1  -1 290  -1  85  -1  -1  -1  -1  -1  -1  -1  -1  -1 216  -1  -1  -1  -1 
 22  -1 203 259 106  -1  86 233 120  -1 177  -1  12  -1  -1  -1 132  -1 218 256 131  -1  -1  -1  -1  67 
 23  -1  -1  -1  -1  -1  -1  73  -1 235  -1  -1  -1  -1  -1  -1  -1  -1  -1  -1  -1  -1  -1  -1  -1  -1 
 24  -1  -1  -1  -1  -1  -1  -1  -1  -1  -1  -1  -1  -1  -1  -1 280 280  -1  -1  -1 213  -1 165  -1  -1 
 25  -1 279  16  16  -1  -1 277 261 255  -1  -1  -1 145  -1 126  -1  25  76  -1  -1 217  -1  -1  -1 306 
 26  -1  -1  -1  -1  -1  -1  -1  -1 190  -1  -1  -1 114  -1  -1  -1  -1  -1  -1  -1  -1 303  -1  -1  -1 
 27  -1  -1 267 158  -1  -1  -1  -1  38  -1  -1  36  -1  -1  -1  -1 188  -1 305  -1  -1  -1  -1  -1  -1 
 28  -1  -1 253  -1  -1  -1  -1  -1 264  -1  -1 159  -1  -1  -1  -1 232 101 242  -1  -1  -1  -1  -1 304 
 29  -1  -1  -1 236 236  -1 171 198  -1  -1  -1  -1  -1  -1  -1 307  -1  -1  -1  -1  -1  -1  -1  28  -1 
 30  -1  -1  30   4   4  -1  -1  -1   2   2  -1  -1  19  19  19  -1  -1  24  -1  -1  17  17  -1  -1  -1 
 31  -1  -1  -1  -1  -1  -1  -1  -1  -1  -1  -1  -1  -1  -1  -1  -1  -1  -1  -1  -1  31  31  31  -1  -1 
 32  -1  68  -1  -1  -1  -1  63  63  63  -1  -1  48  48  74  -1  -1  46  46  -1  -1  -1  -1  61  61  -1 
 33  -1  -1  -1  -1  -1  -1  -1  -1  -1  -1  -1  -1  -1  -1  -1  -1  -1  -1  -1  -1  -1  75  75  75  -1 
 34  -1  -1 112  -1  -1  -1  -1 107 107 107  92  92  -1 118  -1  -1  -1  -1  -1  -1  90  90 105 105  -1 
 35  -1  -1  -1  -1  -1  -1  -1  -1  -1  -1  -1  -1  -1  -1  -1  -1  -1  -1  -1  -1  -1  -1 119 119 119 
 36  -1  -1  -1 134 134  -1 156  -1  -1  -1  -1 136 136  -1  -1  -1  -1  -1 149 149 151 151 151 162  -1 
 37  -1  -1  -1  -1  -1  -1  -1  -1  -1  -1  -1  -1  -1  -1  -1  -1  -1 163 163 163  -1  -1  -1  -1  -1 
 38  -1  -1  -1 206  -1  -1  -1  -1  -1  -1 178 178 195 195 195 180 180  -1  -1  -1 193 193 200  -1  -1 
 39  -1  -1  -1  -1  -1  -1  -1  -1  -1  -1  -1  -1  -1  -1  -1  -1  -1 207 207 207  -1  -1  -1  -1  -1 
 40 222 222  -1 250  -1  -1 244  -1  -1  -1  -1  -1 237 237  -1 224 224  -1  -1  -1 239 239 239  -1  -1 
 41  -1  -1  -1  -1  -1  -1  -1  -1  -1  -1  -1 251 251 251  -1  -1  -1  -1  -1  -1  -1  -1  -1  -1  -1 
 42  -1  -1  -1  -1  -1  -1 288 294  -1  -1 283 283 283  -1  -1 266 266 281 281  -1 268 268  -1  -1  -1 
 43  -1  -1  -1  -1  -1  -1  -1  -1  -1  -1  -1  -1  -1  -1  -1  -1  -1 295 295 295  -1  -1  -1  -1  -1 
 44  -1  94  -1  -1  -1  -1  -1  -1  -1  52  -1  -1 226  -1  -1   7  -1  -1  -1  -1  -1  -1  -1  -1  -1 
 45  -1 153  99  -1  55  -1 314  -1 139  -1  -1  -1  -1  -1 137  -1  -1  -1  -1 312 183 141  -1  -1  -1 
 46  50  -1  -1 275  -1  -1  -1  -1  -1  -1 138  -1  -1  -1  -1  97  -1 227  -1  -1  -1 182  -1  -1  -1 
 47  -1  -1  -1  -1  -1  -1  -1  -1 231  -1  49 272 270  -1 269  -1  -1  -1  -1  -1  -1 230  -1 197  -1 
 48 143  -1  -1  -1  -1 316  -1  -1  -1  -1  -1  -1  -1  -1  93  -1  -1  -1  -1  -1  -1  -1 311  -1  -1 
 49 109  51  -1 186 185  -1  -1  -1  -1  -1   9  -1  98  -1  -1  -1  -1  -1  -1  -1  53  -1  -1  21  -1 
 50  -1   5  -1 225  -1  -1  -1  -1  -1  -1  -1  -1  -1  -1  -1  -1 142  -1  -1  -1  -1  10  -1  -1  -1 
 51  -1 187  -1  -1 271  -1  -1  -1  96 273  -1  -1  -1  -1  -1  -1  11  -1 313  -1  -1  -1 285 308  -1 
 52  -1 274  65  -1  -1  -1  -1  -1  -1 228  -1  -1 184  -1  54  -1  95  -1  -1  -1  -1  -1  -1  -1 310 
 53  -1  -1   8  -1  -1  -1  -1 309 181 140 229  -1   6 315  -1  -1  -1  -1  -1  -1  -1  -1  -1 241  -1 

r\t   0   1   2   3   4   5   6   7   8   9  10  11  12  13  14  15  16  17  18  19  20  21  22  23  24 
  0  -1  -1  -1  -1  -1  -1  -1 133  -1  -1  -1  -1 204  -1  -1   0  -1  -1  -1  -1  87  66 260 291  -1 
  1  -1  -1  -1  58  -1  -1 201 246  -1 106  -1 276  -1  -1 220  -1 282 103 124  -1  -1  -1  -1  -1  -1 
  2  -1 190  -1 122  -1  -1  -1  -1 249  67  -1  -1  -1  -1  -1  -1  -1 302  -1  -1  -1 293  -1 123  -1 
  3  -1  -1  18  -1  89  -1 179  44  -1  -1  -1  -1  -1  -1  -1  -1  -1  -1  -1 219  -1 164  25 278 176 
  4  -1  -1  -1  -1  -1  -1  -1   3 120  -1  -1  -1 265  -1  -1 258 257  -1 111  -1  -1  -1 210  -1 130 
  5  -1  57  -1  -1  -1  -1   1  -1  -1  -1  -1  73  -1 247  -1 261  -1  -1  72  -1  -1  -1  -1  -1 169 
  6  -1 165  -1  -1  -1  -1  45 284  -1  -1  -1 101  -1  -1  -1  -1  -1  -1  -1  -1  -1 233 158  -1  -1 
  7  -1 208 248  -1  -1  -1  -1 289 215  -1  -1  56  -1  -1  -1  -1 100  43  -1  -1  -1  -1 236 236  -1 
  8  -1  -1  -1 160  -1  -1  -1  -1  -1  -1  -1  -1  -1  -1  -1  -1 256  -1  -1  -1 198 304  -1  -1  -1 
  9  -1  -1 192 192  -1  -1 146  -1 209  -1  -1  -1  -1  -1  -1  -1 238  -1  -1  -1  -1  47 297  -1  -1 
 10  -1  -1  -1  -1  -1  -1  80 216 279  -1  -1  41  -1  -1  -1  -1  -1  85  -1  -1  -1  -1 217  -1  -1 
 11  -1 264  -1 253  -1  -1  20 189 166  -1  -1  -1  -1  -1  -1  -1 305  -1  -1  -1  -1  39  -1  -1  -1 
 12  -1  -1  -1  29  -1  -1  -1  -1  -1  -1  -1  -1 102  -1  -1  -1  -1  -1  -1 126  -1  -1  -1 104 104 
 13  -1  -1 148 148  -1 129  -1  -1  76  -1  -1 234  -1 290  -1 267 150 214  -1  -1  -1  -1 171 128  -1 
 14  -1  13  -1  -1  -1  -1 243 113  -1  -1  -1  -1  59 157 132  -1  33  71  -1  -1  -1  15  -1 303  -1 
 15  -1 299  -1  -1  -1  -1  -1  -1  23  -1  -1 300 125  -1  -1  88 307  -1  -1  -1  -1  32  -1 196  -1 
 16  -1 108  -1  -1  -1  -1  -1  -1 199  -1  -1  -1  -1  -1  -1  -1  77  -1  -1  -1  -1  -1  78  -1  -1 
 17 172 145 296  -1  -1  -1 168  -1  -1  -1 177 202 135  -1  -1  -1 117  -1  -1  -1  -1 188  -1  -1  -1 
 18  -1  35  -1 203  -1  -1  -1  -1  -1  -1  -1  -1  -1  -1  -1  -1 161  -1  -1  -1  -1  -1  -1  -1  -1 
 19  -1  -1  -1  -1  -1  -1 254  -1  -1  -1  -1  -1 167  28  -1  -1  -1 240  -1  -1  -1 144 277  -1 301 
 20  -1  -1  -1  -1  -1  -1  -1  -1  -1  -1  -1  -1  -1 154  -1  -1  -1 298  -1  -1  -1  -1  60  60 173 
 21  -1  -1  37  -1  -1 221  -1 152  -1  -1  -1  -1  -1 242  -1  -1  -1  -1 235  -1  -1 211 255 252  -1 
 22  -1  -1  34  -1 262  -1  -1  22  -1  -1  -1  -1  -1  -1  -1  -1  62  -1  27  -1  -1 110 218  -1  -1 
 23  -1  -1  -1  -1  -1  -1  -1  86  -1  -1 259 174  -1  -1  -1  84  12  36  -1  -1  -1  91  -1 159  -1 
 24  -1  -1  69 292 131  -1 194  42  -1  -1  -1  -1  -1  -1  -1  -1  -1  -1  -1  -1  -1  -1  16  16  -1 
 25  -1  -1  -1  79  -1  -1  -1  -1  -1 287  -1  -1  -1 286  -1  -1  -1  -1  -1  -1  -1  -1  -1 306  -1 
 26  -1 245  83  -1  -1  -1  -1 212  -1  -1  -1 147 115  -1  -1  -1  -1  -1  -1  -1  -1 121 191  38  -1 
 27  -1  -1  -1  -1  -1  -1  -1  70 263  -1  -1  -1 155  -1  -1  -1  -1  -1  -1  -1  -1  -1 116  -1  -1 
 28  -1  -1  -1  -1 170  -1  26  -1  -1  -1  -1  -1  -1  64  -1  -1  -1 280 280  -1  -1 175  82 127  -1 
 29  -1  -1  -1  14  -1  -1 223  -1  -1  -1  -1 114 232  -1  -1  -1 205  40  81 213  -1  -1  -1  -1  -1 
 30   2   2  -1  -1  -1  -1  -1  30  -1  -1  17  17  -1  -1  -1  -1  -1  19  19  19  -1   4   4  24  -1 
 31  -1  -1  -1  -1  -1  -1  -1  -1  -1  -1  31  31  31  -1  -1  -1  -1  -1  -1  -1  -1  -1  -1  -1  -1 
 32  -1  68  -1  48  48  -1  -1  61  61  -1  -1  -1  -1  -1  -1  -1  -1  63  63  63  -1  74  46  46  -1 
 33  -1  -1  -1  -1  -1  -1  -1  -1  -1  -1  -1  -1  75  75  75  -1  -1  -1  -1  -1  -1  -1  -1  -1  -1 
 34  -1  -1 105 105  -1  -1 107 107 107  -1  92  92  -1 118  -1  -1  -1 112  -1  -1  -1  -1  -1  90  90 
 35  -1 119 119 119  -1  -1  -1  -1  -1  -1  -1  -1  -1  -1  -1  -1  -1  -1  -1  -1  -1  -1  -1  -1  -1 
 36  -1  -1 162 134 134 136 136  -1  -1  -1  -1 156  -1  -1  -1  -1  -1 149 149  -1  -1  -1 151 151 151 
 37  -1  -1  -1  -1  -1  -1  -1  -1  -1  -1  -1  -1  -1  -1  -1  -1  -1 163 163 163  -1  -1  -1  -1  -1 
 38 180 180 206 178 178  -1  -1  -1  -1  -1  -1 195 195 195  -1  -1  -1 193 193  -1  -1  -1  -1 200  -1 
 39  -1  -1  -1  -1  -1  -1  -1  -1  -1  -1  -1  -1  -1  -1  -1  -1  -1 207 207 207  -1  -1  -1  -1  -1 
 40 224 224 239 239 239  -1  -1 237 237  -1  -1 250 244  -1  -1  -1  -1  -1  -1  -1  -1  -1  -1 222 222 
 41  -1  -1  -1  -1  -1  -1  -1  -1  -1  -1  -1  -1  -1  -1  -1  -1  -1 251 251 251  -1  -1  -1  -1  -1 
 42  -1  -1 283 283 283  -1  -1  -1  -1  -1 266 266  -1  -1  -1  -1 294  -1 288  -1 281 281  -1 268 268 
 43  -1  -1  -1  -1  -1  -1 295 295 295  -1  -1  -1  -1  -1  -1  -1  -1  -1  -1  -1  -1  -1  -1  -1  -1 
 44  -1 139 313  -1  11  -1  -1 226  -1 241  -1  -1  -1  -1  -1  -1  -1  -1  -1  -1  -1 231  -1 142  -1 
 45  -1  -1  -1  -1  -1 275  -1 270  -1  -1  -1  -1  -1  -1  -1  -1  -1  -1  -1 316  -1  -1  -1 184  -1 
 46 269  -1  -1  -1  -1  98  96  -1  -1  -1 138  10  -1  21 182  -1  -1  -1  -1  -1 312  -1  -1  -1  -1 
 47  -1  -1  -1  -1  -1  -1  -1  -1 315  -1  -1 230  -1  -1  -1 228  -1  -1 308  -1  -1  -1 225  -1   9 
 48 143  -1  -1  -1  -1  -1  -1 181 153  -1  -1  -1  -1  -1   6  -1  -1  -1  -1  -1  -1 274  -1  -1  -1 
 49  54  -1  -1 273  -1  -1  -1  -1  -1  -1  -1  -1  -1  -1  -1 140 314  -1  -1  -1  -1 187 186  -1  -1 
 50  -1  -1  65  -1  -1  -1  -1  -1  -1  -1  -1  51  94 109  -1  -1 197  -1  -1  -1  -1  -1  -1   5  -1 
 51  -1  -1  -1   8  -1   7 272  -1  -1 309 229 137  -1  -1  97  55  -1 310  -1  -1  -1 141 271  -1  49 
 52  -1  53  -1  -1  -1 185  -1  -1  -1  -1  52  -1  -1 311 285 183  -1  -1  -1  -1  -1  -1  99  -1  -1 
 53  93  95  -1  -1  -1  50  -1  -1  -1  -1  -1  -1 227  -1  -1  -1  -1  -1  -1  -1  -1  -1  -1  -1  -1 

r\t   0   1   2   3   4   5   6   7   8   9  10  11  12  13  14  15  16  17  18  19  20  21  22  23  24 
  0  -1 279  -1  -1  -1  -1  -1  28 211  -1   1  -1  -1  -1 221 169  -1 233  -1  -1  -1  -1  -1  -1  -1 
  1  -1  59  -1  -1  -1  -1  34 257 232  41  -1 122 262  69  -1  -1  -1  -1 164  -1  -1 168  -1  -1  -1 
  2  -1 289  -1  -1  -1  -1  -1 104 104  -1  -1  -1 298  -1  -1  -1  70  -1  -1  -1  -1  -1  -1 166  -1 
  3  -1  -1  -1  40  -1  -1  -1 115  -1  -1  -1 246  -1  -1  -1  -1  -1  -1  -1  -1 236 236 124 132  -1 
  4  -1  -1  -1  -1  -1  -1  -1  -1  -1  86  -1 196 286  -1  -1  -1  -1  -1  -1  -1  -1  -1  -1  -1  -1 
  5  -1  -1 199  -1  -1  -1 240  -1 152  -1  -1 205  -1  -1  -1  -1 116 300  67  -1  -1 190  -1  -1  -1 
  6 173  -1  -1  -1  -1  -1 214 215 114 220  -1 144  23  58  -1 303  -1  -1  -1  -1  -1 292  -1  71  -1 
  7 265  -1  -1  -1  -1  -1  -1  -1  -1  -1  -1  -1  62  -1  -1 223  20  -1 111  -1  -1  -1 161 130  -1 
  8  -1  -1  -1  -1  -1  -1  -1  -1  14  -1  -1  -1 160  -1  -1  -1 235  -1  -1  -1  -1  -1  -1  -1  -1 
  9  -1  -1  -1  26  -1 129  -1 291  -1 179  -1  -1  -1  -1  -1  -1  -1 123  -1  -1  38  -1 192 192  -1 
 10  -1 120  -1 258  -1  -1  -1  -1  -1  -1  -1  79  -1  -1  -1  -1  -1 100  -1  -1 177  -1 148 148  -1 
 11  -1 191  -1  -1  -1  -1 293  66  -1 217  -1  -1  -1  -1  -1  -1 212 204 254  -1  -1  -1  -1  -1  -1 
 12  -1  -1 252  -1  -1  -1  -1 245 297  -1  -1  56  -1  -1  -1  -1 145  -1  39  -1  -1  -1 277 278  -1 
 13  -1  -1 243  -1  -1  -1  -1  -1 210  -1  -1 108  87  -1  -1  -1  -1  -1  -1 106  -1  -1  -1  -1  -1 
 14  -1  -1 113  -1  -1  -1  -1 238  -1  -1  -1  36  -1  -1  -1  -1 126 158  -1  -1 259  13  -1 203 306 
 15  -1  -1  -1  -1  -1  -1 167  -1 307  -1  -1  -1  -1  -1  -1  -1  -1  -1  -1  -1  -1  -1  -1  -1  -1 
 16  -1  -1  82  -1  -1  -1  -1  -1  -1  -1  -1 165 219  33  -1  -1  -1 249  -1  -1  89 101  -1  -1  -1 
 17  -1  -1  -1 242  -1  -1  -1  -1  -1  -1  -1  -1  -1 280 280  -1 248  -1 131  -1  -1  -1  -1  -1  -1 
 18  -1 234  -1  -1  -1  -1  -1  -1 302  -1  -1  27  83 263  -1  45  -1  -1  -1  -1  -1 256  16  16 155 
 19  -1  -1  -1  -1  -1  -1 110 208  -1  -1  -1   3  -1  -1  -1  -1  -1 146  -1  -1  -1  -1  -1  -1  -1 
 20  -1  73 260  -1  -1  -1  -1  -1  44  -1  -1  -1 103  15  -1  -1 264  -1  -1  -1  -1  72  25  -1  -1 
 21 176 147  -1  -1  -1  -1  -1  -1 267 305  -1  22  -1  -1  -1  -1  -1  -1  -1  -1  -1 202  -1  -1  -1 
 22  -1  -1  -1 128  -1  -1 198  18 253  -1  -1  -1  -1  -1  -1 218 159  -1  -1  -1  -1  -1 135   0  -1 
 23  88 255  81  -1  -1 213  78  -1 287  -1  -1  -1 304  -1  -1  -1  -1  -1 125  -1  -1  -1  -1  -1  -1 
 24  -1  -1  -1 174  -1  -1 170  -1 157  -1  -1 284  -1  -1 171  -1 102  -1 290 127  -1  -1  -1  -1  -1 
 25  -1  91  -1  -1  -1  -1 150  -1  -1  85  -1  -1  -1  -1  -1  -1  47  57 121  -1  -1  -1 296 299  -1 
 26  -1  43  -1 209  -1  -1  -1 154 189  -1  -1  -1 247  -1  84  -1  29  -1  80 216  -1  64  -1  -1  -1 
 27  -1  12  -1 261  -1  -1  -1  -1  35  -1  42  -1  -1  -1  -1  -1  -1  76 201  -1  -1 133  -1  -1  -1 
 28  -1  -1  -1 194 175  -1  37 282  60  60  -1  -1  -1  -1  -1  -1  -1  -1  -1  -1  -1 276  -1 117  -1 
 29  -1  -1  -1  -1  -1  -1  -1 301 172  -1  -1  -1  -1  -1  -1  -1 188  -1  -1  -1  -1  -1  77  32  -1 
 30  -1  30  19  19  19  -1  -1  -1   4   4  -1  -1  -1   2   2  -1  -1  17  17  -1  -1  24  -1  -1  -1 
 31  -1  -1  -1  -1  -1  -1  -1  -1  -1  -1  -1  -1  -1  -1  -1  -1  -1  31  31  31  -1  -1  -1  -1  -1 
 32  -1  -1  61  61  -1  -1  -1  -1  74  -1  48  48  68  -1  -1  -1  -1  -1  -1  -1  46  46  63  63  63 
 33  -1  -1  75  75  75  -1  -1  -1  -1  -1  -1  -1  -1  -1  -1  -1  -1  -1  -1  -1  -1  -1  -1  -1  -1 
 34  -1  -1 107 107 107  -1 118  -1  90  90  -1  -1  -1  -1  -1  -1  92  92  -1  -1  -1 112 105 105  -1 
 35  -1  -1  -1  -1  -1  -1  -1  -1  -1  -1  -1 119 119 119  -1  -1  -1  -1  -1  -1  -1  -1  -1  -1  -1 
 36  -1  -1 149 149  -1  -1  -1 156 136 136  -1 162 151 151 151 134 134  -1  -1  -1  -1  -1  -1  -1  -1 
 37  -1 163 163 163  -1  -1  -1  -1  -1  -1  -1  -1  -1  -1  -1  -1  -1  -1  -1  -1  -1  -1  -1  -1  -1 
 38  -1 206 200  -1  -1  -1  -1  -1  -1  -1 178 178 193 193  -1 180 180 195 195 195  -1  -1  -1  -1  -1 
 39  -1  -1  -1  -1  -1  -1  -1  -1  -1  -1  -1  -1 207 207 207  -1  -1  -1  -1  -1  -1  -1  -1  -1  -1 
 40 224 224  -1 244  -1  -1 250  -1  -1  -1  -1 239 239 239  -1  -1  -1  -1  -1  -1 222 222 237 237  -1 
 41  -1  -1  -1  -1  -1  -1  -1  -1  -1  -1  -1  -1  -1  -1  -1  -1  -1  -1  -1  -1  -1  -1 251 251 251 
 42  -1  -1  -1 281 281  -1  -1  -1  -1  -1  -1 294  -1 288  -1  -1  -1 283 283 283 266 266 268 268  -1 
 43  -1 295 295 295  -1  -1  -1  -1  -1  -1  -1  -1  -1  -1  -1  -1  -1  -1  -1  -1  -1  -1  -1  -1  -1 
 44   7   5  -1  -1 142 316  -1  -1  -1  -1 269 226  -1 270  -1  -1  -1  -1  -1  -1  -1  -1 183  -1  -1 
 45  49 182  -1  -1  -1  -1  -1  -1  -1  -1  95  -1 315  -1  -1  -1  -1  53  -1  -1  -1  -1  -1  -1  -1 
 46  -1  -1 309 310  -1  -1 285  -1  -1  -1  -1  -1  -1  -1  -1   8  65  -1  -1 314  -1  -1  -1  -1  -1 
 47  -1  -1  -1  -1  -1  -1  -1 197 227  -1  -1  -1  -1  50  93  -1  -1  -1  -1  -1  -1  -1  -1 185  -1 
 48  -1  -1  -1  -1 228  -1 312  -1 184  -1 138 272  -1  -1  54  -1  -1  -1 241  -1  -1  -1  51  -1  -1 
 49 140 109  -1  -1  -1  -1  -1  -1  -1 274  -1 139  -1  -1  -1  -1  -1  -1  -1  -1  -1  94  11  -1  -1 
 50  -1  -1  -1  -1  -1  -1  -1  -1  -1  -1 229  96  -1  -1  -1 275  -1  -1 313  -1  -1   6  -1  -1  -1 
 51  -1  -1  -1  -1  -1  -1  -1 308  -1  55  -1  -1  -1  -1 271  -1  -1 141  -1  -1  -1  -1 230  97  -1 
 52  -1  52  -1  -1 186  -1  -1  -1  -1  -1  -1  -1  -1 181  -1  98 231 225  -1  -1   9  -1  -1  -1  -1 
 53  -1  -1  -1  -1 273  -1  21  -1  -1  -1  -1  -1  -1 137  -1  -1  10  -1 153  -1 143 187  99  -1 311 

r\t   0   1   2   3   4   5   6   7   8   9  10  11  12  13  14  15  16  17  18  19  20  21  22  23  24 
  0  -1 150  -1 290  85  -1  -1  -1  -1  -1  -1  -1 121  64  -1  -1  43  -1  -1  -1  -1  62  67  -1  -1 
  1  -1  -1  -1  84  -1  -1  -1  -1  -1  -1  -1  -1 289 278  -1  -1  -1  -1  -1  -1 221 211  23  -1  -1 
  2  -1 168  -1  35  -1  -1 276 286  -1  -1  -1  -1 235  -1 304  -1  -1  -1  -1  -1  -1  -1  -1  -1  -1 
  3 176  -1  -1 161 173  -1 296 208  -1  -1  -1  -1  13  -1  -1  -1 188  -1  -1  -1 148 148 243  -1  -1 
  4 265 258 189 280 280  -1  -1  -1  -1  -1  -1  -1  -1  -1  -1  -1  -1  -1  -1  -1  -1  -1  69 210  -1 
  5  -1  -1 252  -1  -1  -1 127 108  -1  -1  -1  -1  -1  -1  -1  -1  89  -1  -1  -1  -1  -1  -1  -1  -1 
  6  -1 214 166 203  -1  -1  59 122  -1  -1  -1  -1  -1  -1  -1  -1  -1   0  27  -1  -1 160  -1  -1  -1 
  7  -1 117  -1  88  -1  -1  -1  -1 204  -1  -1  -1  38 171  -1  -1  -1 245  -1  -1  -1  -1  -1  80  -1 
  8  -1 111  39  -1  -1  -1 152  -1  -1  -1  -1  -1  -1  -1  -1  -1  -1  -1 212  -1  -1 242  -1  -1  -1 
  9  -1  34 213  87 223  -1  -1  -1  -1  -1  -1 110  -1  -1  -1  -1 159 158  60  60  -1  -1  -1 297   1 
 10  -1  -1  -1  -1  -1  -1  -1  -1  -1  -1  -1  -1  -1 169  -1  -1  -1 279  -1  -1 216  -1  -1  -1  -1 
 11  -1 261 267 236 236  -1 256  15  -1  -1  -1  -1  -1  -1  -1  -1  -1  -1  -1  -1  -1  -1 192 192  -1 
 12  -1  37  86  -1 172  -1  -1  -1  -1  -1  -1 116  -1  -1  -1  -1  -1 194 164  -1  -1  -1  42  -1  -1 
 13  -1 217 284  -1  -1  -1  41 302  -1  -1  -1  -1 104 104  -1  -1  -1  78  -1  -1  -1  -1  -1  26  -1 
 14  -1  -1  83  -1  -1  -1  -1  -1  22  -1  -1  -1 293 233  -1  -1  -1  -1  -1  -1  -1 113  -1 125  -1 
 15 128  -1 218 146  -1  -1  -1  -1  -1  -1  -1  -1  -1  -1  -1  45 201  -1  -1  -1 301  -1  -1  -1  -1 
 16  -1 199  79  58  -1  -1  -1  -1  28  -1  -1  77  -1  76  -1  -1  -1  -1  -1  -1  -1  -1  -1 133  -1 
 17  -1 255  29  -1  -1  -1 170  -1  -1  -1  -1  -1  25 220  -1  -1  -1 115  -1  -1  -1  -1 130 234  -1 
 18  -1  -1  57  -1  -1  -1  -1  -1  -1  -1  -1  73  -1  -1  -1  -1  -1  40 114  -1  -1  -1  -1  -1  -1 
 19  -1 238  -1  -1  -1  -1  -1  -1 154  -1 126  -1 147 123  -1  -1  -1  -1 190  -1  -1  -1 292  82 135 
 20  -1 209  14  -1  -1  -1  -1  -1  -1  -1  -1  -1 277  -1  -1 177  -1  -1  -1  -1  -1 246 165  -1  -1 
 21  -1  -1 102  -1  -1  -1  -1  -1 257  -1  -1  -1 248   3  -1  -1 232  33  12  -1  -1 198  -1  -1  91 
 22  -1 287 145  -1  -1  -1 132  -1 157  -1  -1 282  -1  -1  -1  -1  -1  -1  -1  -1  16  16 205  56  -1 
 23  -1  71 260  -1  -1  -1 240  -1  -1  -1  -1  18  -1 298  -1  -1  -1  -1  -1  -1  -1 305 155 219 106 
 24  -1 174  -1  72  -1  -1 101  -1 103  -1  -1  -1  -1  32  -1  -1 307  -1  -1  -1  -1  70  -1  -1  -1 
 25  -1  -1  81 100  -1  -1  20 129  -1  -1  -1 191  -1  -1  -1  -1  -1 202 253  -1  -1  -1 120  -1  -1 
 26 215  -1  -1  -1  -1  -1  -1 299  -1  -1  -1 254 196 249  -1  -1  44  47  36  -1  -1  -1  -1  -1  -1 
 27  -1  -1 300 179  -1  -1  -1  -1  -1 259  -1  -1  -1  -1 303  -1 124  -1  -1  -1 175 291  -1 264  -1 
 28  -1 262  -1  -1  -1  -1  -1  -1  -1  -1  -1  -1  -1  -1  -1  -1  -1  66 144  -1  -1  -1 247 306  -1 
 29  -1  -1 263  -1 131  -1  -1 167  -1  -1  -1  -1  -1  -1  -1  -1  -1  -1  -1  -1  -1  -1  -1  -1  -1 
 30  17  17   4   4  -1  -1  -1  -1  -1  -1  -1  24  -1  -1  -1  19  19  19   2   2  -1  30  -1  -1  -1 
 31  -1  -1  -1  -1  -1  31  31  31  -1  -1  -1  -1  -1  -1  -1  -1  -1  -1  -1  -1  -1  -1  -1  -1  -1 
 32  -1  -1  68  48  48  -1  -1  61  61  -1  63  63  63  -1  -1  -1  74  -1  -1  -1  -1  -1  -1  46  46 
 33  -1  -1  -1  -1  -1  -1  75  75  75  -1  -1  -1  -1  -1  -1  -1  -1  -1  -1  -1  -1  -1  -1  -1  -1 
 34  -1  -1 118 112  -1  92  92  -1  -1  -1  -1  -1  90  90  -1  -1  -1 105 105  -1  -1 107 107 107  -1 
 35  -1  -1  -1  -1  -1  -1  -1 119 119 119  -1  -1  -1  -1  -1  -1  -1  -1  -1  -1  -1  -1  -1  -1  -1 
 36  -1  -1  -1 134 134  -1 156  -1  -1  -1 149 149  -1  -1  -1 151 151 151 136 136  -1  -1 162  -1  -1 
 37  -1  -1  -1  -1  -1  -1  -1  -1  -1  -1  -1 163 163 163  -1  -1  -1  -1  -1  -1  -1  -1  -1  -1  -1 
 38  -1  -1 200  -1  -1  -1 206 195 195 195  -1  -1  -1 193 193  -1  -1  -1 180 180  -1  -1  -1 178 178 
 39  -1  -1  -1  -1  -1  -1  -1  -1  -1  -1  -1 207 207 207  -1  -1  -1  -1  -1  -1  -1  -1  -1  -1  -1 
 40  -1  -1  -1 244  -1 222 222 237 237  -1  -1  -1  -1  -1  -1  -1 250 239 239 239  -1  -1  -1 224 224 
 41  -1  -1  -1  -1  -1  -1  -1 251 251 251  -1  -1  -1  -1  -1  -1  -1  -1  -1  -1  -1  -1  -1  -1  -1 
 42  -1  -1  -1  -1  -1 268 268  -1 288  -1  -1  -1 266 266  -1 281 281  -1 294  -1  -1  -1 283 283 283 
 43  -1  -1  -1  -1  -1  -1  -1  -1  -1  -1  -1  -1  -1  -1  -1 295 295 295  -1  -1  -1  -1  -1  -1  -1 
 44  97 311  -1 230  -1 143  -1  -1  -1  -1  -1  -1  -1  -1  -1  -1  -1 227  -1  -1 274  -1  -1  -1  -1 
 45  -1  -1  -1  -1  -1  -1  -1 314  -1  -1  -1  -1  -1  -1  -1  -1  -1 270  49  -1  54 308  -1  -1  -1 
 46  50  -1 229  -1  -1  -1  -1  -1  -1  -1  -1  -1 184  -1  -1  -1 231  -1  -1  -1  -1  -1 315  10  -1 
 47 225  -1  -1  -1  -1  -1  -1  -1 285  -1  -1  -1   7  21  -1  -1  -1  -1  -1  -1 185  -1  -1  -1  -1 
 48  -1  65  51  -1   9  -1   6 153 313  -1  -1 241 141  -1 310  -1 187  -1  -1 269   8  -1  -1  -1  -1 
 49 138  -1 139 197  99  -1 181  -1  -1  -1  -1 309  -1  52  -1  -1 273 137  94  -1 140  -1  -1  -1  -1 
 50  -1  -1  -1  -1 271  -1  -1  -1  -1  -1  -1  -1  -1  -1  -1  -1  -1  96  -1 109  -1  -1  -1  -1  -1 
 51  -1  -1  -1  -1  -1  -1  -1  -1  -1  -1 316  -1  -1  -1  -1  -1  -1  -1  -1  55  98  -1  -1  -1  -1 
 52  -1  -1 182  -1 186  53  -1  -1  -1 312  -1  -1  -1 142  -1 228  -1  -1 272  -1  -1  -1  -1  -1  -1 
 53   5  -1  93 275  -1 183  -1  -1  -1  -1  -1  -1 226  -1  -1  95  11  -1  -1  -1  -1  -1  -1  -1  -1 

r\t   0   1   2   3   4   5   6   7   8   9  10  11  12  13  14  15  16  17  18  19  20  21  22  23  24 
  0  -1  -1  -1 111  -1  -1  -1 157 267  -1  -1  -1 234  -1  -1  -1  -1  -1  89  -1  -1 202  -1  -1  -1 
  1  -1 297 159  -1  -1  -1 144  -1 121  -1  -1  -1  -1  -1 127  -1  -1 101 168  -1  -1  -1  -1 179  -1 
  2  -1 264  -1 243  -1  -1  -1  -1  -1  -1  -1  -1  18  -1  -1  -1  79  -1  34  -1  -1 257  -1  -1  -1 
  3  -1  -1 260  -1  -1  -1  -1  -1  84  -1  -1  -1  -1  -1  81  -1  -1  -1  -1  -1  -1  -1  -1  -1  -1 
  4  -1 158  -1  -1  -1 221  -1 148 148  -1  -1  -1  -1  -1  82  -1  64  -1 248  -1 177  -1  -1  47  -1 
  5  -1  -1 291  -1  -1 174  -1 131  -1  -1  -1  -1  -1  16  16  -1  -1  -1 232  -1  -1  -1  -1  69  -1 
  6  -1  -1  -1  -1  -1  -1  -1  -1  26 223  -1  -1  -1 258  -1  -1  -1  -1  -1  -1  -1 199  -1  -1  -1 
  7  -1  -1 198  -1  -1 306 210  -1  -1  -1  42  -1  -1  -1  -1  -1  -1  -1  -1  -1  -1  20  -1  -1  -1 
  8  -1  -1  -1  -1  -1  -1  -1  -1  -1  -1  -1  -1 245  -1  -1  85 154  -1  -1  -1  -1  -1  -1  -1  -1 
  9  -1  -1 214  -1  -1  -1 116  -1  -1  -1  -1  -1  -1  -1  -1  -1  38  -1  -1  -1  -1  80 203  -1  -1 
 10  67  -1  -1  -1  -1  -1  87  -1 166  -1  -1  -1  -1  58  -1  -1  -1  -1  -1  -1  -1 276 189  -1  -1 
 11  83 263  -1 194  -1  -1 290 278 286 172  -1 213  86  -1  -1  -1  -1  -1  77  -1  -1  -1  -1 289  -1 
 12  -1  -1 255 252  -1  -1 190 123 307  -1  -1  29   3  -1  -1  -1  -1  -1  -1  -1  -1  -1  -1  -1  -1 
 13  -1  -1  41  -1  -1  -1  -1  -1  -1  -1 287  -1  -1  -1  -1  -1  -1  -1 304  -1  -1 161  -1  -1  -1 
 14  -1  -1  -1  -1  -1  -1  -1 301 253  -1  -1 169  -1 160  -1  -1  -1  -1  -1  -1  -1 298  -1  -1  -1 
 15  -1  -1 125 293  -1  22  57  -1 191  -1 192 192  -1  -1  -1  -1  32  -1  15  -1  -1  -1  -1  -1  -1 
 16 175  36 242  -1  -1  -1  -1 196   1  -1  -1  12 265  78  -1  -1  -1  -1 152  -1  -1  -1  -1  -1  -1 
 17  -1  -1 113  -1  -1  -1  76  -1  -1  -1  -1  -1  56 292  -1 176  -1 216  -1 133  -1 150  -1  -1  -1 
 18 217 100  -1  28  -1  -1  25 256  -1  -1  -1 115  -1 233  -1  -1  -1  -1  -1  -1  -1  -1 284  -1  -1 
 19  -1   0 171 262  -1  -1 302 208  -1  -1  -1  -1  -1 103  -1  -1  37 212 108  -1  -1  -1  -1  39 259 
 20 238  -1  -1  -1  -1  -1  13  -1  -1  -1  -1  -1 114 145  -1  91  -1  -1  -1  -1  -1  -1  70 122  -1 
 21  -1  -1  33  -1  -1  -1  -1  60  60  -1  -1  -1  -1  -1  -1  -1 246  -1  -1  -1  -1  -1  -1  -1  -1 
 22 128  -1  -1  -1  -1 219 167  -1  -1  -1  -1 300 129  -1  -1  -1 204 296 201  -1  45  62  -1  -1  -1 
 23  -1  -1  -1  -1  -1  -1 277  -1  -1  -1  -1 146  35  -1  -1  -1  -1 117 124  -1  -1  -1 147  -1  -1 
 24  -1  -1 209  -1  -1  -1  -1 236 236  -1  -1  -1 165  -1  -1  -1 282  -1 130  -1  -1  -1  -1  -1  -1 
 25  -1  27  -1  -1 303  -1 102  -1 218  -1  -1 254  -1  -1  -1  -1  -1 247  -1  -1  -1  -1  -1  -1  -1 
 26  -1  -1  -1  -1  -1  -1  -1 104 104  -1  -1  59  88  44 220  -1  -1  -1  -1  -1  -1  -1  -1 279  -1 
 27  -1 120 106  -1  -1 126 211  -1  -1  -1  -1 235 170  -1  -1 132  43  23 280 280  -1  -1  -1  -1  -1 
 28 215 188  -1 164  -1  -1  -1  71  72  -1  -1 205 135  -1  -1  -1  -1 155 299  -1  -1  -1  -1  -1  -1 
 29  -1 305  -1  -1  -1 173 240  14  -1  -1  -1  40  -1 249  -1  -1 110  -1  73  -1  -1  -1 261  66  -1 
 30  -1  19  19  19  -1  -1  -1  24  -1  -1  -1  -1  -1   4   4  -1  -1  30   2   2  -1  -1  17  17  -1 
 31  -1  -1  -1  -1  -1  -1  -1  -1  -1  -1  -1  -1  -1  -1  -1  -1  -1  -1  -1  -1  -1  31  31  31  -1 
 32  -1  -1  61  61  -1  46  46  -1  48  48  -1  -1  74  -1  -1  -1  68  63  63  63  -1  -1  -1  -1  -1 
 33  -1  75  75  75  -1  -1  -1  -1  -1  -1  -1  -1  -1  -1  -1  -1  -1  -1  -1  -1  -1  -1  -1  -1  -1 
 34  -1  -1  -1  -1  -1  92  92  90  90  -1 107 107 107 118  -1  -1 112  -1  -1  -1  -1  -1 105 105  -1 
 35  -1  -1  -1  -1  -1  -1  -1  -1  -1  -1  -1  -1  -1  -1  -1  -1  -1  -1  -1  -1  -1  -1 119 119 119 
 36  -1 151 151 151  -1 134 134  -1  -1  -1 136 136 162  -1  -1  -1  -1 156  -1  -1  -1  -1  -1 149 149 
 37  -1  -1  -1  -1  -1  -1  -1  -1  -1  -1  -1  -1  -1  -1  -1  -1  -1  -1  -1  -1  -1  -1 163 163 163 
 38  -1 206  -1 200  -1  -1  -1  -1 180 180 178 178 193 193  -1  -1  -1 195 195 195  -1  -1  -1  -1  -1 
 39  -1  -1  -1  -1  -1  -1  -1  -1  -1  -1  -1  -1 207 207 207  -1  -1  -1  -1  -1  -1  -1  -1  -1  -1 
 40  -1 244  -1  -1  -1  -1 250  -1  -1  -1 222 222 224 224  -1 239 239 239  -1  -1  -1  -1 237 237  -1 
 41  -1  -1  -1  -1  -1  -1  -1  -1  -1  -1  -1  -1  -1  -1  -1  -1  -1  -1  -1  -1  -1 251 251 251  -1 
 42  -1  -1 283 283 283  -1 266 266 294  -1  -1  -1  -1 281 281  -1 288  -1 268 268  -1  -1  -1  -1  -1 
 43  -1  -1  -1  -1  -1  -1  -1  -1  -1  -1  -1  -1  -1  -1  -1  -1  -1  -1  -1  -1  -1  -1 295 295 295 
 44  -1 184  -1  -1  -1  -1  -1  -1  -1   8  -1  -1  -1 273  -1  -1  -1  -1  -1  -1  -1  -1  65  -1  -1 
 45  -1 230  -1  -1  -1  -1  -1 227  -1 138  -1  49 153  -1  -1  11  -1  -1 182  -1 270  -1  -1  -1  -1 
 46  -1  -1  -1  -1 316  -1  -1 187  -1  98   9  -1  -1  -1  97  -1 315  -1  -1  -1  -1  -1  -1  96 312 
 47  -1  -1  -1  -1  -1  -1  -1  -1  -1  -1  -1  -1  -1  -1  -1  -1  -1  -1  -1  -1 142  -1  -1  -1  -1 
 48  -1  -1  -1  -1  -1  -1   6 139  -1  -1  -1  -1  -1 186  -1  -1  -1  -1 226  -1  -1  -1  -1  -1  -1 
 49  -1  -1  -1  -1  -1 271 183  -1  -1  -1  -1  -1  -1 140  -1  50  21  -1 141 229  95 109  -1  -1  -1 
 50  -1  -1  -1  -1  -1  -1  -1  -1 225 275  -1  -1  -1  94  -1  -1  -1  -1  52  -1   7  -1  -1  -1  -1 
 51 310  93  -1 311  -1  -1  -1  53 137  -1  -1 272  51  -1 143  -1  -1 285  -1  99  -1  -1  -1  -1 241 
 52  -1  -1 308  -1  -1  -1 228  -1  -1  -1  -1   5  -1  -1  54  -1  -1 309  -1  -1  -1 314  -1 197  -1 
 53  -1  -1  -1  -1  -1 185  -1  10  -1  -1  55  -1 181  -1 269 274  -1  -1  -1  -1 231  -1 313  -1  -1 

r\t   0   1   2   3   4   5   6   7   8   9  10  11  12  13  14  15  16  17  18  19  20  21  22  23  24 
  0 307  -1  58 114  -1  -1 201 286  -1  40 131  73 203  -1 130  -1 172  -1  -1  -1  -1 233  -1  87 258 
  1  -1  -1  -1  -1  -1  -1  -1  -1  -1  -1  -1 102  -1  -1  -1  -1  69 124 292  -1  -1  -1 278  -1  -1 
  2  -1  -1  -1  56  -1  -1  -1  -1  -1  -1  -1  -1  -1  -1  -1  -1  -1  13  -1 220  -1  79  39  -1  -1 
  3  -1  -1  -1 252  -1  -1  76 202 249  -1  -1 190  -1 161  -1  -1 261  -1  -1  -1  -1  -1  -1 243  -1 
  4  -1  -1 293 210  -1  -1  -1  -1  77  -1  -1  -1 198  -1  -1 111  -1  -1  -1 177 106 209  -1  -1  -1 
  5  -1  66  88  -1  -1 221  -1 246  -1  -1  -1  -1 103  -1  -1  -1  -1  43  -1  -1  -1 152  -1  37  -1 
  6  -1 291  -1 170  -1  -1  26  -1  -1  -1  -1  -1  -1  -1  -1  -1  -1 148 148  -1  -1 298 216  -1  -1 
  7   0  -1  78 160  -1  -1  -1 121  -1  -1  -1 267  -1  -1  -1  -1  -1 280 280  -1  -1 189 129  -1  -1 
  8  -1  -1  -1 145  -1  -1  -1  -1  16  16  -1  -1  -1  -1  -1  -1  -1 167  -1  -1  -1  -1  -1  -1  -1 
  9  -1  -1 211  -1  -1  -1  -1  -1  -1 223  -1 208  -1  -1  -1  -1  -1 234  -1  -1 257 113  -1  -1  -1 
 10  -1  -1  -1 236 236 176 290 104 104  -1  -1  -1  -1  -1  -1 242  14  -1 157  -1 219  -1  -1  -1  -1 
 11  -1 150  33  -1  -1  -1  -1  -1  71  -1  -1  20  -1 108  83  -1 196  60  60  -1  -1  -1 235  -1  -1 
 12  -1  -1  -1 297  -1  -1  12  18 263  -1  -1  -1  -1  -1  -1  -1 296  -1 175  -1  -1  -1  15 158  -1 
 13  -1 115  -1  -1  -1  -1  -1  -1  -1  -1  -1  -1  -1  -1  -1  -1  -1  -1  -1  -1  67  -1  -1 204  -1 
 14  -1  -1  -1  -1  -1  -1  -1  86  -1  -1  -1  -1  -1  -1  -1  -1  -1 299 117  -1  -1  -1 248 282  -1 
 15  -1 262  -1  -1  -1  -1  -1  -1  -1  -1  -1  -1  -1  -1  -1  -1  59  -1  -1  91  -1   3  25 155  -1 
 16  -1  -1 188  -1  -1  -1  -1 165  -1  -1  -1 287  -1  42  -1  -1  -1  29  -1  -1  -1  84  -1  22  -1 
 17  -1  -1  -1 260  -1  -1  -1 300 212  -1  41 256  -1  -1  -1  -1  -1  -1  70  -1  85  -1 120  -1  -1 
 18  -1 255  -1  -1  -1  -1 265 164  -1  -1  -1  -1  -1  -1  -1  -1  -1  -1  -1  -1 214  -1  -1 301  -1 
 19  -1  27 100  -1  -1  -1  -1  -1 276 126  -1  64  -1  -1  -1  -1  -1  89  -1  -1 217  -1 168 194  -1 
 20  -1 303  44 191 213  -1  -1  -1  -1  -1  -1  -1  -1  -1  -1  -1  35  80  -1  -1  -1  -1  -1  -1  -1 
 21  45 205 125  -1  -1  -1  -1  -1  -1  -1  -1  28 147  -1  -1  -1  -1  -1 169  -1  -1 215 289  72  -1 
 22  -1 110  -1 101  -1  -1  -1  -1 159  -1  -1  -1  -1  -1  -1  -1 232 254  -1  -1 128  47  -1  -1  -1 
 23  -1  -1 174  -1  -1  -1  -1  -1  -1  -1  -1  -1  -1  -1 173  -1 279  -1 305  -1  -1  62  -1  32  -1 
 24  -1  -1 253  -1 304  -1  -1  -1  57  -1  -1  -1  -1 192 192  -1  -1  -1   1  -1  -1  -1 135  -1  -1 
 25  -1  36  -1  -1  -1  -1  -1  -1  -1  -1  -1  -1 122  -1  -1  -1 144  -1  -1  -1  -1 264  -1 259  82 
 26  -1  -1 166 218  -1 132 284  -1  -1  -1  -1  -1  -1  -1  -1  -1  -1  -1  -1  -1  -1  23 179  -1  -1 
 27  -1 199 146 127 306  38 123  -1  -1  81  -1  -1  -1  -1  -1  -1  -1  -1 245  -1  -1 277 154  -1  -1 
 28  -1 238  -1  -1  -1  -1  -1  -1  34  -1  -1 240  -1  -1 171  -1  -1  -1  -1  -1  -1 247  -1  -1  -1 
 29  -1  -1  -1  -1  -1  -1  -1  -1 116  -1  -1  -1  -1  -1  -1  -1  -1  -1  -1  -1  -1 133  -1 302  -1 
 30  -1  19  19  19  -1  -1  -1  30   2   2  -1  -1  17  17  -1  -1   4   4  -1  -1  -1  24  -1  -1  -1 
 31  -1  -1  -1  -1  -1  -1  -1  -1  -1  -1  -1  -1  31  31  31  -1  -1  -1  -1  -1  -1  -1  -1  -1  -1 
 32  -1  74  -1  -1  -1  63  63  63  48  48  -1  -1  61  61  -1  -1  -1  46  46  -1  -1  68  -1  -1  -1 
 33  -1  -1  -1  -1  -1  -1  -1  -1  -1  -1  -1  -1  75  75  75  -1  -1  -1  -1  -1  -1  -1  -1  -1  -1 
 34  -1  -1 118  90  90  92  92  -1  -1  -1  -1  -1  -1  -1  -1  -1 112  -1 105 105  -1 107 107 107  -1 
 35  -1  -1  -1  -1  -1  -1  -1  -1  -1  -1  -1  -1 119 119 119  -1  -1  -1  -1  -1  -1  -1  -1  -1  -1 
 36  -1  -1 134 134  -1  -1 162 151 151 151 149 149  -1  -1  -1  -1 156  -1 136 136  -1  -1  -1  -1  -1 
 37  -1  -1  -1  -1  -1  -1  -1  -1  -1  -1 163 163 163  -1  -1  -1  -1  -1  -1  -1  -1  -1  -1  -1  -1 
 38  -1  -1 180 180  -1  -1 195 195 195  -1 178 178  -1 206  -1  -1  -1 193 193  -1  -1  -1 200  -1  -1 
 39  -1  -1  -1  -1  -1  -1  -1  -1  -1  -1  -1  -1  -1  -1  -1  -1 207 207 207  -1  -1  -1  -1  -1  -1 
 40  -1  -1 222 222  -1  -1 239 239 239  -1  -1  -1 237 237  -1  -1 250  -1  -1  -1  -1 224 224 244  -1 
 41  -1  -1  -1  -1  -1  -1  -1  -1  -1  -1  -1  -1 251 251 251  -1  -1  -1  -1  -1  -1  -1  -1  -1  -1 
 42 283 283 283 266 266  -1  -1  -1  -1  -1  -1 294  -1 281 281  -1  -1 268 268  -1  -1  -1  -1 288  -1 
 43  -1  -1  -1  -1  -1  -1  -1  -1  -1  -1  -1  -1 295 295 295  -1  -1  -1  -1  -1  -1  -1  -1  -1  -1 
 44 140  -1 272  -1  -1  -1  -1  -1  94 241  -1  -1  -1  -1  -1  -1 229  -1  -1  54  -1  -1  -1  -1  -1 
 45 231  -1  -1  -1  -1  -1  -1  -1  -1  -1 228  -1  -1 309  -1  -1  95  -1 226  -1  -1  -1  -1  -1  -1 
 46  -1  -1  -1  -1 183  11  -1  -1 184 269  -1 230  -1  -1  -1  -1 181  -1  -1   9  -1  -1   5  -1  -1 
 47  -1  -1  -1  -1  -1  -1   8  -1  -1  -1  50  -1 314  -1  -1  -1 274  -1  -1  -1  -1  -1  -1  -1 109 
 48  -1  -1  -1  -1 143  -1 139  -1  -1  -1  98  96  -1  -1  -1  -1  51 227  99 271  -1 182  -1  65  -1 
 49  -1  -1  -1  -1  55  -1  -1 313 141  -1 275  10  -1 153  -1  -1  -1  -1  -1  -1 310  -1 270  -1 311 
 50  -1  -1  -1  49  -1  -1  -1  -1  -1 186   6  52  -1  -1  -1  21  -1  -1  -1  -1  -1  -1  53  -1  -1 
 51  -1 315  -1  -1  -1  -1  -1  -1  -1  -1  -1  -1  -1  -1 316 312  -1 137  -1  -1  -1  -1  -1  -1  -1 
 52 185  -1  -1  -1   7  -1  -1  -1 273  -1  -1  -1  -1  -1  -1  -1 138  -1 187  -1  -1  -1  -1 308  -1 
 53  93  -1  -1  -1 225 285  -1  -1  -1  97  -1 142  -1  -1  -1  -1  -1  -1  -1  -1  -1  -1 197  -1  -1 

r\t   0   1   2   3   4   5   6   7   8   9  10  11  12  13  14  15  16  17  18  19  20  21  22  23  24 
  0  -1  56 104 104  67  -1  -1  -1  -1  -1  -1  -1 209  -1  -1  -1  -1 100  37  -1  -1 155  -1  -1  -1 
  1  -1  12  69  -1  -1  -1  -1  -1 102  -1  -1  -1 158  -1  -1  -1  -1 203  -1  -1  -1  -1  -1  -1  -1 
  2  -1  -1  -1  -1 132  -1  -1  -1  -1  -1  -1  -1  -1 233  -1  -1  -1  -1  -1 238  -1  -1  -1 122  -1 
  3  -1  -1 211  29 169  -1  -1  78  -1  -1 220 175  -1  -1  -1  -1 174  -1  -1  -1  -1 194  -1  -1  -1 
  4  -1  33  -1  -1  -1  -1  -1  -1 116  -1  -1  -1  88 160 135  -1  -1  -1 101 303  -1  -1  39  -1  -1 
  5  -1  -1  -1 188  -1  -1  -1  60  60  -1  -1  -1  -1 201 130  -1 300  43  -1  -1  -1  -1  -1  71  -1 
  6  -1 108 242  -1  -1  -1 249 289   3  -1  -1  -1 219  -1  -1  -1  -1  -1 304  -1  -1  -1  -1  -1  -1 
  7  -1  -1 147  80  -1  -1  14  -1 306  -1  -1 263  -1 117  -1  -1 232  -1  -1  -1  -1  -1  -1  -1  -1 
  8  -1  -1  -1 292  -1  -1 172  -1  -1  -1  85  -1  -1 213  -1  -1  73 159  -1  22  -1  -1  18  -1  -1 
  9  -1  -1  -1  -1 176  -1 154  -1  -1  -1  -1  27 133  -1  -1  -1  -1  -1  -1  -1  -1  -1  87  -1  -1 
 10  -1  -1  28  -1  -1  -1  -1  -1  38  -1  -1  -1  -1  16  16  -1  -1  -1 264  -1  -1  -1  -1  41  -1 
 11  -1 260 179  -1  -1  -1 111  -1  -1  -1  -1  13  -1 152  -1  -1  -1  20  -1  -1  -1 255  -1 157  -1 
 12  -1 171 223  -1  -1  -1  66  -1  -1  -1  -1  -1  -1  -1  -1  -1  91  59  -1  -1  -1  -1  -1  -1  -1 
 13  -1  -1 276 236 236  -1  -1  -1  -1  -1  -1  -1  -1 196  -1  -1  -1  -1  -1  -1  -1 258  -1 287 257 
 14  -1  -1  -1 245  -1  -1 123 256  -1  -1  42  64  -1  -1  -1  -1  -1  -1  -1  -1  -1 205  -1  -1  -1 
 15  -1 189 253  -1  -1  -1  -1  -1  83  -1  -1 113 124  -1  -1  -1  -1  -1  -1  -1  -1  23  -1  -1  -1 
 16  -1  -1 198 301  -1  -1  -1  -1 261  -1   1  76 267  -1  -1  -1  15  -1  -1  -1  -1  62 291  -1  81 
 17  -1  -1  -1  -1  -1  -1  -1  89  -1 305  -1 284 307  -1  -1  -1 110  79 164  -1  -1  26  -1  -1  -1 
 18  -1  -1  -1  -1  -1  -1  -1 279 161  -1  -1  -1  -1  -1  -1  -1  -1 218  -1  -1  -1  -1  -1  77  -1 
 19  -1  -1  -1  -1 128  -1 168 204 298  -1  82 265  -1  35  -1  -1 120  -1 248  -1  -1  -1 145  -1  -1 
 20  -1 115   0 215  -1  -1 208  40  -1  -1  -1 235 234  -1  -1  -1 246  -1  -1  -1  -1  -1  -1 150  -1 
 21  -1  -1 299  -1  47  -1  -1  -1  -1  -1  -1  -1  -1  -1  -1  -1 202  -1  -1  -1  -1 282  -1  34  -1 
 22  -1 254  86 114 129  -1  -1  32  -1  -1  -1 290  -1  -1  -1  -1  -1  -1  -1  -1  -1 167  -1  -1  -1 
 23  -1 296  -1 278  -1  -1 217  -1  44  -1  -1  -1 190  -1  -1  -1  -1 247 165  -1  -1 297  -1  -1  -1 
 24  -1  -1  58  -1  -1  -1  -1  -1 252  -1  -1 103  -1 280 280 259  57 293 240  -1  -1  -1  -1 126  -1 
 25  -1  70 121 173  -1  -1  -1 166  25  -1  -1  -1 286  -1  -1  -1  -1  -1  -1  -1  -1 243  -1  -1  -1 
 26  -1  -1  -1  45  -1  -1 199 192 192  -1  -1  -1  -1  -1  -1  -1 125  -1  -1  -1  -1  -1  -1  -1  -1 
 27  -1  -1  -1 210  -1  -1  -1  -1  -1  -1  -1 212  36  -1  -1  -1 144  -1 127  -1  -1  -1  -1  -1  -1 
 28  -1  -1  -1  -1  -1  -1  -1 148 148  -1  -1 146  -1  -1 221  -1  -1  -1  -1  -1  -1  72  -1  -1  -1 
 29  -1 277 302  -1 131 106  -1 216  -1  -1  -1 191  -1  -1 262  84  -1  -1 177  -1  -1  -1  -1 170 214 
 30  -1  -1  19  19  19  -1  24  17  17  -1  -1   4   4   2   2  -1  -1  -1  -1  -1  -1  -1  30  -1  -1 
 31  -1  -1  -1  -1  -1  -1  -1  -1  -1  -1  -1  -1  -1  -1  -1  -1  31  31  31  -1  -1  -1  -1  -1  -1 
 32  46  46  -1  -1  -1  -1  74  -1  -1  -1  -1  -1  61  61  -1  -1  48  48  68  -1  -1  -1  63  63  63 
 33  -1  -1  -1  -1  -1  -1  -1  -1  -1  -1  -1  -1  75  75  75  -1  -1  -1  -1  -1  -1  -1  -1  -1  -1 
 34  92  92  90  90  -1  -1  -1  -1  -1  -1  -1  -1 107 107 107  -1  -1 112 118  -1  -1  -1 105 105  -1 
 35  -1  -1  -1  -1  -1  -1  -1  -1  -1  -1  -1  -1  -1  -1  -1  -1  -1  -1  -1  -1  -1  -1 119 119 119 
 36  -1  -1  -1 149 149  -1  -1 136 136  -1 134 134  -1  -1  -1  -1 162 151 151 151  -1  -1 156  -1  -1 
 37  -1 163 163 163  -1  -1  -1  -1  -1  -1  -1  -1  -1  -1  -1  -1  -1  -1  -1  -1  -1  -1  -1  -1  -1 
 38  -1 200  -1  -1  -1  -1  -1  -1 206  -1 178 178 180 180  -1 195 195 195  -1  -1  -1  -1 193 193  -1 
 39  -1  -1  -1  -1  -1  -1  -1  -1  -1  -1  -1  -1  -1  -1  -1  -1  -1  -1  -1  -1  -1  -1 207 207 207 
 40 224 224  -1  -1  -1  -1 239 239 239  -1  -1 244 250  -1  -1  -1  -1 222 222  -1  -1  -1 237 237  -1 
 41  -1  -1  -1  -1  -1  -1  -1  -1  -1  -1  -1  -1  -1  -1  -1  -1  -1  -1  -1  -1  -1  -1 251 251 251 
 42 266 266 268 268  -1 281 281  -1  -1  -1  -1  -1  -1 288  -1 283 283 283  -1  -1  -1  -1  -1 294  -1 
 43  -1  -1  -1  -1  -1 295 295 295  -1  -1  -1  -1  -1  -1  -1  -1  -1  -1  -1  -1  -1  -1  -1  -1  -1 
 44  -1 187 138  -1  -1 310  -1 181  -1 270  -1  52  -1  -1  -1  65  -1  93  -1 311  -1  -1  -1 308  -1 
 45 186  -1  -1 182  -1  -1  -1  -1  -1  -1  -1 225  -1  -1  -1  -1 137  -1  -1  -1  -1  -1  -1  -1  -1 
 46  -1  -1  -1  -1  -1  -1  -1  -1  -1 226  -1  -1  -1 269 275  -1  -1 273  95  -1 312  -1  -1  -1  -1 
 47  -1  -1  -1  -1  -1 241  -1  -1  -1 140  -1  -1  -1  53 185  -1  -1  -1  -1  -1 197  -1 314  -1  -1 
 48  -1  10  -1 231  -1  -1 315   5  -1  55  -1  -1  -1  -1 153  -1   6   8   7  -1  -1  -1  -1  21  -1 
 49  11  -1  54  -1  -1  -1  -1  -1  94 183  97  -1  -1  -1  -1  -1  -1  -1  -1  -1  -1 313  -1  -1  -1 
 50  -1  -1  -1  -1 274  -1  -1  -1  -1  -1  -1  -1  -1 139  -1  -1  -1  -1  50  -1  -1  -1  -1  -1  -1 
 51  -1  -1  -1  -1  -1  -1  -1  -1  -1  99 271  96  -1  -1  -1  -1 230  -1  -1  -1  -1 109  -1  -1 316 
 52  -1  -1  -1  -1  98  -1  -1  -1 272  -1  -1  -1 227 229  -1 309  -1  -1  -1  -1  -1  -1  -1  -1  -1 
 53 143 142  -1  -1 228  -1  -1  49 184   9  51  -1  -1  -1  -1  -1  -1 141  -1  -1  -1  -1 285  -1  -1 

r\t   0   1   2   3   4   5   6   7   8   9  10  11  12  13  14  15  16  17  18  19  20  21  22  23  24 
  0  -1 168 254  35  -1  -1 304  -1  -1  -1 171  -1 284 203  -1 236 236  -1  -1 263  -1 238  -1  -1 261 
  1 220  78  -1 161  -1 264 102  14  -1  -1  -1  20  -1  -1  -1  -1 276  -1 130 126  84 306  -1  34  -1 
  2  -1  47 296 299  -1  -1 307  -1  -1  -1  -1 135 265 280 280  -1  -1 164  -1  -1  -1  -1  -1 217  -1 
  3  -1  -1 166  -1  -1  -1 297  -1 293  -1  -1  -1  -1  -1  -1  -1  -1 282  -1  -1   0  -1  -1  -1  -1 
  4  -1 279 277  -1  -1  -1 133  -1  -1  -1  -1 114  -1  -1 199  -1  -1  -1  -1  -1  -1  -1 212  -1  -1 
  5  -1  29   1 208  -1 176  -1 160 209  -1 177  71 115  -1  -1  -1 165  -1  -1 125  -1  -1 245  -1  -1 
  6  -1  -1  -1  -1  -1  -1  -1  -1  -1  -1  -1  -1  -1  -1  -1  -1  -1 298  -1  -1  -1  -1  -1  -1  -1 
  7  -1  -1  -1  -1  -1  -1  -1 103  25  -1  -1  -1  -1  59  -1  40  -1 122  -1  -1  -1 110  -1  38  -1 
  8  -1  -1 120 278  -1  -1 121  39  -1  -1  -1  -1  -1 129  -1 214 101  -1  -1  -1 267 303  80  -1  -1 
  9  -1  -1 260  -1  -1  -1  -1  -1  -1  -1  -1  -1 167  -1  -1 175  -1  -1 258  -1  -1  -1  22 124  -1 
 10  44  -1  -1  -1  -1  -1  -1  -1 116  -1  -1  28  -1 240  91  -1  -1  -1  -1  -1  -1  -1  -1  -1  -1 
 11  -1  -1 192 192  43  81  -1  -1  -1  -1  -1  -1  -1  -1  -1  -1 247  -1  -1  -1  -1  -1  -1  23  -1 
 12  -1  -1  45  88  -1  -1  -1 131  -1  -1  -1  -1  -1 146  -1  -1 301 213  79  -1  -1 287  67  -1  -1 
 13  -1 145  -1  60  60  -1 232  -1  -1  86  -1 100  -1  -1 221  -1  -1  -1  -1  -1  -1 204  -1 289  -1 
 14  -1  -1  -1  -1  -1  -1 158 123  -1  -1  -1  -1 249  -1  -1  -1  -1  -1  -1  -1  -1 216  -1  -1  -1 
 15  -1 170  -1 113 150  -1  -1 234 252  -1  -1 290  -1  -1  -1  -1  -1  -1  -1  -1  -1  -1 106  -1  -1 
 16  -1  -1  -1  -1 198  -1 179  -1  -1  -1  -1  58  -1 262  -1  -1 188  -1  -1  -1  -1  -1  26  -1  -1 
 17  -1 210  -1  18  -1  -1  -1  -1  -1  -1  -1 154  -1 196  -1  -1  -1  -1  -1  -1  89  15 117  -1  -1 
 18 127  66 147  -1  -1  82  -1  -1  -1  -1  -1  -1  56  -1  -1 132  -1  -1  -1  -1  -1  -1  -1  -1  -1 
 19  87  -1  -1  -1  -1  -1  -1 291  -1  -1  -1 243 300  -1  -1  -1 205  -1  -1  -1  -1  70  -1  -1  -1 
 20  -1 235  -1   3  -1  -1  13 189  -1  -1  -1  -1  -1  -1  -1  -1  -1  -1  57  -1 286  -1  -1  76  -1 
 21  -1  -1  -1  -1  -1  -1  -1  -1 194  -1 128 174  -1 246  -1  -1  69  27  33  -1  -1  -1  -1 111  -1 
 22  16  16  -1  -1  -1  -1  73  -1  -1  -1  -1  -1 152  -1  -1  -1  12  -1  -1  37  -1 219  -1  -1  -1 
 23 169 292  -1 248  -1  -1  -1  -1  -1  -1  -1  -1  -1 157  -1  -1  -1  -1  -1  -1  -1 257  -1 201  -1 
 24  -1  -1  -1  -1  -1  -1  64  -1  -1  -1  -1 256  -1 173  -1  -1  -1  85 159  -1  -1  62  -1  -1 302 
 25  -1 211  -1  42  -1  -1  -1  -1  -1 155  -1  -1  72  -1  -1  -1 144  -1  -1  -1  -1  -1  -1  -1  -1 
 26  -1  -1  -1  -1  -1  -1  -1 148 148  -1  -1  -1 190  -1  -1  -1  -1 191  -1  -1  -1  -1  -1 253  -1 
 27  -1  -1  -1  -1  -1  -1  -1  -1 215  -1  -1 202 104 104  -1  41  -1  -1  36  -1  -1  -1  -1 259  -1 
 28 305  -1  -1 172  -1  83  -1  32 242  -1  -1  -1  -1  -1  -1  -1  -1  -1  -1  -1  -1  -1  -1  -1  -1 
 29  -1  -1 233  -1  -1  -1  -1 255  -1  -1  -1 223  -1  77  -1  -1  -1 108  -1  -1  -1  -1  -1  -1 218 
 30  -1  -1  -1  -1  -1  -1  24  -1  -1  -1   2   2  -1  17  17   4   4  19  19  19  -1  30  -1  -1  -1 
 31  -1  -1  -1  -1  -1  -1  -1  -1  -1  -1  -1  -1  31  31  31  -1  -1  -1  -1  -1  -1  -1  -1  -1  -1 
 32  -1  -1  -1  74  -1  48  48  61  61  -1  -1  -1  46  46  -1  63  63  63  68  -1  -1  -1  -1  -1  -1 
 33  -1  -1  -1  -1  -1  -1  -1  75  75  75  -1  -1  -1  -1  -1  -1  -1  -1  -1  -1  -1  -1  -1  -1  -1 
 34  -1 107 107 107  -1  92  92  -1  -1  -1  -1  90  90 118  -1  -1  -1  -1 105 105  -1 112  -1  -1  -1 
 35  -1  -1  -1  -1  -1  -1  -1  -1  -1  -1  -1  -1  -1  -1  -1  -1  -1 119 119 119  -1  -1  -1  -1  -1 
 36  -1  -1 134 134  -1  -1  -1  -1  -1  -1  -1 156  -1 136 136  -1 162 151 151 151  -1  -1 149 149  -1 
 37  -1  -1  -1  -1  -1  -1  -1  -1  -1  -1  -1  -1  -1  -1  -1  -1  -1  -1  -1  -1  -1 163 163 163  -1 
 38  -1  -1 180 180  -1  -1 206 200  -1  -1  -1  -1 178 178  -1  -1  -1  -1 193 193  -1 195 195 195  -1 
 39  -1  -1  -1  -1  -1  -1  -1  -1  -1  -1  -1  -1  -1  -1  -1  -1  -1 207 207 207  -1  -1  -1  -1  -1 
 40  -1 244  -1  -1  -1 222 222  -1  -1  -1  -1  -1  -1  -1  -1 224 224 237 237  -1  -1 250 239 239 239 
 41  -1  -1  -1  -1  -1  -1  -1  -1  -1  -1  -1  -1  -1  -1  -1  -1  -1 251 251 251  -1  -1  -1  -1  -1 
 42 266 266 268 268  -1  -1 283 283 283  -1  -1  -1  -1  -1  -1  -1 288  -1 294  -1  -1  -1 281 281  -1 
 43  -1  -1  -1  -1  -1  -1  -1  -1  -1  -1  -1  -1  -1  -1  -1  -1  -1  -1  -1  -1  -1  -1 295 295 295 
 44   9  -1  -1  -1  -1 143  -1 141  -1  -1  -1 186  -1  98  -1  95 272  -1  53  -1  -1  -1 310  -1  -1 
 45  -1  -1  -1  -1  -1  -1  -1  -1 109 314  -1  -1  -1  -1  -1  -1 182  -1  -1  -1 137  -1  -1  65  -1 
 46 185  -1  -1  -1  -1  -1  -1  -1  -1  -1 271  -1  -1  -1  -1  -1  96  -1   5  -1  -1  -1  -1  -1  -1 
 47  -1 183  -1  -1 315  -1  -1 225  -1  -1  -1  -1  -1  -1  -1  -1  -1  -1  -1  -1  -1  -1  -1  -1  -1 
 48  97  93  -1  -1  -1  -1  -1 184 313  -1  -1  -1  -1 230  -1  -1  -1  -1  -1 312 181  -1  -1  -1 316 
 49  -1 139  -1  -1  -1  -1  -1  94  -1  -1  -1  -1 140  -1  -1 275  -1  -1  -1  -1  50  -1  -1 309  -1 
 50  -1  -1  -1  -1  -1  11 197  -1  -1  -1  -1  -1  -1  -1 274  -1 142  -1  -1  -1 228  -1  -1  -1 153 
 51  -1  -1 231  -1 241  -1  10  -1  -1  -1  99 273   6  -1  -1  -1  -1  -1  -1 285  -1  -1  -1  -1  -1 
 52 138 229  -1 227  -1  -1  -1   8  -1  -1  55  -1  -1 269  54  -1  52  -1  -1  -1  -1 308  -1  -1  -1 
 53  -1   7  -1  49  -1  -1  -1  -1  21  -1  -1  51 226  -1  -1 187  -1 311 270  -1  -1  -1  -1  -1  -1 

