317
11 3
18 20
0 30
3 7
8 30
16 47
17 50
19 48
7 44
15 44
21 50
4 53
11 12
16 11
17 23
1 23
7 27
20 30
6 15
12 30
18 21
23 48
3 2
2 13
7 30
8 1
16 0
1 1
23 24
12 1
17 30
20 31
6 18
2 21
3 27
11 13
2 25
22 2
21 21
20 25
1 20
2 24
7 25
4 9
18 15
3 10
15 32
1 21
21 32
0 50
4 45
8 50
7 47
11 45
19 52
17 48
21 2
18 11
22 0
17 21
15 14
7 32
2 26
11 32
3 4
1 46
23 12
6 7
1 32
23 15
2 28
12 16
11 8
22 28
17 32
7 33
6 27
13 12
16 22
21 12
3 29
10 1
5 8
6 25
16 15
10 10
0 12
13 1
8 25
19 27
0 34
16 28
3 34
22 48
9 52
17 53
11 44
18 45
21 45
15 48
22 18
1 19
3 13
8 11
17 3
12 34
20 27
5 34
11 19
2 46
16 2
23 7
21 34
6 8
3 6
2 23
17 29
23 5
8 34
12 35
7 8
1 27
12 14
18 6
22 20
24 13
10 3
24 11
21 24
20 13
16 4
16 29
18 0
7 15
11 36
17 27
8 36
16 45
15 47
22 44
0 47
1 45
21 52
19 44
18 2
16 10
11 10
22 11
8 14
20 36
23 23
2 36
12 3
13 52
17 10
6 28
18 36
3 1
7 20
6 23
11 20
23 14
1 36
20 37
2 20
2 1
12 18
17 15
16 26
4 24
15 17
4 11
1 17
24 2
17 14
4 19
15 3
19 29
17 38
12 9
3 38
16 52
11 52
1 44
21 53
0 51
9 47
8 47
1 2
11 23
16 25
3 21
17 4
8 38
2 22
22 38
6 6
13 44
10 24
12 25
2 38
21 7
17 19
3 24
18 18
8 20
1 38
5 39
11 21
23 25
13 28
12 13
22 9
13 5
9 27
12 29
13 16
14 1
2 27
23 28
15 4
21 1
18 40
7 16
3 40
16 46
8 53
17 46
0 53
9 49
11 46
1 53
1 7
17 28
18 9
16 18
10 22
12 40
2 7
22 40
3 8
5 50
6 2
7 22
7 40
3 20
22 1
6 1
8 0
18 12
1 40
12 41
23 29
2 18
17 5
11 16
16 7
18 23
6 20
3 19
2 12
0 24
0 5
21 27
22 24
17 8
0 42
21 4
11 42
16 48
3 52
19 46
7 50
8 46
18 49
15 49
22 4
12 24
11 4
2 8
15 1
3 42
13 29
7 42
17 1
21 49
23 9
6 22
22 42
3 15
18 25
21 15
13 13
8 21
16 42
2 43
11 26
23 4
1 26
12 12
6 5
24 0
24 18
12 5
7 24
9 19
3 17
16 8
13 53
23 45
24 45
14 49
5 46
6 49
10 50
2 50
20 46

