317
3 18
12 18
5 30
1 12
7 30
18 45
11 53
13 44
9 50
10 51
21 48
0 50
18 16
6 19
7 16
8 18
13 13
20 30
17 4
2 30
11 11
16 51
23 10
1 13
17 30
16 23
3 8
7 3
23 4
13 10
1 30
20 31
18 25
6 27
8 20
11 4
6 26
1 23
5 0
3 7
5 4
23 5
13 8
4 20
11 1
6 24
8 32
7 18
0 32
13 51
4 45
12 48
20 44
3 47
5 47
10 50
1 2
8 16
3 13
16 29
12 12
17 32
24 4
21 32
6 16
7 45
2 6
14 14
3 32
8 2
7 27
13 14
2 17
21 26
12 32
16 33
23 12
22 16
11 20
3 23
6 3
18 11
16 19
10 10
2 29
13 22
11 0
4 17
3 10
11 19
0 34
7 11
5 34
8 47
12 51
20 50
18 47
13 52
9 44
10 47
3 28
12 0
13 25
1 0
5 2
22 34
19 3
15 34
11 22
24 50
7 29
2 15
7 34
17 15
11 7
13 0
1 5
6 1
12 34
21 35
18 27
3 4
23 7
2 10
8 7
20 27
2 0
0 17
7 12
22 24
15 3
23 9
7 15
6 15
0 36
8 24
10 36
3 44
9 48
12 50
13 45
18 52
21 49
20 47
18 12
1 25
11 18
21 3
12 6
22 36
4 18
15 36
6 5
2 53
8 8
5 1
13 36
12 19
17 28
16 24
2 9
21 14
3 36
22 37
18 3
1 4
8 12
11 2
7 5
21 1
20 21
16 21
4 23
17 18
0 5
11 21
4 6
3 11
10 38
21 20
5 38
8 50
1 53
7 47
18 48
9 51
0 52
20 52
11 12
18 24
6 7
1 18
7 22
22 38
16 26
12 38
3 2
21 45
2 26
17 1
16 38
2 20
12 26
13 9
1 22
21 25
18 38
22 39
6 17
17 10
7 14
7 26
3 6
17 29
23 0
21 21
15 6
21 27
4 14
21 5
0 29
5 23
10 40
21 11
12 40
20 45
6 48
1 44
18 50
4 44
3 52
8 48
3 27
11 16
1 27
23 20
12 17
17 40
21 29
7 40
22 21
15 51
2 21
16 4
3 40
17 16
8 29
6 28
11 28
12 14
16 40
22 41
2 23
18 17
13 18
1 8
21 16
1 24
11 9
17 24
2 16
1 7
0 19
6 0
18 2
12 1
8 42
13 11
5 42
11 45
21 44
10 52
3 53
20 53
4 47
0 53
21 7
8 17
6 6
3 16
10 8
0 42
23 19
15 42
12 25
22 47
7 17
13 19
22 42
1 6
17 20
23 21
6 12
13 7
18 42
1 43
7 24
11 14
21 15
8 0
12 28
20 25
4 9
9 7
7 6
9 28
22 12
13 16
22 52
17 50
19 46
2 44
24 44
23 51
16 48
14 49
15 45

