r\t   0   1   2   3   4   5   6   7   8   9  10  11  12  13  14  15  16  17  18  19  20  21  22  23  24 
  0  -1  -1  76  -1  -1  -1  -1 284  -1  41  -1  -1  -1  -1  -1 223 114 113 253  -1  -1  -1 130  -1  -1 
  1  -1 287  60  60  -1  -1  -1  -1 291  -1  -1  -1  -1  69  -1  -1  -1 245  73  -1  -1 204  -1  -1  -1 
  2  -1  -1  -1 257  -1  -1  -1 165  -1  -1  -1 116  -1  -1 303  -1  -1  -1 277  -1  -1  -1  -1  -1  -1 
  3 155  -1  -1 188  -1  -1  -1  88  -1  -1  -1  -1 192 192  -1  -1 298  -1 264  -1  -1  -1   0  -1  -1 
  4  -1 170  -1 232  -1  -1 124  -1  -1  -1  -1  -1  -1 110  -1  -1  -1  -1 103  -1  -1  -1  -1  -1  -1 
  5  -1 198  -1  -1  -1 133  -1  -1 258  -1 169  56  -1  -1  -1 131  -1  -1  -1  -1  -1  -1  58 199  -1 
  6 172  -1  -1  -1  -1  -1  -1  77  35  -1  -1  14  59  -1  -1  -1 194 212  -1  -1  -1  47  -1  -1  -1 
  7  -1  29  -1  -1  -1  -1 297  -1  -1  -1  -1  -1  -1 289  -1  -1  -1  -1  -1 220  -1  -1  -1  -1  -1 
  8  -1  70 208  -1  -1  -1 191   3  -1  -1  -1  40 243 211  -1  -1 282  -1  -1  -1 265  -1 175 217  -1 
  9  -1  -1  83 306  -1  -1  -1 100  -1  -1  -1  -1 159  -1  -1  -1  -1  -1 117  -1  -1 246  78  -1  -1 
 10  -1  -1  -1 299  -1  -1  12  -1  -1  -1  -1 158  -1  32  -1  -1  -1 148 148  -1  -1  -1  -1  -1  -1 
 11  -1  -1  -1  -1  -1 174 276  -1  -1 176  -1  -1 123  37  85  -1  -1  -1 125 179  -1  -1  -1  -1  -1 
 12 219 214 102 203  -1  -1  -1 135  -1  -1  -1  -1  -1  -1 260  -1  -1  -1  -1  -1  -1  -1  -1  -1  -1 
 13  -1 242  -1  89  -1  -1 235  -1  -1  -1  -1  -1  -1  -1  -1  -1  -1  -1  -1  -1  -1  -1  -1 247  -1 
 14  -1  -1  -1  80  -1  -1  -1  28 106  -1 104 104  -1  20  -1  -1  64  -1  -1  -1  -1  -1  -1  -1  -1 
 15  -1  -1 196  -1  -1  -1  -1  -1  -1  -1 127  42  -1  87  -1  -1  -1  -1  -1  -1  -1  -1  -1 300  -1 
 16  -1 120  -1  -1  -1  -1  71  -1  -1  -1  -1  -1  -1  38  -1  -1 209  -1  -1  -1  -1  -1  -1  -1  -1 
 17 173 256 249 252  -1  -1  -1 146 115  -1  -1  -1  -1 210  -1  -1 254  16  16  -1  -1 221  -1  -1  -1 
 18  -1  -1 234 305  -1  -1 160  -1  72  -1  -1  -1  15  -1  -1  -1  -1  26 189  -1  -1  -1  -1  -1 216 
 19  -1  82  -1  -1  -1  -1  -1  -1  -1  -1  -1 279  -1  -1  -1  -1  -1  -1  43  -1  -1  -1 307 161  -1 
 20  39 166  -1  -1  -1 286  -1 293  -1  -1 126  -1  -1 164  -1  -1  -1 177  -1  -1  -1 122  -1  -1  -1 
 21 213  -1 280 280  -1  -1  -1  18 255  -1  -1 190  -1  -1  -1  -1  -1  -1 167  -1  -1 152  -1  -1  -1 
 22  -1  22 144 168  -1  -1 111  -1 205 304  -1  -1  25 238  -1  -1  -1  -1  -1   1  -1  -1  -1  -1  -1 
 23 261  -1 296  86  -1  -1  57  -1  -1 129  -1 233  -1  62  -1  -1  -1 301  -1  -1  45  -1 147  -1  -1 
 24  -1  -1  -1  -1  -1  -1  -1 240  -1  -1 132  -1  -1  -1  -1  -1  -1 267 128  -1  -1  66  -1  36  -1 
 25  -1  67  -1 108  -1  -1  34  -1  -1  -1  -1  -1  -1  -1 215  -1  -1 278 171  -1  -1  -1 248  -1  -1 
 26  -1 154  -1  -1  -1  -1 145  -1  -1  -1  -1  -1  -1  -1  -1  -1  23  -1 201  -1  -1 290  -1 150  -1 
 27  -1 292  -1  -1  -1 259  -1  44  -1  -1  -1  79  -1  81  -1  -1  -1  -1  -1  -1  -1  27  33  -1  -1 
 28  -1 101  -1  -1  -1  -1  91  84  -1  -1  -1  -1 218 121  13  -1 157  -1  -1  -1  -1  -1 262 202  -1 
 29  -1 302  -1  -1  -1  -1  -1 263  -1  -1  -1  -1  -1  -1  -1 236 236  -1  -1  -1  -1  -1  -1  -1  -1 
 30  -1  -1  17  17  -1   4   4  -1  -1  -1  -1  24  -1  -1  -1  -1  30   2   2  -1  -1  19  19  19  -1 
 31  -1  -1  31  31  31  -1  -1  -1  -1  -1  -1  -1  -1  -1  -1  -1  -1  -1  -1  -1  -1  -1  -1  -1  -1 
 32  -1  -1  -1  48  48  46  46  63  63  63  -1  -1  68  -1  -1  -1  -1  61  61  -1  -1  74  -1  -1  -1 
 33  -1  -1  -1  -1  -1  -1  -1  -1  -1  -1  -1  -1  -1  -1  -1  75  75  75  -1  -1  -1  -1  -1  -1  -1 
 34  -1  -1 118  -1  -1  -1  -1 112  -1  -1  92  92  -1  -1  -1 107 107 107  90  90  -1  -1 105 105  -1 
 35  -1  -1  -1  -1  -1  -1  -1  -1  -1  -1  -1  -1  -1  -1  -1  -1  -1  -1  -1  -1  -1  -1 119 119 119 
 36  -1  -1 134 134  -1  -1  -1 162  -1  -1  -1 151 151 151  -1 149 149 156 136 136  -1  -1  -1  -1  -1 
 37  -1  -1  -1  -1  -1  -1  -1  -1  -1  -1  -1  -1  -1  -1  -1  -1  -1  -1  -1  -1 163 163 163  -1  -1 
 38  -1 206 180 180  -1  -1  -1  -1 193 193 178 178 200  -1  -1  -1  -1  -1  -1  -1 195 195 195  -1  -1 
 39  -1  -1  -1  -1  -1 207 207 207  -1  -1  -1  -1  -1  -1  -1  -1  -1  -1  -1  -1  -1  -1  -1  -1  -1 
 40  -1  -1  -1 222 222  -1  -1  -1  -1  -1 224 224 250 244  -1  -1  -1 237 237  -1  -1  -1 239 239 239 
 41  -1  -1  -1  -1  -1 251 251 251  -1  -1  -1  -1  -1  -1  -1  -1  -1  -1  -1  -1  -1  -1  -1  -1  -1 
 42  -1  -1 268 268  -1  -1 266 266  -1  -1  -1  -1 281 281  -1  -1  -1 294 288  -1  -1 283 283 283  -1 
 43  -1  -1  -1  -1  -1  -1  -1  -1  -1  -1  -1 295 295 295  -1  -1  -1  -1  -1  -1  -1  -1  -1  -1  -1 
 44 312  -1  -1  -1  -1  -1  -1  -1 153 273 269  -1  -1  -1 310 138 309  -1 227  -1  -1 184 183  -1  -1 
 45  -1  -1  -1  -1  -1  -1 139  -1  -1  -1  -1  -1  -1  -1  -1  -1  -1  -1 186 197  -1  -1  -1  -1  -1 
 46  -1  -1 228  -1  -1  -1  -1  -1  -1  -1  -1 272  -1  -1  -1 185  -1  98  -1  -1 225  -1  -1  -1  -1 
 47  -1  -1  -1  -1 181  -1 187  -1  21  -1  -1  10 311  -1  -1  -1  -1  50  -1  -1  -1  -1 230  -1  -1 
 48  -1  -1  -1   6  -1  -1  -1  -1 241  -1   5  -1  -1  -1  -1  -1  -1  -1  52  54  -1 142  -1 315 316 
 49  -1  -1  94  -1  -1  97  -1 226 285 231  55  -1  -1  -1  -1  -1  -1  -1  -1  -1  -1  -1  -1  -1  -1 
 50  -1 314  -1  -1  -1  -1  -1 182  -1  -1  -1  -1  -1  -1  -1  11  -1 137  -1  -1  -1  -1  -1  65  -1 
 51  -1  -1  -1  -1 274  -1  -1  -1 313   9  -1  -1 109 308  -1  -1  -1  -1  -1  -1  93  -1 141  -1  -1 
 52  -1  -1   8  -1  95  -1  -1  -1  -1  99  -1  -1  -1  -1  -1 271  -1  -1  -1 275   7  -1  49  -1  -1 
 53  -1  -1  53  -1 143  -1  -1  -1  -1 140  -1  51  -1  -1  -1  -1  -1 229  -1  -1  -1  96 270  -1  -1 

r\t   0   1   2   3   4   5   6   7   8   9  10  11  12  13  14  15  16  17  18  19  20  21  22  23  24 
  0  -1  -1  -1 202  -1  -1 238 208  -1  -1  -1  -1  -1 235  -1  -1 100  -1  -1 128  -1  -1  -1  -1  -1 
  1  -1 133  -1  -1  -1  -1  -1  86  -1  -1 259  -1  -1  -1  -1  -1  -1 106  -1  -1  -1  -1  -1  -1  -1 
  2  -1 196 203  13  -1  -1  -1  -1  -1  -1  -1  -1  -1 157  -1  -1  -1  -1  -1 213  -1  38  -1  -1  -1 
  3  -1 240  41  -1  -1  -1 150  -1  12  -1  -1  -1 216  -1  -1  -1  -1  16  16  -1  -1  -1  -1  -1 306 
  4  -1 293 114  80  -1  -1 305  -1  -1  -1  -1  -1 120 102  -1 125 245 299  -1  -1  -1  -1  -1  -1  -1 
  5  -1  -1  -1  88  -1  -1 121  36  -1  -1  -1  -1  60  60  -1  -1  -1 303  -1  -1  -1  71  -1  -1  -1 
  6  -1 158  -1  -1  -1  -1  -1  -1  -1  -1  -1  -1  28 152  -1  -1 234  59  85  -1  -1  -1  -1 189  -1 
  7  -1  -1  -1  -1  -1  -1  -1 104 104  87  -1 248 289  26  -1  -1   0  -1  -1  -1  -1  77  -1  -1  -1 
  8  -1  -1  -1  47  -1  -1  -1  -1  -1  -1  -1  -1  -1  20 173  -1  -1  -1  -1  -1  -1 215  -1 122  -1 
  9  -1  -1  25  -1  -1  -1 199  -1 145  -1  -1  82  -1  -1  -1  -1 218 170 292  -1  -1  -1  -1 252  -1 
 10  -1  -1  -1  -1  -1  -1  -1  -1  57  -1  -1 155  -1  -1  -1  -1 115  -1  -1  -1  -1 174 287  -1  -1 
 11 265  -1  -1  -1  -1  91  -1 172  33  -1 220  -1  -1  -1 169  -1  -1  -1  73  -1  -1  -1  -1 267  -1 
 12  -1  -1  -1 159  -1  -1  -1  -1 264  -1  -1 135 279  84  -1  -1  -1  -1  -1  -1  -1 260  -1  -1  -1 
 13  -1  -1  -1  66  -1 221  -1 280 280  83  -1 284 176  -1  -1  -1  -1  -1  -1  -1  -1  -1  -1 219  -1 
 14  -1  -1  -1 117  -1  -1  -1  -1  -1  -1  -1  -1  72  -1  -1  -1  -1 242  -1 217 101 256  -1 164  -1 
 15  45  -1  -1  -1  22  -1  -1  27  -1 262  -1  -1  -1  -1  -1 131 161  -1 253  -1  -1  -1 194  76  -1 
 16  -1  -1  -1  -1  -1  -1  -1  -1  -1  -1  23  -1  -1 201  -1  -1 147  -1 243  -1  -1 146  -1  -1  -1 
 17 132 113  -1  -1  -1 127  -1  -1  -1  -1  -1  -1 103 298  -1  -1  -1  -1  -1  -1  -1 291  -1  -1  -1 
 18  -1  -1  -1  -1  -1  -1  -1  67  -1  42  -1  -1 192 192  -1  -1  32  -1  -1  -1  -1 277 165 286  -1 
 19  -1  -1  -1  -1  -1  -1  -1  -1 204  -1  -1  -1  -1  -1   1  -1  -1  -1  62  18  -1 211  -1  -1  -1 
 20 179  70  -1  -1  -1  -1  -1  -1  -1  -1  -1  15 154  -1  -1  -1 257 254  -1  -1  -1 210  -1 297  -1 
 21  -1  14  58  -1  -1  -1  -1 290  -1  -1 263 167  -1  79  -1  -1  -1  -1  -1 130  -1  -1  -1  -1  -1 
 22  -1  56  -1  -1  -1  -1  -1 116 123  40  -1 212 302 247  -1 144 191 124  34  -1  -1  -1 148 148  -1 
 23 198  -1 300  -1  -1  -1  -1  -1  -1  -1  -1 233  -1  -1  -1 126  -1  -1  -1  -1  -1 301  -1  -1  -1 
 24  -1 175  -1  37  -1  -1  -1 168  -1 129  -1  44 246  -1  -1  -1  -1  -1  -1  -1  -1  -1  -1  -1  -1 
 25  -1  -1 188  -1  -1  -1 110 236 236  81  -1  -1  -1  -1  -1  -1 278  -1  -1  43  -1  -1 249   3  -1 
 26  -1  -1  -1 177  -1  -1  -1  -1  -1  -1  -1 190 166  -1 258  -1 296  -1 111  -1  -1  -1  -1  -1  -1 
 27  -1 255  -1 261  -1  -1  78  -1 160  -1  -1  89  -1  -1  -1  -1  64  -1 282  -1  -1  -1  -1 214  -1 
 28  -1  -1  -1  39  -1  -1  -1  -1  -1  -1  -1 108 209  -1  -1  -1  -1  -1  -1  -1  -1 304 171 232  -1 
 29  -1  -1  69  -1  -1  -1  -1  -1  -1  -1  -1  -1 223 276  -1  -1 205  35  -1  -1  -1 307  -1  29  -1 
 30  -1  30   4   4  -1  19  19  19   2   2  -1  24  -1  -1  -1  -1  -1  -1  -1  -1  17  17  -1  -1  -1 
 31  -1  -1  -1  -1  -1  -1  -1  -1  -1  -1  -1  -1  -1  -1  -1  -1  -1  -1  -1  -1  31  31  31  -1  -1 
 32  -1  46  46  -1  -1  -1  -1  74  48  48  61  61  -1  68  -1  -1  -1  -1  -1  -1  -1  63  63  63  -1 
 33  -1  -1  -1  -1  -1  -1  -1  -1  -1  -1  -1  -1  -1  -1  -1  75  75  75  -1  -1  -1  -1  -1  -1  -1 
 34  -1 107 107 107  -1  -1  -1  -1  -1  -1  -1  -1  92  92 118  90  90  -1 112  -1  -1  -1 105 105  -1 
 35  -1  -1  -1  -1  -1  -1  -1  -1  -1  -1  -1  -1  -1  -1  -1  -1  -1  -1  -1  -1  -1 119 119 119  -1 
 36  -1  -1 151 151 151  -1 156  -1 136 136  -1  -1  -1 134 134  -1  -1 149 149  -1  -1 162  -1  -1  -1 
 37  -1  -1  -1  -1  -1  -1  -1  -1  -1  -1  -1  -1  -1  -1  -1  -1  -1 163 163 163  -1  -1  -1  -1  -1 
 38  -1  -1  -1  -1  -1  -1 206 195 195 195 178 178  -1  -1  -1 180 180 193 193  -1  -1  -1 200  -1  -1 
 39  -1  -1  -1  -1  -1  -1  -1  -1  -1  -1  -1  -1  -1  -1  -1  -1  -1 207 207 207  -1  -1  -1  -1  -1 
 40  -1  -1 237 237  -1  -1 244  -1 250  -1  -1  -1  -1 222 222  -1  -1  -1  -1  -1 239 239 239 224 224 
 41  -1  -1 251 251 251  -1  -1  -1  -1  -1  -1  -1  -1  -1  -1  -1  -1  -1  -1  -1  -1  -1  -1  -1  -1 
 42  -1  -1 283 283 283 281 281  -1 288  -1  -1  -1  -1 266 266 268 268  -1  -1  -1  -1  -1 294  -1  -1 
 43  -1  -1  -1  -1  -1  -1  -1  -1  -1  -1 295 295 295  -1  -1  -1  -1  -1  -1  -1  -1  -1  -1  -1  -1 
 44  -1 270 182  -1  -1  50 315  -1  -1 229  -1  10  -1  -1  -1  -1  -1  -1  -1  -1  -1  -1  -1  -1  -1 
 45  -1 187  -1  -1  -1  -1  -1  -1  95  -1  -1  -1  49 181 185  -1  -1  -1  -1  -1  -1  -1  -1  -1  -1 
 46 230   5  -1  -1  -1  -1  -1  -1  -1  -1 138 225   6  -1  -1  -1  -1  -1  -1  -1 310  -1  -1  -1  97 
 47  -1  -1  -1  -1  -1  -1  65  -1  -1  99  55  -1 241  -1  93 143  53 285 314  -1  -1  -1  -1  -1  -1 
 48  -1 226 272  -1 312  -1  -1 153  -1 269  -1 274  -1  51  -1  11  -1  -1  -1  -1  -1  -1  -1  21 275 
 49   9  -1  -1  -1 109 184  -1  -1  -1  -1  -1  -1  -1  -1  -1  -1 231  -1  -1  -1  -1 197  -1  -1   7 
 50  -1  -1  -1 142  -1  -1  -1  -1  -1  -1  -1  -1  -1   8  -1  -1  -1  -1  -1  -1  -1  -1  -1 183 186 
 51  94  -1  -1  -1  -1 140  -1  -1  -1  -1  -1  -1 273  -1  -1 228 139  -1  -1  -1  -1  -1  -1  96 137 
 52  -1  -1  -1  -1  -1  -1  -1 308 227  -1  -1  -1  -1  -1  -1  -1  -1  -1  -1 316  -1  -1  -1  -1  52 
 53  -1  -1  -1  -1  -1 271  -1  -1  -1  -1  98  -1  -1  -1  54  -1  -1 313  -1  -1  -1 309 311 141  -1 

r\t   0   1   2   3   4   5   6   7   8   9  10  11  12  13  14  15  16  17  18  19  20  21  22  23  24 
  0  -1 116  -1  -1  -1  -1  66 122  -1  -1  -1  -1  -1 192 192  -1  -1  -1  -1  -1  -1 246  -1  -1  -1 
  1  -1  35  -1  -1  -1  -1  -1  -1  -1  -1  -1  -1  -1  -1  -1  -1  32  -1  -1  -1  -1  -1  -1  -1  -1 
  2  -1 262 201  -1  -1  -1  -1  -1  -1  -1  -1  -1 296  -1 135  -1  -1 194  -1  -1 216  -1  -1  -1  -1 
  3  -1  -1 219  -1  -1  81  -1  85  -1  -1  -1 252  80 144  -1  -1 106  -1 125  -1 232  -1  -1 190  -1 
  4 260  -1  -1  -1  -1  -1 205  -1  78  -1  -1 204  -1  -1  -1 258  -1  -1  -1  -1  -1 117  -1 300  -1 
  5  -1 209  -1 297  -1 148 148 155  -1  -1  -1 299 115 174  -1  -1  -1  -1  -1  -1 213 160 208  -1  -1 
  6  -1  -1 159 282  -1  -1  -1  67  -1 170  -1  -1   3 255  -1  -1  -1  -1  -1  -1  91 146  -1  -1  39 
  7  -1 233  -1  -1  -1  -1  -1  -1  33  -1  -1  38  -1  -1  -1  88 161  -1  -1  -1  -1  79  -1  -1  -1 
  8  -1  -1  87 212  -1  -1 276  -1  -1  -1  -1 240  -1 292  -1  -1  -1  23 267  -1  -1  -1 278  60  60 
  9  -1  -1 217  -1  -1  -1  -1  -1  -1  -1  -1  -1  18  41  -1  -1 203 261  -1  -1  -1 279 152 211  -1 
 10  -1  -1  -1  71  37  -1  -1  -1  -1  -1  -1  -1  -1 128  -1  -1  -1  -1  -1  -1  -1  -1  -1 277  43 
 11 280 280  29  -1  -1  -1  -1  -1  -1  -1  -1  -1 253  12  -1  -1  -1 169  82  -1  -1  59 102  -1  -1 
 12  -1  -1  -1  -1  -1  -1  -1 242 154  -1  -1  -1 236 236  -1  -1 256  -1  -1  -1  -1  -1 133  -1  -1 
 13  -1  42  20 172  -1  -1  -1 167  -1  -1  -1 110  44  -1  -1  -1  22  -1  -1  -1  -1  -1  -1 124  -1 
 14  57  -1  -1 121  -1  -1  -1  -1 259  -1  -1  -1 130  -1  -1  -1  -1  -1  -1  -1 218  -1  -1  -1  -1 
 15 302  -1 235  -1  84  -1  -1 284  62  -1  -1 198  58  -1  -1 304  -1 120  25  -1  -1  -1  -1  -1  -1 
 16  -1  -1  -1  -1  -1  -1   1 196  36 263 223 175 264  34  -1  -1  -1  -1  -1  -1  -1 210  -1  -1  -1 
 17  -1 103  -1  -1  -1  -1  -1  -1 245  -1  -1  -1  -1  -1  -1  -1 150  -1  -1  -1  -1  -1  56  -1  -1 
 18  -1 158  -1 164  -1  -1  -1  -1  -1  -1  -1  -1 145  70  -1  -1 173  -1   0  -1  -1  28  -1  -1  -1 
 19  -1  -1 248  -1  -1  -1  -1  27  -1  -1  -1  -1  -1 166 305  -1  64  -1 189  -1  16  16  -1  -1  -1 
 20  -1 199 257  -1  -1 126 303  -1  83  -1  -1  -1  -1  -1  -1 177  -1  -1 113  -1  -1  -1  -1 165  -1 
 21  -1  -1 220  -1  -1 286  -1  -1  -1  -1  -1  -1  -1 114  -1  -1 243  -1  -1 127 265 188  -1 215  -1 
 22  -1 179  -1 111  -1  -1  -1  -1  -1  -1  -1 168 202  -1  -1  -1  -1  -1  -1  -1  -1  -1  -1  -1  -1 
 23  -1  -1  -1  -1  -1  86  47  -1  -1  -1  -1  -1  -1  -1  -1  -1  -1  -1  -1  -1  -1 221  -1  69  -1 
 24  -1  13  -1  40  -1  -1 298  -1 238  -1  -1  -1 104 104  -1  -1  -1  -1  -1  -1 176 293  73 147  -1 
 25  -1  -1  72  -1  -1  -1  -1 289  -1  -1  -1  76  -1  -1  -1  -1  -1  -1  -1  -1  -1 307 191  -1  -1 
 26  -1  -1 129  77  -1  -1 234  -1  -1  -1  -1  -1  -1  -1  -1  -1  -1  -1  -1  -1  -1  -1 249 108  -1 
 27  -1 291 100  14  -1  -1  -1 254  -1  -1  -1  -1  -1  45 131  -1  -1  -1  -1  -1  -1  -1  -1  89  -1 
 28  -1 247  -1  -1  -1  -1  -1  -1 157  -1  -1 287  26  -1  -1  -1  -1 290  15  -1  -1 101  -1 306  -1 
 29 132  -1 123  -1  -1  -1 214  -1 171  -1  -1  -1  -1  -1  -1  -1  -1 301  -1  -1  -1  -1  -1  -1  -1 
 30  -1   4   4  -1  -1  -1  -1  19  19  19  -1  30  -1   2   2  -1  -1  24  -1  -1  -1  -1  17  17  -1 
 31  -1  -1  -1  -1  -1  -1  -1  -1  -1  -1  -1  -1  -1  -1  -1  -1  -1  -1  -1  -1  -1  -1  31  31  31 
 32  -1  63  63  63  -1  -1  74  68  -1  -1  -1  -1  -1  -1  -1  -1  -1  61  61  -1  46  46  48  48  -1 
 33  -1  -1  -1  -1  -1  -1  -1  -1  -1  -1  -1  -1  -1  -1  -1  -1  75  75  75  -1  -1  -1  -1  -1  -1 
 34  90  90  -1  -1  -1 105 105  -1  -1  -1  -1 118  -1  92  92  -1  -1 107 107 107  -1  -1 112  -1  -1 
 35  -1  -1  -1  -1  -1 119 119 119  -1  -1  -1  -1  -1  -1  -1  -1  -1  -1  -1  -1  -1  -1  -1  -1  -1 
 36  -1 151 151 151  -1  -1 156  -1  -1  -1  -1  -1 136 136  -1  -1  -1  -1 149 149 134 134  -1 162  -1 
 37  -1  -1  -1  -1  -1  -1  -1  -1  -1  -1  -1  -1  -1  -1  -1  -1  -1 163 163 163  -1  -1  -1  -1  -1 
 38  -1  -1 195 195 195  -1  -1  -1 193 193  -1  -1  -1 180 180  -1  -1 200 206  -1  -1  -1  -1 178 178 
 39  -1  -1  -1  -1  -1  -1  -1 207 207 207  -1  -1  -1  -1  -1  -1  -1  -1  -1  -1  -1  -1  -1  -1  -1 
 40 224 224  -1 244  -1  -1 250  -1  -1  -1  -1  -1  -1 222 222  -1  -1 237 237  -1  -1  -1 239 239 239 
 41  -1  -1  -1  -1  -1  -1  -1  -1  -1  -1  -1  -1  -1  -1  -1  -1  -1 251 251 251  -1  -1  -1  -1  -1 
 42  -1  -1 288  -1  -1  -1  -1  -1  -1  -1  -1  -1 283 283 283  -1 294 281 281  -1  -1 266 266 268 268 
 43  -1  -1  -1  -1  -1  -1  -1 295 295 295  -1  -1  -1  -1  -1  -1  -1  -1  -1  -1  -1  -1  -1  -1  -1 
 44  -1 270  -1  -1  -1  -1  -1  -1  -1  -1  -1  65 225  -1  -1 227  -1  -1  -1  -1  -1  -1  -1  -1  -1 
 45 186  -1  -1  -1  -1  -1 182  -1  -1  -1  55  21  98 269  -1 139 285  -1  -1  -1  -1  -1 181 137  -1 
 46   7 141 273  -1  -1  -1  -1 309 314  50 185  -1  -1  -1  -1   8  -1  -1 231  -1  -1  95  -1  -1  -1 
 47  -1  53  93  -1  -1  -1 272  -1  -1  96  11  -1  -1  -1  -1 274  -1  -1  -1  -1  -1   5  -1  -1  54 
 48  -1  -1  -1 311  -1  -1  -1  -1  -1  -1  -1 153  -1  -1  -1  -1  -1  -1  -1  -1   9  -1 226  -1  99 
 49  -1  -1  -1  -1 310  -1  -1  -1  -1 140  -1  -1  -1  -1  -1  -1  -1  -1  -1  -1  -1 184  -1  -1  -1 
 50  52  -1  -1  -1  -1  -1  -1  -1  -1  -1  97  -1  -1  -1  -1  51  -1  -1  -1  -1 229  -1  -1  -1 143 
 51  -1  -1  -1 241  -1 316 230  -1  -1  -1 138 315  -1  -1  -1  -1 313 308 187  -1  -1  -1   6  10  -1 
 52  -1  -1  -1  -1  -1  -1  -1  -1 109  -1 271  -1 183  -1  -1  -1  -1  -1  -1  -1  -1  -1  94  -1  -1 
 53 275  -1  -1  -1  -1  -1 142  -1  -1 228  -1  -1  -1  -1  49  -1 197  -1  -1 312  -1  -1  -1  -1  -1 

r\t   0   1   2   3   4   5   6   7   8   9  10  11  12  13  14  15  16  17  18  19  20  21  22  23  24 
  0  -1 249  -1  -1  -1  -1 234 194  25  -1  -1  -1  -1  -1  -1 236 236  -1 253  -1  -1  -1  33  -1  -1 
  1  -1  -1  -1  -1  -1  -1  -1  -1  -1  -1  -1 219  -1  85 259  -1  -1 298  -1  -1  -1  -1  -1  -1  -1 
  2  -1  -1 290  -1  -1  -1  -1  84  -1  -1  -1  28  15  -1  -1  -1 262 216  -1 217  -1 300 191  -1  -1 
  3  -1  -1  60  60  -1  -1 188  42 145  -1  -1 135 172  20  -1  -1 101 122  -1  -1  -1 243 158  -1  -1 
  4  -1  -1  -1 177  -1  -1  37  -1  -1  -1  -1 170  -1 235  -1  -1  22  -1  -1  -1  -1  -1  -1  -1  -1 
  5  -1  -1  -1 264  -1  -1  -1  -1 169  -1  -1  -1  -1  -1  -1  -1  -1  -1 215  -1  -1  -1  -1  -1  -1 
  6  -1  -1 199  -1  -1  -1  71  -1  -1  -1  43  13  -1  -1  -1  -1 132  -1  -1  -1  47  -1  -1  -1  -1 
  7  -1  -1  -1 116  -1  -1 297 248  -1  -1  -1  -1  -1 218 238  -1 305 192 192 129  -1  69  -1 168  -1 
  8  -1  66 203  -1  -1  -1  -1 291 120  40  -1  -1  -1 292  -1  -1  57  -1  35  -1  -1  -1  -1  -1  -1 
  9  -1  -1 303  -1  89  -1 284  -1  -1  -1  -1 258  -1  -1 126  -1 179 279  -1  -1  -1  34  -1 189  -1 
 10  -1  -1 263  -1  -1  -1  -1  -1  -1  -1 307 175 201  -1  -1  -1  -1 148 148  -1  -1  -1 125  -1  -1 
 11  -1  -1  -1  -1  -1  -1  -1  -1 208  -1  -1 299  -1  -1 261  -1  -1  -1  -1  -1  -1  -1  -1  -1  -1 
 12  -1  -1 123  -1  -1  -1  -1  -1  58  -1  -1 204  -1  -1  -1  -1 267  -1  -1  -1  -1  18  -1 133  -1 
 13  -1  -1  -1 256 174  -1 146 121  -1  -1  -1 150  -1  -1  86  -1 205  -1  -1  -1  38  -1  -1  -1  -1 
 14  -1  -1 252  -1  -1  -1  12 280 280  -1  -1  -1  -1  -1  -1  -1  81 245 304  -1  -1  -1  -1  36  -1 
 15  -1 147  -1  -1  -1  -1 167 260  -1  -1  -1  -1 106  -1  -1  -1  -1  -1  39  -1  -1  -1 233  -1  91 
 16  -1  -1  -1  14  -1  -1  -1  -1  -1  -1  -1  64  -1  -1  -1  -1  -1  -1  -1  -1  -1  -1  -1  -1  -1 
 17  -1  -1  -1 161  -1  -1   0  -1 301  -1  -1 277  -1 286 131  -1 289  -1  -1  -1  -1  -1  73  -1  -1 
 18  -1  -1  -1  -1  -1  -1  -1  -1 157  -1  -1  -1  -1  -1  -1  -1 144 108 276  -1  -1  -1 117 254  -1 
 19  -1  -1  -1  26  -1  -1 128  -1  -1  -1  -1  -1 155  -1  41  -1  -1  -1  -1  -1  -1  -1  83  27  -1 
 20  -1  -1  -1  78  -1  -1  -1  -1 232  67  -1  -1  -1  -1  -1  -1  -1  -1  -1  -1  -1 110  -1 124  -1 
 21  -1  -1  -1  -1  -1  -1  77 210 190  -1  -1  -1 296 212  -1 257   3  -1  -1  -1  -1  -1  -1  -1  -1 
 22  -1 202  -1  -1  -1  -1  -1  -1  -1  -1  -1  70 115  -1  -1 176 198  -1  -1  -1  -1  -1 306 209  -1 
 23  -1  -1 152  -1  -1  -1  -1  -1  -1  -1  -1  -1 171  -1  -1  -1  -1  29 293  -1  -1  -1  -1  56 221 
 24  -1  23  -1  88  -1  -1  -1  -1  -1  -1  -1  -1 240  -1  -1 223  -1  -1 160  -1 214  -1  -1  -1  -1 
 25  -1  -1  -1  -1  -1  -1  -1  -1  -1  -1  -1  -1 302 166 127  -1  -1  -1 103  -1  -1 130 104 104  -1 
 26  45  -1  -1  -1  -1  -1  44 211  -1  -1  -1  -1 164 154  -1  -1  -1  -1  76  -1  -1  82 255  -1  -1 
 27  -1  -1  -1 196  -1  -1 113 242  72  -1  -1 159  -1 111  -1  -1 220  -1  -1  -1 265  62  59  79  -1 
 28  -1  -1  -1  -1  -1  -1 247  -1  -1 287  -1 114  -1  -1  -1  -1  -1  80 173  -1  -1  -1  -1  16  16 
 29  -1  87  -1  -1   1  -1 100  32 246 213  -1 102 278  -1  -1  -1 165  -1  -1  -1  -1 282  -1  -1  -1 
 30  -1  30  -1  -1  -1  -1  24  19  19  19   2   2  -1  -1  -1  -1  -1  -1  17  17  -1  -1  -1   4   4 
 31  -1  -1  -1  -1  -1  -1  -1  -1  -1  -1  -1  -1  31  31  31  -1  -1  -1  -1  -1  -1  -1  -1  -1  -1 
 32  -1  -1  74  -1  -1  -1  -1  68  -1  -1  48  48  61  61  -1  -1  -1  63  63  63  -1  -1  46  46  -1 
 33  -1  -1  -1  -1  -1  -1  -1  -1  -1  -1  -1  -1  75  75  75  -1  -1  -1  -1  -1  -1  -1  -1  -1  -1 
 34  -1  -1 105 105  -1  -1  -1 107 107 107  92  92  -1 118  -1  90  90  -1  -1  -1  -1 112  -1  -1  -1 
 35  -1  -1  -1  -1  -1  -1  -1  -1  -1  -1  -1  -1  -1  -1  -1  -1  -1 119 119 119  -1  -1  -1  -1  -1 
 36  -1  -1  -1 149 149 136 136 156  -1  -1  -1  -1  -1  -1  -1  -1 162 134 134  -1 151 151 151  -1  -1 
 37 163 163 163  -1  -1  -1  -1  -1  -1  -1  -1  -1  -1  -1  -1  -1  -1  -1  -1  -1  -1  -1  -1  -1  -1 
 38  -1  -1  -1  -1  -1  -1  -1  -1  -1  -1 178 178 195 195 195  -1  -1 200 206  -1 193 193  -1 180 180 
 39  -1  -1  -1  -1  -1  -1  -1  -1  -1  -1  -1  -1  -1  -1  -1  -1  -1  -1  -1  -1 207 207 207  -1  -1 
 40 239 239 239  -1  -1 222 222  -1  -1  -1  -1  -1  -1  -1  -1  -1 250 237 237  -1  -1 244 224 224  -1 
 41  -1  -1  -1  -1  -1  -1  -1  -1  -1  -1  -1 251 251 251  -1  -1  -1  -1  -1  -1  -1  -1  -1  -1  -1 
 42 283 283 283 294  -1  -1  -1  -1 288  -1 268 268  -1  -1  -1  -1  -1 266 266  -1  -1  -1 281 281  -1 
 43  -1  -1  -1  -1  -1  -1  -1  -1  -1  -1  -1  -1  -1  -1  -1  -1  -1  -1  -1  -1  -1  -1 295 295 295 
 44 186 311  -1  10 139  -1  -1  -1  -1  -1  -1  -1  -1  -1  -1  -1  -1  11 230  -1  -1  -1  -1  -1  54 
 45  -1  -1  -1  -1  50  -1  -1  -1  51  -1 140  -1  -1  -1  -1  -1  -1  -1   7  -1  97  -1  -1 272  -1 
 46   8 109 309  53 229   6  96  -1  -1  -1 228  -1  -1  -1  -1  -1  -1  -1  -1  -1  -1  -1  94  -1  -1 
 47  -1  -1  -1  -1 185 187 184  -1 181  -1  -1  -1  -1  -1  -1  49  -1 183  -1  -1   9  -1 270  -1  -1 
 48  -1  -1  21  -1  -1  -1  -1 153 227  -1  -1  -1  -1  -1  -1 271  -1  -1  -1  -1  -1  -1   5  -1  -1 
 49  -1  -1  -1  -1 275  95  -1  -1 273  -1  -1  -1 314  -1  -1  -1  -1  -1  -1 310  -1 315 137  -1  -1 
 50  -1  -1  -1  -1  -1  55  -1 308  -1  -1  -1  -1  -1  -1 316 143  -1 225  -1  -1 241  -1  -1  -1 138 
 51  -1  -1  -1 226  -1  -1  -1  65  -1  -1  -1 231  -1  -1  -1  -1  -1  -1  -1  -1  -1  -1  -1  99  -1 
 52  -1 197  -1  -1  -1  -1  -1  -1  -1 312  -1  -1  -1 313  -1  -1 285  -1 182  -1  -1  -1  -1  -1  -1 
 53  98  -1  -1 141  -1 274 269  -1 142  -1  -1  -1  -1  -1  -1  -1  52  93  -1  -1  -1  -1  -1  -1  -1 

r\t   0   1   2   3   4   5   6   7   8   9  10  11  12  13  14  15  16  17  18  19  20  21  22  23  24 
  0  -1  -1  -1  44  -1  -1  -1 165 258  -1  -1  18 104 104  -1  -1  -1 194  -1  -1  -1  -1 257 233  -1 
  1  -1  39  -1  -1  -1  -1 303  -1 278  -1  -1  -1  -1  14  -1  -1  -1  -1  62  -1  -1  -1 106 135 220 
  2  85 152 131  28  -1  -1 108  77  -1  -1  -1  -1  84  -1  -1 177  -1  -1  -1  -1  -1  32  -1  -1  -1 
  3  -1  -1 209  -1  -1  -1 211 299  -1  -1  -1  -1 218 158 221  45 307  -1  80  -1  -1  -1  -1 293  -1 
  4  -1 238 147  -1  -1  -1 234  -1 125  -1  -1  -1  29  -1  -1  -1  -1 160  37  -1  -1  -1 124  -1  -1 
  5  -1  -1  -1 264  -1  -1  -1 277 235  -1  -1  38  -1  -1  -1  -1  20 255  -1 130  -1  -1  -1 175  -1 
  6  86  -1 290  -1  -1  -1  -1  -1  -1  -1  -1 155  -1  -1  -1  -1  -1  -1  -1  -1  -1  -1  -1  -1  -1 
  7  -1  69 254  -1  -1  -1  -1 215  36  -1  -1  -1 246  -1  -1  -1  -1  -1 252  -1  -1  -1  42  -1  -1 
  8  -1  -1 171  -1  -1  -1  -1  -1  -1  -1  -1 216 159  -1  -1  -1 172  -1  -1  -1  -1  -1  25  -1  -1 
  9  -1  -1  -1 248  -1  -1  -1  -1  57  -1  -1  34  -1  -1  -1  -1  -1 279 169  -1  -1 100  -1  73  -1 
 10  -1 201  -1 189  -1  -1  -1  71 127  -1  -1  -1  -1  -1 129  -1 168  -1  -1  -1  -1  -1  -1  -1  -1 
 11  -1  66 102  -1  -1 302  -1 122  -1  -1  -1 110  -1 267  -1  -1  -1  -1 242  -1  -1 291 301  88  -1 
 12 287 198  -1  -1 265  -1 284 213  16  16  -1  -1  -1 115  -1  -1  70  -1 113  -1  -1  64  -1  -1 133 
 13  -1  -1   3  -1  -1  -1 164 208 199  -1  -1  -1  -1  -1  -1  -1  -1  -1 261  -1  -1 205 297   0  -1 
 14  -1  -1 123  -1  -1  -1 219  -1 305  -1  -1  67  72  -1  -1  -1 120  -1  47  -1  -1  83  -1  -1  -1 
 15  -1 116 236 236  -1  -1   1 240  -1  -1  -1  -1  -1  87  81  -1  -1  -1  -1  -1  -1  -1  -1  -1  -1 
 16  -1  -1  -1 161  -1  -1  -1  -1 179  -1  -1  -1  -1  41  -1  -1 190  -1  -1  -1  -1 191  -1  -1  -1 
 17  -1  -1 188  89  -1  -1  -1  59  -1  -1  -1  -1 304 247  -1  -1  -1  -1  -1  -1  -1  -1  -1  -1  -1 
 18  -1  26  -1  -1  -1  -1  -1  -1  -1  -1  -1  -1  -1  -1  -1  -1  -1 154  -1  -1  -1  -1  -1  12  -1 
 19  -1 286  -1 146  -1  -1 259  -1  -1  -1  -1  76  -1  -1  -1  -1  -1  -1  -1  -1  -1  -1 214  -1  -1 
 20  -1  -1  -1  -1  -1  -1  -1  -1 132  -1  -1  -1  -1 289  -1  -1  -1  -1  -1  -1  -1 126 157  43  -1 
 21  -1  -1  22  -1  -1  -1  -1  -1  -1  -1  -1 202  -1  -1  -1  -1  -1  -1  -1  -1  -1  -1  -1 117  -1 
 22 260  23  -1  15  -1  -1 256  -1  33  -1  -1  -1  -1  35  -1  -1 103  -1 203 150  -1  -1  -1 144  91 
 23  40  -1 280 280  -1  -1 296  -1  78  -1  -1 243 148 148 217  -1 170  -1 128  -1  -1  -1  -1  -1  -1 
 24  -1 300  -1 212  -1  -1  -1  13 292  -1  -1  -1  -1  -1 263  -1  -1  -1 223  -1  -1 245  -1  -1  -1 
 25  -1  -1 176  79  -1  -1  -1  -1  -1  -1  -1 167  -1  -1  -1  -1 232  -1  -1  -1  -1  -1  -1 101  -1 
 26  -1  -1  -1  82  -1 173  56  -1 262  -1  -1  -1 276 204  -1  -1  -1  -1  -1  -1  -1  -1 253  -1  -1 
 27  -1 111  -1  -1  -1  -1 210  -1  -1  -1  -1 306  -1  -1  -1  -1  58  -1 145  -1  -1  -1  -1  -1  -1 
 28  -1 249  60  60  -1 192 192  -1  -1  -1  -1 298  -1  -1  -1  -1  -1 121  -1  -1  -1  -1  -1 166  -1 
 29  -1  -1  -1  -1  -1  -1  -1  27  -1  -1  -1 114  -1 282  -1  -1  -1  -1 196 174  -1  -1  -1  -1  -1 
 30  -1  -1  24  -1  -1  -1  -1   4   4  -1  -1  -1  -1   2   2  -1  -1  17  17  -1  19  19  19  30  -1 
 31  -1  -1  -1  -1  -1  -1  -1  -1  -1  -1  -1  -1  -1  -1  -1  -1  31  31  31  -1  -1  -1  -1  -1  -1 
 32  -1  -1  68  -1  -1  -1  48  48  46  46  -1  -1  63  63  63  -1  -1  74  -1  -1  -1  -1  61  61  -1 
 33  -1  -1  -1  -1  -1  -1  -1  -1  -1  -1  -1  -1  -1  -1  -1  -1  -1  -1  -1  -1  75  75  75  -1  -1 
 34  -1  -1  -1  -1  -1  -1  -1 105 105  -1  -1  -1 118  90  90  92  92 107 107 107  -1 112  -1  -1  -1 
 35  -1  -1  -1  -1  -1  -1 119 119 119  -1  -1  -1  -1  -1  -1  -1  -1  -1  -1  -1  -1  -1  -1  -1  -1 
 36  -1  -1  -1  -1  -1 151 151 151 162  -1  -1  -1  -1 134 134 136 136  -1 156  -1 149 149  -1  -1  -1 
 37 163 163 163  -1  -1  -1  -1  -1  -1  -1  -1  -1  -1  -1  -1  -1  -1  -1  -1  -1  -1  -1  -1  -1  -1 
 38  -1  -1  -1 178 178 180 180  -1  -1  -1  -1 195 195 195  -1  -1 200 206  -1  -1  -1  -1  -1 193 193 
 39  -1  -1  -1  -1  -1  -1  -1  -1  -1  -1  -1  -1  -1  -1  -1  -1  -1  -1  -1  -1  -1  -1 207 207 207 
 40  -1  -1 222 222  -1 224 224  -1  -1  -1  -1  -1 237 237  -1  -1 244  -1  -1  -1 239 239 239 250  -1 
 41  -1  -1  -1  -1  -1  -1  -1 251 251 251  -1  -1  -1  -1  -1  -1  -1  -1  -1  -1  -1  -1  -1  -1  -1 
 42  -1  -1  -1  -1  -1  -1 268 268 266 266  -1  -1  -1 288  -1  -1 294  -1 281 281  -1 283 283 283  -1 
 43  -1  -1  -1  -1  -1  -1  -1  -1  -1  -1  -1  -1  -1  -1  -1  -1  -1 295 295 295  -1  -1  -1  -1  -1 
 44 109  -1 139 140  49  54  -1 231  -1  -1  -1 310  -1 228  -1  -1  50  65  -1  -1  -1 137  -1  -1  -1 
 45  -1  -1  -1  -1  93 274  -1  -1  -1 138  -1  -1  -1  -1  -1  -1  -1  -1  -1  -1  -1  -1  -1  -1 273 
 46  -1  -1  -1  -1  -1  -1  96  -1  -1  97  -1  -1  -1 181  -1  -1 226  -1  -1  -1  -1  -1  -1 227  -1 
 47  -1  -1  -1   7  -1  -1 142  -1  -1   9  -1  -1  -1  -1  -1  -1  -1  -1  -1  -1  -1 184  -1  -1  -1 
 48  -1  -1  53  -1  11  -1  -1  -1  -1  -1  -1  -1  -1  -1  -1  -1 270  -1 141  -1  -1  -1 308  -1  -1 
 49  -1  -1 271  -1  -1  -1  -1 183  -1  -1  -1  -1  21  -1 186  -1  -1 241 187  -1  -1  -1  -1  -1  -1 
 50 314  -1  -1  -1  -1  -1  -1  -1  -1  -1  -1  -1  -1  -1  -1  -1 182 313  94  -1  -1  99  -1 272  10 
 51  -1  -1  -1  -1 143  -1  -1  -1  -1  -1 316 285  -1  -1 275 269  -1  -1  -1  -1 197  -1  -1  -1  55 
 52  -1 315  95  -1 225   8  -1  -1  -1  -1  -1  -1 309  52  -1   6   5  -1  -1  -1 311 230  -1  51  -1 
 53  -1  -1  -1  -1  -1  98  -1  -1  -1 185  -1  -1  -1  -1  -1 229  -1  -1  -1 312  -1  -1 153  -1  -1 

r\t   0   1   2   3   4   5   6   7   8   9  10  11  12  13  14  15  16  17  18  19  20  21  22  23  24 
  0  -1  -1  -1  -1  -1  -1  45 147 232  -1  -1 155  -1  -1  -1  -1  -1 290  -1  -1  -1  -1 130  -1  -1 
  1  -1 298  -1  -1  -1  -1  -1  -1 135  -1  -1  -1  -1  -1  -1  -1  -1 245  -1  -1  -1 159 124 198  -1 
  2  -1 102  -1  -1  -1  -1  -1  -1  -1  -1  -1  -1  -1  -1  -1  -1  -1 144  -1  84  -1  -1 166  -1  -1 
  3  -1  -1  -1  -1  -1  -1  -1  -1  79  -1  -1  29  -1  -1  -1  -1 168  59  -1  -1  -1  -1 248  -1   1 
  4  -1  12  -1  -1  -1 127  -1  -1  -1  -1  -1  -1  -1  -1  -1  -1  -1  -1  13  -1  -1  -1 292  26 132 
  5  -1 123  -1  66  -1  -1   3 173  -1  -1  -1  -1  -1  -1  86  -1  -1  77  -1  -1  -1  15 129  -1  -1 
  6  -1 157  -1 116  -1  -1  -1 175  -1  -1  -1 242  -1 209 262  -1  20  -1  -1  -1  -1  -1  -1  -1  -1 
  7  -1  -1 103 167  -1  -1  64 277 161  -1  -1 122  -1  -1  -1  -1  -1 305  -1 263  -1 307  -1  -1  -1 
  8  60  60  -1 174  -1  -1  -1  -1  -1  -1  -1  67  -1  -1  -1 302 279  36  -1  -1  -1  -1  -1 117  -1 
  9  -1  -1 125  -1  -1  -1  -1  -1  88  -1  83 301  -1  -1  -1 259  57 120 304  -1  -1 146  -1 296  -1 
 10 306  -1  -1  -1  -1  -1 278  -1  -1  -1  -1  73  -1 264  -1  -1  -1  33  89  -1  -1 217  35  -1  -1 
 11  -1  -1  -1  -1  -1  -1  -1 203 249  -1  -1  -1  -1 160  -1 220  -1  -1 108  -1  -1  -1 205  -1  -1 
 12  -1 276 172 303  -1  -1  -1  -1 104 104  -1  -1 297  -1  -1  -1  -1  -1  -1  -1 131  -1  -1 111  -1 
 13  -1  -1  -1  -1  -1  -1 300  -1  -1  -1  -1  -1  -1  -1  -1  -1 253  14  -1  -1  -1  -1  -1  23  -1 
 14  -1  -1 289  -1  -1 258  -1  56  -1  -1  -1  -1  -1  -1  -1  -1  78  -1 254  -1  -1 211  87  -1  -1 
 15 286  -1  -1  -1  -1  -1  28  72  -1 170  -1 204  -1  -1  -1  -1  -1  -1 261  -1  -1  69  -1  -1  -1 
 16  -1  -1  -1  -1  42  -1  -1  44  -1  -1  -1  -1  -1  -1  -1  -1  -1 177  27  -1 106  -1  -1  -1  -1 
 17  -1  -1  -1  -1  -1  -1 238  -1  -1  -1  -1  -1 165  -1 179  -1 201 202  71  -1  -1  -1  -1  -1  -1 
 18  -1 145  -1  -1  -1  -1  -1  -1  -1  -1  -1  -1  -1  -1  -1  -1 190  91  58 176  -1 299 148 148  -1 
 19  -1  -1  -1  -1  -1  -1  18 293  32  -1  -1  -1  -1  -1 221  -1  -1  -1  43 133  -1 247  -1  -1  -1 
 20  -1  -1  -1  -1  -1  -1 223 240 257  -1  -1  -1  -1  -1 213  -1  -1 280 280  -1 214  -1 189 164  -1 
 21  -1  -1  -1  76  -1 128 114  -1  -1  -1 218 287  -1  85  -1  -1  -1  -1  -1  -1  22 100  -1 282  -1 
 22  -1  -1  -1  -1  37  -1  -1 252  40  -1  -1  -1 199 291  -1  -1 101 110 233  -1 192 192  -1  -1  -1 
 23  -1  -1  -1 154  -1  -1 256 115  47  -1  -1  -1  -1  -1  -1  -1  -1 196  -1  -1  -1  -1  -1 246  -1 
 24  -1   0  70 243  -1  -1  -1  -1 216  -1  -1 194  -1 188  -1  -1  -1  -1 212  -1  -1  -1  -1  -1  -1 
 25 150  -1  -1 255  -1  -1 152  -1 265  -1  -1  -1 236 236  -1  -1  -1  -1 191  -1  -1  -1  -1 210  -1 
 26  -1  80  25  -1 215 169  -1  -1  -1  -1  -1  41  -1  -1  -1  -1  34  39  -1  -1 126  -1 219 171  -1 
 27  -1  -1 284  -1  -1  38 208  -1  -1  -1  -1  -1  -1  -1  -1  -1 113  -1  -1  -1  -1  -1 267  -1  -1 
 28  82  -1  -1  -1  -1  -1  -1  16  16  -1  -1  -1  -1  -1  -1  -1  -1 235 158  -1  -1  -1  -1  -1  -1 
 29  -1  -1 121  -1  -1  -1  -1 260  62  -1  81  -1  -1  -1  -1  -1 234  -1  -1  -1  -1  -1  -1  -1  -1 
 30  -1  30  19  19  19  -1  -1  24  -1  -1  -1  -1  17  17  -1  -1   4   4  -1  -1  -1   2   2  -1  -1 
 31  -1  -1  -1  -1  -1  -1  -1  -1  -1  -1  -1  -1  31  31  31  -1  -1  -1  -1  -1  -1  -1  -1  -1  -1 
 32  -1  48  48  -1  -1  -1  -1  -1  68  -1  -1  -1  61  61  -1  -1  46  46  -1  -1  63  63  63  74  -1 
 33  -1  -1  -1  -1  -1  -1  -1  -1  -1  -1  -1  -1  75  75  75  -1  -1  -1  -1  -1  -1  -1  -1  -1  -1 
 34  -1  92  92  -1  -1 107 107 107 118  -1 105 105  -1  90  90  -1  -1  -1  -1  -1  -1 112  -1  -1  -1 
 35  -1  -1  -1  -1  -1  -1  -1  -1  -1  -1 119 119 119  -1  -1  -1  -1  -1  -1  -1  -1  -1  -1  -1  -1 
 36  -1  -1 156  -1  -1  -1  -1  -1  -1  -1  -1 162 151 151 151 149 149 136 136  -1  -1 134 134  -1  -1 
 37  -1  -1  -1  -1  -1 163 163 163  -1  -1  -1  -1  -1  -1  -1  -1  -1  -1  -1  -1  -1  -1  -1  -1  -1 
 38  -1  -1 193 193  -1 195 195 195 206  -1  -1  -1 200  -1  -1 178 178  -1  -1  -1  -1 180 180  -1  -1 
 39  -1 207 207 207  -1  -1  -1  -1  -1  -1  -1  -1  -1  -1  -1  -1  -1  -1  -1  -1  -1  -1  -1  -1  -1 
 40 237 237  -1  -1  -1  -1  -1 224 224  -1  -1  -1 250 244  -1  -1  -1 222 222  -1  -1 239 239 239  -1 
 41 251 251 251  -1  -1  -1  -1  -1  -1  -1  -1  -1  -1  -1  -1  -1  -1  -1  -1  -1  -1  -1  -1  -1  -1 
 42  -1  -1  -1  -1  -1 266 266  -1  -1  -1  -1 294 283 283 283  -1 268 268 288  -1 281 281  -1  -1  -1 
 43  -1  -1 295 295 295  -1  -1  -1  -1  -1  -1  -1  -1  -1  -1  -1  -1  -1  -1  -1  -1  -1  -1  -1  -1 
 44  -1  -1  -1  -1  -1  -1  -1 184  -1  -1  -1  -1  -1  -1  -1  99  -1  -1 186 225  -1  -1 285  65  50 
 45  -1 183  -1  -1  -1  -1  -1  96  -1  -1  -1  -1 312  -1  -1  -1  -1  -1   5 271  -1  -1  -1  -1  -1 
 46  -1  -1 230  -1  -1  -1  -1  -1  -1  -1  -1  21  -1  -1  -1  -1  -1  -1  -1  -1  -1  -1  -1  -1  -1 
 47  -1  -1 137 308  -1   7 140  11 182 315  -1  -1  -1  53  -1   8  -1  -1 269  -1  -1  -1  -1  -1  -1 
 48 314 142  -1  -1  -1  49  -1  -1  -1  -1  -1 313  -1  -1  -1  54 138  -1  -1   9  -1  -1  -1  -1 185 
 49  -1 272  -1  -1  -1  -1  -1 139  -1  -1  -1  -1  -1 187  -1  -1 227  -1  -1  95  -1  -1  -1  -1 229 
 50  -1  -1  -1  -1  -1  -1  -1  -1  -1  -1  -1  -1  -1 141  -1  -1  -1  -1  -1  55  -1  98  -1  -1  -1 
 51  -1  -1  -1  -1 311  -1  -1  -1 153  -1  -1  -1  -1  10  -1 274  94  -1  -1  -1  -1  -1  -1 309 275 
 52  -1  -1 181 109  -1  -1  -1 273  -1  -1 316  -1  -1 231  -1  -1  -1  -1  51  -1 310  52  93  -1  -1 
 53 197  -1  -1  -1  -1 228  -1  -1   6  -1  -1  -1  -1  -1  -1 143  -1  -1  -1  -1 241 270 226  -1  97 

r\t   0   1   2   3   4   5   6   7   8   9  10  11  12  13  14  15  16  17  18  19  20  21  22  23  24 
  0 257 133  -1  -1  -1  -1  -1  -1  -1  -1  84 299 102 292  -1  -1  -1  -1  -1  89  -1 111 284  -1  -1 
  1  -1  -1  -1  -1  -1  -1  -1  36  85  -1  86  -1  -1  -1  -1  -1  47 300  -1 282  -1  -1  -1  -1 259 
  2  -1  56 254 194  -1  -1 167  27  -1  -1  -1  13 204 101  -1  -1 203 233 191  -1 126 117  -1 307  -1 
  3  -1  -1  -1  -1  -1  -1  -1  -1  -1  -1  -1  -1  -1  26  -1  87 262  -1  -1  -1  -1  -1  -1  -1  -1 
  4  -1 211  -1  -1  -1  -1 209 135 157  -1  -1 256 145  -1 171  -1  -1  -1  -1  -1  -1  -1  -1 100  42 
  5 176  -1  -1  -1  -1  -1  -1  -1  -1  -1  -1  -1 192 192  -1  -1 189  -1  -1  -1  -1  -1  -1 161  -1 
  6  -1  -1  -1  32  -1  -1  -1 255 290  -1  -1 166  -1  -1  -1  -1  -1  38  28  -1  -1  62  -1 298  -1 
  7  -1  -1 291  -1  -1  -1   1  -1  33  -1  -1 108  -1 123  -1  -1 276 148 148  -1  -1  -1  -1  72  -1 
  8  -1  -1  88 243  -1  -1  -1  -1  -1  -1  -1  -1 305  -1  -1  -1  -1  -1  -1  -1  -1 289  -1  -1  -1 
  9  -1  -1 168 217  -1  -1 103  -1  -1  -1  -1  -1  -1  -1  -1  45  -1  -1  -1  -1  -1  -1 303  -1  -1 
 10  -1 214 223 158 106  -1 287  -1  -1  -1  91  -1  -1  -1  -1  -1  -1  -1  -1  -1  -1 279  -1  -1  -1 
 11  -1  -1  -1  -1  -1 172  -1  -1  -1  -1  -1  -1  -1 164  -1  -1  -1  -1  -1  -1  -1  -1  -1  -1  -1 
 12  -1  -1  25  -1  -1  -1  -1 154  43  -1  39 130 131  -1  -1 175  -1  -1  -1  -1  -1  71 152  -1  -1 
 13  -1  73 190  -1  -1  -1 147  -1  -1  -1  -1 304  -1  57  -1  -1  -1  -1  -1  -1  -1  -1 212 201  -1 
 14  -1  -1  -1  -1  -1  -1  -1 215  -1  -1  -1 240  -1 146  -1  -1 155  76  20 218 216  -1  -1  -1  -1 
 15  -1  -1  -1  -1  -1  -1  -1  -1  -1  -1  -1  -1 121  -1  -1  -1  -1  -1 114  -1  -1  -1  -1  -1 261 
 16  40  -1  -1  -1  -1  -1 232  -1  -1  -1  -1 208  -1  -1 150  -1  -1 132  -1  -1  -1  -1  -1  29  -1 
 17 265 249  64  59  -1  -1  -1  78  -1  -1  -1  -1  -1  69  67  -1  -1 179  -1  -1  -1  -1  35  -1 260 
 18 128   0  -1 120 238  -1  58  -1  -1  -1  -1  -1  -1  -1  -1  -1  -1 278 293  -1  -1  -1  -1 302  -1 
 19  -1  -1  -1  -1  -1  -1  -1 220  -1  -1  -1  79  34  -1  -1  -1 234  -1  -1 177  -1 202  18  -1  -1 
 20  -1  -1  -1  -1  -1  -1  -1  -1 144  -1  -1 129  -1  15 198  -1 160  -1  80  -1  -1 247  -1  -1  -1 
 21  -1 188  -1  -1  -1 174 267  -1 252  -1  -1  -1  -1  -1 125  -1  -1 115  -1 221  -1  23  -1  16  16 
 22  -1 210  -1 205  -1  -1  -1  -1  -1 286  -1 277  -1 219  -1 301 173 104 104  -1  -1  -1 246  -1  -1 
 23  -1  12  -1  -1 258  83  -1 236 236  -1  -1  -1  14  -1  -1  -1 306  37  -1  -1  -1  -1 110  -1  -1 
 24  -1  -1  -1  -1  -1  -1  -1  -1  -1  -1  -1  -1 296  -1 170  -1 124  -1  -1  -1  -1  77  -1  -1  -1 
 25  -1  -1   3  -1  -1  -1 196  -1  -1  -1  -1  -1 159 213  -1  -1  66  -1 235  -1  -1  -1  -1  -1  -1 
 26  -1  -1 242 297  -1  -1  -1  -1  -1  -1  -1 116  -1  -1  -1  -1  -1  -1  -1  -1  -1  -1  -1  -1  -1 
 27  -1  -1  -1  -1  -1  -1 253 280 280  -1  -1  82  41  -1  -1  -1  -1  -1  60  60  -1  -1  -1 199  -1 
 28  -1  -1  -1 245  -1  -1 122  -1 169  -1  -1  -1 263  -1  -1  -1  70  -1 165  -1  -1  -1  -1  81  -1 
 29 127 113  22  -1  -1  -1  -1  -1  44  -1  -1 264  -1  -1  -1  -1  -1  -1  -1  -1  -1  -1  -1 248  -1 
 30  -1  24  -1  -1  -1  -1  -1  19  19  19  -1  30   4   4  -1  17  17  -1   2   2  -1  -1  -1  -1  -1 
 31  -1  -1  -1  -1  -1  -1  -1  -1  -1  -1  -1  -1  -1  -1  -1  31  31  31  -1  -1  -1  -1  -1  -1  -1 
 32  -1  -1  -1  -1  -1  -1  74  61  61  -1  48  48  68  -1  -1  -1  -1  -1  46  46  -1  -1  63  63  63 
 33  -1  -1  75  75  75  -1  -1  -1  -1  -1  -1  -1  -1  -1  -1  -1  -1  -1  -1  -1  -1  -1  -1  -1  -1 
 34 107 107 107  -1  -1  -1  -1 105 105  -1  -1  -1  -1  -1  -1  92  92  90  90  -1  -1  -1 118 112  -1 
 35  -1  -1  -1  -1  -1  -1  -1 119 119 119  -1  -1  -1  -1  -1  -1  -1  -1  -1  -1  -1  -1  -1  -1  -1 
 36  -1  -1 151 151 151 136 136 156  -1  -1 134 134  -1  -1  -1  -1  -1  -1 162  -1 149 149  -1  -1  -1 
 37  -1  -1  -1  -1  -1  -1  -1  -1  -1  -1  -1  -1  -1  -1  -1  -1  -1  -1  -1  -1 163 163 163  -1  -1 
 38  -1  -1  -1  -1  -1 180 180 193 193  -1  -1 178 178 206  -1  -1  -1  -1 200  -1 195 195 195  -1  -1 
 39  -1  -1  -1  -1  -1  -1  -1 207 207 207  -1  -1  -1  -1  -1  -1  -1  -1  -1  -1  -1  -1  -1  -1  -1 
 40  -1  -1  -1  -1  -1 222 222  -1  -1  -1 224 224 237 237  -1  -1  -1 244 250  -1  -1 239 239 239  -1 
 41  -1  -1  -1  -1  -1  -1  -1  -1  -1  -1  -1  -1 251 251 251  -1  -1  -1  -1  -1  -1  -1  -1  -1  -1 
 42  -1 283 283 283  -1  -1 288 294  -1  -1  -1  -1 281 281  -1 266 266 268 268  -1  -1  -1  -1  -1  -1 
 43  -1  -1  -1  -1  -1  -1  -1  -1  -1  -1  -1  -1  -1  -1  -1  -1  -1  -1  -1  -1 295 295 295  -1  -1 
 44  -1  52 184  -1  -1  97  49  -1 140  -1  -1  -1  -1 269  -1  -1 183  -1  -1  -1 316  -1  -1  -1  -1 
 45 225 187  -1  -1  -1  -1  -1  -1 227  -1  -1  -1  65  -1  -1  -1 230  -1  -1  -1  -1  -1  -1 285  -1 
 46   7  -1 270  -1  -1  55  -1  10  -1  -1  -1  -1 272  -1  -1 229  -1  54 228 143  -1  -1  -1  -1  -1 
 47  -1  -1  -1  -1  -1  -1  98  -1 273  -1  -1  -1 141  -1  -1  -1  -1  -1  -1  -1  -1  -1  -1 314  -1 
 48  -1  96  -1 109 312  -1  -1  -1  94 309  -1  93  -1  51  -1 186  -1  11  -1  -1 241  -1  -1  -1  -1 
 49  -1  -1  -1  21  -1 274  -1  50  -1  -1 185  -1  99  95  -1  -1  -1  -1  -1  -1  -1  -1  -1  -1  -1 
 50  -1  -1  -1  -1  -1  -1  -1  -1  -1  -1   9  -1  -1 137  -1  -1  -1  -1 182  -1  -1  -1 308  -1  -1 
 51  53  -1  -1  -1  -1   8  -1  -1  -1  -1  -1  -1  -1  -1 311  -1  -1  -1 142  -1  -1  -1  -1 153  -1 
 52  -1  -1  -1  -1  -1  -1  -1 275  -1  -1 271   5  -1 181  -1 138  -1 197  -1  -1  -1 315  -1  -1  -1 
 53 139 231  -1 313  -1  -1  -1  -1  -1  -1  -1  -1  -1  -1  -1  -1   6 226  -1  -1  -1  -1  -1  -1 310 

r\t   0   1   2   3   4   5   6   7   8   9  10  11  12  13  14  15  16  17  18  19  20  21  22  23  24 
  0  -1 205  -1 196  -1 236 236  25 117  -1  -1 258  -1  -1 173  -1  -1 159  -1  -1  -1  -1  -1  -1  -1 
  1  85  -1  -1  -1  -1  -1 245  -1  -1  -1  -1  -1  -1  -1  -1  -1  -1 148 148  -1  -1  -1 301  -1  -1 
  2  -1  -1  -1 215  -1  -1  -1 158 128  -1  -1  -1 120  -1  -1  -1  87  37  -1  -1  -1 101  -1 216  -1 
  3  -1  -1  -1  -1  -1  -1  -1 212  -1  -1  -1  44 145  -1  -1  -1 172 265  -1  -1  -1 190  -1  -1  82 
  4  -1  -1 175  15  -1  -1 259 238 209  -1 280 280 188  84  -1  -1  -1  -1 249  -1  -1 291 125 252  67 
  5  -1  -1 247 232  -1  -1  32  42  -1 217  -1  -1  -1  -1  -1  -1  -1  -1  -1 306  -1  12  -1 214  -1 
  6  -1  -1  22  -1  -1  -1  -1 299  -1  -1  -1  -1 277 131  -1  -1  66 123  -1  -1  -1  -1  -1  -1  -1 
  7  -1  -1  -1  40  -1  -1  -1 111 296  -1  -1  -1  -1  -1  -1 174  -1  70  -1  -1  -1  -1  -1 169  -1 
  8  -1  -1  -1  -1  -1  -1  -1  -1 254  -1  -1  -1  -1  -1 171  -1  -1 191  -1  41  -1  -1  56 297  -1 
  9  -1  -1 154  -1  -1  43  -1  -1 267  -1  -1  79  -1  -1  -1  -1 170  -1  -1  -1  -1  -1 126  -1  -1 
 10  -1 110  -1  26  -1  -1  -1  -1  -1  -1  -1  -1  -1  -1  -1  -1  -1  60  60  -1  -1  -1 255  -1  -1 
 11  -1  -1  -1   0  83  91  -1  -1 168  -1  -1  -1  -1 194  -1  -1  20  -1  -1  -1  -1 221  -1 122  -1 
 12  -1  23  -1  -1  -1  -1  -1  -1 282  -1  -1  -1  -1  -1  -1  -1  -1  -1  -1  -1  -1 210  -1 264 307 
 13  -1  64 284  -1  -1  -1 133 219  -1  -1  -1 189  27  -1  -1  -1  -1  -1  -1  -1  -1  -1  -1 223  -1 
 14  -1  -1  -1  81  -1  -1  -1  -1  -1  -1  -1  -1  -1  -1  -1  -1  -1  -1  -1  -1  -1  -1 234  -1  -1 
 15  -1 199  -1  -1  -1  -1  -1 276  18  -1  -1  36  -1  -1  -1  -1 116  -1  -1  -1  -1  58  29  -1  -1 
 16  -1  -1  -1  -1  -1  -1  -1  -1 218  -1  -1  -1  -1  33  -1  -1  -1  -1  -1  -1  -1  35  -1  -1  -1 
 17  -1  -1  28  -1  -1  -1  -1  -1 103  -1  -1 204  47 286  -1  -1  -1  -1 300  -1  86  -1  -1  -1  -1 
 18  -1  -1  -1 152  -1  -1  -1 260   3  -1  -1  -1  13  62  -1  -1 108  -1 202  -1  -1  -1 147  34  -1 
 19  -1  -1  -1  -1  -1 127  -1  -1 261  -1  -1  -1  -1  72 176  45  39  -1 121  -1  -1 144  -1 179  -1 
 20  -1  -1  -1  -1  -1  -1  77  -1  73  -1  -1  -1  71  -1  -1  89  -1  -1  -1  -1  -1 246  78  -1  -1 
 21  -1  -1 257 157  -1  -1 201 124  -1  -1  -1  14  -1 240  -1  -1  -1  -1 166  -1  -1 161 263 243  -1 
 22  -1 155 167  76  -1  -1  -1  -1  -1  -1  -1 289  -1  -1 304  -1  -1  -1  -1  -1  -1  -1  16  16  -1 
 23  -1 253  -1  -1  -1  -1 292  -1 303  -1  -1 165 208 113  -1  -1 146  -1 177  -1  -1  -1 293 129  -1 
 24  -1  -1  -1  -1 213  -1 102  -1  -1  -1  -1  -1 132  -1  -1  -1 287  38  -1  -1  -1 130  -1  -1  -1 
 25  -1  -1 114  -1  -1  -1  -1  -1  -1  -1  -1 135  -1 106  -1  -1  -1  -1  80  -1  -1  -1  -1 305  -1 
 26 198 302  -1 279  -1  -1 278  -1  -1  -1  -1  88  -1 160  -1  -1  -1 256 235  -1  -1  -1 211  -1  -1 
 27  -1  -1  -1 248  -1  -1  -1  -1  57  -1  -1  -1  -1  -1  -1  -1  -1 233 104 104  -1  -1  -1  -1  -1 
 28  -1 115  -1  -1  -1  -1  -1  69  -1  -1  -1  59  -1  -1   1  -1  -1 290  -1  -1  -1  -1  -1  -1 262 
 29  -1  -1  -1 100  -1  -1  -1  -1  -1  -1  -1 150  -1 298  -1  -1 164 203  -1  -1 220  -1 192 192 242 
 30  -1  24  -1  -1  -1  19  19  19  30  -1   2   2  -1  -1  -1  -1  -1  17  17  -1  -1   4   4  -1  -1 
 31  -1  -1  -1  -1  -1  -1  -1  -1  -1  -1  -1  -1  -1  -1  -1  -1  31  31  31  -1  -1  -1  -1  -1  -1 
 32  -1  -1  -1  61  61  63  63  63  48  48  -1  -1  -1  -1  -1  -1  68  -1  -1  -1  -1  46  46  74  -1 
 33  75  75  75  -1  -1  -1  -1  -1  -1  -1  -1  -1  -1  -1  -1  -1  -1  -1  -1  -1  -1  -1  -1  -1  -1 
 34  -1  -1  -1 118  -1  -1 112  -1  -1  -1 107 107 107  -1  -1  -1  -1  92  92  -1  90  90 105 105  -1 
 35  -1  -1  -1  -1  -1  -1  -1  -1  -1  -1  -1  -1  -1  -1  -1  -1  -1  -1  -1  -1  -1  -1 119 119 119 
 36  -1 156  -1  -1  -1  -1  -1 151 151 151  -1  -1 162  -1  -1  -1  -1 134 134  -1 136 136  -1 149 149 
 37  -1  -1  -1  -1  -1  -1  -1  -1  -1  -1  -1  -1  -1  -1  -1  -1  -1  -1  -1  -1  -1  -1 163 163 163 
 38  -1  -1  -1  -1  -1  -1  -1 195 195 195  -1 178 178 206  -1 193 193  -1  -1  -1 180 180  -1 200  -1 
 39  -1  -1 207 207 207  -1  -1  -1  -1  -1  -1  -1  -1  -1  -1  -1  -1  -1  -1  -1  -1  -1  -1  -1  -1 
 40 239 239 239  -1  -1 224 224 250 222 222 237 237  -1  -1  -1  -1 244  -1  -1  -1  -1  -1  -1  -1  -1 
 41  -1  -1  -1  -1  -1  -1  -1  -1  -1  -1  -1 251 251 251  -1  -1  -1  -1  -1  -1  -1  -1  -1  -1  -1 
 42  -1 294  -1  -1  -1 266 266  -1  -1  -1 268 268 288  -1  -1  -1  -1  -1 281 281 283 283 283  -1  -1 
 43  -1  -1 295 295 295  -1  -1  -1  -1  -1  -1  -1  -1  -1  -1  -1  -1  -1  -1  -1  -1  -1  -1  -1  -1 
 44  -1 308  -1  98  -1  -1  94  -1  -1  -1  -1  -1  96 153 138  -1  -1  53 269  -1  -1  -1 270  51  -1 
 45  -1  -1 309 272 310  -1  -1  -1  -1  -1  -1  -1  -1  -1 271  -1  -1  -1  -1  -1  -1  -1  -1  95  -1 
 46  -1  -1  -1  -1  -1 139  -1  -1  -1  -1  -1  -1  -1  -1  -1 275  -1  -1  -1 314  55  -1 187   5  -1 
 47  -1  -1  -1 141  -1  -1  -1 315  99 274 185  -1 273  -1  54 229  -1 182  -1  -1  -1  -1 225  -1  -1 
 48  -1  -1  -1  -1  -1  -1  -1  -1  -1  97  49  -1   6  -1 231   8 311  -1  -1  -1  -1  -1  -1  -1  -1 
 49  -1 285 109  -1  -1  -1  -1  -1 137  -1  -1  -1  -1  21  -1 140  -1  -1 228 197  -1  -1  -1  -1  -1 
 50  -1  -1  -1 181  -1 183  -1  -1  -1  -1 143  -1  -1  -1  93  -1 241  -1  -1  -1  -1  -1  -1  -1  -1 
 51 316  -1  -1  50  -1  -1  -1  -1  -1  -1  -1  -1  -1  -1  -1  -1  -1  -1  52  -1  -1  -1 142  -1  -1 
 52  -1  -1  -1 226  -1  -1 184  -1  -1  -1 227  -1  65  -1  -1  -1  -1  10  -1  -1   9  -1  -1  -1  -1 
 53  -1  -1  -1  -1  -1  -1  11  -1  -1   7  -1  -1  -1 313  -1 186  -1 230  -1  -1  -1  -1  -1  -1 312 

r\t   0   1   2   3   4   5   6   7   8   9  10  11  12  13  14  15  16  17  18  19  20  21  22  23  24 
  0  -1  -1  -1 255  -1  -1  -1 232  -1  -1 171  -1  29  -1 221  -1  23 102  -1  -1  -1  -1  -1 252  -1 
  1  -1  -1 265  -1  -1  -1  -1  -1   1  -1  -1 253 299 276  -1  -1  26  -1  -1  -1 262  -1  -1  25  -1 
  2  -1  -1  -1 165  -1 263 190 208 278  -1  -1  -1  -1  -1  -1  -1  -1 115  -1  -1  -1 198 192 192  -1 
  3  -1  79  -1 286  -1  81  59  -1  -1  -1  82  -1  -1  -1  -1 106  -1 204  -1 215  -1 113 256 257  -1 
  4  -1 152 189 219  -1  -1  -1 168 188  -1  -1  -1  39  35  -1 261  -1 259 111  -1  -1  -1 260 218  -1 
  5  -1 254  -1  91  -1 176  -1 248  -1 169  -1  -1  -1  -1  -1  -1  -1 167  16  16  -1  -1  -1  13  -1 
  6  -1  -1 214  -1 127  -1  -1  70 247  -1 173 234  -1  -1  -1  -1 179  -1  -1  -1  -1  -1  -1  -1  -1 
  7 280 280 131  -1  -1  -1  -1 144  -1  -1  -1  -1  -1 209  -1  -1  -1  77  -1  -1  -1  -1  -1  -1  -1 
  8 220  -1  20  -1  -1  -1  36  -1  -1  -1 287  -1  -1  -1  -1  43  -1  -1  -1  -1  -1  -1  -1  -1  -1 
  9  -1  -1  -1  15  -1  -1 210  -1  -1  -1  -1  -1  -1  -1  -1  -1   3  -1  -1  -1 130  -1  -1 103  -1 
 10  -1  -1 284 267  -1  -1  -1  88  76  -1  -1  -1  -1  -1  -1  -1  56  -1  69  -1  -1  -1  -1 264  -1 
 11  -1 133  -1  -1  -1  -1  27  33  -1 216  -1  -1  -1 117  -1  -1  73  -1  -1  -1  -1  -1  -1  -1  -1 
 12  -1 233 147  -1  -1  -1 238  -1  -1 304  -1 296  -1  -1  -1  -1  -1  -1  66  -1  -1 293  -1  -1  -1 
 13  -1  -1  -1  -1  -1  -1 172 104 104  -1  -1  -1 282  -1  -1  -1 277  -1  -1  -1  -1  -1  -1 125  -1 
 14 132  -1  -1  -1  -1  -1  -1  -1 123  -1  -1  -1  -1  47  -1  -1 146  -1  -1  -1  -1  -1  -1  40 177 
 15  45 191 205  -1  -1  -1  80  14 240  -1  -1  -1 196  -1  -1  -1  -1  -1  -1  -1  -1  -1  -1 120  -1 
 16  -1  -1 160  -1  -1  -1  -1  -1 166  -1  -1  -1 110  -1  -1  -1  -1  -1  -1  -1  -1  -1  -1 129  -1 
 17  -1 213  -1  -1  -1  -1  -1 121 211  -1  -1 135  -1  71  -1  -1  -1  -1 289 243  -1  -1  -1  -1  -1 
 18  -1  -1  -1  -1  -1  -1 108  -1 175  -1  -1  -1  -1 292 307  37  -1  -1  -1  -1  -1  -1  -1 203  -1 
 19  -1  -1  -1  -1  -1  -1  -1  -1  -1  -1  41  57  78  -1  -1  -1 199   0 154  -1  85  -1  -1  -1  -1 
 20  -1  64  -1  -1  -1 126  -1  -1 305  -1  -1 158  -1  -1  -1  -1 201  -1  -1  -1  38  -1  -1  -1  -1 
 21  -1 297  -1  -1  -1  -1  -1  60  60  -1  -1  -1 242  -1  -1  -1 298  -1  -1  -1  -1  -1  -1  -1  -1 
 22  -1  -1 236 236  -1  -1 306 194  -1  -1  -1  -1 159 235  -1  -1  44  -1  -1 174 170  -1  -1  -1  -1 
 23  -1  -1  -1 291  22  -1 161  -1  -1  -1  -1 155  -1 164  -1  -1 114  -1  -1 302  -1  -1  -1  -1  -1 
 24  -1 122  -1  -1 150  -1 290  86  -1  -1  -1  -1 246  62  -1  -1  -1 279  -1  -1  67  18  -1  -1 301 
 25  -1  -1 245  -1  -1  -1 223  -1  -1  -1  -1  42  -1  -1  -1  -1  83  34  -1  -1  -1  -1 202  -1  -1 
 26  -1  -1 217  -1  -1  -1  -1  -1  -1  -1  -1  -1  -1  12  -1  -1  -1 145  -1 258  -1 249  -1  -1  -1 
 27  -1  -1  72  28  -1  -1  -1  -1  -1 128  -1  84  -1 101  -1  -1 157  58  -1  -1  -1  -1  -1 303  -1 
 28  -1  -1  -1  -1  -1  -1 116  -1  -1  87  -1  -1  -1  -1  -1  -1  -1  -1  -1  -1  -1  32  -1  -1  -1 
 29  -1  -1  -1  -1  -1 148 148  -1  -1  -1  -1 100 124  -1  -1  -1  89  -1 212  -1  -1  -1  -1 300  -1 
 30  -1  -1  -1  -1  -1  17  17  -1  -1  -1  19  19  19   2   2  -1  -1  -1  30  -1  -1  -1  24   4   4 
 31  31  31  31  -1  -1  -1  -1  -1  -1  -1  -1  -1  -1  -1  -1  -1  -1  -1  -1  -1  -1  -1  -1  -1  -1 
 32  -1  68  63  63  63  46  46  -1  48  48  -1  74  -1  -1  -1  -1  -1  -1  -1  -1  -1  -1  -1  61  61 
 33  -1  -1  -1  -1  -1  -1  -1  -1  -1  -1  -1  -1  -1  -1  -1  -1  -1  -1  -1  -1  -1  75  75  75  -1 
 34 105 105  -1  -1  -1  -1  -1  -1  -1  -1  -1 112  -1  92  92  -1  -1  -1 118  -1 107 107 107  90  90 
 35 119 119 119  -1  -1  -1  -1  -1  -1  -1  -1  -1  -1  -1  -1  -1  -1  -1  -1  -1  -1  -1  -1  -1  -1 
 36  -1  -1  -1 162  -1  -1 134 134  -1  -1  -1  -1 151 151 151  -1 136 136 156  -1  -1  -1 149 149  -1 
 37  -1  -1  -1  -1  -1  -1  -1  -1  -1  -1  -1  -1  -1  -1  -1  -1  -1  -1  -1  -1  -1 163 163 163  -1 
 38  -1 206  -1 200  -1  -1  -1  -1 178 178 193 193  -1 180 180  -1  -1 195 195 195  -1  -1  -1  -1  -1 
 39  -1  -1  -1  -1  -1  -1  -1  -1  -1  -1 207 207 207  -1  -1  -1  -1  -1  -1  -1  -1  -1  -1  -1  -1 
 40  -1  -1 222 222  -1  -1 244  -1 224 224  -1  -1  -1 250  -1  -1  -1 237 237  -1  -1  -1 239 239 239 
 41  -1  -1  -1  -1  -1  -1  -1  -1  -1  -1  -1  -1  -1  -1  -1  -1 251 251 251  -1  -1  -1  -1  -1  -1 
 42 266 266  -1  -1  -1 281 281 288 294  -1  -1  -1  -1 268 268  -1  -1  -1  -1  -1 283 283 283  -1  -1 
 43  -1  -1  -1  -1  -1  -1  -1  -1  -1  -1  -1  -1  -1  -1  -1  -1  -1 295 295 295  -1  -1  -1  -1  -1 
 44  -1  -1  -1  -1  -1  -1  -1 229  -1  -1  -1  -1  65  -1  -1  -1  -1  -1  -1  -1  -1 241  -1  -1  -1 
 45  -1  -1 137  -1  -1  -1  11 272 139  -1  -1 226  -1 141  -1  -1  -1  98  -1  -1 153 314  -1 187  -1 
 46  -1  52  -1  -1  -1  -1  -1  -1  -1   9  -1  -1  -1  -1  -1  -1  -1  55  -1  -1  -1  -1 313  -1  -1 
 47  -1 227  96 183  -1  97 184  -1  -1  -1  -1  -1  -1  -1  -1  -1  -1  -1  -1  -1  -1  -1  -1 231  50 
 48  -1  -1  -1  -1  -1  -1  -1  -1  -1  -1  -1  -1  -1  -1  49  -1  -1 230  -1  -1  -1  -1  21  -1  -1 
 49  -1 181  -1 109  -1   8  -1   7  -1  -1  -1  51 315  -1  -1  -1  -1  -1  -1 309  -1  -1  -1  -1 275 
 50 185  -1 186  -1 197 228  -1  -1 273  99  -1  -1  -1  -1  -1 285  -1  -1  -1  -1  -1  -1  -1  -1  -1 
 51  -1  -1  -1 142 311  -1  93  -1  95 271  -1  -1  -1  -1  -1  -1 270  -1 308  -1  -1  -1  -1  53 140 
 52  -1   6   5  -1  -1 143  -1  -1  -1 138  -1  94  -1 225  -1 310  -1  -1  -1  -1  -1  -1  -1  -1  -1 
 53  -1  -1  -1  10  -1  -1 269  54  -1  -1 312 274  -1  -1  -1  -1  -1 182  -1  -1 316  -1  -1  -1  -1 

r\t   0   1   2   3   4   5   6   7   8   9  10  11  12  13  14  15  16  17  18  19  20  21  22  23  24 
  0  -1 284  -1  -1  -1  -1  -1  -1  -1  -1  -1  -1  -1  -1  -1  -1 232  -1  76  -1  -1  -1 246  -1  -1 
  1  -1  -1 290  -1  -1  -1  -1 188  -1  -1  -1  -1 121  -1  -1  22  -1  -1  -1  -1  -1  -1  -1 249  -1 
  2  -1  -1 240  -1  -1  -1  62 150 217  -1  -1 123  -1  -1  -1  -1  -1  -1 292  -1  -1  -1  -1  85  -1 
  3  -1 300  59  -1  -1  -1 198 135 126  -1  -1  -1 205  -1 213  -1 120 218  -1 260  -1  -1  -1 110 132 
  4  -1  -1  -1  -1  -1  -1 286 127   3  -1 263  -1  -1  -1 171  -1  -1  -1  -1  -1  -1 254  -1  -1  -1 
  5  -1  -1  -1  -1  -1  -1 201  15  80  -1  -1  -1  -1 307  -1  -1 146 158  -1  -1  -1  56  -1  25  -1 
  6  -1  -1  -1 208  -1  -1 154 257  -1  -1  -1  -1  70  -1  -1  -1  -1  -1  -1  -1  -1  -1  -1  -1  -1 
  7  -1  20  83 261  -1  -1  79  -1 145  -1  -1 106  -1 238  -1  -1  -1  -1  -1  -1  -1  -1  77  66  -1 
  8  -1  -1  -1 256  -1  37  -1  -1  45  -1  -1  -1  -1  -1  -1  -1  71  72  -1  -1  -1  78 175  -1  -1 
  9  -1  -1  13  36  -1  -1  -1  -1 179 303  -1  -1  -1 168  -1  -1  -1 101 223  -1  -1  -1 159  -1  -1 
 10  -1  -1 131  87 176 236 236 124 128  -1  -1 211  -1  -1  -1  -1  -1  60  60  -1  -1  -1 306  -1  -1 
 11  -1 165 276 267  -1  -1  -1  -1 252  -1  -1 242  -1  -1  -1  -1  -1  -1  -1  -1  -1 209  -1 173  -1 
 12  -1 169 259  -1  -1  -1  -1  -1 103  -1  -1 297  -1 216  -1 155  -1  -1  -1  -1  -1  -1  16  16  -1 
 13  -1  -1 192 192  -1 170  -1  -1 157 172  -1  35 293  -1  86  -1  -1  -1  -1  -1  -1  -1  -1  -1  -1 
 14  -1 215  -1  27  -1  -1 117   0 194  -1  -1  -1  -1 304  -1  -1  -1 296  -1  -1  -1  -1  58 125  -1 
 15  -1  -1  -1  -1  -1  -1  -1  -1  -1  -1  -1  81  -1 116  -1  -1 166  38  -1  -1  -1 161  -1  -1  -1 
 16  -1  -1  -1 233  -1  -1 167  -1  64  -1  -1  69  -1  -1  -1  -1  -1 234 279  -1  91  -1  -1 282  -1 
 17 265  -1  -1  -1  -1  -1  28  -1 202  -1  -1 245  -1  29 221  -1  -1 277 113  -1  -1  12  -1  -1  -1 
 18  -1  -1  -1  -1  -1  -1 111 255  -1  -1  -1  -1  -1  -1  -1  -1  -1  -1  -1 177  -1  -1  -1 214  -1 
 19  -1  -1  -1  89  -1  -1  -1  -1  -1  -1  -1  18  -1  -1  -1  67  -1 133 152  -1  -1  -1  73  -1 130 
 20  -1  -1  -1  -1  -1  -1  -1 280 280  -1  -1  -1  -1 287  -1  -1 102  39  -1  -1  -1 115  -1  -1  -1 
 21 258 122  34  -1  -1  -1  23  -1  40  -1  -1  -1  -1 253  -1  -1  -1  -1  -1  -1 104 104 129 174  -1 
 22  -1  -1  -1  -1  -1  -1  -1  47  -1  -1  -1 210  41  -1  44  -1  -1  -1  -1  -1  -1 191 204 114  -1 
 23  -1  33 160  -1  -1  -1 298 289  -1  -1 301  -1  -1  84  -1  -1  -1  -1 196  43 302  -1  -1  -1  -1 
 24  -1 190  -1  -1  -1  -1  -1  -1  -1  -1  -1  -1  -1  -1 264  -1 248 247 108  -1  -1  -1  -1  -1  -1 
 25  -1 144  -1  14  -1  -1  -1  88  -1  -1  -1  -1 243  57  -1  -1  -1  -1  -1  -1 305  -1  26  -1   1 
 26  -1  -1  -1  -1  -1  -1  -1  -1  -1  -1  -1  -1  -1  -1  -1  -1  -1  -1  -1  -1  -1  -1 262  -1  -1 
 27  82 203  -1 278  -1  -1  -1 212  -1  -1  -1 199  -1  -1  -1  -1  -1  -1  -1  -1 220  -1 189 164  -1 
 28  -1 219  -1  -1  -1  -1  -1 100  32  -1  -1  -1 147  -1  -1  -1  -1  -1  -1  -1  42  -1  -1  -1  -1 
 29  -1 235 148 148  -1  -1  -1  -1  -1  -1  -1  -1  -1 291  -1  -1 299  -1  -1  -1  -1  -1  -1  -1  -1 
 30   2   2   4   4  -1  -1  -1  24  -1  -1  -1  -1  19  19  19  -1  -1  17  17  -1  -1  30  -1  -1  -1 
 31  -1  -1  -1  -1  -1  -1  -1  -1  -1  -1  -1  -1  -1  -1  -1  -1  31  31  31  -1  -1  -1  -1  -1  -1 
 32  -1  -1  -1  61  61  -1  68  -1  -1  -1  63  63  63  74  -1  -1  -1  46  46  -1  -1  48  48  -1  -1 
 33  -1  75  75  75  -1  -1  -1  -1  -1  -1  -1  -1  -1  -1  -1  -1  -1  -1  -1  -1  -1  -1  -1  -1  -1 
 34 105 105  -1  -1  -1  -1  -1  -1 112  -1  -1  -1 107 107 107  -1  90  90  92  92  -1  -1 118  -1  -1 
 35 119 119 119  -1  -1  -1  -1  -1  -1  -1  -1  -1  -1  -1  -1  -1  -1  -1  -1  -1  -1  -1  -1  -1  -1 
 36  -1 162 134 134  -1  -1  -1 156  -1  -1 149 149  -1  -1  -1  -1  -1  -1 136 136  -1 151 151 151  -1 
 37  -1  -1  -1  -1  -1  -1  -1  -1  -1  -1 163 163 163  -1  -1  -1  -1  -1  -1  -1  -1  -1  -1  -1  -1 
 38 178 178 206  -1  -1  -1  -1  -1  -1  -1  -1  -1 195 195 195 193 193  -1  -1  -1 180 180  -1 200  -1 
 39  -1  -1  -1  -1  -1  -1  -1  -1  -1  -1  -1  -1  -1  -1  -1  -1 207 207 207  -1  -1  -1  -1  -1  -1 
 40  -1  -1  -1 222 222  -1  -1 237 237  -1  -1  -1 250  -1  -1  -1 224 224 244  -1  -1  -1 239 239 239 
 41 251 251 251  -1  -1  -1  -1  -1  -1  -1  -1  -1  -1  -1  -1  -1  -1  -1  -1  -1  -1  -1  -1  -1  -1 
 42  -1 266 266  -1  -1  -1  -1  -1 288  -1 283 283 283  -1  -1  -1  -1 268 268  -1 281 281  -1 294  -1 
 43  -1  -1  -1  -1  -1  -1  -1  -1  -1  -1  -1  -1  -1  -1  -1  -1  -1  -1  -1  -1 295 295 295  -1  -1 
 44  -1  -1  -1  -1  -1  -1  -1 186  -1  -1  -1  -1  -1 315 140  -1  -1 184   5  -1  50  95  -1 313  -1 
 45  -1  -1  -1 182 271  -1  -1  -1  -1  -1  -1  -1 314  -1  -1  -1  -1  -1  -1  55  -1  -1 183  -1 185 
 46  -1 139  -1  -1  -1  -1  -1  -1  -1  -1  -1 308  -1  -1  -1  -1  -1  -1  -1  -1  -1  -1  -1  -1 269 
 47 143  -1 225  -1  49  -1  -1  -1  21 310  -1  -1  -1  -1  -1 312  51  -1  -1  -1 137 229  -1  -1  93 
 48  -1  -1  94  -1 138  -1  -1 226  -1  -1  -1  -1  -1  -1  -1  -1  -1  -1  -1  -1  -1  -1  -1  -1  -1 
 49  -1  99 181  -1  -1 309  -1  65 141  -1 316  -1  -1  -1  -1  -1 273  -1 187  -1  -1  -1   8  -1  54 
 50  -1  -1  -1  -1  -1  -1  -1  -1 230  -1  -1  -1  -1 153  -1 285  -1  -1  -1 274  -1  -1 227  -1  -1 
 51  53  -1  -1  -1  -1  -1  -1 275  -1  -1 109  -1  -1  -1  -1  -1 142  -1  -1   7  -1  10 272  -1  -1 
 52  -1 231  -1  -1  11  -1 311  -1  96  -1  -1  -1  -1  -1  -1  -1  -1  -1 241 228  -1  -1  -1 197  -1 
 53  -1  52  -1  -1  97  -1  -1  -1 270  -1  -1  -1  -1  -1  -1  -1  -1   6  -1  -1   9  -1  98  -1  -1 

