317
10 3
18 1
5 30
7 14
0 30
16 47
8 49
24 49
3 50
4 46
22 53
9 45
8 6
3 1
1 21
16 14
5 27
22 30
7 3
11 30
21 24
2 53
15 7
17 27
2 30
3 27
18 20
11 21
13 17
6 3
16 30
21 31
1 15
12 20
7 0
8 2
11 14
2 17
6 20
2 4
9 11
12 16
22 0
18 17
1 12
3 7
23 32
22 29
7 32
9 48
5 46
10 46
16 44
6 46
0 47
4 48
1 17
16 4
23 24
6 11
7 1
12 32
22 17
17 32
3 11
21 51
2 10
14 11
1 32
6 6
3 2
23 26
17 13
8 8
21 32
11 33
18 18
16 25
22 6
7 21
2 7
12 1
13 18
16 28
7 15
16 5
21 2
12 0
6 10
16 24
23 34
5 19
3 34
8 45
1 47
10 48
11 44
0 53
7 52
9 51
3 29
1 23
11 7
23 16
7 24
18 34
13 16
20 34
6 25
15 44
2 0
12 14
7 34
23 21
21 26
22 16
1 10
6 0
12 34
17 35
11 12
2 27
17 1
3 21
8 4
6 8
0 1
1 19
9 13
11 13
15 10
21 6
10 10
6 12
3 36
1 5
23 36
8 44
9 44
7 50
16 52
18 51
11 47
0 51
16 27
3 17
23 12
21 20
7 22
18 36
1 27
12 36
22 7
17 52
2 29
5 23
17 36
16 23
6 16
3 12
13 12
23 18
11 36
20 37
2 18
11 25
1 9
18 6
7 23
17 4
17 11
18 8
13 11
2 1
19 11
0 27
24 20
3 5
5 38
22 1
8 38
16 48
23 45
1 45
11 45
4 52
0 46
7 47
1 6
23 0
6 4
11 28
7 19
12 38
21 28
17 38
3 3
14 46
2 13
22 21
22 38
16 1
3 14
1 29
18 13
21 3
23 38
10 39
6 13
13 23
8 15
8 28
17 18
5 21
10 14
11 26
18 24
12 11
18 25
2 14
5 29
9 5
23 40
1 11
10 40
6 49
3 49
8 48
18 44
0 50
16 46
7 44
18 4
11 11
23 5
21 16
7 7
5 40
13 28
2 40
22 24
1 51
17 25
12 9
18 40
13 14
7 4
6 28
8 29
3 15
17 40
20 41
2 15
11 16
12 26
23 7
1 22
3 9
23 17
19 0
17 23
3 22
20 26
16 6
10 23
0 15
3 42
8 12
22 42
6 50
7 53
5 52
18 48
1 50
24 48
9 47
3 25
7 5
6 26
18 9
22 27
15 42
8 5
11 42
1 14
2 51
21 4
20 10
21 42
23 8
1 24
12 25
6 24
11 3
18 42
15 43
8 14
13 24
22 26
7 9
3 4
11 22
21 25
22 20
7 16
19 19
16 15
21 14
13 50
17 49
15 46
12 45
14 53
2 45
20 44
21 48
19 53

