r\t   0   1   2   3   4   5   6   7   8   9  10  11  12  13  14  15  16  17  18  19  20  21  22  23  24 
  0 133  64  -1 249  -1  -1 157 236 236  -1  -1  23  -1  -1  -1 220 176  -1  -1  -1  -1 120 172  -1  -1 
  1  -1 188  -1  -1  -1 173  -1  -1 205  -1  -1  -1 296  20  -1  -1 212  -1 277  -1 287 128  -1  -1  -1 
  2  -1 132  25  -1  -1  -1  34  -1  37  -1  -1 114  -1  91  -1  -1 278 123  -1  -1  -1  -1  -1  -1  -1 
  3  -1  -1  -1  -1  -1  -1  -1 124 304  -1  -1 299  69  -1  -1 260  35 170 192 192  -1  -1  -1  -1  -1 
  4  -1  -1  -1  -1  -1  -1  -1  83  -1  85  -1 152 191  -1  -1  -1  78  -1 174  -1  -1  -1  -1  -1  -1 
  5 257  -1  -1  -1  -1  -1  -1  -1  27  -1  -1  -1  -1  -1  -1  -1 125  57  -1  -1 216  -1 235 103 221 
  6  -1 101  -1  -1  -1  -1  -1  -1 219  -1  -1  -1  -1   1  -1  -1  -1  -1  -1  86  -1  -1 204  -1  -1 
  7  -1  -1  -1  -1  -1  -1  -1 210  -1  -1  -1  80  -1  -1  -1  -1 168 267  -1  -1  -1  -1  -1 233  -1 
  8  -1  -1  -1  -1  -1  -1  72 146  -1  -1  -1 234  -1 169  -1  -1  -1 243  -1  -1  -1  71  15  -1  44 
  9  -1  -1  -1  -1  -1  -1  47 189 102  -1  -1  -1  -1  -1  -1  -1 247 148 148 106  -1 135 165  -1  -1 
 10  -1  -1 122 290  -1 215 245  87 196  -1  -1  26  -1 213  -1  -1  12  -1  -1  -1  -1  -1  -1  -1  -1 
 11  -1 246  -1 194  -1 150  -1 297 117  -1  -1  -1 115  -1  -1  -1  -1  -1 248  -1  -1  -1  -1  -1  -1 
 12  -1  73  -1  -1  -1  -1   3  89 262  -1  -1  -1  -1 110  -1  -1  -1 202  -1  -1  -1  -1  -1  -1  -1 
 13  -1  -1  -1  -1  -1  -1  -1  -1  -1  -1  -1  -1  -1 264 301  -1  -1  29 201  -1  -1  -1  -1  28  -1 
 14  -1  -1  -1  -1  -1  -1  -1 284  -1  -1  -1 307  60  60  -1  -1  -1  -1  -1  -1  -1  -1  -1  -1  -1 
 15  -1 159  -1  -1  -1  -1  -1  -1  56  -1  -1  66  -1 292 238  -1  -1  -1  -1  -1  -1 155  -1  -1 171 
 16  -1  -1  -1  -1  -1  -1  -1  -1  -1  -1  -1  -1  -1  -1  -1  -1  -1 130 302  -1  -1  -1  -1  -1 131 
 17 306  -1  -1 203  -1 286  -1  -1 254  -1  -1  -1  -1  -1 175  -1  -1  40  -1  -1  -1  -1 113  76  -1 
 18  -1 144  -1  -1  -1  -1  -1  -1  88  -1  -1 252 147  -1  -1  -1  -1 298  -1  -1  -1 300  -1  -1  -1 
 19  -1  13 198  -1  -1  -1 214 218  36  -1  -1  -1  -1  -1  -1  -1  -1 282 289  -1  -1  -1  -1 164  -1 
 20  -1  -1  -1  -1  -1  -1  62  -1 303  82  -1  -1  -1  -1  -1  -1  -1  43  -1  -1  -1  39  -1  -1  -1 
 21  -1  -1  -1  -1  -1  -1 179  33  -1  -1  -1  -1  -1  -1  -1  -1  -1 259  -1  -1  -1  38  -1 208  -1 
 22 265  -1  -1  42  -1  -1  -1  -1 291  -1  -1 161  -1  -1  -1  -1  -1  -1 116  -1  -1  -1  -1  -1  -1 
 23  -1 263  18  -1  -1  -1  -1  -1  -1  -1  -1 279  -1 232  -1  -1   0 177 100  -1  -1  -1  -1  -1  -1 
 24  -1  -1  81  -1  -1  -1  22 166 145  -1 104 104  14  -1  -1  -1  59 108 129 242  -1 127  -1  -1  -1 
 25  -1  -1  -1 158  -1  -1 293 253  -1  -1  -1  -1 280 280  -1 261 126  -1  -1  -1  -1 240  -1  -1  -1 
 26  -1  41  -1  -1  -1  -1 211  58  79  -1  -1  -1  -1  -1  -1  -1 121 223  -1  -1  -1  -1  77  16  16 
 27  -1 209  -1 154  -1  -1 199  -1 258 111  -1  -1  -1  -1  -1  -1 190  -1  -1  -1  -1  -1  -1  -1  -1 
 28  -1  -1  -1  -1  -1  -1 276 305 167  -1  -1  -1  -1  -1  -1  -1  -1 160  -1  -1  67  84  -1  -1  -1 
 29  -1  32  -1 217  -1  -1  -1  -1  -1  -1  -1  -1 255  70  -1  45  -1  -1  -1  -1  -1  -1  -1 256  -1 
 30   4   4  -1  24  -1  -1  -1  -1  17  17  -1  -1  30  -1  -1  -1  -1  19  19  19  -1  -1  -1   2   2 
 31  -1  -1  -1  -1  -1  -1  -1  -1  -1  -1  -1  -1  -1  -1  -1  -1  -1  -1  -1  -1  31  31  31  -1  -1 
 32  46  46  61  61  -1  -1  -1  -1  68  -1  -1  -1  48  48  -1  -1  -1  74  -1  -1  -1  63  63  63  -1 
 33  -1  -1  75  75  75  -1  -1  -1  -1  -1  -1  -1  -1  -1  -1  -1  -1  -1  -1  -1  -1  -1  -1  -1  -1 
 34  92  92 105 105  -1  -1 112  -1  -1  -1  -1  90  90 118  -1  -1  -1  -1  -1  -1 107 107 107  -1  -1 
 35  -1  -1 119 119 119  -1  -1  -1  -1  -1  -1  -1  -1  -1  -1  -1  -1  -1  -1  -1  -1  -1  -1  -1  -1 
 36  -1  -1  -1  -1  -1  -1 136 136  -1  -1 134 134  -1  -1  -1 149 149  -1 156  -1  -1 162 151 151 151 
 37  -1  -1  -1  -1  -1  -1  -1  -1  -1  -1  -1  -1 163 163 163  -1  -1  -1  -1  -1  -1  -1  -1  -1  -1 
 38 178 178 200  -1  -1  -1  -1 180 180  -1 193 193  -1  -1  -1  -1  -1  -1  -1  -1  -1 206 195 195 195 
 39  -1  -1  -1  -1  -1  -1  -1  -1  -1  -1  -1 207 207 207  -1  -1  -1  -1  -1  -1  -1  -1  -1  -1  -1 
 40  -1 239 239 239  -1 237 237 224 224  -1  -1 222 222 250  -1  -1  -1 244  -1  -1  -1  -1  -1  -1  -1 
 41  -1  -1  -1  -1  -1  -1  -1  -1  -1  -1  -1  -1  -1  -1  -1  -1  -1  -1  -1  -1 251 251 251  -1  -1 
 42  -1 294 283 283 283  -1 268 268  -1  -1  -1 266 266  -1  -1  -1  -1  -1 288  -1  -1  -1  -1 281 281 
 43  -1  -1  -1  -1  -1  -1  -1  -1  -1  -1  -1  -1  -1  -1  -1  -1  -1  -1  -1  -1  -1  -1 295 295 295 
 44 228  -1  -1 308  -1  -1  -1  -1  -1  -1  -1 184  -1  -1 315 138  -1  54 186 311  -1  -1  -1  -1  -1 
 45  -1  -1  -1  -1  -1 309  -1  -1  -1  -1  -1  -1  -1  -1  -1  -1  -1  -1 275  -1  -1  -1  -1  -1  -1 
 46  -1  -1  -1  -1  -1  -1  -1  -1  -1  -1   9  -1  -1  -1  -1 185  -1  -1 137  -1  -1  -1 313  96  -1 
 47  -1  -1  -1  -1 241  -1  -1  -1  52  -1  -1  -1  10  -1  -1  -1 230  -1  51  -1 312 187  -1 142  95 
 48  -1  -1  -1  21 316  -1  -1  -1  -1  -1 225  -1  -1  -1  -1  -1  -1  -1  -1  -1  -1  -1  -1  -1  -1 
 49  -1  -1  -1  -1  -1  -1  -1   5   7  -1  -1  -1  -1 227  -1   8 269  -1   6  -1  -1  53  -1 226  -1 
 50  -1  -1 314  -1  -1  -1  98  -1 141  -1  50  -1  -1 140  -1  97  94  -1  -1  -1  -1 270  -1  -1  -1 
 51  -1 272  -1  -1  -1 109  -1  -1  -1  -1 274  -1  -1 181 197  -1  -1  93 229  -1  -1  -1  -1  -1  -1 
 52  -1  -1 153  -1  -1  -1  -1  49 273 285 183  -1  -1  -1  -1 271  55 143  -1  -1  -1  11  -1  -1  -1 
 53  -1  -1  -1  -1  -1  -1 231  -1  -1 310  -1  -1  -1  -1  -1  -1 139  -1  99  65  -1  -1  -1 182  -1 

r\t   0   1   2   3   4   5   6   7   8   9  10  11  12  13  14  15  16  17  18  19  20  21  22  23  24 
  0 194  -1  -1  -1  -1  -1 249 246  -1  85  -1 161  -1  -1  -1  -1  -1  -1  -1  -1  -1  -1 238  -1  -1 
  1  -1  -1 126 166  -1 221  -1  79  -1  -1  -1  -1  -1 128  22  -1 144  47  -1  -1  -1  -1 254  -1  -1 
  2 155  -1  -1  -1  -1  -1 108  -1  -1  -1 213  15  -1  -1  -1  -1  -1  -1  -1  -1  -1  -1  -1  -1  -1 
  3  -1  -1  41 262  -1  -1  -1  -1  -1  -1  81  -1  -1  -1  -1  -1  -1 248  -1  -1  -1  -1 115 173  -1 
  4  -1 223 190  -1  -1  -1  -1  -1  -1  -1  -1  -1  -1  -1 257  -1  -1  -1  -1  -1 106  -1  -1 130  -1 
  5  -1   0  60  60  -1  -1  -1  -1  87  -1  -1 217  -1  27  -1  -1  -1  -1  -1  -1  -1  -1  59  12  -1 
  6  -1 188  -1  43  -1  -1  -1  -1 150  -1  -1 276  -1  -1  -1  -1  -1  -1  -1  -1  -1  -1  -1  -1  -1 
  7  -1 133 122  -1  -1  -1  -1 154  -1  -1  -1  80  -1 286  -1  -1  37 171  -1  -1  -1  -1  -1  -1  -1 
  8  -1  -1  -1  -1  -1  -1  72 279  -1  -1  -1  -1  -1  -1  -1  -1  -1  -1  -1  -1  -1  64  -1 259  -1 
  9  -1 211  -1  -1  -1 179 174  -1  -1  -1  -1 264  -1  -1  -1  -1 196  -1  -1  -1  -1 100  -1 236 236 
 10  -1  -1  -1  -1  -1  -1  -1  -1 289  -1  -1  84 102  -1  -1  -1  -1  -1  -1  -1  -1  28 148 148  -1 
 11  -1  -1 299  -1  -1  -1 145 192 192  -1  -1  -1  -1  -1  -1  -1  -1  -1 253  -1  -1  -1 157  -1  -1 
 12  -1 215  20  -1  -1  -1  -1 116  -1  -1  -1  -1  44 261  -1  -1 164 172 159  -1  -1  -1  -1 114  -1 
 13  -1  88  -1  -1 125  -1  -1  -1 256  -1  -1  -1  -1  -1  -1  -1 232  -1  -1  -1  -1 267  -1 189  -1 
 14  -1  -1  -1 280 280  -1  -1  -1 284  -1  -1 135 208  23  -1  -1  -1  -1  -1  -1  -1  -1  -1  -1  -1 
 15  -1  -1 220 233  -1  -1  -1  -1 110 176  -1 258  -1 247 301  -1  -1 117  -1  -1  -1 219  -1  -1  -1 
 16  -1  -1 235 252  -1  -1  -1  -1  -1  -1  -1  -1 278  -1  -1  -1  -1 158  -1  -1  -1 167  -1  -1  -1 
 17 282  -1  -1  71  -1  -1  18  62 243 303  -1  -1  76  -1 307  -1 245 291 260  -1  -1 146  -1  -1  -1 
 18  -1 305 255  -1  86  -1 191  14  -1  -1  -1 103  -1  -1  -1  -1  -1 104 104  66  -1  -1  -1  -1  -1 
 19  -1  -1  -1  -1  -1  -1  32  -1  -1  -1  -1 240   1  -1  -1  -1  -1 304  -1  -1  -1  -1  -1  56  -1 
 20  -1  77  -1  -1 218  -1  -1  -1  -1  -1 127  -1  -1 111  -1  -1  -1  40 306  -1  -1  -1  -1  -1  -1 
 21  -1  57  -1 292  -1  -1 234  -1  67  91  -1  -1  -1 203  -1 177  -1 131  -1  -1  -1  -1  -1  26  -1 
 22  -1  -1  -1  -1  -1  -1 204  -1  -1  -1  -1  33 298  36  -1  -1 124  -1 297  -1  -1  -1  -1  -1  -1 
 23  -1 168  78  -1  -1  -1  -1  -1  -1  -1  -1  -1  -1  -1  -1  -1  58  -1  -1  -1  -1  -1  -1 214 132 
 24 216  -1  -1 152  -1  -1  89  -1  -1  -1  -1 120  -1  70  -1  -1  -1  34  45  -1  -1  -1 202 290 263 
 25  -1 101 205  -1  -1  -1  38  25  -1  -1  -1  -1  -1 113  -1  -1  69  -1  -1  -1  -1 300  -1 212  -1 
 26  -1  -1  -1 210 129 198 277 209  -1  -1  -1  -1 302  -1  -1  -1  -1  -1  -1  -1  -1  -1  -1  -1  -1 
 27  -1 296  -1  -1  -1 169   3  -1 123  -1  -1  -1  -1  -1  -1  -1 293  -1  35  -1  -1 201  -1  -1  -1 
 28  -1  -1  -1  -1  82  -1  -1 165 160  -1  -1 175  -1 170  -1  -1  29  -1  -1  -1  83 287 199  73  -1 
 29  -1 121 147  39  42  -1  -1 242  -1  -1  -1  -1  -1  -1  -1  -1  13  16  16  -1  -1  -1  -1  -1 265 
 30  -1  30  -1  17  17  -1  -1  -1  24  -1  -1  -1  -1  -1  -1  -1   4   4  -1  -1  19  19  19   2   2 
 31  -1  -1  31  31  31  -1  -1  -1  -1  -1  -1  -1  -1  -1  -1  -1  -1  -1  -1  -1  -1  -1  -1  -1  -1 
 32  -1  48  48  -1  -1  61  61  -1  68  -1  -1  63  63  63  -1  46  46  74  -1  -1  -1  -1  -1  -1  -1 
 33  -1  -1  -1  -1  -1  -1  -1  -1  -1  -1  -1  -1  -1  -1  -1  -1  -1  -1  -1  -1  75  75  75  -1  -1 
 34  -1  -1  -1 105 105  -1  -1  -1  -1  -1  -1  90  90  -1  -1  -1  92  92 112  -1  -1 118 107 107 107 
 35  -1  -1 119 119 119  -1  -1  -1  -1  -1  -1  -1  -1  -1  -1  -1  -1  -1  -1  -1  -1  -1  -1  -1  -1 
 36  -1  -1 134 134  -1  -1 162  -1  -1  -1  -1  -1  -1 149 149 136 136 151 151 151  -1  -1  -1 156  -1 
 37  -1  -1  -1  -1  -1  -1  -1  -1  -1  -1  -1  -1 163 163 163  -1  -1  -1  -1  -1  -1  -1  -1  -1  -1 
 38  -1 180 180 178 178  -1  -1  -1 200  -1  -1 206 195 195 195  -1  -1  -1 193 193  -1  -1  -1  -1  -1 
 39  -1  -1  -1  -1  -1  -1  -1  -1  -1  -1  -1  -1  -1  -1  -1  -1 207 207 207  -1  -1  -1  -1  -1  -1 
 40  -1  -1  -1 222 222  -1  -1  -1  -1  -1  -1  -1 237 237  -1 224 224 239 239 239  -1 250  -1 244  -1 
 41  -1  -1  -1  -1  -1  -1  -1  -1  -1  -1 251 251 251  -1  -1  -1  -1  -1  -1  -1  -1  -1  -1  -1  -1 
 42  -1  -1 268 268  -1 266 266  -1  -1  -1  -1 288  -1 294  -1  -1 283 283 283  -1  -1  -1 281 281  -1 
 43  -1  -1  -1  -1  -1  -1  -1 295 295 295  -1  -1  -1  -1  -1  -1  -1  -1  -1  -1  -1  -1  -1  -1  -1 
 44  -1  -1   5  -1  -1  -1  -1 311  -1  -1  -1   8  -1  -1 312  -1  -1  -1 270  -1  -1 142  -1  -1  -1 
 45  -1  -1  -1  53  -1 138 137 109  -1  -1  -1  -1  -1  -1  -1  95  -1  -1  -1  -1  -1 186  -1  52  -1 
 46 310 241  -1  -1  49  99  -1  -1  -1  54 316 153 187  -1  -1  -1  -1  -1 184  -1  -1  -1 308  96  -1 
 47  -1 274  -1  -1  -1  -1  -1  -1  21  -1  -1  -1  -1  -1 285 269  -1  -1  93 315 309  -1  -1 181  -1 
 48  -1  -1  -1  -1  -1  -1 182  -1  -1  -1  -1  -1 273 313  -1  -1  -1  -1  -1  -1  -1  -1  -1  -1  50 
 49  -1  -1  97  -1  -1  -1  -1  -1  -1  -1  -1  -1  -1  -1  -1  -1  -1  -1  10  -1  -1  -1  -1  -1  -1 
 50  -1  -1  -1  -1  -1  -1  51  -1  -1 229  -1  -1  -1  -1  -1  -1 272  -1  -1  -1  -1   6  -1 230 228 
 51  -1  -1  -1  -1 140  -1  -1  -1 314   7  -1 183 141  -1  -1   9  -1  -1  -1  -1  -1  98  -1 275 185 
 52  -1  -1  -1  -1  -1  55  -1  -1  -1 143  -1 225 231  -1  -1  -1  -1  65  -1  -1 197 227  -1 139  -1 
 53  -1  -1  -1  94 271  11 226  -1  -1  -1  -1  -1  -1  -1  -1  -1  -1  -1  -1  -1  -1  -1  -1  -1  -1 

r\t   0   1   2   3   4   5   6   7   8   9  10  11  12  13  14  15  16  17  18  19  20  21  22  23  24 
  0  -1  -1  -1 261  -1  -1  -1 104 104  -1  -1 113  -1  -1 257 173 126  -1  -1 176  -1  -1  -1 292  -1 
  1  -1 191  -1  -1  -1  -1  -1  -1  -1  -1  -1 246  -1  -1  -1  -1  -1  -1  -1  -1  -1  32  -1 146  -1 
  2  -1  -1 307  -1  67  -1  -1  -1  -1  -1  -1  -1 196 160 304  -1  -1 248  29  -1  -1 202  -1  -1  -1 
  3 220  -1  -1  -1  -1  -1 166  -1  -1  -1  -1  -1  -1  -1 199  -1  -1  -1  -1  -1  -1  -1 154  -1  -1 
  4  -1 205  -1  -1  -1  -1  13  -1  -1  -1  -1  -1  -1 242 263  -1 103  -1  -1  -1  -1 117  -1  -1  -1 
  5  -1  -1 201 128  -1  -1  -1  26  -1  -1  -1  -1  -1  -1  -1  -1  -1  -1  -1  -1  -1 188  -1  -1  -1 
  6  -1  -1  -1  -1  -1  -1 232  69 164  -1  -1  -1  -1  -1  -1  -1  37 122 129  45  -1  23  -1  -1  -1 
  7  -1  -1  -1  -1  -1  -1 265  -1  -1  -1 190  -1  -1  -1  -1  -1  -1  -1  58  -1  -1  -1  -1  -1  -1 
  8  -1 297  -1  -1  -1  -1  -1  -1  -1  -1  -1  -1  -1 120  -1  -1 289  -1  -1  -1  -1  -1  -1  57  -1 
  9  -1  87 189 306  -1  -1 177  59  79  -1  83  76  -1  -1  -1  -1  -1  80  -1  -1  -1  -1  34  77  -1 
 10  -1  -1  -1 125  -1  -1  47 144 290  -1  41 234  -1  -1  -1  -1  -1 211 208  -1  -1 133  84  -1  -1 
 11  -1  -1  -1  -1  -1  -1  -1 300  -1  -1  -1  -1  -1  22  -1  -1  -1 152  70  -1  -1  -1  -1  -1  -1 
 12  -1 264  -1  -1  -1 286  36 209  -1  -1  -1  -1  35  -1  42 259 279  -1 161  -1  -1  -1  -1  -1  -1 
 13 132 240  -1  -1  -1  -1  73 123 147  -1  -1 100  -1  -1  -1  -1  -1  -1  -1  -1  -1  -1  -1  -1  -1 
 14 280 280  -1  -1  -1  -1  -1 159  -1  -1  -1  -1 254  -1  -1  -1  -1  66  -1  -1  -1  72  -1 158  -1 
 15  -1  -1 284  -1  43  -1  -1  -1  -1  -1  -1  -1 175  28  -1  -1  -1  -1  -1  -1  -1  81  -1  -1  -1 
 16  -1 258  -1 287  -1  -1  62  -1  -1  -1  -1  -1  -1 249  -1  -1  -1  -1  -1  -1  -1 299  -1  -1  -1 
 17  -1  -1 291  -1  -1  -1 121 198 277  -1 171 282 276  -1  -1  -1  -1  -1 102  -1 155  -1  -1  -1  -1 
 18  -1  78  -1  -1  -1  -1  -1  -1  56  -1  -1  -1  85  -1  -1  -1  -1  -1  -1  -1  -1  -1  -1  -1  -1 
 19 130  -1  -1  -1  -1  -1  -1  -1  -1  -1  -1  -1  -1 298  -1 236 236  -1  -1  -1  -1 255 174  -1  -1 
 20  -1 256  44  -1 106 221  -1 179 219 262  -1  27 110 101  -1  -1  -1 210 247  -1  -1  -1 111  89  -1 
 21  -1  -1  -1 194  -1  -1  33  -1  -1  -1  -1 260  -1  -1  -1  -1  -1  -1  -1  -1  -1  -1  -1  -1  -1 
 22  -1  -1  -1  -1  -1  -1  -1  -1 116  -1  -1 217  -1  -1  -1  -1  -1  -1 302  -1  -1 168  -1   0  -1 
 23  -1 135  60  60  -1  -1 212  14 169  -1  -1  12  -1  -1  -1  -1  25  -1  -1  -1  -1  -1 303  -1  -1 
 24  -1 167  -1 213  -1  -1  -1 170  -1  -1 223  -1  -1  -1 301  -1 204  -1 305  -1  -1 233 296 203  -1 
 25  -1  88 157  -1  -1  -1  -1 278 245  -1  -1  38 243  -1  -1  -1  -1 214 148 148 216 218  71  40  -1 
 26  -1 115 114 172  -1  -1 127  -1 192 192  -1 165  -1 215  -1  -1  39  -1  -1  -1  -1  -1  -1 124  91 
 27  -1  15  -1 293  -1  -1  -1  -1  20 131  -1 267  -1  -1  -1  -1  -1 238  -1  -1  -1  -1  18 252  -1 
 28  82 150  -1  -1  -1  -1  -1 253   1  -1  -1  64  -1  -1  -1  -1  -1  -1  -1  -1  -1  -1  -1  16  16 
 29  -1  86 145  -1  -1  -1  -1  -1  -1  -1  -1  -1  -1  -1  -1  -1  -1 108  -1  -1  -1   3  -1 235  -1 
 30  -1  30  17  17  -1   2   2  -1  -1  -1  -1  -1  -1  -1  -1  19  19  19   4   4  -1  -1  -1  24  -1 
 31  -1  -1  31  31  31  -1  -1  -1  -1  -1  -1  -1  -1  -1  -1  -1  -1  -1  -1  -1  -1  -1  -1  -1  -1 
 32  -1  -1  74  -1  -1  -1  -1  -1  46  46  48  48  61  61  -1  -1  68  -1  -1  -1  63  63  63  -1  -1 
 33  -1  -1  -1  -1  -1  -1  -1  -1  -1  -1  -1  -1  75  75  75  -1  -1  -1  -1  -1  -1  -1  -1  -1  -1 
 34 107 107 107 118  -1  92  92  -1  -1  -1  -1  -1  -1  -1  -1  -1  -1  -1  90  90 105 105 112  -1  -1 
 35  -1  -1  -1  -1  -1  -1  -1  -1  -1  -1  -1  -1  -1  -1  -1 119 119 119  -1  -1  -1  -1  -1  -1  -1 
 36  -1  -1  -1 156  -1 149 149  -1 136 136  -1 162 151 151 151  -1  -1  -1  -1  -1  -1  -1  -1 134 134 
 37  -1  -1  -1  -1  -1  -1  -1  -1  -1  -1  -1  -1  -1  -1  -1 163 163 163  -1  -1  -1  -1  -1  -1  -1 
 38  -1 178 178 206  -1  -1  -1  -1 200  -1  -1  -1  -1  -1  -1  -1  -1 193 193  -1 180 180 195 195 195 
 39  -1  -1  -1  -1  -1  -1  -1  -1  -1  -1  -1 207 207 207  -1  -1  -1  -1  -1  -1  -1  -1  -1  -1  -1 
 40  -1  -1  -1 237 237  -1 250 239 239 239  -1  -1  -1  -1  -1  -1 244  -1  -1  -1 222 222  -1 224 224 
 41  -1  -1 251 251 251  -1  -1  -1  -1  -1  -1  -1  -1  -1  -1  -1  -1  -1  -1  -1  -1  -1  -1  -1  -1 
 42  -1  -1  -1  -1  -1  -1  -1 268 268  -1  -1 294 288  -1  -1  -1  -1 281 281  -1 266 266 283 283 283 
 43  -1  -1  -1  -1  -1  -1  -1  -1  -1  -1  -1  -1  -1  -1  -1  -1 295 295 295  -1  -1  -1  -1  -1  -1 
 44  -1  10 228 308  -1  -1  -1  -1 183  97  -1 225  -1  -1  -1 309 197  -1 270 275  -1  -1  -1  -1  -1 
 45  -1  -1  -1  -1  -1  -1  -1 138  -1 186  95  -1 313  -1  -1  -1  -1  -1  -1  -1  -1  94  -1  -1  -1 
 46  -1  -1  -1 153  -1  -1 137  -1  -1 271  -1  -1  -1  -1  -1  -1  -1 314  -1  -1  -1  -1  -1  -1  -1 
 47  -1  53  -1  -1  -1  -1  -1  11  -1  -1 269 184  -1 312  -1  -1 311  -1  50  -1  -1  -1  -1 272  49 
 48 274  -1  -1  -1  -1  -1  -1  -1  -1  -1 187  -1  -1  -1  -1  -1  65  -1 182 140  -1  -1  -1  52  -1 
 49   5  -1  -1  -1  -1  -1  -1  -1  -1  -1 143   6  -1 285  -1  -1  -1  -1  -1  -1  99  -1  -1  -1  -1 
 50  -1  -1 141  -1  -1  -1  -1 231  93  -1  -1  -1  21  -1  -1  -1  -1  -1  -1 229  -1  -1  -1  -1  -1 
 51 181  -1  -1 109  -1  54  -1  51  -1  -1  -1  -1  -1  -1  -1  -1  -1  -1 142  -1  -1  -1 315  -1  -1 
 52  -1 227 273  -1  -1  -1  -1  98  -1  -1  -1  96  -1  -1  -1  -1  -1  -1 230  -1   9  -1 241  -1   7 
 53  55  -1  -1  -1 310 185 226  -1  -1  -1   8 139  -1  -1 316  -1  -1  -1  -1  -1  -1  -1  -1  -1  -1 

r\t   0   1   2   3   4   5   6   7   8   9  10  11  12  13  14  15  16  17  18  19  20  21  22  23  24 
  0  -1  -1  72  -1  -1  -1  -1  -1 247  -1 220  -1 292  -1  -1  -1  -1  -1  -1  -1  -1  -1 236 236  -1 
  1  -1  -1  -1  14  -1  -1 264  44  -1  -1  -1  -1  -1  -1  -1  -1  -1  -1  -1 176  -1 276 192 192  -1 
  2  -1  -1 307  -1  -1  -1 209  -1  -1  -1 129  43  -1  -1  -1  -1 101  -1  -1  -1  -1 205 123  -1  -1 
  3  -1  79  -1   0  -1  -1  -1  -1  -1  -1  -1  -1  -1  -1  -1 177  -1 164  -1  -1  -1 116  -1  -1  -1 
  4  -1 290 154  -1  -1  -1  -1  -1 155  -1  -1  -1  -1  -1  -1  -1  -1  -1  -1  -1  -1  -1  -1  -1  -1 
  5  -1  -1  34  -1  -1  -1  45  -1  -1  -1  -1  -1  -1  -1  -1  -1 179  -1 158  -1  -1  33  -1  -1  -1 
  6  -1  -1  -1 306  -1 169 147  -1 302  -1  -1 120  -1  -1  -1  -1  -1  -1  26  -1  -1  -1 166  -1   1 
  7  -1  -1  -1 208  -1  -1  -1 246  -1  -1  -1  -1 104 104  -1 259 121  -1  -1  -1  -1 214  -1 293 301 
  8  -1  -1 261  -1  -1  66 277  -1 298  -1  -1 171  -1  78  -1  -1 289  -1  77  -1 286  -1  -1 108  -1 
  9  -1  -1  -1 117  -1  -1  -1 282  -1  -1  -1  -1  -1  -1  41 132  -1  81  -1  -1  -1  73  -1  -1  -1 
 10  -1  -1 110 252  -1 305  -1 267  -1  -1  -1  -1  32 255  -1  -1  -1 122  -1  -1  -1  -1  36  -1  -1 
 11  -1  -1  -1  -1  -1  -1  -1 260  -1  -1  -1 243 190 296  -1  -1  85  28  -1  -1  -1  -1  -1  -1  -1 
 12 174 249  -1  -1  -1  -1  -1 124  -1  -1  -1  -1  -1 113  -1  -1  -1  -1  -1  -1  -1 303  15  -1  -1 
 13  -1  -1  67  -1  -1  -1  -1  -1  -1  -1  -1  -1 145 210  -1  -1  -1  -1  -1  -1  22  -1  -1  -1  -1 
 14  -1  -1  -1  -1  -1  -1  -1  -1  80  -1  -1  57  -1  58  -1  -1 198 131  -1 263  -1 232  -1  -1  -1 
 15  -1  -1  -1  -1  -1  -1 235  -1 213  -1  -1  -1 165  -1  -1  -1  83  -1  -1  -1  -1  -1  -1  89  -1 
 16  -1  62  -1 100  -1  -1 191  -1  -1  -1 218  -1 217  -1  -1  -1  -1  -1  -1  -1  -1 103 291  -1  -1 
 17  -1  -1  18  -1  -1 106  -1  -1  -1 130  -1 299  -1 160  -1  -1  64  -1  -1  -1  -1 262  -1 167  -1 
 18  -1  -1  -1  -1  37  -1  -1 234  -1  -1  -1  -1  16  16 287  -1  -1  -1 199  -1  -1  -1  -1  -1  -1 
 19  -1  -1  -1  -1 265  -1 248  -1 258  -1  -1 188  -1  -1  -1  -1  -1 125  -1  -1  -1  47 102 245  -1 
 20  -1  -1  -1  -1  -1  -1  -1  -1  -1  -1  -1  -1  -1 146  -1  -1  -1  -1  -1  -1  -1 304  -1 284  -1 
 21  -1  -1  -1  -1 126 215  -1  -1 161  -1  -1  12 280 280  -1  -1 159  76  -1  -1  -1  -1 253 201  -1 
 22  -1  29  -1  56  -1  -1  -1 152  38  -1  -1  -1  59 211  -1  -1  -1 202  -1  -1  -1 189  27  -1  -1 
 23  -1 257  -1  -1  -1  -1  20  69 115  -1  -1 223  -1  25  -1  -1 240  -1  -1  -1  -1 297  -1 172  -1 
 24  -1  -1 212  -1  -1  -1  39  -1  -1  -1  -1  -1 254  -1 219  -1  71  -1  -1  -1  -1  -1  -1  -1  -1 
 25  -1 111 256  35  82  -1  -1  -1 242 128  -1  -1  -1 233 238  -1  -1  -1  -1  -1  -1   3  -1  -1  -1 
 26  -1  -1  -1 144  -1  -1  -1  -1 278  -1  -1  -1  -1  40  -1  -1 203  -1  -1  -1  -1 170 148 148  -1 
 27  -1  -1 175  -1 133  -1  70  60  60 127  -1  -1  42  -1 216  -1  -1 194  -1  -1  87  23 173  13 221 
 28  -1  -1  -1  -1  -1  -1  -1  -1  -1  -1  -1  -1  -1 196  -1  -1 279  -1  -1  -1  -1  -1  88  -1  -1 
 29  84 204 300 168  -1  -1 114  -1  -1  91  86  -1 135  -1 150  -1  -1  -1  -1  -1  -1 157  -1  -1  -1 
 30  -1  -1  -1  -1  -1  -1  30  17  17  -1  -1  24   4   4  -1  -1  19  19  19  -1  -1  -1   2   2  -1 
 31  -1  -1  -1  -1  -1  -1  -1  31  31  31  -1  -1  -1  -1  -1  -1  -1  -1  -1  -1  -1  -1  -1  -1  -1 
 32  -1  68  -1  -1  -1  -1  -1  -1  -1  -1  -1  74  46  46  -1  48  48  63  63  63  -1  -1  61  61  -1 
 33  -1  -1  -1  -1  -1  -1  -1  -1  -1  -1  -1  -1  -1  -1  -1  -1  -1  -1  -1  -1  -1  -1  75  75  75 
 34  -1 112 118  92  92  -1 107 107 107  -1  -1  90  90  -1  -1  -1  -1 105 105  -1  -1  -1  -1  -1  -1 
 35  -1  -1  -1  -1  -1  -1  -1  -1  -1  -1  -1  -1  -1  -1  -1  -1  -1 119 119 119  -1  -1  -1  -1  -1 
 36  -1 156  -1  -1  -1  -1  -1  -1  -1  -1 136 136 162  -1  -1  -1  -1 151 151 151 149 149  -1 134 134 
 37  -1  -1  -1  -1  -1 163 163 163  -1  -1  -1  -1  -1  -1  -1  -1  -1  -1  -1  -1  -1  -1  -1  -1  -1 
 38 195 195 195 180 180  -1  -1  -1 193 193  -1 200  -1  -1  -1  -1  -1  -1  -1  -1  -1  -1 206 178 178 
 39  -1  -1  -1  -1  -1  -1  -1 207 207 207  -1  -1  -1  -1  -1  -1  -1  -1  -1  -1  -1  -1  -1  -1  -1 
 40  -1 239 239 239  -1  -1 224 224  -1  -1  -1 244  -1  -1  -1  -1  -1 237 237  -1  -1 250 222 222  -1 
 41  -1  -1  -1  -1  -1  -1  -1  -1  -1  -1  -1  -1  -1  -1  -1  -1 251 251 251  -1  -1  -1  -1  -1  -1 
 42 283 283 283  -1  -1  -1 294 288  -1  -1  -1  -1 266 266  -1  -1  -1 281 281  -1  -1  -1  -1 268 268 
 43  -1  -1  -1  -1  -1  -1  -1  -1  -1  -1  -1  -1  -1  -1  -1  -1 295 295 295  -1  -1  -1  -1  -1  -1 
 44  -1  -1  -1  -1  -1  -1  -1   6 309  -1  -1  11 226 229  -1  -1  -1  -1  -1  -1  -1  -1  -1  -1  -1 
 45  -1  -1 311  -1  -1  -1 182 142  -1 275  -1  -1  -1 183 312  -1  -1 313  -1 227  -1 272  53  -1  -1 
 46  -1  -1  -1  -1   5  -1  -1  -1  -1  50  54  -1  -1  -1  -1  -1  -1  -1 314  -1  -1 185  -1  -1  -1 
 47  -1  -1  -1 137  -1  -1  -1  -1  -1  -1  -1 274  -1  -1  -1  -1  -1  -1  -1  -1  -1 225 285  -1  -1 
 48  -1  -1  -1  -1  55  -1  98  -1  -1 140 271  -1  -1  -1  -1  10  -1  -1  -1   8  -1  94  -1  -1  -1 
 49  -1  21  -1 270 230  -1  -1  -1  -1  -1  -1 181  -1  -1  -1  -1  -1  -1  -1  -1  -1  -1 139  -1  -1 
 50 241 153  -1  -1  -1  -1   7  -1  -1 109  97  52  -1 138  -1 231  96  -1  -1  -1  -1  -1  -1  -1  -1 
 51  -1  -1  -1  51  -1  -1  -1  -1  -1 228  -1  -1 184  93  -1  95  -1  -1  -1  -1 315  -1  -1  49  -1 
 52  -1  -1  -1  -1  -1 316  -1  -1  -1  -1 186  -1  -1  -1  -1  -1 141  -1  -1  -1  -1 143 187  -1  99 
 53 310 308  -1  -1  -1 197  -1  -1  -1  -1   9  -1  -1  -1  -1 269  -1  -1  -1 273  -1  65  -1  -1  -1 

r\t   0   1   2   3   4   5   6   7   8   9  10  11  12  13  14  15  16  17  18  19  20  21  22  23  24 
  0  -1  -1  -1  -1  -1  -1 147  -1  -1  -1  -1  -1  72  -1  -1  -1 223  -1 300 304  -1  -1  -1 278  -1 
  1  -1 235  -1  69  -1 192 192  -1  -1  -1  -1  -1 179  -1 215  -1  -1  -1  -1  -1  -1 282  -1  -1  -1 
  2  -1 117  -1 196 176  -1  -1  -1  -1  -1  -1  -1  -1 213  -1  -1 129  -1 261  87  -1  -1  64  -1  -1 
  3  -1  -1  -1  -1  -1  -1  -1  -1  -1  -1  -1  -1 123 121  -1  -1  -1  -1 100  -1  -1 159  -1  -1  -1 
  4  -1  -1  -1 258  -1  -1  -1  -1  -1  -1  -1  -1  -1  -1  -1  -1  -1  -1  -1 125  -1 191  -1  -1 221 
  5  -1  34  35  -1  83  -1 161  42  -1  -1  -1  -1 265 135  -1  -1  -1  -1  88  -1  -1  -1  -1  -1  -1 
  6  -1  -1  -1 297  -1  -1 122  -1  -1  -1  -1 150  -1  77  -1  -1 208 115  58  -1  -1  -1  -1  59  -1 
  7  -1  -1 148 148  -1  39  -1  -1  -1  -1  -1  -1  36  -1  -1  -1  -1 164 204  -1  -1  -1  -1  -1  -1 
  8  -1  -1  -1  -1  -1  -1  -1  -1  -1 263  -1  -1  85  -1  -1 217  -1  -1  -1  -1  -1  86 155  -1  -1 
  9  -1  12  16  16  -1  -1  -1  -1 199  -1  -1  -1 160 276 262  -1  -1 240  -1  -1  82  -1 287  -1  -1 
 10  -1  -1  -1 124  -1  -1  -1  32  -1  -1 127 116 145 189 171  -1 293  -1  -1  -1  -1  -1  -1 246  -1 
 11  -1  -1  -1  -1  -1  -1  47  -1  -1  -1  -1  67  -1  -1 132  -1 126  80  -1  -1  18  -1  -1  -1  -1 
 12  37 202 234 157  -1  -1  -1  14  -1 198  -1  -1  -1  -1  -1  -1   3  -1  -1  -1  -1  28 120  -1  -1 
 13  -1 146  -1  89  -1  -1  -1  -1 303  -1  -1  -1 284  -1  -1  -1  -1  91  -1 106  -1  66  -1  -1  -1 
 14  -1 277 102  -1  -1  -1  78  40  -1  -1  -1  -1  -1 211  -1  -1  -1 165  -1  -1  -1  -1  -1  -1  -1 
 15  -1 170  -1  -1  -1  -1 306   0  -1  -1  -1  -1  -1  20  -1  -1 242  -1  -1  -1  -1  73  -1  -1  -1 
 16  -1  -1 291  -1  -1  -1  -1  -1 238  -1  -1  -1  -1  -1  -1  -1  -1  -1 253  -1  -1 218  -1  -1 301 
 17  -1  -1  79 260  -1  -1  -1  -1 255  -1  -1  27  -1 290  -1  -1  -1  -1 144  -1  -1  -1 247  -1  -1 
 18  -1 101  -1 108  -1  -1  -1  41  -1  -1  -1  -1  -1  -1  -1  -1  -1  -1  -1  -1  -1  -1  -1  -1 307 
 19  -1  56  -1 177  -1  -1 214  -1  -1  -1  -1  -1  -1  -1  -1  -1  76  15 128  -1  -1  -1  -1  -1  -1 
 20  -1  -1  60  60 130  -1  13  -1  -1  -1  -1  -1  -1 168 173  -1  23  -1 232  -1  -1 292  -1  -1  -1 
 21  -1 249 203  -1  -1  -1  25 205  -1  -1  -1 243  -1 210  -1  -1 175 111 219  -1  -1  -1  -1  -1  -1 
 22  -1  -1  -1 233  38  -1  -1 252  -1  -1  -1  -1  44  71  -1  -1  -1  -1  -1  -1  -1  -1  -1 133  -1 
 23  -1  -1 188  -1  -1  43 103  45  -1 169  -1 194  -1 104 104  -1  -1 245  -1  -1  -1  -1  -1  26  -1 
 24  -1 257  -1  -1  -1  -1  -1 131  -1  -1  -1 110 216 172  -1  -1  -1  -1  -1  57  -1  -1  -1 299  -1 
 25  84 190 254  29 259  -1  -1  -1  -1  -1  -1 174  -1  -1  -1  -1  -1  -1  -1  -1  -1  -1 158  -1  -1 
 26  -1  -1 280 280  -1 305 289 279  -1  -1  -1 286  -1  -1  -1  -1  -1  -1  -1  81  -1  -1  -1 152  -1 
 27  -1  -1 302 248 220  -1 201  -1 298  -1  -1  -1  -1  -1   1  -1  -1 212  70  -1  -1  -1  -1  -1  -1 
 28  -1  -1 167  -1  -1 236 236  -1  -1  -1  -1  -1  -1  33  -1  -1  -1 264  -1  -1  -1 154 296 209  -1 
 29  -1 166 267  -1  -1  -1  62  -1  -1  -1  -1 256  -1  -1  -1  22 114  -1  -1  -1  -1 113  -1  -1  -1 
 30  -1  -1  -1   4   4  -1  -1  -1  24  -1  17  17   2   2  -1  -1  30  -1  -1  -1  -1  19  19  19  -1 
 31  -1  -1  -1  -1  -1  -1  -1  -1  -1  -1  -1  -1  -1  -1  -1  -1  -1  31  31  31  -1  -1  -1  -1  -1 
 32  48  48  68  46  46  -1  -1  -1  74  -1  -1  -1  61  61  -1  63  63  63  -1  -1  -1  -1  -1  -1  -1 
 33  -1  -1  -1  -1  -1  -1  -1  -1  -1  -1  -1  -1  -1  -1  -1  -1  -1  -1  -1  -1  -1  -1  75  75  75 
 34  -1  -1 112  -1  -1  92  92 105 105  -1  -1  -1  -1  90  90  -1  -1  -1 118  -1  -1 107 107 107  -1 
 35  -1  -1  -1  -1  -1  -1  -1 119 119 119  -1  -1  -1  -1  -1  -1  -1  -1  -1  -1  -1  -1  -1  -1  -1 
 36 136 136 134 134  -1  -1  -1 149 149  -1  -1 156  -1  -1  -1 151 151 151 162  -1  -1  -1  -1  -1  -1 
 37  -1  -1  -1  -1  -1  -1  -1 163 163 163  -1  -1  -1  -1  -1  -1  -1  -1  -1  -1  -1  -1  -1  -1  -1 
 38  -1  -1  -1  -1  -1  -1 178 178 206  -1  -1  -1 200 180 180  -1 195 195 195  -1  -1  -1 193 193  -1 
 39  -1  -1  -1  -1  -1  -1  -1  -1  -1  -1  -1  -1  -1  -1  -1  -1  -1  -1  -1  -1 207 207 207  -1  -1 
 40  -1 222 222  -1  -1  -1 244  -1  -1  -1  -1  -1  -1 237 237  -1 250 224 224  -1  -1 239 239 239  -1 
 41  -1  -1  -1  -1  -1  -1  -1  -1  -1  -1  -1  -1 251 251 251  -1  -1  -1  -1  -1  -1  -1  -1  -1  -1 
 42  -1 294  -1 266 266 281 281  -1  -1  -1  -1 288  -1  -1  -1  -1  -1 283 283 283  -1  -1  -1 268 268 
 43  -1  -1  -1  -1  -1 295 295 295  -1  -1  -1  -1  -1  -1  -1  -1  -1  -1  -1  -1  -1  -1  -1  -1  -1 
 44  -1  -1  -1  -1  -1 228 139  -1  65  -1  -1  -1  -1  -1  -1  -1  96  -1  -1  -1 314  -1  -1  -1  -1 
 45  -1 274  -1 227  -1  -1  -1  -1  -1  -1  -1  -1 230 273  -1  -1  -1  -1  -1  -1  -1  -1  -1  -1  94 
 46 229  -1  95  -1  -1 185  -1  -1 285 316  -1  -1 197  50  -1 312  -1  -1 142  -1  -1  -1  -1  53  -1 
 47  -1 187  -1  -1 138  -1  -1  -1  -1  -1  -1  -1  -1  -1  55  -1 269  52  -1  -1  -1  -1  -1 181 143 
 48  -1  -1  11  -1  99  -1 270 225  -1  -1  -1 309  -1 226  -1  -1  -1  -1  -1  -1 241 313  -1  -1  -1 
 49  -1  -1  54  -1  -1  -1 231  -1 315  -1 310  -1  -1  -1  -1  -1  -1  -1 182  -1 109  -1  -1  -1  -1 
 50   9  -1  -1  -1  -1  -1  -1 272  -1  -1  -1  -1  -1  -1 275  -1 137  -1  -1  -1  -1  -1  -1  -1 183 
 51 271  -1 184  -1  -1   7  -1  -1  21  -1  -1  -1  -1  -1  -1  -1  -1  -1  51 311  -1  -1 308  10  -1 
 52 186   5  -1  -1  -1 140   6  -1  -1  -1  -1  -1  98 153  -1  -1  -1  -1  -1  -1  -1  -1  -1  -1  -1 
 53  97  93  -1  -1  -1  49  -1  -1  -1  -1  -1  -1 141  -1  -1  -1  -1  -1  -1  -1  -1  -1  -1  -1   8 

r\t   0   1   2   3   4   5   6   7   8   9  10  11  12  13  14  15  16  17  18  19  20  21  22  23  24 
  0  -1  12  -1  -1  -1  -1  -1 234  -1  -1  -1  -1  -1  -1  -1  -1  -1  -1 254  -1  -1  -1  -1  -1  -1 
  1  -1 123 167  -1  -1  -1  -1 192 192  -1  -1  -1  -1  -1  -1  -1  -1 233  -1  -1  -1 127  -1  -1  -1 
  2  -1 247 218  -1  -1  -1  -1  -1  -1  -1  -1 291  -1  -1  -1  -1  -1 145 278  81  -1  -1 152  -1  -1 
  3  85 238 208 189  -1  -1  45  -1  -1  -1  -1  -1  -1  -1  -1  -1 298  -1  -1  -1  -1  79  -1  -1  -1 
  4  -1 261  -1 116  -1  -1 290  -1 113  -1  -1 243 293  -1  -1  -1  -1  -1 146  -1  -1  -1  -1  -1 171 
  5  -1 277  16  16 302  -1  15  58  -1  -1  -1  -1  -1  -1  -1  -1  14 267  -1  -1  -1 300  -1  69  -1 
  6  -1  -1 172 144  -1  -1  -1  -1 242  -1  -1  -1  -1  -1  -1  -1  -1  -1  -1  -1  -1  -1 245  -1  -1 
  7  -1  -1  -1  -1  -1  -1 120  -1 210  -1  -1  -1  -1  -1  -1  -1  -1  -1 102  -1 213  -1  -1 117  -1 
  8  -1  -1  56  -1  -1  38  25  -1  32 263 257  -1 173 264  -1  44  -1  -1   1  -1  -1  -1  -1  33  -1 
  9  -1  29 154  34  -1  -1 191 133  -1  -1  -1  20  84 212 262  -1 190  13  -1  -1  -1  -1  -1  -1  -1 
 10  -1 223  88  80  -1  -1  -1  89  78  -1 169  -1  -1 130  -1  -1 248 170  -1  -1  -1  -1  -1  -1  -1 
 11  -1 100 194  -1  -1  -1  -1  -1  -1  -1  -1  -1 122  -1  -1  91  -1  -1 114  -1  -1  -1  -1 284  -1 
 12  -1  -1  -1  -1  -1  -1  -1  -1  -1  -1  39  -1  -1  -1  -1 199  -1 115 303  -1  -1  -1  27  -1  -1 
 13  -1  -1 301  -1  -1  -1  -1  -1  -1  -1  -1  -1  -1  -1  -1  -1  -1  -1  -1  -1  -1 209  -1  -1 125 
 14  -1  42  -1 215  -1  -1  -1  -1  -1 198  -1  -1 164  28  -1  18  73  -1  26  -1  -1  -1  -1  -1  -1 
 15  -1  -1  -1  -1  22  -1  -1  -1  -1  -1  -1  -1  -1  -1  -1  -1 135  -1  -1  -1  -1  -1 279  -1  -1 
 16  -1  59 280 280  -1 221  -1   3 155  -1  -1  -1 240  -1  -1  -1  -1 249  -1  -1  47  -1  -1  -1  -1 
 17  -1  70  76  -1  -1 214  -1  -1  -1  -1  -1  -1  -1 235  -1  -1  64 305  -1 304 265  -1  -1  -1  -1 
 18  -1  -1  -1  -1  -1  -1  -1 252  -1  -1  -1  -1  -1  -1 132  -1  -1 166  -1  -1  -1  -1  -1 217  -1 
 19  37 147 121  57  -1  -1 160  -1  -1  -1  -1  -1  72  -1  83  -1  -1  -1  -1  -1  60  60 128  -1  -1 
 20  -1  -1 179  -1  -1  -1 205  -1  -1  -1  -1  -1  -1  77  -1  82  -1 108  -1  -1  -1  -1  -1  -1  -1 
 21  -1 188  -1 157  -1 148 148  -1 255  -1  -1  -1 103  -1  -1  -1 150  -1  -1  -1  -1 287  -1  36  -1 
 22  -1  -1  -1  -1 220  -1  -1 211 165  -1  -1  41  -1 159  -1 219  -1  -1  -1  -1  -1 161  -1  -1  -1 
 23  -1  -1 246  -1  -1  -1  -1  -1  43  -1  -1 256 201 297  -1  -1 101 177 289  -1  -1 111  -1 126  -1 
 24 307 296  -1 129 258  -1  -1 174  -1  -1 259  -1  -1  -1  -1  86  -1  -1  -1  -1  -1  -1  -1 260  -1 
 25  -1  -1  35 299  -1 176  -1  -1 110  66  -1 158  -1  -1  -1  -1  -1  -1  -1  -1  -1  -1  -1  -1  -1 
 26  -1  -1  -1  -1  -1  -1   0  -1  -1  -1  -1  -1  -1  -1  -1  -1  -1  87  -1  -1  -1  -1  62  -1  -1 
 27  -1  -1  -1 204  -1  -1 232  -1  -1  -1  -1  -1  -1 276  -1 131  -1 282 203  -1  -1  -1  -1  -1  -1 
 28 306  -1 236 236  -1  -1  -1  -1  -1  -1  -1 202 286  71 175  -1  -1 196 168  -1  -1  -1 106  67  -1 
 29  -1  40 292  -1  -1 104 104  -1  23  -1  -1 216  -1  -1  -1  -1  -1  -1  -1  -1  -1 124  -1 253  -1 
 30   2   2   4   4  -1  -1  -1  24  -1  -1  -1  -1  17  17  -1  -1  -1  30  -1  -1  -1  19  19  19  -1 
 31  -1  -1  -1  -1  -1  -1  -1  -1  -1  -1  31  31  31  -1  -1  -1  -1  -1  -1  -1  -1  -1  -1  -1  -1 
 32  46  46  48  48  -1  -1  -1  74  -1  -1  -1  63  63  63  -1  -1  -1  61  61  -1  -1  68  -1  -1  -1 
 33  -1  -1  -1  -1  -1  -1  -1  -1  -1  -1  -1  -1  -1  -1  -1  -1  -1  75  75  75  -1  -1  -1  -1  -1 
 34  -1  -1 107 107 107  -1  -1  -1  -1  -1 105 105  -1  90  90  -1 118  92  92  -1  -1  -1 112  -1  -1 
 35  -1  -1  -1  -1  -1  -1  -1  -1  -1  -1 119 119 119  -1  -1  -1  -1  -1  -1  -1  -1  -1  -1  -1  -1 
 36  -1 156  -1 134 134  -1  -1  -1 162  -1  -1 151 151 151  -1  -1  -1  -1 136 136  -1  -1  -1 149 149 
 37  -1  -1  -1  -1  -1  -1  -1  -1  -1  -1  -1  -1  -1  -1  -1  -1  -1  -1  -1  -1  -1  -1 163 163 163 
 38  -1 206  -1 180 180  -1  -1  -1  -1  -1 195 195 195  -1  -1  -1 200  -1 178 178  -1  -1 193 193  -1 
 39  -1  -1  -1  -1  -1  -1  -1  -1  -1  -1  -1  -1  -1  -1  -1  -1  -1  -1  -1  -1  -1  -1 207 207 207 
 40  -1  -1 222 222  -1  -1 244  -1  -1  -1  -1  -1  -1  -1  -1 237 237 224 224  -1  -1 250 239 239 239 
 41  -1  -1  -1  -1  -1  -1  -1  -1  -1  -1  -1  -1 251 251 251  -1  -1  -1  -1  -1  -1  -1  -1  -1  -1 
 42 266 266 268 268  -1 283 283 283 294  -1  -1  -1  -1  -1  -1 281 281  -1 288  -1  -1  -1  -1  -1  -1 
 43  -1  -1  -1  -1  -1  -1  -1  -1  -1  -1  -1  -1  -1  -1  -1  -1  -1  -1  -1  -1  -1  -1 295 295 295 
 44  -1  -1  -1  -1  54  -1  -1  -1  -1 312  -1  -1  -1  -1  -1 138  -1  -1 272  -1 183  -1  -1  -1  -1 
 45  -1  -1  -1  -1  -1 140  94 184  -1  -1  -1  -1  -1 182  -1  -1 186 137  -1  98  -1 313  -1  -1  -1 
 46  -1  -1  -1  -1  -1  -1  -1 226  -1  -1  -1 285  -1  -1 181  -1  11  -1  -1 229   6 197  -1 308  -1 
 47  -1  -1  -1  -1  -1  99 187  -1  -1  -1  -1  -1  -1   5  -1  -1  93  -1  -1  -1  95  -1  -1  -1  -1 
 48  -1  -1  -1  -1  -1  -1  -1  -1  -1  -1 310  -1  -1  51   7 228 269  -1  -1  -1  -1  -1  -1  -1 316 
 49  -1  -1  -1  -1  -1  -1  -1  21 315  -1  -1  -1  -1  -1  -1  -1  -1  -1  -1  -1 230  -1  -1 109  -1 
 50 225  96  -1  -1 274  -1  -1  -1  -1  -1  -1  -1  -1  -1  -1  -1 227  -1  -1  -1 141 153  -1  -1  -1 
 51  -1 185  -1  -1  -1   9  -1 270  65  -1  -1 314 309  -1  -1  -1  -1  10  -1 275  -1  -1  -1  -1  -1 
 52  97 139  -1  -1  -1  -1 231  49  -1  -1  -1  -1  -1  -1  55  -1  53  -1  52  -1  -1 241  -1  -1  -1 
 53 143  -1  -1  -1  -1  50 142  -1  -1  -1  -1  -1  -1  -1 273 271  -1  -1  -1   8  -1  -1 311  -1  -1 

r\t   0   1   2   3   4   5   6   7   8   9  10  11  12  13  14  15  16  17  18  19  20  21  22  23  24 
  0  -1 129  71  12  -1  -1 106  -1  -1  -1  -1  -1  -1  23  -1  -1  -1  -1  -1  -1  -1  -1  -1  -1  -1 
  1  -1  -1 173  -1  -1  -1  25  -1  -1  -1  -1 292 296  -1  -1 267  -1 297  -1 198  -1  -1  -1  -1  -1 
  2  -1 263  18  -1  -1  -1 233  -1  -1  -1  -1  -1 164 157  -1  -1 254  -1  -1  -1  -1 298  -1 306  -1 
  3  -1  -1 248  -1  -1  -1  -1  -1  -1  -1 223  -1  -1  -1  -1  -1  -1 177 234 179  -1 152 300  -1  -1 
  4  -1 247  -1 216  -1  -1  -1 218  -1  -1 307  -1  -1  -1  -1  -1  -1 148 148  -1  -1  27  -1  -1  -1 
  5  -1  -1  -1 159  40 150 301 289  -1  -1  -1  -1  -1 303  -1  -1 232  80  -1  -1  -1  -1  -1  -1  -1 
  6  -1 215  -1  -1  -1  -1  -1   0  -1  -1 192 192  -1   3  -1  -1 144  60  60  -1  -1 276  -1 246  -1 
  7  -1 122  -1  -1  -1  67  -1  -1 124  -1  -1  -1  -1 169  -1  -1  59  -1  35 260  -1  -1  84  -1  -1 
  8  -1  -1  -1  -1  -1  -1  -1  -1 208  86  -1 146 236 236  -1  -1  -1  -1  -1  -1  -1  -1  62  -1  -1 
  9  -1 217  -1  -1  -1  -1  -1  47  32  -1  -1  -1 121 125  -1  -1  70  -1 188  -1  -1  -1  -1  -1  -1 
 10  -1 219 126  39  -1  -1  14  -1  -1  -1  -1  73  -1  28  -1  -1  -1 167  -1  -1  -1  79  -1  -1  -1 
 11  -1  -1  -1  -1  -1  -1 191  -1 175  -1  -1  -1  15  81  -1  -1  -1 130  69  -1  -1  88 154  -1  -1 
 12  -1  -1  -1  -1  -1  -1  -1  78  -1  -1  -1  -1 110  -1  -1  -1  -1  -1 203  -1  -1 190  -1  -1  -1 
 13  -1 264  -1  76  -1  -1  -1  -1  -1  -1  -1 277  -1  -1  -1  -1  -1  -1 293  -1  -1 221  -1  -1  -1 
 14  -1  -1 290 259  -1  -1  -1  66  -1  -1  -1  -1  -1  -1  -1  -1  -1  -1  -1  -1  -1 168  -1  -1 265 
 15  -1 158  -1  -1  -1  -1  -1  -1 235  -1  -1 252  -1 131  -1  -1 305  -1  -1  -1  -1 133  -1  -1   1 
 16  -1  44 287 253  -1  -1 147  -1 279  -1  -1  -1  -1  -1  -1  -1  -1  -1  -1  -1  85  -1  -1 114  -1 
 17  -1  -1  -1  -1  -1  -1  -1  13  -1  -1  -1 101  -1 299  43  -1  -1  -1  83  -1 238  42 115 155  -1 
 18  -1  77  -1  26  -1  -1  -1  -1  -1  -1  -1  -1 282  -1  -1  -1  -1  -1  -1  -1  -1  -1  33  36  -1 
 19  -1  -1  -1  -1  -1  -1  -1 210  -1  -1  -1  -1  -1 113  -1  -1 291  -1  -1  -1  -1 209  72 286  -1 
 20 213 103  87  -1 172  -1  -1 189  -1  -1  -1 120  -1 145  22  -1  -1  29 245  -1  -1  -1 194  -1 176 
 21  -1 201  -1  -1  -1  -1  -1 102  -1  -1  -1  -1 255 100  -1  -1  -1  20  -1  82  -1  -1  -1  -1  -1 
 22  -1 304  -1 262  -1  -1 211  -1  -1  -1  -1 165  38  37  -1  -1  -1  -1  -1  89  -1  58 242  -1  -1 
 23  -1 127  -1  -1  -1  -1  -1  -1  -1  -1  -1 135  -1  -1  -1  -1  -1  -1 166  -1  -1  -1 249  -1  -1 
 24  -1  -1 212  -1 171  -1  91  -1  -1  -1  -1  -1  -1  -1  -1  -1  -1 104 104 257  -1  -1  -1 243  -1 
 25  16  16  -1  -1  -1  -1 256 117  -1  -1 132  64  -1  -1  -1  -1 161 258  -1  -1  -1  -1  -1 160  -1 
 26  -1  34  -1  -1  -1  -1  45  -1  41  -1  -1  -1  -1  -1  -1  -1  -1 196  -1 220  -1  -1 128  -1  -1 
 27 280 280  -1 284  -1  -1 174  -1 111  -1  -1  -1  -1 278  -1  -1 123 240  -1  -1  -1 108  -1 199  -1 
 28  -1  -1  -1 204  -1  -1  -1  -1  -1  -1 214 205  -1  -1 302  -1 202  -1  -1  -1  -1  -1  -1  -1  -1 
 29  -1  57  -1  -1  -1  -1  -1  -1 261 170  -1  -1  -1  -1  -1  -1  -1  -1 116  -1  -1  -1  -1  56  -1 
 30   2   2  30  -1  -1  -1  -1  24  -1  -1  -1  -1  -1  -1  -1  -1   4   4  17  17  -1  19  19  19  -1 
 31  -1  -1  -1  -1  -1  -1  -1  -1  -1  -1  31  31  31  -1  -1  -1  -1  -1  -1  -1  -1  -1  -1  -1  -1 
 32  -1  -1  63  63  63  -1  -1  -1  74  -1  -1  -1  61  61  -1  46  46  -1  48  48  -1  -1  -1  68  -1 
 33  -1  -1  -1  -1  -1  -1  -1  -1  -1  -1  -1  -1  75  75  75  -1  -1  -1  -1  -1  -1  -1  -1  -1  -1 
 34  -1  -1 105 105  -1  -1 112  -1  -1  -1  90  90  -1  -1  -1  -1  -1  92  92  -1  -1 118 107 107 107 
 35  -1 119 119 119  -1  -1  -1  -1  -1  -1  -1  -1  -1  -1  -1  -1  -1  -1  -1  -1  -1  -1  -1  -1  -1 
 36 151 151 151 134 134  -1  -1 149 149  -1  -1 162  -1  -1  -1  -1 136 136  -1  -1  -1  -1 156  -1  -1 
 37  -1  -1  -1  -1  -1  -1 163 163 163  -1  -1  -1  -1  -1  -1  -1  -1  -1  -1  -1  -1  -1  -1  -1  -1 
 38 195 195 195 180 180  -1 178 178  -1  -1  -1  -1 193 193  -1  -1  -1  -1  -1  -1  -1  -1 200 206  -1 
 39  -1  -1  -1  -1  -1  -1  -1  -1  -1  -1  -1  -1 207 207 207  -1  -1  -1  -1  -1  -1  -1  -1  -1  -1 
 40 224 224 239 239 239  -1  -1  -1  -1  -1 237 237  -1 244  -1 222 222 250  -1  -1  -1  -1  -1  -1  -1 
 41  -1  -1  -1  -1  -1  -1  -1 251 251 251  -1  -1  -1  -1  -1  -1  -1  -1  -1  -1  -1  -1  -1  -1  -1 
 42  -1 294  -1 266 266 281 281  -1  -1  -1 268 268  -1  -1  -1  -1 283 283 283  -1  -1  -1  -1 288  -1 
 43  -1  -1  -1  -1  -1  -1 295 295 295  -1  -1  -1  -1  -1  -1  -1  -1  -1  -1  -1  -1  -1  -1  -1  -1 
 44  -1  -1  -1  -1  -1  -1  -1  -1  -1  -1  -1  -1 153  -1  -1 143  -1 272 227  -1  -1  -1  -1  -1  -1 
 45  -1  96  -1  -1  -1  -1  -1 142  65  -1  -1  -1  -1 231 312  -1  -1  -1 139 269  -1  -1  -1  -1 228 
 46  -1  -1 315  -1  -1  -1 270  -1  -1 309  -1  -1 313 271  -1  -1  -1  54   8  -1 109  52  -1  -1  -1 
 47  -1  -1  -1  -1  -1  -1  -1  -1  -1  -1  -1  -1  -1  -1  -1   7  -1 229  -1  -1  -1  -1  -1 311  -1 
 48  -1  -1  -1  -1  -1  -1   5  -1 197  -1  -1  51  -1  95  -1  -1  -1  -1  -1  -1  -1 275 285  -1  -1 
 49  49  -1  -1 226  -1 241  -1  -1  21  -1  -1 225  -1  -1  -1  -1 184  -1  -1  -1  -1  -1  -1  -1  -1 
 50 274  -1  -1  -1  11  -1  -1  98 308  -1 185  -1  -1  -1  -1  -1  94  -1  -1   9  -1  -1 314  -1 137 
 51  -1  -1  -1   6  97 310 141  -1  -1  -1  -1 181  -1 140  -1  -1  -1  -1  -1  -1  -1 182  -1  -1  -1 
 52  -1  -1  -1  53  -1  -1  -1  -1  -1  -1  -1  10  -1 187  -1 186  -1  -1  -1 138 316  -1  -1  -1  55 
 53  93  -1  -1  -1  -1  -1 230 273  -1  -1  50  -1  -1  -1  -1  99  -1  -1 183  -1  -1  -1  -1  -1  -1 

r\t   0   1   2   3   4   5   6   7   8   9  10  11  12  13  14  15  16  17  18  19  20  21  22  23  24 
  0  -1  -1 104 104  -1  81  -1  -1 130  -1  -1  -1  -1 210  -1  87  -1  -1  69  -1  -1  15 167  -1  -1 
  1  -1 188  -1  -1  -1  -1  66  -1  -1  -1  -1 165  84  -1  -1  45 101  -1 133  -1  -1  -1  -1  -1  -1 
  2  -1  -1 173 179  -1  -1  -1 254  60  60  -1 115  58  -1  -1  -1  -1  -1  -1  -1  -1  59  -1 289  -1 
  3 216 147 152  77  -1  -1  -1  -1  -1  -1  -1 240  -1  -1  -1  -1  47  80  -1  -1  -1  -1  -1  -1   1 
  4  -1  -1  -1 123  -1  -1  -1  41 298  -1  -1 301  25  -1  -1  -1 175  -1  -1  -1  -1 122  -1 209  -1 
  5  -1  -1  76  -1  -1  -1  -1 267  -1  -1  -1  32  -1  16  16  -1  86 191 205  -1  -1  -1  -1  -1  -1 
  6  -1  -1  -1 243  -1  -1  -1  -1  -1  -1  -1 213  -1 296  -1  -1  -1 291  -1  -1  -1 145 247 246  -1 
  7  -1  -1  -1 255  -1  -1 203 159 190  -1  -1  -1 208  -1  -1  -1  -1  -1 234  -1  -1 307  -1  23  -1 
  8  91  -1 252  -1  -1 214 286 219  -1  -1  -1  -1  18 194  -1  -1  -1  -1  -1  -1  -1  -1  -1  -1  -1 
  9  -1  29  -1  -1  -1 236 236  -1  -1  -1  -1  56 124 211  -1  -1  -1  -1  -1  -1  -1  26  -1  -1  -1 
 10 265  -1  -1  -1  -1  -1  -1 126 220  -1  -1  -1  40 114 174  -1  -1  -1 306  -1  -1 157  -1  -1  -1 
 11  -1  -1 121 146  -1  -1  20  -1  -1  -1  -1  -1  -1  -1  -1 127  -1  -1 264  -1  -1  73  -1  -1  -1 
 12  -1  -1  -1  34  -1  -1  -1  -1  -1  -1 215 277 160 278  -1  -1 166 155  57  -1  -1 279  -1  -1 131 
 13  -1  -1  35 284  -1  -1 111  -1 117  82  -1  -1 282  -1  85  -1 293 128  -1  -1  -1  -1  -1  -1  -1 
 14  -1  -1  83  -1  -1  -1  -1  -1  -1  -1  -1 135 292 256  -1  -1 232  -1  27  -1 177  -1 154  -1  -1 
 15  -1  -1  -1 259 125 198  -1  -1  -1  -1  -1 299  -1  62  -1  -1 245 113 100  -1  -1 201  -1  -1  42 
 16  -1 260 202  13  -1  -1 158 280 280  -1  -1  -1 235 144  -1  -1  -1  -1  -1  -1  -1  -1  -1 150 305 
 17  -1  -1 169 223 176  -1  -1  -1 248  -1 132  -1  -1  43  -1  -1  -1  -1 192 192  -1  -1  -1  -1  -1 
 18  -1  -1  -1 161  -1  -1  -1  -1  -1  -1  89  -1  78  -1  -1 148 148  -1 297  -1 221  -1  -1  -1 262 
 19  -1 110  -1  -1  -1  -1  -1  -1  -1  -1  -1  -1  -1 172  -1  -1  39  -1 168  -1  -1 108  -1  -1  -1 
 20  -1  -1 276  -1  -1  -1  -1  72  -1  -1  -1  -1  -1  -1  -1  -1  -1 242  -1  -1  -1  -1  -1  28  -1 
 21  -1  -1  -1  64  -1  -1  -1  -1  -1 263  -1  -1  -1  -1  -1  -1  -1  67  -1  -1  -1  -1  -1  -1  -1 
 22  -1 116  38 290  -1  -1  -1 103 164 171  -1  -1  -1  -1  -1  -1  -1  -1 253  -1  -1   3  -1  -1  -1 
 23  -1  -1  -1  -1  -1  -1  -1  -1 102  -1 304  -1  -1  -1  -1  -1  -1  -1  -1 258 302  -1 212  -1  -1 
 24  -1  -1  -1  -1  -1  -1 249  -1  -1  -1  -1  -1  -1  37  -1  -1  -1  -1   0  -1  -1  -1  -1  -1  -1 
 25  -1  -1 233 204  -1  -1  -1  -1  88 287  -1  12  -1  -1  -1  -1  -1  -1  -1 129  -1  -1  -1  -1  -1 
 26  -1  71 300  -1  -1  -1  79  -1 218  -1  -1  -1  -1  -1  44  -1  -1  -1  -1  -1  -1  -1  -1  -1  -1 
 27  -1  -1 217 170  -1  -1  -1 189  -1  -1  -1  -1  -1 261  -1  -1  33  -1  36  -1  -1  -1  -1  -1  -1 
 28  -1 238  -1  -1  -1  -1  -1  -1 303  -1  -1  -1 199  -1  -1 257  70  -1  -1 106  -1  -1  -1  -1  -1 
 29  -1  -1  14  -1  -1  -1  -1  -1  -1  -1  -1 196  -1  -1  -1  -1  -1  -1 120  -1  -1  -1  22  -1  -1 
 30  -1  -1   4   4  -1  -1  -1  17  17  -1   2   2  -1  30  -1  -1  19  19  19  -1  -1  -1  24  -1  -1 
 31  -1  -1  -1  -1  -1  -1  31  31  31  -1  -1  -1  -1  -1  -1  -1  -1  -1  -1  -1  -1  -1  -1  -1  -1 
 32  63  63  63  46  46  -1  68  48  48  -1  -1  74  -1  -1  -1  -1  -1  -1  -1  -1  -1  -1  61  61  -1 
 33  -1  -1  -1  -1  -1  -1  -1  -1  -1  -1  -1  -1  -1  -1  -1  -1  -1  -1  -1  -1  -1  -1  75  75  75 
 34  -1  -1  -1  90  90  -1 118 112  -1  -1  -1 107 107 107  -1  92  92  -1  -1  -1  -1  -1 105 105  -1 
 35  -1  -1  -1  -1  -1  -1  -1  -1  -1  -1  -1  -1  -1  -1  -1  -1  -1  -1  -1  -1  -1 119 119 119  -1 
 36  -1  -1  -1  -1  -1  -1  -1 151 151 151 149 149  -1 162  -1 134 134  -1  -1  -1 136 136  -1 156  -1 
 37 163 163 163  -1  -1  -1  -1  -1  -1  -1  -1  -1  -1  -1  -1  -1  -1  -1  -1  -1  -1  -1  -1  -1  -1 
 38  -1  -1 193 193  -1  -1  -1 206 200  -1 178 178  -1  -1  -1  -1  -1  -1 180 180  -1  -1 195 195 195 
 39  -1  -1  -1  -1  -1  -1  -1  -1  -1  -1  -1  -1  -1  -1  -1 207 207 207  -1  -1  -1  -1  -1  -1  -1 
 40  -1 244  -1  -1  -1  -1  -1 237 237  -1  -1  -1  -1  -1  -1 224 224 250 222 222  -1  -1 239 239 239 
 41  -1  -1  -1  -1  -1  -1  -1  -1  -1  -1 251 251 251  -1  -1  -1  -1  -1  -1  -1  -1  -1  -1  -1  -1 
 42  -1  -1  -1 266 266  -1 294 288  -1  -1 268 268  -1  -1  -1  -1  -1 283 283 283  -1  -1 281 281  -1 
 43  -1  -1  -1  -1  -1  -1  -1  -1  -1  -1  -1  -1  -1  -1  -1  -1  -1  -1  -1  -1  -1 295 295 295  -1 
 44  -1  -1 226  -1  -1  -1  -1  -1  -1  -1  -1  -1  -1  -1  -1   6  -1  -1  49  -1  97  -1  -1  -1  -1 
 45  -1  21  -1  -1  -1  -1  -1  10 184 316  -1  -1  -1  -1  -1  -1  -1  -1  94  -1  -1  -1  -1  -1 273 
 46  -1  -1 137  -1  -1  -1  -1 230  -1  -1  -1  53  -1  -1 228  -1  -1 315  -1   7  -1  52  -1  -1  -1 
 47  -1  -1  99  -1 138  -1 197  -1 141  -1  55  -1  -1  -1  11  -1  65  -1  -1  -1  54  -1  -1  -1  -1 
 48  -1  -1 186 142  -1  -1 309  -1  -1  -1  -1 227  -1  -1  98 275 183  -1  -1 139 269  -1 312  -1  -1 
 49  -1 311  -1  -1  -1  -1  -1  -1  -1  -1  -1  -1 308 241 181  -1  -1  -1  -1  -1  -1  93  -1  -1  -1 
 50   9  -1  51  -1  -1  -1  -1  -1  -1  -1  -1  -1  -1  -1 271  -1  -1  -1  -1  -1   8 231  -1  -1  95 
 51 225  -1 274  -1   5  -1  -1  96  -1  -1  -1  -1  -1  -1 143  -1  -1 109  -1  -1  -1 187  -1  -1 140 
 52 185  -1  -1  -1  -1  -1  -1  -1  -1  -1  -1  -1  -1  -1  -1  -1  -1  -1  -1  -1  -1  -1  -1  -1  -1 
 53  -1 285  -1  -1 229 310  -1 182 272  -1  -1  -1 153 314  -1  -1 270  -1  -1  50  -1  -1  -1 313  -1 

r\t   0   1   2   3   4   5   6   7   8   9  10  11  12  13  14  15  16  17  18  19  20  21  22  23  24 
  0  -1  -1  -1 211  -1  -1 157  -1  88  -1  39 159  -1  16  16  -1 129  79  -1  -1  -1  -1  -1   0  -1 
  1  66  -1  -1 108  -1  -1  -1  -1  -1 286  -1  -1  -1  -1  -1  -1  -1 233 121  -1  -1  40  -1 277  -1 
  2  85  -1 297 169  -1  -1  -1  -1  -1 238  -1 146  -1 209  -1  -1 116 123 100  -1  -1  -1  -1 203  -1 
  3  -1 264  -1  13  -1  -1  -1  -1  -1  -1  -1  -1 298  -1  -1  -1  -1  -1  -1 307  -1 110  -1  -1  -1 
  4  -1  -1  -1  26  -1  -1  -1  -1 202  -1  -1 103  -1 166  -1  -1 253  -1  -1  -1  -1 174  -1 152  -1 
  5  -1  -1  -1  -1  -1  -1  59 189 172  -1  -1 257 122  -1  -1  -1  -1  -1  -1  -1  -1 128  -1 262  -1 
  6  -1  -1 221 256   1  -1  -1  81  -1  -1  -1  -1 302  -1  -1  -1  -1 252  -1  -1  -1  -1  71  44  -1 
  7  -1  -1 111  -1  -1  -1 125  -1  -1  -1  -1  -1  -1  35  -1  -1  43  -1  -1  -1  -1  -1  -1 114  -1 
  8  -1  -1  -1  -1 173  -1  -1  -1 113  -1  -1  -1  28  -1  -1  -1  -1 192 192  -1 259 303  -1  -1  -1 
  9  -1  -1  -1  89  -1  -1 235  -1  -1  -1  -1  -1  -1  -1  -1  -1  -1 290  -1  -1  -1 199  -1  -1 132 
 10  -1 249  -1  87 213  -1 214  -1  -1 217  -1  -1 280 280  -1  -1  -1  -1 278 135  -1  -1  -1  -1 260 
 11  -1  -1  -1  -1 176  -1  -1  -1 240  -1  -1  -1 191  -1  -1  -1  -1  -1  -1  -1  -1 115  -1 168  -1 
 12  -1  -1 205  -1  -1  -1  -1  -1  57  -1  -1  -1  -1  -1  -1  -1  -1  15 255  -1 131  -1 158  -1  37 
 13  -1  -1  -1 148 148  -1  -1  -1  -1  -1  -1  -1  -1  -1  -1  -1  67 165  -1  -1  -1  -1  -1  -1  -1 
 14  -1 117  -1  -1  -1  -1  -1  -1  73  -1  -1  -1 170 145  -1  -1  -1  -1  -1  -1  -1  -1  -1 127  -1 
 15 171  -1  -1  -1  -1  -1 292  -1 284  -1  -1  -1  -1  58  -1  -1  -1 101 204  -1  -1  12 154  -1  -1 
 16  -1 102  -1 293  -1  -1  -1 144 304  -1  -1  -1  -1  -1  -1  -1  -1  -1  -1  -1 175  -1  27  -1  -1 
 17  -1  -1 246  -1  -1  -1 201 276 188  -1  -1  56  -1  -1 282  -1 243  -1  -1  -1  -1 254  -1  77 267 
 18  -1  -1  -1 232  -1  -1 287  -1  42  -1  -1  -1  -1  -1  -1  -1  -1  -1  -1  -1  -1  -1  -1 126  -1 
 19  -1  -1  -1 124  -1  -1  -1  -1  -1  -1  -1  34  -1 245  -1  -1  -1  -1  -1  45  -1  72  -1  -1  -1 
 20  -1 306  -1  -1  -1  -1 106  -1  -1  -1  -1  -1 261  70  -1  -1  -1  -1  -1  -1  -1  -1 104 104  -1 
 21  -1 179  -1  78 223  -1 194 296  -1  -1  -1 196  -1  -1  -1  -1 198 265  69  -1  -1  33 279  -1  -1 
 22  -1  14  -1  -1  -1  -1  29  -1  -1  -1 219  -1  -1  -1  -1  -1  -1 263  47  -1  -1  64 208  -1  -1 
 23  -1  -1  60  60  -1  -1  -1  -1 167  -1  -1  -1  62  -1  -1  -1  -1 220  -1  -1  -1  -1 236 236  -1 
 24  -1 234  91  -1  -1  -1  -1  -1  -1  -1  -1 305  80  -1  -1  -1 160  -1  22  -1  -1  -1  -1  -1  41 
 25  -1  -1  -1 210  86  -1 215  -1 258  -1  -1  -1 218 190  -1  -1  25  -1  -1 177  -1  -1  -1  -1  -1 
 26  -1 291  -1  -1 216  -1  -1  -1  -1 301  -1  -1 164  -1  -1  -1 300 212  32  -1  84  -1  36  -1  -1 
 27  -1 147  -1  -1 242  83  -1  -1  -1  -1  -1  -1 247 289  -1  -1  -1  -1  -1  -1  -1  -1  -1 133  -1 
 28  -1  -1  20 161  -1  -1 150 120  -1  -1  -1  76  18  -1  -1  -1  -1  -1  -1  -1  -1  -1 130  -1  -1 
 29  -1  -1  -1  -1  -1  -1  -1  -1 299  -1  38  -1  -1  82  -1  -1  23  -1   3  -1  -1 155  -1 248  -1 
 30  -1  30  -1  -1  -1  -1  -1  17  17  -1   4   4  -1   2   2  -1  -1  24  -1  -1  -1  -1  19  19  19 
 31  -1  -1  -1  -1  -1  -1  -1  31  31  31  -1  -1  -1  -1  -1  -1  -1  -1  -1  -1  -1  -1  -1  -1  -1 
 32  -1  -1  74  -1  -1  -1  -1  -1  -1  -1  48  48  -1  46  46  -1  68  61  61  -1  -1  -1  63  63  63 
 33  -1  -1  -1  -1  -1  75  75  75  -1  -1  -1  -1  -1  -1  -1  -1  -1  -1  -1  -1  -1  -1  -1  -1  -1 
 34  -1  -1 112  -1  -1  -1  -1 107 107 107  -1  -1 105 105  -1  -1  -1  90  90  -1  -1  -1 118  92  92 
 35  -1  -1  -1  -1  -1  -1  -1  -1  -1  -1 119 119 119  -1  -1  -1  -1  -1  -1  -1  -1  -1  -1  -1  -1 
 36  -1  -1  -1 134 134  -1  -1 156 149 149 136 136  -1  -1  -1 151 151 151 162  -1  -1  -1  -1  -1  -1 
 37 163 163 163  -1  -1  -1  -1  -1  -1  -1  -1  -1  -1  -1  -1  -1  -1  -1  -1  -1  -1  -1  -1  -1  -1 
 38  -1  -1  -1 193 193  -1  -1 178 178  -1  -1  -1  -1 180 180  -1 200  -1  -1  -1  -1 206 195 195 195 
 39  -1  -1  -1  -1  -1  -1  -1  -1  -1  -1 207 207 207  -1  -1  -1  -1  -1  -1  -1  -1  -1  -1  -1  -1 
 40  -1  -1  -1  -1  -1  -1  -1  -1  -1  -1  -1 250 239 239 239  -1  -1  -1 222 222 237 237 244 224 224 
 41  -1  -1  -1  -1  -1  -1 251 251 251  -1  -1  -1  -1  -1  -1  -1  -1  -1  -1  -1  -1  -1  -1  -1  -1 
 42  -1  -1 283 283 283  -1  -1 266 266  -1 268 268  -1 288  -1 281 281  -1  -1  -1  -1  -1  -1 294  -1 
 43  -1  -1  -1  -1  -1  -1  -1  -1  -1  -1  -1  -1  -1  -1  -1  -1  -1  -1  -1  -1 295 295 295  -1  -1 
 44  -1 197 186  -1  -1  -1  -1 231  -1  -1  -1 227  -1  94  -1  -1 311  -1  -1  -1  -1  -1  -1  -1  -1 
 45  -1 228  -1   8  -1  -1  -1  -1  -1  -1  -1  96 153  -1  -1  -1  -1 187  -1  93  -1  -1  -1  -1  -1 
 46  -1  -1  -1 230  -1  11  -1  52  -1  -1  -1 183  -1  -1  97  -1  -1  -1 270  -1  -1  -1 308  -1  -1 
 47  -1  -1   6  -1  -1  98  -1  -1  -1  65  -1  -1  -1 140  -1  -1  -1  -1  -1  -1  -1  -1  -1  -1  -1 
 48  -1  54  50 184  -1 225  -1  -1  -1 312 229  -1  -1  -1  -1 241  -1  -1 141   9  -1  -1  -1 181  -1 
 49  -1  -1  -1  51  -1 185  -1  -1  -1  -1  -1  -1  -1 274  -1  -1  -1  -1  -1 275  -1  -1  -1 272  -1 
 50 314   7  -1  -1  -1 271  -1 139 142  -1  -1  -1  -1  -1  -1  -1  -1  49  -1  -1  -1 309  -1  -1  -1 
 51  -1  95 269  -1  -1  -1  -1  -1  -1  -1  -1  -1  -1  -1  -1  -1  -1   5  -1  -1 316  -1  -1  -1  -1 
 52  -1 137  -1 273  55 143  21  -1  -1  -1  -1  -1  -1 226  -1  -1 109  -1  -1  -1  -1  -1  -1  -1  -1 
 53  -1  -1  -1  -1  99  -1 313  10  53  -1  -1  -1 315  -1 138 310  -1  -1 182  -1  -1  -1  -1  -1 285 

r\t   0   1   2   3   4   5   6   7   8   9  10  11  12  13  14  15  16  17  18  19  20  21  22  23  24 
  0  -1 296  -1  -1  -1  -1  -1  -1  -1  -1  -1 284  -1  77  -1  -1  -1 280 280  -1  -1  -1  -1  -1 258 
  1  -1  -1  -1 114  -1  -1  -1  -1  -1  -1  -1  -1  -1  -1  -1  -1  12  -1  32  18  83  -1  -1  -1  -1 
  2 257  -1  -1  -1  -1 287 248  -1  -1  -1  -1  -1 208 300  -1  -1  -1  -1  -1  -1  -1 175  -1  29  -1 
  3  -1  -1  -1 201  -1  41  -1 113  67  -1 216  -1  58 169  -1  -1 202 177  -1  -1  -1  -1 164 179  -1 
  4  -1 154  -1  -1  -1  -1  85  -1  -1  -1  -1 152  43 126  -1  -1  -1  -1  80  -1  -1  -1  -1  -1  -1 
  5  -1 212 110  -1  -1  -1  -1  62  -1  -1  -1  -1 157  -1  -1  -1  -1  -1  -1  -1  -1  -1  -1  -1  -1 
  6  -1 198  -1  -1  -1 267  -1  -1 254  -1  -1 240  -1  -1  -1  -1  -1  -1  -1  -1  -1  -1  -1  -1  -1 
  7  -1  -1  -1  -1  -1  -1  73  -1  -1  -1  -1  -1 235  -1  -1  -1  -1  -1  -1  -1  66 191  -1  78  -1 
  8  -1  -1  -1 232  -1  -1  -1  81  -1  -1  -1  -1  -1  -1  -1  -1  -1  -1  -1  -1  -1 159 293 123  -1 
  9  -1  -1 245  -1  -1 128  -1  -1 120  -1  -1  -1  -1 234  -1  -1 249  -1 103  -1  -1  -1  -1  -1  -1 
 10  -1 305  -1  -1  -1  -1  -1  -1 106  -1  -1   3  -1  -1  -1  -1  -1 111 256  -1  -1 255 189 297  -1 
 11  -1  -1 165  -1  -1  -1  -1  87  -1  -1  -1 247 278  -1  -1  -1  -1 171  42  -1  -1 211 304  -1  -1 
 12  -1 115 130 190  -1  -1  -1  -1  -1  -1 223  -1  -1  -1  -1 170  -1  -1 188 218  -1 121 217  -1  -1 
 13  -1  -1 199  -1  -1  -1 213  -1 243  -1  -1  59  -1  -1  -1  45  25 252  -1  -1  -1  -1  -1 264  -1 
 14  -1  -1  -1  -1  -1  -1  -1  -1  15  -1  -1  -1  34 246  -1  -1  69  -1  -1  -1  22  -1  82  -1  -1 
 15  -1 253 277  -1  -1  -1  -1  -1  -1  -1  -1  -1 220  -1 221  -1 261  -1  -1  -1  -1 263  -1  -1  -1 
 16  -1  -1  -1  -1  -1  -1  -1  20  -1  -1  -1  -1 122 125  -1  -1  -1  -1  -1  -1  -1  -1 174 101  -1 
 17  -1  64  -1  -1  -1  -1  -1  -1  -1  -1 219  44  -1  26  -1  -1 144  16  16  -1  -1  -1  -1 158  -1 
 18  -1  -1 209  -1  -1  47  23  -1 147  -1  -1 290  -1  -1  -1  -1 168 298  -1  -1  -1  -1  35  -1  -1 
 19 262  -1 148 148  -1  -1 173  -1 260 303  -1  -1  71  56  -1  -1 102  -1 289 282  -1  -1  -1  -1  -1 
 20  -1  -1  -1  -1 133 150 161  -1  -1  -1  -1  72 306  13  -1  -1  -1  -1  38  -1  -1  -1  -1  -1  -1 
 21  -1  -1  -1 100  -1  -1 131  -1  -1  -1  -1  -1  -1 145  -1  -1  -1  91 233  40  -1  -1  -1  -1  -1 
 22  -1  33  36  -1  -1  -1  -1 301 129  -1 286  -1 108  -1  -1  -1  -1  -1  -1  37 214 291  -1 215  -1 
 23  -1  -1  -1  -1  -1  -1 196  -1 279  -1  -1  -1  -1  -1  -1  -1 259  70  -1  -1  -1 210  -1  -1 132 
 24  -1  -1  -1  -1   0  88  -1 238 205  -1 176  -1  14  -1  -1  -1  57  -1 166  -1  -1  -1  -1  -1  -1 
 25  -1  -1  27 299  -1  -1 242  -1  -1  -1  -1  -1 172 167  -1  -1  -1  -1 204  -1  -1  -1  84  -1  -1 
 26  -1 302  -1  76  -1  -1  -1  -1 194  -1  -1  -1 146 307  -1  -1  -1  -1  -1  -1  -1  -1  -1  -1  -1 
 27  -1  -1  -1  -1  -1  -1 155  -1  -1  -1 192 192 127 203  -1  -1 117  -1  -1  -1  -1  -1 116  -1  -1 
 28  -1  -1 292  -1  89 135  28  79  -1  -1 104 104  -1 276  -1 236 236  -1  -1  -1  -1  -1  -1  -1  -1 
 29  86 160  -1  39  -1  -1  -1  -1  -1  -1  -1 265  -1  -1  -1  -1  -1  -1 124  -1  -1  -1  60  60   1 
 30  -1  19  19  19  -1  -1  -1  -1  -1  -1  -1  30  -1   2   2   4   4  24  -1  -1  -1  -1  17  17  -1 
 31  -1  -1  -1  -1  -1  -1  -1  31  31  31  -1  -1  -1  -1  -1  -1  -1  -1  -1  -1  -1  -1  -1  -1  -1 
 32  -1  -1  -1  61  61  -1  -1  -1  68  -1  -1  -1  46  46  -1  -1  -1  63  63  63  -1  74  48  48  -1 
 33  75  75  75  -1  -1  -1  -1  -1  -1  -1  -1  -1  -1  -1  -1  -1  -1  -1  -1  -1  -1  -1  -1  -1  -1 
 34  -1  -1 118  -1  -1 107 107 107  -1  -1  -1  -1  -1  -1  -1  92  92 112  -1  -1 105 105  90  90  -1 
 35  -1  -1  -1  -1  -1  -1  -1  -1  -1  -1  -1  -1 119 119 119  -1  -1  -1  -1  -1  -1  -1  -1  -1  -1 
 36  -1  -1  -1 162  -1  -1  -1  -1  -1  -1  -1 156  -1 136 136 134 134 149 149  -1  -1 151 151 151  -1 
 37  -1  -1  -1  -1  -1  -1  -1 163 163 163  -1  -1  -1  -1  -1  -1  -1  -1  -1  -1  -1  -1  -1  -1  -1 
 38  -1  -1  -1 178 178  -1  -1  -1  -1  -1  -1 206 195 195 195 193 193  -1  -1  -1  -1 180 180 200  -1 
 39  -1  -1  -1  -1  -1 207 207 207  -1  -1  -1  -1  -1  -1  -1  -1  -1  -1  -1  -1  -1  -1  -1  -1  -1 
 40 239 239 239 250  -1  -1  -1 244  -1  -1  -1  -1  -1  -1  -1 224 224 222 222  -1  -1  -1 237 237  -1 
 41  -1  -1  -1  -1  -1  -1  -1  -1  -1  -1  -1  -1  -1  -1  -1  -1  -1  -1  -1  -1  -1  -1 251 251 251 
 42 281 281  -1 266 266  -1 294  -1  -1  -1  -1  -1  -1 268 268  -1 288  -1  -1  -1 283 283 283  -1  -1 
 43  -1  -1  -1  -1  -1  -1  -1 295 295 295  -1  -1  -1  -1  -1  -1  -1  -1  -1  -1  -1  -1  -1  -1  -1 
 44  -1  -1  -1  -1  -1   5  65  -1 309  -1  -1  -1  -1  -1  55  -1  -1  10 143  -1 314  53  -1  -1  -1 
 45  -1  -1 312 141  -1  -1  -1  -1  -1  -1  -1  21  -1  -1  -1  -1  -1 272  -1  -1  -1  -1  -1  -1 275 
 46  -1  -1  -1  -1  -1 230  -1  -1  -1 310  -1  93  -1 229  -1  -1 270  -1 269 153  -1  -1  -1 142 185 
 47 316  -1  -1  -1  50  -1 285  -1  -1  -1  -1  -1  -1  -1  -1 271  -1  -1  -1  -1 241 226  -1 197  -1 
 48  -1  -1  -1  -1  -1  -1  -1  -1  -1  -1  54  -1  -1  -1  -1  -1  -1 139  -1  -1  -1   7  -1  -1  -1 
 49  -1 313  -1  51  -1  -1  -1 308  -1  -1  97 137  -1  -1  -1  -1 184  -1  -1  -1  -1  -1  -1   8  -1 
 50  -1  -1  -1  94 225  -1  -1  -1  -1  -1 138  -1   6  -1  -1 186  -1  -1  98 315  -1  95  -1  -1  49 
 51  -1  -1  -1  -1  -1 181  -1  -1  -1  -1  -1 227 274  -1  -1  -1  -1  -1   9  -1  -1  -1  -1  -1  -1 
 52  -1  -1  -1  -1  -1  -1 311  -1  -1  -1  -1 187 140 182  -1  -1  -1  -1 183  -1  -1  -1  11  -1  99 
 53  -1 109  -1 231  -1  -1  -1  -1  -1  -1  -1  -1  -1  96  -1  -1  52  -1  -1  -1  -1  -1 273 228  -1 

