317
21 28
14 24
15 30
2 27
5 30
22 50
23 46
3 53
11 44
24 51
13 49
4 46
16 12
21 18
13 27
11 4
22 14
8 30
2 15
17 30
6 11
1 47
0 4
12 8
2 30
1 8
11 3
18 25
22 22
6 14
12 30
7 31
3 5
16 8
23 16
21 14
17 12
4 18
21 16
1 24
3 0
2 10
23 26
22 15
6 7
2 9
15 32
13 2
3 32
24 48
5 52
11 48
23 47
22 48
0 48
14 49
3 27
23 25
16 7
6 13
7 25
18 32
12 1
20 32
2 14
13 45
1 29
10 15
13 32
3 11
2 4
22 5
12 2
16 10
8 32
17 33
23 10
21 25
7 8
13 4
1 1
15 11
19 8
6 1
5 11
18 21
20 23
6 28
6 2
23 6
2 34
0 27
20 34
22 47
5 50
24 52
11 52
15 46
16 48
4 49
16 1
21 21
22 7
6 4
2 13
12 34
18 19
7 34
23 23
10 47
1 6
17 7
22 34
3 26
1 11
2 8
17 26
21 0
6 34
12 35
7 4
18 1
12 12
16 6
23 9
19 11
13 11
13 16
9 7
0 19
23 22
13 12
5 21
6 18
15 36
21 27
23 36
2 53
4 44
3 49
22 52
11 45
13 50
14 46
23 21
3 14
2 7
16 13
10 26
17 36
1 22
7 36
22 0
20 53
21 7
12 17
22 36
23 27
6 5
1 23
13 24
16 27
12 36
17 37
2 18
12 13
3 2
21 17
7 26
10 4
18 20
18 11
11 9
19 4
7 9
15 5
0 11
15 29
20 38
4 14
13 38
22 44
16 51
5 49
3 48
11 46
2 51
6 51
6 6
2 3
11 11
17 8
12 9
18 38
7 1
22 38
16 26
4 51
8 8
1 3
7 38
21 19
12 10
11 21
3 6
16 23
1 38
17 39
2 11
22 23
6 19
8 26
23 4
7 5
10 6
23 29
1 10
13 7
1 9
18 14
15 23
5 16
20 40
16 24
22 40
24 45
2 49
3 52
14 53
0 45
11 53
6 52
1 17
21 12
17 29
6 0
22 24
12 40
16 11
2 40
11 13
8 51
18 13
7 28
16 40
22 25
8 0
23 7
2 12
6 27
1 40
11 41
17 27
3 18
21 8
18 28
7 7
12 24
15 18
18 29
0 3
18 7
11 10
21 29
13 15
0 2
3 42
2 28
5 42
20 46
21 49
14 47
23 44
16 50
15 44
11 47
3 17
6 22
7 10
21 6
13 29
22 42
8 17
15 42
11 15
2 52
1 4
12 15
13 42
22 29
17 15
6 29
3 28
7 21
18 42
22 43
11 24
8 11
21 10
12 19
2 5
8 13
7 15
23 12
8 2
14 15
9 21
6 10
18 48
17 47
19 46
12 44
8 50
7 46
10 44
1 48
9 52

