1 15724 275.719000 23196 1223 735 438 11000 8000 1800
2 7166 295.547000 16454 1355 945 454 9000 3500 1200
3 13136 288.140000 15111 1341 1019 451 6000 4000 2300
4 41435 287.001000 12676 1298 719 459 6000 2500 1700
5 95413 285.797000 20937 1370 851 416 11000 5000 2300
6 2214 281.968000 26977 1434 1019 424 16000 6500 1600
7 10567 291.328000 17111 1461 1183 467 8000 3500 2500
8 13628 285.985000 20901 1401 862 438 11000 5000 2200
9 34831 294.016000 20350 1514 996 440 11000 4000 2400
10 11130 270.469000 24827 1355 1119 453 14000 5500 2400
