317
13 6
4 3
6 30
23 1
21 30
18 49
8 44
15 44
3 48
20 44
2 44
9 50
6 7
21 1
22 3
3 8
7 28
17 30
5 29
11 30
16 5
23 51
0 26
1 1
2 30
22 28
3 19
13 25
1 6
6 18
23 30
16 31
21 15
11 6
7 18
8 19
13 16
5 10
19 9
9 2
24 28
16 25
20 16
7 10
6 22
8 13
21 32
3 24
15 32
4 53
7 47
23 52
13 44
2 49
20 53
9 47
7 7
16 9
6 8
21 5
22 21
12 32
3 25
0 32
11 0
17 49
5 7
18 12
18 32
17 7
1 24
22 12
21 3
13 5
7 32
10 33
3 4
22 9
6 24
18 15
2 10
19 7
21 4
16 1
17 23
16 20
6 0
7 27
6 20
3 6
15 34
4 1
21 34
8 52
23 47
2 52
11 47
7 49
20 49
9 53
21 19
23 7
22 29
16 28
7 12
18 34
4 25
12 34
11 13
10 46
0 18
1 25
23 34
1 16
6 6
8 26
13 9
21 16
7 34
17 35
2 6
12 27
16 26
11 23
22 18
16 3
5 2
10 27
11 20
23 9
6 5
12 29
3 13
2 13
15 36
13 7
21 36
23 44
20 51
11 48
18 52
6 45
8 49
4 45
6 29
16 12
18 10
21 9
22 13
10 36
17 14
7 36
2 18
13 52
1 10
0 22
23 36
21 23
2 24
17 22
7 29
13 27
6 36
10 37
16 15
8 15
18 27
22 14
3 14
16 11
16 21
9 0
6 11
7 21
20 21
12 10
4 0
20 7
22 38
21 25
8 38
11 49
2 50
6 47
16 51
7 45
15 53
3 45
23 14
6 23
22 26
16 16
7 24
2 38
21 6
12 38
18 13
0 44
19 18
1 26
1 38
21 14
22 0
2 7
13 1
8 29
11 38
16 39
12 2
3 2
6 2
6 10
23 4
11 27
17 1
1 17
12 11
14 27
24 1
13 29
15 0
21 7
8 40
6 3
22 40
7 46
2 51
18 47
20 48
16 49
11 51
3 47
8 21
11 12
7 16
2 5
22 16
17 40
24 10
12 40
16 17
0 48
6 9
1 2
1 40
8 5
21 21
23 8
17 5
13 19
6 40
2 41
11 24
16 7
18 8
7 9
12 20
17 2
19 23
17 13
7 13
16 2
7 11
3 26
3 1
20 20
8 42
23 26
6 42
21 52
18 46
22 47
16 50
13 48
11 44
4 44
8 14
22 4
21 12
6 13
12 12
18 42
15 5
0 42
11 4
5 45
23 11
10 20
11 42
18 19
22 27
1 15
8 2
3 7
12 42
16 43
6 21
2 9
13 15
7 8
23 17
19 26
18 26
17 24
1 0
5 8
6 17
7 26
12 52
10 50
19 53
17 52
24 45
1 49
0 45
5 51
14 53

