317
8 5
24 11
21 30
18 14
12 30
11 49
7 50
19 53
20 45
10 47
1 52
4 53
11 25
21 5
22 11
1 8
12 19
17 30
14 14
6 30
2 17
23 48
16 16
3 10
11 30
13 16
21 28
8 29
18 15
3 0
23 30
0 31
12 14
7 13
17 20
16 1
7 16
9 20
2 13
18 6
7 20
18 3
7 2
2 5
8 22
2 9
20 32
22 20
0 32
10 46
4 48
18 45
13 44
11 45
24 50
19 50
18 18
13 4
11 15
17 6
0 25
23 32
22 16
5 32
16 0
12 47
3 6
9 6
22 32
3 4
1 20
18 28
6 9
23 20
11 32
15 33
8 25
23 7
13 23
21 0
2 22
16 26
13 3
7 28
22 3
17 24
24 13
0 20
22 22
4 19
20 34
24 17
10 34
13 51
2 48
12 49
18 47
1 50
19 49
0 51
22 5
3 20
1 23
21 26
12 2
17 34
5 13
7 34
2 12
6 49
14 19
23 29
3 34
6 6
23 13
21 22
11 4
1 26
22 34
15 35
8 7
12 18
17 1
13 1
2 7
19 14
16 4
6 18
23 14
8 24
0 3
15 8
21 17
24 20
0 36
22 26
7 36
12 46
4 47
2 52
10 44
18 49
13 49
20 50
22 13
8 1
7 15
11 20
0 27
20 36
6 13
17 36
13 6
23 53
3 21
16 22
16 36
18 9
7 8
6 20
23 21
2 18
22 36
11 37
8 2
22 1
1 28
3 27
17 7
1 16
7 6
11 8
0 23
7 1
15 2
8 10
19 2
20 11
7 38
21 14
0 38
22 47
18 46
2 44
13 52
4 49
24 48
12 53
13 21
8 13
1 15
12 26
2 23
10 38
23 27
16 38
22 17
6 48
5 27
21 11
2 38
8 20
23 2
22 21
16 10
7 27
6 38
10 39
18 19
13 25
1 11
3 8
17 29
0 16
13 26
2 19
4 14
12 17
22 8
6 10
10 11
20 20
18 40
12 0
1 40
24 45
8 47
13 53
4 50
11 44
7 53
21 47
18 11
13 27
8 14
7 29
2 28
23 40
0 9
15 40
21 8
14 49
6 26
12 15
12 40
1 18
7 24
8 15
6 5
16 2
13 40
21 41
18 29
2 14
3 11
11 18
17 3
16 15
14 17
15 12
9 2
16 11
24 16
6 3
13 10
20 1
7 42
11 26
21 42
12 45
0 53
10 52
4 46
18 44
24 46
19 51
7 4
18 13
22 6
16 25
10 9
12 42
5 3
1 42
21 25
9 47
6 21
23 25
11 42
13 15
21 24
1 12
8 11
3 24
18 42
15 43
7 26
2 11
12 24
6 15
22 0
11 5
7 7
5 17
1 1
7 18
5 28
8 18
6 44
15 52
5 46
17 46
14 53
23 45
16 46
3 45
9 52

