317
13 0
24 14
18 30
6 15
15 30
3 45
10 53
4 53
20 53
5 52
8 48
9 44
3 1
16 18
18 25
22 21
7 28
20 30
2 16
11 30
23 29
17 45
1 10
6 9
1 30
3 2
8 1
13 28
12 21
18 16
7 30
21 31
2 5
11 20
6 10
17 6
13 22
11 2
19 19
3 14
10 23
1 7
16 3
24 7
11 27
13 19
5 32
8 13
18 32
9 46
24 48
21 46
3 46
16 44
20 51
10 51
7 15
18 8
6 6
21 14
10 15
3 32
22 7
15 32
1 9
23 44
8 7
12 7
22 32
11 9
13 18
18 20
21 6
1 29
8 32
2 33
17 7
18 4
6 28
23 15
12 14
16 20
7 12
20 0
20 14
16 5
2 26
15 2
21 21
18 29
3 34
6 11
10 34
5 51
16 47
20 47
8 44
19 49
13 53
15 46
11 13
13 13
16 9
21 18
3 25
8 34
6 17
22 34
18 18
12 53
2 1
17 4
17 34
2 9
23 2
22 17
13 10
16 14
21 34
7 35
3 27
12 10
8 15
11 16
18 0
13 25
4 23
24 18
21 29
23 11
19 15
4 7
18 24
6 19
3 36
24 8
10 36
8 51
19 47
20 44
5 49
16 45
13 44
15 49
11 7
3 23
13 8
23 23
17 27
15 36
1 26
7 36
22 24
2 50
12 16
24 2
12 36
11 11
6 8
8 18
3 28
17 17
2 36
21 37
1 23
1 28
18 23
13 17
16 24
21 3
3 19
21 27
18 11
3 10
22 16
19 7
9 0
15 14
10 38
16 26
20 38
3 53
6 51
8 52
13 50
19 52
4 44
18 49
3 9
13 9
18 2
11 23
20 13
22 38
2 18
5 38
17 14
12 48
1 20
16 1
1 38
8 23
17 2
18 13
12 26
21 9
13 38
22 39
11 3
6 20
2 3
2 10
7 10
11 6
21 10
0 5
3 29
1 16
2 14
13 7
10 21
5 6
3 40
24 23
8 40
20 48
16 50
11 46
15 45
19 48
13 51
6 45
1 2
11 26
8 17
6 21
2 8
22 40
14 17
16 40
21 7
24 47
7 16
12 23
11 40
7 9
17 10
13 23
12 18
16 15
6 40
21 41
3 15
8 26
1 5
2 23
18 10
11 10
0 25
0 21
17 12
21 1
8 14
12 5
21 8
13 24
3 42
11 24
15 42
5 47
8 49
19 51
6 48
20 45
10 47
18 50
6 26
18 14
16 28
8 21
3 3
10 42
17 5
22 42
7 5
12 46
2 20
1 18
12 42
7 8
11 17
3 22
18 28
22 26
2 42
7 43
17 24
1 17
6 12
16 16
23 10
0 17
3 21
17 1
24 9
6 22
3 18
2 19
12 49
2 51
0 50
1 47
23 47
22 51
17 48
7 49
14 47

