317
8 6
14 21
10 30
16 22
12 30
2 50
17 50
1 44
20 52
15 50
5 50
3 50
1 17
13 13
12 26
21 9
2 8
22 30
19 24
6 30
11 21
18 47
24 7
16 27
1 30
2 14
18 27
6 3
7 24
13 21
16 30
21 31
3 13
8 20
17 13
12 11
6 12
4 18
19 21
5 5
3 16
1 23
2 2
20 20
8 2
6 8
15 32
3 17
13 32
2 49
10 53
11 46
1 52
7 51
20 48
5 48
13 0
2 22
11 24
1 14
7 7
22 32
21 14
17 32
16 20
3 48
12 25
9 6
2 32
8 26
17 22
11 19
3 0
21 24
7 32
22 33
18 24
13 1
12 13
1 11
16 13
0 12
23 15
12 20
1 1
14 24
24 13
24 28
3 25
20 24
7 34
2 1
5 34
10 48
16 49
17 45
11 48
14 52
1 47
15 49
3 11
7 15
8 28
1 9
15 9
12 34
21 23
17 34
6 10
23 47
22 14
2 27
1 34
18 8
22 19
21 4
8 4
3 2
2 34
11 35
17 9
7 25
12 29
6 16
23 22
14 0
8 29
18 11
0 6
9 11
2 5
6 6
17 5
20 13
2 36
6 20
7 36
1 45
5 52
10 46
15 46
11 53
16 52
14 50
7 6
23 2
1 7
12 23
2 9
10 36
21 28
16 36
13 27
22 44
6 11
9 14
22 36
21 12
18 0
16 11
3 21
6 21
1 36
11 37
17 17
2 4
7 8
23 17
8 24
17 12
5 23
6 1
5 22
14 10
13 10
16 16
3 29
10 23
5 38
7 1
15 38
20 53
12 53
17 53
2 47
8 49
1 50
11 44
8 8
1 5
16 17
3 23
17 18
22 38
7 26
12 38
6 7
4 45
19 5
21 15
3 38
8 22
6 18
16 6
12 8
21 3
17 38
22 39
18 1
1 26
2 28
2 6
11 16
20 22
6 15
4 10
8 19
0 17
15 10
7 19
5 7
14 25
1 40
10 19
16 40
15 48
11 47
7 50
20 47
6 46
8 46
3 49
3 5
17 0
2 12
16 7
7 9
5 40
4 4
22 40
11 12
21 47
10 14
18 26
18 40
23 23
1 28
22 21
8 21
16 29
21 40
11 41
3 20
6 27
7 12
2 10
17 11
6 26
17 14
3 1
1 4
6 17
17 26
6 29
12 10
15 2
5 42
3 4
7 42
13 44
16 53
10 49
2 51
1 48
17 49
14 48
17 21
6 14
16 18
21 18
7 13
2 42
18 29
11 42
22 18
23 46
9 7
4 22
18 42
18 9
7 2
12 19
2 13
13 9
23 42
20 43
1 20
11 3
16 21
3 15
6 2
21 25
0 28
2 23
12 3
8 11
12 17
18 6
22 47
4 48
0 44
9 45
19 44
21 49
23 45
18 48
24 45

