317
1 19
14 13
12 30
11 21
15 30
17 53
8 44
7 50
24 52
9 46
22 50
21 48
8 6
17 20
16 0
22 1
12 24
0 30
11 11
5 30
21 24
18 45
3 26
23 4
3 30
2 0
7 5
18 16
23 16
11 6
8 30
20 31
1 18
16 6
17 19
13 12
16 15
18 23
0 17
24 23
4 10
16 22
18 12
8 8
17 23
15 26
8 32
16 13
20 32
7 51
1 51
13 46
11 47
22 52
24 53
18 53
17 3
22 6
18 17
21 17
7 12
2 32
16 2
12 32
1 16
23 45
6 5
10 17
22 32
18 26
17 2
1 14
13 16
23 13
7 32
2 33
11 24
23 8
6 22
21 3
16 14
5 5
21 22
11 15
20 17
0 11
17 8
21 29
9 7
16 11
17 34
24 4
13 34
22 45
12 45
21 46
7 45
11 46
1 45
15 44
1 1
13 19
12 22
11 1
17 21
20 34
5 17
6 34
16 7
23 50
3 10
2 8
11 34
8 23
16 27
18 10
1 8
13 20
12 34
20 35
7 25
2 21
21 20
3 15
17 6
12 1
14 22
14 17
7 28
6 0
11 9
1 25
7 15
12 6
17 36
14 4
20 36
11 52
15 45
16 48
9 50
1 50
8 46
13 51
21 8
7 4
8 13
16 5
17 18
2 36
6 14
22 36
13 6
0 52
14 23
10 6
7 36
8 3
22 3
21 25
13 27
17 4
11 36
1 37
23 29
11 3
18 11
6 2
16 9
6 12
3 1
1 3
7 21
23 9
9 8
14 11
24 7
15 6
21 38
16 23
13 38
12 46
17 50
11 49
8 53
20 44
18 47
1 48
21 26
22 20
17 11
11 7
12 10
8 38
23 24
1 38
18 3
6 48
10 12
16 16
12 38
3 19
16 29
13 11
18 20
6 23
11 38
7 39
23 0
1 29
21 11
21 21
2 26
11 22
9 0
2 9
21 14
5 26
17 26
1 12
14 28
24 22
16 40
15 7
7 40
18 48
21 51
13 50
1 44
20 51
11 48
9 49
13 7
18 27
17 0
16 18
7 2
22 40
6 19
10 40
21 19
0 53
3 27
2 12
1 40
12 9
7 18
8 4
6 6
17 7
13 40
21 41
3 21
11 4
16 3
2 28
18 13
17 12
18 6
2 29
19 6
1 9
15 21
10 11
1 7
20 16
8 42
7 27
12 42
21 47
17 45
14 52
18 52
22 51
11 50
16 45
1 13
8 26
6 11
21 12
12 4
22 42
7 0
15 42
11 23
3 46
2 18
10 23
2 42
1 21
12 15
17 9
8 7
16 26
11 42
22 43
6 15
18 19
3 6
7 26
21 1
12 17
4 6
8 28
4 11
5 4
10 16
19 24
2 50
4 53
10 46
19 45
5 44
23 48
3 50
6 49
0 47

