r\t   0   1   2   3   4   5   6   7   8   9  10  11  12  13  14  15  16  17  18  19  20  21  22  23  24 
  0  -1  -1  -1 146  -1  -1  -1  -1  -1  -1  -1  -1 253 277  -1  -1 125  -1 300  -1 219  -1  -1  -1  -1 
  1  45  12  -1  -1  -1  -1  -1 218 235  -1  66 169  -1  -1  -1  -1  -1  -1  -1 305  -1 298 211  -1  -1 
  2  -1 166 145 104 104  -1 190  60  60  -1  -1  -1  33  -1  -1  -1  -1  -1  -1  -1  -1  -1  -1  -1  -1 
  3  91 232  -1  76  -1 304  -1 299  -1  -1  -1  27 259  -1   1  -1 161  -1 128  -1  -1  -1 115  -1  -1 
  4  -1  41 252  -1  -1  -1  62  -1  25  -1  -1  -1  36  -1  -1  -1 130  -1  59  -1 106  -1  -1  57  -1 
  5  -1  80  -1  -1  -1  -1 212 116 172  -1 238 263  -1  -1  -1  -1  -1  64 124  -1 243  28  -1  -1  -1 
  6  -1  -1  35 113  -1  -1 284 101  -1  -1  -1 165 135 144  -1  -1  -1  26  -1  -1  -1  -1  -1  -1  -1 
  7  -1 261 157  -1  -1  -1  -1  -1  -1  -1  -1 240  -1  -1  -1  -1  -1  -1  -1  -1  -1  39  -1 133 216 
  8  -1  -1  -1  -1  -1  -1  47  -1  -1  -1  -1  -1  -1  -1  -1  -1  -1  -1 262  -1  -1  -1  -1  87  -1 
  9  -1  -1  -1  -1  -1  -1  -1  32  71  -1  -1  58 122 217  -1  -1  -1 246  -1  -1  -1  -1  82  -1  -1 
 10 214  -1  -1  -1  -1  -1  -1 242  -1  -1  -1  -1  -1 160  -1  -1  -1  -1  -1  -1  -1  -1  -1  -1  -1 
 11  -1  34 306  -1  -1  -1 292 204 102  -1  -1  -1 303 293  -1  -1  -1  81  -1  -1  -1 210  -1 114  -1 
 12  -1  -1 279  -1  -1  -1  -1 158  -1  -1  -1  -1  69  -1  -1  -1 248  -1  -1  -1  -1  -1  -1  -1  -1 
 13  -1 129  -1  -1  -1  -1 123  -1  -1  -1  -1  -1  -1  -1  -1 175  73 126  -1  -1  -1  -1  -1 208 221 
 14  -1  38  -1 255  -1  -1 159 192 192  -1 198  -1  -1 189  -1  -1  -1  -1 247  -1  -1  -1 150  -1 215 
 15  -1 289  -1  -1  -1  -1  -1  -1 296  -1  -1  15 233  85  -1  -1  -1  -1 170  -1  -1  -1 286  -1  -1 
 16  -1  -1  16  16  -1  -1  72  -1 164  -1  -1  -1  -1  -1  -1  -1  -1  -1  -1  -1  -1 199  -1  88  -1 
 17  -1  -1  -1 205  -1  -1  -1  -1 121  -1  -1  -1  23  22 176 177  -1  -1  -1  -1  -1  -1  67 276 213 
 18  -1  -1  -1  -1  -1  -1  -1 223  -1  -1  -1 282  -1  -1  -1  -1  -1  -1 203  -1  -1  78  -1  -1  -1 
 19  -1  -1  -1 171  -1  -1  -1  13 249  -1  -1 302  -1 209  -1  -1  -1  -1  -1  -1  -1  -1  -1  -1  -1 
 20 265  -1 236 236  -1 127  -1  37  -1  -1  -1  89  -1  56  -1  -1 154 110 174  -1  -1 155  -1  -1  -1 
 21  -1  -1  -1  43  -1  -1  -1  77  -1  40  -1 267 291  -1  -1  -1  -1  -1 147  -1 307  -1  -1 179  -1 
 22  42  -1  -1  -1  -1 287  -1  -1 201  -1  -1  -1  -1  -1  -1  -1  -1 290  -1  -1  -1  -1  86 264  -1 
 23  -1  -1  -1  -1  44  -1  -1 256  -1 131  -1 188  -1  -1  -1  -1  -1 117  -1  -1  -1  -1  -1  -1 301 
 24  -1 108 120  -1  -1  -1  -1  -1  -1  -1  -1 297  -1  -1 132  -1  -1  -1  -1  -1  -1  -1  -1  -1  -1 
 25 220  -1  -1  -1  -1  -1 234  -1  20  -1  -1  -1  -1 245  -1  -1 257  -1  -1  -1  -1  -1  -1 152  -1 
 26 148 148  -1 191  -1  -1 173  -1  -1  -1  -1  -1  -1  -1  -1  -1  -1  -1  -1  -1  -1  -1  -1  -1  -1 
 27  -1 258 196  -1  -1  -1  14 280 280 260  -1  -1  -1  79  -1  -1 111  -1  -1  -1  -1  -1  -1 194  -1 
 28  -1  -1  -1  29  -1  -1  -1  -1  -1  -1  -1 254   3  -1  -1  -1 202  -1 100  -1  -1  -1  -1  -1  -1 
 29  -1  -1  70 167  -1  -1 103  -1  -1  -1  -1  -1 278  84  83   0  18  -1  -1  -1  -1  -1  -1 168  -1 
 30   2   2  -1   4   4  -1  24  -1  -1  -1  -1  -1  -1  -1  -1  -1  30  19  19  19  -1  -1  17  17  -1 
 31  -1  -1  -1  -1  -1  -1  -1  -1  -1  -1  -1  -1  -1  -1  -1  -1  -1  -1  -1  -1  -1  -1  31  31  31 
 32  -1  63  63  63  -1  -1  -1  46  46  -1  -1  48  48  68  -1  -1  -1  -1  -1  -1  61  61  -1  74  -1 
 33  -1  -1  -1  -1  -1  -1  -1  -1  -1  -1  -1  -1  -1  -1  -1  -1  -1  75  75  75  -1  -1  -1  -1  -1 
 34  -1  -1  92  92  -1  -1  -1  -1  90  90  -1  -1 105 105  -1  -1 112  -1  -1  -1  -1 118 107 107 107 
 35  -1  -1  -1  -1  -1  -1  -1  -1  -1  -1  -1  -1 119 119 119  -1  -1  -1  -1  -1  -1  -1  -1  -1  -1 
 36 136 136 134 134  -1  -1 151 151 151  -1 149 149 162  -1  -1  -1  -1  -1  -1  -1  -1 156  -1  -1  -1 
 37  -1  -1  -1  -1  -1  -1  -1  -1  -1  -1  -1  -1  -1  -1  -1  -1  -1 163 163 163  -1  -1  -1  -1  -1 
 38 193 193  -1 180 180  -1 178 178  -1  -1  -1 200 206  -1  -1  -1 195 195 195  -1  -1  -1  -1  -1  -1 
 39 207 207 207  -1  -1  -1  -1  -1  -1  -1  -1  -1  -1  -1  -1  -1  -1  -1  -1  -1  -1  -1  -1  -1  -1 
 40  -1 250 222 222  -1  -1 244  -1  -1  -1  -1  -1  -1 224 224  -1  -1 239 239 239  -1  -1 237 237  -1 
 41  -1  -1  -1  -1  -1  -1  -1  -1  -1  -1  -1  -1  -1  -1  -1  -1  -1  -1  -1  -1  -1 251 251 251  -1 
 42  -1  -1  -1 281 281  -1 268 268  -1  -1  -1  -1  -1 266 266  -1 283 283 283  -1  -1  -1 288 294  -1 
 43  -1 295 295 295  -1  -1  -1  -1  -1  -1  -1  -1  -1  -1  -1  -1  -1  -1  -1  -1  -1  -1  -1  -1  -1 
 44  -1  -1  -1  -1 269  -1  -1  -1  -1 271  -1  -1  -1  -1  54  -1  -1  -1  -1  -1  -1 313 197  -1 275 
 45  -1 227  -1  -1 138  -1 142  -1  -1  49  -1  10  96  -1  -1 141  -1  -1  -1 316  -1 109  -1  -1 181 
 46  -1  -1  -1  -1  -1  -1  -1  -1  -1  -1  -1 140 228 137  -1  -1  -1  -1  -1  -1 312  -1  -1  -1 143 
 47  -1  -1  -1  -1  -1  -1   5   7  -1 139  -1  -1  -1  -1  -1  50  65  -1  -1  -1  -1  -1  -1   8  -1 
 48  -1  -1  11  -1  -1  -1  -1  -1   6 225  -1 231 186  -1  -1  98 309 310  -1  -1  -1  -1  -1  53  -1 
 49  -1  -1  -1  -1  -1 315  -1  93 274  -1 311  -1  -1  -1  -1  -1  -1  -1  -1  -1  -1 285  -1  -1  -1 
 50  -1  -1  -1  -1  -1  -1  -1  -1 184   9  -1  -1 153  -1  -1 230  -1  -1  -1  -1  -1  -1  -1  -1  55 
 51  -1  94 270  -1  97  -1  -1  -1  -1  -1  -1  -1 273  99  -1  -1  -1  -1 308  -1  -1  -1  -1  -1  -1 
 52  -1  -1  52  -1  -1  -1 229  -1  -1  -1  -1  -1  -1 182  -1  -1 241  -1  -1  -1  -1  21  -1  -1  -1 
 53  -1  -1 187  -1  -1  -1  95  -1 226 185  -1 183  -1  51  -1 272  -1  -1  -1  -1  -1  -1 314  -1  -1 

r\t   0   1   2   3   4   5   6   7   8   9  10  11  12  13  14  15  16  17  18  19  20  21  22  23  24 
  0  -1  -1 296  -1 303  -1 242 293  35  -1  -1  -1  -1  -1  -1  -1  -1 284  -1  -1  -1  -1  -1 146  -1 
  1  -1  -1  -1  -1  -1  87 305  -1  -1  -1  -1 205  -1  -1  -1  -1  -1 113  -1 130  -1  -1  16  16  -1 
  2  -1 240  -1  -1  -1  -1 117  -1  -1  -1  -1  -1 110  -1  -1  -1  77  23  -1  -1  -1  47  -1  58  -1 
  3 304  -1 232  -1  -1  -1  -1 148 148  -1  -1  79 287  -1 214  -1 120  -1  -1 131  -1  -1 145  -1  -1 
  4  -1  -1  -1  -1  -1  -1  -1 189  -1  -1  -1 159  -1  -1  -1  -1  -1  -1 279  -1  -1  26  -1  -1  -1 
  5  -1 292  -1  -1  -1  -1  -1  -1  -1 128  -1  -1 164  -1  -1  -1  -1  71  -1  -1  -1 127 116  -1  -1 
  6  -1 103  36  -1  -1  91  -1 125 190  -1  -1  -1 298 247  -1  -1  -1  -1  -1  -1 177 135  44  -1  -1 
  7 307  33  -1  -1  -1  -1 276  14  86  -1  -1  -1  -1 111  -1  -1  -1  -1  25  -1  -1 123  -1  -1  -1 
  8  -1  -1  -1  -1  -1  43 223 211  -1  -1  -1  29  41  -1  -1  -1 170  -1 212  -1  -1  -1  -1  -1   1 
  9  37  -1  -1  -1  -1 126  -1  -1 291  -1  -1  -1  -1 261  -1  -1 154 302  -1  -1 220  -1 300   3  -1 
 10  -1 255  69  -1  -1  -1  -1  -1  -1  -1 264 260  -1  67  -1 172  -1  -1  -1  -1  -1  -1  -1  -1  -1 
 11  -1 133 306  -1  -1  -1  18 246  -1  -1  -1  -1  -1  -1  -1  -1  -1  -1  -1  -1  -1  42 234 254  -1 
 12  -1  -1  -1  -1 198  -1 249  -1  -1  -1  -1  -1  -1  -1  -1  -1 157  -1  -1  -1  -1 235  -1  -1  -1 
 13  -1  -1  -1  -1  -1  -1  -1 278  -1  -1  -1  -1  -1  -1  -1  -1  -1 201  -1  -1  -1  -1  -1  -1  -1 
 14  -1  -1  -1 299  -1  -1  -1 158  39  -1 301 106  -1 175  -1  -1  -1  -1  76  -1  -1  -1 108 265  -1 
 15  -1 174 192 192  -1 221  -1  -1  -1  -1  -1  -1  -1 161  -1  -1  32  -1  -1  -1  -1 204  56  -1  -1 
 16  -1  80  -1 203  -1  -1  -1  -1  -1  -1  -1  -1 213  -1  -1  -1  -1 215  -1  -1  -1  -1  -1  -1  -1 
 17  -1  12  -1  -1  -1 171  -1 104 104  -1 280 280 115 286  -1  -1  -1  -1  -1  -1  -1  -1  -1  -1  -1 
 18  -1 216 208  -1  -1  -1 297  -1  -1  -1  89 253  -1  -1  -1  -1  -1  -1  -1  -1  -1 179 245  -1  -1 
 19  -1   0  -1  -1  -1  -1 100  -1 282  -1  -1  -1 191  -1  -1  -1  22  -1  -1  -1  -1  -1  -1 121  -1 
 20  -1  -1  60  60  -1  -1 166  -1  13  -1  -1  -1  -1  -1  -1  -1  -1 167  -1  -1  -1  -1 132 169  -1 
 21  45  59  -1 252  -1  -1  -1 236 236  -1  -1 194  -1 155  -1  -1 209  -1  83  -1  -1  20  -1 160  -1 
 22  -1  -1 257  70  -1  -1 147 210 267  -1 259  -1 248  -1  -1  -1  -1  -1  84  38  -1  -1  -1 202  -1 
 23  -1  -1  -1  27  -1  -1  73 124  -1  -1  -1  85  -1  72  -1  -1  -1  -1  57  -1  -1 165  -1  -1  -1 
 24  -1 168 277  -1 238  -1  -1  -1  -1  -1  -1  -1  -1  -1  -1  -1  -1  -1  15  -1  -1 101  -1  -1  -1 
 25  -1  -1  -1 218  -1  -1 188 173  -1  -1  -1  -1  -1  -1  -1  -1  40  -1  -1  -1  -1  62  -1 233  -1 
 26  -1  -1  -1  -1  -1  -1  28  -1 256  -1  -1 114  -1  -1  -1  -1 129  -1  -1  -1  -1 150  78  -1  -1 
 27 176  -1  -1 122  -1  -1  -1  34  -1  -1  -1  66  -1 196  -1 263  -1  -1 144 243 258 199  -1  -1  -1 
 28  -1  -1  -1  -1  -1  -1  64  -1  -1  -1 217  -1  -1 219  -1  -1  -1  -1  88  -1  -1  -1  -1  -1  -1 
 29  -1 152  -1  -1  -1  -1  -1  -1  -1  -1  -1  82  -1 262  81  -1  -1  -1 289  -1  -1 290  -1 102  -1 
 30  -1  -1  19  19  19  -1  -1  -1   4   4  -1  -1  17  17  -1  -1  -1  24  -1  -1   2   2  30  -1  -1 
 31  -1  -1  -1  -1  -1  -1  -1  -1  -1  -1  -1  -1  31  31  31  -1  -1  -1  -1  -1  -1  -1  -1  -1  -1 
 32  -1  48  48  -1  -1  -1  -1  61  61  -1  -1  -1  68  -1  -1  63  63  63  -1  -1  -1  74  -1  46  46 
 33  -1  -1  -1  -1  -1  -1  -1  75  75  75  -1  -1  -1  -1  -1  -1  -1  -1  -1  -1  -1  -1  -1  -1  -1 
 34  -1  -1 105 105  -1  -1  -1  -1 112  -1  -1  -1  -1 118  -1  -1  -1 107 107 107  92  92  90  90  -1 
 35  -1  -1 119 119 119  -1  -1  -1  -1  -1  -1  -1  -1  -1  -1  -1  -1  -1  -1  -1  -1  -1  -1  -1  -1 
 36  -1  -1 149 149  -1  -1 134 134 136 136 151 151 151  -1  -1  -1  -1  -1 156  -1  -1  -1 162  -1  -1 
 37  -1  -1 163 163 163  -1  -1  -1  -1  -1  -1  -1  -1  -1  -1  -1  -1  -1  -1  -1  -1  -1  -1  -1  -1 
 38  -1 206 178 178  -1  -1 200 180 180  -1  -1  -1  -1  -1  -1  -1 195 195 195  -1  -1  -1 193 193  -1 
 39  -1  -1  -1  -1  -1  -1  -1  -1  -1  -1  -1  -1 207 207 207  -1  -1  -1  -1  -1  -1  -1  -1  -1  -1 
 40 224 224 244  -1  -1  -1  -1  -1  -1  -1 239 239 239  -1  -1  -1  -1 237 237  -1  -1 250 222 222  -1 
 41  -1  -1  -1  -1  -1  -1  -1  -1  -1  -1  -1  -1  -1  -1  -1  -1 251 251 251  -1  -1  -1  -1  -1  -1 
 42 281 281 268 268  -1  -1 266 266  -1  -1  -1 294  -1 288  -1  -1  -1  -1  -1  -1 283 283 283  -1  -1 
 43  -1  -1  -1  -1  -1  -1  -1  -1  -1  -1  -1  -1  -1  -1  -1  -1 295 295 295  -1  -1  -1  -1  -1  -1 
 44  -1 182 228  -1  -1  55  -1  -1  -1  -1  -1  -1  -1  -1 316  -1  -1  -1 141  -1  -1  -1  -1 139  98 
 45  94  -1  -1  50  -1 185  -1  53 230  97  -1  21  -1  -1  -1  -1  -1  -1  -1  -1  -1  -1  -1  -1  -1 
 46  -1  -1  -1  -1  -1  -1  -1  -1  -1 183  -1  -1  -1 241  -1 309 311 308  -1  -1  -1  -1  -1  -1  -1 
 47  -1  -1  -1 231  -1 140  93  -1  -1  -1  -1  -1  65  -1  -1  -1  -1  -1  -1  -1  -1 270  -1  -1  -1 
 48 269  -1  -1  -1  -1  -1  -1  -1  -1  -1  -1  -1 313  -1  -1  -1  -1  -1  -1  -1  -1 227 186  -1 143 
 49 137 273  -1  -1  -1  -1  -1   5  95  -1   8  -1  -1 314  -1  -1  -1  -1  -1 310  54  -1  -1  -1  -1 
 50  -1  -1 142  -1  -1  -1  51  -1  -1  -1  -1  -1  -1  -1  -1  -1 109 153  10 285  -1  -1  -1 184 275 
 51  -1  -1  -1  -1  -1  -1  -1 226  -1 274  -1  -1  -1  -1  -1  -1  -1  -1  52  -1 138  -1  -1  -1  -1 
 52   7  96  -1  -1  -1   9  -1  -1  -1  -1 181 312  -1  -1  -1  -1  -1  -1 272  -1  -1  -1  -1  -1 225 
 53  -1  -1   6  -1 315 271 187  99  -1 229  49  -1  -1  -1  -1  -1  -1  -1  -1  -1  -1  -1  11  -1 197 

r\t   0   1   2   3   4   5   6   7   8   9  10  11  12  13  14  15  16  17  18  19  20  21  22  23  24 
  0  -1  -1  -1  -1  -1  -1  -1 189  -1  -1  -1  -1 204  -1  -1  -1  -1  -1  -1  -1  -1  -1  -1 232  -1 
  1 214 303  -1  -1  -1  88  -1  -1  -1  -1  -1 208  -1 280 280  -1  -1  -1  -1  -1  -1  -1  -1  -1  -1 
  2  -1  42  -1  -1  43  -1 307  67 279  -1  -1 135 262 157  -1  37 133  -1  83  -1  -1  23  -1 100  -1 
  3  87 205  -1 243  -1  -1  -1  -1 152  -1  -1  13  -1  -1  -1  -1  -1  -1  79  -1 177  -1 278  -1  -1 
  4  -1  84  -1  -1  -1  -1  -1  -1  -1  -1  -1  -1  -1  -1 221  -1  -1  -1  -1  -1 127  -1 240 290  -1 
  5  -1  -1 282  -1  -1  -1 171 219  -1  -1 236 236  -1 298  -1  -1  -1  -1  -1  -1  -1  -1  -1  44  -1 
  6  -1  -1  -1 129  -1  -1  -1 110  -1  -1  -1  -1  -1 121  -1  -1 108  -1  -1  -1  -1  -1  91  -1  -1 
  7  -1  -1  -1  -1  -1  -1 114  -1  -1  -1  -1  -1  -1  -1  -1  -1  -1  -1 102  -1  -1  -1 117 203  -1 
  8  -1  -1  -1  -1  -1 126 276  -1 253  -1  -1  -1 287  -1  -1  -1  35 291  58  -1  -1 198  -1  -1  -1 
  9  -1  -1  -1  -1  -1  -1  -1  -1 263  -1 150  -1  -1 188  -1  -1  -1 146  -1 220  -1  -1  -1  -1  -1 
 10  -1  -1  -1  76  -1  -1 161  -1  -1  -1  -1  73  -1  -1 132  -1  -1 246 148 148  -1  -1 191  59  -1 
 11  -1 158 173  -1  -1 179 130  -1 199  -1  -1  -1 194  -1  -1  -1 201  -1  -1  -1  -1 248  -1 144  -1 
 12  -1  -1  -1  -1  -1  -1 305 245  -1  -1  -1 289  -1  -1  -1  -1  -1 123  -1  -1  -1  -1  -1  -1  -1 
 13  -1  70 120  -1  -1  -1  56  -1  -1  -1 223  29  -1  -1  -1  -1 249  47  -1  -1  -1  -1  -1 277  -1 
 14  -1  27  -1  -1  -1   3  -1 210  -1 302  60  60 167  -1  82  41 264  14  28 215  -1  -1  -1  -1  -1 
 15  -1  -1  80  -1  -1  -1 216 284  18 128  -1  -1  20  -1  -1  85  89 209 168  -1  -1  66  -1 165  -1 
 16  -1  -1  -1  -1  -1  -1  -1  -1  -1  -1  -1 154  -1  -1  -1  -1 261 235 254  -1  -1 111  -1  78  -1 
 17 172  -1  -1 159  -1  -1 301  -1  -1  -1  -1  -1  -1  -1 125  -1  -1  -1 306  -1  -1  -1  -1  -1  -1 
 18  -1 304  -1  -1  -1  -1  -1  86  -1  -1  -1  -1 122  -1  -1  -1  -1  -1  -1  -1  -1 160  -1  -1  -1 
 19  -1 196  -1  -1  -1  -1  -1  -1  -1  -1  -1  -1  -1  15  -1  -1  -1  -1 116  -1  45 238  -1  -1   1 
 20  -1  -1  -1 292  -1  -1  -1  -1  -1  -1  -1 247  -1  -1  -1  -1  69  -1 212  -1  -1  -1 106  -1  -1 
 21  -1 296 164  39  -1  -1  -1 131  -1  -1  -1 267 242 218  -1 176  -1 166  -1  -1 257  -1  -1  -1  -1 
 22  -1   0  33 256  -1  -1  -1  -1 115 217  -1  -1 155  -1  -1  -1 174  -1  -1  -1  -1  -1 255 252  -1 
 23  -1  36  -1  -1  -1 169  22  32  40  -1  -1  -1  -1  -1  -1  -1  57  34  12  -1  -1  -1  16  16 258 
 24  -1  -1  -1  81  -1 104 104  71  -1  -1  -1  -1  -1  -1  -1  -1  -1  -1 297  -1  -1  -1 300 192 192 
 25  -1 103 299 175  -1  -1  -1  -1  62  -1  -1  -1  -1  -1  -1  -1  -1 260  -1  -1 265  26  64  -1  -1 
 26  -1  -1  -1 113  -1  -1  -1 147 170  -1  -1 286  -1  -1  -1  -1 293 101 233  -1  -1  -1  -1  -1  -1 
 27  -1  -1  -1  -1  -1  -1  25  77  72  -1  -1  -1  -1  -1  -1  -1  -1  -1  -1  38  -1  -1  -1  -1  -1 
 28  -1  -1  -1  -1  -1  -1  -1 211  -1  -1  -1 190 213  -1  -1  -1 234  -1  -1  -1  -1  -1 145  -1  -1 
 29  -1  -1  -1  -1  -1 259  -1  -1  -1  -1  -1  -1  -1  -1  -1  -1  -1  -1  -1  -1  -1 202  -1 124  -1 
 30  -1  19  19  19  -1  -1  -1  -1  24  -1   2   2  -1  -1  -1  17  17  -1   4   4  -1  -1  -1  30  -1 
 31  -1  -1  -1  -1  -1  -1  -1  -1  -1  -1  -1  -1  31  31  31  -1  -1  -1  -1  -1  -1  -1  -1  -1  -1 
 32  -1  63  63  63  -1  -1  68  -1  -1  -1  48  48  61  61  -1  -1  -1  -1  46  46  -1  74  -1  -1  -1 
 33  -1  -1  -1  -1  -1  -1  -1  -1  -1  -1  -1  -1  75  75  75  -1  -1  -1  -1  -1  -1  -1  -1  -1  -1 
 34  -1  -1 107 107 107  -1  -1 118  -1  -1 105 105  -1  90  90  -1  -1  -1  -1  -1  -1 112  -1  92  92 
 35  -1  -1  -1  -1  -1  -1  -1  -1  -1  -1 119 119 119  -1  -1  -1  -1  -1  -1  -1  -1  -1  -1  -1  -1 
 36 134 134 151 151 151  -1  -1  -1  -1  -1  -1 156  -1  -1  -1  -1  -1  -1 136 136 149 149  -1 162  -1 
 37  -1  -1  -1  -1  -1  -1  -1 163 163 163  -1  -1  -1  -1  -1  -1  -1  -1  -1  -1  -1  -1  -1  -1  -1 
 38  -1  -1 193 193  -1  -1  -1  -1 200  -1 178 178  -1 206  -1  -1  -1 195 195 195  -1  -1 180 180  -1 
 39  -1  -1 207 207 207  -1  -1  -1  -1  -1  -1  -1  -1  -1  -1  -1  -1  -1  -1  -1  -1  -1  -1  -1  -1 
 40 237 237  -1  -1  -1  -1 250 239 239 239  -1  -1 244  -1  -1 224 224  -1  -1  -1  -1  -1 222 222  -1 
 41 251 251 251  -1  -1  -1  -1  -1  -1  -1  -1  -1  -1  -1  -1  -1  -1  -1  -1  -1  -1  -1  -1  -1  -1 
 42 266 266  -1 281 281  -1 294  -1  -1  -1  -1 288  -1  -1  -1 283 283 283  -1  -1  -1  -1 268 268  -1 
 43  -1  -1  -1  -1  -1  -1  -1 295 295 295  -1  -1  -1  -1  -1  -1  -1  -1  -1  -1  -1  -1  -1  -1  -1 
 44  55  -1  -1  -1  -1  -1  -1  -1  -1  -1  -1  -1  -1 229  -1  -1  -1   8  -1  -1  94  -1  53  -1 227 
 45   5  -1  -1  -1  -1  50  -1  21  -1 316  -1  -1  -1  -1  -1  97  -1 228  -1  99  -1  -1  -1 137 183 
 46  -1  -1  -1  -1  -1  -1  -1  -1  -1  -1  -1  -1  -1  -1  -1  11  -1  95 270 269  -1  -1 139  -1 138 
 47  98  -1  -1  -1  -1  -1 197  -1  -1  -1 271  -1 313  -1  -1  -1 187 140  -1  -1 225 315  -1  -1  -1 
 48  -1  96  -1  -1  -1 142  -1  -1  -1  -1  -1  -1  -1  -1 185  -1  10  -1 231  -1 143 285  -1  -1  -1 
 49 186  -1  -1 309  -1  -1 241  -1 308  -1  -1  -1  -1  -1  -1  -1  -1  -1  -1  -1  -1  -1   6  -1 274 
 50  -1 184  -1  -1 310 230  -1 312  -1  -1  -1  -1  -1 181  -1  -1  -1  65  93  -1  -1  -1  -1  -1  -1 
 51  -1  -1  -1  -1  -1  -1  -1  -1  -1  -1  -1 226  -1 272  -1  54  -1  -1  -1  -1  -1  -1  -1  -1  -1 
 52  -1  52 314  -1  -1  -1 153  -1  -1  -1  -1  -1  -1 141 275  -1  51 182  -1  -1   9  -1  -1  -1  -1 
 53  -1  -1  -1  -1  -1 273 311  -1 109  -1  -1  -1  -1  -1  -1  -1  -1  -1  -1  -1  -1  -1  -1   7  49 

r\t   0   1   2   3   4   5   6   7   8   9  10  11  12  13  14  15  16  17  18  19  20  21  22  23  24 
  0  -1  -1  -1  47  -1  -1  -1  -1 205  -1  -1  67  -1  -1  -1  -1 189  62  58  -1  -1  -1  -1 234  -1 
  1  -1  -1 236 236  -1  -1  -1 293  -1  -1  -1  -1  -1  -1  -1 286  -1 263  -1  -1  -1  -1  -1  -1  -1 
  2  -1 168  -1  82  -1  -1  -1  -1  -1  -1  -1 282  -1  -1  -1  -1  56  -1 291  -1  -1  -1  -1  -1  -1 
  3  -1 203  -1 196 287  85 199  -1 113 106  -1 255 235  -1  -1  -1 253 297  -1  -1  -1  -1  -1  44  43 
  4  -1  -1 194  -1  -1  -1  -1 201  88  38  -1  -1  -1 198  -1  -1  86  -1  -1  -1  -1  -1 280 280 265 
  5  -1  79  69  -1  -1 217  -1  -1  -1  -1  -1 216  28  -1  -1  -1 267 104 104  -1 170  -1  -1  -1  -1 
  6  -1 256  -1  -1  -1  -1  -1 120  32  -1  -1  27  -1 110  -1  -1 174  -1  -1  -1  -1 191  -1 171  -1 
  7  -1  -1 122  83  -1  -1 300  25  -1  -1  -1  -1 292  -1  -1  -1 215  -1  -1  -1  -1 121  -1 102  -1 
  8  -1  -1  -1  -1 301  -1  -1 245 264  -1  -1 100  -1  -1  -1  -1  -1  -1  81  89  -1  -1  -1 247   1 
  9  -1  -1  -1  -1  -1  -1  39  -1  -1  -1  -1 212  -1  -1  -1 220  -1 276  -1  -1 148 148  -1  -1  -1 
 10  -1  12  -1  -1 307  -1  -1  -1  -1  -1  42 257 278  33  -1  -1  84 248 284  -1  -1  -1  -1  26  -1 
 11  -1  -1  -1  66  -1  -1 150  -1  -1  -1  -1  -1  -1 161  -1  -1 210  -1  -1  -1  -1 290  -1  -1  -1 
 12  -1 133  -1  35  -1  -1  -1  -1  87  -1  -1 159  -1  -1  -1  -1  -1  -1  -1  -1  45 279 123  -1  -1 
 13  -1  -1 202 177  -1  -1  -1  -1 108  -1  -1  -1  -1  -1  -1  -1  -1  -1 146  -1  -1 173 238  -1  -1 
 14  -1 233  -1  -1  -1  -1  -1  -1  -1  -1  -1 219  72 128  -1  -1  -1  -1  -1  -1 221  59  -1 132  -1 
 15  -1  -1 302  -1  -1  -1  23  -1   0  -1  -1  36  -1 240  -1  -1  -1  -1 211  -1  -1  -1  -1  -1  -1 
 16  13  -1  -1  73  -1  -1  -1  -1 131  -1  -1  -1  -1  76  -1  -1  -1  -1  -1  -1  -1 223  18 125  -1 
 17  60  60 289  -1  -1  -1  -1  -1  -1  -1  -1  -1  -1  -1 304  -1  -1 124  -1  -1  -1  -1  -1 144  -1 
 18  -1 152  -1 252  -1  -1  64  -1  -1  -1  -1 243  -1 277  -1  -1 232 145 254  -1  -1  78  -1  -1  -1 
 19  -1  -1  -1  -1  -1  -1 165  -1  -1  -1  -1 214  -1  -1  -1  -1  -1 190  -1  -1  -1  -1  -1  -1  -1 
 20  -1  -1  -1  -1  -1 176  -1  -1  15  -1  -1  77  -1 169  -1  -1  -1  -1  80  -1  -1  -1  -1  -1  -1 
 21  -1  -1  -1  -1  -1 218  -1  -1  -1  -1  -1  -1 303 299  40  -1  -1  -1  -1  -1  -1  14 111  57  -1 
 22  -1  -1  -1  -1  -1  -1  -1  -1  -1  -1  -1  -1  -1  41  -1  -1  20  -1  -1 213  -1 167  -1 175  -1 
 23  -1  -1  -1  -1  -1  -1  -1  -1 160  -1  -1 127  -1 126  -1  -1  -1  -1 115  -1  -1  -1 157  -1  -1 
 24  -1 101  -1  -1  -1  -1  -1  -1 155  -1  -1  -1  -1  -1  -1  -1 166  -1 158  -1  -1 242 154  -1  -1 
 25  -1  -1  16  16  -1 129  -1  22 260  -1 192 192 305 261  -1  -1 147  -1  -1  -1  -1  -1  -1   3 130 
 26  -1  -1  34  -1  -1  -1  -1  -1 246  -1  -1  -1  -1 117  -1  -1  -1  -1 172  -1  -1  -1  -1  -1  -1 
 27  -1  29  -1 298  -1  -1  -1  -1  -1  -1  -1  -1 259  -1  -1  -1  70 208  -1  -1  -1  -1  -1 306  -1 
 28  -1  -1 179  -1  -1  -1  -1  -1 135  -1  37 296  -1  -1  -1  -1 114  -1 188  -1  -1  -1 262 116  91 
 29  -1  -1 249  -1  -1  -1  -1  -1  -1  -1  -1  71 164 204  -1  -1 258  -1  -1  -1  -1 103  -1 209  -1 
 30   2   2   4   4  -1  -1  24  -1  -1  -1  -1  19  19  19  -1  -1  -1  17  17  -1  -1  -1  30  -1  -1 
 31  -1  -1  -1  -1  -1  -1  -1  -1  -1  -1  -1  -1  -1  -1  -1  -1  31  31  31  -1  -1  -1  -1  -1  -1 
 32  46  46  -1  -1  -1  -1  -1  61  61  -1  -1  -1  63  63  63  -1  -1  68  48  48  -1  -1  -1  74  -1 
 33  -1  -1  -1  -1  -1  -1  75  75  75  -1  -1  -1  -1  -1  -1  -1  -1  -1  -1  -1  -1  -1  -1  -1  -1 
 34  -1  -1 105 105  -1 107 107 107  -1  -1  -1 112 118  -1  -1  92  92  90  90  -1  -1  -1  -1  -1  -1 
 35  -1  -1 119 119 119  -1  -1  -1  -1  -1  -1  -1  -1  -1  -1  -1  -1  -1  -1  -1  -1  -1  -1  -1  -1 
 36  -1  -1 149 149  -1  -1  -1 162  -1  -1  -1 151 151 151  -1 134 134  -1 136 136  -1  -1  -1 156  -1 
 37  -1  -1 163 163 163  -1  -1  -1  -1  -1  -1  -1  -1  -1  -1  -1  -1  -1  -1  -1  -1  -1  -1  -1  -1 
 38  -1  -1  -1  -1  -1  -1 206 195 195 195  -1  -1 200  -1  -1 178 178 180 180  -1  -1  -1 193 193  -1 
 39  -1  -1  -1  -1  -1  -1  -1  -1  -1  -1  -1  -1  -1  -1  -1  -1  -1  -1  -1  -1 207 207 207  -1  -1 
 40  -1  -1 222 222  -1  -1 250 239 239 239  -1  -1  -1  -1  -1  -1  -1 237 237  -1  -1  -1 244 224 224 
 41  -1  -1  -1  -1  -1  -1  -1  -1  -1  -1  -1  -1 251 251 251  -1  -1  -1  -1  -1  -1  -1  -1  -1  -1 
 42  -1  -1 281 281  -1 283 283 283  -1  -1  -1  -1  -1  -1  -1  -1 294  -1 266 266 268 268 288  -1  -1 
 43 295 295 295  -1  -1  -1  -1  -1  -1  -1  -1  -1  -1  -1  -1  -1  -1  -1  -1  -1  -1  -1  -1  -1  -1 
 44 225  -1  51  -1  -1  -1 308 311 182  -1 181  -1 197  -1  -1  -1  52 139 226  -1  -1  -1  -1  -1  -1 
 45 186  -1  -1  94  -1  -1 241 153  -1 310 140  -1 313  -1  -1  -1  -1  -1  -1  -1  -1   6  -1  -1  -1 
 46  97 231 272  -1  -1  -1  -1  -1  -1  -1 228 314  -1  -1 316  -1  -1  -1  -1  -1 138  95  65  -1  -1 
 47  -1 269  -1  -1  -1 137  -1  -1  -1  -1   8  -1  -1  -1  -1  54  -1 271  -1 185  -1  49  -1  -1  -1 
 48  -1  -1  -1  -1  -1  53  -1  -1  -1  -1  98  -1 109  -1  -1   7 229  10  -1  -1   9  -1  -1  21  55 
 49  -1  96  -1  -1  -1   5  -1  -1  -1  -1  -1  -1  -1  -1  -1  -1  -1  -1  -1  -1  -1 142  -1  93 143 
 50 141  -1  -1  -1 312 230  -1  -1  -1  -1 275  -1  -1  -1  -1  -1  -1  -1  -1  11  -1  -1 315 274  -1 
 51  -1 187  -1  -1  -1  -1  -1  -1  -1  -1  -1  -1  -1 309  -1  -1 285  -1  -1  -1  -1  -1  -1  -1 183 
 52  -1  -1  -1 270  -1 273  -1  -1  -1  -1  50  -1  -1  -1  -1  -1  -1 227  -1  -1  -1  -1  -1  -1  -1 
 53  -1  -1  -1  -1  -1  -1  -1  -1  -1  -1  -1  -1  -1  -1  -1  -1  -1  -1  -1  -1  99  -1  -1 184  -1 

r\t   0   1   2   3   4   5   6   7   8   9  10  11  12  13  14  15  16  17  18  19  20  21  22  23  24 
  0  -1  -1   1  -1  -1  -1  -1  -1  32 223  -1 100  -1  -1  -1  18  -1 262  -1  -1  -1  -1 300  69  -1 
  1  -1  -1  -1 154  -1  -1 108  -1 304  -1  -1  -1  -1  -1  -1  -1  -1  14  -1  -1  -1 101  -1  -1  -1 
  2  -1  67  -1 306  -1  -1  -1  -1  76  -1  -1  44  -1  -1  -1 110 234 279 205  -1  -1  35  80  -1  -1 
  3  -1  -1  -1 214  -1  -1  -1  -1 303  -1  -1  -1 249  -1  -1  37  -1 235  -1  -1  -1  13  60  60  -1 
  4  -1  -1  20  -1  -1  -1  -1  -1 171  -1  84 292  -1  -1 213  -1  -1  -1 298  -1  -1 293  -1  -1  -1 
  5  -1 203 219  -1  -1  -1  -1  -1 296  -1  -1  -1  -1 175 174  -1  -1 301  -1  -1 126  -1 190 196  -1 
  6  -1  -1  -1  -1  -1  -1 122 103  -1  -1 170  -1  -1  -1  -1  -1  59 144 245  -1  -1 114  -1  29  38 
  7 218 255 113  -1  -1  -1  27  -1  -1  -1  -1  -1  -1  -1  -1 258 160  -1 215  -1  -1  -1  -1  -1 221 
  8  -1  -1 133  -1  -1  -1  -1  -1 232  -1  -1  -1  -1  -1  -1  -1  -1 173  -1  -1  -1  -1  34 247  -1 
  9  -1  -1  82  62  -1  -1  71  -1  12  -1  -1  57  -1  -1  -1  -1  -1  -1 233  -1  -1  -1 236 236  -1 
 10  -1  79  -1  -1  -1  -1  -1  -1  -1  -1  -1  -1 191  -1  -1  -1  -1 116  -1  -1  -1  70  -1  40  -1 
 11  -1  22  -1  -1  -1  -1  -1  -1  -1  -1  -1  -1 297 256  -1  -1  -1  -1  -1  -1  -1 188 246  -1  -1 
 12  -1 155  -1  -1  -1  -1  -1 192 192  -1  -1  -1 147  -1  -1  -1  -1  33  -1  -1  -1 164 202  -1  -1 
 13  -1  -1  -1  -1  -1  -1 198  -1 102  -1  -1  -1  78  -1  -1  -1  -1  -1 135  -1  -1  -1  -1  -1  -1 
 14  -1  -1  56  23  -1  -1  -1 208  -1  -1  -1  -1  -1 209  -1  -1  25  81 276  -1  -1  47  -1 128  -1 
 15  -1  -1 265  -1  -1  -1 167 302 278  -1  -1 146 111  -1  -1  -1  -1 212  85  -1 307  -1  -1  -1  -1 
 16  87 120 152  -1 129  -1  -1 242  -1  -1 125  -1  83 106  -1  -1 289 305  -1  -1 177  -1  -1  -1  -1 
 17  -1  -1  -1 166  -1  -1 179  -1 260  -1  -1 252  -1  -1  -1  -1  -1 254  -1  -1  -1  -1  -1  -1  -1 
 18  -1  -1  -1 121  -1  -1  -1  77  -1  -1  -1  -1  -1  -1  86  -1 145  -1  -1  -1  45  -1 161 124  -1 
 19  -1  -1 158  -1  -1  -1  -1  -1  -1  -1  -1 168  -1  -1  -1  -1  -1  -1  -1  -1  -1  -1 264  -1  -1 
 20  -1  -1  -1 290  -1  -1 132  -1  -1  -1  -1  88 117  -1  -1  -1 201  -1  -1  -1  -1  -1  -1  -1  -1 
 21  -1  -1  72 127  -1  -1 210  39  64  -1  -1  -1  -1  -1  -1  41  -1  -1  -1  89  -1  -1 280 280  -1 
 22  -1 287  -1  -1  -1  -1  -1  -1   0  -1  -1  28  -1  58  -1  -1 284 104 104  -1  -1  -1  -1 159  -1 
 23  -1  -1  -1  -1  -1  -1 131  -1 148 148  -1  -1  -1 291  91  -1  -1 263  -1  -1 220  -1  -1  -1  -1 
 24  -1 199  -1 240  -1  -1  36 172  -1  -1  -1  -1 217  -1  -1  -1  -1  -1   3  -1  -1  -1  -1  -1  -1 
 25  -1 257  -1 194  -1  -1  -1 282 248  43  -1 261  -1  -1  -1  -1 123  -1  -1  -1  -1  -1  -1  -1  -1 
 26 238  -1  -1 286  -1  -1  -1  -1 211  -1  -1  -1  -1  -1  -1  -1 253  -1 165  -1  -1 267 115 204  -1 
 27  -1 243  -1  -1  -1  -1 277 150 259  -1  -1  -1  -1  -1  -1  -1  -1  -1  -1  -1  -1  -1  16  16  -1 
 28  -1  -1  -1  26  -1  -1 299  -1 157  -1  -1  -1  -1  42  -1 169  73  -1  -1  -1  -1  66  -1  -1  -1 
 29  -1  -1 189  -1  -1  -1  -1  -1 216  -1  -1  15  -1  -1  -1  -1  -1 130  -1 176  -1  -1  -1  -1  -1 
 30  -1  30  -1  -1  -1  19  19  19  -1  -1  -1  -1  17  17  -1  -1   4   4  24  -1  -1  -1  -1   2   2 
 31  -1  -1  -1  -1  -1  -1  -1  -1  -1  -1  -1  -1  31  31  31  -1  -1  -1  -1  -1  -1  -1  -1  -1  -1 
 32  -1  -1  -1  68  -1  63  63  63  48  48  -1  74  -1  -1  -1  -1  -1  61  61  -1  -1  -1  -1  46  46 
 33  -1  -1  -1  -1  -1  -1  -1  -1  -1  -1  -1  -1  -1  -1  -1  -1  -1  75  75  75  -1  -1  -1  -1  -1 
 34  -1  -1 107 107 107  -1  -1  -1  -1  -1  -1 112  -1 118  -1  -1  90  90  -1  -1  92  92 105 105  -1 
 35  -1  -1  -1  -1  -1 119 119 119  -1  -1  -1  -1  -1  -1  -1  -1  -1  -1  -1  -1  -1  -1  -1  -1  -1 
 36  -1  -1  -1  -1  -1 149 149 156  -1  -1  -1  -1  -1  -1  -1  -1 136 136 162  -1 134 134 151 151 151 
 37  -1  -1  -1  -1  -1  -1  -1  -1  -1  -1  -1  -1 163 163 163  -1  -1  -1  -1  -1  -1  -1  -1  -1  -1 
 38  -1  -1 200 206  -1  -1  -1  -1 178 178 193 193  -1  -1  -1 195 195 195  -1  -1  -1 180 180  -1  -1 
 39  -1  -1  -1  -1  -1  -1  -1  -1  -1  -1 207 207 207  -1  -1  -1  -1  -1  -1  -1  -1  -1  -1  -1  -1 
 40  -1  -1  -1  -1  -1  -1 244 250  -1  -1  -1  -1 239 239 239  -1 224 224  -1  -1 237 237 222 222  -1 
 41  -1  -1 251 251 251  -1  -1  -1  -1  -1  -1  -1  -1  -1  -1  -1  -1  -1  -1  -1  -1  -1  -1  -1  -1 
 42  -1 294  -1  -1  -1  -1  -1 288  -1  -1 268 268 283 283 283  -1  -1  -1 266 266 281 281  -1  -1  -1 
 43  -1  -1  -1  -1  -1  -1  -1  -1  -1  -1  -1  -1  -1  -1  -1 295 295 295  -1  -1  -1  -1  -1  -1  -1 
 44  -1  -1  -1  -1  -1 241  -1  -1  -1  95  55 184  -1  -1  -1  -1  51  -1 227  -1  -1  -1  -1  -1  -1 
 45  -1  -1  -1  -1  -1  -1  -1  -1 272  -1   7  10  -1  -1  -1  -1  -1  -1 153  -1 274  -1 139 187 185 
 46  -1  -1 181  -1  -1  -1  -1 313 142 269  -1 230  65 197  49  -1  -1  52  53  -1  -1  -1  98 137  -1 
 47  -1 109  -1  -1 285  -1  -1  -1  -1  -1  -1  -1  -1  -1  -1  -1  -1  -1  -1  -1  -1  -1  -1  -1  -1 
 48 310 309  -1  -1  -1  -1  -1  -1 231  -1  -1  -1  -1 315  -1 311  -1  -1  -1 138  -1 225  54  -1 271 
 49  -1  -1  50  -1 316 312  -1  -1  -1  -1  -1  -1 314  -1  -1  -1  -1  -1  -1 229  -1   5  -1 275  97 
 50  -1  -1  -1  -1  -1  -1 273  -1  -1  -1 228  -1  -1  -1  -1  -1  -1  -1  99  -1  -1  -1  -1  -1  -1 
 51  -1  -1  -1  -1  -1  -1 226  -1  -1 143 140  -1  -1  -1  -1  -1  -1 270  -1  -1  11  -1  -1  -1  -1 
 52  -1  -1  -1  -1  -1  -1  -1  -1  -1  -1  -1  -1  -1  -1 183  -1  -1  -1 186   9  -1  -1  -1  94  -1 
 53  -1  -1  -1 308  -1  -1  -1  -1  96   8  93 141  -1  -1  -1  -1  -1 182  21  -1  -1  -1   6  -1  -1 

r\t   0   1   2   3   4   5   6   7   8   9  10  11  12  13  14  15  16  17  18  19  20  21  22  23  24 
  0  -1  -1  -1 175  -1 218  -1 188  -1  -1  -1  23  -1  -1  -1  -1  -1  -1  -1  -1  -1  -1  -1 246  -1 
  1  -1  26 106  -1  -1  81  -1 215 103  -1  -1  -1  -1  -1  22  -1  -1  -1  -1  88  -1  -1  -1  -1  -1 
  2  -1  -1  -1  -1  -1  -1  -1  -1  -1  -1  -1  56 254 220  -1  -1  -1  -1  -1  -1  -1  32 166 124  -1 
  3  -1  -1  -1  -1  -1  -1  67  -1  -1  -1  -1  71  -1  -1 305  -1 204 212  -1  -1 104 104 154  -1  57 
  4  -1  -1  -1  -1  -1  -1 247 102  -1 171  -1 202  -1  -1  -1 128  -1  -1  37  -1  -1  -1 117  -1  -1 
  5  -1 240  -1  -1 127  -1 286  -1 199  -1  -1  -1  -1  -1 198  -1  -1  -1 201  -1  -1  80  -1  -1  -1 
  6  -1  -1  -1 191  -1  -1 123  60  60 135  -1  -1  -1  -1  -1 307  -1  -1 306  -1  -1 209  -1  -1  -1 
  7  84  82  -1  -1  -1  -1  -1  -1  -1  -1  -1  -1 192 192  -1  -1  -1 113  -1  -1  -1  -1  -1  -1  -1 
  8  -1  -1 147  -1  -1  -1 293  40  -1  -1  -1  -1  59  -1  -1  -1  -1  -1 278  -1  -1  -1 236 236  -1 
  9  -1  -1  -1 152  -1  -1  -1  -1  -1  -1  -1  -1  -1  27  -1  -1 242  -1  -1  -1  -1  -1  -1  -1  -1 
 10 301  -1  -1 111  -1  -1  -1  -1  -1  -1  -1 101  -1  -1  -1 302  -1 170 167  -1  45 263  -1 161  -1 
 11  -1 173  25  -1  -1  -1  -1  -1  -1  -1  -1  -1  -1  47  -1  -1  -1  -1  -1  -1  -1  -1  -1  -1  -1 
 12  -1 214  -1  -1  -1  -1 194  -1 297  -1  -1  -1 264  62  -1  -1  -1  -1 144  -1 265  -1  -1  -1 174 
 13 129 115  -1  12  -1  -1 216  -1  -1  -1  -1 235   1  15  -1  -1  -1  -1 217  -1  -1 133 300  -1  -1 
 14  -1  58  -1  -1  -1  -1  -1 208  -1  -1 177 258  -1  -1  -1  -1  -1 255  -1  -1  -1  -1 256  -1  -1 
 15  -1  77  -1  73  -1  -1  35 172 259  -1 304  -1  -1  -1  -1  -1  -1  -1  28  -1  -1 290  -1  86  -1 
 16  -1  39 196  -1  -1  -1  -1 267 145  -1  -1  -1  -1 203  -1  -1 277  -1 243  -1  -1  -1  -1  -1  -1 
 17  -1 190  -1  -1  -1  -1  -1 253  76  -1  -1  -1  -1  -1  -1 169 157  -1  -1  -1  91  13  -1  70  -1 
 18  43  -1  -1  -1  -1  -1  -1 116 179 257  -1 245  -1  -1  -1 132  -1  -1 252  -1  -1  -1 219  -1  -1 
 19  -1  85  -1  -1  -1  -1 165  16  16  -1  -1  -1  -1  -1  -1  -1  -1  20 289  -1  -1  -1  -1 189  -1 
 20  -1  -1  -1  -1  -1  -1  -1 291  -1  -1  -1   3 122 126  -1  -1 303  -1 223  -1 176 284  69 280 280 
 21  -1  -1 279  -1 155 260  -1  -1  -1  -1  -1  -1 234 233  -1  -1  64 282  -1  -1  -1  -1  -1 148 148 
 22  -1  -1  -1  -1  -1  -1  72  -1  -1  -1  -1  -1  -1  -1  -1  -1  -1 238  -1  -1 221 249  -1  -1  -1 
 23  -1 205  -1  -1  41  -1  -1  83 121  -1  -1  36  78 158  -1  -1  -1  -1  -1  -1  -1  -1  -1 108  -1 
 24  -1   0 114  -1  -1  -1  -1 146 276  -1  -1  33  -1  -1  -1  -1  -1 298  -1  -1  -1  -1  38  -1  -1 
 25  -1  -1  -1  -1  -1  -1  -1  -1 211  -1  -1 296  -1  -1  -1  -1  -1  -1  -1  -1  -1 168 110  89  -1 
 26  87  -1  -1  -1  -1  -1 150  -1 248  -1  -1  -1  44  -1  -1  -1 120  -1  -1  -1  -1 232  34  -1  -1 
 27  -1 100  66  -1  -1  -1  18 130 131  -1  -1  -1 164  -1  -1 262  -1  -1  -1  -1  -1  -1  -1  -1  -1 
 28  -1  -1  -1  -1 213  -1 210  -1 160  -1  -1  -1 292 299  -1  -1  -1  -1  42  -1  -1  -1  -1  14  -1 
 29  -1  -1  79  -1  -1  -1  -1 125  29  -1  -1 159  -1 261  -1  -1  -1  -1  -1  -1  -1  -1 287  -1  -1 
 30  19  19  19  30  -1  -1  -1  -1  -1  -1  -1  -1  -1  -1  -1  17  17  -1   2   2   4   4  -1  24  -1 
 31  -1  -1  -1  -1  -1  -1  -1  -1  -1  -1  -1  -1  -1  -1  -1  31  31  31  -1  -1  -1  -1  -1  -1  -1 
 32  46  46  68  -1  -1  -1  -1  48  48  -1  -1  -1  -1  74  -1  -1  -1  61  61  -1  -1  63  63  63  -1 
 33  -1  -1  -1  -1  -1  -1  -1  -1  -1  -1  -1  -1  -1  -1  -1  -1  75  75  75  -1  -1  -1  -1  -1  -1 
 34  -1  -1  -1 118  -1  -1  -1  90  90  -1  92  92 105 105  -1  -1 107 107 107  -1  -1 112  -1  -1  -1 
 35  -1  -1  -1  -1  -1  -1  -1  -1  -1  -1  -1  -1 119 119 119  -1  -1  -1  -1  -1  -1  -1  -1  -1  -1 
 36  -1  -1  -1  -1  -1  -1 162 136 136  -1 151 151 151  -1  -1 149 149 156  -1  -1  -1  -1  -1 134 134 
 37  -1 163 163 163  -1  -1  -1  -1  -1  -1  -1  -1  -1  -1  -1  -1  -1  -1  -1  -1  -1  -1  -1  -1  -1 
 38 178 178  -1  -1  -1  -1  -1  -1  -1  -1  -1  -1 180 180  -1  -1 195 195 195  -1 193 193 200 206  -1 
 39  -1  -1 207 207 207  -1  -1  -1  -1  -1  -1  -1  -1  -1  -1  -1  -1  -1  -1  -1  -1  -1  -1  -1  -1 
 40  -1  -1 237 237  -1  -1  -1 239 239 239 222 222  -1 250  -1  -1 244  -1  -1  -1  -1  -1  -1 224 224 
 41  -1 251 251 251  -1  -1  -1  -1  -1  -1  -1  -1  -1  -1  -1  -1  -1  -1  -1  -1  -1  -1  -1  -1  -1 
 42 281 281  -1 294  -1  -1  -1  -1 266 266 283 283 283  -1  -1  -1 288  -1 268 268  -1  -1  -1  -1  -1 
 43 295 295 295  -1  -1  -1  -1  -1  -1  -1  -1  -1  -1  -1  -1  -1  -1  -1  -1  -1  -1  -1  -1  -1  -1 
 44 140  -1  -1  -1  -1  -1  -1   8  -1  -1  -1  49  -1  10  -1  51  -1  -1  -1  -1  -1 181  -1  -1  53 
 45  -1  -1  -1  65  -1  -1 313  -1  -1  95  55  -1  -1  -1  -1  -1  -1  -1  -1 230  -1  -1 311  -1  -1 
 46  98  96  -1  -1  -1  -1  -1  -1  -1   7  -1  -1  -1  -1  -1  -1 315  -1  -1  -1  -1 269  21  -1  99 
 47  -1  -1  -1  -1  -1  -1  -1  -1  -1  -1  -1 270 227  -1  -1 225  -1 308 139  -1  -1  -1  -1 275  -1 
 48  -1  -1  -1  -1 316  -1 109 226 231  -1  -1  -1  -1  -1  -1  97  -1  -1  -1  50  -1  -1  -1  52  -1 
 49  -1 137 309  -1  -1  -1  -1 187  -1  -1  -1 142  -1 141  -1  -1  -1  -1  -1 143  -1  -1  -1  -1 271 
 50  -1  -1  -1 314  -1  -1  -1  -1   6 185  11  -1  -1  -1  -1  -1  -1 153  -1 184  -1  93  -1  -1  -1 
 51  -1  -1  -1  -1  -1 312 241 285  -1  -1  -1  -1  -1  -1  -1 183  -1  -1  -1  -1 138  -1  -1  -1   9 
 52  -1 272  -1  -1  -1  -1  -1  -1  -1  54  -1  -1  -1  -1  -1  -1  -1  -1  -1  -1  -1 228  -1 182  -1 
 53 229  -1  -1  -1  -1  -1  -1  -1  -1  -1  -1 186  94 273 310 274  -1  -1  -1  -1  -1  -1 197   5  -1 

r\t   0   1   2   3   4   5   6   7   8   9  10  11  12  13  14  15  16  17  18  19  20  21  22  23  24 
  0 223  -1  -1  -1  -1  -1  79  -1 307  -1  -1 196  27  -1  -1  -1  -1 301  40  -1  -1  -1  -1  -1  -1 
  1  -1  -1  -1  -1  -1  -1  87 198  -1 306  -1  -1 152 129  -1  -1  -1  22  -1  -1  -1  -1  -1 235  -1 
  2  41 302  -1  -1  -1 106  -1 245 282  -1  -1  -1 168  -1  -1  -1  -1  -1  43  -1  -1  -1 300  -1  -1 
  3  -1  -1 213 214  -1  -1  62  -1  56  -1  -1  -1  -1  -1  -1  -1  23  -1  -1  -1  -1  -1  -1  -1  -1 
  4  -1  -1 127  -1  -1  -1  -1 234  28  -1  -1 166 104 104  -1  -1  82  -1  -1  -1  -1  -1  -1  -1  -1 
  5  -1  -1 167  71  -1  -1  -1  84  72  -1  -1  -1  -1  -1 221  -1  -1  -1  -1  -1  -1 123  69  -1  -1 
  6 238 102  -1  -1  -1  -1 171  -1  -1 132  -1  -1 219  -1  -1  -1 277  -1  -1  -1  -1  -1  -1  -1  -1 
  7 305  -1  -1  -1  -1  -1  -1  -1 254  -1  -1 291  -1  -1  -1  -1  -1  -1  -1  -1  -1 290  -1  -1  -1 
  8  -1  -1 292 299  -1  -1  -1  -1  -1  -1  -1  -1  44 175  -1  -1  -1  -1  35  -1  60  60  16  16  -1 
  9  -1   0 188  -1  -1  -1  -1  -1  -1  -1  -1  -1 124  -1  -1 125  -1  -1  -1  -1  -1  -1  -1 203  -1 
 10 280 280  -1  -1  -1 258 160  58 298  -1  -1 205 297  -1  -1  -1  -1  -1  -1  -1  -1  -1  -1 265  -1 
 11  -1  -1  -1 194  -1  -1 289  -1  -1  -1  39  -1  -1  -1  -1  -1  -1  -1 199  -1  -1  -1  89 158  -1 
 12  -1  12  -1  -1 130  -1 242  -1 210  -1  -1  -1  -1  -1  -1  -1 120  81  -1  -1  -1 190 159  70  -1 
 13 216  -1  76  -1  -1  -1  -1  -1 189  -1  -1  -1  14  -1  -1  -1  -1  -1  -1  -1  -1 164  -1  -1  91 
 14  37  -1 155 111  -1  -1  -1  -1  -1  -1  -1 110 236 236  -1  -1 253  -1  67  -1  -1 202  -1  -1  -1 
 15  -1 191 135  -1  -1  -1  -1 259 131  -1  -1  -1  -1  59  -1  -1  -1  -1  -1  -1  -1  80 192 192  -1 
 16  -1 233  -1  -1  -1  -1  -1  -1  -1  -1  -1  78 304 293  -1  -1  -1  -1 121  -1  -1  -1 278 101  -1 
 17  -1  -1 103 287 286  -1  42 262  -1  -1  -1  86  -1 146  -1  -1 147  -1  -1  -1  -1  -1  -1 116  -1 
 18  -1  -1  -1  64  -1  -1  -1  -1 145  -1  -1  -1  -1  -1  -1  -1  -1 279  -1  -1  -1  20  -1  66  -1 
 19  -1  -1  25  32 218  -1 154 276  -1 220  -1  -1  -1 249  -1  -1  -1  -1  -1  -1  -1  -1  -1  -1  -1 
 20  -1  -1 115  -1  -1  -1  -1 179  -1  -1  -1  34 256  -1  -1  -1 204  -1 284 173  -1  -1  -1  -1  -1 
 21  -1  -1  -1  -1  -1  -1  -1 144 122  -1  -1  -1  -1  -1  -1  -1   3  -1  -1  -1  -1 240  -1  -1  -1 
 22  -1 255  88 243  -1  -1  -1  -1  -1  -1  -1  -1  57 161  -1  -1  -1 247  -1  -1  -1  -1  -1  -1  -1 
 23 148 148 174  -1  -1  -1  -1 263  -1  -1 177 246  36  13 303  -1  -1  -1 212  -1  -1  -1  26  -1  -1 
 24  -1  -1  -1  -1  -1  -1 208  -1 267  -1  -1  -1  -1  85  -1  -1  29  -1  -1  -1  -1  -1  -1  -1  45 
 25  -1 114 264  77  -1  -1  -1  -1 232  -1  -1  -1  -1  -1  -1  -1  -1 201  73  -1  -1 108 257  -1   1 
 26  -1  -1 252  -1  -1  -1  -1  -1  83  -1  -1  18 133  -1  -1  -1  -1  -1 248  -1  -1  -1  -1 217  -1 
 27  -1 296 209 157 215  -1 261  15  -1  -1  -1  -1  -1 117  -1  -1  -1  -1 128  -1  -1  -1  -1  -1  -1 
 28  -1 126  -1 150 172  -1  -1 260 211 176  -1  -1  -1  -1  -1  -1 100  -1  -1  -1  -1  -1  -1  47  -1 
 29  -1  -1  -1 169  -1  -1  -1 170 165  -1  -1  -1  -1  33  38  -1  -1 113  -1  -1  -1  -1  -1  -1  -1 
 30  -1  24  19  19  19  17  17  -1   2   2  -1  -1   4   4  -1  -1  -1  -1  -1  -1  -1  30  -1  -1  -1 
 31  -1  -1  -1  -1  -1  31  31  31  -1  -1  -1  -1  -1  -1  -1  -1  -1  -1  -1  -1  -1  -1  -1  -1  -1 
 32  63  63  63  -1  -1  -1  68  48  48  -1  -1  -1  74  46  46  61  61  -1  -1  -1  -1  -1  -1  -1  -1 
 33  -1  -1  -1  -1  -1  -1  -1  -1  -1  -1  -1  -1  -1  -1  -1  75  75  75  -1  -1  -1  -1  -1  -1  -1 
 34  -1  -1  -1 118  -1  -1  -1 105 105  -1  -1 112  -1  92  92  90  90 107 107 107  -1  -1  -1  -1  -1 
 35  -1  -1  -1  -1  -1  -1 119 119 119  -1  -1  -1  -1  -1  -1  -1  -1  -1  -1  -1  -1  -1  -1  -1  -1 
 36  -1 156  -1  -1  -1  -1  -1 162  -1  -1  -1  -1  -1 136 136  -1  -1 149 149  -1 151 151 151 134 134 
 37  -1  -1  -1  -1  -1  -1  -1  -1  -1  -1  -1  -1  -1  -1  -1  -1 163 163 163  -1  -1  -1  -1  -1  -1 
 38  -1 206  -1 200  -1  -1  -1  -1  -1  -1  -1  -1 193 193  -1 195 195 195  -1  -1  -1 180 180 178 178 
 39  -1  -1  -1  -1  -1  -1  -1  -1  -1  -1  -1  -1 207 207 207  -1  -1  -1  -1  -1  -1  -1  -1  -1  -1 
 40  -1  -1  -1 244  -1  -1 250 222 222  -1 237 237  -1  -1  -1 224 224 239 239 239  -1  -1  -1  -1  -1 
 41  -1  -1  -1  -1  -1  -1  -1  -1  -1  -1  -1  -1  -1  -1  -1  -1  -1  -1  -1  -1  -1 251 251 251  -1 
 42 266 266  -1  -1  -1  -1 288  -1  -1  -1 283 283 283 268 268  -1 294  -1  -1  -1 281 281  -1  -1  -1 
 43  -1  -1  -1  -1  -1  -1  -1  -1  -1  -1  -1  -1  -1  -1  -1  -1  -1 295 295 295  -1  -1  -1  -1  -1 
 44  -1  -1  -1  -1  -1  -1  -1 142 186 275  55  -1  98 225   5  -1  -1  -1  -1  -1  -1 273 269  -1  -1 
 45  -1  -1  -1  -1  -1  -1  -1 270  -1  -1 138  65  -1  -1  -1  10  -1  -1  -1  -1  -1  -1  -1  -1  -1 
 46 185  -1  -1  -1  -1 310  -1  -1 140  -1  -1 315 184  -1  -1  -1 272  -1  21  -1 109  99 226  -1  -1 
 47  11  -1  -1  -1 312  -1 309  -1  -1  -1  -1 153  -1  -1  -1  -1  -1  -1  -1  -1  -1  49  50  -1  -1 
 48  -1 139  52  -1  -1  -1 197  -1  -1  96  -1  -1  -1 183  -1 274  -1  -1  -1  -1 241 137  -1   7  -1 
 49  -1  -1 230  -1  -1  -1  -1  -1  -1  -1  93  -1  -1  -1  -1  -1  -1  -1 311  -1  -1  -1  -1  -1  -1 
 50  -1 231 187  -1  -1  -1  -1  -1  -1  -1  -1  -1 227  -1  -1 141  51  -1  -1  -1 314  -1   6  -1  -1 
 51  -1  53  -1 313  -1  -1 285  -1  -1  54  -1  -1  -1  -1  -1  -1  -1 308  -1  -1  -1  -1  -1  -1 271 
 52 143  94  -1  -1  -1  -1  -1  -1  -1  -1 229  -1  -1  -1  -1  -1 182  -1  -1  -1  -1  -1  -1  -1  -1 
 53  97 181  -1  -1  -1  -1  -1  -1  -1  -1   9  -1  -1  -1  -1  -1  -1  -1  -1 316  -1   8  -1  95 228 

r\t   0   1   2   3   4   5   6   7   8   9  10  11  12  13  14  15  16  17  18  19  20  21  22  23  24 
  0  -1 144  -1 202  -1  -1 117  37  -1  -1 280 280  -1  -1  -1 106  -1  67  -1  -1  -1  -1  -1  -1  -1 
  1  -1 114 188  -1  -1  91  47 301 127  -1  -1  -1  -1  -1  -1  -1 110 111  -1  -1  -1 211  -1  -1 198 
  2  -1  -1  -1  60  60  -1 103 302  -1  -1  -1  -1  -1  -1  -1  -1 158 116 100  -1  -1  -1  -1  -1  -1 
  3 220 191  -1  13 169  -1 161 129 145  -1  -1  -1  26  -1  -1  -1  -1  -1  -1  -1  -1 160  -1 282  -1 
  4  -1  -1  -1  -1  -1  -1  -1  -1 242  -1  -1  -1  -1  -1  -1  -1 298  -1  -1  -1  -1  -1  77  -1  -1 
  5  -1  15  -1  -1  -1  -1  -1 168  -1  -1  -1 194  -1 284  -1  -1  -1  -1  -1  -1  -1  -1  -1  41  -1 
  6  -1  -1  -1 218  -1 260  20  -1  -1  -1  -1  80 267  23  -1  -1  -1 240  -1  -1  -1  -1 189 113  -1 
  7  -1 293  -1  -1  -1  -1  -1  -1  -1  -1  -1 205  -1  45  -1  -1  -1  -1  78  -1  -1 232 297  -1  -1 
  8  -1  -1  -1  -1  -1  -1  28 258  -1 259  -1  -1  -1  -1  -1  -1  -1  -1  -1  -1  -1  -1  -1  -1 133 
  9 236 236 238  -1  -1  -1  -1 104 104  -1  -1  -1  -1  -1  -1  -1  -1  -1  -1  -1  -1  -1 278  -1  -1 
 10  -1  -1 300  -1  -1  -1 254  -1  -1 257  -1  -1   1 233  -1 263  -1  -1  16  16  -1  72  -1  -1  -1 
 11  -1  -1  -1 124  -1  -1  62  -1 296  -1  -1  -1 213  -1  -1  -1 171 164  -1  -1  -1  -1  81 247  -1 
 12  -1  73  -1 132  -1  -1 292  -1  -1 216  -1  -1 147  -1  -1  -1  -1 175  34  -1  -1  -1  -1 154  -1 
 13  -1  57  79  -1  -1  -1  -1 150 245  -1  -1 152  -1  -1  -1  -1  -1 212  -1  -1  -1  -1  27  -1 305 
 14  83  -1 131  89  82  -1 215  -1 126  -1  -1 122 235  -1  -1  -1  -1  -1  -1  -1  -1  -1 248 199  -1 
 15 172 101 223 196  -1  -1  86  -1  -1  -1  -1  25  -1  -1  -1 307  -1  -1  -1  -1  -1  -1  -1  33  -1 
 16  -1  -1 102  69  -1  -1  38 192 192  -1  -1  -1 287  -1  -1  -1 121  -1  -1  -1  -1  -1  -1  -1  -1 
 17  -1  -1  -1 177  -1  -1  -1 217 286  -1  -1 262  -1  64  -1  -1  -1 219  -1  -1  -1 291  87  -1  44 
 18  42  -1  59  -1  -1  -1 234  -1 166  -1  -1  -1  -1  -1  -1  -1  -1  -1 123  -1  -1  88 165  -1  -1 
 19  -1  -1  -1 256  -1 261  76  -1  -1  -1  -1  -1  -1  70  -1  -1  -1  -1 159  -1  -1 277  85  -1  -1 
 20  -1  -1 115  -1 170  -1 276 253  -1  -1  -1  -1  -1 174  -1  -1  32  84  -1  -1  -1  -1  -1  -1  -1 
 21  -1  -1  -1 108  -1  -1 190  -1  -1  -1  -1  -1  -1  -1  -1  -1  -1  -1 204  -1  -1  -1  -1 210  -1 
 22  -1  -1  35 221  -1  -1  -1  -1  -1  -1  -1  -1  56  -1  -1  -1  18 279 289  -1  -1  -1  -1 125  -1 
 23  -1  -1 135  -1  -1  -1  -1 243  -1  -1  -1 252  -1   3  -1  -1  40  -1  -1  -1  -1 120  71  -1 179 
 24  -1  -1 203  -1  -1  -1  -1  -1  -1  -1  -1  -1  -1 265  -1  -1  -1  -1  -1  -1  -1  -1  -1  -1  -1 
 25  -1 130 249  -1  -1  -1 146 306  43 176  22  -1  -1  -1  -1  -1  -1  -1 255  -1  -1 246  36  -1  -1 
 26  -1 173  -1 264  -1 214  -1 299 209  -1  -1  -1 290  -1  -1  -1  66  -1  -1  -1  -1   0 208 303  -1 
 27  -1  -1  14 157  -1  -1 304  -1  -1  -1  -1  -1  -1  -1  -1  -1 201  -1  -1  -1 148 148  -1 128  -1 
 28  -1  29  -1  -1  -1  -1  -1  -1  -1  -1  -1  -1  -1  -1 155  -1  -1  12  58  -1  -1  -1  39  -1  -1 
 29  -1 167  -1  -1  -1  -1  -1  -1  -1  -1  -1  -1  -1  -1  -1  -1  -1  -1  -1  -1  -1  -1  -1  -1  -1 
 30  -1  -1   4   4  -1  -1  -1  17  17  -1  -1  -1  -1  24  -1  -1  -1  30   2   2  -1  19  19  19  -1 
 31  -1  -1  -1  -1  -1  -1  -1  31  31  31  -1  -1  -1  -1  -1  -1  -1  -1  -1  -1  -1  -1  -1  -1  -1 
 32  -1  46  46  -1  -1  -1  -1  -1  61  61  -1  -1  68  -1  -1  -1  74  -1  48  48  -1  63  63  63  -1 
 33  -1  -1  -1  -1  -1  -1  -1  75  75  75  -1  -1  -1  -1  -1  -1  -1  -1  -1  -1  -1  -1  -1  -1  -1 
 34  -1  92  92  -1  -1  -1  -1 118 112  -1  -1  -1  -1 105 105  -1  -1  -1  90  90  -1 107 107 107  -1 
 35  -1  -1  -1  -1  -1  -1  -1  -1  -1  -1  -1  -1 119 119 119  -1  -1  -1  -1  -1  -1  -1  -1  -1  -1 
 36  -1  -1 156 149 149 134 134  -1  -1  -1  -1  -1  -1  -1  -1  -1 151 151 151  -1  -1 136 136 162  -1 
 37  -1  -1  -1  -1  -1  -1  -1  -1  -1  -1  -1 163 163 163  -1  -1  -1  -1  -1  -1  -1  -1  -1  -1  -1 
 38  -1 178 178  -1  -1  -1 206 200  -1  -1  -1  -1 193 193  -1  -1 195 195 195  -1 180 180  -1  -1  -1 
 39  -1  -1  -1  -1  -1  -1  -1  -1  -1  -1  -1  -1 207 207 207  -1  -1  -1  -1  -1  -1  -1  -1  -1  -1 
 40  -1  -1  -1  -1  -1 222 222  -1  -1  -1  -1  -1 250 244  -1 237 237  -1  -1  -1 224 224 239 239 239 
 41  -1  -1  -1  -1  -1  -1  -1  -1  -1  -1  -1  -1  -1  -1  -1 251 251 251  -1  -1  -1  -1  -1  -1  -1 
 42  -1  -1 283 283 283 266 266  -1  -1  -1  -1 294  -1  -1  -1  -1  -1  -1 281 281  -1 268 268 288  -1 
 43  -1  -1  -1  -1  -1  -1  -1  -1  -1  -1  -1  -1  -1  -1  -1  -1  -1 295 295 295  -1  -1  -1  -1  -1 
 44  -1  -1  -1  -1 143  -1  -1  -1  -1 271 310 109  -1 141  -1  -1  -1  -1  -1  -1 140  -1  -1  -1  -1 
 45  -1  -1 272  -1  -1 181  -1  -1  -1  -1  -1  -1  -1 227  -1  -1  -1  -1  -1  -1 274  -1  -1  -1  -1 
 46   8 139  -1  -1 185  -1  -1 285 314  -1  -1 308  -1 184  -1  -1  -1 313 270 225  -1  52  -1  -1  -1 
 47  -1 273  -1  -1   9  53  -1 311  -1  -1  -1 241 226  -1  -1  -1  -1  -1  -1 187  -1  -1  -1  -1  11 
 48 138 230  -1  -1  98   5  -1  -1  -1 137  -1  -1  -1  -1  -1  -1  -1  -1  -1  -1  97  -1 183  -1  -1 
 49  55  -1 153  51 229  -1  -1  -1  -1  -1 197  -1  50  -1  -1  -1  -1  -1 231  -1  49  -1  -1  -1  -1 
 50 186  -1  -1  -1  -1  -1  10  -1  -1 228  -1  -1  -1  96  -1  -1  -1  -1  -1  -1  -1  -1  -1  -1  -1 
 51 275   6  -1  -1  54  -1  -1  -1  -1  -1  -1  21  -1  -1  -1 316  -1  -1  -1 142  -1  -1  -1  -1 269 
 52  -1  -1  -1  -1  -1  -1  94  -1  -1  99  -1  65  -1  -1 309  -1 312  -1  -1  -1  -1  -1  -1 315  -1 
 53  95  -1  -1  -1  -1  -1 182  -1  -1  -1  -1  -1  -1  -1  -1  -1  -1  -1  -1  -1   7  -1  -1  -1  93 

r\t   0   1   2   3   4   5   6   7   8   9  10  11  12  13  14  15  16  17  18  19  20  21  22  23  24 
  0  -1  -1 124 290 176  -1  -1  -1  -1  -1  -1  -1 179  -1  -1  -1 103  -1 245  -1  -1 106 129  85  -1 
  1  -1  -1  -1  -1  -1  -1  -1  -1  12  -1  -1  -1 199  -1  -1  -1  -1  -1  -1  -1  -1  44  -1 171  -1 
  2  -1  -1  -1  -1  -1  -1  -1  -1  -1  -1  -1  15  -1 110  -1  -1  59  -1  80  -1  -1  -1  -1  -1  -1 
  3  -1 100 192 192  -1  -1  76 174   0  -1  -1  47  -1  -1  -1  -1  32  -1  -1  -1  -1 299  -1  -1  -1 
  4  -1 135  -1  -1  -1  -1 160  -1 189  -1  -1  -1  20  -1  -1  -1 291  34 201  -1 282  -1  -1  -1  -1 
  5  -1 256  35 127  81  -1  -1  -1  -1  -1  -1  -1  -1  86  -1  -1  -1  70  -1  -1  -1  -1  -1 292  -1 
  6  -1  -1  -1 211  -1  -1  -1  -1  -1  -1  -1 147  -1  -1  -1  -1  -1 167  -1  -1  -1  28  -1  -1  -1 
  7  18 117  -1  -1  -1  -1  -1 293 169  -1  -1  -1   1  27  -1 172 253  -1  -1  -1  -1 303  -1  -1  -1 
  8 216  57 133 235  -1  -1 120  -1  -1  -1 173 114  -1  77  -1  -1  -1  -1  -1  -1  -1  39  -1  -1  -1 
  9  -1  -1  -1 249  -1  -1  25  -1  -1  -1  -1 166  -1  -1  -1  -1  -1 122  -1  -1  -1  58 116  -1  -1 
 10  -1  -1 240  -1  -1  -1  -1  -1  -1  -1  -1 298 260  -1  -1  -1  -1 204  -1  -1  -1 144  66  -1  -1 
 11  -1  -1  -1  -1  -1  -1  -1  -1  -1  -1  -1  89  -1  23  42 261  -1 148 148  -1  -1 221 191  -1  -1 
 12  -1 154  -1 276  -1  -1  -1  -1  -1  -1  -1  -1 115  -1  -1  -1 175  -1  -1  40  -1 123  78  -1  -1 
 13 265  -1  -1  -1  -1  -1  -1  -1  -1  -1  -1 202 101  -1 238  -1 212 254  -1  -1  -1  -1  -1  -1  -1 
 14  -1  79 128  -1  -1  -1  -1  -1  -1 258  -1  33  -1  -1  -1  -1  -1  -1  -1  37  -1  -1  -1 121  -1 
 15  -1  29  -1  -1 132  -1 287 304 255  -1  -1  -1  -1  -1  -1 218  -1  -1  -1  -1  -1  43  -1  -1  -1 
 16  -1  -1  -1  -1  -1  -1 215  -1  -1  -1 177  -1  -1  -1  -1 236 236  60  60  -1  -1  -1  -1  56  -1 
 17  -1  -1  -1  64  -1  -1 194 131  -1  -1  -1 108  -1 203  -1  -1  13  38  -1  -1  22  -1  -1  -1  -1 
 18  -1  -1  -1  82 214  -1  -1  -1  -1  -1  -1  -1  -1  -1  -1 223  -1  -1  -1  -1  -1  -1  84  -1  -1 
 19  -1  -1 208  73  -1  -1  62 113  -1  -1  -1  67  -1 289  -1  -1  -1  -1 264  -1  -1  91  -1  -1  -1 
 20 220 190 267   3  -1  -1  41  -1  87  -1  -1  -1 164 242  -1  -1  -1  -1  -1  -1  -1  -1 296  -1  -1 
 21  -1  -1  -1  -1  -1  -1  -1 209 217  -1  -1  -1  -1 155  -1  45  -1  -1 232  -1  -1  -1 111  -1  -1 
 22  -1  -1 152  -1  -1  -1  -1 165  -1  -1  -1 219 305  -1 150  -1  -1  -1  -1 126  -1 188  -1  -1  -1 
 23  -1 284  -1 104 104  -1  -1  -1 257  -1 280 280  72  -1  -1  -1 157  16  16 130  -1  -1 262  -1  -1 
 24  -1 210  69  -1  -1  -1  -1  -1  -1  -1  -1 234  -1  -1  -1  -1  -1  -1  -1  -1  -1  -1  -1  -1  -1 
 25  -1  -1 158 306  -1  -1  -1  -1  -1  -1  -1  36  -1  -1  -1 125 145 297  -1  -1  -1 307 213 102  83 
 26  -1 233  -1 259  -1  -1  -1  26  -1 243  -1  -1 279 159  -1  -1 277  -1  -1 170  -1 205  -1  -1  -1 
 27  -1  -1 252 146  -1  -1 300  -1  88  -1  -1 196  -1  -1  -1  -1  -1  -1  -1  -1  -1 161  -1 247  -1 
 28  -1  -1  -1  -1  -1  -1  -1  -1  -1 301 263 248  -1  71  -1  -1  -1  -1 278  -1  -1  -1 246  -1  -1 
 29  -1  14  -1 168  -1  -1  -1  -1  -1  -1  -1  -1  -1 198  -1 302  -1  -1  -1 286  -1  -1  -1  -1  -1 
 30  -1   2   2  -1  -1  19  19  19  30  -1  -1  -1  -1  -1  -1  -1   4   4  24  -1  -1  -1  -1  17  17 
 31  -1  -1  -1  -1  -1  -1  -1  -1  -1  -1  -1  -1  -1  -1  -1  -1  -1  -1  -1  -1  -1  -1  31  31  31 
 32  46  46  -1  -1  -1  -1  -1  -1  61  61  -1  -1  63  63  63  -1  68  48  48  -1  -1  -1  -1  74  -1 
 33  -1  -1  -1  -1  -1  -1  -1  75  75  75  -1  -1  -1  -1  -1  -1  -1  -1  -1  -1  -1  -1  -1  -1  -1 
 34  92  92  -1 112  -1  -1  -1 107 107 107  -1  -1  -1 118  -1  -1  -1 105 105  -1  -1  -1  -1  90  90 
 35  -1  -1  -1  -1  -1  -1  -1  -1  -1  -1  -1  -1  -1  -1  -1  -1 119 119 119  -1  -1  -1  -1  -1  -1 
 36  -1  -1  -1  -1  -1 151 151 151 162  -1  -1 134 134  -1  -1  -1 136 136 156  -1  -1  -1 149 149  -1 
 37  -1  -1  -1  -1  -1  -1  -1  -1  -1  -1  -1  -1  -1  -1  -1  -1  -1  -1  -1  -1  -1  -1 163 163 163 
 38  -1  -1 178 178  -1  -1 206  -1 200  -1  -1  -1  -1  -1  -1 180 180 195 195 195  -1  -1  -1 193 193 
 39  -1  -1  -1  -1  -1  -1  -1  -1  -1  -1  -1  -1  -1  -1  -1  -1  -1  -1  -1  -1  -1  -1 207 207 207 
 40  -1 224 224 222 222  -1  -1 237 237  -1  -1  -1 244 250  -1  -1  -1  -1  -1  -1  -1  -1 239 239 239 
 41  -1  -1  -1  -1  -1 251 251 251  -1  -1  -1  -1  -1  -1  -1  -1  -1  -1  -1  -1  -1  -1  -1  -1  -1 
 42  -1  -1 288  -1  -1  -1  -1 283 283 283 268 268  -1  -1  -1  -1 266 266 294  -1  -1  -1 281 281  -1 
 43  -1  -1  -1  -1  -1  -1  -1  -1  -1  -1  -1  -1 295 295 295  -1  -1  -1  -1  -1  -1  -1  -1  -1  -1 
 44  -1 275  -1  -1  54  -1  -1  -1  -1 316  -1  -1  -1 309  -1   9  50  -1 139  -1  -1 187  -1  -1  55 
 45  -1  -1  -1  -1   6  -1  -1  -1  -1  -1  -1  -1  -1  -1  -1  93  -1  -1  -1  -1 314 141 313  -1  -1 
 46 185  -1  98  -1 271  -1  -1  -1  -1  -1 228 186  94  -1  -1  -1  -1  -1  -1 315  -1  -1  -1 272  -1 
 47  -1  -1  65  -1  -1  -1 308  -1 142  -1  49  -1  -1  -1  -1  -1  -1 183   5  -1  -1 273  -1  -1  -1 
 48  -1  -1  -1  21  -1  -1  -1 197  52  -1  -1  -1  -1  -1  -1 274  -1  -1  -1  -1  -1  -1  -1 182  -1 
 49  -1  -1  -1 137  -1 312  -1  -1  -1  -1  -1  -1 227  -1  -1  -1  -1  -1  -1  -1  -1  -1  -1  10  -1 
 50  -1  -1  -1 270  97  -1  -1 311 184  -1  -1   8  -1  -1 310  -1  -1  -1  -1  -1  -1  -1  -1  -1  -1 
 51  -1 181 285  -1  -1  -1 109  -1  -1  -1  95  -1  -1  -1  -1 138  -1 226  -1  -1 241  -1  -1  -1  -1 
 52 143  -1  -1  99  -1  -1  -1  -1 230  -1   7  -1  -1  -1  -1  -1  -1  -1 229  -1  -1  11  -1  -1  -1 
 53  -1  -1  -1  51  -1  -1  -1  -1  -1  -1 140 231  -1  -1  -1  -1 225  96  -1  -1 153  -1  -1  53 269 

r\t   0   1   2   3   4   5   6   7   8   9  10  11  12  13  14  15  16  17  18  19  20  21  22  23  24 
  0  -1 102  -1  -1  -1  -1  -1 205 263 126  -1  -1  -1  -1  -1  -1 296  -1 202  -1  -1 103  70 160  -1 
  1  -1  -1  -1  -1  -1  -1  -1  -1  -1  -1  -1 125  -1  -1  -1  -1 188  -1  -1  -1  16  16  -1  -1  -1 
  2  -1  -1  -1  -1  -1  -1  -1  -1  -1  -1  -1 211  71  -1  -1  -1  -1  -1 235  -1  -1  -1  58  -1  -1 
  3  -1  -1  -1  -1  -1  -1  -1 106  -1  -1  -1  44  -1 157  -1 177 234  -1  -1  -1  -1 277  -1  -1  -1 
  4  -1  -1  -1  -1  -1  -1  -1  -1  -1  -1 128  -1  -1 210  -1  -1  -1 280 280  -1  -1  -1 276  -1  -1 
  5  -1  41  73  -1  -1  -1  -1  -1  -1  -1  -1 146  -1 258  -1  -1  26  -1 132  -1  -1  -1 215 113  -1 
  6  -1 124  -1  -1 223 129  -1  -1 289  -1  -1  -1 213  -1  -1  -1  -1 249  -1  -1  -1  -1 131  -1  -1 
  7  -1  -1  -1  -1  -1  -1 161  -1  25  -1  -1  59  -1  -1  -1  -1   3 204  -1  -1  -1  -1  -1  -1  -1 
  8  -1  -1  36  -1  -1  -1 150  78  -1  -1  -1  28 192 192  -1  -1  -1 190  -1  -1  -1 246  -1  -1  -1 
  9  -1  -1 117  -1  -1  -1  -1  -1 261  -1  -1  83  -1  -1 307  -1 248  -1 254  -1  -1  -1  -1 209 171 
 10  -1 133 135 301  -1 155  -1  32  -1  -1  -1  -1  -1  -1  -1  -1  -1  -1  -1  -1  87  -1  -1  -1 242 
 11  -1  -1  -1  77  -1  -1 199 147  -1 169  -1  -1 104 104  -1  -1  -1  -1 305  -1  -1  -1  -1  -1  -1 
 12  -1  13  -1  -1  -1  -1  -1  -1  -1  -1  -1  -1 284  -1  -1  -1  -1 172  -1  -1  -1  66  -1  -1  -1 
 13  -1  -1  14  -1  -1  -1  -1  -1 116 303  -1  -1  60  60  -1  -1  -1  -1  -1  -1  -1  -1  -1  -1  -1 
 14  -1  38 252 291  -1  -1  -1  -1  -1  -1  91  -1  -1 290  -1  -1  -1  -1 191  -1  -1  -1  -1  -1  -1 
 15  -1  -1  -1 255  -1  -1 212  -1  -1  -1  -1  -1  -1  -1  -1  22  76 233  -1  -1  -1  -1  35  -1  -1 
 16  -1 152 179  -1  -1  -1  12  -1  -1  -1  -1 306  85  -1  -1  -1 127  -1  -1  -1 219  47  -1  80  -1 
 17 304 168  -1 158  -1  -1  81  -1  -1  -1  -1 100 265 279  -1  -1  -1 220  -1  -1  -1  -1  -1  29  -1 
 18  -1  69 236 236  -1 170  -1  56  82  -1  -1 189 115  -1  -1  -1 145  15 218  -1  -1  -1  -1  -1  -1 
 19  -1  -1  27 154  -1  -1  -1  -1 111  -1  -1 262 240  43  -1 302 267  -1  -1  -1  -1 214  -1  -1  -1 
 20  -1  -1  -1 198  -1  -1  -1  -1 201  -1  -1 114  -1  86  -1  -1  -1 173  -1  -1  -1 144 196  -1  -1 
 21  39  -1 297  -1  -1 257 260  -1  -1  -1  -1 256 148 148  -1  -1  -1  -1  -1  -1  -1 165  -1  -1  -1 
 22  -1  -1  42  -1  -1  -1 110  -1  -1  -1  -1  -1  -1  -1 176  -1  23  -1  -1  -1  45 221  -1  -1 286 
 23  -1  57  -1  -1  -1  -1  -1  -1  -1  -1  -1 278  -1  -1  -1  -1  -1  -1  -1  -1  -1  -1 264  -1  -1 
 24  -1 203  -1  -1  89  -1  -1  -1  -1  -1  -1  20  -1  -1  -1  -1 282  -1 164  -1  -1  88  -1  18  -1 
 25 217  -1  -1  -1  -1 287  62 245  -1  -1  -1   0 208  -1  84  -1  -1  -1 299  -1  -1 175  -1 194  -1 
 26  -1  -1  -1  34 130  -1  -1  -1  67  -1  -1  -1 300  -1  -1  -1 122  -1   1  -1  -1 298  -1 247  -1 
 27  -1  33  -1  -1  -1  -1 259  -1  37  -1  -1  72  -1  79  -1  -1  -1 166  -1 101  -1  -1  -1  -1  -1 
 28  -1 232  -1  -1 238  -1  -1  -1  -1  -1  -1 167  -1 216  -1  -1 159 292  -1  -1  -1  -1 120 243  -1 
 29  -1 293 108  -1  -1  -1 123 121 253  -1  -1  -1  -1  -1  -1  -1  64  -1  -1  -1  -1  40 174  -1  -1 
 30  -1   2   2  -1  -1  -1  24  19  19  19  -1  -1  17  17  -1  -1  -1  30  -1  -1  -1   4   4  -1  -1 
 31  -1  -1  -1  -1  -1  -1  -1  -1  -1  -1  -1  -1  31  31  31  -1  -1  -1  -1  -1  -1  -1  -1  -1  -1 
 32  -1  -1  63  63  63  -1  -1  -1  74  -1  -1  -1  46  46  -1  48  48  61  61  -1  -1  68  -1  -1  -1 
 33  -1  -1  -1  -1  -1  -1  -1  -1  -1  -1  -1  -1  -1  -1  -1  -1  -1  75  75  75  -1  -1  -1  -1  -1 
 34  -1  92  92 112  -1  -1  -1  -1  -1  -1  -1  90  90 118  -1  -1  -1 105 105  -1  -1  -1 107 107 107 
 35  -1  -1  -1  -1  -1  -1  -1  -1  -1  -1  -1  -1  -1  -1  -1 119 119 119  -1  -1  -1  -1  -1  -1  -1 
 36  -1  -1  -1  -1  -1  -1  -1  -1  -1  -1 136 136 156  -1  -1 134 134 149 149  -1  -1 162 151 151 151 
 37  -1  -1  -1  -1  -1  -1  -1 163 163 163  -1  -1  -1  -1  -1  -1  -1  -1  -1  -1  -1  -1  -1  -1  -1 
 38 193 193 206 200  -1  -1  -1 195 195 195 178 178  -1  -1  -1  -1 180 180  -1  -1  -1  -1  -1  -1  -1 
 39  -1  -1  -1  -1  -1  -1  -1  -1  -1  -1  -1  -1  -1  -1  -1  -1  -1  -1  -1  -1 207 207 207  -1  -1 
 40  -1 244  -1  -1  -1  -1 250 239 239 239 237 237  -1  -1  -1 224 224  -1 222 222  -1  -1  -1  -1  -1 
 41  -1  -1  -1  -1  -1  -1  -1  -1  -1  -1  -1  -1 251 251 251  -1  -1  -1  -1  -1  -1  -1  -1  -1  -1 
 42  -1 283 283 283  -1  -1  -1  -1 281 281  -1  -1  -1 268 268  -1  -1  -1 266 266  -1  -1 288 294  -1 
 43  -1  -1  -1  -1  -1  -1 295 295 295  -1  -1  -1  -1  -1  -1  -1  -1  -1  -1  -1  -1  -1  -1  -1  -1 
 44  -1  -1  -1  -1  -1  -1 241  -1  -1  -1 229  -1  -1 142  -1  -1  -1  -1  -1 138  -1  -1  -1 311  -1 
 45  -1  -1  -1  -1  -1  -1  -1  -1  -1  -1 274  -1  -1 182  54  -1  -1  10  -1  -1 137  -1  -1  -1  -1 
 46  -1  -1 225  21  -1 310 308  -1  -1  -1  -1  -1 186  95  -1  -1  -1  -1  -1  -1  -1  -1 230 285 314 
 47  -1  -1 153 109 143  -1  -1  -1  -1  -1   7 269 226  -1  -1  -1  -1  -1  -1   9 228  -1  49  -1  -1 
 48  -1 231  -1  -1  -1  -1  -1 309  -1  -1  -1  -1  -1   6  -1  -1  -1  -1 181  97  -1 141 184  -1  -1 
 49 312  -1  -1  -1  -1  -1  -1  -1  -1  -1  -1  -1   5  -1  -1  -1  -1 139  -1 183  -1  -1  -1  -1  -1 
 50  -1  52 197  -1 273  -1  -1  -1  -1  -1  -1 227  -1  -1  -1  -1  -1  -1  -1  -1  -1 272  -1  -1  -1 
 51  -1 187  -1  -1 185  -1  -1  -1 315  -1  -1  -1  -1  -1  -1  -1  -1 270  -1  -1   8  -1  -1  65  -1 
 52  -1  -1  53  -1  -1  -1  -1  -1  -1  -1  55  -1  -1  -1  99  -1  -1  96  50  -1 275  -1  98  -1  -1 
 53  -1  -1  -1 313  11  -1  -1  -1  -1 316  -1  -1 140  -1  -1 271  -1  51  94  -1  93  -1  -1  -1  -1 

