317
1 21
24 23
22 30
19 19
13 30
0 52
16 46
18 53
11 45
10 52
12 45
15 45
1 5
11 28
13 0
7 4
22 0
17 30
21 18
2 30
12 23
19 44
5 26
6 1
16 30
18 6
11 26
2 28
6 17
22 20
12 30
7 31
1 27
17 21
13 5
23 25
3 18
10 0
9 18
17 27
19 14
0 28
10 14
18 29
11 9
3 22
22 32
13 23
0 32
10 46
8 45
12 50
19 47
18 44
24 50
14 46
1 18
11 17
12 7
6 20
23 4
7 32
21 2
15 32
18 2
13 53
2 27
4 12
2 32
22 14
3 4
16 23
21 9
8 18
13 32
5 33
17 22
18 28
12 29
23 23
1 20
22 19
24 19
12 10
17 15
8 20
18 5
5 14
22 3
3 3
0 34
14 8
10 34
18 45
16 45
12 51
23 45
15 50
8 47
13 50
11 2
16 26
1 15
8 14
12 13
17 34
21 3
22 34
3 27
7 52
6 23
2 26
12 34
7 2
22 15
23 19
1 22
13 26
21 34
17 35
8 17
6 11
17 29
2 29
11 10
13 14
16 19
8 5
12 22
6 16
16 15
19 6
22 27
23 10
13 36
8 27
10 36
16 50
19 52
18 47
12 48
0 48
1 44
24 48
11 21
13 17
12 8
1 2
17 11
2 36
15 16
5 36
22 13
20 51
21 28
8 28
16 36
17 12
23 24
11 25
6 8
1 8
8 36
2 37
13 10
7 25
12 0
18 22
22 6
5 6
16 10
7 8
16 17
1 6
0 11
11 7
24 5
10 12
11 38
8 24
0 38
19 51
23 46
3 53
18 46
14 52
13 52
22 48
1 11
22 23
11 20
3 14
12 27
17 38
2 0
5 38
16 13
21 48
20 26
8 10
22 38
7 12
13 8
11 19
1 4
18 8
2 38
15 39
3 16
8 12
23 18
23 21
6 25
18 16
17 5
21 6
4 16
20 18
3 17
5 3
0 14
24 20
10 40
15 13
22 40
19 46
16 51
3 47
8 44
1 47
18 48
13 47
23 14
18 10
22 26
16 28
3 0
12 40
2 2
7 40
11 0
6 47
21 7
17 19
17 40
8 8
2 10
16 5
18 12
3 11
6 40
12 41
23 5
7 24
1 9
21 25
11 23
8 3
14 23
6 3
9 6
13 11
0 18
1 0
11 27
0 4
15 42
18 18
23 42
14 44
1 51
22 49
8 48
13 46
19 53
3 45
1 16
16 14
17 24
18 1
23 8
5 42
21 22
10 42
3 24
4 52
2 25
9 16
21 42
23 11
3 5
13 2
18 26
12 2
8 42
5 43
17 1
11 29
22 18
16 20
2 18
7 13
9 10
6 22
21 15
10 27
17 4
18 20
7 50
9 53
4 49
2 52
20 52
21 52
6 48
17 51
5 47

