r\t   0   1   2   3   4   5   6   7   8   9  10  11  12  13  14  15  16  17  18  19  20  21  22  23  24 
  0  -1  -1  -1  -1  -1  -1  43  -1 242  -1  -1 235  -1 204  -1  -1  -1  -1 102 267  -1 286  -1  -1  -1 
  1  -1  -1  -1 116 301  -1  -1  -1  -1  -1 176  -1  -1 243  -1  -1  -1  -1  -1  -1  -1  -1 247  -1  -1 
  2  86  -1 212  28 213  -1  13  -1  -1   3  -1 264  -1  -1  -1  -1 171 164  -1  -1  -1  -1  -1  -1  -1 
  3  -1  -1  -1  -1  -1  -1  58 166 256 172  -1 245  -1 249  -1  -1  -1 103  15  -1  -1  18  -1  -1  44 
  4  -1  66 126  -1  -1  -1  -1 115  -1  -1  -1  25  -1 189  -1  -1  -1  -1  26  -1  -1  -1  16  16  -1 
  5 280 280 296  -1  -1 192 192 307 154  -1 257  -1 233  73  -1  -1  -1  -1 299 127  -1  -1  -1  -1  -1 
  6  -1 146  -1  -1  -1  -1  -1 232  -1  -1  -1  -1  -1  12  -1 236 236  -1 252  -1  -1 246  -1  -1  -1 
  7  -1  -1  -1  -1  39  -1  -1 289  -1  -1  -1  -1 104 104  -1  -1  71  -1  -1  -1  -1  37  72  -1  -1 
  8  -1  -1 121  -1 132  -1  -1  -1  -1  -1  -1  -1  -1 131  -1  -1  -1  -1  42  -1  -1 259  -1  -1  -1 
  9  -1  -1  -1  -1  -1  -1  -1  14 128  -1  -1 208 216  -1  -1  -1  -1 255  -1  -1  -1  -1 165 113  -1 
 10  -1 123  -1 133  -1  -1  29  -1  -1  -1  -1  -1  -1  -1  -1  -1 253  -1  64  -1  -1  -1  -1 276 175 
 11  -1  -1  -1  60  60 221 202  -1  -1  -1  -1  -1  -1  -1  -1  -1  -1  -1  76  -1  -1  -1  -1  -1  -1 
 12  -1 129  -1 168  -1  -1  -1  -1  -1  -1  -1 124  -1  87  -1  -1  -1  -1 263  -1  -1  -1  -1  -1  -1 
 13  -1  -1  -1  -1  -1  -1  -1 303  82  -1  -1  -1 147  -1  -1  -1  -1  -1  -1  -1  -1  -1  -1  -1 265 
 14  -1  -1  -1 152  -1  -1  -1  56  -1  -1  -1  -1 211  -1  -1 198  -1  -1  -1  -1  -1  27  -1  57  -1 
 15  -1 215 190 100  -1  -1  -1  -1 218  -1  -1  -1  -1  -1  -1  -1  -1  -1 159  -1  -1  85  -1 196  -1 
 16  -1  -1  -1  -1  -1  -1  88  -1  -1 174  -1  89  -1  -1  -1  -1 158 277 278   1  -1 261  34  41  -1 
 17  -1  47 135  -1  -1  -1 144  -1  -1  -1  -1  -1  -1  67  -1  -1 298  -1  -1  -1  -1 160  -1  -1  -1 
 18  -1 188  -1  -1  -1  -1  78 219 114  -1 223  -1  -1 117  -1  -1  -1  -1  -1  -1 106  -1  -1 290  -1 
 19  45  -1  -1  -1  -1  -1  -1 130 157  -1  -1  -1 254  -1  -1  -1  -1  -1  -1  -1  -1 150  -1  -1  -1 
 20 220 291  -1  -1  -1  -1  -1  -1 279  -1  -1  -1  -1 292  -1  -1 199 293  -1  -1  -1  -1  -1  -1  -1 
 21  -1  69 217  -1  -1  -1  -1  35  -1 111  91  -1 210  -1  -1  -1  -1 238  -1 302  -1 120  -1  -1  -1 
 22  -1 201  -1 284  -1  -1  38 203  62  -1  -1  -1  32  -1  -1  -1  -1  -1  -1  -1  -1  -1 170  -1  -1 
 23 194 167 240  -1  -1  -1  -1  -1  83  -1  -1 300  -1  -1  -1  -1 306 122 209  -1  -1  -1  -1  36  -1 
 24  -1  -1 287 205  -1  -1  -1  -1  -1  -1  -1  -1  40  -1  -1  81  -1  -1  -1  -1  -1  -1  -1  33  -1 
 25  -1 101  -1  -1  -1  -1  -1  -1  -1  -1  -1  -1  -1 161  -1  -1  -1  -1  -1  -1  -1  -1 191  -1  -1 
 26  -1  20  -1  -1  -1  -1  -1  -1  -1  -1 110  -1 258  -1  -1  -1  22  77  -1 262  -1 214 169  -1  -1 
 27  -1  -1  80  -1  -1  -1  -1 145  -1 173  -1   0  -1  -1 260  -1 282  -1  -1  84  -1  59  -1 248  -1 
 28 179  -1 155 297  -1  -1 234  -1  -1  -1  -1  -1  -1  -1  -1  -1 304  -1 305  -1  -1  79 148 148  -1 
 29  -1  -1 108  70  -1  -1  -1  -1  -1  -1  -1  -1  -1  -1  -1  -1  -1  23 125 177  -1  -1  -1  -1  -1 
 30  -1  -1  17  17  -1  -1   2   2  -1  -1  19  19  19  30  -1  -1  24  -1  -1  -1  -1  -1  -1   4   4 
 31  31  31  31  -1  -1  -1  -1  -1  -1  -1  -1  -1  -1  -1  -1  -1  -1  -1  -1  -1  -1  -1  -1  -1  -1 
 32  -1  -1  46  46  -1  48  48  -1  74  -1  61  61  -1  -1  -1  63  63  63  -1  -1  -1  -1  -1  68  -1 
 33  -1  -1  -1  -1  -1  -1  -1  -1  -1  -1  75  75  75  -1  -1  -1  -1  -1  -1  -1  -1  -1  -1  -1  -1 
 34  90  90  -1  92  92  -1 118 105 105  -1  -1  -1 112  -1  -1  -1  -1  -1  -1  -1  -1 107 107 107  -1 
 35  -1  -1  -1  -1  -1  -1  -1  -1  -1  -1  -1  -1  -1  -1  -1 119 119 119  -1  -1  -1  -1  -1  -1  -1 
 36  -1  -1 156  -1  -1  -1 136 136  -1  -1 149 149  -1  -1  -1  -1  -1 151 151 151  -1  -1 162 134 134 
 37  -1  -1  -1  -1  -1  -1  -1  -1  -1  -1 163 163 163  -1  -1  -1  -1  -1  -1  -1  -1  -1  -1  -1  -1 
 38  -1  -1  -1 178 178 180 180 195 195 195 193 193  -1  -1  -1  -1 200 206  -1  -1  -1  -1  -1  -1  -1 
 39  -1  -1  -1  -1  -1  -1  -1  -1  -1  -1  -1  -1  -1  -1  -1  -1  -1  -1  -1  -1  -1 207 207 207  -1 
 40  -1  -1  -1 237 237  -1 250 244  -1  -1  -1 224 224  -1  -1  -1  -1  -1 222 222  -1  -1 239 239 239 
 41  -1 251 251 251  -1  -1  -1  -1  -1  -1  -1  -1  -1  -1  -1  -1  -1  -1  -1  -1  -1  -1  -1  -1  -1 
 42 266 266  -1 268 268 281 281  -1  -1  -1  -1 283 283 283  -1  -1  -1  -1  -1  -1  -1 288 294  -1  -1 
 43  -1  -1  -1  -1  -1  -1 295 295 295  -1  -1  -1  -1  -1  -1  -1  -1  -1  -1  -1  -1  -1  -1  -1  -1 
 44  -1 231  -1  -1  54 274  -1  -1  -1  -1  -1  -1  -1  -1  -1 310  -1  -1  10  -1  -1  -1 285  -1  -1 
 45  -1  -1  -1   5 228  -1  -1  -1 315  -1  -1 184  -1  -1  -1  -1  -1  -1 270  -1  -1  -1  -1  -1  -1 
 46  -1  -1  -1  -1  -1  -1  -1  -1  -1 229  -1  53 273  -1  -1  -1  -1  -1  96  -1  -1  -1  -1  -1  -1 
 47  -1  -1 186  -1   9  -1 269  -1  -1  -1  -1 141 139  -1  -1  -1  -1 311  -1  -1  -1  -1  65  -1  -1 
 48  -1  -1  -1  -1  -1  -1  -1  -1  21  50  -1  -1  -1  -1  -1  -1 308  -1  -1  -1  -1  -1 309 272  94 
 49  -1  -1  -1 227  -1 140 226  -1  -1  -1 275  -1  -1  -1  -1  -1  -1  -1 142  99  -1  -1  -1  -1  -1 
 50 143 185  -1  -1  -1  11  -1 225  -1 138  -1  -1  95  -1 109  -1  -1  -1  -1  -1  -1  -1  -1  -1  -1 
 51  -1  -1  -1  -1  -1  97  -1  93  -1 271  -1  -1  -1  -1 312  -1  -1  -1  -1  55 316 314  -1  52 183 
 52  -1 137  98  -1  -1  -1  -1  49  -1  -1  -1  -1   8 313  -1  -1  -1  -1 182  -1  -1  -1  -1 181  -1 
 53  -1   7   6  -1  -1  -1  -1  -1  -1  -1  -1  -1 187 153  -1  -1  -1 197  51  -1  -1 241  -1 230  -1 

r\t   0   1   2   3   4   5   6   7   8   9  10  11  12  13  14  15  16  17  18  19  20  21  22  23  24 
  0  -1 147  -1  -1  -1  -1 115 168  -1  -1  -1 284  -1  -1  -1  -1  -1 104 104  -1  -1  40  -1  -1  -1 
  1  -1 290  -1  -1  -1  -1  79  -1  -1  -1  -1 157 279  -1  -1  -1 249  -1 123  -1  -1 217  -1  -1  -1 
  2 214 247  -1 243  -1  -1  -1 297 205 110  -1  80  -1 276  -1  -1 264  -1  28  -1  -1  -1  -1  42  -1 
  3 265  14 120  -1  -1  -1 135  -1  -1  -1  -1 150 203  -1  -1  -1  -1  -1  -1  37  -1 238 122 131 125 
  4  -1 278 189  -1  -1 215 212 152  -1  -1  -1  -1  -1  -1  -1  -1 144  -1  -1  -1  -1  -1  -1  -1  -1 
  5  -1  -1  -1  -1  -1  -1  -1  -1 101 194  -1  -1  -1  -1  67  45  -1  69  60  60  -1  -1  -1 175  -1 
  6 176  -1  -1  -1 127 236 236  72  -1  -1  -1 252  -1 255  -1  -1  -1  -1 254  -1  -1  56 218  -1 301 
  7  -1  -1  -1  -1  -1  -1  -1  -1  32  -1  -1  27  -1  -1  -1  -1  -1  -1  -1  -1  -1  34  81  -1  -1 
  8  -1  -1  -1  -1  -1  -1 166 108  58  -1  -1  -1  -1  -1  -1 179  -1  -1  -1 307 148 148  -1 208  -1 
  9  -1 196  29  -1  -1  -1  -1  -1  -1  -1  -1 117 171  33  -1  -1 234 258  -1  -1  -1  -1  26 106 169 
 10  -1  -1  -1  -1  -1  -1  -1  47  44  -1  -1  -1  -1  -1  -1  -1  -1 298  -1 287  -1  -1  23  59  -1 
 11  -1  -1  -1  -1  -1  -1  -1  -1  -1  -1  -1  -1 155  -1  -1  -1  -1  -1  -1  -1  -1 160  -1  -1  -1 
 12  -1  -1  -1 199  -1  -1  83  -1  -1  -1  -1  -1 103  -1  -1  -1 121  -1  -1  -1  -1  -1   3  -1 219 
 13  -1  -1  -1  -1  -1  -1  -1  -1  -1  -1  -1 111  -1  -1  -1  -1  -1  66  -1  -1  -1 132  -1  -1  -1 
 14  -1  -1 267 129  -1  -1  -1 201  -1  -1  -1 202  36  -1  -1  -1  -1 159 232  -1  -1  -1  -1  -1  -1 
 15  -1 209  -1  -1  -1  -1  -1  -1 296  -1  -1  -1 303  -1  -1  -1 100  -1  -1  -1  -1  -1 211  38  -1 
 16  -1 113  78 246  -1  -1 277  -1 146  82  -1  39  -1  -1  -1  -1  -1  -1  -1  -1  -1 223  -1  -1  -1 
 17  -1  35  -1  -1  -1  -1  -1  25  -1  -1  -1  -1 233  -1  -1 220 293 116  -1 260  -1  73 213 154  -1 
 18  -1  -1  -1  -1  -1 130  -1 124 304  -1  -1  86  -1 128  41  -1 191  -1  -1  -1  -1  -1 292 165  -1 
 19  -1  -1  13  -1 170  -1 256  16  16  -1  -1 126  -1 235  -1  -1  -1  20 299 177  62  -1  -1  -1  -1 
 20  -1  -1 221  -1  -1 306  -1  -1  -1 286  -1  -1  -1  -1  -1  -1  -1  -1  -1  -1  -1  -1 263  -1  -1 
 21  -1  -1  -1  71  -1  -1  -1  -1  -1  -1  -1  -1  -1 102  -1  -1  -1  -1  -1  -1  -1  -1 192 192  -1 
 22  -1  -1  -1  -1 216  -1  -1  89 114  -1  -1  -1 289  -1  -1  -1 164  -1  -1  -1  -1  -1  -1  -1 198 
 23  87  77  -1  -1  -1  -1  57 133  -1  -1  -1  -1  -1  -1  -1  -1  -1  -1  -1  -1 173 259  -1  22  -1 
 24  -1  64 282  -1  -1  -1  -1 280 280 257  -1  -1  -1 145  -1  -1  -1 242 158  -1  -1  -1  -1  -1  -1 
 25  -1 240  -1  -1  -1  -1  -1 188  -1  -1  -1  84  -1  -1  -1  -1  -1 261  -1  -1  -1 300  -1  -1  -1 
 26  -1  -1  -1  -1  -1  -1  -1  -1 190  18  -1  -1  -1 167  -1  -1  -1  -1  -1  -1  -1 305  -1  -1  -1 
 27  -1 161  -1  -1   1  -1  43  -1  -1  -1  -1  -1  -1 262  -1  -1  -1  -1  -1  -1  -1  15 245  -1  -1 
 28  91 174  -1  85  -1  -1  12  -1  -1  -1  -1  -1  -1  -1  -1  -1 172 248  70  -1  -1   0  -1  -1  -1 
 29  -1  -1  88  -1  -1  -1 291  -1  -1  -1  -1 302  -1  76  -1  -1  -1  -1  -1  -1  -1 204 210 253  -1 
 30   4   4  -1  -1  -1  -1  24  -1  -1  -1  -1  19  19  19  -1  17  17  -1   2   2  -1  -1  -1  30  -1 
 31  -1  -1  -1  -1  -1  -1  -1  -1  -1  -1  -1  -1  -1  -1  -1  31  31  31  -1  -1  -1  -1  -1  -1  -1 
 32  48  48  61  61  -1  -1  -1  -1  68  -1  -1  63  63  63  -1  -1  74  -1  46  46  -1  -1  -1  -1  -1 
 33  -1  -1  -1  -1  -1  -1  -1  -1  -1  -1  -1  -1  -1  -1  -1  -1  -1  -1  -1  -1  -1  -1  75  75  75 
 34  -1 107 107 107  -1  -1  -1  -1  -1  -1  -1  -1 112 118  -1  92  92  -1  90  90 105 105  -1  -1  -1 
 35  -1  -1  -1  -1  -1  -1  -1  -1  -1  -1  -1  -1  -1  -1  -1  -1  -1  -1  -1  -1 119 119 119  -1  -1 
 36 134 134 149 149  -1  -1  -1  -1  -1  -1  -1  -1 156  -1  -1 136 136 151 151 151  -1  -1  -1 162  -1 
 37  -1  -1 163 163 163  -1  -1  -1  -1  -1  -1  -1  -1  -1  -1  -1  -1  -1  -1  -1  -1  -1  -1  -1  -1 
 38  -1  -1 206 200  -1 178 178  -1  -1  -1 195 195 195  -1  -1  -1  -1 193 193  -1  -1 180 180  -1  -1 
 39  -1  -1  -1  -1  -1  -1  -1  -1  -1  -1  -1  -1  -1  -1  -1  -1 207 207 207  -1  -1  -1  -1  -1  -1 
 40  -1  -1  -1  -1  -1 224 224 237 237  -1  -1  -1 244  -1  -1  -1  -1  -1 222 222  -1 250 239 239 239 
 41  -1  -1  -1  -1  -1  -1  -1 251 251 251  -1  -1  -1  -1  -1  -1  -1  -1  -1  -1  -1  -1  -1  -1  -1 
 42  -1  -1  -1 288  -1 268 268 266 266  -1  -1  -1  -1 294  -1  -1  -1 281 281  -1  -1  -1 283 283 283 
 43  -1  -1  -1  -1  -1  -1  -1  -1  -1  -1 295 295 295  -1  -1  -1  -1  -1  -1  -1  -1  -1  -1  -1  -1 
 44  -1  -1  -1 285 229  -1  -1  -1   5  -1  -1 241 313 187  -1  -1  -1  -1  -1  -1  -1  96  -1 308  -1 
 45  -1  -1 141  -1  -1 138  99  -1  94  -1 225  -1  -1 272  -1 274 227  -1  -1  -1  -1  -1  -1  -1  -1 
 46 109 275  -1  -1  93  -1  -1  -1  -1  -1  -1  -1  -1   6  -1 197  -1  -1  -1  -1  -1  52 142  -1  -1 
 47  -1  -1  -1  -1  54   9  -1  -1  -1  -1  -1  -1  -1  95  -1  -1  49  -1 269  -1  -1  -1  -1  -1  -1 
 48  -1 230  50 311  -1  -1  11 184  -1  -1  53  -1  -1 139  -1  -1  -1  -1 140  -1  -1  -1 226  -1  -1 
 49  -1  -1  -1  -1 185  55  -1  10  -1  -1   7  -1  -1  -1  -1  -1  -1  -1  -1  -1  -1 270  -1  -1  -1 
 50  -1 183  -1  -1  -1  -1 153  65  -1 314  -1  -1  -1  -1 316  -1 182  -1  -1  -1  -1  -1  -1  -1 309 
 51  -1  -1  -1  21 271  -1  51  -1 181  -1  98  -1  -1  -1  -1  -1  -1  -1  -1  -1  -1  -1  -1  -1  -1 
 52  -1  -1   8  -1  -1  -1  -1  -1 137  -1  -1  -1  -1 231  -1  -1  -1  -1  -1  -1  -1  -1 273  -1  -1 
 53 228  -1 186  -1  -1  97  -1  -1  -1  -1 143 312  -1  -1  -1  -1  -1 315  -1  -1 310  -1  -1  -1  -1 

r\t   0   1   2   3   4   5   6   7   8   9  10  11  12  13  14  15  16  17  18  19  20  21  22  23  24 
  0  86  -1 196 254  -1  -1  20  -1  -1  -1  -1 108  -1  -1 176  -1  -1  -1  -1  -1  -1 133  -1 114  -1 
  1  -1  -1  -1  -1  -1  -1  -1 255  58  -1  -1  12  -1  -1  -1  -1  -1  -1  -1  -1  -1 188  -1  -1 126 
  2  -1  -1  -1  -1 213  -1 174  -1  -1  -1  -1  89  -1  41  -1  -1  -1  -1   3  -1 214  13 100  -1  -1 
  3  -1  -1  16  16  -1  -1  -1  -1 175  -1  -1  28 145  -1 171  -1  -1  -1  -1  -1  -1  -1  -1  -1 218 
  4  -1  -1  -1  -1  -1  -1 293  -1 123  -1  -1 216  47  -1  -1  -1  -1  -1  -1  -1  -1 168  34 157 301 
  5  -1 296  80  -1  -1  -1  -1  -1  -1  -1  -1 210  72 179 150 265  -1  60  60  -1  -1  -1  -1  -1  -1 
  6  -1  -1 249  32  -1  -1  -1  -1 161  -1  -1  57 219 217  -1  -1  -1 122 202  -1  -1  73  -1  26  -1 
  7  -1  -1  -1  -1  -1  -1 257  83 307  -1  -1 211  -1  -1 173  -1  -1  -1 267  -1  -1  -1  -1 256  -1 
  8  -1 260 128  -1  -1  -1  -1  -1 252  -1  -1  -1  -1  -1  -1  -1  -1 199  -1  87  -1  -1  -1  22  -1 
  9  -1  -1  -1  -1 302  -1  -1  -1 258  -1  -1 247 191  -1  -1  -1  -1  -1 306  -1  -1 264  15 201  -1 
 10  -1  -1  -1  -1  -1  -1  -1  -1  43  -1  -1  -1 248  -1  -1  -1  -1  -1  -1  -1  -1  -1  -1  -1  -1 
 11  -1  -1 280 280  -1  -1  -1  -1  -1  -1  -1  -1  -1  45  -1  -1  -1  -1  18  -1  -1  -1 152  -1  -1 
 12  -1  -1  -1  -1  -1  -1 167  -1  -1  -1  -1  -1 263  -1  -1  -1  -1 204  84  -1 129  -1 115 243  -1 
 13  -1  -1 261  64  -1  -1  91  -1 262  -1  -1 215  33  -1  -1 132  -1 286  -1  -1 106  -1  -1  -1  -1 
 14  -1  -1  -1  -1  -1  -1  56 282  -1  -1  -1  44  -1  -1 135  -1  -1 245  -1  66  -1 292  -1  -1  -1 
 15 172  -1  81 113  -1  -1  -1 242  -1  -1  -1 279  -1  -1 221  -1  -1  69  -1  -1  -1  -1  -1  -1 155 
 16  -1 304  -1  -1  -1 125 234  -1  -1  -1 236 236  -1  27  -1  -1  -1 169  35  -1  -1  -1 291  -1  -1 
 17  -1 158  37  -1  -1  -1  -1 121  -1  -1  -1 165  -1  -1  -1  -1  -1  -1  -1  -1  -1  -1 240  -1  -1 
 18  -1  -1 159 131  -1  -1 278  -1 298  -1  -1  -1  -1 198  -1  -1 253  -1  -1  -1  -1  59 212 154  -1 
 19  -1  42  -1 233  -1  -1  -1  -1 235  -1  -1  -1 101  -1  -1  -1  14  -1  -1  -1  -1  -1  -1 297  -1 
 20  -1 144  -1  -1  -1  -1 116 203  -1  -1  -1  77  -1  -1  -1  -1  -1  -1  -1  -1  -1 205  -1  -1  -1 
 21  -1  -1 238  76  -1  -1  -1  62  -1 223  -1   0 160  -1  -1  -1  -1  -1 300  -1  -1  -1  88 111  -1 
 22  -1 287  -1 103  -1  -1  -1 148 148  -1  -1 146 284  -1  -1  -1 276  -1  -1  -1  -1  -1  -1  -1  -1 
 23  -1  -1  -1  -1  -1  -1 147  -1 104 104  -1  -1  -1 117  67  -1  40  29 170  -1  -1  -1  -1  -1  -1 
 24  -1  39  -1 164  -1  -1  -1 289  -1  -1  -1 124  36 220  -1  -1 290  -1  -1  -1  -1  -1  -1  -1  -1 
 25  -1  23  -1  -1  -1  -1  78  -1 208  -1  -1  -1  -1  -1  -1  -1  -1  -1  -1  -1  -1  -1  -1 194  -1 
 26  -1  -1  -1 299  -1  -1   1  -1 277  -1  -1  71  -1 246  -1  -1  79  -1 232  -1  -1  -1 190  -1  -1 
 27 303  25  -1  -1  -1  -1  -1  85  -1  -1  -1  -1  -1 102  -1  -1  -1  -1 177  82  -1  -1  -1  -1  -1 
 28  -1  70 120  -1 127  -1  -1 166  -1  -1 192 192 209 305  -1  -1 130  -1  -1  -1  -1  -1  -1 259  -1 
 29  -1  -1  -1  -1  -1  -1  -1 110  -1  -1  -1  -1  -1  -1  -1  -1 189  -1  -1  -1  38  -1  -1  -1  -1 
 30  -1  -1  24   4   4  -1  -1  -1  17  17  -1  -1  19  19  19   2   2  -1  -1  -1  -1  30  -1  -1  -1 
 31  -1  -1  -1  -1  -1  -1  -1  31  31  31  -1  -1  -1  -1  -1  -1  -1  -1  -1  -1  -1  -1  -1  -1  -1 
 32  63  63  63  -1  -1  46  46  74  -1  -1  -1  -1  -1  -1  -1  48  48  -1  68  -1  -1  -1  61  61  -1 
 33  -1  -1  -1  -1  -1  -1  -1  -1  -1  -1  -1  -1  -1  -1  -1  -1  -1  -1  -1  -1  -1  -1  75  75  75 
 34 107 107 107  90  90  -1  -1  -1  -1  -1  -1  -1 112  92  92  -1  -1 105 105  -1  -1 118  -1  -1  -1 
 35  -1  -1  -1  -1  -1  -1  -1  -1  -1  -1  -1  -1  -1  -1  -1  -1 119 119 119  -1  -1  -1  -1  -1  -1 
 36  -1  -1 151 151 151 134 134  -1  -1  -1  -1 136 136 162  -1  -1  -1 149 149  -1  -1  -1 156  -1  -1 
 37  -1  -1  -1  -1  -1  -1  -1  -1  -1  -1  -1  -1  -1  -1  -1  -1 163 163 163  -1  -1  -1  -1  -1  -1 
 38  -1  -1  -1 193 193  -1 206 195 195 195  -1  -1  -1 200  -1 178 178  -1  -1  -1  -1 180 180  -1  -1 
 39  -1 207 207 207  -1  -1  -1  -1  -1  -1  -1  -1  -1  -1  -1  -1  -1  -1  -1  -1  -1  -1  -1  -1  -1 
 40  -1 244  -1  -1  -1 224 224  -1  -1  -1 222 222 237 237  -1 239 239 239 250  -1  -1  -1  -1  -1  -1 
 41  -1  -1  -1  -1  -1  -1  -1  -1  -1  -1  -1  -1  -1  -1  -1  -1  -1  -1  -1  -1 251 251 251  -1  -1 
 42  -1  -1 288 268 268  -1  -1  -1 266 266  -1 294  -1 281 281  -1  -1  -1  -1  -1  -1  -1 283 283 283 
 43  -1  -1  -1  -1  -1  -1  -1  -1  -1  -1  -1  -1 295 295 295  -1  -1  -1  -1  -1  -1  -1  -1  -1  -1 
 44  -1 241  -1  -1  -1 183  -1  -1  -1  -1  -1 187  -1  -1  -1  -1 273  -1  -1  -1  -1  -1  -1  -1  -1 
 45  -1  -1  -1  -1  -1  -1 184  -1  -1  97 185  -1  98 272  -1  -1  -1  -1  -1  -1  -1  53 139  -1  -1 
 46  -1  -1  -1  -1  -1  -1  -1  -1  -1  -1 275 270  -1  -1  -1  93 141  -1  49  -1  -1  -1  -1 313  -1 
 47  -1  -1  -1  52  -1 271  -1  -1 140  54  50  -1  -1  -1  -1  -1  -1  -1 226 197  -1  -1 225  -1  -1 
 48  -1  -1 314 142  -1   9  -1  -1  -1  -1  11  -1  65  -1  -1  -1  -1  -1  -1  -1  -1 231  -1  -1  -1 
 49  -1  -1  -1  -1  -1  -1  -1  -1  10  -1  -1  -1   7  -1  -1  -1  -1  -1  -1  -1 312   6 269  -1  -1 
 50  -1  -1  -1  -1 186  -1  -1  -1  51  -1 138  -1 182  -1  -1  -1  -1 308  -1  -1  -1  96  -1  -1 316 
 51  -1  -1  -1 181  55  -1  -1  -1  94 143  95  -1  -1   5  -1  -1  -1  -1 285 153  -1  -1  -1  -1  -1 
 52  -1  -1  -1 230  -1  99 274 315  -1  -1  -1  -1  -1  -1  -1  -1  -1  -1  -1 310  -1  -1   8  -1  -1 
 53 309 311  -1  -1 229  -1 109  -1 228  -1  -1  -1 227 137  -1  -1  -1  21  -1  -1  -1  -1  -1  -1  -1 

r\t   0   1   2   3   4   5   6   7   8   9  10  11  12  13  14  15  16  17  18  19  20  21  22  23  24 
  0  -1  -1  -1  -1  -1 104 104  -1  36  -1  -1 165  -1 287  -1  -1 247 282  -1  -1  -1 289  -1 120  -1 
  1  -1  -1  -1  67  -1  -1  -1  -1  -1  -1 213 115 209  73  -1  89  -1  -1  39  -1  -1  -1  25  -1  86 
  2  -1  -1 292  29  -1  -1  -1  -1  58 150  -1  -1  -1  -1  91  -1  15 246  -1  -1 236 236  -1  -1  -1 
  3 215  -1  -1  -1  -1  -1 124 171  -1  -1  -1 235  69  -1  -1  -1 232 202  -1  -1  -1  -1  -1  80 307 
  4  -1  -1  -1  79  -1  -1  56  27  -1  -1  -1 108 114  77  -1  -1 278  22 123  82  -1 159  66  -1  -1 
  5  -1 166  -1  -1  -1 219 157  -1  -1  -1  -1  -1 234 101  -1  -1 190  -1  -1  -1  -1  -1  -1 279 220 
  6  -1  -1  -1  -1  -1  -1  -1  -1  -1  -1  -1  -1  -1  -1  -1  -1 116  26  -1  -1  -1  -1  -1  -1  -1 
  7  -1  -1 301  -1  -1  -1  78  -1 291  -1  -1  -1 133 146  -1  -1  64  -1  -1  -1  -1  -1  47 204 218 
  8  -1 208  -1  -1  -1  -1  -1 297  -1  -1  -1 132  -1  -1  -1  -1  76  -1  -1  -1  -1  -1 113  13  88 
  9  -1 122  -1  -1  -1 176  -1  -1  -1  -1  -1  -1 300 249  -1  -1 144  -1  -1  -1  -1  -1  -1  -1  -1 
 10  37  35 284  -1  -1  -1 262 125  -1  -1 280 280  -1  -1  -1  -1 175  -1  -1  -1  -1  -1  -1  -1  -1 
 11  -1  -1 168 242  -1  18 304 174  -1  -1  -1  -1  -1 290  -1  -1 264 263  -1  -1  -1  -1  -1  -1  -1 
 12  -1   0  -1  -1  -1  -1   1  -1  -1  -1  -1 147  85  -1  -1  -1  -1  -1  -1  -1  -1  -1  -1  -1  -1 
 13  -1  -1  -1  -1  -1 126  -1  -1  -1  -1  -1  -1 256  -1  -1  -1  -1  -1 261  -1  -1  -1  -1  -1  -1 
 14  -1 296  72 286  -1  -1  -1  -1 167 258  -1  20  -1  38  -1  -1  -1 102 198  -1  -1  70  -1  32  -1 
 15  -1  57 188  -1  -1  -1  -1  -1 255  -1  -1 189 265 129  -1  -1  41 199 277  -1  -1  -1  -1  -1  -1 
 16  -1  -1 243  -1  83  -1 179  -1 145  -1  84  -1  -1 160  -1  -1  -1  -1  -1  -1 303  -1  -1 221  -1 
 17  -1  71  -1 172  -1  -1 205  -1  -1  -1  -1 257  -1  -1  44  -1  -1  59 248  -1  -1  -1  14 240  -1 
 18  -1  -1  -1 305  -1  -1 194  62  -1  87  -1  81 152  -1  -1  -1  -1  -1  -1  -1  -1 212  -1 128  -1 
 19  -1  -1  -1  -1  -1  -1  -1 110  -1  -1  -1 252 192 192  -1  -1  -1  -1  -1  -1  -1  -1  -1  -1  -1 
 20  -1  42 245 210  -1  -1  -1  -1  -1  -1  -1  -1  -1  -1  -1  -1 161  -1  -1  -1  -1  -1 201 164  -1 
 21  -1  -1  -1 254  -1  -1  -1  -1  33  -1  -1  -1  -1 233  -1  -1  -1  -1 111  -1  -1  -1  -1  -1  -1 
 22  -1  43  -1  -1  -1  -1  -1  -1  -1  -1  -1  -1 100 267  -1  -1  -1  -1 306  -1 106  -1  -1  -1  -1 
 23  -1 216 154  -1  -1 259  -1  -1 191 223 127  -1  -1  -1  -1  -1  -1 170  23  -1  -1  -1  -1  -1  -1 
 24  -1 253  -1  40  -1  -1  -1  -1 117  -1  -1  -1  -1  -1 214  -1 298  -1  -1  -1  -1  45 158  -1  -1 
 25 148 148  -1 299  -1  -1  -1 196  -1  -1  -1  -1  -1 203  -1  -1 103 169  -1  -1  -1  -1  -1  -1  -1 
 26  -1  12  -1  -1  -1  -1 131  16  16  -1  -1  -1  -1  -1  -1 130  -1  -1  -1  -1  -1  -1  -1  -1  -1 
 27 238 173  -1  -1  -1  -1  -1  -1  -1  -1  -1  -1  -1  -1  -1  -1  -1  -1  34  -1 302  -1  -1  -1  -1 
 28  -1  -1 211 155  -1  -1 293  -1  -1 217  -1  -1  -1 260  -1  -1  -1  -1  -1  -1  -1 121  -1  60  60 
 29  -1 276  -1  -1  -1  -1  -1  -1  -1 135  -1  28  -1  -1  -1 177  -1  -1  -1  -1  -1   3  -1  -1  -1 
 30  -1  -1  19  19  19  -1  -1  -1   2   2  -1  -1  17  17  -1  -1  30  -1  -1  -1  -1  24  -1   4   4 
 31  -1  -1  -1  -1  -1  -1  -1  -1  -1  -1  -1  -1  31  31  31  -1  -1  -1  -1  -1  -1  -1  -1  -1  -1 
 32  -1  -1  -1  -1  -1  -1  -1  74  48  48  -1  63  63  63  -1  46  46  -1  61  61  -1  -1  68  -1  -1 
 33  -1  -1  -1  -1  -1  -1  -1  -1  -1  -1  -1  -1  -1  -1  -1  -1  -1  75  75  75  -1  -1  -1  -1  -1 
 34  -1  -1 105 105  -1  92  92 112  -1  -1  90  90  -1 118  -1  -1  -1  -1  -1  -1  -1 107 107 107  -1 
 35  -1  -1 119 119 119  -1  -1  -1  -1  -1  -1  -1  -1  -1  -1  -1  -1  -1  -1  -1  -1  -1  -1  -1  -1 
 36  -1  -1  -1  -1  -1 136 136 156  -1  -1  -1 162  -1  -1  -1 134 134 149 149  -1  -1 151 151 151  -1 
 37  -1  -1  -1  -1  -1  -1  -1  -1  -1  -1  -1  -1  -1  -1  -1  -1  -1 163 163 163  -1  -1  -1  -1  -1 
 38 193 193  -1  -1  -1  -1  -1  -1  -1  -1  -1 200 180 180  -1  -1  -1  -1 206  -1 195 195 195 178 178 
 39  -1  -1  -1  -1  -1  -1  -1 207 207 207  -1  -1  -1  -1  -1  -1  -1  -1  -1  -1  -1  -1  -1  -1  -1 
 40  -1  -1  -1  -1  -1  -1  -1 237 237  -1 224 224  -1 222 222  -1  -1 239 239 239  -1 244 250  -1  -1 
 41  -1  -1  -1  -1  -1 251 251 251  -1  -1  -1  -1  -1  -1  -1  -1  -1  -1  -1  -1  -1  -1  -1  -1  -1 
 42  -1  -1  -1  -1  -1 283 283 283 266 266  -1  -1  -1  -1  -1  -1  -1 288 294  -1 281 281  -1 268 268 
 43  -1  -1  -1  -1  -1  -1  -1  -1  -1  -1  -1  -1  -1  -1  -1  -1  -1  -1  -1  -1 295 295 295  -1  -1 
 44  -1  -1  -1  -1  -1  -1  -1 315  -1  -1  -1  -1  -1 139  -1  -1  10  -1 313  -1  -1  -1 229  -1  -1 
 45  -1 228  -1  -1  -1  -1  -1  -1  -1  -1  -1 183  -1  99  -1 269  -1 314  -1  -1  -1  -1  -1  -1 137 
 46 316 181  -1  -1  -1  -1  -1 153  94 241  55  -1  93  -1 271  -1 231  -1  -1  -1  -1  -1  -1  -1  -1 
 47  -1  98  65 197  -1  -1  -1  -1  -1  -1  -1   6  -1  -1 138  -1  -1  -1  -1  -1  -1 272  96  -1  -1 
 48  -1 142  -1 308 310  -1  -1  -1  -1  -1 143  -1   7  -1  -1  -1  -1  -1  -1  -1 311  -1 182  -1  -1 
 49  -1  -1  -1  -1  -1  50  -1  -1  -1  97  -1  -1  -1   5  -1  11  -1  -1  -1  -1  -1  21  -1  -1  -1 
 50 285  52 309  -1  -1  -1  -1  -1 184  -1 186 274  -1  -1  -1  -1  -1  -1  -1  -1  -1  -1   9  -1  -1 
 51  -1 273  -1  -1  -1  -1  -1  -1 140  -1 275  -1  -1  -1 185  -1  95  -1  -1  -1  -1  -1  -1  -1  54 
 52 109  -1  -1  -1  -1  -1  51  -1 226  -1  -1  53  -1  -1  -1  -1 187  -1  -1  -1  -1 230  -1  -1  -1 
 53  -1  -1  -1  -1  -1  -1 270  -1  -1  -1   8  -1 227  -1  -1 225  -1  -1  -1 312  -1 141  -1  49  -1 

r\t   0   1   2   3   4   5   6   7   8   9  10  11  12  13  14  15  16  17  18  19  20  21  22  23  24 
  0  -1  -1 175  -1  -1  -1 135  -1  23  -1 126  34  -1  18  -1 177 232  -1  -1  -1  -1  -1  -1 260  -1 
  1  -1  -1 192 192  -1  -1 117  -1  78  -1  -1  86  -1  26  -1  -1  -1  -1  42  -1  -1 201  -1  -1  -1 
  2  -1  -1  -1  -1  -1  -1  -1  -1 155  -1  40  -1  -1  -1  -1  -1  -1  -1 249  -1  -1 242  -1  -1  -1 
  3  -1 240 304  -1  -1  -1  -1  -1 243  -1 233  -1  -1  -1  -1  -1  81  -1  -1  -1  -1  -1 290 127  -1 
  4  -1  13 128 236 236  -1  41 203  -1  -1  -1  57  -1  -1  -1  -1  -1 111  -1 125  -1  -1  -1  -1  -1 
  5  -1  -1 115 219  -1  -1 188  -1  62  -1  -1  -1  -1  -1  -1  -1  -1  -1  -1  -1 214  -1  -1  73 261 
  6  -1  -1  -1  80  -1  -1  15  -1  -1  -1  -1 122 147  -1  -1  -1  -1  -1  -1  -1  43 300  -1  -1  -1 
  7  -1 108  -1  -1  -1  -1  -1  -1 298  -1  -1 169  -1  -1  -1  -1 120  -1  -1  -1  -1  28  -1  -1  -1 
  8  -1  -1 280 280  -1  -1  71  22  -1  -1  -1  -1  -1  -1  -1 303  76  -1  -1  -1  -1  -1  -1 158 218 
  9  -1  -1  -1  -1  -1  -1  -1 152  -1  -1  -1  -1  -1  -1  82  -1  -1  -1 100  -1  -1 159  -1  -1  -1 
 10  -1 292  -1  58  -1  -1  56 133  -1 223  -1  -1  -1  -1  -1  -1 103  -1 267  -1  -1 145  -1 238  -1 
 11  -1 189  -1  -1  -1  -1 245 124  -1  -1  -1  -1  -1  -1  -1  -1 291 252  -1  -1  -1  -1  -1  -1  39 
 12  -1  -1 102  -1  -1  -1 307 289  -1  -1  -1 190  -1  -1  -1  -1 276  -1  -1  -1  -1  -1  -1  -1  -1 
 13  -1 284  36  -1   1  -1  -1  59 194  -1  -1  -1  -1  -1  -1  -1  20  -1  -1  -1  -1  -1  -1 215  -1 
 14  -1  -1  70  -1 129  -1  -1  -1 282  -1  -1  79  -1 306  -1  -1 157  -1 305  -1  -1 123  -1  -1  -1 
 15  -1  47  -1  -1  91  -1 166   3  -1 198  -1  88  -1  -1  -1  -1 256  69 167  -1  -1  -1 234  -1  -1 
 16  -1  -1  45  -1  -1  -1  -1  -1  38  -1  -1 161  -1  -1  -1  -1  -1  -1  -1  -1  12  -1  -1  -1  -1 
 17  -1  -1  -1 165  -1 176  -1  89  -1  -1  -1 279  -1 191  -1  -1  -1  -1  -1  -1 265  -1  -1  -1  -1 
 18  -1  -1 246  -1  87  -1 277 254  -1  -1  37 205  -1  -1  -1 170  -1  -1  -1  -1  -1 213   0  -1  -1 
 19  -1  -1 221  27 262  -1  -1 278  -1 179  -1  -1  -1  -1  -1  -1  -1  -1  -1  -1  -1  -1  -1  29  -1 
 20  -1  -1  16  16 106 104 104 293 208  -1  -1  -1 263  60  60  -1  -1  -1  -1  -1  -1  -1  33  -1  -1 
 21  -1 114 148 148  -1  -1  -1  -1 253  -1 174  -1  -1  -1  -1  -1  -1  -1  -1  -1 130  -1  -1  -1  -1 
 22  66  -1  -1  -1  -1  -1  77  -1 168  -1  -1 101  -1  -1  -1  -1  -1  -1 212  -1  -1  -1  -1 199  -1 
 23  -1 301  -1 211  -1  -1  -1  -1 131  -1  -1  -1  67  -1  -1  -1 204  -1 297  -1  -1 216 121 116 172 
 24  -1  -1 296 248  -1  -1  -1  -1  -1  -1  -1  -1  -1  -1 302  -1  -1  -1 257  -1  -1  -1  -1 255 258 
 25  -1 132  -1 210  -1  -1 154  -1  32  -1  -1  -1 196 235  -1  44  85  -1 113  -1  -1 259  -1  -1  -1 
 26  -1  -1  -1 299  -1  -1 217  25 110  -1  -1  14  -1  -1  -1  -1 144  -1  -1  -1  -1  64  -1  -1  83 
 27  -1 247 160  -1  -1  -1  -1  -1  -1  -1  -1  -1  -1  -1  -1  -1 264  -1 286  -1  -1  -1  -1  -1 173 
 28  -1 209  -1  -1  -1  -1  -1  -1  -1  -1 220 146  -1  -1  -1  -1  -1  -1  -1  -1  -1 287 164  -1  -1 
 29  -1  35 171  -1 150  -1  -1  84  -1  -1  -1  -1  72  -1  -1  -1  -1  -1  -1  -1  -1  -1 202  -1  -1 
 30  -1  -1   4   4  -1  -1  24  -1  -1  -1   2   2  30  -1  -1  -1  -1  17  17  -1  -1  19  19  19  -1 
 31  -1  -1  -1  -1  -1  -1  -1  -1  -1  -1  -1  -1  -1  -1  -1  -1  31  31  31  -1  -1  -1  -1  -1  -1 
 32  -1  74  -1  46  46  -1  -1  -1  -1  -1  48  48  -1  68  -1  -1  63  63  63  -1  -1  -1  61  61  -1 
 33  -1  -1  -1  -1  -1  -1  -1  -1  -1  -1  -1  -1  -1  -1  -1  -1  -1  -1  -1  -1  75  75  75  -1  -1 
 34  -1  -1  -1 118  -1  -1  -1  -1 112  -1  -1  -1  -1 105 105  92  92  -1  90  90  -1  -1 107 107 107 
 35  -1  -1  -1  -1  -1  -1  -1  -1  -1  -1  -1  -1 119 119 119  -1  -1  -1  -1  -1  -1  -1  -1  -1  -1 
 36  -1 162  -1  -1  -1  -1  -1  -1  -1  -1 134 134  -1  -1  -1 136 136 156 149 149  -1  -1 151 151 151 
 37  -1  -1  -1  -1  -1  -1  -1  -1  -1  -1  -1  -1 163 163 163  -1  -1  -1  -1  -1  -1  -1  -1  -1  -1 
 38  -1  -1 200 180 180  -1 206  -1  -1  -1 178 178  -1  -1  -1  -1  -1 195 195 195 193 193  -1  -1  -1 
 39  -1  -1  -1  -1  -1  -1  -1  -1  -1  -1  -1  -1 207 207 207  -1  -1  -1  -1  -1  -1  -1  -1  -1  -1 
 40  -1  -1  -1 222 222 237 237  -1  -1  -1  -1  -1  -1  -1  -1 224 224 239 239 239  -1 244 250  -1  -1 
 41  -1  -1  -1  -1  -1  -1  -1  -1  -1  -1  -1 251 251 251  -1  -1  -1  -1  -1  -1  -1  -1  -1  -1  -1 
 42  -1  -1  -1 268 268 266 266  -1  -1  -1  -1 294  -1 281 281  -1  -1 288  -1  -1  -1  -1 283 283 283 
 43  -1  -1  -1  -1  -1  -1  -1  -1  -1  -1  -1  -1 295 295 295  -1  -1  -1  -1  -1  -1  -1  -1  -1  -1 
 44  -1   8  -1  -1  -1  -1  -1 229  -1  54  -1  -1  -1  -1  -1  10 182 153  -1 271  -1  -1  -1  -1  -1 
 45  -1  99  -1  -1  -1  -1  -1  -1  -1  93  -1  -1  -1  -1  -1  -1  -1  -1  -1  50 137 309 181 314  -1 
 46  -1  -1 273 141  -1  -1  -1  -1  -1  -1  -1  -1 308  -1  -1  -1  -1  -1  53   5  -1  -1  -1  -1  -1 
 47  -1  -1  -1  -1  -1   7  -1  -1  -1  -1 269 270  -1 311 310  -1  -1  -1  -1  -1  -1  -1  -1  -1 316 
 48  -1  65  -1  -1  -1 138  96 184 315  -1  -1  -1  -1  -1  -1  -1  -1  -1  -1  -1  -1  -1  -1  -1  -1 
 49  -1  -1 142  -1  -1 225   6  -1  -1  -1  -1  -1  -1  -1 241  -1  -1 285  -1 140 228  -1  52  -1  -1 
 50  -1 231 185  -1  -1  -1 226  -1  -1   9  -1  -1  21  -1  -1  -1  -1  -1  -1  -1  98  -1  -1  -1  -1 
 51  -1  -1  -1  94  -1  -1  -1  49  -1 143  97  -1  -1  -1  -1 275  -1 313  -1  -1 183 109 230  -1 197 
 52 312 187  95  -1  -1  55 186  -1  -1  -1  -1 227  -1  -1  -1  -1  -1  -1  -1  -1  11  -1  -1  -1  -1 
 53  -1 274  -1  -1  -1  -1  51 272  -1  -1  -1  -1  -1  -1  -1  -1  -1  -1 139  -1  -1  -1  -1  -1  -1 

r\t   0   1   2   3   4   5   6   7   8   9  10  11  12  13  14  15  16  17  18  19  20  21  22  23  24 
  0  -1  -1 202  -1  -1  -1  -1  -1 100  -1  -1  -1  -1  -1 303  -1  -1 133  37  -1  -1  -1  -1  -1  -1 
  1  -1  -1 276 121  -1  -1  -1  -1 208  -1 215  -1  -1 194  -1  -1 261 131 255  -1  -1 282 144  -1  -1 
  2  -1  66  -1  -1  -1  -1  -1  -1  -1  -1  -1  -1 122  -1  -1  -1  -1  -1  -1  -1  16  16 120  -1  -1 
  3  -1 289  -1  76  -1  -1 190  -1 117  -1  -1  20 291  -1  -1  -1 279  82  -1  -1  -1  59 246 296  -1 
  4  -1  -1  -1 203  -1  -1  -1 286  -1  -1 148 148  -1  -1  -1  -1 154  -1  -1  -1  -1  -1 280 280  -1 
  5 259  -1  12  -1  -1  -1 146  -1  32  86  -1  -1  -1 152  -1 217  -1  13  -1 219  -1 299 165 132  -1 
  6  -1  -1  -1  15   1  -1  -1 242  81  -1  -1  -1  -1  -1  -1  -1  -1  -1  -1  -1  -1 247  -1  -1 171 
  7  -1 158 252  -1 177 126  72  -1  -1  -1  -1  -1 233  -1  -1  -1  -1  -1 155  -1  -1  -1  -1  -1  -1 
  8  -1  -1  45  -1  -1  -1  -1  71  -1  -1  -1  -1  -1  -1  -1  -1 235  -1  -1 128  -1  -1  -1  -1  -1 
  9  -1  -1  -1 159  -1  -1 223 124 145  -1  -1  38  -1  -1  -1  -1  78  -1  25  -1  -1  -1  -1  35  -1 
 10  -1 110 189  -1  -1  -1 278  -1   0  -1  -1  -1  -1  -1  -1  -1  -1  -1  -1  -1  -1  -1  -1 260  -1 
 11  -1  80  -1  -1  -1  -1  -1  -1  84  -1  -1 264  -1  -1  -1  -1  -1 114  -1  -1  -1 211  -1  -1  -1 
 12  -1  -1  -1  -1  -1  -1  -1  36  -1  -1  -1  -1  -1  -1  39  -1 257 201  -1  -1 176  -1 205  -1  -1 
 13  -1  -1 298  -1  89  44 101  -1  -1  -1  -1 258  -1  -1  -1 106  -1  -1  -1 216  -1  -1  -1  69  -1 
 14  -1  -1  -1 188  -1 172 213  -1  -1  -1 262 161  -1 287  -1  -1  -1  -1  42  -1  -1 113  73  -1  -1 
 15  -1  -1  -1  -1  -1  -1  -1  -1 277 214  -1  -1  -1 253  -1  -1  -1  88 115  -1  -1  -1  -1   3  18 
 16  -1  -1  70  26  -1  40  -1  -1 130  -1  -1  -1  -1 111  -1  -1  -1  -1  -1  -1  -1  -1  -1  -1  -1 
 17 306  22  -1 284  87  -1  -1  -1  -1  -1  -1  -1  -1  -1  -1  -1 212  47  -1  -1  -1  -1  -1 129  -1 
 18  -1  -1  -1 301  -1 221  43 192 192  -1  -1  -1  -1  -1  -1  -1  62  -1  -1  -1  -1  28  34  -1  -1 
 19  -1  -1  -1  58  -1  -1  41  -1  -1  -1 263 196  -1  -1  -1  -1  -1  -1  -1 305  -1 267  -1 232  85 
 20  -1 175  -1  -1  -1  -1  -1 204  -1  -1  -1 297  -1 293  -1  -1 166  -1  56  -1  -1  -1 179 248  -1 
 21  -1 198  -1  -1  -1  57  -1  -1  -1  -1  -1  -1  -1  -1  -1  -1  -1  -1  -1  -1  -1  -1  -1 147 170 
 22  67  -1 102 236 236  -1  -1  77  -1  -1  -1  -1 191  -1  -1  -1  -1  -1  14  -1  -1  79 292  23  -1 
 23  -1 116  -1 103  -1  -1  -1 300 290  -1  -1  -1 304  -1  -1  -1  -1  -1  -1  -1 265  -1  -1 307  -1 
 24  -1 238  -1 169  -1  -1 157  -1  -1  91  -1  -1  -1  -1  -1  -1  -1  -1 302  -1  -1 160  -1 174  -1 
 25  -1  -1 220  -1  -1  -1  -1 108 167  -1  -1  64 254  -1  -1  -1 127  -1 234  -1  -1  -1  -1 210  -1 
 26  -1  -1 164 249  -1  -1  -1  -1  -1  83  -1  -1  -1  -1  -1 218  -1  -1 135  -1  -1  -1 104 104  -1 
 27  -1 256  -1  -1  -1  -1  -1  27  -1  -1  -1  -1  -1  -1  -1  -1  -1 240 168  -1  -1  -1  60  60  -1 
 28  -1 173 123  -1  -1  -1  -1  -1  -1  -1  -1  29  -1  -1  -1  -1  -1  33  -1  -1  -1  -1  -1 125  -1 
 29  -1  -1  -1  -1  -1  -1 243  -1  -1  -1  -1 245  -1  -1  -1 150 199  -1 209  -1  -1  -1  -1  -1  -1 
 30  -1  -1  30  -1  -1  -1  19  19  19  -1  -1  -1  17  17  -1  -1  24   4   4  -1   2   2  -1  -1  -1 
 31  -1  -1  -1  -1  -1  -1  -1  -1  -1  -1  -1  -1  31  31  31  -1  -1  -1  -1  -1  -1  -1  -1  -1  -1 
 32  -1  -1  -1  -1  -1  -1  63  63  63  -1  -1  -1  61  61  -1  -1  -1  74  68  -1  -1  48  48  46  46 
 33  -1  -1  -1  -1  -1  -1  -1  -1  -1  -1  -1  75  75  75  -1  -1  -1  -1  -1  -1  -1  -1  -1  -1  -1 
 34  -1  -1  90  90  -1  -1 112  -1  -1  -1 105 105  -1  -1  -1  -1 118 107 107 107  -1  -1  -1  92  92 
 35  -1  -1  -1  -1  -1  -1  -1  -1  -1  -1 119 119 119  -1  -1  -1  -1  -1  -1  -1  -1  -1  -1  -1  -1 
 36  -1 151 151 151  -1  -1  -1 156 136 136 134 134  -1  -1  -1  -1  -1  -1  -1  -1 149 149  -1 162  -1 
 37  -1  -1  -1  -1  -1  -1  -1  -1  -1  -1  -1  -1 163 163 163  -1  -1  -1  -1  -1  -1  -1  -1  -1  -1 
 38  -1  -1  -1  -1  -1  -1 206  -1 180 180  -1  -1  -1 200  -1  -1  -1 195 195 195 193 193  -1 178 178 
 39  -1  -1  -1  -1  -1  -1  -1  -1  -1  -1 207 207 207  -1  -1  -1  -1  -1  -1  -1  -1  -1  -1  -1  -1 
 40  -1  -1  -1 222 222  -1 250 244 224 224 237 237  -1  -1  -1  -1  -1  -1  -1  -1 239 239 239  -1  -1 
 41  -1  -1  -1  -1  -1  -1  -1  -1  -1  -1  -1  -1  -1  -1  -1 251 251 251  -1  -1  -1  -1  -1  -1  -1 
 42  -1 288  -1  -1  -1  -1  -1  -1 266 266 283 283 283  -1  -1  -1 294 281 281  -1  -1  -1  -1 268 268 
 43  -1  -1  -1  -1  -1  -1  -1  -1  -1  -1  -1  -1  -1  -1  -1  -1  -1 295 295 295  -1  -1  -1  -1  -1 
 44  -1  -1  -1  -1 142  -1  -1  -1  -1  -1  -1 184  -1  -1  -1  -1  21 182  -1  -1 143  -1  95  -1  -1 
 45  -1  -1  -1   5  50  97  -1  -1  -1  -1  -1  96  -1  -1  -1 312 109  -1  -1  -1  -1  -1  -1  -1 138 
 46  -1  -1 186  -1 275 140  -1  -1  -1  52  -1 230  -1  -1  -1  -1  -1  65  -1  -1  -1  -1 197  -1  -1 
 47  -1  -1  -1  -1  -1  -1  -1  -1  -1  -1   8  -1  -1  -1  -1  -1  -1  -1  -1  -1  98 181 139  -1  -1 
 48 310  -1  -1 187  -1 271 141 153  -1  -1  -1  -1  -1 311  -1  -1  -1  -1  -1  -1  -1  93 269  -1  -1 
 49  -1 309 273  -1  -1  -1  -1  -1  -1  -1  -1  51  -1  -1  -1  -1  -1  -1  -1  -1  -1 137  -1  -1  -1 
 50  -1  -1  -1 270  -1  -1 183 315  -1  -1  -1  -1  -1 241  -1  -1  -1  -1  49 316  -1  -1  11  -1  -1 
 51  -1  -1  -1  53  -1  -1 274  -1  -1  -1 228  -1  -1  -1  -1  -1  -1 272  -1  -1  54  -1  -1  -1  -1 
 52  -1 285   7  -1  -1   6  94  -1  -1  -1  55  -1  -1  -1 314  -1 313  -1 225  -1  -1  -1  -1  -1 229 
 53  -1  -1  -1  -1  -1 185  -1  -1  99   9  -1  10 308  -1  -1  -1  -1 231  -1  -1  -1  -1 226 227  -1 

r\t   0   1   2   3   4   5   6   7   8   9  10  11  12  13  14  15  16  17  18  19  20  21  22  23  24 
  0  -1  -1  -1 302  -1  -1  -1 232  -1 213 216  20  71 297  -1  -1  -1  -1 113  -1 265  -1  -1  84  -1 
  1 110 256 166  -1  -1  -1   0  -1 290 198  -1 165 291 125  -1  -1  -1  -1  -1  -1  -1  -1  -1 130  -1 
  2  -1  -1  -1  -1  -1  -1  -1 115  -1  -1  -1  -1  -1  -1  -1  22 238  -1  -1  -1  -1  83  25  -1  -1 
  3  -1  -1  -1  -1  -1  -1 234  -1  -1  -1  -1  -1  -1  -1  -1  -1  -1  -1 204  -1  -1  -1 212  32  -1 
  4  -1 133 146 279  -1  -1  64  -1  -1  -1  -1  -1  -1  -1  -1  -1 152 254 131  -1 307 102  -1  -1  -1 
  5 174 100  -1  78  -1  -1  -1  -1  -1  -1  -1  -1  -1  -1 169 306  -1 286  -1  -1  -1 155  -1 201  -1 
  6  -1  56 117  -1  -1  -1  -1  -1  88  -1  -1  77  -1  -1  -1 259  -1  -1  59  -1  -1 289  -1  -1  -1 
  7 305  -1  -1  62  -1  -1  -1 280 280  -1  -1  -1  -1  -1  -1  -1 208  -1 128  -1  -1  -1  -1  40  -1 
  8  -1  -1  -1  -1  -1  -1  -1 159  36 304  -1  -1  -1  -1  -1  -1  -1  -1  -1  -1 221  -1 129  15  -1 
  9  -1  13  -1  -1  -1  -1  69  -1 175  -1  -1  -1  -1  -1  -1  -1  -1  -1  -1  -1  -1 167 148 148  -1 
 10  67  35  42  91  89  -1  -1 300  -1  -1  -1 154 160  -1  -1  -1  -1  -1  -1  -1  -1  -1  -1  -1  -1 
 11  -1 124  -1  47 257  -1  -1  -1 164  -1  -1 293  -1  -1  -1  -1  26  -1  -1  -1  -1  -1  -1  39  -1 
 12  -1  -1  -1  -1  -1  -1  -1  -1 114  -1  -1 203 103 189  -1 106 120  -1  -1  -1  -1  -1  -1  -1  -1 
 13  -1  -1  -1 145  -1 173  -1  -1  -1  -1  -1  -1  -1  85  -1  -1  -1  -1  73  -1  -1  -1 220  -1  -1 
 14  -1 219  -1  -1  -1  -1 247  -1  -1  -1  -1  -1  60  60  -1  -1  -1  -1 188  -1 132  -1 116 171  -1 
 15  -1  -1  16  16  -1  -1  -1  -1  -1  -1  -1  -1  -1  29 262  -1  -1  18  -1  -1  -1  -1  -1 121  -1 
 16 150 190  -1 210  -1  -1  -1 246 191 179  82  -1  -1  -1  -1  -1 199 147  -1  -1  -1  -1  14  -1  -1 
 17  -1  -1  45  -1  -1  -1 158 261  -1  -1  -1  66 215 126  -1  -1  -1  -1  81  -1  -1 263  58  -1  -1 
 18  -1  -1  -1 299  -1  -1  -1  -1  -1  -1  -1  -1  -1  -1  -1  -1  -1  -1 243  -1  -1 123  -1  -1  -1 
 19  -1 168 276  -1  -1  -1  -1  -1  -1  -1  38  -1 172  -1  -1  -1  -1  -1  -1  -1  -1  79 255  -1  -1 
 20  -1 267  -1 161  -1  -1  -1  -1 240 301  -1  -1  -1   3  -1  -1 298 242 223  -1  -1  -1  -1 135 282 
 21  -1  -1  -1 111  -1  -1  -1  70  -1  -1  -1 108  -1  -1  -1  -1  -1  -1  -1  -1  -1 170  -1  -1  -1 
 22  -1 205 192 192  -1  -1 260  -1  -1  -1  41  -1 122  87  -1  -1  -1  -1  -1  -1  -1 127  -1  57  -1 
 23 236 236  -1  -1  -1  -1 101  -1  12  -1  -1  -1  -1 253  -1  -1  -1  -1  -1  -1  -1  -1  72  -1  -1 
 24  -1  -1  34  -1  -1  -1  37  -1  80  -1  -1  -1  -1  76  -1  -1 277  -1 249  -1  -1  -1 235  -1  -1 
 25  -1  -1  -1  -1  -1 176 284  -1  86  -1  -1  -1 264  -1  -1  -1  -1  -1  -1  -1  -1 202 104 104  -1 
 26  -1  -1 296  28  -1  -1  -1  -1 248  -1  -1  -1 217 144  -1  -1  -1  -1 258  -1  43  23  -1  -1  -1 
 27  -1  -1  -1 211  -1  -1  -1  -1  -1  -1  -1 287 245 214  -1  -1  -1  -1  -1  -1  -1  -1  -1 233  -1 
 28 303 292  -1  -1  -1  44  27  33  -1  -1  -1  -1 209  -1  -1  -1  -1 194   1  -1 177  -1  -1 157  -1 
 29  -1  -1 218  -1  -1  -1  -1 196  -1  -1  -1  -1  -1  -1  -1  -1  -1  -1 278  -1  -1 252  -1  -1  -1 
 30  -1  -1   4   4  -1  19  19  19  -1  -1  -1  -1  17  17  -1  -1  -1  24  -1  -1  -1  30   2   2  -1 
 31  -1  -1  -1  -1  -1  -1  -1  -1  -1  -1  31  31  31  -1  -1  -1  -1  -1  -1  -1  -1  -1  -1  -1  -1 
 32  -1  74  -1  -1  -1  -1  -1  63  63  63  -1  -1  48  48  -1  61  61  -1  46  46  -1  -1  -1  68  -1 
 33  -1  -1  -1  -1  -1  -1  -1  -1  -1  -1  -1  -1  -1  -1  -1  75  75  75  -1  -1  -1  -1  -1  -1  -1 
 34  -1  92  92 112  -1  -1 118 105 105  -1  -1  -1  -1  -1  -1  -1 107 107 107  -1  -1  -1  90  90  -1 
 35  -1  -1  -1  -1  -1  -1  -1  -1  -1  -1  -1 119 119 119  -1  -1  -1  -1  -1  -1  -1  -1  -1  -1  -1 
 36  -1  -1 134 134  -1  -1  -1 151 151 151  -1 162 136 136  -1  -1  -1  -1 149 149  -1  -1 156  -1  -1 
 37  -1  -1  -1  -1  -1  -1  -1  -1  -1  -1  -1  -1  -1  -1  -1  -1 163 163 163  -1  -1  -1  -1  -1  -1 
 38  -1  -1  -1 180 180  -1  -1  -1  -1  -1 193 193  -1 200  -1  -1  -1 206 178 178  -1 195 195 195  -1 
 39  -1  -1  -1  -1  -1  -1 207 207 207  -1  -1  -1  -1  -1  -1  -1  -1  -1  -1  -1  -1  -1  -1  -1  -1 
 40  -1  -1  -1 237 237 222 222  -1 224 224  -1 250 239 239 239  -1 244  -1  -1  -1  -1  -1  -1  -1  -1 
 41  -1  -1 251 251 251  -1  -1  -1  -1  -1  -1  -1  -1  -1  -1  -1  -1  -1  -1  -1  -1  -1  -1  -1  -1 
 42  -1  -1 266 266  -1 268 268  -1  -1  -1  -1  -1 283 283 283  -1  -1 294 288  -1  -1  -1 281 281  -1 
 43  -1  -1  -1  -1  -1  -1  -1  -1  -1  -1  -1  -1  -1  -1  -1  -1  -1  -1  -1  -1  -1 295 295 295  -1 
 44  -1 230  -1 231 271 138  -1  -1  -1   7 140  -1  -1  -1  -1  -1  -1  -1  -1  -1  -1  65 270  52  -1 
 45  -1  51  -1  -1  -1  99  -1  -1 275  -1  50 308  -1  -1 153  -1  -1  -1 272  -1  -1 309  49  -1  -1 
 46  -1 285  -1  -1  -1  -1  -1  -1  -1 274  -1  -1  -1 181 197 316  -1  -1  -1   8  98  -1  -1  -1  -1 
 47  -1   5  -1  -1  55  -1  93  -1   6  -1 228  -1  -1  -1 109  -1  -1  -1  -1  95  -1  -1 186  -1  -1 
 48  -1  -1  -1  -1 143  -1  -1  -1 184  -1  -1  -1  -1  -1  -1  -1  -1  -1  -1  -1  11  -1  -1  -1  -1 
 49 311  -1  -1  -1  -1  -1  -1  -1  -1  -1  94  -1 182  -1  -1  -1  21  -1  -1  -1  -1  -1  -1  -1  -1 
 50  -1  -1 187  -1  -1  -1  53 315  -1  -1  -1  -1  -1  -1  -1  -1 312  -1  -1  -1  -1 241 141  -1  -1 
 51  -1  -1  -1  -1  -1  -1 137  -1  -1  -1 183  -1  10  -1  -1  -1  -1  -1  -1 269  -1  -1  -1  -1  -1 
 52  -1  -1  -1  -1  -1  -1  -1  -1  -1  -1 273  -1  -1  -1 314  -1  -1 313  -1 225  54  -1  -1  -1 310 
 53  -1 185 226  -1   9  -1  -1  -1 139  97  -1  -1  -1 227  -1  -1  -1  -1  96 142  -1  -1  -1 229  -1 

r\t   0   1   2   3   4   5   6   7   8   9  10  11  12  13  14  15  16  17  18  19  20  21  22  23  24 
  0  -1  66  -1  -1  -1  -1  -1  -1  -1  -1  -1 120 155  -1  -1  -1  32 115 205  42  83  -1 214  -1  -1 
  1  -1  -1  -1  -1  -1  -1  -1  -1  -1  -1  -1 284  -1  -1  -1  -1  -1  -1  58  -1  -1  -1 276  -1  -1 
  2  84  -1  18  -1  -1  -1  -1  89  -1  -1  -1  -1 157  -1  -1  -1  -1 196  -1  -1  -1  -1  -1  -1  -1 
  3  -1  41  -1  -1  -1  -1  78  -1  -1  -1  -1  -1  -1  -1  -1  -1  -1 174  -1  -1  -1  -1  -1 116  -1 
  4  -1  -1  -1  -1 135  -1  -1  -1  -1  -1  -1 103  25  86  -1  -1 234  -1  80  -1 132  -1 212  12  -1 
  5  -1 111  -1 245  -1  -1  -1  -1 102  -1  -1  88  -1  -1  -1  91  -1  -1 252  -1  -1 267  -1  87  -1 
  6  -1 208  -1 188  -1  -1  -1 210  -1  -1  -1 167  -1 154  -1  -1 277  -1 278  -1 259  -1 131  -1  -1 
  7 262  -1  -1  29  -1  -1  -1  -1  -1 287  -1  64  -1  -1 176  -1  -1 304  -1  -1  -1  -1  -1  -1  -1 
  8  -1  -1 297  -1  -1  -1  -1  -1  -1  -1  -1  -1  -1 218 221  -1  -1 148 148  -1  -1 165  -1 282  -1 
  9  -1  -1  -1  -1 127 305  -1  -1  -1  -1  -1   3  -1  -1  -1  -1  -1  43  -1  -1  -1  71  -1  -1 213 
 10  -1 215  -1  -1  -1  -1 145 280 280 130  -1 246 248  -1  -1  -1 173 104 104  -1  -1 101  -1  -1  -1 
 11  39  35  -1  -1  -1  -1 253  -1 292 106  -1  22  -1  -1   1  37  -1 166  -1  -1  -1  -1  -1  33  -1 
 12  -1  -1 170  -1 150  -1  -1  -1  -1  -1  67 216  -1  -1  -1  -1  -1  -1 191  -1  -1  -1 263 199  -1 
 13  -1 243 203  -1  -1  -1  -1 124  -1  -1  -1  -1  -1  -1  -1  -1 264  -1  -1  -1  -1  -1  -1 160  -1 
 14  -1  -1 254  -1  -1  -1  -1  -1  -1  -1  -1  -1  -1  -1  -1  -1  14  34 258  -1  -1  27   0  -1  -1 
 15  -1  -1  -1  -1  -1  -1 301  -1  47  -1  -1  -1  -1 113  -1  40  -1 240  -1  -1  -1 123  -1  -1  -1 
 16  16  16 306  69  -1  -1  -1 211  -1  -1  -1  -1  -1 247  -1  45  -1 298 164 175  -1  -1 100  -1  -1 
 17  -1  -1  -1  -1  -1 220 299 296 179  -1  -1  -1  -1  -1  -1  -1  59 279  -1  -1  -1 190  -1 169  -1 
 18  -1  79  -1  -1  -1  -1  -1  -1  -1  -1  -1  -1  -1  23  -1  -1  -1  -1  -1  -1  -1  -1  -1  -1 233 
 19  -1  -1  -1  -1  -1  -1  -1  -1  -1  -1  -1  -1 303  -1  -1  -1 144  -1 232  -1  -1 286 121  -1  -1 
 20  -1  -1  -1 219  -1  -1  -1 256  -1  -1  -1  -1  -1 238  -1  -1  -1  13  15  -1  -1 209  -1 201  -1 
 21  -1  -1 122  -1 223  -1  -1  -1  62  -1  -1  77 242 202  -1  -1  -1  -1 114  -1  -1  -1  -1  -1 261 
 22  -1  -1 194  -1  -1  -1 158 133  -1  -1  -1  -1  -1  26  -1  -1  70  -1  -1  -1  60  60 172 307  -1 
 23  -1 198 260 291  -1  -1  28  -1 146  -1  -1 152  -1  -1  -1  -1  38  -1 126  -1  -1  36  -1  -1  -1 
 24  -1  -1  -1  -1  -1  -1  -1 192 192  -1  -1  -1  -1 302  -1  -1  -1  -1  -1 129  -1 128  -1 217  -1 
 25  -1  -1  -1  57  -1  -1  -1  -1 168  -1 236 236 289  -1  -1  -1 293 255 300  -1  -1  -1  -1  -1  -1 
 26  -1 147  -1  -1  -1  -1  20  -1  -1  -1  -1  -1  76  72  -1  -1  -1  -1  -1  -1 265  -1 290  -1  -1 
 27  -1  -1  -1  -1  -1  -1 117  44  -1  -1  -1  -1  85  -1  -1 125 159  -1  -1  -1  -1  -1  -1  -1  -1 
 28  -1  -1  -1  -1  -1  -1 177 108 249  -1  -1 204  -1  -1  -1  -1  -1  -1  -1  -1  -1  -1 235  -1  -1 
 29  -1  -1  73 161  -1  -1  82  -1  -1  -1 171  -1  -1  81  -1  -1  -1  56  -1  -1  -1  -1 189 110 257 
 30  -1  -1  -1   4   4  -1  -1  17  17  -1  -1  24  -1  -1  -1  -1   2   2  30  -1  19  19  19  -1  -1 
 31  -1  -1  -1  -1  -1  -1  -1  31  31  31  -1  -1  -1  -1  -1  -1  -1  -1  -1  -1  -1  -1  -1  -1  -1 
 32  -1  -1  -1  46  46  61  61  74  -1  -1  -1  -1  63  63  63  -1  -1  68  -1  -1  48  48  -1  -1  -1 
 33  -1  -1  -1  -1  -1  -1  -1  -1  -1  -1  -1  -1  -1  -1  -1  -1  -1  -1  -1  -1  -1  -1  75  75  75 
 34  -1  -1 105 105  -1  92  92  -1 112  -1  -1  -1 107 107 107  -1 118  -1  90  90  -1  -1  -1  -1  -1 
 35  -1  -1 119 119 119  -1  -1  -1  -1  -1  -1  -1  -1  -1  -1  -1  -1  -1  -1  -1  -1  -1  -1  -1  -1 
 36  -1  -1 149 149  -1 134 134  -1  -1  -1  -1  -1  -1 156  -1  -1  -1 136 136  -1  -1 162 151 151 151 
 37 163 163 163  -1  -1  -1  -1  -1  -1  -1  -1  -1  -1  -1  -1  -1  -1  -1  -1  -1  -1  -1  -1  -1  -1 
 38  -1  -1  -1 206  -1  -1  -1  -1 200  -1 195 195 195  -1  -1 193 193  -1 178 178 180 180  -1  -1  -1 
 39  -1  -1  -1  -1  -1  -1  -1  -1  -1  -1  -1  -1  -1  -1  -1 207 207 207  -1  -1  -1  -1  -1  -1  -1 
 40  -1 250 237 237  -1  -1 239 239 239  -1  -1  -1  -1  -1  -1 224 224 222 222  -1  -1  -1  -1 244  -1 
 41  -1  -1  -1  -1  -1  -1  -1  -1  -1  -1  -1  -1  -1  -1  -1  -1  -1  -1  -1  -1 251 251 251  -1  -1 
 42  -1 283 283 283  -1  -1  -1 268 268  -1  -1 294 281 281  -1  -1  -1  -1 266 266  -1  -1  -1 288  -1 
 43  -1  -1  -1  -1  -1  -1  -1  -1  -1  -1  -1  -1 295 295 295  -1  -1  -1  -1  -1  -1  -1  -1  -1  -1 
 44  -1  -1  -1  -1  -1  -1   8 184  94  -1  -1 270  -1  -1  -1 138  -1  -1  -1  -1  -1  -1  93  -1  -1 
 45  -1  -1  -1  -1  -1  -1 229  -1  -1  -1  -1 182 315  -1  -1  11  -1  99   6  -1  -1  -1 183 241  -1 
 46  -1  -1  -1  -1  -1 186  -1  -1   5  -1 311 226  -1  -1  -1 271  98  -1  -1  55  -1  10 269  -1  -1 
 47  -1  -1  -1  -1  -1  -1  53  -1  -1 153  -1  -1  -1  -1 143  -1  -1  -1  -1  -1  -1  95  -1  -1  -1 
 48  -1  -1  -1 230 185  -1  -1  -1 227  -1  -1  -1  21  -1  -1  -1  -1 274  -1   9  -1  -1  -1  -1  -1 
 49  -1 309  -1  -1  -1  49  -1  -1 139 310  -1  52  -1 197  -1  -1  54  -1  -1  -1  -1  -1 228  -1  -1 
 50  -1  -1  -1 187 272  -1 273  -1  -1  -1  -1  -1  -1  -1  -1  -1 137  -1  -1  -1  -1 231  -1  -1 285 
 51  -1  -1  65  -1  -1   7  -1  -1  -1  -1  -1  -1  -1  -1  -1  -1  -1  -1  -1  -1  -1  -1  -1  -1  -1 
 52 316  -1  -1  96  -1 275  -1  -1  -1  -1 109 142  -1  -1  -1  -1  -1  -1  51  -1  -1 141  -1  -1  -1 
 53  -1  -1 312 140  -1  -1  -1  -1  -1  -1  -1  -1  -1 308  -1  -1 181  50  -1 225  97  -1  -1 313 314 

r\t   0   1   2   3   4   5   6   7   8   9  10  11  12  13  14  15  16  17  18  19  20  21  22  23  24 
  0  -1  -1 252  77  84  -1 277 254  -1  -1  -1  -1  -1  -1  -1  -1  -1 203  47  -1  -1  -1  -1  12  -1 
  1  -1  -1  76 157  -1  -1 189  -1 298  -1 170  -1  13  -1  -1  -1 147 297  -1  -1  -1  -1  18  79  -1 
  2  -1 286  -1  -1 176  -1 259  -1  -1  -1  -1  -1  25  -1  -1 280 280  66  -1  -1  -1  -1  -1  -1  -1 
  3  85  -1 290  -1  -1  -1  -1 104 104  -1  -1  -1  -1  22  -1  -1  -1  -1  16  16  -1  -1  56  35  -1 
  4  -1  -1 276 300  -1  -1  -1  -1  -1  -1 258  -1  -1  -1  -1  -1  -1  -1  -1  -1  -1  -1  -1 201  -1 
  5  -1  -1 117  -1  -1  -1  -1  -1 243  -1  -1  83  -1  -1  -1  -1 248  78  -1  -1  -1  -1  -1  -1  -1 
  6  -1  36  -1  -1 265  -1 108  -1  -1  -1  -1  -1  40  -1  -1  -1  -1  -1 303  -1  -1 249  -1  -1  -1 
  7  -1 124  27  -1  -1  -1 155  -1  -1  -1  -1  -1  -1  -1  -1  -1  -1  -1  -1  -1  -1  38 234  58  -1 
  8  -1  -1  -1 146  -1  -1  -1 235  -1  -1  -1  -1 165  -1  -1  -1  -1  -1  -1  -1  -1  -1  -1  -1 106 
  9  -1  -1 167  -1  -1  -1 135  -1 161  -1  -1 129  -1  -1  -1  -1  -1  -1  -1  -1  -1  62 190  -1  -1 
 10  -1  -1  -1  -1  -1  -1  -1  -1  -1  -1  -1 131 115  -1  -1  -1 101  -1  -1  -1  -1  -1  -1  -1  -1 
 11  -1  41  -1 257  89  -1 125  -1  -1  -1  -1  -1  -1  -1  -1  -1  -1  -1  67  -1  -1 194  -1  -1  -1 
 12  -1  -1  -1  -1  -1  -1 233  -1  -1  -1  -1  73  -1 191  -1  -1 291  -1  -1 177  -1  -1  29  -1  -1 
 13  -1  -1 236 236  -1  -1 173  -1  -1  91  -1 256  -1  -1  -1  -1  20 262  -1  42  -1 299  -1 246  -1 
 14  -1 204  -1  -1  -1  -1 174 210  80  -1  -1 160  -1  -1  -1  -1   1 287 232  -1  -1 123 159 215  -1 
 15  -1 223  -1 212  -1 216  69 211  -1  -1  -1  -1  -1 154  -1  -1  -1  -1  -1 127  -1  -1  -1  -1  -1 
 16  -1 238  -1  -1  -1  -1  -1  -1  -1  -1  -1  14  -1  -1  -1  -1 260  -1 253  -1  -1  -1 292 296  -1 
 17  -1  -1  -1  -1  -1  -1  -1  -1 126 132  86  -1 102  -1  -1  -1  -1  -1 261  -1  -1  -1   3 188  -1 
 18  -1 175  -1  57  -1  -1 245  70 199  -1  -1 114  -1  -1  -1  -1  -1  -1  -1  -1  -1  -1 263 217  -1 
 19  -1  -1  -1  -1  -1  -1  -1 172  -1  -1  -1 305  -1  -1  -1  -1  -1  -1 169  -1  -1  34  44 100  -1 
 20  -1  -1  -1 113  -1 307  -1 278  -1  -1  -1 103 196  87  -1  -1  -1 171  -1  -1  -1  72  -1 158  -1 
 21  81  -1 208 267  -1  -1 213  -1  -1  -1  -1 144  -1  -1 198  -1  -1  23  -1  -1 214  -1  -1 116  -1 
 22  -1 152  -1 255  -1  -1  -1  -1  -1 220  -1  -1  -1  -1  -1  -1  -1  -1 202  -1  -1 164  -1  -1  -1 
 23  -1  33   0  -1  -1  -1  -1  -1  -1  -1  -1 218  43  -1 302  -1  -1  -1  -1 304  -1  -1 205  -1  82 
 24  -1  -1  -1  -1 133  -1 209  -1  -1  -1  -1  32 145 110  -1  60  60 192 192  45  -1  -1 128  -1  -1 
 25  -1  -1  -1  -1  -1  -1 166  -1 282  -1  -1 240  64  -1 150  -1  26  -1  -1  -1  -1 219  -1  -1  -1 
 26  -1  59  -1  -1  -1  -1 289 148 148  -1  -1  -1  -1  -1  -1  -1  -1  -1  28  -1  -1  -1  -1 130  -1 
 27  -1  -1  -1  -1  -1  -1  39 168  -1  -1  -1 279  -1  -1  -1  -1  -1 247 122  -1  -1 111 121  -1  -1 
 28  -1  71  37  88  -1  -1  -1 293 120  -1  -1  -1  -1  -1  -1  -1  -1  -1 284  -1  -1 242 306 221  -1 
 29  -1  -1  -1  -1  -1  -1  15  -1  -1  -1  -1  -1 301  -1  -1  -1  -1  -1 179  -1  -1  -1  -1 264  -1 
 30  -1  19  19  19  -1  -1  -1  17  17  -1   2   2  -1  30  -1  -1  -1  24   4   4  -1  -1  -1  -1  -1 
 31  -1  -1  -1  -1  -1  -1  31  31  31  -1  -1  -1  -1  -1  -1  -1  -1  -1  -1  -1  -1  -1  -1  -1  -1 
 32  -1  -1  -1  46  46  -1  63  63  63  -1  48  48  -1  61  61  -1  74  -1  -1  -1  -1  -1  68  -1  -1 
 33  -1  -1  -1  -1  -1  -1  -1  -1  -1  -1  -1  -1  75  75  75  -1  -1  -1  -1  -1  -1  -1  -1  -1  -1 
 34  -1 107 107 107  -1  -1  -1 112  -1  -1  -1  92  92 118  -1  -1  -1 105 105  -1  -1  -1  90  90  -1 
 35  -1  -1  -1  -1  -1  -1  -1  -1  -1  -1  -1  -1  -1  -1  -1  -1  -1 119 119 119  -1  -1  -1  -1  -1 
 36  -1 156 134 134  -1  -1  -1  -1  -1  -1 136 136 162  -1  -1  -1  -1 149 149  -1  -1 151 151 151  -1 
 37  -1  -1  -1  -1  -1  -1  -1  -1  -1  -1  -1  -1  -1  -1  -1  -1 163 163 163  -1  -1  -1  -1  -1  -1 
 38 195 195 195  -1  -1  -1 180 180 200  -1  -1  -1  -1  -1  -1 193 193  -1  -1  -1  -1 206 178 178  -1 
 39  -1  -1  -1  -1  -1  -1  -1  -1  -1  -1  -1 207 207 207  -1  -1  -1  -1  -1  -1  -1  -1  -1  -1  -1 
 40  -1 244  -1  -1  -1  -1 224 224 250  -1  -1  -1 237 237  -1 239 239 239 222 222  -1  -1  -1  -1  -1 
 41  -1  -1  -1  -1  -1  -1  -1  -1  -1  -1  -1  -1 251 251 251  -1  -1  -1  -1  -1  -1  -1  -1  -1  -1 
 42  -1  -1  -1  -1  -1  -1 266 266  -1  -1  -1 294 281 281  -1 268 268  -1 288  -1  -1  -1 283 283 283 
 43  -1  -1  -1  -1  -1  -1  -1  -1  -1  -1  -1  -1 295 295 295  -1  -1  -1  -1  -1  -1  -1  -1  -1  -1 
 44  -1  -1  65  -1  -1  -1  99  -1  -1  -1 273  -1 137  -1  -1  -1  49  -1  -1  -1  -1  -1  -1  -1  -1 
 45  -1  -1  94 230  -1  -1  -1  -1  -1  55  -1  -1   5  -1  -1 138  -1  -1  -1  -1  -1  -1  -1  -1  -1 
 46  -1 140  -1  -1  -1  -1  -1  52  -1  -1 186  -1  -1  -1 310  -1  -1  -1  93  -1 241 313  -1  53  -1 
 47  -1  51  -1 285  -1  -1  -1  -1  -1  -1  -1  -1 184  -1  -1  -1 227  -1  -1 271  -1  -1 228  -1  -1 
 48 153  -1  -1  -1  -1 197  -1  -1  -1  -1  -1  -1  50  -1  -1  54  -1  -1  -1 143  -1  -1  -1  -1  -1 
 49 311  -1  -1  -1  -1  -1  -1  -1  -1  11  -1  -1  -1  -1  -1 185  -1  -1  -1  -1  -1  -1  -1 141  -1 
 50  -1  -1  -1  -1  -1 312  -1 142  -1 187  -1 270  -1  -1  -1  97  96 315 139  -1  -1  -1  -1   8  -1 
 51 109  -1 231  -1   7  -1  -1  95 308  -1 229  -1  -1 309  -1  -1  -1  -1  -1  -1  -1  21  -1  -1 316 
 52  -1 181 272  -1  -1  -1  10  -1  -1 274  -1 226  -1  -1  -1  -1  -1  -1 269  -1 314  -1  -1  -1  -1 
 53  -1   6  -1 182 225  -1  -1  -1  -1  -1  98  -1  -1  -1  -1   9 183  -1  -1  -1  -1  -1 275  -1  -1 

r\t   0   1   2   3   4   5   6   7   8   9  10  11  12  13  14  15  16  17  18  19  20  21  22  23  24 
  0  -1 277  -1  23 174  -1 298  40  -1  -1  -1  -1  -1  -1  -1  -1  -1  -1  -1  -1  -1  -1  -1  -1  -1 
  1  -1  84 169  -1  -1  -1  -1 189  -1  -1  -1  36  -1  -1  -1  -1 264  -1  -1  -1 265  -1  -1  -1  -1 
  2  -1 196  -1  28  -1  -1 194 303 199  -1  -1  33  -1  -1  -1  -1  -1 235  -1  -1  -1  -1 212  -1  -1 
  3  -1  38  -1 299  -1  -1  -1  -1  37  -1  -1 215 248 247  -1  -1  -1  -1 123  -1  -1 201  -1  -1 307 
  4  -1 131  -1 188  -1  -1  62 100  -1  -1  -1  13 129  66  -1  -1  -1 116 104 104  -1 278  -1  -1  -1 
  5  -1  -1  -1 205  -1  -1 175  -1  -1  -1  -1  56  47  -1  -1  -1  -1  -1  70  -1  -1 297  77 160  -1 
  6  -1  -1 159  -1  -1  -1  42   0  -1  -1 171 234 145  -1  -1 286 108 258 161 257 177 221  87  -1  -1 
  7  -1 296  -1  -1  82  -1  76  -1 166 135  -1  -1 293 155  22  -1  -1  -1 146  -1  -1  64  -1  -1  -1 
  8  -1  -1  -1 127  -1  -1  -1  -1  -1 218  -1 113  -1 243  -1  -1  -1  14 290  -1  -1  -1  -1  -1  -1 
  9  -1  -1  -1  -1 179  -1  -1 232  -1  -1  -1  -1  -1  -1  -1  -1  -1  -1  -1  -1  -1  -1  -1 209  -1 
 10  -1  73  -1 126  -1 262 168  -1  -1  -1  -1  -1  -1  -1  -1 214 190  -1  -1  -1  -1  -1  -1  -1  -1 
 11  -1 245  -1  -1  -1  -1 263  -1 289  -1 213  -1  34  -1  -1  -1  -1  60  60  -1  -1  -1  -1  -1  -1 
 12  -1 172  -1  58  -1  -1 211  -1 252  43  -1  -1  -1 203  -1 259  -1  80  -1  -1  -1  -1  -1  72  -1 
 13  -1 158  15 164  -1  -1 110  -1 150  -1  -1  78  -1  -1  -1  -1 240  -1   1  45  -1  -1 276  -1  -1 
 14  -1  -1  -1  -1  -1  -1  -1 133  -1 220  -1  -1 233 106 130  -1  -1  -1  -1  -1  -1  12  -1 115  -1 
 15  -1  -1  -1  -1  -1  -1  -1  -1  -1  -1  -1  -1  -1  27  -1  -1  -1  -1  26  -1  -1  -1 165  29  91 
 16  -1  39  -1  -1  -1  -1  -1  25  -1  -1  -1  44 120  -1  -1 261  -1  -1  -1  -1  -1  -1  -1  -1  -1 
 17  -1  -1 236 236  -1  -1  -1  -1  -1  -1  -1  -1 157  -1  -1  -1  -1  -1  -1 216  -1  71  -1 291  -1 
 18  -1 122 301 254  -1  -1  -1 255 111  -1  -1 246  -1  -1  -1  -1  -1  -1  -1  -1  -1  -1  -1  -1  -1 
 19  -1  -1  -1  -1  -1  -1 287 217  -1 176  -1  -1  -1  -1  -1  -1 284 280 280  -1  -1  -1 249  -1  -1 
 20  -1  -1  -1  -1  -1  -1  -1 152 117  83 128  -1 208  -1  -1  -1  89  -1  -1 170  -1  -1  -1  -1  -1 
 21  -1 103  79  -1  -1  -1  32  -1 242  -1 148 148  -1  -1  -1  -1  59  -1  -1  -1  -1 267  -1  -1  -1 
 22  -1  57 253  69  -1  -1 238 125 302  -1  -1 167  -1 300  -1  -1  -1 204  -1  -1  -1  -1  -1  -1  -1 
 23  -1  -1  -1   3  -1  -1  -1  -1  -1  -1  -1  -1  67  -1  -1  -1  -1  -1  -1  -1 173 256  -1 282  -1 
 24  -1  -1  -1 306  -1  -1  -1 124  -1  -1  -1  -1  -1  -1  -1  -1  -1  -1  -1  -1  -1  -1  -1  -1  -1 
 25  -1  -1  -1  81  -1  -1  -1  -1 210  -1  -1  -1 304  -1  -1  -1  -1 192 192  -1  -1  35 101  -1  -1 
 26  -1  20  -1  -1  -1  -1  -1  -1  -1  86 305  -1 219  -1  -1  -1  -1  -1 202  -1  -1  -1 144  -1  -1 
 27  -1  -1 292  -1 198  -1 154 279  -1  -1  -1  -1  -1  -1  -1  -1  -1  -1  -1  -1 132 191  -1  -1  -1 
 28  85  -1  -1  -1 260  16  16  -1  -1  -1  -1  88  -1 121  -1  -1 147  -1  -1  -1  -1 114  -1  -1  -1 
 29  41  -1  -1  -1  -1  -1  -1  -1  18  -1 223  -1  -1  -1  -1  -1  -1  -1  -1  -1  -1 102  -1  -1  -1 
 30  -1  -1  -1  -1  -1  -1  -1  -1  24  -1   4   4  -1  -1  -1  17  17  30  -1  -1   2   2  19  19  19 
 31  31  31  31  -1  -1  -1  -1  -1  -1  -1  -1  -1  -1  -1  -1  -1  -1  -1  -1  -1  -1  -1  -1  -1  -1 
 32  46  46  -1  48  48  -1  -1  -1  61  61  -1  -1  -1  74  -1  -1  68  -1  -1  -1  -1  -1  63  63  63 
 33  -1  -1  -1  -1  -1  -1  -1  75  75  75  -1  -1  -1  -1  -1  -1  -1  -1  -1  -1  -1  -1  -1  -1  -1 
 34  -1  -1 105 105  -1  -1 112  -1  -1  -1 107 107 107  -1  -1  -1  -1  -1  92  92  90  90 118  -1  -1 
 35  -1 119 119 119  -1  -1  -1  -1  -1  -1  -1  -1  -1  -1  -1  -1  -1  -1  -1  -1  -1  -1  -1  -1  -1 
 36 134 134 151 151 151  -1  -1  -1  -1  -1  -1 136 136 156  -1  -1  -1  -1  -1  -1 149 149 162  -1  -1 
 37  -1  -1  -1  -1  -1  -1  -1  -1  -1  -1  -1  -1  -1  -1  -1 163 163 163  -1  -1  -1  -1  -1  -1  -1 
 38  -1  -1  -1  -1  -1  -1  -1 200  -1  -1  -1 206 195 195 195  -1 180 180 178 178  -1  -1  -1 193 193 
 39 207 207 207  -1  -1  -1  -1  -1  -1  -1  -1  -1  -1  -1  -1  -1  -1  -1  -1  -1  -1  -1  -1  -1  -1 
 40 237 237  -1 222 222  -1 250  -1  -1  -1  -1 224 224  -1  -1  -1 244  -1  -1  -1  -1  -1 239 239 239 
 41  -1  -1  -1  -1  -1  -1  -1  -1  -1  -1  -1  -1  -1  -1  -1  -1  -1 251 251 251  -1  -1  -1  -1  -1 
 42 266 266 281 281  -1  -1  -1  -1  -1  -1 268 268 283 283 283  -1 294 288  -1  -1  -1  -1  -1  -1  -1 
 43  -1  -1  -1  -1  -1  -1  -1 295 295 295  -1  -1  -1  -1  -1  -1  -1  -1  -1  -1  -1  -1  -1  -1  -1 
 44 225 183  -1  -1  -1  -1  -1 230  -1  -1  55  -1  -1  -1  -1  -1 228  95  -1  -1  -1  -1  -1  -1  -1 
 45  -1  -1  -1  94  -1  -1  -1 272  -1  -1  -1  -1  -1  21  -1  -1  -1 273  49  -1  50  -1  -1 310 275 
 46  -1  -1  -1  -1  -1  -1  -1  -1  -1  -1  -1  -1  -1  -1  -1  -1  -1   5  -1  -1  -1 142  -1  -1  -1 
 47  -1 227 315 141  11 285  -1 182 308  -1  -1  -1  -1  -1 312  -1  -1 137 139  -1  -1  -1  -1  -1  -1 
 48  -1  -1  -1  -1  -1  -1  -1  -1  -1   6  -1  -1  -1 313  -1 314  -1  -1  -1  -1  -1  -1  -1  -1  -1 
 49  -1  -1  65 270  -1 316  -1  51  -1  -1  -1  -1  96  -1  -1  -1  -1  -1  -1  -1  -1  -1  -1 109 186 
 50  -1  -1  -1  -1 274  -1  -1  -1  -1  -1 185  -1  -1  -1  -1  -1  -1 231 226  -1  -1 181 309  -1  -1 
 51  -1   7  -1  -1  -1  -1 311  -1  -1  -1  -1  -1  -1  -1  -1  -1  -1  -1  -1 271  -1  -1 197  -1  -1 
 52  93  -1  -1 184  97  -1  -1  98  -1  99  -1 187   8  -1  -1 241  54  53 269 138  -1  -1  -1  -1 140 
 53  -1  -1  -1  -1  -1  -1  -1  -1  -1  -1 143  -1  -1  -1  -1  -1  10  -1  -1   9 229  52  -1 153  -1 

