317
22 21
14 19
23 30
2 7
5 30
1 46
13 46
0 46
19 53
10 48
11 50
20 51
1 18
5 26
6 22
7 18
22 17
12 30
21 17
15 30
11 15
2 44
3 8
18 13
3 30
2 8
23 26
17 23
6 27
11 24
22 30
7 31
1 26
18 14
21 5
13 14
18 23
6 18
9 2
8 19
15 11
21 0
4 13
3 11
23 6
20 29
1 32
19 20
10 32
0 48
22 53
6 48
9 45
13 50
5 44
24 47
23 11
11 22
22 2
1 29
2 15
7 32
18 9
12 32
6 7
16 45
21 15
17 14
16 32
23 3
22 29
18 6
17 8
2 11
21 32
6 33
12 14
3 26
1 10
16 23
13 13
8 9
6 9
4 28
18 4
18 22
17 5
9 4
1 22
7 3
10 34
0 21
23 34
13 51
6 46
22 49
2 51
5 48
20 45
9 51
2 2
11 9
6 17
1 14
22 0
13 34
16 6
17 34
7 20
8 48
21 28
3 27
6 34
2 22
17 22
18 21
22 18
8 29
16 34
12 35
1 16
21 3
11 6
23 19
7 2
20 13
11 1
2 14
4 12
13 20
24 25
2 18
5 12
6 23
10 36
19 19
22 36
0 47
24 49
13 52
14 52
1 49
7 46
20 48
11 27
16 28
13 1
1 24
22 13
2 36
18 3
7 36
6 15
17 47
12 23
21 6
21 36
22 9
7 23
12 1
16 5
1 27
18 36
2 37
13 8
18 5
11 5
23 8
6 3
11 14
0 10
10 19
16 3
12 20
7 4
18 17
9 25
20 17
23 38
7 17
10 38
0 44
1 48
13 53
6 52
14 47
5 52
22 51
11 20
6 26
21 16
17 28
23 23
18 38
7 5
1 38
13 18
16 49
12 12
8 21
22 38
3 23
6 21
23 9
7 6
16 14
21 38
17 39
11 13
2 21
12 27
13 28
1 13
16 1
17 25
15 0
0 18
17 0
11 26
13 27
19 17
20 7
10 40
24 18
0 40
23 47
6 47
13 47
2 52
9 50
7 48
22 52
2 27
11 25
18 8
6 10
22 28
3 40
21 18
12 40
7 22
8 51
16 21
17 20
22 40
18 7
11 7
13 25
12 0
1 3
23 40
5 41
3 29
16 24
17 1
8 24
2 6
8 0
9 1
5 6
2 13
2 26
2 9
23 1
1 2
20 27
6 42
19 4
23 42
14 50
10 47
9 46
11 45
22 45
5 51
0 49
23 27
7 26
6 0
11 2
15 29
12 42
8 12
2 42
22 5
21 48
17 29
18 28
22 42
13 23
23 18
3 28
17 15
7 28
1 42
11 43
16 2
2 19
6 4
18 0
8 3
12 15
18 10
5 9
9 7
17 16
18 12
7 25
18 47
3 45
4 51
8 46
21 46
16 48
17 51
12 48
15 47

