317
22 21
4 25
15 30
21 20
17 30
8 52
13 50
9 45
3 48
10 52
12 47
19 52
1 11
15 9
3 20
22 5
17 28
12 30
2 24
6 30
16 7
11 46
21 15
23 18
2 30
23 22
3 17
8 23
1 24
11 3
22 30
12 31
7 14
18 6
16 21
17 3
6 29
21 22
21 25
7 3
18 17
10 16
15 16
2 21
12 12
19 14
13 32
21 8
16 32
22 47
18 48
3 45
9 52
8 51
15 52
10 44
16 11
22 17
18 24
17 6
12 25
2 32
21 19
6 32
9 7
23 44
11 1
1 27
18 32
16 20
22 3
7 28
6 24
1 19
11 32
2 33
23 19
7 23
12 24
18 3
21 11
9 23
10 29
2 4
14 20
9 5
0 7
7 0
8 19
19 23
17 34
14 10
15 34
7 50
12 53
4 46
21 52
9 47
13 48
10 49
8 26
18 23
16 17
7 18
12 17
2 34
24 28
21 34
17 15
20 46
11 20
6 20
12 34
18 10
23 0
22 25
7 19
11 2
20 34
1 35
17 1
6 8
1 2
8 8
13 27
6 7
4 17
14 16
20 10
11 28
0 13
2 27
9 22
21 24
18 36
12 3
16 36
22 51
14 51
13 44
10 45
8 50
3 52
4 44
8 10
13 15
22 2
1 1
17 12
2 36
11 5
5 36
21 27
12 51
23 20
15 10
22 36
16 28
6 14
7 29
23 2
3 8
12 36
0 37
13 1
12 13
18 7
17 5
21 14
5 5
10 24
0 21
11 9
4 9
21 6
10 18
9 27
10 5
3 38
13 5
18 38
22 53
21 47
12 49
8 44
14 44
7 46
16 47
18 5
7 7
12 23
8 25
2 29
22 38
13 4
15 38
21 4
6 47
1 6
11 19
8 38
3 24
12 0
13 2
18 0
1 21
2 38
22 39
17 13
21 23
7 4
7 12
16 13
19 15
23 16
22 7
3 19
8 29
1 9
20 6
15 12
19 7
8 40
16 2
13 40
17 44
3 50
4 45
10 50
18 51
7 53
12 45
3 21
18 11
8 16
17 29
12 10
22 40
6 19
0 40
7 10
24 49
11 25
16 1
16 40
13 20
1 29
2 2
3 2
12 8
17 40
21 41
8 3
6 2
11 16
7 1
18 25
4 3
13 13
2 0
4 2
2 13
5 20
22 27
9 21
17 25
12 42
16 8
3 42
19 49
7 48
14 52
21 50
18 47
10 51
15 50
18 26
12 16
13 24
11 6
3 13
22 42
20 17
6 42
17 24
16 48
1 13
2 20
2 42
23 4
18 22
3 18
12 15
8 20
16 42
22 43
11 10
1 3
21 12
13 19
6 21
1 4
11 12
12 11
1 15
11 7
14 14
7 16
2 45
24 46
5 51
6 44
0 45
1 46
23 53
11 51
20 49

