317
12 1
14 3
16 30
18 1
8 30
6 48
13 47
11 48
19 45
5 48
7 44
15 52
8 5
17 12
7 24
6 19
12 25
22 30
10 0
2 30
16 23
18 45
20 15
1 12
7 30
8 23
13 18
2 13
3 22
18 3
11 30
21 31
6 2
1 19
16 24
17 1
1 7
0 6
24 27
23 22
15 12
0 4
11 4
11 18
7 21
8 27
15 32
21 10
12 32
17 53
11 45
18 51
2 44
6 49
14 49
5 46
7 29
2 8
6 13
11 8
12 16
18 32
21 23
22 32
17 17
1 46
9 4
3 19
2 32
6 18
8 21
21 17
3 2
16 13
11 32
17 33
23 28
21 0
12 8
2 22
7 13
13 29
2 3
22 4
12 12
23 27
14 12
8 7
2 7
16 26
7 34
11 26
17 34
6 44
12 53
9 45
21 46
15 46
19 53
5 52
2 17
6 9
8 3
7 25
17 11
22 34
24 1
12 34
16 12
11 46
1 29
3 24
3 34
13 4
16 17
18 20
6 8
1 4
2 34
20 35
11 15
8 19
21 13
7 5
17 8
11 16
1 24
9 5
12 24
22 6
16 10
15 0
18 0
2 1
5 36
21 12
13 36
16 51
19 49
17 47
12 50
7 46
11 44
15 49
11 1
16 15
18 10
6 28
12 10
7 36
0 10
22 36
17 9
1 52
3 3
21 8
12 36
13 13
18 9
16 2
3 6
6 29
21 36
7 37
23 12
22 2
17 22
11 11
2 21
16 6
7 0
20 0
15 6
5 1
9 28
20 8
16 1
15 5
18 38
7 15
8 38
2 53
12 46
6 47
11 53
5 45
17 49
21 53
8 9
2 19
16 25
22 28
17 15
23 38
3 21
12 38
6 12
20 49
7 9
1 23
1 38
17 25
12 23
13 22
16 11
21 7
3 38
22 39
7 8
2 29
6 21
8 1
18 18
22 26
1 8
23 14
7 22
7 14
21 15
1 0
19 14
14 8
17 40
11 23
15 40
12 44
2 52
7 45
5 53
13 52
6 50
21 50
21 25
18 21
16 22
17 28
12 0
7 40
22 9
1 40
6 27
4 48
11 19
23 19
21 40
11 7
3 5
1 3
18 28
16 3
13 40
7 41
22 27
12 29
17 0
23 5
6 15
6 16
16 29
4 7
15 19
8 25
17 5
13 8
21 9
2 10
13 42
6 10
18 42
7 51
16 44
5 50
8 51
17 46
15 53
9 49
13 19
18 17
3 20
11 25
7 17
15 42
4 20
20 42
12 14
1 50
6 17
23 15
7 42
11 6
2 5
21 20
18 25
22 24
3 42
10 43
6 7
23 4
13 1
8 22
17 6
7 6
7 19
22 0
20 22
10 8
4 0
4 27
1 51
4 52
0 44
3 53
20 47
22 50
23 48
10 53
24 52

