317
4 0
24 12
13 30
22 0
10 30
18 48
21 49
19 53
0 48
5 53
6 48
8 53
11 28
6 24
8 28
21 10
13 8
17 30
12 28
1 30
16 7
7 47
23 22
22 22
22 30
7 24
23 12
3 28
21 12
11 14
8 30
16 31
6 19
2 18
13 23
12 11
3 16
7 16
12 6
10 14
0 12
0 11
7 15
8 2
6 2
8 18
0 32
2 23
10 32
19 46
5 48
21 47
22 44
13 45
4 44
24 52
6 17
21 25
11 24
22 15
0 18
12 32
7 3
16 32
8 29
23 44
2 21
3 0
21 32
6 15
8 16
18 19
22 5
11 13
2 32
12 33
17 20
16 28
1 25
21 23
7 9
15 2
24 19
13 0
4 2
2 12
16 11
4 16
5 8
11 1
21 34
10 23
0 34
2 52
13 52
24 44
18 49
4 46
19 45
14 51
21 26
22 8
2 15
1 12
12 22
17 34
9 9
6 34
16 6
20 51
23 2
3 24
2 34
6 28
11 12
12 20
21 1
3 8
13 34
15 35
8 27
23 14
18 18
22 25
1 3
19 21
3 29
9 11
1 11
16 9
12 4
2 0
0 4
21 2
5 36
22 27
18 36
13 44
10 49
11 49
24 49
2 47
1 51
14 49
1 26
13 5
11 22
6 23
17 12
7 36
16 29
2 36
21 14
12 49
22 20
23 8
13 36
11 0
23 1
3 12
18 14
6 26
1 36
7 37
2 9
1 10
17 23
12 23
22 3
12 3
5 10
16 14
1 23
9 27
6 27
16 13
5 29
19 19
10 38
6 5
21 38
0 50
13 48
4 49
8 50
24 45
18 45
1 53
11 15
8 10
21 6
12 21
22 11
13 38
7 6
1 38
18 17
6 49
16 22
17 24
6 38
1 22
17 17
18 29
3 18
11 25
8 38
12 39
23 19
7 19
21 24
21 21
2 10
3 1
7 29
22 18
7 27
10 22
9 13
24 6
19 20
5 26
21 40
24 29
0 40
14 52
11 52
8 47
6 46
10 44
18 51
2 50
1 28
18 10
6 7
8 5
20 20
12 40
23 25
2 40
11 17
17 46
7 25
16 20
6 40
17 13
1 29
2 24
3 27
8 19
18 40
11 41
21 19
23 24
16 8
22 1
7 2
11 16
19 4
3 7
24 2
13 28
20 24
18 5
6 3
11 29
1 42
4 6
13 42
24 53
21 52
0 46
19 48
8 44
10 46
5 49
13 11
8 21
6 10
16 12
0 24
17 42
3 20
20 42
11 20
12 53
7 18
23 29
6 42
16 5
11 26
23 13
3 21
21 17
7 42
16 43
1 15
22 9
8 24
2 13
13 24
3 3
4 8
23 9
2 22
4 1
15 24
22 6
7 53
17 49
16 45
23 49
20 53
3 50
9 50
12 48
15 48

