317
11 21
6 26
15 30
18 2
3 30
13 51
21 49
12 49
22 52
5 48
8 49
10 48
11 1
21 2
16 19
22 9
2 3
8 30
18 11
12 30
6 0
17 53
23 8
1 25
2 30
1 27
23 6
13 16
11 3
17 23
21 30
7 31
3 6
12 13
22 4
18 16
12 24
2 17
20 29
1 24
16 23
13 2
1 19
8 10
11 14
13 11
5 32
12 4
15 32
18 46
10 47
8 50
3 47
21 45
9 47
4 51
6 14
11 6
8 1
21 18
17 5
22 32
7 21
0 32
3 13
12 48
19 14
14 23
18 32
17 15
1 28
11 26
12 5
21 6
7 32
22 33
3 21
11 20
6 25
16 26
2 5
2 15
19 27
7 7
18 12
7 27
0 0
19 8
22 21
11 2
3 34
6 13
13 34
15 46
8 51
10 51
21 50
9 45
12 45
5 52
22 2
12 19
13 27
3 22
8 23
17 34
20 13
0 34
11 0
6 53
7 29
23 21
12 34
3 15
23 0
22 12
6 20
13 23
21 34
16 35
2 28
7 17
17 6
8 4
11 24
5 16
24 1
4 28
2 8
20 12
16 28
3 18
15 13
21 0
5 36
14 14
11 36
13 53
10 50
22 45
8 47
16 46
3 48
9 51
1 20
12 3
11 22
6 23
7 22
17 36
14 5
2 36
22 11
19 51
23 18
24 15
22 36
23 4
1 17
2 18
12 21
8 6
13 36
16 37
3 24
11 17
7 28
6 12
21 4
17 16
18 23
14 3
0 15
14 7
6 2
8 3
14 0
18 27
15 38
13 5
21 38
3 51
12 50
5 44
6 45
10 45
4 50
11 44
21 1
16 29
22 26
12 9
10 28
3 38
23 25
7 38
2 0
19 47
13 18
17 8
13 38
23 9
18 6
7 20
17 12
21 20
6 38
1 39
8 25
12 28
11 5
11 7
22 18
4 2
20 2
11 13
11 4
13 6
24 3
12 6
13 24
14 15
10 40
9 21
5 40
22 47
18 47
12 53
8 53
4 53
3 52
21 48
18 26
3 19
6 16
8 19
10 16
12 40
2 21
15 40
22 17
1 44
7 15
23 12
1 40
17 14
13 26
11 9
12 10
2 6
18 40
20 41
8 8
16 18
3 0
7 1
23 7
6 7
8 9
23 28
1 8
2 13
8 13
12 12
21 9
15 5
8 42
18 7
3 42
22 49
11 46
5 47
13 45
16 44
6 52
10 46
16 22
8 26
6 18
11 15
2 11
13 42
7 14
22 42
12 22
18 51
17 13
1 22
2 42
7 24
16 24
22 16
21 14
6 4
11 42
12 43
1 5
23 19
8 18
3 26
18 21
24 4
4 9
0 27
1 16
13 28
18 9
8 7
17 50
0 53
19 52
1 53
20 49
23 46
2 48
7 52
24 50

