317
1 9
24 25
8 30
16 21
12 30
14 44
22 50
23 48
21 53
10 53
15 45
0 47
1 12
13 23
12 13
7 27
22 8
5 30
11 26
2 30
21 18
18 46
17 1
16 3
1 30
2 19
22 23
12 0
8 4
16 24
21 30
5 31
3 19
13 29
11 20
18 8
12 23
0 14
14 29
10 11
18 0
0 2
6 17
18 2
12 8
24 24
13 32
23 28
7 32
21 47
22 47
16 50
2 48
1 51
9 51
10 44
8 3
12 22
7 10
13 15
20 8
15 32
6 3
0 32
3 18
11 45
23 18
18 14
6 32
22 5
23 12
3 5
8 5
18 25
12 32
15 33
2 13
3 25
11 16
6 0
21 15
17 12
16 4
8 26
7 5
13 24
11 17
6 1
2 22
22 11
15 34
24 13
13 34
10 49
1 52
23 53
9 48
0 53
12 44
21 46
16 28
23 16
1 6
2 17
12 4
7 34
5 2
17 34
21 25
20 46
11 14
3 14
11 34
17 29
1 25
2 20
23 17
13 27
3 34
6 35
16 12
18 16
8 21
21 5
12 9
15 9
1 28
2 4
18 27
13 1
4 12
8 15
9 6
12 26
23 36
2 15
13 36
21 48
10 45
1 48
8 46
15 50
7 44
0 52
7 21
8 18
13 17
16 17
0 23
17 36
3 28
20 36
12 1
11 47
6 19
2 14
1 36
3 27
23 11
22 12
6 10
13 22
7 36
16 37
21 13
8 29
11 4
2 5
12 2
3 29
7 29
6 6
4 28
19 20
2 23
13 8
9 28
10 23
23 38
7 20
21 38
1 53
16 52
13 48
12 46
0 46
8 44
2 50
2 9
8 13
21 12
1 15
22 15
12 38
3 11
15 38
11 0
6 48
7 1
18 11
3 38
17 25
21 14
23 9
16 20
11 10
1 38
12 39
6 24
2 27
8 12
8 28
18 23
2 3
3 3
4 27
0 13
23 26
4 19
12 6
9 19
14 5
7 40
0 0
15 40
13 44
22 46
12 50
24 53
10 52
2 49
1 50
8 25
1 16
7 4
23 1
12 14
10 40
0 6
17 40
21 21
20 48
6 12
3 22
3 40
7 2
11 23
17 22
18 26
13 19
6 40
21 41
2 26
16 14
8 7
1 22
12 20
22 25
5 10
7 15
7 28
6 27
7 17
7 23
2 25
23 10
0 42
8 24
13 42
22 44
7 45
24 51
16 46
21 44
15 48
9 44
7 19
16 6
22 16
17 18
0 10
20 42
8 2
10 42
18 20
6 51
4 17
3 17
6 42
6 11
21 7
11 7
2 8
13 16
16 42
17 43
1 27
12 10
8 10
3 8
22 2
17 0
1 2
14 23
12 16
0 7
9 1
8 0
17 51
6 47
5 46
18 49
4 47
3 51
20 50
11 46
19 53

