317
22 3
14 1
10 30
18 1
1 30
3 51
8 53
9 50
12 52
4 50
16 47
13 53
16 25
1 3
2 2
6 14
12 20
7 30
17 25
20 30
11 18
18 48
0 23
23 19
17 30
16 14
13 15
23 5
22 16
1 19
12 30
6 31
18 7
21 19
3 15
2 28
21 11
24 17
5 22
24 22
0 17
18 2
4 9
8 18
16 18
14 29
12 32
6 17
8 32
4 47
22 53
2 50
3 45
18 52
10 53
21 48
22 0
8 25
21 9
1 29
12 22
3 32
6 0
16 32
2 24
7 47
23 12
11 24
6 32
11 13
13 4
22 24
7 3
16 9
23 32
1 33
17 15
18 18
21 3
6 4
12 12
15 23
6 22
22 10
22 5
15 14
22 6
14 23
9 27
16 6
1 34
8 7
11 34
18 49
13 46
3 52
21 45
14 46
10 49
4 44
1 24
12 23
13 7
18 9
2 16
22 34
20 0
5 34
11 25
8 51
19 1
17 17
17 34
7 24
1 2
2 14
11 8
18 0
3 34
22 35
8 22
12 29
21 27
13 26
16 8
20 13
24 14
4 12
9 14
22 19
13 24
3 17
12 8
6 20
10 36
13 8
1 36
8 52
4 51
3 46
9 51
16 46
22 47
14 50
16 10
12 25
11 27
8 15
2 8
17 36
15 9
21 36
6 7
13 44
7 14
0 16
12 36
11 19
23 1
22 7
2 17
16 1
3 36
17 37
21 17
3 27
7 18
13 28
6 24
2 15
14 15
1 11
14 8
1 27
24 1
4 6
14 24
10 27
11 38
6 9
2 38
16 53
22 46
21 47
18 44
4 52
13 51
1 45
13 25
21 23
12 6
1 13
3 13
8 38
23 11
15 38
11 28
20 46
0 0
6 16
22 38
18 5
12 5
11 10
17 18
6 21
21 38
7 39
2 26
23 4
3 18
1 21
16 3
17 27
23 23
4 24
23 2
18 6
23 13
16 19
10 11
14 11
12 40
11 5
21 40
9 49
3 47
1 48
16 44
2 46
8 49
18 51
23 18
18 23
13 29
12 17
20 14
2 40
19 29
6 40
1 18
5 51
11 15
17 23
16 40
21 28
13 23
6 25
7 6
11 1
23 40
2 41
18 3
8 4
22 12
17 5
1 1
17 3
1 26
4 20
22 21
3 28
20 12
23 10
6 2
18 14
13 42
12 16
10 42
8 48
1 49
9 45
3 44
21 46
22 44
16 50
22 27
11 29
13 14
6 6
7 29
2 42
12 13
15 42
21 6
23 51
24 21
0 21
6 42
3 26
22 14
11 17
13 27
17 24
23 42
2 43
8 23
12 24
1 9
7 26
18 4
0 5
9 10
24 10
11 7
20 3
15 24
12 9
23 49
20 48
24 47
5 47
0 48
17 45
15 45
7 53
19 49

