317
8 4
14 26
10 30
1 23
15 30
2 50
13 45
5 45
7 52
0 51
3 50
4 48
16 5
8 20
3 21
2 21
12 14
22 30
6 12
17 30
11 4
21 48
9 21
1 0
6 30
8 10
13 18
17 26
21 16
2 8
12 30
22 31
7 5
16 26
1 7
3 28
16 1
4 29
6 9
22 15
4 18
7 10
22 29
2 18
2 14
19 6
3 32
16 27
10 32
18 52
14 52
1 46
5 48
13 53
0 46
15 44
18 2
11 0
13 2
1 25
2 10
22 32
6 29
7 32
21 13
12 50
17 20
16 0
16 32
3 14
18 27
6 25
7 19
2 17
12 32
21 33
8 7
6 19
11 10
1 2
17 29
10 5
14 21
3 7
1 24
2 11
0 19
8 3
1 9
11 13
7 34
14 1
15 34
19 48
13 50
5 50
3 52
0 44
18 45
10 53
16 2
18 8
7 7
8 19
12 22
2 34
20 18
22 34
1 18
21 51
17 18
6 13
17 34
22 4
11 23
12 21
8 1
16 18
18 34
2 35
21 14
7 29
2 2
6 15
13 9
3 23
1 11
24 29
9 10
6 28
4 21
9 1
15 22
16 6
2 36
1 6
7 36
10 49
19 47
4 47
0 48
18 49
14 44
5 44
3 1
2 0
18 26
12 7
8 8
10 36
6 21
22 36
16 21
17 52
1 10
21 28
6 36
7 22
23 9
21 27
17 11
1 16
18 36
11 37
22 6
18 5
2 27
8 25
3 18
9 6
3 0
1 19
6 0
13 13
1 26
11 12
5 29
15 15
10 38
2 19
3 38
13 48
7 51
1 53
16 46
0 50
14 48
8 50
3 15
1 22
11 15
23 8
12 1
7 38
21 8
17 38
22 8
9 48
2 1
6 5
1 38
7 24
16 23
11 7
17 12
21 1
13 38
22 39
12 12
8 14
2 13
2 23
6 14
7 3
12 3
12 15
1 27
13 11
24 7
15 12
15 13
19 2
13 40
7 0
10 40
5 49
3 48
18 46
0 47
16 49
4 46
8 53
8 24
11 19
18 0
13 12
5 7
20 40
7 14
1 40
16 7
12 45
17 4
23 23
7 40
13 3
16 13
18 23
17 2
1 3
6 40
20 41
2 20
12 11
11 28
23 11
3 9
7 8
20 22
23 4
4 9
21 25
17 28
24 26
16 10
13 6
3 42
2 15
10 42
5 51
15 46
14 47
8 44
7 46
0 45
1 48
11 14
1 1
3 29
21 15
7 23
22 42
2 4
17 42
13 0
12 46
9 23
6 27
7 42
22 12
13 26
16 19
17 1
3 13
2 42
21 43
6 1
18 28
1 20
8 29
11 27
3 27
23 26
15 4
0 10
7 9
7 1
7 13
21 52
22 51
20 46
23 44
9 45
6 53
12 44
17 53
24 53

