317
12 20
24 9
10 30
7 2
5 30
16 45
22 50
15 50
3 51
8 44
2 53
13 44
16 4
6 17
8 16
22 21
12 16
2 30
7 28
17 30
11 18
1 46
21 19
23 16
7 30
8 9
22 20
17 10
12 18
1 21
23 30
2 31
6 13
16 16
11 25
13 11
17 25
1 15
3 21
18 27
13 26
0 25
22 6
11 11
8 28
15 29
3 32
22 8
10 32
24 46
6 45
7 48
16 47
12 51
2 47
5 52
16 18
6 23
8 23
7 20
2 28
17 32
21 15
12 32
11 17
23 49
1 6
22 14
22 32
3 6
1 7
12 9
23 8
8 7
16 32
17 33
13 15
7 16
6 9
21 29
2 19
1 27
4 14
0 3
8 24
14 15
13 24
11 3
8 1
3 11
15 34
6 11
10 34
2 49
12 45
4 52
22 44
13 45
7 51
5 48
12 5
11 2
2 6
16 23
7 8
22 34
20 24
17 34
13 2
21 48
6 21
1 20
12 34
6 12
17 14
11 13
18 20
8 20
13 34
22 35
7 22
16 7
22 16
2 29
1 0
12 12
14 21
9 25
14 19
5 5
16 3
24 15
2 9
24 22
5 36
22 23
10 36
8 49
12 47
13 49
15 47
16 46
3 48
4 53
6 28
3 27
2 8
16 12
12 13
17 36
1 9
7 36
11 12
22 45
23 10
21 27
3 36
2 20
7 10
6 4
21 22
16 20
22 36
17 37
8 18
23 3
11 0
1 4
13 23
14 12
13 8
13 5
8 15
7 25
2 4
6 3
10 20
15 25
7 38
17 19
3 38
6 52
22 46
24 52
11 51
5 44
16 53
2 51
3 5
16 17
6 7
21 6
7 4
22 38
18 1
12 38
2 14
20 52
1 23
17 3
17 38
8 17
7 14
13 25
16 26
3 15
11 38
21 39
12 2
18 16
1 16
1 1
6 15
14 29
7 5
8 25
2 24
8 0
2 10
1 26
15 9
5 2
10 40
16 22
12 40
4 48
22 51
2 50
8 50
17 49
6 48
3 47
6 8
2 18
17 6
3 4
12 0
22 40
16 29
7 40
11 7
1 49
18 28
21 14
16 40
13 9
7 6
8 29
6 19
3 7
18 40
22 41
2 3
11 4
12 27
21 10
1 3
15 17
20 2
17 28
16 2
22 1
5 27
0 21
11 1
24 23
12 42
3 13
7 42
4 51
16 49
5 53
22 49
15 49
10 50
6 47
22 19
11 16
12 3
13 12
7 11
0 42
3 17
17 42
6 26
23 47
21 17
9 27
6 42
1 8
21 0
18 15
17 1
13 14
11 42
0 43
8 26
12 24
3 14
7 9
23 11
12 25
1 5
13 18
12 4
12 14
7 1
22 26
23 46
18 52
19 50
21 51
0 50
1 47
9 50
14 45
20 48

