317
1 19
8 16
18 30
12 12
13 30
11 52
6 48
20 50
9 44
10 46
7 53
15 45
11 16
6 20
7 29
18 15
13 5
22 30
12 2
1 30
21 7
16 49
5 15
17 27
7 30
6 18
8 6
1 25
3 18
11 12
17 30
21 31
16 15
2 21
18 2
12 23
1 16
16 19
16 9
23 19
11 29
2 13
10 7
16 27
13 26
20 22
5 32
23 4
8 32
11 45
15 49
12 51
18 50
7 51
14 52
10 53
12 17
6 15
13 10
11 26
7 21
2 32
21 22
17 32
16 4
22 44
23 29
0 10
16 32
23 5
22 20
7 28
8 28
18 29
12 32
1 33
6 17
18 11
13 16
16 2
21 9
14 3
14 4
0 11
8 3
15 8
12 11
6 10
12 26
18 0
7 34
15 20
5 34
1 51
13 50
20 49
23 46
14 46
9 46
19 51
1 18
17 1
6 25
13 19
7 26
22 34
2 27
10 34
18 19
21 49
16 29
3 0
16 34
2 17
12 20
11 18
6 9
17 23
13 34
22 35
1 27
8 1
23 20
7 12
18 23
2 15
5 27
14 1
0 22
12 22
18 24
7 5
15 27
19 17
5 36
12 28
10 36
8 51
9 45
7 48
13 49
18 49
20 47
14 51
6 1
13 20
11 23
22 23
7 4
23 36
21 17
1 36
18 16
12 45
16 8
17 28
17 36
7 0
1 4
2 1
13 14
21 13
12 36
22 37
3 28
12 24
8 10
6 22
18 1
11 14
12 27
2 19
9 11
5 29
5 5
0 16
15 17
20 4
10 38
23 1
8 38
12 53
18 45
6 49
1 44
5 53
13 48
7 46
1 28
22 10
6 12
8 15
10 15
12 38
3 11
17 38
7 16
23 52
2 7
21 6
3 38
18 22
21 0
22 9
16 22
11 28
1 38
12 39
7 19
2 24
6 7
6 27
17 19
11 11
2 9
0 28
17 17
0 18
8 25
5 22
14 26
5 4
10 40
9 6
12 40
8 50
18 48
7 45
6 52
19 49
1 45
20 53
18 5
13 18
12 0
11 27
7 24
22 40
0 20
15 40
6 29
24 51
2 16
3 2
1 40
12 8
16 21
17 25
18 4
13 29
6 40
21 41
3 12
8 14
11 25
2 12
7 18
21 2
13 6
24 19
2 3
22 29
3 19
1 11
1 2
12 16
6 42
8 0
18 42
14 53
20 45
5 49
11 51
13 44
15 53
9 50
21 10
6 23
7 11
23 26
18 27
13 42
16 24
2 42
22 18
17 51
8 11
10 13
16 42
23 11
6 11
2 5
13 17
3 15
8 42
22 43
17 22
1 1
21 14
18 28
11 22
7 14
6 19
4 25
18 13
1 29
5 7
8 12
2 52
17 52
0 51
3 51
24 46
22 53
21 52
16 46
4 46

