317
16 12
12 13
0 30
13 25
23 30
7 44
10 51
8 47
21 52
20 51
15 46
22 52
16 23
23 26
1 12
7 20
20 21
2 30
11 0
17 30
22 17
13 52
9 28
6 23
8 30
6 15
11 5
17 11
22 18
1 24
13 30
2 31
7 22
16 5
23 29
21 10
16 13
20 7
5 2
19 22
17 25
21 22
5 16
12 6
20 11
15 2
12 32
21 6
16 32
7 53
8 51
2 52
23 50
1 52
10 52
0 45
7 14
16 21
8 8
17 3
13 1
2 32
21 11
22 32
1 17
18 46
6 27
11 21
18 32
12 16
16 16
22 29
21 8
11 24
6 32
1 33
23 9
22 7
8 9
13 22
17 18
22 28
8 13
10 24
6 16
2 4
23 11
1 10
1 18
10 2
22 34
24 25
12 34
2 53
8 46
0 50
17 52
15 44
21 49
20 53
23 22
13 3
12 9
21 24
2 3
17 34
6 26
7 34
16 28
11 47
4 13
24 10
3 34
23 19
11 3
12 11
8 4
1 16
2 34
16 35
21 9
7 12
18 23
6 3
13 6
7 2
24 3
20 19
6 2
22 11
8 17
1 26
15 12
1 6
20 36
16 22
22 36
17 53
24 48
13 46
2 50
8 52
12 50
0 49
13 16
21 20
2 29
7 9
22 16
17 36
5 21
10 36
1 11
16 51
3 14
9 0
16 36
17 15
3 18
2 16
11 19
22 4
13 36
6 37
12 3
12 21
23 17
18 25
21 26
15 18
17 23
21 4
23 23
16 25
21 13
7 26
0 9
20 13
1 38
21 17
16 38
23 44
22 51
10 50
8 48
15 48
24 47
13 49
16 0
2 22
17 4
12 23
0 5
22 38
18 27
5 38
13 7
21 47
3 20
11 16
18 38
7 17
22 26
17 1
8 5
11 7
21 38
12 39
2 8
16 4
1 4
3 12
6 17
15 6
12 18
0 12
4 29
11 13
8 27
2 2
22 6
20 0
23 40
8 22
0 40
21 50
13 50
17 46
7 51
15 47
16 52
10 46
21 23
1 15
7 23
2 25
22 13
15 40
8 6
12 40
3 16
11 49
6 20
18 6
18 40
7 11
22 9
16 10
17 19
13 28
21 40
2 41
11 25
8 19
6 21
1 21
12 8
15 27
17 12
16 17
12 12
9 18
8 3
6 28
2 27
20 6
0 42
22 21
15 42
13 47
7 50
10 48
8 53
12 49
21 44
23 48
21 0
12 4
13 20
17 10
2 0
18 42
11 26
5 42
23 8
24 53
22 15
4 6
11 42
13 11
7 0
22 2
3 25
23 10
8 42
17 43
2 15
21 25
12 26
1 19
16 26
2 1
19 21
7 7
9 14
18 17
18 28
19 12
18 50
6 45
9 47
19 51
14 47
11 48
4 49
3 51
5 44

