317
21 27
14 3
12 30
2 15
3 30
20 48
19 51
6 51
5 44
1 46
18 51
7 46
21 16
7 29
6 4
12 11
3 28
17 30
2 18
22 30
16 15
8 45
10 20
11 13
7 30
6 22
12 18
23 20
1 1
18 10
11 30
15 31
8 11
21 17
3 12
2 7
23 0
24 1
4 29
6 3
23 15
2 27
14 15
23 3
22 1
19 23
2 32
18 1
13 32
12 48
24 45
1 45
6 45
21 53
5 52
4 44
2 6
1 2
3 17
6 2
12 9
7 32
18 3
20 32
23 6
17 47
11 11
16 20
12 32
2 25
21 12
11 21
13 19
1 3
17 32
6 33
23 16
11 24
16 22
3 19
22 26
3 3
5 10
22 9
20 14
21 5
19 24
22 10
22 28
19 14
13 34
24 17
2 34
21 48
1 49
5 53
6 49
4 48
18 44
20 50
21 22
3 1
1 19
22 15
17 16
10 34
9 6
6 34
2 12
0 44
16 2
23 27
22 34
6 23
16 17
17 26
3 0
23 26
21 34
10 35
7 20
2 0
12 4
1 25
18 17
21 2
10 13
9 2
8 3
1 24
4 7
13 2
19 13
3 27
20 36
18 9
1 36
13 46
24 51
22 51
4 47
7 52
6 50
14 45
8 28
22 6
21 6
7 6
0 26
5 36
17 10
11 36
2 5
23 49
16 21
18 29
18 36
16 9
11 5
13 20
23 2
8 19
22 36
5 37
12 1
21 10
1 15
17 18
2 20
15 22
19 1
22 17
17 22
7 8
11 6
19 26
4 2
13 4
18 38
12 27
21 38
5 51
7 47
24 53
3 52
20 49
14 48
2 50
3 4
18 2
22 25
6 1
20 9
15 38
12 10
0 38
8 17
17 49
23 17
11 23
23 38
12 8
11 8
2 4
22 3
17 0
3 38
6 39
1 13
21 21
16 26
16 13
13 6
5 1
23 9
4 0
3 13
23 24
22 5
16 10
1 28
20 18
3 40
24 23
5 40
21 45
13 51
2 52
19 53
22 50
18 47
12 46
6 12
18 24
21 29
22 20
2 29
12 40
16 19
7 40
1 20
17 48
23 14
11 4
16 40
3 11
7 5
8 25
6 11
17 23
2 40
12 41
22 18
1 18
18 7
21 11
11 2
14 8
16 28
3 6
18 27
16 5
11 7
9 26
18 4
2 2
20 42
1 11
12 42
5 48
22 49
14 46
3 49
7 51
19 45
4 53
3 21
13 10
12 17
21 7
17 8
22 42
11 17
6 42
2 10
0 48
1 8
16 4
17 42
22 27
3 22
8 0
13 23
7 25
1 42
22 43
12 14
6 24
21 1
11 20
18 21
6 6
17 3
20 10
17 25
17 15
8 6
6 26
16 48
9 50
10 53
17 51
0 51
8 50
11 48
23 48
15 44

