317
2 14
13 4
5 30
14 11
7 30
16 44
3 51
1 49
0 53
15 50
21 46
20 48
21 19
16 7
1 3
11 22
7 5
2 30
9 13
22 30
12 20
18 47
14 18
17 2
1 30
22 8
23 15
18 11
3 27
8 7
21 30
10 31
2 0
16 22
17 7
7 10
16 12
6 23
1 20
24 18
9 19
2 26
7 13
2 17
14 26
6 22
20 32
8 13
2 32
5 48
15 47
13 49
1 52
7 45
0 52
10 48
2 13
1 15
7 8
3 15
12 12
22 32
8 27
16 32
21 10
9 51
11 20
19 25
12 32
7 28
6 7
16 9
13 20
21 1
1 32
22 33
18 12
17 6
3 6
11 2
8 18
24 22
2 11
3 20
3 1
13 17
19 3
20 29
13 29
4 15
15 34
3 5
1 34
8 48
7 50
0 45
21 50
5 44
14 45
6 49
8 0
6 1
1 23
13 3
17 29
20 34
23 16
10 34
2 19
9 45
19 5
3 13
3 34
13 14
17 5
16 3
6 26
1 21
18 34
20 35
11 17
7 4
23 13
8 21
2 12
17 3
18 17
9 9
13 18
24 26
4 8
4 1
10 1
6 12
2 36
7 14
0 36
8 49
4 49
20 44
15 44
16 46
13 47
14 48
16 14
13 5
1 12
21 2
2 10
22 36
11 9
17 36
8 2
12 49
7 18
5 25
13 36
12 14
17 27
16 18
8 17
1 24
7 36
21 37
18 15
7 20
2 2
11 1
3 11
19 18
22 23
19 26
18 2
16 24
24 21
5 28
0 9
10 13
6 38
1 16
13 38
8 47
16 51
20 52
3 46
5 52
2 49
21 52
21 12
6 20
13 23
17 26
7 3
15 38
22 22
2 38
12 17
18 49
23 17
11 5
22 38
12 2
11 12
23 3
1 10
7 6
21 38
15 39
2 18
18 7
6 14
6 4
3 17
8 19
21 5
21 8
7 26
9 17
24 27
19 17
15 4
20 15
13 40
8 15
5 40
10 45
3 45
4 47
7 53
0 47
16 50
21 44
6 17
17 19
7 9
16 0
13 7
2 40
8 8
21 40
1 7
12 47
11 27
18 3
18 40
11 7
21 15
16 1
17 17
22 11
12 40
1 41
8 29
6 21
13 19
7 17
23 21
4 21
19 0
14 19
9 10
19 10
3 0
20 5
7 21
0 10
20 42
15 27
3 42
8 50
13 46
5 53
16 45
2 44
14 46
6 48
7 23
6 3
8 26
11 24
3 24
13 42
18 26
22 42
2 4
15 51
1 17
17 1
6 42
12 29
18 9
21 14
2 24
23 24
17 42
10 43
1 18
22 4
13 22
3 22
8 24
8 16
11 0
19 2
21 22
15 28
15 0
19 13
11 50
17 47
18 48
9 53
24 48
22 48
23 46
12 50
19 52

