317
7 16
14 24
8 30
1 25
3 30
16 45
23 51
17 48
21 52
5 50
22 52
18 53
21 13
6 21
7 2
8 10
2 10
17 30
11 27
22 30
16 1
13 45
12 26
1 10
11 30
22 14
13 11
1 6
16 12
8 18
21 30
17 31
23 19
2 16
3 25
7 20
2 14
9 11
5 22
17 6
9 5
0 25
7 24
4 10
16 3
4 28
18 32
14 18
7 32
17 49
3 52
24 51
23 45
1 51
5 44
9 52
1 0
7 21
3 9
8 20
23 26
15 32
13 20
10 32
17 11
6 52
2 0
14 8
6 32
2 25
3 18
12 4
8 5
23 9
17 32
20 33
13 21
11 5
16 6
6 13
1 14
23 28
23 20
20 29
17 21
21 4
2 8
23 14
23 13
7 5
8 34
4 22
18 34
3 49
16 51
1 48
22 44
21 49
14 50
5 48
11 12
18 8
8 21
21 9
3 11
15 34
13 2
22 34
7 19
6 46
2 11
12 21
3 34
6 7
22 3
23 6
11 21
8 4
21 34
15 35
2 26
13 10
17 17
12 18
7 8
15 1
18 3
2 7
0 6
2 15
12 10
22 27
3 19
1 20
16 36
4 9
23 36
7 46
5 46
8 49
19 52
14 45
18 52
9 45
7 15
18 29
17 18
11 13
2 27
8 36
15 11
20 36
12 2
10 52
6 16
0 5
2 36
7 29
22 10
21 6
3 28
18 27
6 36
11 37
8 24
8 22
16 26
17 10
1 12
9 20
17 13
13 28
17 3
18 25
18 16
8 6
22 8
19 18
23 38
17 19
3 38
14 47
8 52
5 49
16 53
21 50
18 51
1 44
1 16
3 5
21 25
22 21
23 17
8 38
2 9
11 38
18 13
6 47
15 19
17 20
2 38
13 14
17 2
22 25
18 2
6 8
21 38
7 39
23 12
12 25
3 8
3 4
11 3
5 26
0 19
6 26
0 16
1 9
16 2
20 4
19 10
5 1
23 40
7 3
21 40
8 48
1 47
16 47
17 50
9 44
18 46
3 48
21 2
1 1
23 23
3 13
15 18
18 40
20 11
12 40
2 5
11 44
7 6
6 12
17 40
8 3
11 9
13 5
12 11
16 27
7 40
2 41
21 28
6 6
18 6
23 5
1 2
10 12
4 8
16 16
18 22
17 28
23 0
21 19
8 12
24 0
17 42
7 26
22 42
4 53
3 44
5 47
14 52
16 44
21 53
9 51
17 15
8 8
6 4
1 19
22 15
3 42
19 27
10 42
21 27
15 51
7 11
13 29
7 42
2 21
12 9
6 24
17 27
21 23
13 42
0 43
16 29
8 7
3 16
18 7
23 8
8 25
0 0
2 22
12 8
12 22
3 6
18 17
11 50
12 47
13 53
20 47
0 47
2 52
15 48
6 48
10 47

