317
18 29
6 21
10 30
7 21
2 30
1 52
17 47
19 47
0 52
5 45
9 49
4 48
11 26
21 11
18 12
17 1
2 29
0 30
22 16
12 30
16 24
8 50
23 6
7 9
22 30
23 18
6 3
13 15
18 25
3 22
8 30
15 31
21 22
12 16
1 22
2 10
12 0
2 4
19 7
3 21
4 14
4 7
11 18
9 26
2 11
19 26
16 32
3 11
6 32
4 47
5 46
1 51
14 45
18 45
10 51
9 44
18 3
7 15
6 22
17 3
20 27
12 32
3 15
0 32
16 9
8 45
22 10
23 16
8 32
17 24
18 24
22 4
3 17
6 20
23 32
11 33
2 9
7 29
21 8
8 15
16 7
4 8
11 27
3 6
22 0
8 2
11 29
11 21
6 4
4 17
10 34
3 27
17 34
7 47
2 50
1 47
16 53
5 50
19 46
9 53
6 28
7 17
2 23
11 16
17 11
22 34
20 18
12 34
1 5
21 49
8 3
3 3
6 34
13 27
2 19
1 28
16 1
7 13
8 34
22 35
11 9
17 8
23 1
18 19
3 4
14 1
9 13
16 3
17 15
7 22
10 8
18 0
10 21
5 17
6 36
17 0
18 36
4 51
9 51
11 51
0 50
16 51
1 53
14 47
20 26
18 10
16 6
11 4
7 5
22 36
17 25
1 36
6 18
21 52
13 10
12 4
16 36
18 8
3 0
2 21
7 0
21 18
8 36
22 37
1 3
8 8
13 13
17 21
12 1
1 2
23 26
12 12
13 21
4 6
5 21
22 20
9 16
17 10
18 38
7 26
0 38
14 48
16 52
2 48
6 50
4 53
5 52
3 48
6 26
16 18
1 7
18 22
2 24
20 38
8 19
10 38
23 3
15 49
7 28
13 20
6 38
13 9
18 2
16 27
3 8
11 1
2 38
21 39
1 6
7 3
8 6
8 29
12 25
24 6
5 11
9 29
14 11
4 9
10 10
21 10
4 2
14 29
18 40
17 12
1 40
16 46
5 51
11 53
0 51
10 45
9 50
3 49
3 28
18 23
11 11
21 23
0 15
15 40
23 11
6 40
22 2
17 48
12 23
13 24
11 40
3 2
8 20
6 9
7 7
17 22
13 40
20 41
18 21
2 20
1 0
23 7
16 26
2 2
20 24
17 7
19 23
22 28
13 16
13 14
14 6
4 22
5 42
3 10
17 42
2 49
7 50
19 52
1 49
10 49
16 48
0 53
6 15
16 4
2 18
8 4
17 18
0 42
21 28
11 42
7 6
22 53
23 14
3 7
16 42
8 12
2 25
17 28
22 5
12 18
3 42
7 43
21 20
18 15
6 6
23 23
13 3
14 16
24 19
7 27
13 29
22 23
24 28
14 25
13 47
23 45
20 52
21 50
15 48
12 47
22 45
8 51
24 44

