317
18 18
6 16
13 30
12 6
1 30
21 47
22 51
0 46
15 46
20 48
23 51
10 47
13 11
1 24
3 27
18 28
20 19
22 30
12 9
7 30
2 13
11 45
16 13
17 8
17 30
18 15
12 28
7 19
21 18
2 11
11 30
22 31
16 1
8 7
13 16
1 1
8 16
4 10
11 7
24 6
3 24
13 9
1 13
24 10
12 13
13 27
20 32
6 23
22 32
14 53
9 46
15 50
0 50
1 47
24 47
10 45
22 17
0 14
12 15
21 11
23 8
17 32
8 15
1 32
16 19
11 44
6 0
7 6
7 32
23 23
13 18
3 10
2 25
22 24
6 32
16 33
11 25
3 26
8 4
21 7
12 3
5 3
18 11
8 20
4 15
7 3
5 23
2 8
15 7
23 27
0 34
20 6
13 34
2 47
22 52
21 46
9 47
10 50
12 45
24 48
2 27
21 28
22 11
1 17
12 24
5 34
16 3
17 34
23 26
8 52
11 13
3 22
22 34
18 20
13 21
12 5
1 0
21 4
11 34
5 35
17 15
3 14
7 0
2 29
23 13
18 3
5 20
19 21
13 10
2 26
12 14
14 27
0 29
22 12
20 36
14 2
12 36
23 45
10 51
15 45
9 49
1 46
6 53
24 50
13 3
12 18
21 6
23 24
5 5
18 36
16 17
1 36
22 9
11 48
8 12
7 5
6 36
8 28
1 18
2 6
21 5
16 7
23 36
17 37
3 18
23 20
13 19
7 13
11 22
17 11
9 6
8 29
3 13
16 18
13 5
11 16
20 24
15 20
23 38
1 22
13 38
22 45
6 45
12 52
21 49
10 46
0 45
18 51
21 21
18 19
23 3
22 25
13 0
8 38
17 2
2 38
7 16
16 53
11 15
1 20
17 38
2 2
12 22
16 9
11 4
6 4
18 38
7 39
22 5
1 5
21 16
23 9
3 8
20 5
6 29
23 21
20 2
2 9
20 14
2 3
2 21
21 23
13 40
10 16
0 40
12 44
22 48
15 44
9 53
20 50
6 51
18 46
20 3
1 7
6 26
2 15
12 12
17 40
8 24
22 40
11 8
3 51
7 12
16 21
3 40
8 17
21 0
1 28
2 19
22 26
6 40
17 41
11 3
12 11
7 27
13 6
16 12
2 20
15 4
8 14
0 4
17 9
1 2
9 16
12 16
20 21
21 42
18 8
23 42
13 45
1 44
10 52
6 47
2 46
15 47
0 53
6 8
23 10
22 8
21 9
0 11
17 42
3 6
12 42
7 15
16 45
5 21
11 28
2 42
7 25
17 28
1 27
13 8
21 24
16 42
7 43
12 2
3 5
6 24
11 5
23 4
17 29
0 15
6 20
15 15
14 19
23 28
21 25
17 51
7 46
4 49
3 48
19 53
16 51
8 46
11 51
5 51

