317
17 27
14 2
5 30
1 23
12 30
24 48
7 51
2 48
11 51
10 49
23 48
0 48
23 13
11 15
2 10
17 13
12 12
8 30
3 14
20 30
7 24
1 51
18 11
16 28
3 30
1 11
16 4
22 27
6 12
11 10
17 30
7 31
2 23
23 6
18 29
13 27
22 16
20 20
9 4
1 1
0 18
1 17
24 23
16 12
12 25
8 10
13 32
11 1
6 32
10 52
0 47
17 50
2 46
24 52
9 51
5 50
6 18
13 20
12 0
7 7
15 3
2 32
20 18
21 32
8 22
11 53
18 28
4 18
16 32
12 14
8 4
22 4
23 15
11 21
17 32
1 33
6 11
21 26
18 19
13 15
7 2
13 16
2 22
4 17
19 5
23 10
3 28
13 23
1 27
11 19
7 34
9 12
12 34
23 52
0 46
10 50
17 49
24 45
14 46
6 50
17 21
23 8
7 10
1 25
12 28
20 34
5 25
2 34
8 17
9 53
18 5
16 29
17 34
2 0
12 11
13 3
6 23
16 11
18 34
20 35
3 3
8 18
22 10
7 17
11 20
2 26
23 27
4 27
8 13
8 23
15 10
10 23
14 27
17 5
23 36
7 18
5 36
2 49
0 51
1 50
8 53
13 52
12 47
9 50
13 7
8 20
6 28
1 12
22 25
2 36
7 3
10 36
17 25
16 50
18 23
21 1
7 36
6 16
11 13
12 16
23 28
18 3
21 36
1 37
13 10
22 28
16 23
8 3
17 11
23 24
22 29
8 19
7 25
0 17
24 0
22 22
5 8
10 15
6 38
1 24
12 38
8 52
17 47
24 44
2 52
9 52
0 53
11 49
13 2
2 2
6 0
22 8
7 8
20 38
3 29
15 38
11 12
1 44
14 24
18 0
3 38
13 6
12 15
1 9
16 21
7 0
18 38
21 39
17 16
2 7
8 7
8 2
11 5
17 0
7 6
7 15
2 21
19 15
7 22
24 18
5 10
14 18
8 40
6 17
0 40
7 45
23 51
13 44
10 48
11 45
24 47
2 45
23 20
13 1
7 21
8 6
0 26
10 40
3 25
20 40
17 4
12 50
6 7
16 2
2 40
22 7
11 17
13 21
7 11
6 25
23 40
17 41
3 16
21 27
8 26
1 2
16 19
23 11
5 9
0 23
22 24
17 22
20 21
3 27
23 4
0 10
5 42
12 5
7 42
11 44
1 47
10 44
13 53
2 53
9 48
14 50
1 14
11 28
13 9
6 22
7 27
15 42
18 27
22 42
2 5
3 53
12 18
21 3
11 42
12 6
3 5
22 23
8 11
23 19
18 42
15 43
7 12
21 28
13 25
6 8
1 10
20 27
12 10
16 8
11 26
18 22
24 16
5 19
21 50
4 44
20 53
22 50
19 45
16 48
18 52
3 48
15 52

