317
7 11
24 19
13 30
18 24
2 30
9 44
5 45
17 49
23 44
15 46
22 50
16 50
13 14
16 12
17 9
22 25
2 17
20 30
11 4
6 30
23 9
18 46
12 16
1 5
17 30
18 1
3 22
6 4
23 0
11 25
1 30
20 31
16 28
8 14
2 4
12 14
6 26
11 18
10 18
6 29
4 25
17 19
18 6
21 12
22 12
15 23
2 32
6 3
17 32
8 45
16 52
7 51
13 45
23 50
5 52
24 52
3 23
16 10
2 23
17 16
22 26
7 32
1 7
12 32
11 11
19 52
21 16
6 6
23 32
1 12
6 21
13 16
21 29
2 6
16 32
7 33
11 0
13 12
17 14
3 15
22 24
7 22
6 18
6 12
13 9
23 17
15 29
7 14
2 28
16 26
7 34
14 11
22 34
24 51
15 50
6 44
3 47
9 53
13 47
5 44
13 7
6 24
8 6
7 25
22 2
17 34
12 12
2 34
16 3
1 52
21 9
11 22
21 34
1 23
2 13
23 13
8 0
3 25
12 34
17 35
11 3
7 26
18 29
6 23
22 13
0 21
22 7
1 17
20 21
23 3
8 3
12 26
8 22
22 3
23 36
6 1
13 36
2 53
9 52
7 45
15 51
16 51
3 46
5 53
16 17
13 11
23 21
3 16
7 24
5 36
11 6
17 36
22 14
21 51
1 13
12 6
11 36
13 28
23 16
8 20
17 10
1 25
16 36
2 37
7 15
18 3
6 28
12 29
22 27
8 23
7 19
14 22
7 5
9 12
1 22
5 3
22 17
8 11
23 38
6 25
13 38
18 48
2 48
7 46
16 45
5 48
9 47
3 52
7 20
22 18
23 10
18 27
2 12
15 38
6 2
10 38
8 27
19 53
1 8
21 27
6 38
23 12
12 22
11 27
7 1
18 16
21 38
15 39
1 21
22 11
3 6
3 13
8 8
19 1
21 7
0 8
24 9
15 19
10 19
21 22
14 0
24 4
2 40
18 2
5 40
16 46
17 45
7 47
8 53
15 47
13 53
23 48
13 21
23 22
3 14
21 28
5 19
7 40
0 12
10 40
22 9
19 44
1 11
18 20
16 40
12 1
3 10
18 12
17 12
2 29
13 40
20 41
8 4
11 28
1 14
7 23
23 14
5 7
6 7
12 20
12 11
13 24
13 0
2 2
2 0
13 25
5 42
24 20
7 42
16 48
17 46
15 45
18 47
23 45
9 50
14 50
23 27
6 5
16 25
21 21
7 7
17 42
12 19
1 42
13 8
24 47
11 5
10 1
16 42
6 8
13 20
3 8
1 26
6 9
23 42
20 43
17 25
2 14
8 12
18 14
12 23
23 11
21 1
4 1
6 15
20 19
10 6
2 24
1 46
12 52
11 46
4 46
0 44
21 53
20 45
19 49
10 44

