317
8 0
18 13
20 30
11 16
12 30
5 46
17 46
0 46
15 52
14 48
16 46
22 47
16 20
20 6
21 17
17 1
12 22
7 30
11 21
2 30
23 22
6 50
19 1
1 5
6 30
7 3
17 12
3 3
21 1
11 6
16 30
22 31
8 20
1 17
12 8
13 21
3 18
4 17
10 24
6 9
4 27
21 0
18 0
19 17
12 11
13 29
20 32
11 17
22 32
14 53
0 52
8 51
16 52
15 47
24 48
5 44
14 11
8 8
12 13
21 24
22 4
3 32
1 7
17 32
16 26
7 44
11 25
6 26
12 32
8 14
11 3
21 28
17 22
6 4
1 32
2 33
18 5
22 19
23 1
7 14
13 5
21 2
24 18
20 1
18 24
17 2
11 12
15 0
22 0
11 8
15 34
21 27
12 34
0 49
17 53
14 45
8 49
20 51
5 50
23 49
1 12
13 27
12 6
17 25
5 0
18 34
2 7
22 34
11 10
21 44
7 8
3 17
8 34
22 28
13 18
12 28
1 18
6 24
7 34
17 35
23 8
3 11
17 18
2 19
11 29
17 13
2 21
1 21
1 19
24 11
23 9
0 27
0 15
18 15
22 36
21 20
12 36
17 48
24 49
5 48
14 51
11 46
16 53
20 49
11 4
17 19
16 1
12 5
22 24
8 36
19 16
1 36
13 24
6 53
21 22
10 7
11 36
12 15
3 21
1 4
23 15
6 20
21 36
7 37
2 4
21 11
16 28
13 25
18 27
8 5
6 19
7 11
13 12
14 7
5 5
14 24
15 29
20 29
17 38
23 2
21 38
11 47
13 50
12 48
5 49
24 50
16 51
0 51
21 4
11 15
22 17
3 13
17 9
12 38
23 19
6 38
2 26
14 44
19 5
1 24
16 38
6 23
21 25
22 10
12 26
1 20
11 38
2 39
13 10
8 24
18 11
18 2
7 28
17 8
1 0
13 4
11 14
6 2
6 25
22 18
20 20
21 14
13 40
24 6
11 40
23 44
8 48
17 50
18 46
22 44
16 45
0 44
8 12
11 24
23 21
22 14
12 17
5 40
2 5
15 40
21 21
19 52
1 8
3 24
1 40
11 11
21 12
2 17
3 0
18 8
22 40
5 41
17 28
12 24
13 26
8 4
16 18
3 6
0 23
1 11
15 18
2 6
17 11
14 14
11 5
20 9
16 42
8 15
22 42
0 50
13 52
15 48
18 52
21 51
24 46
5 52
16 6
18 20
17 29
1 2
22 29
2 42
7 15
12 42
21 7
9 46
8 29
6 29
7 42
1 26
6 1
21 15
18 6
13 23
8 42
1 43
16 14
22 3
11 28
17 10
12 23
2 23
15 2
14 18
5 28
7 5
17 5
2 29
6 48
7 48
9 50
19 50
2 50
1 49
3 44
10 48
4 44

