317
1 29
14 20
7 30
6 19
20 30
23 45
3 47
4 44
22 44
0 51
18 53
9 48
7 23
3 9
1 16
8 16
22 15
17 30
2 5
10 30
21 24
16 48
6 12
13 16
6 30
8 25
12 29
23 7
16 7
1 15
13 30
17 31
7 8
22 16
21 14
2 20
22 22
2 1
3 15
17 4
24 0
17 7
7 18
16 17
1 9
3 21
22 32
20 6
10 32
9 47
4 48
21 47
18 49
7 47
14 51
0 50
23 27
1 4
22 12
21 11
10 7
7 32
16 9
17 32
6 4
2 46
13 7
12 12
2 32
12 11
3 4
23 28
18 29
11 1
21 32
6 33
16 0
17 8
22 25
13 9
1 21
11 26
24 29
14 27
16 23
14 21
14 9
22 10
7 28
22 9
8 34
1 14
10 34
6 49
21 52
0 47
3 53
20 52
18 48
23 51
18 0
23 23
21 9
11 22
7 20
3 34
16 11
12 34
22 29
24 50
17 3
1 19
23 34
11 20
17 24
16 4
8 13
21 16
18 34
2 35
13 12
7 19
2 14
6 1
22 20
17 5
17 12
1 10
15 17
8 14
21 12
14 3
22 14
23 22
3 36
6 15
10 36
7 53
0 53
1 50
21 53
8 53
18 45
20 50
11 9
18 27
22 19
21 8
3 25
7 36
17 1
12 36
23 1
6 45
2 3
16 1
17 36
16 18
11 21
13 27
1 12
6 8
2 36
7 37
12 9
2 21
22 0
18 10
21 1
16 8
7 26
4 5
14 23
4 19
2 8
7 5
0 19
20 13
10 38
1 8
7 38
18 46
22 52
9 50
3 44
14 44
4 51
6 50
6 9
11 14
8 19
18 15
2 19
15 38
12 2
21 38
7 15
19 44
1 3
13 0
3 38
13 14
22 26
2 24
21 20
18 7
1 38
15 39
7 17
12 8
6 0
8 11
11 4
4 26
0 16
6 2
14 17
5 21
11 6
4 3
9 25
14 16
6 40
0 2
20 40
4 49
11 49
8 49
18 50
10 50
1 44
3 51
8 27
3 11
7 10
1 22
20 10
23 40
2 6
17 40
6 14
16 50
13 20
12 3
1 40
6 10
13 28
11 18
3 13
17 11
2 40
22 41
18 14
8 21
7 27
21 4
16 15
7 25
23 25
18 1
6 22
1 20
6 3
9 3
6 16
0 8
20 42
18 22
22 42
10 49
8 51
9 52
1 45
14 52
4 50
7 51
16 6
7 21
8 3
12 18
22 5
10 42
18 2
1 42
21 15
17 49
5 19
24 1
6 42
12 15
8 28
3 2
18 25
21 2
7 42
11 43
16 16
2 2
23 12
17 18
22 6
10 1
5 24
15 26
17 21
20 27
23 11
11 24
17 52
19 50
5 44
24 48
13 53
12 50
16 53
2 45
15 45

