317
21 3
4 16
0 30
17 5
18 30
23 53
7 49
5 44
10 53
9 49
6 45
8 53
1 3
7 14
6 5
8 15
18 28
12 30
17 23
22 30
11 6
3 47
2 19
16 26
17 30
16 5
1 2
23 4
22 21
6 1
2 30
11 31
18 2
21 14
7 7
8 16
23 29
16 24
11 16
14 11
9 11
21 0
11 17
23 12
7 24
0 26
8 32
1 8
18 32
4 53
10 48
17 44
23 45
11 53
5 53
6 48
6 2
23 7
8 25
7 15
17 10
12 32
2 6
20 32
11 19
1 49
16 21
3 16
1 32
16 6
2 28
21 4
23 11
18 4
6 32
12 33
11 8
22 20
8 11
17 21
3 5
13 14
15 17
21 17
21 23
11 2
6 23
4 8
21 26
19 8
10 34
4 9
5 34
18 47
8 52
17 46
22 44
7 44
23 44
0 51
11 29
6 18
7 8
2 16
22 9
17 34
4 14
12 34
3 10
9 52
24 12
16 28
8 34
13 18
23 25
22 27
17 17
6 3
21 34
1 35
11 4
12 3
1 11
18 23
7 4
23 20
22 6
7 9
7 25
20 28
9 22
14 0
21 21
6 25
10 36
18 14
0 36
17 48
19 51
7 53
4 46
23 50
22 46
5 52
21 29
1 22
16 12
11 21
17 9
8 36
3 3
22 36
7 22
2 45
13 17
12 9
17 36
16 19
12 29
22 4
1 18
21 27
2 36
7 37
23 16
2 8
13 27
18 16
6 13
21 9
10 21
23 22
18 3
15 3
23 21
24 17
10 19
19 6
6 38
17 15
8 38
22 48
21 46
0 46
1 50
5 46
18 44
11 46
1 5
11 14
7 10
8 3
5 10
2 38
13 6
22 38
18 15
12 49
17 6
16 11
12 38
7 5
17 3
16 23
23 18
1 26
21 38
2 39
22 19
6 8
11 23
13 15
8 23
8 7
10 0
2 11
20 15
20 27
20 13
15 23
5 6
4 0
18 40
7 21
8 40
17 51
22 47
1 45
0 48
6 53
23 46
11 50
23 24
18 19
1 1
17 22
5 4
10 40
3 15
20 40
7 1
16 46
2 21
13 22
1 40
7 16
22 8
21 11
23 10
16 4
3 40
10 41
17 24
8 26
6 6
13 26
18 21
10 7
8 22
8 18
5 26
20 14
21 15
20 2
8 17
0 2
5 42
11 27
21 42
4 50
19 52
9 50
1 53
23 47
7 47
10 50
22 5
6 16
1 20
21 10
7 13
17 42
15 13
12 42
23 13
2 49
3 9
11 9
23 42
18 18
3 18
12 11
6 24
13 7
2 42
16 43
7 20
11 28
21 13
8 0
22 11
24 27
9 14
24 6
23 14
17 4
4 28
24 4
3 48
20 49
24 48
16 50
15 49
13 46
12 45
2 51
14 47

