r\t   0   1   2   3   4   5   6   7   8   9  10  11  12  13  14  15  16  17  18  19  20  21  22  23  24 
  0  -1  -1  -1  -1  -1 216 219  -1 211  -1  -1  -1  -1  -1 243  -1  -1  -1  -1  -1  -1  -1  -1 242  -1 
  1  -1  -1  -1  -1 260  -1 297  -1 179 221  -1  -1  -1 111  -1 177  -1  70  -1  -1  -1 245  26  -1  -1 
  2  -1  -1  -1 146   0  -1 102  -1 210  -1 223 257  -1  -1  -1  -1  -1 264 246  -1  -1  -1  -1  40  -1 
  3  -1  -1  -1  36  -1  -1  35  -1  -1  -1 238  -1 159  -1  -1  -1  84  -1 120  -1 170 135  88  -1  -1 
  4  -1  -1  -1 235  -1  -1  67  23  -1  -1  -1  -1  -1  64  -1  -1  -1  39 161  -1  -1 303  -1  -1 259 
  5  -1 201  -1 108  -1  22 278 116  -1 217  -1  73  -1  -1  -1  16  16 247  -1  -1  -1  -1  -1 174  -1 
  6  -1  -1 198  -1  -1  -1 123 165 148 148  -1  -1  -1  -1  -1  -1  -1  58  -1  -1 261  43 301  -1  -1 
  7  -1  -1 212  -1  -1  -1  -1  -1  -1  -1  -1  -1  -1 115  -1  -1  80  -1  56  -1  -1  77  -1 286  -1 
  8  -1 122  -1 307  -1  -1  15  -1 220  -1  -1  -1  -1  -1  -1  -1 218  -1 128  -1  -1  34  -1  -1  -1 
  9  -1  -1  -1  45  -1  -1  -1   3  -1 262  -1  -1  -1  -1  -1 127 248  -1  -1 176  42 175 117 154  -1 
 10  -1  -1 168  -1  -1  -1  -1  -1 121  -1  -1  28  -1 129  -1  -1  -1  -1  -1  -1  -1  81  -1 204  -1 
 11  -1  -1  -1  -1  -1  -1  -1  -1 194  -1  -1  -1  -1  -1  86  -1  -1  -1  25  -1  -1  -1  -1 157  -1 
 12  -1  -1  62  -1  -1  -1  -1  -1  -1 130  -1 191  -1  -1  -1  -1 199  12  -1  -1  -1 150  -1 254 172 
 13  -1 233  -1  -1  -1  -1  -1 104 104  -1 258 240  59  -1  -1  -1  -1  -1 101  -1  -1  14  -1  -1  -1 
 14  -1  -1  -1  -1  -1  -1  -1  -1  -1  -1  -1 205  -1  -1  -1  -1  -1  -1  -1  -1  -1  -1  72  -1  -1 
 15  41 298  -1  -1  -1  -1 133 293 132 215  -1  -1  -1 164  -1  -1  32  44  -1  -1 106  71 152  -1  -1 
 16 192 192  79  -1  -1  -1  -1 208 284  -1  -1 158  -1  -1  -1  -1  -1 190  -1  -1  -1 232 234  -1  -1 
 17  -1  -1  -1  -1  -1  -1  -1 188 256  -1  -1  -1  -1  -1  -1  -1  -1  -1  -1  -1  -1  -1  -1  -1  -1 
 18  -1  37  -1  -1  -1  -1  -1  -1  -1  -1  -1  -1 302  -1  -1  -1  -1  -1  13  -1  -1  -1 202  -1  -1 
 19  -1  -1 103  -1  -1  -1 189  78  -1 305  -1 214  -1  -1  -1  85  -1 147 144  -1  -1  -1 167  -1  -1 
 20  -1  87  -1 166  -1  -1  -1  -1  -1  -1  -1  57  -1  -1  38  -1  -1  -1  -1  -1  60  60  -1  -1  -1 
 21 131  27  33 280 280  -1  -1  -1  -1  -1  -1  -1  -1  -1  -1  -1  -1 203  -1  -1  -1  -1  -1  -1  -1 
 22  -1 169  -1 255  -1 155  47 236 236  -1  -1  -1  -1  -1  -1  -1  -1  -1  -1  -1  -1 263 267 114  -1 
 23 265  69 282 213  -1  -1 249  -1   1  -1  -1 100  -1  -1  -1  -1 287  -1  76  -1  -1  -1  -1  -1  -1 
 24  -1  -1 300  -1  -1  -1  -1  -1  82  -1  -1  -1 110 289 125  -1  -1  -1  -1  -1  -1 173 292  -1  -1 
 25  -1  -1 171  -1  -1  -1  -1 277  -1 306  -1  -1  20  -1  -1  -1  -1  -1  -1  -1  -1 296 253 304  -1 
 26  -1 145 252  -1  -1  -1  -1 126  83  -1  -1 279  -1  -1  -1  -1  -1  -1 196  -1  -1  -1  -1  -1  -1 
 27  -1  -1  -1  -1  -1  -1  -1  -1 291  -1  -1  -1  -1  -1  -1  -1  -1  -1 290  -1  -1 276  -1  -1  18 
 28  -1  -1  -1  -1  89  -1  -1  -1 160  -1  -1  -1  -1  -1  -1  -1  66  -1  -1  -1  -1  -1  -1 299  -1 
 29  -1  -1  -1 209  -1  -1  -1  29  -1  -1  91 124  -1  -1  -1  -1  -1  -1  -1  -1  -1 113  -1  -1  -1 
 30  -1  19  19  19  -1  -1  -1  -1  -1  -1   2   2  -1  17  17  -1  -1  24   4   4  -1  -1  -1  30  -1 
 31  -1  -1  -1  -1  -1  -1  -1  -1  -1  -1  -1  -1  31  31  31  -1  -1  -1  -1  -1  -1  -1  -1  -1  -1 
 32  -1  -1  68  -1  -1  -1  74  61  61  -1  48  48  -1  -1  -1  -1  -1  -1  46  46  -1  -1  63  63  63 
 33  -1  -1  -1  -1  -1  -1  -1  -1  -1  -1  -1  -1  75  75  75  -1  -1  -1  -1  -1  -1  -1  -1  -1  -1 
 34  -1  -1  -1  -1  -1  -1  -1  90  90  -1  -1  -1 112  -1  -1 105 105  92  92 118  -1 107 107 107  -1 
 35  -1 119 119 119  -1  -1  -1  -1  -1  -1  -1  -1  -1  -1  -1  -1  -1  -1  -1  -1  -1  -1  -1  -1  -1 
 36 136 136  -1 134 134  -1  -1 162  -1  -1  -1  -1 151 151 151 149 149  -1  -1  -1  -1 156  -1  -1  -1 
 37  -1  -1  -1  -1  -1  -1  -1  -1  -1  -1  -1  -1  -1  -1  -1 163 163 163  -1  -1  -1  -1  -1  -1  -1 
 38  -1  -1  -1 180 180  -1  -1  -1  -1  -1 178 178 193 193  -1  -1 200  -1 206  -1 195 195 195  -1  -1 
 39  -1  -1  -1  -1  -1  -1  -1  -1  -1  -1  -1  -1 207 207 207  -1  -1  -1  -1  -1  -1  -1  -1  -1  -1 
 40  -1 250  -1 222 222 237 237 244  -1  -1  -1  -1  -1  -1  -1 239 239 239  -1  -1  -1 224 224  -1  -1 
 41  -1  -1  -1  -1  -1  -1  -1  -1  -1  -1  -1 251 251 251  -1  -1  -1  -1  -1  -1  -1  -1  -1  -1  -1 
 42  -1  -1  -1 288  -1  -1 268 268 266 266  -1  -1 281 281  -1  -1 294 283 283 283  -1  -1  -1  -1  -1 
 43  -1  -1  -1  -1  -1  -1  -1  -1  -1  -1  -1 295 295 295  -1  -1  -1  -1  -1  -1  -1  -1  -1  -1  -1 
 44  -1  -1  -1  -1  -1  -1  95 181  -1  -1  -1  -1  -1  -1  -1  -1  -1 182  -1  -1  -1  -1  -1  21  -1 
 45 185 227  -1 269  -1  -1  -1  -1  51  55  -1  98  -1  -1  -1  -1  -1  -1  -1  -1  -1  96  -1  -1  -1 
 46  93  52  -1  -1  -1  -1   6  -1  -1 143  -1 228  -1  -1 316  -1  -1  -1  -1  -1  -1  53  10  -1  -1 
 47  -1  -1 241  -1  -1 312  -1  -1  -1  -1  -1  -1  -1  -1  -1  97 313  -1  -1  94  -1  -1  -1 197  -1 
 48  -1 183  -1  -1 271  -1  -1  49  -1 186 275 272  -1  -1  -1  -1  -1  -1  -1 231  -1  -1 285  -1  -1 
 49  -1  -1  -1  -1  65  -1  -1 138  -1  -1  -1 142  -1  -1  -1   9  -1   8 141 139  -1  -1  -1  -1  -1 
 50  50  -1  -1  -1  -1  -1  -1 230  -1  99  -1  -1 309  -1  -1  -1  -1  -1  -1  -1  -1  -1  -1  -1 310 
 51 225 274 153  -1  -1  -1 184  -1  -1  -1 140  -1  -1  -1  -1  54  -1  -1 187  -1  -1   5  -1 308  -1 
 52   7  -1 315  -1  -1  -1  -1  -1  -1  -1  -1  -1  -1 314  -1 273  -1  -1  -1  -1 311 270 137  -1  -1 
 53  -1  -1  -1  -1  -1  -1 229  -1  -1  11  -1  -1  -1  -1  -1  -1  -1  -1 226  -1  -1  -1  -1  -1 109 

r\t   0   1   2   3   4   5   6   7   8   9  10  11  12  13  14  15  16  17  18  19  20  21  22  23  24 
  0 127 286 298  -1  -1  -1 211  -1 263 217  -1 123  -1  -1  -1 148 148 208  -1  -1  -1  -1  -1  -1  -1 
  1  -1  -1  -1 154  -1  -1  -1 277  -1 179  -1  20 246 188  -1  -1 279  -1  -1  -1  -1  -1  -1  76  -1 
  2  -1  -1  -1  -1  -1  -1 172  -1  -1  -1  -1  -1  -1  -1  -1  -1  -1  -1  33  -1  -1  -1  -1  43 215 
  3  -1  -1 276  -1  -1  -1  -1 213  -1  -1  -1  -1 284  -1 125  -1  -1  -1  -1  -1  -1  -1  -1 145  -1 
  4  -1  -1  -1  -1  -1  -1   0  -1  -1 302  -1  -1  -1 203  -1  -1  -1 252  -1  -1  -1 108  -1 233  -1 
  5  -1  -1  -1  -1  -1  -1 278  -1  -1  -1  -1  -1  -1  -1  -1  -1  -1 259  -1  -1  -1 287  -1  85  -1 
  6  -1 146 113  -1  -1  -1 169  -1  -1  -1 220  56 196  -1  -1  -1  -1  -1  -1  -1  84  -1  -1  -1  -1 
  7  -1 293  -1 202  -1  -1 117  -1 194  -1  -1  -1 306  -1  -1  -1  -1  -1  -1  66  -1  -1  -1  15  86 
  8  -1  -1  -1  -1  -1  -1  -1 240  18  -1  -1  -1 106 126  42  45  -1  -1 104 104  67 170  -1  -1  -1 
  9  -1 245  71 257  -1  -1  -1  -1 292  -1  -1  -1  -1  59  -1  -1  -1  -1  -1  -1  -1  -1  83  -1  -1 
 10  -1  -1 168  -1  -1  -1  -1  -1  -1  -1  -1 223  -1 164  -1  -1  -1  -1  -1  -1  -1  -1  -1  -1  -1 
 11  -1  57  -1  -1  -1  -1  -1  79 165  -1  -1 159  14  -1  -1 305  12  -1  -1  -1  -1  22  -1  -1  -1 
 12  -1  88  -1 260  -1  -1  41  -1 282  -1  -1  28  -1 290  -1  -1  -1 110  87  -1  -1  -1  -1 122  -1 
 13  -1  -1  -1  -1  -1  -1 234  -1  39  -1  -1 242 265  -1  -1  -1  -1  -1  40  -1  -1 174  -1  -1  -1 
 14  -1 120  -1 300  -1 221  -1  -1  -1  -1  -1  -1  64  -1  -1  -1  -1  -1  -1  -1  -1 291 103  -1  37 
 15  -1  -1  -1  82 133  -1 256 124  -1  -1  -1 249  -1  -1  -1  -1  -1  -1  -1  -1 192 192 238  -1  -1 
 16  -1 301  60  60  -1  -1  77 210  -1  -1  -1  -1  -1  26  -1 176  -1  -1  -1  -1  -1  -1  -1  -1  -1 
 17  -1 267  -1  -1  -1  -1  -1  -1  62 135  -1  -1  -1  13  -1  -1  -1  -1  -1  -1  -1 248  80  -1  -1 
 18  -1 212  -1  -1  -1  16  16 299  -1  -1  -1  -1  -1  -1  -1  -1  -1  27  -1  -1  -1  70 297  -1  -1 
 19  -1  78 201  -1  -1  -1 303  25  -1  -1  -1  69  -1 116  -1  -1 114  -1  -1  -1  -1  -1 167 258  -1 
 20  -1  -1  -1  -1  -1  -1  -1 144 205  -1  -1  -1  -1  -1   1  -1  -1 147  -1  -1  -1 150  35 157  -1 
 21  -1   3  -1  -1  -1  -1 307 190  -1  -1  -1  -1 121  -1 198  -1  -1  -1  -1  -1  -1 209  23 304 131 
 22  -1 166 262 232  -1  -1  -1  -1  -1  -1 132  81 158  -1  -1  -1 204 189  36  -1  -1  -1  -1 101 261 
 23  -1  -1  -1  -1  -1  -1 102  -1 235  -1  -1  -1 130  -1  -1  -1  -1  -1  -1  -1 218  -1  -1  32  -1 
 24  -1  -1  -1  -1  -1  -1 214  -1  -1  -1  -1 128  -1 236 236  -1  -1 243  -1  -1  -1  -1  -1  -1  -1 
 25  -1  -1 152  -1  -1  -1 296  -1 111 199 177  -1  -1  -1  -1  -1  -1  -1  -1  -1  -1  -1 155  -1 173 
 26  -1  -1  -1  -1  -1  -1 160  58  -1  -1  -1  -1  91  72 129  -1  -1  -1  -1  -1  -1  -1  -1 171  -1 
 27  -1  38 264  -1  -1  -1  -1 216  -1  -1  -1  -1  -1 254  -1  -1  89 115 255  -1  -1  -1  -1  -1  -1 
 28  -1  29 253 175  -1  -1  47  -1  -1  -1  -1  -1  -1 280 280  -1  -1  -1 289  -1  -1  34  -1 247  -1 
 29  -1  -1  -1  -1  -1  -1  73 100  -1  44  -1  -1  -1  -1  -1  -1 161  -1  -1  -1 219  -1 191  -1  -1 
 30  -1  -1  -1  17  17  -1  30  -1  -1  -1  -1  -1  24  -1  -1   4   4  19  19  19  -1  -1  -1   2   2 
 31  -1  -1  31  31  31  -1  -1  -1  -1  -1  -1  -1  -1  -1  -1  -1  -1  -1  -1  -1  -1  -1  -1  -1  -1 
 32  -1  -1  -1  74  -1  -1  -1  68  -1  -1  48  48  46  46  -1  -1  -1  61  61  -1  -1  63  63  63  -1 
 33  -1  -1  -1  -1  -1  -1  -1  -1  -1  -1  -1  -1  -1  -1  -1  -1  75  75  75  -1  -1  -1  -1  -1  -1 
 34  -1  -1 107 107 107  92  92  -1 112  -1  90  90  -1 105 105  -1  -1  -1 118  -1  -1  -1  -1  -1  -1 
 35  -1  -1  -1  -1  -1  -1  -1  -1  -1  -1  -1  -1  -1  -1  -1  -1  -1  -1  -1  -1 119 119 119  -1  -1 
 36  -1 134 134  -1  -1 149 149 162  -1  -1  -1 151 151 151  -1  -1  -1  -1  -1  -1  -1 156  -1 136 136 
 37  -1  -1  -1  -1  -1  -1  -1  -1  -1  -1  -1  -1  -1  -1  -1  -1  -1 163 163 163  -1  -1  -1  -1  -1 
 38  -1  -1 195 195 195  -1 178 178  -1  -1  -1 200 180 180  -1 193 193  -1 206  -1  -1  -1  -1  -1  -1 
 39  -1  -1  -1  -1  -1  -1  -1  -1  -1  -1  -1  -1  -1  -1  -1  -1  -1  -1  -1  -1  -1  -1 207 207 207 
 40 239 239 239 250  -1  -1  -1  -1  -1  -1  -1  -1  -1 222 222 237 237  -1  -1  -1  -1  -1 244 224 224 
 41  -1  -1  -1  -1  -1  -1  -1 251 251 251  -1  -1  -1  -1  -1  -1  -1  -1  -1  -1  -1  -1  -1  -1  -1 
 42  -1  -1  -1  -1  -1  -1 266 266  -1  -1  -1 288  -1 268 268  -1 294 281 281  -1  -1  -1 283 283 283 
 43  -1  -1  -1  -1  -1  -1  -1  -1  -1  -1  -1  -1  -1  -1  -1  -1  -1 295 295 295  -1  -1  -1  -1  -1 
 44  -1  -1  52  -1  49   7  -1  -1  -1  -1  -1  -1  -1  -1  -1  -1  -1  -1  -1  -1  -1  -1  -1 182  -1 
 45  -1  53  -1  -1  -1  -1 230  -1 153  -1  -1  -1  -1 141 140  -1 142  -1  -1 316  -1  -1 308  -1  50 
 46  -1 184 181 285  -1 138  -1 137  -1  -1  -1 183  -1  -1  -1 269  -1  -1  -1  -1 309  -1  -1  -1 186 
 47  -1  -1  -1  -1 273  55 139  93  -1  -1  -1  -1   8  95  -1 225  -1 312  -1  -1  -1  -1  -1  -1  -1 
 48  -1  -1  -1  -1  -1 185  -1  51  -1  97  -1  -1  -1  -1  54  -1 231  -1  -1  -1  -1  -1  -1  96  -1 
 49  -1  -1  -1  -1  -1  -1  65   5 315   9  11 270  -1  -1  -1  94 187  -1 197  -1  -1 241  -1  -1  -1 
 50 109 228  -1 314  -1  -1  -1  -1  -1  -1  -1  -1  -1  -1  -1  -1  -1  -1  -1  -1  -1 311  -1  -1  -1 
 51  -1  -1  -1  -1 229 274  -1 226  -1  -1 275  -1  -1  10  99  -1  -1  -1  -1  -1  -1  -1  -1  -1  -1 
 52  -1  21  -1  -1  -1  -1  -1  -1  -1  -1  -1   6  -1  -1  -1  -1  -1  -1  -1  -1  -1  -1  -1  -1  -1 
 53 310  -1  -1  -1  -1  -1  -1  -1  -1 271  -1  -1 227  -1  -1 143 272  -1 313  -1  -1  -1  -1  -1  98 

r\t   0   1   2   3   4   5   6   7   8   9  10  11  12  13  14  15  16  17  18  19  20  21  22  23  24 
  0  -1 300  29 205  -1  -1 209  -1  -1  -1  -1  -1 262  25  -1  -1  -1 145  -1  91  -1 261  -1  -1  -1 
  1  -1  70  -1 129  -1  -1  -1  -1  -1  -1  -1  -1  -1  62  -1  -1 223  37  12  -1  -1  -1  -1  -1  -1 
  2  -1  -1 173 293  -1 128  -1  -1 201  -1  -1  -1  -1  -1 267  -1  -1 299  -1  -1  -1 152  -1  -1  -1 
  3  -1  -1 196  -1  -1  -1  -1  42  -1  -1  -1  -1 202  -1  -1  -1  -1 211  -1  -1 177 245  27  -1 265 
  4  -1 127  -1  35  -1  -1  -1 110 121  -1 220  -1  -1  78  -1  -1  89 115  73  -1  -1 234 159  -1  -1 
  5  -1 144  -1  -1  -1  -1  -1 212  -1  -1  -1  -1 303  -1  -1  -1  -1  58  -1  -1  -1  23 306  -1  -1 
  6  -1  13 148 148  -1  -1  -1 116 240  -1  -1 122 247  -1  -1  -1  -1  34  -1  -1  -1 133 146  -1 135 
  7 170 113  -1  -1  -1  -1  -1  -1 297  -1  -1  -1  -1  -1  -1  -1 296 102  -1  -1  -1  -1  -1 117  -1 
  8  -1  -1  44  -1  -1  -1  -1  -1  -1  -1  -1  -1  -1 246   1  -1  -1  -1  -1  -1  -1  -1 104 104  -1 
  9  -1  -1  -1  -1  -1  -1  -1  -1  -1  39  -1  -1 289  -1  -1  -1 264  69  -1  -1  -1  -1 235  -1  -1 
 10 215 255 280 280  -1  -1  28 291  -1  -1  -1  -1  -1  -1  -1  -1  79  -1  -1  -1  -1   3  -1  -1  -1 
 11  18  -1 213  -1  -1  -1  -1  -1  -1  -1  -1  -1  -1 301  -1  -1  86  -1  59  -1  -1  -1  -1  87  -1 
 12  -1  -1  -1  -1  -1  -1  -1 194  -1  -1  -1 103  -1  -1  -1  -1  15 277 101  -1  45  -1  -1 203  -1 
 13  -1  40 252  -1  -1 126 123  -1  -1  -1 260 284  67  -1  -1  -1  -1  -1  -1  -1  -1 189  -1  -1  -1 
 14  -1  88 169  -1  -1  -1 242 238  -1  -1 257  -1  -1  -1  -1  -1  -1  43  -1  41  -1  -1  -1 154  -1 
 15 282  -1  -1  -1  -1 132  -1  20  -1  -1 218  -1  -1 263  -1  -1 114  -1  32  -1  -1  -1  77 233  -1 
 16  -1  -1  -1  -1 106  -1 214  -1 165  -1  -1  -1  -1  85  -1  22 190  -1  -1  -1  -1  -1 179  -1  -1 
 17 171  -1  -1  -1  -1  -1 287  -1  -1  -1  -1  -1  -1  -1  -1  -1 176 210 147  -1  -1  -1 125  -1  -1 
 18  -1 232 236 236  -1  -1  -1  -1  38  -1  -1  -1  26  -1  -1  -1  -1  -1  -1  -1  -1 124  -1 253  -1 
 19  -1  -1  -1  -1  -1  -1  -1  -1  76  -1  -1  -1  -1  -1  -1  -1 276  -1 292  -1  -1  -1  -1  -1  57 
 20  -1  -1 298  -1  -1  -1  64  -1 100  -1  -1  -1  -1  -1  -1  -1 108  -1  -1  -1 130  72  -1  -1  -1 
 21  -1  47 120  -1  -1  -1 249 164  83  -1  -1  -1  -1 161  -1  -1  -1  -1  -1 305  -1  -1  -1  -1  -1 
 22  -1  66 172  -1  -1  -1  -1  -1  -1  -1  -1  -1  -1 204  -1  84  -1  -1  -1  -1  -1  -1  -1  -1  -1 
 23  -1  -1  -1 258 174  -1 188 219  -1  -1  -1 199 259  -1  -1  -1 243 192 192  -1  -1  -1  -1 158  -1 
 24  -1 302 160  -1  -1  -1  -1  -1  -1  -1  -1 248  -1  -1  -1  -1 131 167 278  -1 175  -1  -1  71  -1 
 25  -1  -1  -1  -1  -1  -1 155 256  -1  -1  -1  -1  -1  -1  -1  -1 157  -1  -1  -1  -1  33  -1 286  -1 
 26  -1  -1  -1  -1  -1  16  16  -1 191  -1  -1  -1 279  -1  -1  -1  -1  -1 166  -1  -1  -1 198  36  -1 
 27  -1  -1  60  60  -1  -1  -1  -1  -1  -1  -1  -1 216  -1  -1 150  -1  -1 307  -1  -1 290   0  -1  -1 
 28  -1 168  14  80 304  -1 111  -1  -1  -1  -1 217  -1  -1  -1  -1  56  -1  -1  -1  -1  -1 254  -1  -1 
 29  -1  -1  -1  -1  -1 221  -1  -1  -1  -1  82  -1  -1  -1  -1  -1 208  -1  81  -1  -1  -1  -1  -1  -1 
 30  -1   2   2  -1  -1  -1  -1  -1  -1  -1  -1  24  17  17  -1  -1  30   4   4  -1  -1  -1  19  19  19 
 31  -1  -1  -1  -1  -1  -1  -1  31  31  31  -1  -1  -1  -1  -1  -1  -1  -1  -1  -1  -1  -1  -1  -1  -1 
 32  -1  -1  68  -1  -1  -1  -1  61  61  -1  -1  74  -1  -1  -1  -1  48  48  46  46  -1  63  63  63  -1 
 33  -1  -1  -1  -1  -1  75  75  75  -1  -1  -1  -1  -1  -1  -1  -1  -1  -1  -1  -1  -1  -1  -1  -1  -1 
 34  -1 107 107 107  -1  -1  -1  -1  90  90  -1  -1 105 105  -1  -1  -1  -1 118  -1  92  92 112  -1  -1 
 35  -1  -1  -1  -1  -1  -1  -1  -1  -1  -1 119 119 119  -1  -1  -1  -1  -1  -1  -1  -1  -1  -1  -1  -1 
 36  -1 136 136 156  -1  -1 162 151 151 151 149 149  -1  -1  -1  -1  -1  -1 134 134  -1  -1  -1  -1  -1 
 37  -1  -1  -1  -1  -1  -1  -1  -1  -1  -1 163 163 163  -1  -1  -1  -1  -1  -1  -1  -1  -1  -1  -1  -1 
 38 193 193  -1  -1  -1  -1  -1  -1 180 180  -1  -1 195 195 195  -1  -1  -1 178 178  -1 206 200  -1  -1 
 39 207 207 207  -1  -1  -1  -1  -1  -1  -1  -1  -1  -1  -1  -1  -1  -1  -1  -1  -1  -1  -1  -1  -1  -1 
 40  -1 224 224 250  -1  -1  -1  -1  -1  -1  -1 239 239 239  -1  -1 244 237 237  -1 222 222  -1  -1  -1 
 41  -1  -1  -1  -1  -1  -1  -1  -1  -1  -1  -1  -1  -1  -1  -1  -1  -1 251 251 251  -1  -1  -1  -1  -1 
 42  -1  -1 268 268  -1  -1 294 283 283 283  -1  -1  -1  -1  -1  -1  -1 266 266  -1 281 281  -1 288  -1 
 43  -1  -1  -1  -1  -1  -1  -1  -1  -1  -1  -1 295 295 295  -1  -1  -1  -1  -1  -1  -1  -1  -1  -1  -1 
 44  -1  -1  -1  -1  -1 185  -1 313  -1  -1  -1  -1  -1  -1  -1  -1  -1  -1  -1  -1  -1  -1  -1 197  -1 
 45  -1  -1  -1 184  -1  -1  -1  -1  -1  -1 182  -1  -1  -1  -1  -1   5  99 226  -1  -1 273 231  -1  -1 
 46  -1  -1  -1  49  -1 272  -1  -1  -1 229 275 309 310  -1  55  -1  -1  -1  -1  -1   7  -1  -1  -1  97 
 47  -1  -1  -1 228  -1  11  -1  -1  52  53  -1  -1  -1  -1  98  -1  -1  -1  -1  -1  -1  -1 269  -1 225 
 48  -1  -1  -1  -1  -1  -1 311  -1  -1  -1  -1  65  -1 153  -1  -1  -1  -1  95 271  -1  -1 139  -1  50 
 49 109 270  -1 142  -1  -1  -1  -1 230  -1  -1  -1  -1  -1 285  -1  -1  -1  -1   9 274  -1  94  -1 186 
 50  -1  -1  -1  96  -1  93  -1  -1 141  -1  -1  -1  -1  -1  -1 241  -1 143  -1  -1  -1  -1  51  -1  -1 
 51  -1 187  -1  -1  -1  -1  -1  -1  -1  -1  54  -1  -1  -1 227 314  -1  -1  -1  -1 138  -1  -1  -1  -1 
 52 312  -1  -1  -1  -1  -1  -1  -1  -1  -1   8  21  -1 308 137  -1 140 181  -1  -1  -1 183  -1 315  -1 
 53  -1  -1  -1   6 316  -1  -1  -1  10  -1  -1  -1  -1  -1  -1  -1  -1  -1  -1  -1  -1  -1  -1  -1  -1 

r\t   0   1   2   3   4   5   6   7   8   9  10  11  12  13  14  15  16  17  18  19  20  21  22  23  24 
  0 265  -1  -1  -1 257 304  -1  -1 246  -1 125 252  -1  -1 260  -1  62  -1 146  -1  -1  -1 245  -1  44 
  1  -1  -1  -1 101  -1  -1  -1  -1 100  -1  87  -1  -1  -1  -1 174  -1  -1  -1  -1  -1  -1  -1  -1  -1 
  2  -1 277  -1  -1  -1  -1 155 120  -1  -1  -1 211 291  -1  -1 126  29 131  -1  -1  -1  27  -1  -1  -1 
  3  -1  -1  -1  38  -1  -1 106  -1 238  -1  -1  -1 280 280  -1  -1  39 188  -1  -1 213  -1  -1 298  -1 
  4  -1  -1 165  -1  -1  -1  69  -1  -1 214 170   3 147  -1  -1  -1  -1 276  -1  -1  -1  -1  -1  -1  -1 
  5  -1 233  -1  -1  -1  -1  -1 242  -1  -1  -1  71  -1 301  -1  -1 150  -1  -1  -1  -1  -1  -1  -1  -1 
  6  -1 122  -1  -1  -1  -1  -1  -1  -1  -1  -1 218  -1  -1  -1  -1 121  -1  -1  -1  -1  83  -1  -1  -1 
  7  -1  -1 290 256  -1  -1  -1 300  -1  -1  -1  43  -1  -1  -1  -1  -1  -1  -1  -1  -1  -1  -1  -1  -1 
  8  -1  -1  -1 278  -1  -1  -1  -1   0  -1 287  -1 216 210  -1  -1  -1  -1  -1  -1  -1  -1  -1  47  -1 
  9  -1  66  -1 259  -1  -1  -1 192 192  -1  -1  -1  -1 255  81  -1  -1  -1  -1  -1  -1  -1  -1  -1 302 
 10  -1  -1  -1  -1  -1 217  -1  -1 303  -1  -1  -1 232  -1  -1  -1  73 296  -1  -1  -1  -1 307  -1  -1 
 11  -1  -1  -1  70  -1 305  -1  -1 113  -1  -1  -1  -1  -1  -1  -1  -1  -1 177  -1  -1 262  -1  -1  -1 
 12  45  -1  -1  -1  -1 133 168  -1  -1  -1  -1 293 199  -1  -1  -1  -1  -1 282  -1  -1 279  -1  12  -1 
 13  -1  -1 286  35  -1  -1  -1  -1  79  -1  -1  77  -1 169   1  85  -1  -1  -1  -1  -1  -1  78 204  -1 
 14  -1  -1 234  -1  -1 176  -1  57  -1 175  84  -1 264 115  -1  -1 203  -1 267  -1  -1  -1  -1  -1  -1 
 15  -1  14  80  56  -1  -1  -1  -1  -1  -1  -1  -1  -1  -1  -1  -1 157  -1  -1 173  -1 164  -1 144  -1 
 16  -1  -1  -1 132  -1  -1  -1  -1  -1  -1  -1  -1  -1 189  -1  -1  -1  -1  -1  82  -1  -1  -1  89  -1 
 17  -1 160 127  -1  -1  -1  -1  16  16  -1  -1 103 208 128  -1  -1 240  -1 202  -1  -1  -1  -1 108  -1 
 18  -1  -1  -1  -1  40  -1 209 248  -1  -1 236 236  88 297  -1  -1  -1  -1  -1 198  -1  -1  -1  -1  -1 
 19  -1  -1  28 191  -1  -1 243  -1  -1  -1  -1  -1  26  13  -1 306  -1  15  -1  -1  -1 263  -1  -1  -1 
 20  -1  -1  -1  -1  -1  -1  -1  32  25  -1  -1 190  76  -1  -1  -1  42  86  -1  -1  -1  -1 261  -1  -1 
 21  -1  34  -1  -1  -1 221 247  72  -1  -1  -1  -1  -1  -1  -1  -1 110 116 171  41  -1  67  -1  33  -1 
 22  -1  -1  -1  -1  -1  -1  -1 154  -1  -1  -1  -1 114  -1  -1  -1 194  -1  -1  -1  -1 212 289 159  -1 
 23  -1  -1 254 235  -1  -1  -1 158 152  -1 148 148  -1 129  -1  -1  -1 145  -1  -1  -1  -1 166  -1  -1 
 24  -1 249  -1  -1  -1  -1  -1  -1  -1  -1 258 161  -1  -1  -1  -1  -1 104 104  -1  -1  -1  60  60  -1 
 25  -1  -1  -1  -1  -1  -1  18  -1  -1  -1  -1  -1 179  -1 220  -1  23  -1  -1  -1  -1  -1  37  -1  -1 
 26  -1  -1  -1  -1  -1  -1  -1  -1  59  -1  -1  -1  -1  64  -1  -1  -1  -1 123  -1  -1 117  -1  -1  -1 
 27  -1  -1  58 172  -1  -1 292  -1  -1  -1  -1  -1  -1  -1  -1  -1  -1 167  -1  -1  -1 253  36 130  91 
 28  -1  -1 196 205  -1  -1  -1  -1 223  -1 215  -1  -1  -1  -1  -1  -1  -1 299  -1  -1  -1 201  -1  -1 
 29  -1  -1  -1  -1  -1  -1  -1 111  -1  -1  -1 284  20  -1  -1  22  -1  -1 135 219  -1 102  -1 124  -1 
 30  -1  -1  17  17  -1  -1  24  -1  -1  -1  -1  30   4   4  -1  -1  -1  -1  -1  -1  19  19  19   2   2 
 31  -1  -1  -1  -1  -1  -1  -1  -1  -1  -1  -1  -1  -1  -1  -1  -1  -1  31  31  31  -1  -1  -1  -1  -1 
 32  -1  68  48  48  -1  -1  -1  -1  46  46  63  63  63  -1  -1  -1  -1  -1  61  61  -1  -1  -1  74  -1 
 33  -1  -1  -1  -1  -1  -1  -1  -1  -1  -1  -1  -1  -1  -1  -1  -1  -1  75  75  75  -1  -1  -1  -1  -1 
 34 105 105  -1  -1  -1  -1  -1  -1  90  90  -1 118 107 107 107  -1  -1  92  92  -1  -1  -1 112  -1  -1 
 35 119 119 119  -1  -1  -1  -1  -1  -1  -1  -1  -1  -1  -1  -1  -1  -1  -1  -1  -1  -1  -1  -1  -1  -1 
 36 151 151 151 162  -1  -1  -1  -1 136 136  -1  -1  -1  -1  -1  -1  -1  -1 156  -1 149 149  -1 134 134 
 37  -1  -1  -1  -1  -1  -1  -1  -1  -1  -1  -1  -1 163 163 163  -1  -1  -1  -1  -1  -1  -1  -1  -1  -1 
 38 193 193  -1 178 178  -1  -1 206 200  -1  -1  -1  -1 180 180  -1  -1  -1  -1  -1 195 195 195  -1  -1 
 39 207 207 207  -1  -1  -1  -1  -1  -1  -1  -1  -1  -1  -1  -1  -1  -1  -1  -1  -1  -1  -1  -1  -1  -1 
 40 224 224  -1 222 222  -1  -1  -1  -1  -1  -1  -1 244  -1  -1  -1  -1 237 237  -1 239 239 239 250  -1 
 41  -1  -1  -1  -1  -1  -1  -1  -1  -1  -1  -1  -1  -1  -1  -1  -1 251 251 251  -1  -1  -1  -1  -1  -1 
 42  -1 294  -1 268 268  -1 283 283 283  -1  -1  -1  -1 266 266  -1 288  -1  -1  -1  -1  -1  -1 281 281 
 43  -1  -1  -1  -1  -1  -1  -1  -1  -1  -1  -1  -1  -1  -1  -1  -1  -1  -1  -1  -1 295 295 295  -1  -1 
 44  -1 274  10  -1  54  -1  65  -1  -1  -1  -1  51  -1  -1  -1  -1  -1  -1  -1  -1  -1  -1  -1  -1  -1 
 45  -1 143  -1  -1  -1  -1  -1  -1  -1   7  -1  -1  -1  -1  -1  -1  -1  -1  -1  -1  -1  -1  -1  -1 228 
 46  -1  -1  -1  94  -1 269  -1  -1 184  -1  -1 230  -1  -1  -1  -1  -1  -1  -1  -1  -1  -1  -1 231  -1 
 47  -1  -1  -1  -1  -1  -1  -1  -1  -1 186  -1 137 227 140  -1  -1 308 187  -1  -1  -1  -1  -1 273  -1 
 48   8  -1  99  -1  -1  95 197  -1  -1 270  -1  -1  -1  -1  -1  -1  -1 141  -1  -1  -1  -1  -1  -1  -1 
 49  -1   6  -1   5  97  -1 315  -1  -1 225  -1 185  -1  -1  -1 309  -1  -1  50  -1  -1  -1  -1  -1 183 
 50  -1  -1 226  -1  -1  -1  -1 312  -1  -1  -1 271  -1  96  -1 241  -1  -1  -1  -1  -1  -1 109  -1  -1 
 51  -1 182 139  -1 138  49  -1  -1  -1  -1 311  21  -1  53  -1  -1  -1  52  -1  -1  -1  -1 314  -1  -1 
 52  -1  -1  -1  -1   9  11  -1  -1  -1  -1  -1  93 142 229  -1  -1  -1 272  -1 310 316 313 153  -1  -1 
 53  -1  98  -1  -1  -1  -1  -1  -1  -1  -1  -1  -1  -1  -1  55  -1 285  -1  -1  -1  -1  -1  -1 181 275 

r\t   0   1   2   3   4   5   6   7   8   9  10  11  12  13  14  15  16  17  18  19  20  21  22  23  24 
  0 215  -1 192 192  -1  -1 194 129  40  -1  -1  -1  -1  27  -1  -1  -1  -1  -1  -1  -1 276  -1  -1  -1 
  1  -1 167 245  15  -1  -1 293  -1 113  -1  -1  -1  -1  -1  -1  -1  58 203  -1  -1  -1  -1  -1  -1  -1 
  2 174  -1  14  -1  -1  -1  -1  -1  -1  -1  -1 154  -1  -1  -1 173  29  -1  -1  -1  -1 289  -1  -1  -1 
  3 214 116  -1  -1  -1 176  -1  -1  -1  85  -1  -1  -1 152  -1  -1 159  -1 164  45  -1  22  -1 189  -1 
  4  -1 146  -1  -1  -1  -1  67 209   0  -1  -1 103  -1  -1  82  -1  89  -1  -1  -1  -1  -1  -1  -1  -1 
  5  -1  -1  -1  -1  -1 221 150  35  34 171  -1  36  -1  -1  -1  -1  -1  -1 240  -1  -1  -1 249  -1  -1 
  6 257  -1 148 148  -1  -1  77 246  -1 217  -1 196  -1  -1  -1  -1  -1 104 104  -1  -1 259  -1 267  -1 
  7  -1 101  28  79  -1  -1  -1  -1  -1  -1  -1  -1  -1  -1  -1  -1  -1  -1 144  -1  -1 211  -1  -1  -1 
  8  -1  57  -1  -1  -1  -1  86  -1  -1  -1  -1  -1 147  -1  -1  -1  -1 117  -1  -1  -1 122  83 133  -1 
  9  -1  -1  -1  -1  -1  -1  71  -1 248  -1  -1  -1 219  -1  -1  -1  -1  -1  -1  -1 303  -1  -1  81  -1 
 10  -1  -1 208  -1  -1  -1 243 242  -1  -1  -1  -1 191 213 307  -1  -1  -1  -1  -1  -1  -1  -1  -1  -1 
 11  -1  -1  -1  47  -1  -1  -1 160 145  -1  -1  -1 292  -1  -1 223  -1  38 172  -1 125  80  25  -1 302 
 12  -1 254  -1 253  -1  16  16 110  -1  -1  -1  -1  -1  -1  -1  -1  78  -1 131  91  -1 256 199   3  -1 
 13 220 279 233 102  -1  -1  -1  18  -1  -1  -1 299  -1  -1  -1  -1  -1  -1  -1  -1  -1  -1  70 252  -1 
 14  -1  -1  -1  -1  -1  -1  -1  -1 198  -1  -1  -1  -1  -1  -1  -1  -1 166  -1  -1  -1  -1  -1  -1  -1 
 15  -1  -1  -1  -1 130  -1  -1 155  72  -1  -1 255  -1  -1  -1  -1  -1  -1  -1  -1  -1  -1 216  -1  -1 
 16 175  -1 123 234  -1  -1  -1 120 169  -1  -1  59  33  -1  -1  -1  -1  -1  -1  -1 287  -1  -1  -1  41 
 17  -1 260  -1  -1  -1  -1  -1  -1  -1  -1  -1  -1  -1  -1  -1  -1 124  -1  -1  -1  -1  -1 158  -1  84 
 18   1 204  60  60  -1  37  -1  39  -1  -1  88  -1  -1  73  -1  -1  -1  -1  -1  -1  -1 106  -1  23  -1 
 19  -1 300  -1  -1  -1  -1  -1  -1  44  -1  -1  -1 115  -1  -1  -1 284  20 290  -1  -1  -1  -1  -1  -1 
 20  -1  69  -1  -1  -1  -1  -1  -1 201  -1 263 301  -1  -1  -1  -1  -1  -1  -1  -1  -1  -1  -1  -1  -1 
 21  -1  -1  -1 306  -1  -1 218  -1  -1  -1 236 236  -1 114  -1 265  -1  -1  -1  -1  -1  -1  -1  -1  -1 
 22  -1  -1  -1  -1  -1  43  -1  62 165  -1  -1 205  -1  -1  -1  -1  -1 238  -1  -1  -1  -1  -1  -1 305 
 23  -1  -1  -1  -1  -1  -1  -1  -1 179  -1  -1 278  -1 277  -1  -1  -1 280 280  -1  -1  -1  87  -1  -1 
 24  -1  26 157  -1  -1  -1  32  -1  -1  -1  -1 135  -1 128  -1  -1  -1  -1 264 177  -1  64  -1 210  -1 
 25  42 190  -1 212  -1  -1 247 188 291  -1  -1  12  -1 296  -1  -1  -1  -1 258  -1  -1  -1  -1  -1  -1 
 26  -1  -1  -1  -1  -1 132  -1 126  56  -1  -1 262  -1  -1  -1  -1 202  66  -1  -1  -1 168 286 298  -1 
 27  -1  13 108 121  -1  -1  -1  -1  -1  -1  -1  -1  -1  -1  -1  -1 232  -1  -1  -1  -1  -1  -1 127  -1 
 28  -1  -1  -1  -1  -1  -1 111 304  -1  -1  -1  -1  -1  -1  -1  -1  -1  -1  -1  -1  -1 261  -1  -1  -1 
 29 170 235  -1  -1  -1  -1  -1 297 100  -1  -1 161 282  -1  -1  -1  -1  -1  -1  -1  -1  -1  -1  76  -1 
 30  -1   4   4  24  -1  -1  -1  -1  -1  -1  -1  -1  19  19  19   2   2  -1  17  17  -1  -1  -1  30  -1 
 31  -1  -1  -1  -1  -1  -1  -1  -1  -1  -1  -1  -1  -1  -1  -1  -1  -1  31  31  31  -1  -1  -1  -1  -1 
 32  46  46  -1  -1  -1  -1  -1  68  -1  -1  -1  -1  61  61  -1  48  48  74  -1  -1  -1  -1  63  63  63 
 33  -1  -1  -1  -1  -1  -1  -1  -1  -1  -1  75  75  75  -1  -1  -1  -1  -1  -1  -1  -1  -1  -1  -1  -1 
 34  92  92  90  90  -1  -1  -1  -1  -1  -1  -1 118 107 107 107  -1  -1  -1 112  -1  -1  -1 105 105  -1 
 35  -1  -1  -1  -1  -1  -1  -1  -1  -1  -1  -1  -1  -1  -1  -1  -1  -1  -1  -1  -1  -1  -1 119 119 119 
 36  -1 136 136 156  -1  -1  -1  -1 162  -1  -1  -1  -1  -1  -1 149 149  -1 134 134 151 151 151  -1  -1 
 37  -1  -1  -1  -1  -1  -1  -1  -1  -1  -1  -1  -1 163 163 163  -1  -1  -1  -1  -1  -1  -1  -1  -1  -1 
 38 178 178 180 180  -1  -1 206  -1  -1  -1  -1  -1  -1 193 193 195 195 195  -1  -1  -1  -1 200  -1  -1 
 39  -1  -1  -1  -1  -1  -1  -1  -1  -1  -1  -1  -1 207 207 207  -1  -1  -1  -1  -1  -1  -1  -1  -1  -1 
 40  -1  -1 222 222  -1  -1  -1  -1 224 224  -1  -1  -1 237 237  -1 250  -1 244  -1  -1  -1 239 239 239 
 41  -1  -1  -1  -1  -1  -1  -1  -1  -1  -1  -1  -1 251 251 251  -1  -1  -1  -1  -1  -1  -1  -1  -1  -1 
 42 266 266 281 281  -1  -1 283 283 283  -1 268 268  -1  -1  -1  -1  -1 294  -1  -1  -1 288  -1  -1  -1 
 43  -1  -1 295 295 295  -1  -1  -1  -1  -1  -1  -1  -1  -1  -1  -1  -1  -1  -1  -1  -1  -1  -1  -1  -1 
 44  -1  -1  -1  -1 185  55  -1  -1  -1  -1  -1  10  -1  -1  -1  -1 139  -1  -1 275  -1 197  -1  98  -1 
 45  -1  -1 270  -1  -1  -1  -1  -1  -1  -1  -1  -1  -1  -1  -1  -1  -1  -1  -1  -1  -1 241  -1  -1  -1 
 46  -1  -1  51  -1  -1   8  -1  -1  -1  50  11  -1 311  -1  53  -1  -1  -1 184  -1  -1  -1  -1 285 316 
 47  -1  -1  -1  -1  54 273  -1  -1  -1   7 183  -1  -1  -1  -1  -1 274  -1  -1  -1  -1  -1  21 181  -1 
 48  -1  -1  -1  -1  -1  -1  -1  -1 142  -1  -1  96  -1  -1  -1  -1  -1  -1   6  -1  -1 308  -1  -1  -1 
 49  -1  -1  -1  -1 229  -1  -1  -1  93 269  -1 230  -1 314 271  -1  -1  -1  65  -1  -1  -1  -1  -1  -1 
 50  -1  -1  -1  -1   9  -1 312  -1  -1 186 137  -1  -1  -1  -1 140 187  -1  -1 225  -1  -1  -1  -1  -1 
 51  -1  -1  -1 141 109  -1  -1  -1  -1  -1  -1  52  -1  -1  -1  -1  -1 153  94  -1  -1  -1 309  -1  -1 
 52  -1  -1  -1   5 138  95  -1 313  -1  97 228 182  -1  -1  -1  99  -1  -1  -1  -1 310  -1  -1  -1  -1 
 53  -1 227  -1  -1  -1  -1  -1  -1 272 143  -1  -1  -1  -1  -1  -1 226 315 231  -1  -1  -1  -1  49  -1 

r\t   0   1   2   3   4   5   6   7   8   9  10  11  12  13  14  15  16  17  18  19  20  21  22  23  24 
  0  -1  -1  -1  -1  -1  -1 278  -1 257  -1  -1  -1 248  -1  -1 215  -1 217 299  -1  -1  41 104 104  -1 
  1  -1  -1  -1  -1  -1  -1  -1  -1  -1 258  -1 126 159 146  -1  -1 213 254  -1  -1  -1  -1  -1 263  -1 
  2  -1 264 100  -1  -1  -1  -1 124  -1  38  -1 279  -1  -1  -1  -1 296  -1  -1  -1  -1  -1  58  -1  -1 
  3  -1 249  -1  -1  -1  -1 168  89 300  -1  -1  -1  -1  -1  -1  -1 172  -1 150  -1  -1 121  -1  69  -1 
  4  -1  -1  -1  -1  -1  -1 298 174  -1  87  -1  -1  -1  -1  -1  -1  -1  -1  84 267  -1  -1  -1  -1  -1 
  5  -1  -1  -1  -1  -1  -1  -1 194  -1  -1  -1 166  -1  -1  -1  -1 160  86 165  -1  -1  34 284  -1  -1 
  6  -1  -1 256  -1  -1 259  -1 204  -1  -1  -1 122  -1  -1  -1  -1 106  -1  71  -1  -1 155  -1  44  -1 
  7  -1  -1   3  -1  -1  -1  64  -1  -1 304  -1 246  -1  -1  -1  -1  -1  -1 245  -1 221  -1  -1  -1  -1 
  8  -1  -1  25  22  -1  -1  -1  -1  -1  -1  -1  -1  -1 164  -1  -1  -1  72 234  -1  -1  -1  -1 167  -1 
  9  -1  -1 262  -1  -1 303  82  -1  81  -1  -1 101  -1  -1  -1  -1  -1  -1  62  -1  -1  -1 157 203  -1 
 10 170  78  -1  -1  -1  -1 235  -1  -1  -1  -1  -1  -1  -1  -1  -1  -1  -1 302  -1  -1  -1  -1  -1  -1 
 11  -1  -1  73  43  -1  -1  -1  -1  -1  -1  -1  -1  -1  -1  -1  40  -1  -1  -1  -1  -1  -1  -1  56  -1 
 12  -1  -1  -1  -1 128 132  -1  -1 282  -1  -1  -1 198  -1  -1  -1  -1  -1 306  -1  -1  -1  -1  -1  -1 
 13  -1 212 260  -1  42  -1  -1  -1  -1  -1  -1 208  -1  80  -1  -1  -1  -1  23  -1 125  -1 148 148  -1 
 14  -1 103 127  -1  -1  -1  -1  -1  -1  -1  -1 169  76  35  -1  -1 205  67  33  -1  -1  -1  -1  -1  -1 
 15  -1  -1  60  60  -1  -1 152  -1  -1  -1  -1  20 301  -1  -1  -1  -1 292  -1  -1  -1  66  -1  -1  -1 
 16  -1 120  -1  -1  -1  -1  -1  -1  -1  -1  -1  -1  -1  -1  -1  -1  -1 305  -1  -1  -1 190  -1  -1  -1 
 17  -1  -1  -1  -1  -1  -1 102 179  -1  -1  -1  -1  -1  -1  -1  -1  -1  -1 175 220 177  18  16  16  -1 
 18 216  12 131  -1  -1  -1  37  15  -1  -1  -1  -1  -1 196  -1  -1  -1  -1  -1  -1  -1 238 116 290 223 
 19  -1  -1 297  -1  -1  -1  -1  -1  39  -1 171  -1  -1  -1   1  -1  -1  -1  -1 135  -1  -1  -1 123  -1 
 20  -1  -1  -1  -1  -1  -1  -1 108  -1  -1  -1 188 173 129  -1  -1  -1 243  -1  47  -1  -1  -1  -1  -1 
 21  91  -1 209  -1  -1  -1 202  -1 199  -1  -1  -1  -1  -1  -1  -1 242  -1 115  -1  -1  -1   0  -1  -1 
 22  -1  88 113  -1  -1  -1  14 240  -1  -1  -1  57  -1  -1  -1  -1  -1 114  85  -1  -1  -1  -1  -1  -1 
 23  -1  -1  -1 201  -1  -1 133 158  -1  -1  -1  -1 154 289  -1  -1  79  27  36  -1  -1  -1  -1 192 192 
 24  -1 147  -1  -1  -1  -1  -1  -1 255  -1  -1  29  -1  -1  -1  -1 253  -1  -1  -1  -1  -1  -1  -1  -1 
 25  -1  -1  -1  -1  -1  -1  -1 307  -1 176  -1 233  -1 247  -1  -1  -1 214  -1  -1  -1  -1  -1  -1 130 
 26  -1  32 261  77  -1  13 189 277  -1  -1  -1 218  -1  -1  -1  -1  -1  -1  -1  -1  -1  -1  -1  26  -1 
 27  -1 161 232 111  -1  -1  28  -1  -1  -1  -1 144 210 219  -1  -1  -1  -1  -1  -1 265  -1  -1 276  -1 
 28  -1  -1  -1 291  83  -1  -1 293  -1  -1  -1  -1  -1 211  -1  -1 145 191 287  -1  -1 110 236 236  -1 
 29  -1  59  -1 252  -1  -1  -1  -1 117  -1  -1  -1  -1  -1  -1 280 280 286  -1  -1  45  -1  70  -1  -1 
 30  -1  -1  -1  24  -1   4   4  -1  -1  -1  -1  -1  17  17  -1  19  19  19  -1  -1  -1  -1  30   2   2 
 31  -1  -1  -1  -1  -1  -1  -1  31  31  31  -1  -1  -1  -1  -1  -1  -1  -1  -1  -1  -1  -1  -1  -1  -1 
 32  -1  46  46  -1  -1  -1  -1  61  61  -1  48  48  63  63  63  -1  68  -1  -1  -1  -1  74  -1  -1  -1 
 33  -1  -1  -1  -1  -1  -1  75  75  75  -1  -1  -1  -1  -1  -1  -1  -1  -1  -1  -1  -1  -1  -1  -1  -1 
 34  -1  -1  -1  -1  -1  -1 112  -1  -1  -1  90  90  -1 105 105  -1 118 107 107 107  -1  -1  -1  92  92 
 35  -1  -1  -1  -1  -1  -1  -1  -1  -1  -1  -1  -1 119 119 119  -1  -1  -1  -1  -1  -1  -1  -1  -1  -1 
 36  -1  -1 149 149  -1  -1  -1 151 151 151 134 134  -1  -1  -1  -1  -1  -1 162  -1  -1 156 136 136  -1 
 37  -1  -1 163 163 163  -1  -1  -1  -1  -1  -1  -1  -1  -1  -1  -1  -1  -1  -1  -1  -1  -1  -1  -1  -1 
 38  -1 195 195 195  -1  -1  -1  -1  -1  -1 180 180  -1  -1  -1  -1  -1  -1 193 193  -1 206 200 178 178 
 39  -1  -1  -1  -1  -1  -1  -1  -1  -1  -1  -1  -1  -1  -1  -1  -1  -1 207 207 207  -1  -1  -1  -1  -1 
 40 224 224  -1 237 237  -1  -1  -1  -1  -1 222 222 239 239 239  -1  -1  -1  -1  -1  -1  -1 244 250  -1 
 41  -1  -1  -1  -1  -1 251 251 251  -1  -1  -1  -1  -1  -1  -1  -1  -1  -1  -1  -1  -1  -1  -1  -1  -1 
 42  -1 294 283 283 283  -1 266 266  -1  -1  -1  -1 281 281  -1  -1  -1  -1  -1  -1  -1  -1 288 268 268 
 43  -1  -1  -1  -1  -1  -1  -1  -1  -1  -1  -1 295 295 295  -1  -1  -1  -1  -1  -1  -1  -1  -1  -1  -1 
 44 181  -1  21  -1  -1  54  -1  -1  -1  -1  -1  -1  -1  -1  -1  -1  -1  -1  -1  -1  -1  -1  -1  -1  -1 
 45  -1  -1  -1 309  -1  -1  -1  -1  -1  52  -1 272  -1  -1  -1  -1  65  -1  -1  -1  98  -1 273  -1  -1 
 46   7   5  -1  -1  -1  -1  94 142 311 271  -1  -1  -1   6  -1  -1  -1  -1  -1  -1  -1 312  -1  -1  -1 
 47 137  -1  -1  -1  -1  -1 226  -1  -1  -1 270  -1  -1 227 185 316  -1 153 308  -1  -1  -1  -1 225  55 
 48  49 182  -1  -1  -1  97  51 230 109  -1   9  -1 315  -1  -1  -1 313  -1  -1  -1 143 285  -1  -1  -1 
 49 275 141  -1  -1  -1  -1  -1  -1  -1  -1  -1  -1  -1  -1  -1  -1 197  -1  -1  -1  -1  -1  95  -1 138 
 50  -1  -1  -1  -1  -1  -1  -1  -1  -1 229  -1  10  -1  53 269  -1  -1  -1  -1  -1  -1  -1  -1  -1  -1 
 51  -1  -1  96  -1 310 274  -1  -1 241  99  -1  -1  -1  93  -1  -1  -1 314  -1  -1  11  -1 187  -1  -1 
 52  -1  -1 228  -1  -1 186 184  -1  -1  -1  -1  -1  -1 139 140  -1  -1  -1  -1  -1  -1  -1 231  -1  -1 
 53  -1  -1  -1  -1  -1  -1  -1  -1  -1  -1  -1  -1  -1 183  -1  -1  -1  -1  -1   8  -1  -1  50  -1  -1 

r\t   0   1   2   3   4   5   6   7   8   9  10  11  12  13  14  15  16  17  18  19  20  21  22  23  24 
  0  -1  -1 221  29   1  -1 108 234  -1  -1  -1 264  -1  -1  -1  -1 223  -1 159  -1  -1  -1  -1 202  -1 
  1 216 100  43  -1  -1  -1 254  32 292  -1  -1  -1  -1  -1  -1 172 243  -1  -1  -1  -1  -1 113  -1  -1 
  2  -1 170  -1  23  -1  -1  -1  16  16  -1  -1  -1  56 263  -1  -1  62  -1  -1  -1  -1  -1  -1  -1  -1 
  3  -1 203  -1  -1  -1  -1  77 213  -1  -1  -1  -1  -1  86  -1  -1 122  -1  -1  -1  -1 262  -1  -1  -1 
  4  -1  -1  -1 155  87  -1  25 245  -1  -1  -1  79  88  -1  -1  -1  -1  -1  -1 126  -1  -1  -1  -1  -1 
  5  -1 167  -1  -1  -1  -1  -1  -1 114  -1  -1  -1  -1  66  -1  -1 256  -1  -1  -1  -1  -1 252  -1  -1 
  6  -1 124  -1 286  -1  -1  -1  39  72  -1  -1  -1  -1  -1  -1  -1  -1 298  -1 132 198 194  27  -1  -1 
  7  -1  -1  -1  -1  -1  -1  -1 174 188  -1  -1 121  -1  -1  -1  -1  -1  -1  -1  -1  -1  -1  -1  -1  -1 
  8  -1 189  -1  -1  -1  -1  -1 304  -1  -1  -1  -1 102  -1  -1 106  -1 287 261  -1  -1 238 177 302  -1 
  9  -1  -1 208 290  -1  -1 127  -1 258  -1  -1  -1 145  -1  -1  -1  -1  -1  -1  -1  -1  78  -1  -1  -1 
 10 236 236  -1  -1  -1  -1 125 257  -1  67  -1  14 123 248  -1  -1 201  -1  20  -1  -1 204  -1  -1  -1 
 11  -1  -1  -1  -1  -1  -1  -1 175 165  -1  -1  -1  -1  -1  -1  -1  -1  44  -1  -1 282  -1 240  -1  -1 
 12  45  -1 192 192  -1  -1  -1  60  60  -1  -1 101 293  -1  -1  -1 164 209  -1  -1  -1 161  -1  -1  -1 
 13  -1  35  -1  -1  -1  -1 115  71 205  -1  -1 168  -1  -1 301  -1  -1  -1  -1  -1  -1  12  -1  57  -1 
 14  -1 173  -1  -1 176  -1  -1  -1  38  -1 217  58 253  -1  -1  -1  -1  -1  -1  -1  -1  -1  59  -1  -1 
 15  -1  -1  -1  -1  -1 220  -1 214  -1  -1  -1  42  84  -1  -1  -1  -1  -1 276  -1  -1  -1  -1  -1  -1 
 16  -1  -1  91  -1  89  -1 305  -1  -1  -1  -1  82  -1  -1  -1  -1  -1 158  -1  -1  -1  81  -1  -1  -1 
 17 148 148  -1  -1  -1  -1  13 296  -1  -1  -1  -1  18 116  -1  -1  -1 267  -1  -1  -1  -1  -1 255  -1 
 18  -1 249 278  -1  -1  -1  -1 196  -1  -1  -1 247   3 219  -1  -1  28  -1  -1  -1 303  -1  -1 120  -1 
 19  -1  -1  -1  -1  -1  -1 190 210  -1 215  -1  -1  -1 291  -1  -1  -1 130  -1  -1  40  -1  -1  -1  -1 
 20  -1  -1  -1 246  -1  -1  -1 152 235  -1  -1  -1  -1  -1  -1  22  -1  -1  -1  -1  -1  -1  -1  -1  -1 
 21 265  -1 218  -1  -1  -1 299  -1  -1  -1  -1 169  -1  -1  -1  -1  -1  -1  -1  -1  -1  33  -1  -1  -1 
 22  -1 300  -1 242  -1  -1  -1  -1  -1  -1 259  -1  34  -1  -1  -1  80  85  -1  -1  -1 150  -1 232  -1 
 23  -1  -1  -1  -1  -1 131 160 104 104  -1  -1  -1  -1  -1  -1  -1  -1 129  -1  -1  -1  -1   0  -1  -1 
 24  -1 171  -1 110  -1  -1 279 280 280  -1  -1 297  -1  -1  -1  -1  -1  -1  -1  -1  -1  83 128 179  -1 
 25  -1  73 117 157  -1  -1  -1  -1  -1  -1  -1 144  -1 154  -1  -1  -1 306 212  -1  -1  -1  -1  36  -1 
 26  -1  -1  -1  -1  -1  -1 146  -1 307  -1  -1  -1 191  -1  -1  -1  -1  -1  -1  -1  -1  -1 147 199  -1 
 27  -1  -1 111  -1  -1  -1 211  -1  -1  -1  -1  -1  69  -1  -1  -1  -1  15  70  -1  -1 289  37 260  -1 
 28  -1 277  -1  -1  -1  -1  -1  -1 135  -1  -1  26  -1  -1  -1  -1  47  76  -1  -1  -1  -1  -1  -1  -1 
 29  -1  64  -1  -1  -1  -1 233 133  -1  -1  41  -1 166  -1  -1  -1 284  -1  -1  -1  -1  -1  -1 103  -1 
 30  17  17  -1  -1  -1  -1   4   4  24  -1   2   2  -1  30  -1  -1  -1  -1  -1  -1  -1  -1  19  19  19 
 31  -1  -1  -1  -1  -1  -1  -1  -1  -1  -1  -1  -1  -1  -1  -1  -1  -1  31  31  31  -1  -1  -1  -1  -1 
 32  -1  -1  61  61  -1  -1  46  46  -1  -1  48  48  -1  68  -1  -1  -1  63  63  63  -1  -1  -1  74  -1 
 33  -1  -1  75  75  75  -1  -1  -1  -1  -1  -1  -1  -1  -1  -1  -1  -1  -1  -1  -1  -1  -1  -1  -1  -1 
 34  -1  -1  -1 112  -1  92  92 118  -1  -1  90  90  -1  -1  -1  -1  -1 105 105  -1 107 107 107  -1  -1 
 35  -1  -1  -1  -1  -1  -1  -1  -1  -1  -1  -1  -1  -1  -1  -1  -1  -1 119 119 119  -1  -1  -1  -1  -1 
 36  -1  -1 156  -1  -1 136 136  -1 162  -1  -1 134 134  -1  -1  -1 151 151 151  -1  -1  -1  -1 149 149 
 37  -1  -1  -1  -1  -1  -1  -1  -1  -1  -1  -1  -1  -1  -1  -1  -1  -1  -1  -1  -1  -1  -1 163 163 163 
 38  -1 180 180 206  -1  -1 178 178  -1  -1 193 193  -1 200  -1  -1  -1 195 195 195  -1  -1  -1  -1  -1 
 39  -1  -1  -1  -1  -1  -1  -1  -1  -1  -1 207 207 207  -1  -1  -1  -1  -1  -1  -1  -1  -1  -1  -1  -1 
 40  -1  -1  -1  -1  -1  -1 222 222 250  -1  -1 239 239 239  -1  -1  -1 237 237  -1  -1 244 224 224  -1 
 41  -1  -1  -1  -1  -1  -1  -1  -1  -1  -1  -1  -1  -1  -1  -1  -1  -1 251 251 251  -1  -1  -1  -1  -1 
 42  -1 266 266  -1  -1  -1  -1 268 268  -1  -1  -1 283 283 283  -1 294  -1 288  -1  -1  -1 281 281  -1 
 43  -1  -1  -1  -1  -1  -1  -1  -1  -1  -1  -1  -1  -1  -1  -1  -1  -1  -1  -1  -1  -1 295 295 295  -1 
 44   9  -1  -1  -1  -1  54  -1  -1   5  -1 270 182  -1  -1  -1  -1  -1  -1  -1  -1  -1  -1  -1  -1  -1 
 45  -1  -1 137  -1  -1  -1  -1  -1  -1  -1  -1  -1  -1  -1  -1  -1  -1  -1  -1  -1  -1 314  -1  -1  -1 
 46 138 227  53  -1  -1  -1  -1  -1  51  -1  -1  -1 183  -1  -1  -1 273 226  -1  -1  -1  -1  -1  -1  -1 
 47  -1  -1  -1  -1  -1  -1  -1  -1  -1  -1  -1  -1  -1 197  -1 308  -1  -1  -1  -1  -1  -1  -1  98  -1 
 48  99  52  -1  -1  -1 271 269  -1 181  -1 228  -1  -1 109 241  -1  96  -1  -1  -1  -1  65  -1  -1  -1 
 49  -1 139  -1 315  -1  -1  -1  -1 231  -1  -1  -1  55  -1 310  -1  -1  10  -1  -1  -1  -1  -1  -1  -1 
 50  -1   7  -1  -1 225  -1  -1  -1  95 312  -1  -1  -1  -1  -1  -1 187 141  -1  -1  -1  -1  -1 142 309 
 51 229  -1  -1  -1 274 185  -1  -1 153  -1  -1  -1  -1  -1  -1 285  -1  -1 313 275 316  -1  -1  -1  -1 
 52  -1  94   6  -1 143  -1  -1  -1  -1  -1  -1  -1 230 311  -1  -1  -1  97  -1  -1  -1  -1  -1 272  -1 
 53 186  -1  -1  -1  -1  11  -1  93  -1  -1 140  -1  -1  21  -1  -1   8 184  -1  -1  -1  -1  49  50  -1 

r\t   0   1   2   3   4   5   6   7   8   9  10  11  12  13  14  15  16  17  18  19  20  21  22  23  24 
  0  -1 263 194 236 236  -1  -1  -1  -1  -1  37 240 166  14  -1  -1  -1  -1  -1  -1  -1  -1  16  16  -1 
  1  -1  -1  -1  -1  -1  -1  23  -1  -1  -1  -1  -1  -1  -1  -1  -1  -1 296 279  -1  -1  -1  -1  -1  -1 
  2  -1 147 238  -1  -1  -1  -1 113  -1  -1  -1 100 293 291  -1  -1  -1  -1  64  -1  -1  62  -1  -1  -1 
  3  -1  -1  -1  89  -1 219 259  -1 257  -1  -1  -1  -1  -1  -1  -1  -1  -1  -1  -1  -1 106  88  -1  -1 
  4 265 204  -1  70  -1  -1  -1  15  -1  -1  -1  -1  -1  -1  -1  -1  -1 306  -1  -1  -1  -1  -1  60  60 
  5  -1  12  -1 290  -1  -1  -1  -1 127  -1  -1  -1  -1  34  -1  -1 247 214  86  -1  -1  -1  -1 252 176 
  6  -1 173  -1  -1  -1 169  -1  -1  -1 260  -1  -1  -1  -1  -1  -1  -1  -1  25 131  -1 215 168  -1  -1 
  7  -1  -1  -1  -1  -1  -1  -1  -1  -1  -1  -1 175  58  -1  -1  -1  -1  -1  -1  -1  -1 242  -1  -1  -1 
  8  -1 161  -1  -1  -1  -1 160 171 245  -1  -1  -1 146 202  91  -1  -1  -1 205  -1  -1  -1  -1 280 280 
  9  -1 254  -1  -1  -1  -1  -1  -1  -1  -1  -1  44  -1  -1  -1  -1  -1  -1  -1  -1  -1  72  -1  -1  -1 
 10  -1  -1 246  -1  -1  -1  -1  -1 199 302  -1 124  83 164  -1  -1 170  -1 233  -1  -1  -1  -1 133  -1 
 11 174 188  -1 249  -1  -1 121  -1  -1  -1  -1  -1  -1 261  -1  -1  -1 148 148  -1  -1  -1  -1 289  -1 
 12  -1  -1  -1  -1  67  -1  -1 201 209  -1 177  -1  -1  -1  -1  -1  -1 157 248  -1  -1  -1  -1  -1  -1 
 13  -1  -1  -1  -1  -1  -1  -1 301  -1  -1  -1  -1 104 104  -1 223 196  -1  -1  -1  -1  -1 152  -1  -1 
 14 220  -1  -1 191  -1  87  -1  -1 103  -1  42  -1  -1 125  -1  -1 277  -1  -1  40  -1  -1  69 232  -1 
 15  -1 102  -1  -1  -1  -1  -1  -1  -1  -1  -1  -1  -1  -1  -1  -1 130  84  -1  -1  -1 304 114  -1  -1 
 16  -1 276  -1 208 216  -1 129  -1  -1 287  -1  -1  -1  -1  -1 150  -1  -1 213  -1  -1  -1  -1  -1  -1 
 17  -1  -1  -1 218  -1  -1  28  -1 120  -1  -1  57  -1 145  -1  -1 172  -1  -1  -1  -1  -1  -1  -1  -1 
 18 262  56 300  36  -1  -1  -1  -1  73  38  -1  -1  -1  -1  -1  -1  -1  -1 267  -1 217  18 298 210  -1 
 19  -1  -1  -1  -1  -1  -1  -1  -1  -1  -1  -1 203  -1  -1  -1  -1 126 243  -1   3  -1  -1  81 115  82 
 20  -1  80  -1  -1  -1  -1  59  -1  85  -1  -1 190  -1  -1  -1  -1 299  -1 307  -1  -1  -1  29  -1 221 
 21  -1   0  -1  -1  -1  -1  -1  -1  -1  -1  -1 144  -1  -1  -1  -1  -1  33  -1  -1  -1  -1  -1 211  -1 
 22  -1 116  -1  45  -1  -1 303  -1  -1  -1  -1  -1 128  -1  -1  -1  -1  76 167  -1  -1 282  -1  -1  -1 
 23  -1  -1  -1  -1  -1  -1 110  -1  -1  -1  -1 256  20  47 258  -1  71  -1  -1  -1  -1  -1 189  79   1 
 24  -1  -1  -1 284  -1  -1  -1 253 179  -1  -1  -1  -1  -1  -1  -1  -1 278  -1  -1  -1  -1  -1 158  -1 
 25  -1  -1 286  -1  -1  -1 212 165  -1  -1  -1 159  -1  -1  -1  -1  -1  -1  -1  -1  -1 255  -1  35  -1 
 26  -1  -1 111  -1  -1  22  -1  -1  -1  -1  -1  26  -1 117  -1  -1 101  -1 292  -1 198  -1 234  -1  -1 
 27  -1  32  66 108  -1  -1  -1  -1 135  -1 305 264 192 192  -1  -1  -1  39  -1  -1  -1  -1 132  -1  -1 
 28  41  -1  27  -1  -1  -1  -1  -1 155  -1  -1  13  -1  -1  -1  -1 235  -1  77  -1  -1 154  -1  -1  -1 
 29  -1  -1 123  -1  -1  -1  -1  -1  -1  -1  -1 297  78  -1  -1  -1  -1 122  43  -1  -1  -1  -1  -1  -1 
 30  -1  -1  19  19  19  -1  -1  -1  -1  -1  -1  -1  30   4   4  -1  24  17  17  -1  -1  -1   2   2  -1 
 31  -1  -1  -1  -1  -1  -1  -1  31  31  31  -1  -1  -1  -1  -1  -1  -1  -1  -1  -1  -1  -1  -1  -1  -1 
 32  48  48  68  -1  -1  -1  -1  61  61  -1  -1  -1  -1  74  -1  63  63  63  -1  -1  -1  -1  46  46  -1 
 33  -1  -1  -1  -1  -1  75  75  75  -1  -1  -1  -1  -1  -1  -1  -1  -1  -1  -1  -1  -1  -1  -1  -1  -1 
 34  90  90  -1  -1  -1  -1  -1  -1  -1  -1  92  92 112  -1  -1  -1  -1 105 105  -1  -1 118 107 107 107 
 35  -1  -1  -1  -1  -1  -1  -1  -1  -1  -1  -1  -1  -1  -1  -1  -1  -1 119 119 119  -1  -1  -1  -1  -1 
 36  -1  -1 149 149  -1 151 151 151 162  -1 136 136  -1 134 134  -1 156  -1  -1  -1  -1  -1  -1  -1  -1 
 37  -1  -1 163 163 163  -1  -1  -1  -1  -1  -1  -1  -1  -1  -1  -1  -1  -1  -1  -1  -1  -1  -1  -1  -1 
 38 180 180 206  -1  -1 195 195 195  -1  -1  -1 178 178  -1  -1  -1  -1 193 193  -1  -1  -1 200  -1  -1 
 39  -1  -1  -1  -1  -1  -1  -1  -1  -1  -1  -1  -1  -1  -1  -1 207 207 207  -1  -1  -1  -1  -1  -1  -1 
 40  -1  -1  -1  -1  -1  -1 250 239 239 239 222 222 237 237  -1  -1  -1 244  -1  -1  -1  -1 224 224  -1 
 41  -1  -1  -1  -1  -1  -1  -1  -1  -1  -1  -1  -1 251 251 251  -1  -1  -1  -1  -1  -1  -1  -1  -1  -1 
 42  -1  -1  -1  -1  -1 281 281  -1 294  -1 283 283 283  -1  -1 266 266  -1  -1  -1  -1 288  -1 268 268 
 43  -1  -1  -1  -1  -1 295 295 295  -1  -1  -1  -1  -1  -1  -1  -1  -1  -1  -1  -1  -1  -1  -1  -1  -1 
 44  -1 142  -1  -1  -1  -1  -1  -1 228  -1  -1  -1  -1  -1 269  -1  -1  -1  53  21  -1  -1  -1  -1  -1 
 45  -1  -1  -1 275  -1  -1  -1  -1  50  -1  -1   8  10  -1  -1  11  94  -1  93  -1  -1  -1  -1  96  -1 
 46  -1  -1  -1  -1  -1  -1  -1  -1  -1  -1  49  -1  -1 273  55  -1   6  -1 184 225  -1  -1  -1 182  -1 
 47  -1 229  -1 227  -1 316 241  -1  98  -1  -1  -1  -1 231  -1  -1  -1  -1 139  52  -1  -1  -1  -1  -1 
 48 141  -1  -1  -1  -1  -1 314  -1 272  -1  -1  -1 140  -1  -1  -1  -1  -1 230  -1  -1 197 187  -1 143 
 49  -1  -1  -1  -1 310  -1  -1  -1  -1  -1  -1  -1  -1  -1  -1  -1  -1  -1  -1  -1  -1  -1 271  -1  -1 
 50  -1  -1  -1  -1  -1  -1  -1 308  -1  -1  -1  -1  51  99  -1  97 137  -1  -1  -1  -1  -1  -1  -1  54 
 51  -1 270  -1  -1  -1  -1  -1  -1  -1  -1  -1  -1  95  -1  -1  -1 226 315  -1 181 153  -1  -1  -1  -1 
 52   5  -1 311  -1 285  -1  -1 109  -1  -1   9  -1  -1 186 185  -1  -1  -1  -1 138 312 313  -1  -1  -1 
 53  -1  -1  -1 183  -1  -1  -1  -1  -1 309  -1  -1  -1  65  -1  -1  -1  -1   7 274  -1  -1  -1  -1  -1 

r\t   0   1   2   3   4   5   6   7   8   9  10  11  12  13  14  15  16  17  18  19  20  21  22  23  24 
  0  -1  -1 189 192 192  -1  -1  -1  -1  -1  -1  -1  -1 298  -1 304  -1  -1  -1  -1  -1  -1  -1  -1  -1 
  1  -1  -1  -1  14  -1  37 188 243  84  -1  -1 199  -1   0 129  -1 122 306  -1  -1  -1  67 201  -1  -1 
  2  -1  56  -1  -1  -1  -1 287  -1  -1  -1  -1 214 279  -1  -1  -1  -1  -1  71  -1  -1 204  -1 212  83 
  3  -1 254  -1  -1  -1  -1  -1 205  78  -1  -1  -1 198  -1 220  -1  -1 296  -1  -1  -1 238  -1  -1  -1 
  4  -1 260  -1 258  -1  -1  -1 132  -1  -1  -1  -1 114  79 127  -1  -1  -1  -1  -1  -1  -1  -1  -1 110 
  5  -1  -1  70  80  -1  -1  -1  -1 256  -1  -1 284  -1  -1  -1  -1  -1  -1  -1  -1  -1  -1  -1  -1  -1 
  6  -1  -1  -1  45 174  -1  -1  -1  -1  -1  -1  -1  -1  -1  -1  -1  -1  -1  -1  43  -1  -1  42 300  -1 
  7  -1  41  -1  -1  -1  -1 146  -1 302  -1  -1  -1  -1 277  -1  -1  18  -1  -1 307  -1  -1  -1  -1  -1 
  8  -1  -1  -1  -1  -1  -1  -1 252  -1  -1  -1  40  -1  -1 257 261  -1  -1  32  -1  -1  -1  -1 100  -1 
  9  -1  -1  -1  87  -1  -1  -1  -1  -1  -1  -1  -1  -1  -1  -1  -1 108  -1  -1  -1  -1 121  -1  -1  -1 
 10  -1  -1  -1  -1  -1  -1 267  15 147  -1  -1  -1  -1  -1 128  -1  86 150  -1 171  -1  -1  -1  -1  -1 
 11  -1  -1  59  27  -1  -1 233 190 235  -1  -1  -1  25  -1 216  -1 219  -1  -1  -1  -1  -1 292  -1  -1 
 12  -1  -1 170  -1  -1  -1 213  66  -1  -1  -1  -1  -1  -1  -1  -1 161  -1 276  -1  -1  -1  -1  -1  -1 
 13  -1 120 148 148  -1  -1 208  -1  -1 301  -1  82  -1 152  -1 173 240  -1  -1  -1  -1  -1  -1  -1  -1 
 14 155 202  -1  -1  -1  -1 293  -1  -1  -1  -1  -1  -1 179  -1  -1  -1  -1  -1  -1  -1  73  -1  -1  -1 
 15  -1  -1  33  -1  -1  -1  20 124  29 218  -1  -1 175 194  -1  -1  -1  -1   3  -1  -1  -1  16  16  -1 
 16  -1  -1  36  -1  -1 303  -1  89 165  -1  -1  -1  -1  -1  -1  -1  81  -1  -1  -1  -1 111  -1  -1  -1 
 17  -1 177 203  -1  -1  -1  -1  -1 291  -1  -1  -1  -1  58  -1  -1  -1  22 135  -1  -1  -1  -1  26  -1 
 18  39  -1 101  -1 176  -1 117 164  -1  -1 125  -1  62  -1  -1  -1  -1 282 172 286  -1  -1  -1  -1 126 
 19  -1  34 248 264  -1  -1  44  47 211  -1  -1  12  -1  -1  -1  -1  57  85  -1  -1 265 160  35  -1  -1 
 20  -1 157  -1  91  -1  -1  -1  -1  -1  -1  -1  -1  -1  88  -1  -1  -1  -1  -1  -1  -1  -1  -1  -1  -1 
 21  -1  -1  -1 290  -1  -1 159  -1 210  -1  -1  -1 289  -1  -1  -1 305  77 299  -1  -1  -1 123 116   1 
 22  -1  -1  -1  -1  -1  -1  -1  -1  -1  -1  -1  -1  -1  -1 169  -1  -1  -1 255  -1 221  23  -1  -1  -1 
 23  -1  -1  -1 232  -1  -1  -1 280 280  -1  -1  -1  -1 223  -1  -1  -1  28 154  -1  -1 278  -1 247 262 
 24  -1  69  -1 253  -1  -1  -1  -1  60  60  -1  72  -1 209  -1  -1  -1  -1  -1 106 263  -1 131 133  -1 
 25  -1 234  -1 113  -1  -1 249  -1 196  -1  -1  -1  -1  -1  -1  -1  76  -1 102  -1  -1  -1  -1  -1  -1 
 26  -1 144 167  -1  -1 104 104  -1  13  -1  -1 245  -1  -1  -1  -1  -1  -1 168  -1  -1  -1  -1  -1  -1 
 27  -1  -1  -1  -1  -1  -1  -1 297  -1  -1  -1  -1  -1  -1  -1  -1 191 166  -1  -1  -1 217  -1 158  -1 
 28  -1  -1  -1  64  -1 130  -1  -1  -1  -1  -1 115 246 103  -1  -1  -1  -1  -1  -1  -1  -1  -1 236 236 
 29  -1  -1 242  -1  -1  38 259 145 215  -1  -1  -1  -1  -1  -1  -1  -1  -1  -1  -1  -1  -1  -1  -1  -1 
 30  17  17   4   4  -1  -1  -1  -1  -1  -1  -1  30  19  19  19  -1  24  -1  -1  -1  -1  -1   2   2  -1 
 31  -1  -1  -1  -1  -1  31  31  31  -1  -1  -1  -1  -1  -1  -1  -1  -1  -1  -1  -1  -1  -1  -1  -1  -1 
 32  -1  48  48  -1  -1  -1  -1  74  46  46  -1  -1  -1  68  -1  -1  -1  63  63  63  -1  -1  61  61  -1 
 33  -1  -1  -1  -1  -1  -1  -1  -1  -1  -1  -1  -1  -1  -1  -1  -1  -1  -1  -1  -1  -1  -1  75  75  75 
 34 105 105  -1  -1  -1  92  92  -1 112  -1 107 107 107 118  -1  -1  -1  -1  -1  -1  -1  -1  90  90  -1 
 35  -1  -1  -1  -1  -1  -1  -1  -1  -1  -1  -1  -1  -1  -1  -1 119 119 119  -1  -1  -1  -1  -1  -1  -1 
 36  -1 136 136 156  -1 134 134  -1 162  -1 149 149  -1  -1  -1  -1  -1  -1  -1  -1 151 151 151  -1  -1 
 37  -1  -1  -1  -1  -1  -1  -1  -1  -1  -1  -1 163 163 163  -1  -1  -1  -1  -1  -1  -1  -1  -1  -1  -1 
 38  -1  -1  -1  -1  -1 180 180  -1 178 178  -1 206 200  -1  -1  -1  -1 193 193  -1 195 195 195  -1  -1 
 39  -1  -1  -1  -1  -1  -1  -1  -1  -1  -1  -1  -1  -1  -1  -1  -1 207 207 207  -1  -1  -1  -1  -1  -1 
 40  -1  -1  -1 222 222 224 224  -1  -1  -1 239 239 239 250  -1  -1  -1 237 237  -1  -1  -1 244  -1  -1 
 41  -1  -1  -1  -1  -1  -1  -1  -1  -1  -1  -1  -1  -1  -1  -1 251 251 251  -1  -1  -1  -1  -1  -1  -1 
 42  -1 294 283 283 283  -1  -1  -1 266 266  -1  -1  -1 268 268  -1 288  -1  -1  -1  -1  -1 281 281  -1 
 43  -1  -1  -1  -1  -1  -1  -1  -1  -1  -1 295 295 295  -1  -1  -1  -1  -1  -1  -1  -1  -1  -1  -1  -1 
 44 312  -1  94  -1 138  -1  -1  -1  98  -1  -1  -1  -1  -1  -1  -1  -1  -1  53  -1  -1  -1  -1  -1  -1 
 45  -1  -1  -1  -1  99  -1  -1 181  -1   7  -1 309  -1  -1  -1  -1  -1  -1 226  -1  -1  -1 275 269 137 
 46  -1   5  -1  -1  50 271   8  -1 231  -1 310  -1  -1  -1  55  -1  -1  -1  -1  -1  11 315  -1  -1  -1 
 47  -1  -1  -1 184  -1  -1  -1  10  -1  -1  -1  -1  -1  -1  -1  -1  -1  -1  96  -1  49  -1  -1  -1  -1 
 48  -1  95 186  -1  -1  54  -1  -1  -1  -1  -1  -1  -1  -1 140 314 153  -1  -1 316  -1  -1 225 227  -1 
 49  -1 270  -1  -1   9  -1  -1  -1  -1  -1  -1  -1  -1  -1  -1  -1  -1  -1  -1  -1  -1  -1  -1  -1 229 
 50  -1  -1  -1 109  -1  -1  -1  -1  -1 228  -1  -1  -1 241  -1  -1 285 308  21  -1  93  -1  -1  -1 183 
 51  -1  -1  -1  -1  -1  -1  -1  -1  -1  -1  -1  -1  -1 142  -1  -1 313  -1  -1 197  -1  -1  -1 182  -1 
 52  -1 230  -1  -1  -1  -1  -1  -1   6 143  -1  -1 311  52 185  -1  -1  -1 273  -1  -1  -1  -1  -1  -1 
 53  -1  -1  -1 141  -1  -1  -1 272 139  -1  -1  65  -1  -1  97  -1  -1  -1 187  -1  -1  -1  51  -1 274 

r\t   0   1   2   3   4   5   6   7   8   9  10  11  12  13  14  15  16  17  18  19  20  21  22  23  24 
  0  -1 167 194  -1  -1  -1  -1  88  -1  -1  -1  -1 174 243  -1  -1  -1  -1  -1  -1  -1  -1  -1 299  -1 
  1  -1 210  -1  -1  -1  -1  39  16  16 217  -1  -1 145  -1  -1  -1  -1  -1 253  -1  -1  64  -1  -1  -1 
  2  -1  -1  -1  -1  -1  -1  12  -1  -1  -1  -1 297  -1  -1  -1  -1  71  60  60  -1  -1  -1  -1  -1  -1 
  3  -1  -1 148 148 220  -1 179  -1  -1  -1  -1 146 212  -1   1  -1  -1  -1  -1  67  -1 115 216  -1  -1 
  4  -1  22  -1  -1  -1  -1  -1  -1  -1  -1  -1  -1 122 302  -1  -1  -1  -1  -1  -1  -1  -1  -1  -1  -1 
  5  -1 111  23 100  89  -1 128 169  -1  -1 177  -1 240 293  -1  -1 289  -1  -1  -1  -1  18 235  -1  -1 
  6  -1  -1 300  -1  -1  -1  -1 192 192  -1  -1  -1 277 279  -1  -1  -1  -1  -1  -1  -1  -1 258  -1  -1 
  7  -1  -1 238  -1  -1  -1  -1  -1 108 173  -1 278  -1  -1  -1  -1  -1 168  -1 155  -1  -1  -1  -1  -1 
  8  -1  59  -1 264  -1  -1  56  -1 123  -1  -1  47  -1  -1  -1  -1  -1 133 152  -1  -1  -1 202  -1  -1 
  9  -1 247  -1  -1  -1  -1  -1  -1  -1  -1  -1 103  -1  -1  -1  45  -1 245  -1  -1  -1  -1  -1  -1  -1 
 10  -1 171  -1 260  -1  -1  -1 127  -1  -1  -1 191  -1  -1  -1  -1  -1  -1  -1  -1  -1  -1  -1  -1  -1 
 11  -1  33  -1  -1  -1  -1 208  -1  -1  -1 131 204 164  -1  -1  -1  -1  43  -1  -1  -1  -1  -1  -1  -1 
 12  -1  -1  -1  -1  -1 214 254  29  -1  -1  -1  -1  -1  -1  -1  -1  -1  -1  -1  -1  -1 144  -1 233  -1 
 13  -1  -1  -1  -1  -1  -1  -1 246 249  -1  -1  -1  -1  -1  -1  -1  -1  -1  -1  -1  -1  -1 114  37 106 
 14  -1  -1  -1  -1  -1 176  -1  -1  77  -1 223 304 196  -1 221  -1 248  -1  14  -1  -1 282 263  -1  -1 
 15 219 211  -1 259  -1  -1  -1  -1  -1  -1  -1  -1  -1  -1  -1  -1  26  72 175  -1  -1 199  -1  -1  -1 
 16  -1  -1  -1  -1  -1  -1  -1  -1  -1  -1  -1  -1 255  -1  -1  -1 135 117  80  -1  -1 125  -1  32  -1 
 17  -1 287 166  40  -1  -1 232 265  -1  -1  42  -1  -1 306  -1  -1  -1  -1 303  -1  -1 215 280 280  -1 
 18  -1 292  -1  15  -1  -1 190  -1 213  -1  -1 234  -1 198  -1  -1  44  -1 298  -1  -1  84  -1  -1  -1 
 19  -1  -1 110  -1  85  -1  -1  -1  -1  -1  -1  -1  -1  -1  -1  -1 154  -1 276  -1  -1  -1  -1  87  -1 
 20  -1 120  -1 236 236  -1  -1  78  -1  -1  -1  -1  -1  -1  -1  -1  -1  28  86  -1  -1 201  25  -1  -1 
 21  -1 305  -1 189  -1  -1 147 290  -1 170  -1  20  -1  -1  -1  -1  -1  -1  -1 286  -1  -1  -1 113  -1 
 22  -1  -1  -1  34  -1  -1 307  58  -1  -1  -1 252  57  62  -1  -1  -1 104 104  -1  -1  -1 158  -1  -1 
 23  -1  36  -1 157  -1  91  73 116  -1  -1  -1  -1  -1  -1  -1  -1 284  -1  -1  -1  -1  -1 296 256  -1 
 24  -1 242  27  -1  -1  -1  35  -1 267  -1  -1  69  81  79  -1  -1 130  13  -1  -1  -1  -1  -1 159  -1 
 25  -1  -1  -1 172  -1  -1  -1  -1  -1  66  -1  -1  -1  -1  -1  -1 188 261  -1  -1  -1  -1  -1  -1  -1 
 26  -1  -1  -1 257  -1  -1  -1  -1  -1  -1  -1  -1  -1  83  -1  -1 205  -1 218  -1  -1 129  -1  -1  -1 
 27  -1  -1  -1  -1  -1 132 101 102 203  -1  82  -1 165  -1 126  -1 160  -1  -1  -1  -1  -1   0  76  -1 
 28  -1 150  -1 209  -1  -1 161  -1  -1  -1  -1  -1 291  -1  -1  -1 124  -1  -1  -1  -1  -1  -1 262  -1 
 29  -1  -1  -1  70  38  -1 121  -1  41  -1  -1 301  -1  -1  -1  -1   3  -1  -1  -1  -1  -1  -1  -1  -1 
 30  -1  -1  -1  -1  -1   2   2   4   4  -1  -1  -1  17  17  -1  -1  -1  -1  24  -1  -1  30  19  19  19 
 31  -1  -1  -1  -1  -1  -1  -1  -1  -1  -1  -1  31  31  31  -1  -1  -1  -1  -1  -1  -1  -1  -1  -1  -1 
 32  -1  -1  61  61  -1  46  46  48  48  -1  -1  -1  -1  68  -1  -1  -1  -1  -1  -1  -1  74  63  63  63 
 33  75  75  75  -1  -1  -1  -1  -1  -1  -1  -1  -1  -1  -1  -1  -1  -1  -1  -1  -1  -1  -1  -1  -1  -1 
 34  -1  -1 118  -1  -1  -1  -1  -1  -1  -1  90  90  -1 105 105  -1  92  92 112  -1  -1 107 107 107  -1 
 35  -1  -1  -1  -1  -1  -1  -1  -1  -1  -1  -1  -1 119 119 119  -1  -1  -1  -1  -1  -1  -1  -1  -1  -1 
 36  -1  -1  -1 134 134  -1  -1 149 149  -1  -1 136 136 162  -1  -1  -1  -1 156  -1  -1  -1 151 151 151 
 37  -1  -1  -1  -1  -1  -1  -1 163 163 163  -1  -1  -1  -1  -1  -1  -1  -1  -1  -1  -1  -1  -1  -1  -1 
 38  -1  -1 200 180 180  -1  -1 206  -1  -1  -1 178 178  -1  -1  -1  -1 193 193  -1  -1  -1 195 195 195 
 39  -1  -1  -1  -1  -1  -1  -1  -1  -1  -1  -1  -1  -1  -1  -1  -1  -1 207 207 207  -1  -1  -1  -1  -1 
 40  -1  -1 250 244  -1 222 222 237 237  -1  -1 224 224  -1  -1  -1 239 239 239  -1  -1  -1  -1  -1  -1 
 41  -1  -1  -1  -1  -1  -1  -1  -1  -1  -1  -1  -1  -1  -1  -1  -1  -1  -1  -1  -1 251 251 251  -1  -1 
 42  -1  -1 283 283 283 281 281  -1 294  -1 266 266  -1  -1  -1  -1  -1  -1  -1  -1  -1 288 268 268  -1 
 43  -1  -1  -1  -1  -1  -1  -1  -1  -1  -1  -1  -1  -1  -1  -1 295 295 295  -1  -1  -1  -1  -1  -1  -1 
 44  -1  -1  -1  52  -1  -1  -1  -1  -1  -1  -1  -1  -1  -1  54  -1  -1 226  94  -1  -1  -1  -1  -1  -1 
 45  -1 197  -1 227  -1  -1  -1 142 285  -1  -1  -1  -1  -1 143  -1  -1  -1  -1  -1  -1  -1  -1  -1  -1 
 46  -1  -1  -1  -1  50  -1  -1  -1 186  -1  -1  -1  -1  -1 271 229  -1  -1  49  -1  -1  -1  -1 231  -1 
 47  -1  -1  -1  -1  -1 275  -1  -1  -1  -1 138  65  -1  -1 185  97 182 270  -1  -1  -1  -1  -1  -1 314 
 48  -1  -1  -1  -1  -1  -1  -1  -1  95  -1  55  -1  -1  -1  -1  -1  -1  -1 269  -1  -1  -1 141  -1 241 
 49  -1 308 309   5  -1  -1  99  -1 230  -1   8  -1  -1  -1  -1   9  -1  -1 139 315  -1  -1 228  -1  -1 
 50 310  -1  -1  -1  -1  -1 137 184  -1  -1  -1   6  51 153  -1 187  21  -1  -1  -1  -1  -1  -1  -1  -1 
 51  -1  -1  -1  -1   7  -1  -1  -1  -1  -1  -1  -1  -1  -1  -1  -1  -1  53  -1  -1 109 313  -1  96  -1 
 52  -1  -1  -1  -1  -1  -1  -1 225  -1 311  -1  -1  -1 312  -1 140  -1  -1  -1  -1 316  -1 183  -1  -1 
 53  -1  -1  -1  98  -1  -1 273  -1  -1  -1  -1  -1 274  -1  -1  -1 272  10  11  -1  -1  -1  93 181  -1 

