317
23 16
18 22
7 30
6 11
11 30
13 53
3 49
15 48
16 50
10 46
1 53
5 45
11 3
8 3
7 6
16 25
12 11
2 30
14 20
21 30
1 18
6 46
19 4
17 28
13 30
12 18
16 17
23 3
7 18
3 3
17 30
0 31
11 29
21 24
8 23
6 18
23 15
1 15
10 9
21 13
23 29
13 16
2 11
12 8
2 21
8 9
0 32
7 0
11 32
6 53
15 44
3 46
16 49
13 50
5 53
10 45
6 22
11 13
13 8
1 1
2 8
17 32
21 25
22 32
16 10
14 52
7 29
9 3
13 32
11 0
2 25
22 14
21 16
12 23
6 32
16 33
3 28
23 18
7 9
13 23
1 8
16 23
18 6
14 9
20 23
1 19
18 9
5 8
1 11
23 8
10 34
12 6
5 34
2 47
7 45
3 53
16 46
0 50
15 49
13 45
16 21
11 11
6 3
7 24
20 3
2 34
4 3
17 34
13 0
14 46
12 1
22 4
22 34
1 4
13 26
11 25
18 16
21 27
12 34
7 35
3 0
17 4
6 23
16 14
23 24
11 23
3 26
9 5
19 25
3 25
20 25
4 19
10 6
23 4
12 36
8 15
1 36
7 51
0 51
6 50
11 53
18 52
16 47
3 48
11 6
3 12
2 20
7 8
12 7
5 36
4 26
15 36
23 21
8 45
21 5
22 9
3 36
1 14
22 0
12 24
16 4
8 13
18 36
5 37
13 28
17 16
11 27
2 10
23 9
7 4
5 22
12 27
13 17
19 11
24 29
12 17
13 9
10 19
7 38
12 21
15 38
6 48
3 50
0 47
23 52
5 52
11 51
2 45
7 23
23 11
11 24
1 25
12 3
2 38
22 11
17 38
8 1
4 46
9 10
21 4
23 38
13 5
12 22
22 18
8 6
18 0
6 38
1 39
7 28
21 19
16 0
16 27
11 26
3 17
2 28
19 7
8 20
23 14
1 26
3 20
12 14
10 8
5 40
8 27
0 40
7 53
16 44
11 49
23 46
13 44
15 51
2 44
12 4
6 13
23 27
7 16
13 25
2 40
22 22
16 40
1 3
19 44
21 18
8 18
23 40
12 0
16 1
21 1
22 10
18 7
7 40
2 41
8 2
11 21
13 15
1 13
6 17
7 5
7 13
20 7
7 12
0 16
0 13
21 7
23 26
0 19
5 42
18 19
12 42
1 48
16 51
10 53
11 48
2 46
3 44
15 52
6 10
13 12
12 15
7 3
2 15
15 42
4 5
22 42
8 21
17 45
18 14
21 6
2 42
7 14
1 10
23 7
12 2
18 11
3 42
7 43
11 15
21 22
6 4
13 6
16 9
13 22
5 9
10 2
24 18
18 29
18 23
20 9
22 53
19 46
24 45
14 44
4 44
9 46
21 47
17 46
20 51

