317
11 25
18 26
1 30
16 7
21 30
12 49
13 48
10 47
20 51
19 47
17 45
4 53
6 16
1 12
2 13
17 18
20 1
12 30
23 24
7 30
11 24
3 46
15 15
16 22
6 30
8 7
16 5
2 19
11 8
23 17
17 30
12 31
7 10
1 27
3 26
22 15
2 8
8 27
1 14
0 21
21 29
1 5
2 22
13 19
11 3
20 22
12 32
21 16
15 32
22 47
18 52
17 53
1 50
2 52
14 45
10 52
7 18
1 23
22 2
11 7
12 13
17 32
6 25
2 32
16 29
23 51
21 12
8 26
21 32
1 18
22 0
12 2
11 27
2 5
8 32
17 33
16 15
3 11
7 8
13 27
23 16
6 17
8 18
11 9
14 25
12 16
13 20
20 10
21 24
4 24
11 34
10 14
1 34
20 53
18 53
13 46
17 52
19 48
22 52
14 52
11 17
19 27
1 0
21 0
12 11
17 34
7 3
22 34
2 29
3 47
6 22
8 19
3 34
23 5
11 20
12 18
8 13
2 9
13 34
15 35
22 28
7 29
16 26
6 29
1 6
11 1
9 0
16 16
10 4
5 6
4 26
22 6
18 5
1 10
15 36
2 10
10 36
20 45
19 44
17 49
12 53
21 48
13 44
4 47
21 20
16 18
11 5
7 11
12 21
17 36
6 8
22 36
1 16
2 47
3 19
5 10
12 36
13 3
3 17
16 28
23 0
6 7
21 36
7 37
18 24
21 21
17 27
11 28
1 17
9 11
5 18
24 9
17 12
17 20
22 29
21 25
14 22
15 3
10 38
2 16
16 38
18 48
13 45
19 49
22 48
4 51
12 46
1 51
16 1
11 18
17 8
18 14
12 8
0 38
23 25
7 38
22 20
2 50
3 20
6 11
3 38
8 20
18 0
1 24
17 7
7 0
2 38
20 39
12 25
23 9
13 4
11 2
6 15
12 6
21 19
22 5
13 28
0 25
18 18
20 16
17 17
21 22
18 40
4 6
15 40
2 46
12 47
11 50
20 47
10 44
22 46
1 48
1 28
17 15
16 3
18 2
2 18
10 40
4 28
7 40
12 19
6 44
24 10
23 28
1 40
7 25
21 8
23 26
16 9
17 6
6 40
12 41
2 14
8 29
18 9
3 15
11 21
5 21
13 5
6 27
6 21
8 9
11 19
8 0
22 23
12 17
18 42
16 19
13 42
11 47
17 51
15 53
21 50
4 50
10 45
20 52
22 4
21 3
11 23
13 17
17 4
8 42
16 24
1 42
12 12
23 46
24 22
5 25
22 42
8 6
13 14
3 14
17 28
1 29
23 42
6 43
16 0
2 21
21 26
18 25
12 26
3 10
15 19
9 13
0 17
18 11
11 16
14 9
6 46
7 48
5 46
23 44
0 49
3 53
24 46
8 51
9 53

