317
17 19
8 1
13 30
16 9
23 30
2 52
1 52
7 49
5 49
9 46
3 53
6 45
13 26
23 5
7 15
3 9
18 5
5 30
21 24
10 30
2 8
22 48
4 23
16 0
22 30
23 1
16 1
6 11
3 27
12 0
18 30
0 31
21 28
7 11
17 25
13 4
6 8
15 18
20 20
12 4
23 14
10 19
11 25
15 8
16 22
0 15
5 32
13 14
8 32
14 48
24 47
11 49
1 46
23 51
7 53
17 46
16 10
11 19
17 27
6 3
7 21
23 32
13 24
2 32
1 20
12 44
18 12
20 24
1 32
18 10
7 6
13 17
2 27
16 11
11 32
21 33
8 10
17 7
12 19
1 3
6 15
5 3
10 3
16 25
11 27
20 19
7 24
9 28
7 10
16 29
23 34
3 5
13 34
6 51
11 52
8 51
2 47
5 47
17 45
9 50
11 29
13 27
17 0
23 9
7 13
0 34
15 3
20 34
6 18
3 49
12 16
18 4
11 34
21 3
16 23
17 2
6 28
13 11
18 34
0 35
23 15
7 17
1 24
8 14
12 29
23 13
5 20
4 6
9 27
23 16
20 9
2 7
0 14
1 11
6 36
11 17
16 36
2 45
9 52
8 45
24 51
13 45
3 51
5 52
7 7
17 26
16 14
2 12
5 29
22 36
4 24
12 36
1 4
20 45
18 19
11 23
18 36
16 27
11 20
12 22
2 16
6 23
3 36
21 37
13 23
3 2
8 16
17 5
7 4
9 5
20 22
10 0
6 13
10 6
19 22
8 18
5 5
24 14
8 38
16 6
13 38
1 49
17 53
3 47
6 47
0 50
2 50
23 45
8 4
2 4
6 2
1 15
22 2
10 38
7 22
17 38
12 15
4 50
21 2
16 19
3 38
16 20
22 25
23 18
17 3
2 15
1 38
10 39
7 2
13 7
6 9
8 17
18 29
1 17
2 6
19 3
9 11
2 26
23 4
3 4
0 8
14 0
2 40
6 25
8 40
13 52
11 45
1 47
5 50
7 44
17 48
23 47
7 0
1 12
11 6
13 22
2 22
17 40
6 12
22 40
8 15
21 44
12 21
19 17
6 40
2 25
12 24
8 6
7 5
21 26
13 40
16 41
23 0
11 1
1 5
3 0
22 3
23 3
19 26
17 4
22 4
15 4
20 1
5 2
23 10
2 1
0 42
3 10
13 42
6 53
16 51
9 51
7 45
8 50
11 53
24 49
13 1
16 13
8 2
17 24
0 7
5 42
12 13
20 42
2 10
15 50
3 3
10 8
7 42
18 17
6 24
3 23
13 18
21 12
8 42
17 43
11 12
1 21
16 21
12 1
23 29
24 24
19 23
23 27
9 12
8 20
6 22
14 18
18 51
19 49
15 52
4 51
10 53
22 46
21 45
12 49
20 53

