317
1 12
24 10
11 30
21 26
16 30
13 52
6 44
22 52
8 44
20 52
2 46
10 46
1 29
16 21
17 5
22 10
12 14
7 30
18 20
2 30
11 18
23 53
5 1
21 20
18 30
16 15
22 23
2 6
6 14
17 16
23 30
7 31
11 5
1 5
12 1
13 29
2 24
11 7
17 12
4 21
1 2
9 20
5 22
21 24
12 3
20 15
8 32
6 9
21 32
17 45
16 49
2 45
11 50
1 49
24 53
10 53
22 2
17 8
21 0
16 11
10 6
2 32
7 5
12 32
1 11
6 45
23 17
18 5
18 32
21 19
22 11
12 29
17 21
1 28
7 32
2 33
13 6
11 21
8 27
16 13
23 1
15 23
9 4
10 10
5 3
14 11
21 23
16 29
8 28
4 16
21 34
16 23
10 34
24 49
12 47
20 51
6 52
13 46
2 52
1 52
21 17
22 27
1 24
2 16
12 19
17 34
5 10
7 34
6 8
16 52
23 27
3 1
3 34
6 2
13 20
11 27
21 4
2 4
12 34
17 35
8 2
22 26
17 20
23 19
1 20
12 2
11 15
17 29
8 7
24 22
18 28
15 8
4 13
21 21
1 36
22 5
8 36
17 52
24 52
20 45
16 53
13 45
11 45
6 48
13 2
2 22
1 16
16 16
7 0
17 36
5 13
10 36
21 22
3 50
23 5
22 0
6 36
2 27
23 26
11 1
7 27
16 24
13 36
17 37
12 0
6 29
3 0
1 22
22 16
4 23
2 23
12 28
13 26
13 7
3 13
13 18
4 20
20 10
10 38
16 27
8 38
12 45
2 49
1 46
21 46
6 51
13 49
17 48
1 8
2 13
11 25
8 13
12 13
17 38
7 17
22 38
6 15
16 47
0 25
3 6
7 38
23 23
22 3
3 18
8 4
11 11
2 38
17 39
1 3
16 20
13 17
12 23
6 19
3 5
5 29
11 0
5 17
15 21
8 12
15 18
4 15
20 22
8 40
22 15
10 40
24 48
1 44
2 50
17 47
21 48
16 45
6 49
1 25
21 7
8 29
6 5
2 12
17 40
23 25
12 40
16 14
15 44
7 21
22 9
1 40
7 14
11 24
3 14
13 16
12 21
2 40
17 41
21 3
6 21
8 9
23 2
16 7
6 22
6 10
10 15
3 4
12 5
13 28
0 10
4 19
12 6
8 42
17 9
20 42
13 51
2 44
24 50
11 47
10 50
22 53
16 46
16 28
22 28
21 15
7 3
10 9
5 42
23 22
0 42
13 27
17 44
18 24
3 20
18 42
6 7
21 12
3 10
11 20
2 5
22 42
5 43
17 13
1 23
8 17
16 3
13 5
6 6
17 15
8 16
2 7
8 11
7 18
7 24
3 47
15 53
14 53
0 45
5 46
7 48
18 52
23 45
19 45

