317
11 0
24 6
15 30
23 8
17 30
6 52
7 47
8 47
4 48
14 52
3 44
19 49
16 16
6 18
7 6
8 5
17 6
2 30
13 29
10 30
1 19
21 49
23 2
22 6
22 30
21 1
18 15
8 18
12 10
11 1
23 30
1 31
6 26
13 15
7 20
17 10
8 17
15 26
19 12
18 1
10 5
16 7
15 28
13 10
23 17
19 17
16 32
8 10
11 32
14 48
24 49
6 44
3 47
4 52
15 47
7 52
7 7
12 15
6 13
1 26
15 4
3 32
8 1
20 32
23 21
13 52
18 7
10 11
13 32
21 28
3 19
16 18
17 16
11 29
8 32
0 33
23 7
11 5
7 24
13 22
18 28
9 13
9 25
3 28
14 24
23 11
11 4
14 1
12 8
4 29
7 34
18 8
16 34
6 47
1 47
3 45
14 49
15 52
24 47
19 53
16 12
17 29
1 2
3 21
7 22
23 34
20 27
11 34
6 16
10 53
18 2
2 20
3 34
13 26
8 16
7 5
16 3
2 21
6 34
21 35
12 0
17 4
22 2
18 14
1 3
16 27
22 13
13 4
7 25
22 23
9 22
2 0
24 9
1 20
3 36
16 25
17 36
11 52
15 44
12 51
14 46
23 52
8 50
19 50
23 12
12 9
3 0
22 11
18 24
20 36
10 0
5 36
1 0
13 47
2 11
16 20
16 36
17 15
2 3
13 12
6 0
23 22
8 36
20 37
12 27
7 12
11 27
18 26
3 10
7 1
11 28
8 8
14 6
7 27
20 16
24 11
14 21
15 21
11 38
1 22
3 38
23 44
6 51
7 46
16 50
24 52
8 46
17 52
12 11
3 4
11 24
6 9
7 14
22 38
13 5
17 38
21 5
1 48
5 8
2 23
2 38
17 14
18 12
12 29
1 6
8 0
13 38
21 39
11 22
3 14
7 9
7 0
16 8
12 19
20 7
7 28
1 27
0 27
6 29
5 12
19 13
23 28
3 40
18 25
16 40
24 51
6 46
1 53
11 50
15 53
8 51
12 46
1 18
17 25
3 27
16 2
10 15
12 40
2 25
7 40
23 19
18 44
22 26
21 11
11 40
3 1
7 18
8 4
6 23
21 9
1 40
12 41
18 19
16 22
2 18
17 8
23 24
2 14
1 1
15 1
18 3
9 11
10 4
7 17
11 11
8 12
15 42
17 3
18 42
12 48
1 50
14 53
7 45
3 53
24 50
6 49
6 24
16 11
18 0
1 15
10 12
2 42
17 17
21 42
7 3
5 50
9 4
13 8
7 42
7 4
21 7
17 23
11 19
16 10
1 42
2 43
12 22
18 5
6 17
13 13
22 20
22 27
15 27
18 22
24 19
14 18
1 17
17 18
22 51
21 53
9 51
5 47
0 45
2 50
10 52
13 51
20 49

