317
1 12
6 12
8 30
21 29
23 30
13 49
11 47
12 48
10 53
22 50
16 44
15 49
1 26
23 8
22 17
16 2
7 26
12 30
5 11
2 30
11 14
21 49
17 4
18 23
21 30
22 1
17 6
7 4
11 29
3 2
16 30
12 31
23 14
8 21
18 27
1 10
8 0
0 10
13 14
18 1
3 24
16 15
1 20
1 22
14 17
21 24
15 32
22 7
8 32
23 53
5 49
6 52
1 50
11 52
24 51
10 46
6 4
1 15
8 2
17 17
23 28
18 32
7 18
11 32
16 7
2 47
22 4
3 1
22 32
12 3
21 14
1 17
2 14
13 1
7 32
17 33
16 8
13 4
6 7
3 4
23 3
11 18
19 4
4 16
10 16
12 12
24 1
9 18
24 8
15 1
10 34
14 2
5 34
12 46
8 46
16 51
22 47
9 49
1 47
13 45
12 22
13 5
17 14
16 25
5 0
2 34
20 22
21 34
11 4
0 52
7 19
18 21
7 34
22 8
12 4
11 1
16 6
8 24
13 34
2 35
23 0
21 28
1 9
18 4
6 3
7 10
5 13
10 23
23 18
13 15
15 26
6 26
11 8
12 7
15 36
9 29
5 36
24 45
14 47
13 44
8 51
21 53
1 48
10 48
16 9
8 16
13 7
11 12
0 25
17 36
9 2
21 36
12 18
7 46
2 23
3 28
7 36
6 5
22 24
21 4
13 16
16 20
11 36
17 37
23 20
11 0
1 5
8 14
2 11
17 25
17 23
7 3
3 17
1 27
7 11
16 10
5 9
15 29
23 38
6 16
12 38
1 46
22 48
11 45
8 50
14 51
10 50
16 52
2 15
11 15
16 5
8 23
12 19
0 38
6 18
20 38
7 25
3 47
18 14
17 15
11 38
22 20
17 3
13 25
23 7
6 17
18 38
7 39
1 8
12 1
3 20
2 28
21 18
10 1
14 24
0 3
1 23
9 28
24 7
5 5
24 5
23 16
13 40
9 23
10 40
15 53
8 52
12 53
1 45
22 44
21 52
16 46
16 3
13 21
12 5
11 3
20 2
7 40
0 27
17 40
23 17
9 46
3 11
2 16
21 40
2 20
17 2
16 0
18 17
13 9
22 40
5 41
11 19
1 24
3 21
8 15
12 13
11 17
9 14
5 23
13 28
18 13
6 10
17 11
16 11
12 15
8 42
13 22
23 42
15 45
6 53
14 46
21 47
1 51
11 50
10 51
1 29
18 15
16 4
23 5
10 10
20 42
17 0
5 42
2 10
0 50
3 14
13 0
17 42
21 0
13 11
8 7
2 2
6 28
18 42
20 43
1 14
7 8
16 24
3 25
12 9
2 7
20 27
20 16
6 11
3 18
18 22
24 3
3 48
2 50
4 48
20 48
19 53
18 44
17 45
7 44
0 46

