317
18 9
24 1
10 30
21 6
7 30
6 47
23 51
4 51
0 47
9 50
22 46
19 50
6 7
11 4
18 6
17 11
7 8
22 30
13 23
1 30
16 16
21 49
14 0
12 12
6 30
8 7
22 19
3 26
18 27
13 25
21 30
15 31
7 0
2 7
12 20
11 3
2 26
18 0
5 15
7 17
5 26
14 4
16 21
14 26
11 29
0 6
15 32
8 9
6 32
9 51
10 49
18 49
21 50
22 49
19 48
4 44
6 20
18 12
7 15
16 25
2 19
22 32
8 15
12 32
11 22
17 51
1 5
20 12
8 32
16 19
21 0
13 6
6 27
18 24
3 32
22 33
11 26
13 11
2 28
17 3
7 5
6 16
18 14
16 20
11 17
24 27
20 6
23 23
7 1
4 11
23 34
21 13
10 34
16 47
8 53
9 46
18 50
15 47
0 48
22 47
22 16
16 26
3 16
8 12
12 4
17 34
21 15
5 34
23 4
1 44
14 5
2 16
1 34
8 29
23 17
21 22
13 7
3 7
22 34
17 35
6 4
11 10
16 17
12 13
2 2
17 8
19 3
24 20
7 20
16 6
12 9
24 24
0 26
4 12
15 36
11 18
8 36
22 45
23 47
18 52
10 50
21 51
6 53
19 52
21 3
13 10
16 29
22 23
17 22
23 36
11 7
5 36
1 1
12 45
2 4
3 22
13 36
12 23
6 18
8 5
17 18
21 11
18 36
22 37
7 16
18 13
3 17
11 16
2 27
13 12
22 6
18 20
13 13
12 2
14 20
12 11
10 15
15 18
6 38
0 29
18 38
8 47
22 48
16 50
11 53
9 45
4 47
21 48
16 12
11 1
6 8
21 2
7 24
22 38
12 28
1 38
18 2
20 45
17 9
13 18
12 38
2 17
17 15
11 24
16 5
21 9
13 38
22 39
6 23
3 13
7 6
7 19
1 24
13 22
5 19
11 15
6 13
3 24
16 14
14 3
10 13
21 29
18 40
6 21
8 40
15 46
22 51
16 46
7 45
0 50
23 44
11 44
18 5
23 16
16 4
22 26
7 23
2 40
6 11
12 40
21 21
20 44
17 21
1 12
6 40
12 3
16 3
8 18
7 18
22 29
11 40
2 41
23 19
13 26
17 14
1 4
21 25
8 14
16 13
1 2
17 17
8 2
5 10
14 17
11 21
0 11
8 42
21 26
6 42
23 48
16 44
24 49
22 44
15 48
4 45
10 47
22 20
6 1
23 26
16 10
7 10
18 42
21 7
11 42
17 29
2 48
1 10
3 21
1 42
1 14
22 27
11 12
6 24
12 0
16 42
17 43
8 1
13 27
2 20
7 28
23 3
16 22
8 20
5 5
5 24
17 20
0 19
18 15
3 46
2 49
1 45
20 51
5 45
13 46
12 46
17 44
14 52

