1 4509 277.204000 26412 1335 970 407 14000 7500 2200
2 7806 282.641000 17744 1416 884 444 9000 4000 2000
3 18745 279.859000 18369 1393 945 431 9000 5000 1600
4 3321 287.812000 16647 1433 1083 431 7000 4500 2200
5 3760 290.969000 11522 1393 877 452 5000 2000 1800
6 2360 283.625000 19703 1382 1002 419 10000 5000 1900
7 5132 287.235000 19537 1420 764 453 10000 5500 1400
8 5506 275.391000 17377 1363 995 419 8000 5000 1600
9 4033 293.329000 24701 1429 741 431 13000 7500 1600
10 12729 267.797000 17705 1328 741 436 8000 5500 1700
