1 98510 145.766000 17374 1232 951 391 8000 4500 2300
2 86327 148.655000 17563 1234 916 413 8000 5000 2000
3 98496 149.829000 14513 1216 863 434 6000 4000 2000
4 29205 155.249000 20917 1343 963 411 10000 6000 2200
5 49838 153.891000 11584 1238 928 418 5000 2000 2000
6 32342 157.438000 14851 1403 1018 430 9000 1500 1500
7 66093 156.062000 13613 1316 1163 434 6000 2500 2200
8 76656 150.468000 18039 1447 879 413 8000 6000 1300
9 96183 162.297000 12864 1527 903 434 7000 1500 1500
10 60541 144.516000 13528 1229 784 415 6000 3000 2100
