317
3 11
14 28
8 30
12 19
20 30
17 53
16 46
0 45
11 47
24 48
18 44
4 46
21 28
24 23
8 0
11 14
22 22
17 30
6 10
1 30
16 5
7 49
12 7
13 22
22 30
23 11
3 13
13 29
2 3
8 27
16 30
17 31
21 18
12 11
7 8
6 21
13 4
21 23
19 8
22 18
8 12
17 5
7 21
4 20
2 5
20 12
3 32
21 22
18 32
14 49
9 50
17 50
8 49
16 53
24 47
0 47
17 26
13 16
18 24
16 4
2 26
7 32
22 7
10 32
6 2
21 45
1 3
23 18
23 32
3 2
22 19
13 5
12 21
2 2
17 32
5 33
8 3
11 11
18 29
1 21
21 4
1 28
7 18
3 9
2 11
16 22
20 9
15 28
12 6
18 14
16 34
20 4
3 34
0 51
2 50
21 49
8 53
14 48
9 52
19 48
8 13
16 6
17 2
6 28
2 25
22 34
20 5
10 34
18 17
13 52
1 17
7 26
7 34
11 16
18 11
16 20
3 22
8 1
6 34
22 35
12 1
2 23
22 6
1 5
17 13
10 14
0 9
1 16
3 10
4 29
14 0
12 16
20 2
2 13
3 36
14 12
11 36
16 45
0 46
21 48
9 49
8 44
17 48
24 45
16 16
12 28
11 26
8 26
3 3
22 36
7 13
17 36
21 26
13 50
1 26
6 4
1 36
3 17
12 26
11 13
17 17
16 14
7 36
21 37
6 3
1 10
13 7
8 8
18 9
16 27
5 24
21 8
18 4
17 9
16 21
2 15
4 17
20 29
18 38
12 27
16 38
8 52
0 49
9 44
11 50
24 46
14 45
21 46
17 25
21 6
18 26
11 7
12 8
8 38
15 19
1 38
6 8
22 52
10 0
23 23
12 38
17 1
3 24
22 4
1 29
11 19
21 38
6 39
23 0
18 6
13 11
13 6
16 19
16 15
13 26
7 16
15 26
10 22
18 25
24 18
24 10
14 10
2 40
4 16
18 40
0 50
11 51
21 44
12 44
20 53
17 45
8 48
18 13
21 29
12 12
23 1
2 16
7 40
1 27
15 40
11 5
22 48
13 20
6 19
22 40
3 20
11 27
17 23
16 2
13 23
1 40
7 41
23 2
18 19
2 0
21 1
6 16
3 0
21 12
19 15
0 5
15 3
12 9
6 12
18 3
0 15
20 42
8 2
3 42
17 44
12 50
19 52
16 50
11 49
2 51
9 45
3 27
16 25
17 3
21 27
7 28
22 42
15 22
12 42
2 20
1 52
5 5
6 15
2 42
22 9
3 18
16 13
8 4
11 1
18 42
22 43
7 17
17 27
21 0
6 11
13 0
22 26
9 10
9 29
12 0
9 8
23 26
20 11
13 46
7 48
10 44
15 46
22 49
23 48
6 46
1 50
5 51

