317
23 22
10 0
13 30
11 19
8 30
1 44
21 50
0 44
15 46
20 52
16 53
22 49
1 27
21 14
8 8
13 20
22 18
17 30
7 22
2 30
16 7
6 53
11 21
12 6
21 30
22 20
3 9
11 18
7 0
16 26
1 30
17 31
23 29
13 16
6 1
8 27
11 14
6 28
20 9
18 12
3 3
9 1
10 27
1 26
8 20
15 18
20 32
16 25
10 32
0 45
13 47
22 48
1 52
17 45
14 48
9 51
11 12
17 25
13 6
1 1
8 28
2 32
12 7
22 32
21 26
16 46
7 11
18 5
12 32
13 1
16 2
23 6
21 20
1 20
8 32
2 33
17 27
22 29
6 23
11 10
18 26
2 23
2 16
12 18
14 26
9 25
9 4
12 13
0 23
20 16
8 34
1 25
16 34
14 47
21 49
10 45
11 50
23 51
15 52
22 53
17 10
21 16
16 24
12 20
7 2
22 34
19 13
2 34
11 13
1 49
6 19
18 7
21 34
2 14
8 6
7 3
16 5
23 28
6 34
11 35
1 10
18 25
11 1
17 9
22 3
18 23
16 14
19 24
3 22
5 9
23 7
18 17
23 3
21 27
15 36
22 22
8 36
13 53
10 48
11 49
0 49
17 51
4 44
20 53
11 6
16 12
17 19
1 21
22 10
2 36
6 25
12 36
8 5
18 53
7 26
24 18
7 36
8 24
17 14
16 22
12 8
22 7
11 36
1 37
18 1
11 16
23 2
6 15
21 1
15 0
6 24
14 24
8 29
0 6
3 24
4 28
0 21
20 10
10 38
9 9
15 38
13 52
1 45
22 44
8 48
23 47
4 52
21 53
16 29
8 26
21 5
1 11
22 9
12 38
3 28
17 38
11 4
7 47
6 22
2 5
2 38
18 27
21 21
23 14
17 11
11 5
1 38
12 39
7 19
3 26
8 13
8 0
16 11
5 23
6 6
7 6
19 26
9 11
15 22
12 16
9 6
14 0
20 40
15 7
0 40
17 52
11 44
8 47
4 48
10 50
22 51
16 52
8 1
17 0
1 18
16 8
20 3
22 40
7 14
11 40
6 5
18 48
3 17
2 13
3 40
7 12
11 3
12 26
16 17
17 16
6 40
22 41
2 12
8 22
18 11
1 23
21 18
7 1
3 10
20 14
2 20
3 27
12 1
13 18
16 20
0 7
20 42
8 21
22 42
10 44
13 44
14 51
11 48
4 53
9 49
15 50
21 28
22 12
23 12
1 0
13 17
3 42
7 28
17 42
11 24
6 46
12 4
8 23
13 42
1 2
18 24
7 9
21 6
6 11
11 42
1 43
22 25
8 12
12 2
23 25
17 5
7 29
8 18
15 6
12 23
9 21
24 14
8 15
7 51
2 46
3 46
24 53
6 48
18 50
19 46
12 45
5 44

