1 4079 87.359000 17958 1238 1201 419 9000 5000 1100
2 4683 92.282000 20245 1468 926 451 11000 5000 1400
3 2735 91.359000 16706 1463 1116 427 7000 5000 1700
4 41532 90.470000 20200 1322 846 432 11000 4500 2100
5 4620 93.594000 14188 1454 1415 419 8000 1000 1900
6 11731 89.046000 20979 1391 740 448 11000 5500 1900
7 15320 79.281000 18511 1316 1012 483 10000 4500 1200
8 4108 78.204000 18217 1365 735 417 9000 5500 1200
9 6312 79.687000 17845 1385 1310 450 8000 4500 2200
10 9931 78.593000 18544 1221 980 443 9000 5000 1900
