r\t   0   1   2   3   4   5   6   7   8   9  10  11  12  13  14  15  16  17  18  19  20  21  22  23  24 
  0  -1 284 233  -1  -1  -1  -1   1 174 176  -1  15 209  -1  -1  -1  89  -1  38  -1  -1  -1  -1  -1  -1 
  1  -1  -1 148 148  -1  -1  -1  -1  27  -1  -1  -1  -1 249  -1  -1  58  -1  25  -1  -1  -1 103  -1  -1 
  2  -1  -1 253  -1  -1  -1  -1  -1  -1  91 132  -1  -1  -1  -1  -1  -1  -1 255  -1  -1  -1  -1  -1  -1 
  3  -1 165  -1  59 223 236 236 167  -1  -1  -1 278  -1  -1  -1  -1  -1  -1  -1  -1  -1  -1  -1  -1  -1 
  4  -1 254  39  -1  -1  -1 110  -1 247  -1  -1  -1  -1 164 125  -1  32  -1  -1  -1  -1  -1  -1  -1  -1 
  5  -1 235  -1  16  16  -1 191  -1 146  -1  88  80 256  29  -1  82  -1  -1  -1  -1  -1  -1  -1  12  -1 
  6  81 214  -1 101  -1  -1  -1 104 104  -1  -1  -1 159  45  -1  -1 124  13  -1  -1  -1 108 131  -1  -1 
  7 265  -1  -1 121  -1  -1  -1 246 157  -1 219 188  34 129  -1  -1 144  -1 111  -1  -1  -1  -1  -1  -1 
  8  -1 210 123  -1  -1  -1  -1  -1  -1  -1  -1  -1  -1 155  -1  -1 261  -1  -1  -1  -1  -1  -1  43  -1 
  9  -1  -1  -1  -1  -1  -1  -1  -1  -1  -1  -1  -1  -1 175  -1  -1 161 202  -1  -1  -1  -1  -1  26  -1 
 10  -1  -1 215 127  -1  -1 260  -1  -1  -1  -1  -1  -1  -1  -1  -1  -1  -1  79  -1  -1  -1  -1  -1  -1 
 11  -1  -1 267  -1  -1  -1  -1  -1  64  -1  -1  -1  -1  70  22  -1  -1 240  -1 257  -1  -1  -1  -1  -1 
 12  -1  -1  -1 280 280  -1  -1  -1  -1  -1  -1  -1  -1 115  -1  -1  -1  -1  -1  -1  -1  -1  -1 158 305 
 13 170  -1 300  -1  -1  -1 286  -1  -1  -1  -1  42  86  -1  -1  -1  -1  -1  -1  -1  -1 243 242 217  -1 
 14 220  -1  -1 234  -1  -1  33 172  -1  -1  -1  -1  -1  -1  -1  -1 189  -1  83  -1  -1  -1  -1 264  -1 
 15  -1  -1  -1  -1  85  -1 291  -1  -1  -1  -1  -1  -1 169  -1 301   0  -1 194  -1  37  -1  -1  -1  -1 
 16  -1  -1 205 245  -1  -1  -1 277  -1 128  -1  -1 154   3  -1  -1 213  -1 302  -1  -1  -1  -1 133  -1 
 17  -1 147  -1  -1  -1 259  71  -1  36  -1  60  60  -1  -1  -1  -1  -1 262 117  -1  -1  -1 168  -1  -1 
 18 306  -1  -1  -1  -1  -1  -1 293 297  -1  -1  35  -1  -1  -1  -1  -1  -1  87  -1  -1  -1  -1  -1  -1 
 19  -1  -1  47  -1  -1  -1  -1  -1  -1  -1  -1 152 299  -1  -1 106  -1  -1 298  -1 238  -1  -1  -1 221 
 20  -1  -1  62  84  -1  -1  -1  72  -1  -1  -1 100  -1  41  -1  -1 289  -1  -1  -1  -1 199  -1 122  -1 
 21  -1 218 287  -1  -1  -1  -1  -1 276  -1  -1  -1  -1 135 173  -1 279  -1  18  -1  -1  -1  -1  -1  -1 
 22  -1  -1  -1 160  -1  -1  -1  -1  -1  -1  -1 166  -1  -1  -1  -1  14  -1  -1  -1  -1  -1  -1  -1  -1 
 23  -1 190  -1  -1  -1  -1 150 113 232  -1  40  -1  -1 179  -1  -1  -1  -1  -1  -1  -1  73 290  -1  -1 
 24  -1  -1  20  -1  -1  -1 130  -1  44  -1 177 204 114  -1  -1  -1 201  -1  -1 282  -1  -1  -1 102 263 
 25  -1 116  -1  -1  -1  -1  -1  -1 304  -1  -1 252  76 198  -1 216  -1  66  -1  -1  -1  -1  -1  -1  -1 
 26  -1 211  -1  -1  -1  -1  -1  -1 120 258  -1  -1  -1  -1  -1 303  -1  -1 212  -1  -1  -1  -1  -1  -1 
 27  -1  78  -1  -1  -1  -1 248  -1  -1  -1  -1 292 196  -1  -1  -1  -1  69  -1  -1  -1  -1  -1  -1  -1 
 28  -1  -1 192 192  -1 126  -1 145  -1  -1  -1 171  -1 296  -1  -1  -1  -1 307  -1  -1  28  -1 203  -1 
 29  -1  56  -1  -1  -1  -1  77  -1  -1  -1  -1  -1  57  23  -1  -1  -1  -1  -1  -1  -1  67 208  -1  -1 
 30  -1  -1  -1  30  -1  -1  -1  -1  17  17   2   2  -1  -1  -1  -1  -1  24  -1  -1  19  19  19   4   4 
 31  31  31  31  -1  -1  -1  -1  -1  -1  -1  -1  -1  -1  -1  -1  -1  -1  -1  -1  -1  -1  -1  -1  -1  -1 
 32  48  48  74  46  46  63  63  63  -1  -1  -1  -1  -1  -1  -1  -1  -1  -1  68  -1  -1  -1  61  61  -1 
 33  -1  -1  -1  -1  -1  -1  -1  -1  -1  -1  -1  -1  -1  -1  -1  -1  -1  -1  -1  -1  -1  -1  75  75  75 
 34 105 105  -1  92  92  -1  -1  -1  -1  -1  -1 118 107 107 107  -1  -1 112  -1  -1  -1  -1  -1  90  90 
 35  -1  -1  -1  -1  -1  -1  -1  -1  -1  -1  -1  -1  -1  -1  -1  -1  -1  -1  -1  -1 119 119 119  -1  -1 
 36 134 134 162  -1  -1  -1 156 136 136  -1  -1  -1  -1  -1  -1  -1  -1  -1 149 149 151 151 151  -1  -1 
 37  -1  -1  -1  -1  -1  -1  -1  -1  -1  -1  -1  -1  -1  -1  -1  -1  -1 163 163 163  -1  -1  -1  -1  -1 
 38  -1 180 180 178 178  -1  -1  -1 193 193  -1  -1  -1 200  -1  -1  -1  -1  -1  -1  -1 206 195 195 195 
 39  -1  -1  -1  -1  -1  -1 207 207 207  -1  -1  -1  -1  -1  -1  -1  -1  -1  -1  -1  -1  -1  -1  -1  -1 
 40  -1  -1  -1  -1  -1  -1  -1  -1 222 222 224 224 239 239 239 237 237  -1  -1  -1  -1 250 244  -1  -1 
 41  -1  -1  -1  -1  -1  -1  -1  -1  -1  -1  -1  -1  -1  -1  -1 251 251 251  -1  -1  -1  -1  -1  -1  -1 
 42  -1 288  -1  -1  -1  -1  -1 266 266  -1 268 268  -1 281 281  -1  -1  -1  -1  -1 283 283 283 294  -1 
 43  -1  -1  -1  -1  -1  -1  -1  -1  -1  -1  -1  -1  -1  -1  -1 295 295 295  -1  -1  -1  -1  -1  -1  -1 
 44  -1  98 139  -1  -1  -1  -1  -1  -1   7  -1  -1 184  -1  -1  -1  -1  -1 241  -1  -1  -1  -1  -1  -1 
 45  -1  -1  -1 137  -1  99  -1 227  -1  -1  -1  -1  -1  -1  -1  -1  -1 311  -1  -1  -1  -1  -1  -1  -1 
 46  -1  -1  -1 228  -1  -1  -1  -1  -1  55  -1  96  -1  -1 310  -1  50  -1  65  -1  -1  -1  -1  -1  -1 
 47  -1  10 226 275  -1  -1  -1  -1  -1  -1  -1  -1  11  -1  -1  -1  -1 197  -1  -1  -1  -1  -1 187  -1 
 48  95  -1  -1   5  -1  -1  -1  -1  -1 274  -1  -1 270  -1  -1  -1 230  -1 285  -1  -1  -1  -1 231 269 
 49  -1  -1  -1  -1   6 225  -1  -1   8 140  -1 186  -1 273  -1  -1 142  -1  -1 316  -1  -1  -1  -1 143 
 50  -1 229  93  -1  -1 138  -1 182  94  -1  -1  -1  -1  -1  -1  -1 181  -1  -1  -1  -1  -1  -1  -1  -1 
 51  -1  -1  -1  -1  -1   9 315  53  -1  -1  -1 141  -1  -1  -1 309  -1  -1  -1  -1  -1  -1  -1  -1  -1 
 52  -1  -1  -1  -1  -1 183  21  -1  -1  -1  54  -1  -1  -1  -1  -1  -1  -1 308  -1 312  -1  -1  51  -1 
 53 185 272  -1  -1  -1 271  -1  97  -1  -1  -1  52  49  -1  -1 153  -1 109  -1  -1  -1 314 313  -1  -1 

r\t   0   1   2   3   4   5   6   7   8   9  10  11  12  13  14  15  16  17  18  19  20  21  22  23  24 
  0  -1  -1  76  -1  -1  -1  -1  -1  -1  -1 155 306 240  -1  -1  -1 296  -1  -1  -1  -1  -1  -1  -1  -1 
  1 125  -1  -1  -1  -1  -1  -1  -1 205  -1  -1  -1  33  -1  -1  -1 253  -1  -1  -1  -1  -1  -1  -1  -1 
  2  -1  -1  -1  -1  -1  -1  -1 263  -1  -1  -1  20 219 203  -1  -1  73  -1  79  -1  -1  -1 113 234  -1 
  3  -1  12  -1 129  -1  -1  -1  -1  -1  -1  -1 116  -1  -1  -1  -1 157 110 305  -1  -1  -1 291 264  -1 
  4  -1 190  -1  62  -1  -1 100  -1  -1  -1  -1  -1  23 170  -1  -1  -1  -1 172  -1  -1  -1  14  -1  -1 
  5 220 161  67  -1  -1  -1  -1  32  -1  -1 171  -1  36  -1  -1  43  -1 198  64  -1  -1  -1  -1 247  42 
  6  -1  -1  -1 202  -1  -1  70 145  -1  -1  -1 108  -1  -1  -1  -1  -1  -1  -1  -1  -1  -1  -1  -1  -1 
  7  -1  -1  -1  -1  -1  -1 213 111 106  -1  -1  -1  -1  15  -1  -1  -1  -1 232  -1  -1  80  72 297 176 
  8  -1 122  -1  -1  -1  -1  -1  -1  -1  -1 131 298 246  -1  -1  -1  -1 115 114  -1  -1  -1 301  -1  -1 
  9  -1 144  -1 290  -1  -1 260  -1  -1  -1  -1  -1  -1  -1  -1 175  -1  -1  37  -1  -1  -1 233  -1   1 
 10 132  56  -1  -1  -1  -1  88  -1  -1  -1  -1  -1 208  -1  -1  -1 278 245 292  -1  -1  -1  -1 201  -1 
 11  -1  69  -1  -1  -1  -1  -1  -1  -1 259  -1  -1 121  -1 217  -1  -1  -1 104 104  -1  -1  -1  -1  -1 
 12  -1 256 282  -1  -1  -1 254 248  -1  -1 192 192 267 101  -1  -1  89  -1 277  -1  -1  -1  -1  -1  -1 
 13  -1 223 147  47  -1  -1 160  -1  -1 128  -1 130  -1 235  -1  -1  -1  -1  -1  -1  -1  -1  44  -1  83 
 14  -1 126  -1  -1 258  -1  -1  -1  -1  -1  -1 276  38 135  -1  -1 124 299  -1 262  -1  -1  -1 179  -1 
 15  -1  -1  -1  -1  -1  -1  -1  91  -1  -1  -1 252  -1 154  82  -1  -1 148 148  -1  -1  -1  -1 103  -1 
 16 127  -1  -1  -1  -1  -1  -1  -1  -1  -1  -1 166  -1  78  -1  -1  -1  -1  -1 214  -1  -1  -1  -1  -1 
 17  -1  -1  -1  -1  -1  -1  -1 279 194 257  87  -1  -1 159  -1 150  -1 167  -1  -1  -1  -1  -1 120  -1 
 18  -1  -1  -1  -1  -1  -1  -1 165  18  -1 218  -1  -1 123  -1  -1  -1  -1  -1  45  -1  -1  -1  -1  -1 
 19 307  -1  -1 265  -1 236 236  -1  -1  -1  -1  -1  85  -1  -1  -1 189 286  -1  -1  -1  -1  -1  -1  -1 
 20  -1  -1  -1  -1  -1  -1  58  -1  -1  -1  -1  -1 152  -1 221  -1  -1  -1 173  -1  -1  -1  -1  -1  -1 
 21  -1  -1 199  -1  -1  -1  -1  -1 238  -1  -1  -1  -1 174  -1  -1  -1  -1 211  -1  -1  -1  -1  -1  -1 
 22  -1  39 300  -1  -1  -1 191  41  -1  -1  -1  -1  57  -1  -1  -1  -1  -1  -1  -1  -1  26 168  -1  -1 
 23 280 280  -1  -1  -1  -1 146  -1  -1  -1  -1  -1 302  -1  -1  -1  -1  77 304  -1  -1  -1  -1 158 216 
 24  -1  -1  -1 261  -1  -1  -1   0  -1  -1  -1  -1   3  34  -1  -1  -1  -1  -1  -1  -1  -1  -1  13  -1 
 25  -1  35  -1  -1  -1  16  16  -1  -1  -1  -1  27 102 255  -1  -1  -1  -1  -1  -1  -1 209  -1  -1  -1 
 26  -1  -1  -1  81  -1  -1  -1  -1  -1  -1  -1  -1  -1  59  -1  -1  28 210  -1  -1  -1  66  60  60  -1 
 27  -1 243  -1 196  -1  -1  -1  -1  25  -1  -1  84  -1  -1  -1  22  -1  -1 188 169  -1 287  -1 133  -1 
 28  -1 204  29  -1  -1  -1 289  -1 249  -1  -1  40 164 284  -1  -1  -1 303  -1  -1  -1 293 212  -1  -1 
 29  -1  -1  -1 177  -1  -1 215  -1 117  -1  -1  -1  -1  -1  -1  -1  -1  -1  -1  -1  86 242  -1  71  -1 
 30   4   4  19  19  19  -1  24  -1  -1  -1  -1  -1  -1   2   2  -1  -1  17  17  -1  -1  -1  -1  30  -1 
 31  -1  -1  -1  -1  -1  -1  -1  -1  -1  -1  -1  -1  -1  -1  -1  -1  -1  31  31  31  -1  -1  -1  -1  -1 
 32  48  48  -1  -1  -1  -1  -1  61  61  -1  -1  74  -1  46  46  63  63  63  68  -1  -1  -1  -1  -1  -1 
 33  -1  -1  -1  -1  -1  -1  -1  75  75  75  -1  -1  -1  -1  -1  -1  -1  -1  -1  -1  -1  -1  -1  -1  -1 
 34  -1  -1 105 105  -1  -1 118 112  -1  -1  -1  -1  -1  -1  -1  -1  -1  -1  92  92 107 107 107  90  90 
 35  -1  -1 119 119 119  -1  -1  -1  -1  -1  -1  -1  -1  -1  -1  -1  -1  -1  -1  -1  -1  -1  -1  -1  -1 
 36  -1  -1  -1 149 149  -1 134 134 162  -1  -1 136 136  -1  -1  -1  -1  -1 156  -1 151 151 151  -1  -1 
 37  -1  -1 163 163 163  -1  -1  -1  -1  -1  -1  -1  -1  -1  -1  -1  -1  -1  -1  -1  -1  -1  -1  -1  -1 
 38 178 178  -1  -1  -1  -1  -1  -1  -1  -1  -1 206 195 195 195  -1 200  -1 180 180 193 193  -1  -1  -1 
 39  -1  -1  -1  -1  -1 207 207 207  -1  -1  -1  -1  -1  -1  -1  -1  -1  -1  -1  -1  -1  -1  -1  -1  -1 
 40  -1  -1  -1 237 237  -1  -1  -1  -1  -1  -1  -1 222 222  -1 239 239 239 250  -1  -1  -1 244 224 224 
 41  -1  -1 251 251 251  -1  -1  -1  -1  -1  -1  -1  -1  -1  -1  -1  -1  -1  -1  -1  -1  -1  -1  -1  -1 
 42 266 266  -1  -1  -1 281 281  -1  -1  -1  -1  -1 288 294  -1  -1  -1  -1 268 268  -1  -1 283 283 283 
 43  -1  -1  -1  -1  -1  -1 295 295 295  -1  -1  -1  -1  -1  -1  -1  -1  -1  -1  -1  -1  -1  -1  -1  -1 
 44  98 141  -1  -1  -1 316  -1  -1  -1  93  -1  -1  -1  -1  -1  -1  -1  -1  -1  -1  -1  -1  -1  -1  -1 
 45  -1  -1 308  -1  -1  -1  52  -1  -1 225  -1  -1  -1  95  -1  -1 273  -1  10  -1  -1  -1  -1  -1  -1 
 46  -1  -1  -1  -1  -1  -1   6 272  -1  -1  -1  -1 285  -1  -1  -1  -1  -1  -1  -1  -1  -1 270  -1  -1 
 47  -1  -1  -1  -1  -1  -1  -1 231  -1 269  -1 229  -1 274  -1  -1 142  -1  -1  -1  -1  -1  -1  -1  55 
 48  -1  -1  -1  -1  -1  -1  -1  -1  -1   9  -1 275 182  -1  -1  -1 185 311 226  -1  -1  21   8  50  -1 
 49  -1  96  -1  -1  -1  -1 227  -1 313 143 312 187  -1  -1  -1  -1   5  -1  -1  -1  -1  -1  -1   7  -1 
 50  -1  -1  -1  -1  -1  -1  -1  -1  -1  -1 241  -1  -1  -1  -1 310  -1  -1  53 140  -1  -1 186  -1  -1 
 51  -1  -1  -1  -1  -1  -1  -1 184 153  -1  65  99  94  -1 138  -1  -1  -1  -1  -1  -1  -1 228 197 139 
 52  -1  -1  -1  -1 314  -1 181  -1  -1  -1 109  11  51  -1  97  -1  -1  -1 137 230  -1  -1  -1  -1  -1 
 53  -1  -1  -1  -1  -1  -1  -1  54  -1 183  -1  49  -1  -1 271  -1  -1  -1  -1  -1 309 315  -1  -1  -1 

r\t   0   1   2   3   4   5   6   7   8   9  10  11  12  13  14  15  16  17  18  19  20  21  22  23  24 
  0  -1  -1  -1 267  -1  -1 278 179  84  -1  -1 122  -1  59  -1  -1  -1  -1  -1  -1  -1  -1  -1  -1  -1 
  1  -1 159 287 164  -1 104 104 199 114  -1 220  -1  -1  -1 175  -1  -1 121 242  -1  -1  -1  44 108  -1 
  2  -1  -1 120  15 173  -1  -1  -1 150  -1  -1 168  -1 198  -1  -1  -1  -1  -1  -1 171  -1  -1  -1  -1 
  3  -1  -1  -1  -1  -1 174  -1  -1  -1 263  -1 256  -1  82  -1  -1  -1  86  -1  -1 218 170  -1  -1  -1 
  4  -1  -1  -1  45  -1  -1  -1  -1 282  -1  -1 210  25  -1  -1  -1  -1  -1  -1  -1  -1  -1  -1  89  -1 
  5  -1 301  -1 286 303  -1  -1  -1  -1  -1  -1 211  -1  -1  -1  -1  32  -1  -1 169  39  35  -1 214  -1 
  6  -1   3  -1  -1  67  -1  -1 296  -1  -1 126 290  -1  -1 127  -1 123  -1  -1  -1  -1  -1  -1  -1  -1 
  7  -1  77 253 111 258  -1 130  -1 110  -1  -1 101 264  -1  -1 177  -1  -1  40  -1  -1  -1  29  -1  -1 
  8  -1 297  -1  36  -1  -1  -1 216 194  -1  -1  -1  -1  -1 221  -1 234  -1 284  -1  -1  -1 157 154  -1 
  9  -1  47  -1  -1 125  -1  -1  -1  -1  -1  -1  -1  -1 238   1  -1  -1  -1  -1  -1  -1  -1 152  -1  -1 
 10  -1  -1  22  -1  -1  -1  -1  -1  -1  -1  -1 307 249  -1  -1  -1  -1  13  -1  -1  -1  41  -1  78  -1 
 11  -1 191  -1  27  -1  -1  -1  -1 215  -1  -1  -1 300 166  -1  -1 259  -1 201  -1  -1  -1 240  -1  -1 
 12  -1  71 158  -1  -1  -1  -1  -1  -1  -1  -1  73  -1  -1  -1  -1 276 204  -1  -1  -1  57  -1 172  -1 
 13  -1  -1 106  -1  -1  -1 247 248  -1  -1  -1 188 205  -1  -1  -1  -1  -1  -1  -1  -1  38  -1  -1  -1 
 14  -1  34  -1  -1  -1  -1  20  -1  -1  -1  -1  -1   0  -1  -1  -1  79  -1  -1  -1  -1  -1  -1  -1  -1 
 15  -1  -1  66  -1  -1  -1  -1  -1  -1  -1 236 236  -1  -1  -1  -1 103 243  69  -1  -1  -1  -1  -1  -1 
 16  -1 235  -1  91  -1  83  76  80  -1  -1  -1  -1  -1  -1  -1  -1  -1  -1 116  -1  -1  -1  -1  -1  -1 
 17  -1  -1 257  -1 305  -1  81  -1 246  -1  -1 265  -1  -1  -1  -1 212  -1 260  -1  -1 144  -1 289  -1 
 18  -1  -1  -1 254  -1  -1 146  -1 209  -1  -1  26  -1  -1  -1  -1  -1  28  -1  -1  -1 255  -1 135  -1 
 19  -1  -1  -1  -1  -1 304  -1 129  -1  -1  -1  -1  -1  -1  -1  -1  14  -1  -1  -1 131  12  16  16  -1 
 20  -1 100  33  -1 128 176 189  -1  -1  -1 148 148  -1  -1  -1  -1  64  -1  -1  87  -1 132  -1  -1  -1 
 21  -1  -1  72  -1  -1  -1 299  -1  -1  -1  -1  -1  -1 208  -1  -1  -1 279  -1  -1  -1  -1 117  -1  -1 
 22  -1 245  -1 233  -1  -1  -1  -1  70  -1  -1  -1  -1 217 213  -1  -1  -1 252  -1  -1 298 192 192  -1 
 23  -1  23 291  -1  -1  -1  56  -1 165  -1  60  60  -1  -1  -1  -1 161 223  -1  -1  -1 202 277 124  -1 
 24  -1  -1  -1  -1  -1  -1  -1  -1 261  43  -1  -1 133  -1  -1  -1 147  -1  -1  -1  37 190  -1 167  -1 
 25  -1 113  -1  -1  -1  -1 160  58  62  -1  -1  -1  -1  -1  -1 306  -1  85  -1  -1  -1 102  -1  -1  -1 
 26  -1  -1  -1  -1  -1  -1  -1 145  -1  -1  -1  -1  -1  -1  -1  -1  -1  -1  -1  -1  -1  -1  -1  -1  -1 
 27  -1 219  -1  -1  -1  -1  -1  -1 292  -1  -1  -1 196  18  -1  -1  -1  -1 262  -1  -1  88  -1 203  -1 
 28  -1  -1  -1 302  -1  -1 115  -1  -1  -1  -1  -1  -1  -1  -1  -1  -1  -1  -1  42  -1  -1  -1 293  -1 
 29 280 280  -1  -1  -1  -1 232  -1  -1  -1  -1  -1  -1 155  -1  -1  -1  -1  -1  -1  -1  -1  -1  -1  -1 
 30  -1  -1  -1  -1  -1  -1  -1  17  17  -1  19  19  19  30  -1  -1   4   4  24  -1  -1   2   2  -1  -1 
 31  -1  -1  -1  -1  -1  -1  31  31  31  -1  -1  -1  -1  -1  -1  -1  -1  -1  -1  -1  -1  -1  -1  -1  -1 
 32  -1  -1  -1  -1  -1  -1  48  48  -1  -1  46  46  -1  -1  -1  -1  68  63  63  63  -1  74  61  61  -1 
 33  -1  -1  -1  -1  -1  -1  -1  -1  -1  -1  -1  -1  75  75  75  -1  -1  -1  -1  -1  -1  -1  -1  -1  -1 
 34  90  90  -1  -1  -1  -1  -1 118  -1  -1  -1  -1  -1 105 105  92  92 107 107 107  -1 112  -1  -1  -1 
 35  -1  -1  -1  -1  -1  -1  -1  -1  -1  -1  -1  -1 119 119 119  -1  -1  -1  -1  -1  -1  -1  -1  -1  -1 
 36  -1 151 151 151  -1 134 134 162  -1  -1 136 136  -1  -1  -1  -1  -1 149 149  -1  -1 156  -1  -1  -1 
 37  -1  -1  -1  -1  -1  -1  -1  -1  -1  -1  -1  -1  -1  -1  -1  -1  -1 163 163 163  -1  -1  -1  -1  -1 
 38  -1  -1 193 193  -1  -1 206 200  -1  -1 178 178  -1  -1  -1  -1  -1 195 195 195  -1  -1 180 180  -1 
 39  -1 207 207 207  -1  -1  -1  -1  -1  -1  -1  -1  -1  -1  -1  -1  -1  -1  -1  -1  -1  -1  -1  -1  -1 
 40 224 224  -1  -1  -1 222 222 239 239 239  -1  -1  -1  -1  -1  -1 250 244  -1  -1  -1  -1  -1 237 237 
 41  -1  -1  -1  -1  -1  -1  -1  -1  -1  -1  -1  -1  -1  -1  -1  -1  -1  -1  -1  -1  -1  -1 251 251 251 
 42  -1  -1  -1 288  -1  -1 266 266  -1  -1  -1  -1 283 283 283  -1 294  -1  -1  -1 281 281 268 268  -1 
 43  -1  -1  -1  -1  -1  -1  -1  -1  -1  -1  -1  -1  -1  -1  -1  -1  -1 295 295 295  -1  -1  -1  -1  -1 
 44 138  -1 241  -1  -1  -1  -1  -1  -1  -1  -1  -1  -1  -1 140  -1  -1  -1  -1  -1  -1  -1  -1  53  -1 
 45 275  65  -1   6  -1  -1 184  -1  -1  -1  -1   7  -1  -1  -1  -1 139  -1  -1  -1  -1 226  -1  -1  -1 
 46  55  -1  -1  -1  -1  11  -1  -1  -1  -1  -1  -1  -1 315  -1  -1  -1  -1  21  -1  -1  -1 141  -1  -1 
 47  -1 272  -1  -1  -1  97  -1 137  -1  -1  -1  -1 181  -1  -1 225 231  -1  -1  -1 109  49  -1  -1  -1 
 48  -1  -1  -1  -1  -1  -1  -1  -1  -1  -1  -1  -1  -1  -1 185 269  -1  -1  -1  -1  -1 273  -1   5  -1 
 49  -1 182  -1  -1 197  -1  99  -1  -1  -1 274  -1  -1  -1  -1   8  -1  -1  -1  -1  -1 186  -1  -1  -1 
 50 183  -1 311 142  -1  54  -1  -1 308  -1  95  -1  -1  -1  -1  -1  51  -1  -1 312  -1  -1 230  -1  -1 
 51   9  -1  -1  -1  -1  -1  -1  10  -1 285  -1 227  -1  -1  -1 143 187  94  -1  -1 309  -1  -1  -1  -1 
 52  -1  -1  -1  -1  -1 271  -1  93  -1 314  -1  -1 229  -1  -1  50 270  -1  -1  -1  -1  -1  98  -1 310 
 53  -1  -1  -1 228 316  -1  -1  -1  -1  -1  -1  96  52  -1  -1  -1  -1  -1 313  -1 153  -1  -1  -1  -1 

r\t   0   1   2   3   4   5   6   7   8   9  10  11  12  13  14  15  16  17  18  19  20  21  22  23  24 
  0  -1 254  -1 158  -1  -1  -1 160  -1  -1  -1  -1  36  -1  -1  -1  -1 135 131  -1  -1  -1  84  -1  -1 
  1  -1  -1  -1  -1  -1  -1  -1  -1  -1  -1  -1 205 168  -1 125  -1 116  15  -1  -1  -1  -1  -1 122  -1 
  2  -1 169 257 245 220  -1  -1  -1  85  -1  -1  -1  -1  -1  -1  -1  -1  -1 202  -1  -1  -1 240  -1  -1 
  3  -1 164  -1 111  -1  -1  26 209 110  -1  -1  -1  -1 300  -1  -1 127  59  56  -1  -1  -1  -1 196  -1 
  4  -1  -1  37 124  -1  -1  88  -1 279  -1  -1 147 155  -1  -1  -1 277  -1  -1  -1  -1  -1  71  -1  -1 
  5  -1 108  -1  -1  -1  -1  -1 148 148  -1  -1  -1  -1  -1  -1  -1  -1  -1  -1  -1  -1  -1 292  -1  -1 
  6  -1 208  -1  83 173  -1 298 284 210  -1  -1  -1  -1  -1 264  -1 146  -1  -1  -1  -1  -1  -1  22 213 
  7  -1 190  -1 287  41  -1  -1 248  -1  -1  -1  -1  -1  -1  -1  -1  80 259  -1  38  -1  -1  -1 255  -1 
  8  -1  -1  -1 204  81  -1  -1  -1 165  -1 130  -1  -1  -1  -1  -1  -1 121 157  -1  -1  78  -1  -1  -1 
  9  -1  -1  76  -1 217  -1 247  23  -1  -1  -1 120  -1 201  -1  -1  64  -1  -1  -1  -1  -1  -1  -1  -1 
 10  -1  -1  35 267  -1  -1  -1  -1  -1  -1 218  -1  -1 154  -1  -1  -1 177 145  -1  -1 219  66  -1  -1 
 11  -1  -1  44  47  -1 214  -1  -1  -1  -1  -1 234  -1  -1 216  -1  -1 104 104  -1  -1  13  -1 238  -1 
 12  -1  -1  -1  -1  -1  -1  -1  -1 289  -1  -1  -1 171  -1  -1  -1  -1 223  14  -1  -1  -1  -1  -1  -1 
 13  -1  -1  -1  -1  -1  -1  -1 117  -1 126  -1  -1  -1 166  -1  -1  -1  -1  -1  -1  -1  -1  -1  -1  -1 
 14  -1  -1  -1  -1  40  -1  -1  -1  -1  -1  -1  -1  -1 263  -1  -1  -1  -1  -1  -1  -1  -1  -1 286  -1 
 15 236 236  -1  62  -1  -1 276  57  79  -1  -1  -1  -1  27  -1  -1  -1 128 297  -1  -1  -1  -1  -1  -1 
 16  -1  -1  -1  -1  -1  -1  -1  -1  -1 176  -1 103  33 262 301  -1  -1  -1  -1  -1  -1  -1  18  67  -1 
 17  -1  -1  -1  72  89 133  -1 101  -1  -1  -1  -1  -1  -1  -1  -1  -1  -1  -1  -1  -1  -1  -1  -1  -1 
 18  -1  -1 278  -1  -1  -1 152  -1  -1  -1  -1  42 293  -1  -1  -1 189 280 280  -1 106 161  -1  25  -1 
 19  -1  -1 114  -1  -1  -1  -1  -1 194  -1  -1  -1  -1  -1  -1  -1  -1  -1 123  -1  -1  -1  -1  -1 302 
 20  -1  -1 253  -1  -1  -1  73  -1 246  -1  -1  -1  -1 199  -1  -1  -1  -1  -1  -1  -1 296 175  -1  -1 
 21  -1  -1 159  39  -1 174   1   3  -1  -1 132  87  -1 172  -1  -1  -1 167 252  -1  -1  -1  -1  -1  -1 
 22  -1  34  -1  29 265  -1  58 129  -1  -1  -1  -1  -1  -1  -1  -1  -1 249 191  -1  -1  32  -1  -1  -1 
 23  -1  -1 102  -1  -1  -1  -1  -1  -1  -1  -1  -1 242  -1  -1  -1  -1  -1 233 260  -1 235 305 299  -1 
 24  -1  -1 192 192  -1  -1  -1  -1  -1  -1  -1  -1  -1 243  -1  -1  20  69  70  -1 258  -1  -1  -1  -1 
 25  -1  -1 290  -1  -1  -1  -1  -1  -1  -1  -1  -1 212  -1 307  -1  -1 150  28  -1  -1  -1  -1  -1  -1 
 26  -1  -1  -1  -1  -1  -1 188 179  -1  43  -1  12  -1  -1  -1  -1 256  -1  -1  45 144  -1  -1 170  -1 
 27  -1  -1  -1  91  -1  -1  -1 303  -1  -1  -1  82  -1 113  -1  -1 203  -1  -1  -1  60  60  -1  -1  -1 
 28  -1 115  -1 232  -1  -1 100 198  -1  -1  -1  -1  -1  -1  -1  -1  -1 291  -1  -1  -1 282 261  -1 306 
 29  -1  -1  16  16  -1  -1  -1  77 211 215  -1  86  -1 304 221  -1  -1  -1   0  -1  -1  -1  -1  -1  -1 
 30  17  17   4   4  -1  -1  -1  -1  30  -1   2   2  19  19  19  -1  -1  -1  -1  -1  -1  -1  24  -1  -1 
 31  -1  -1  -1  -1  -1  -1  -1  -1  -1  -1  -1  -1  -1  -1  -1  31  31  31  -1  -1  -1  -1  -1  -1  -1 
 32  63  63  63  -1  -1  -1  48  48  68  -1  -1  -1  61  61  -1  -1  46  46  -1  -1  -1  -1  -1  74  -1 
 33  -1  -1  -1  -1  -1  -1  -1  -1  -1  -1  -1  75  75  75  -1  -1  -1  -1  -1  -1  -1  -1  -1  -1  -1 
 34  -1  -1  -1  -1  -1  -1 112  -1 118  -1  90  90 107 107 107  -1  -1  92  92  -1  -1  -1 105 105  -1 
 35  -1  -1  -1  -1  -1  -1  -1  -1  -1  -1  -1  -1  -1  -1  -1  -1  -1  -1  -1  -1  -1  -1 119 119 119 
 36  -1 151 151 151  -1  -1 134 134 162  -1  -1  -1  -1  -1  -1  -1 156  -1 136 136  -1  -1 149 149  -1 
 37  -1  -1  -1  -1  -1  -1  -1  -1  -1  -1  -1  -1  -1  -1  -1  -1  -1  -1  -1  -1  -1  -1 163 163 163 
 38 180 180 206  -1  -1  -1 200  -1  -1  -1 195 195 195  -1  -1  -1  -1  -1 178 178 193 193  -1  -1  -1 
 39  -1  -1  -1  -1  -1  -1  -1  -1  -1  -1  -1  -1  -1  -1  -1  -1  -1  -1  -1  -1  -1 207 207 207  -1 
 40  -1 224 224  -1  -1  -1 239 239 239  -1  -1 244  -1 250  -1 237 237  -1 222 222  -1  -1  -1  -1  -1 
 41  -1  -1  -1  -1  -1  -1  -1  -1  -1  -1  -1  -1  -1  -1  -1  -1  -1  -1  -1  -1 251 251 251  -1  -1 
 42 281 281  -1 294  -1 266 266  -1  -1  -1  -1 283 283 283  -1  -1 288 268 268  -1  -1  -1  -1  -1  -1 
 43  -1  -1  -1  -1  -1  -1  -1 295 295 295  -1  -1  -1  -1  -1  -1  -1  -1  -1  -1  -1  -1  -1  -1  -1 
 44  -1  -1  -1  -1  -1  -1  -1  -1  -1  55  -1  -1  -1  -1  -1  -1  -1  -1  -1  -1  -1  -1  -1  -1 316 
 45  -1  -1  -1  -1  -1   9  -1  -1  65  -1 229  -1  -1  -1  52  -1  -1  -1  53  -1  -1  -1 314 309  -1 
 46  -1  -1  -1  -1  -1  50  -1  -1  -1  -1  -1  -1  -1  -1  -1  -1 225  -1  -1  98  -1  -1  -1  -1  -1 
 47  -1  95  -1  -1  49  -1  -1  93  -1  -1  -1  -1 313 308 143  -1  -1   6  -1   7  -1  -1  -1  -1  -1 
 48  -1  -1 183 187  11  -1  -1  -1  -1  -1  -1  -1  -1  -1 181 312 274 241  -1  -1  -1  -1  -1  -1  -1 
 49  -1 272 269 231  -1  -1  -1  -1  -1  10 273  -1  -1  -1  -1 197  -1  -1  -1  -1  -1 109  -1  -1  -1 
 50 140  -1  94  -1  -1  97 184 270  21 230  -1  -1  -1  -1  -1  -1  -1  -1  -1  -1  -1 311  -1  -1  -1 
 51 228  51  -1  -1 137 226  -1  -1 315 138  54 139  -1  -1  -1  -1 141  -1  -1  -1  -1  -1  -1  -1  -1 
 52   8   5  -1  -1  -1 186  -1  -1  -1  -1  -1  -1  -1  -1  -1  -1 182  -1  -1 271 310 153  -1  -1  -1 
 53 275 142  -1  -1 185  -1  -1  -1  -1  99  -1 227  -1  -1  -1  -1  96  -1  -1  -1  -1  -1 285  -1  -1 

r\t   0   1   2   3   4   5   6   7   8   9  10  11  12  13  14  15  16  17  18  19  20  21  22  23  24 
  0  -1  -1  -1  -1 301  -1  -1  -1  34  -1  -1  -1  -1  -1  -1  -1  39 194  23  -1  -1  -1  -1  -1  -1 
  1  -1 123  62  -1  -1  -1 211  -1  -1 216  -1  14  -1 159  -1  -1  -1  -1 110  -1  -1  -1  -1  -1  -1 
  2  -1  -1  -1 232  -1  44 135  -1 102  -1  -1  -1  -1  -1  -1  -1  20  -1 291  -1  -1  -1  -1 100  -1 
  3  -1 247  41 298  -1  -1 292 126  -1  -1  -1  -1  -1 129  -1  -1  -1  -1  -1 132  -1  -1 122  -1  -1 
  4  -1   3  18   0  -1  -1  45 133  -1  -1  -1 233  -1  -1  -1  -1  -1 264 199  -1  -1  33  -1 252  -1 
  5  -1  -1  -1  -1  -1  -1 307  80  -1  -1  -1  -1  85 276   1  -1  -1  -1  -1  -1  -1  -1  -1  -1  -1 
  6  -1  -1  -1 116  -1  -1  -1 101  -1  -1  -1  -1 114  64  -1  -1  -1  78  -1  -1  37  -1 242 234  -1 
  7 260  32  82  -1  -1  -1  26  -1  -1  -1  -1 190 188  -1  -1  -1  -1  -1  -1  -1 213  -1  -1  -1  -1 
  8  38 125 160  -1  -1  -1  -1 158  -1  -1  -1  76 254  -1  -1  -1  -1  -1  -1  -1  -1  -1  -1  -1  -1 
  9  43 144 131  -1  -1 198  70  42 235  -1  -1  91 290  -1  -1  -1  -1  -1  -1  89  -1 238  -1  -1 304 
 10  -1  -1  -1  -1  -1  -1 154  -1  -1 176  -1  -1  -1  -1  -1  -1  -1  -1  -1  -1  -1  -1  -1  87  -1 
 11  -1  -1  -1  -1  -1 221 168 205 302  -1  -1  -1  -1  -1  -1 104 104 117  -1  -1  -1  -1  -1  -1  -1 
 12  -1  -1 173  -1  -1 218 249 280 280  -1  -1  -1  -1 146  -1  -1  -1  -1  -1 177  -1  -1  -1 293  -1 
 13  -1  -1  -1  -1  -1  -1  -1  -1 120  -1  -1  -1 171  -1  -1  -1  -1  -1 124  -1  -1  -1  -1  -1  -1 
 14  -1  -1  -1  -1  83  -1  -1 152  -1  -1  -1  -1  -1  -1  -1  -1  -1  -1 243  -1  -1  -1  -1 157 106 
 15 130  -1  -1  -1  -1  -1  -1  -1  -1  -1  -1 166 284 128  -1  -1  -1 179  -1  -1  -1 155  -1  -1  -1 
 16  -1 305  72  -1 303  -1 223  -1  -1  -1  -1 267  -1 208  -1  -1  -1 170  71  -1  -1  -1  -1  73  -1 
 17  -1 127 121 165  -1  -1  -1  16  16  -1  -1  -1 164 115  -1 219  -1  57 161  -1  -1  -1 148 148  -1 
 18  -1  -1  -1  -1  -1  -1  -1 296  47  -1  -1 111 145  -1  -1  -1 277  -1  -1  -1  -1  -1 175  -1  -1 
 19  -1 103  -1  -1  -1  -1  -1  -1 299  -1  -1  29 265  -1  -1  -1  -1  -1  -1  -1  -1 169  -1  -1  -1 
 20  -1  58  -1 212  -1  -1  -1  -1 147  -1  -1  -1  -1 172  -1  -1  -1  -1 286  -1  -1  -1  -1  -1  -1 
 21  -1  -1  -1  -1  -1  -1  -1  40  -1 262  22  -1  -1  -1  -1  -1 189  -1 258  -1  -1 191  -1  -1  -1 
 22  -1  -1  -1  -1  -1 282  -1  -1  -1 220  -1 300  13  -1  -1  -1  -1  -1  -1  -1  -1  81  -1  -1  -1 
 23  -1 217  -1  -1  -1  -1 113 192 192  -1  -1  -1  -1 196  -1  -1 209  -1  28  -1 215  -1  -1  -1  -1 
 24  -1 289  -1  -1  -1  -1  88  -1  -1  -1  -1  -1 204  -1  -1  -1  77  -1 203  -1  -1 174  59 259  -1 
 25  -1 202 201  -1  -1  -1  12  -1  -1  -1  -1  -1  -1  -1  -1  -1  -1  -1  -1  -1  -1  -1  36 257  -1 
 26  -1  79  -1 248  -1  -1  -1 246  -1  -1 150  -1  -1  86  -1  -1  -1  -1  67  -1  -1  -1 108  -1  -1 
 27  -1  -1  -1  -1  -1  -1 263 214 210  -1  -1  -1 236 236 306  -1  -1  -1  -1  -1  -1  -1  27  -1  66 
 28  -1 261 253  25  -1  -1  -1  -1 256  -1  -1  -1  -1  -1  -1  60  60  15  -1  -1  -1  -1 297  -1  -1 
 29  -1 279  -1  56  -1  -1  -1 240  69  -1  -1 245  35  -1  -1  -1  -1 278 255  84  -1 287 167  -1  -1 
 30  -1  -1  24  17  17  -1  -1  30   4   4  -1  -1   2   2  -1  -1  -1  -1  -1  -1  -1  19  19  19  -1 
 31  -1  -1  -1  -1  -1  -1  -1  -1  -1  -1  -1  -1  -1  -1  -1  31  31  31  -1  -1  -1  -1  -1  -1  -1 
 32  46  46  -1  68  -1  -1  -1  61  61  -1  63  63  63  74  -1  -1  48  48  -1  -1  -1  -1  -1  -1  -1 
 33  -1  -1  -1  -1  -1  -1  -1  -1  -1  -1  -1  -1  -1  -1  -1  -1  -1  -1  -1  -1  75  75  75  -1  -1 
 34  92  92 107 107 107  -1  -1  -1  90  90  -1 118 105 105  -1  -1 112  -1  -1  -1  -1  -1  -1  -1  -1 
 35  -1  -1  -1  -1  -1  -1  -1  -1  -1  -1  -1  -1  -1  -1  -1  -1  -1  -1  -1  -1 119 119 119  -1  -1 
 36  -1 162 151 151 151  -1  -1  -1 136 136  -1  -1  -1 134 134 149 149  -1  -1  -1  -1 156  -1  -1  -1 
 37  -1  -1  -1  -1  -1  -1  -1  -1  -1  -1  -1  -1  -1  -1  -1 163 163 163  -1  -1  -1  -1  -1  -1  -1 
 38 195 195 195 180 180  -1  -1  -1  -1  -1  -1 206 178 178  -1  -1  -1 200  -1  -1  -1  -1 193 193  -1 
 39  -1  -1  -1  -1  -1  -1  -1  -1  -1  -1  -1  -1  -1  -1  -1  -1  -1  -1  -1  -1  -1 207 207 207  -1 
 40 239 239 239 222 222  -1  -1  -1  -1  -1  -1  -1  -1 224 224 237 237  -1  -1  -1  -1 250 244  -1  -1 
 41  -1  -1  -1  -1  -1  -1  -1  -1  -1  -1  -1  -1  -1  -1  -1 251 251 251  -1  -1  -1  -1  -1  -1  -1 
 42  -1  -1 281 281  -1  -1 268 268 266 266  -1  -1  -1  -1  -1  -1 288 294  -1  -1  -1  -1 283 283 283 
 43 295 295 295  -1  -1  -1  -1  -1  -1  -1  -1  -1  -1  -1  -1  -1  -1  -1  -1  -1  -1  -1  -1  -1  -1 
 44   9  -1  -1 139  -1  -1 241  -1  -1  -1  -1  -1  -1  95  52  -1  -1  -1  -1  -1  -1 311 308  -1  -1 
 45  -1  -1  -1  -1 274  -1  -1  49  -1  55 312   6  94  -1  -1  -1  -1  93  -1 229  -1  -1  -1  -1  -1 
 46  -1 183 315  -1   7  -1 184  -1  -1  -1  -1  -1  -1  -1 271  -1  -1 226 313  -1  -1  -1  -1  65  -1 
 47  -1 137  -1  -1  -1 143  -1  11  -1  -1  -1 181  -1  53  -1  -1  -1  -1  -1  10  -1  -1  -1  -1 316 
 48  -1  21  -1  97  -1  -1  -1  98  -1  -1  -1 231 228  -1  99  -1 182 141  -1  -1  -1  -1  -1  -1  -1 
 49  -1 227  -1  -1  -1   8  -1  -1  -1  -1  -1 285  -1  -1  -1  -1  96  -1 153 269 310  -1  -1  -1  -1 
 50  -1  -1  -1 272  -1 109   5  -1 225  -1  -1  -1 140  -1  -1 314 273  -1  -1  -1  -1  -1  -1 309  -1 
 51  -1  -1  -1  -1  -1  -1  -1  -1  -1  -1  -1 142  -1 275  -1  -1  -1  -1  -1  -1  -1  -1  -1  -1  -1 
 52  -1  -1  -1  51  54  -1  -1 186 187  -1  -1  -1  -1  -1  -1  -1  -1  -1  -1  -1  -1  -1  -1  -1  -1 
 53 138 270  -1  -1  -1  -1  -1 230  -1  -1  -1  -1  -1  -1 185  -1  -1  -1  -1  50  -1  -1  -1  -1 197 

r\t   0   1   2   3   4   5   6   7   8   9  10  11  12  13  14  15  16  17  18  19  20  21  22  23  24 
  0  -1  -1  -1  -1  -1 262  -1 259  -1  -1  -1 276 254 277  -1  -1  57  -1  -1  -1  -1  -1 240   0  -1 
  1  -1  -1 214 210  -1  -1  -1  -1  -1  -1  -1  -1  -1  -1  -1  -1  -1  -1  73  -1  -1  83  -1 298  -1 
  2  -1 159  -1  -1  -1  -1  -1  72  71  -1  -1  -1  -1  -1  -1  -1 223 220  88  -1  -1  -1  -1  -1  -1 
  3  -1  -1 158  -1  -1  -1  -1  -1  -1  -1  -1 204  -1  -1  -1  -1  77  -1 299  -1  -1  -1  -1 130  -1 
  4  -1  -1  -1  -1  -1  -1  -1 252  -1  -1  -1  -1 165  -1  -1  -1  -1  -1 174  -1  -1  -1  -1  -1  -1 
  5 265  69  -1  -1  -1 303 117  -1  -1  -1  -1  -1  18  42  -1  -1 190 166  -1 106  -1  -1  -1  -1  -1 
  6  -1  -1  -1  -1  -1  -1  38  16  16  -1  -1 293  -1   1  -1  -1  -1  -1  -1  -1  -1  12 147  -1  -1 
  7  -1  -1  -1 100  -1  -1  27  -1 145  -1  -1  -1  -1 291  -1 242 115 132  37 238  -1  35  -1  -1  -1 
  8  -1 125  62 211  -1  -1  13 236 236  -1  -1  -1  -1  26  -1  -1  -1  -1  -1  -1  -1  -1  -1  -1  -1 
  9  -1  -1  32  -1  -1  -1  -1  -1 101  -1  -1  -1  -1  -1  -1  -1  -1 245  -1  -1  -1  -1  -1 144  -1 
 10  -1 131  -1  -1  -1  -1  59  34  -1  91  -1  78  -1  -1  -1  -1  -1  -1  -1 129  -1  -1 289  -1 302 
 11  -1  -1  -1  15  -1  -1 300  -1 264  -1  -1  -1 278 249  -1  -1 296 188  -1  -1  85  -1  -1  -1  -1 
 12  -1  -1 194 267  -1  -1  79  -1  -1  82  -1 113  -1  -1  -1  -1 253  -1  -1  -1  -1 198  -1  -1  -1 
 13  -1  -1 123  -1  -1  -1  -1  -1 157  -1  -1  -1 148 148 126  67  -1 128  -1 306  -1  -1  -1  29  -1 
 14  -1 261  70 287  -1  -1  -1  -1  -1  -1  -1  47  -1  -1  -1  -1  -1  -1 133  -1  -1  -1  -1  -1  -1 
 15  -1  -1 110  -1  -1  -1  36  -1  -1  -1  -1  -1  -1 301  -1  -1  -1  -1 196  -1  -1  41 103 161  -1 
 16  -1  -1  -1  -1  -1  -1  -1  -1  -1  -1 175  43 120 171  -1  -1  -1  -1  -1  -1 213  64  -1 256 221 
 17  -1  -1 248 263  -1  -1  -1  -1  -1  -1  -1  66 104 104  -1 280 280 203  -1 155  -1  -1  -1  -1  -1 
 18  -1 111 282 164  -1  -1  -1  89  -1  -1  -1  -1  56  -1  -1  -1  -1  -1 258  -1  -1  -1 192 192  -1 
 19  -1  -1  -1  80  -1  -1 191  -1  -1  -1  -1  14  -1  20 305 154  -1  -1  -1  -1  -1  -1  -1 279  -1 
 20  -1 290 307 121  -1  -1 167  -1  -1  -1  -1 257 297  -1  -1  -1  -1  -1 108  -1  -1  -1  -1  -1  -1 
 21 172  -1  -1  -1  -1  -1 169  -1  33  -1  -1 234  -1  -1  -1  -1  -1  -1  -1  -1  -1  -1  -1  -1  -1 
 22  -1  -1  -1  -1 173  87  -1  -1 255  -1  -1  -1  28 215 217  22  -1  -1  -1  -1  -1 235  -1  -1 127 
 23  -1 199  -1 246  -1  -1  -1  -1  -1  -1  -1 189  44  58  -1  -1  -1  -1 202 286  -1  -1  -1 102  -1 
 24  40  -1  -1  -1  -1 170  -1 124 260  -1  -1  -1   3  -1  -1  -1  -1 114  -1  81  -1  -1 205  -1  -1 
 25  -1  -1  -1  -1  -1  -1  -1  86  -1  -1  -1 216  -1 232  -1  -1  -1 219  -1  -1  -1  -1  -1  -1  39 
 26  -1 209  -1  -1  -1  -1  -1  60  60  -1  -1 146  -1 212  -1  -1  -1 152 284  -1  -1 122  -1  -1  -1 
 27 176 116  23  -1  -1 150  -1  -1 292  -1  -1  -1  84  -1  -1 304  -1  -1  -1  -1  -1  -1  -1  -1  -1 
 28  45  -1  -1  25  -1  -1  -1 135  -1  -1  -1  -1  -1 160  -1  -1 168  -1 177  -1  -1 201  -1 233  -1 
 29  -1 247  -1 179  -1  -1  -1  -1  -1  -1  -1  -1 208  -1  -1  -1 243  76  -1  -1  -1  -1  -1 218  -1 
 30  -1  30  -1  -1  -1  -1   4   4   2   2  -1  24  -1  -1  -1  -1  -1  17  17  -1  -1  -1  19  19  19 
 31  -1  -1  -1  -1  -1  -1  -1  -1  -1  -1  -1  -1  -1  -1  -1  -1  31  31  31  -1  -1  -1  -1  -1  -1 
 32  -1  -1  -1  46  46  -1  68  48  48  -1  -1  -1  74  -1  -1  -1  -1  63  63  63  -1  -1  61  61  -1 
 33  -1  -1  -1  -1  -1  -1  -1  -1  -1  -1  -1  -1  -1  -1  -1  -1  -1  -1  -1  -1  -1  75  75  75  -1 
 34  -1  -1  -1  90  90 105 105  -1 112  -1  -1  -1  92  92  -1 107 107 107 118  -1  -1  -1  -1  -1  -1 
 35  -1  -1  -1  -1  -1  -1  -1  -1  -1  -1  -1  -1  -1  -1  -1  -1  -1  -1  -1  -1 119 119 119  -1  -1 
 36  -1 151 151 151  -1  -1  -1 156  -1  -1  -1 162 136 136  -1  -1  -1  -1  -1  -1 149 149  -1 134 134 
 37  -1  -1  -1  -1  -1  -1  -1  -1  -1  -1  -1  -1  -1  -1  -1  -1  -1  -1  -1  -1 163 163 163  -1  -1 
 38  -1  -1 200  -1  -1  -1  -1 193 193  -1 178 178 195 195 195  -1 180 180  -1  -1  -1  -1  -1 206  -1 
 39  -1  -1  -1  -1  -1  -1 207 207 207  -1  -1  -1  -1  -1  -1  -1  -1  -1  -1  -1  -1  -1  -1  -1  -1 
 40 239 239 239  -1  -1 237 237  -1 222 222  -1 244 224 224  -1  -1  -1  -1 250  -1  -1  -1  -1  -1  -1 
 41  -1  -1  -1  -1  -1  -1  -1  -1  -1  -1  -1  -1  -1  -1  -1  -1  -1  -1  -1  -1 251 251 251  -1  -1 
 42  -1  -1 294  -1  -1 283 283 283  -1  -1 268 268  -1  -1  -1  -1  -1 288  -1  -1 281 281  -1 266 266 
 43  -1  -1  -1  -1  -1  -1  -1  -1  -1  -1  -1  -1  -1  -1  -1  -1  -1  -1  -1  -1 295 295 295  -1  -1 
 44  -1 313  -1  -1  -1  -1  -1  -1  -1  -1  -1  -1  -1  -1  -1  -1  -1  -1  -1  -1  -1  -1  -1  96  -1 
 45  93  -1  -1  -1   8  -1  94  -1  -1  -1  -1  -1  -1  -1  -1  -1 270  -1 275  -1  -1  -1  -1  -1  -1 
 46  11 285 314  -1  -1  -1 139 153  -1  -1  55  -1  -1  -1  -1  -1  -1  -1 226  -1  -1  -1  -1 182  -1 
 47  -1  -1  -1  -1  -1  -1  -1  -1  -1 183  95  -1  -1  -1  -1  -1  -1  -1  -1  -1  -1  -1  -1  -1  -1 
 48 140  -1  -1  10  -1 315  -1 225 181  -1   9  98  -1  -1  -1  -1 141  -1  -1  -1  -1  -1  -1  -1  -1 
 49  -1  -1  -1 230 229  -1  51  -1  -1  54 241 142  -1  49  -1  -1   5 273  -1  -1  -1  -1  -1  -1  -1 
 50  -1  -1  -1 197  -1  -1  -1 184  -1  -1  -1  -1 271  -1  -1 310  -1  -1  -1  -1  -1  -1  -1  -1 186 
 51  -1  21  -1  -1 269  -1  -1  -1 137  -1  -1   6  -1 187  -1  -1  52  53  -1 309  -1  -1  -1  -1  -1 
 52  -1  -1  -1  -1 185  -1 227  -1  -1 138  -1  -1  -1 274 109  -1  -1  -1  -1  -1  -1  -1  -1 228  50 
 53  -1  65  -1  -1 143  -1  -1  -1  99 272  -1 231  -1  -1 312  -1  -1   7  -1  -1 316 308 311  -1  97 

r\t   0   1   2   3   4   5   6   7   8   9  10  11  12  13  14  15  16  17  18  19  20  21  22  23  24 
  0  -1  -1  -1  -1  -1  -1  70  -1  -1  -1 194 234  -1  -1  -1  -1  -1  -1 247  -1  -1  -1 296 282  -1 
  1 217  -1  -1  -1 133  -1  -1  -1  -1 263 216  -1  -1  -1  -1  -1  -1 298  -1  -1  -1 113  -1  -1  -1 
  2  -1  -1 104 104 264  -1  -1  44 164  66  -1  -1  -1  -1  -1  -1 199 121  56  -1  -1  34 128 232  -1 
  3  -1  -1  -1  -1  -1  -1 240  -1 284  -1  -1 219  -1 157  -1  -1  73  -1  -1  -1  -1 299  27  -1  -1 
  4  -1 261 291  -1  -1  -1  -1  -1  -1  -1 170  -1  -1 208  -1  -1  18  -1  -1  -1  -1  41 253  77  -1 
  5  -1  -1 238  25  37  -1  -1  -1  -1  -1  -1 290  -1  -1  -1  -1  -1  -1 123  -1  -1  -1 172  33  -1 
  6  -1 259  -1  -1  -1  -1  -1  -1  -1  -1  -1  -1  -1  -1  -1  -1  -1 233  -1  -1  -1   0  -1  -1  -1 
  7  -1  -1  -1 301  -1  -1  -1 127  -1 257  -1  -1 236 236  -1 198 246  -1  40  -1  -1 245  -1  -1  -1 
  8  -1  -1  -1  76  -1  -1  -1  -1  -1  -1  -1  -1  -1 117  -1  -1  -1  -1 204  -1  -1 189  -1  -1  -1 
  9 258  12  -1  -1  89  -1  -1  -1  -1  -1  -1  -1 173  -1  -1  -1 212  -1  -1  -1  -1  -1  -1  -1 262 
 10  -1  -1  -1 114  -1  -1  -1  -1  -1  -1 130  -1  -1  -1  -1  -1  -1  -1  28  -1  82  -1  23 292  -1 
 11  -1  -1 154 152 220  -1  -1  -1  -1  -1 286  -1  -1 129  -1  -1  -1  79  -1  -1  -1  -1  -1 160  -1 
 12  -1 205  -1  -1  -1  -1   1  -1  -1  -1  -1 252  -1 145  -1  -1  -1  16  16  -1  -1  -1 120  -1  -1 
 13  -1 110 174  57  -1  -1 276 215  -1  -1  67  -1 277  -1  -1  -1  62 101  -1  -1  -1  85 211  -1  -1 
 14  -1 124  -1 260  -1  -1  -1  -1  45  -1  -1  -1  -1  -1  -1  -1  -1  -1 289  -1  -1 214 168  -1  -1 
 15  -1  -1  -1  -1  -1  -1  -1 176  -1  -1  -1  83  -1  -1  -1  87  -1  -1  -1  -1  -1 209  -1  -1  -1 
 16  -1  -1  -1  -1  -1  -1 256  -1 303  -1  -1  -1  -1  91  -1  -1  -1  -1 304 177  -1  59  -1  -1  -1 
 17  -1 254 249  -1  -1 213  -1  -1  -1  -1  -1  -1  88 191 306  -1  -1  26  -1 171  -1  -1 148 148  22 
 18  -1  -1 158 248  -1  -1 201  -1  -1  -1  -1  -1 300  -1  -1  -1  -1  -1  69  -1  -1  -1   3  -1  -1 
 19  -1  -1  -1  -1  -1  -1  20  29 122  -1  -1 265 255 278  -1 179  -1  -1  -1  -1  -1  -1  -1  -1  -1 
 20  -1  -1  -1 293  43  -1 305  -1  64  -1  -1  -1  -1  -1  -1  -1  -1  -1 161 221  -1 135  -1  15  -1 
 21  -1  -1  -1  -1  -1  -1  47  -1 202  -1  39 190  -1  -1  -1 223 102 125  84  -1  -1  -1  60  60  -1 
 22  -1  -1  32  -1  -1  -1  -1  14  -1  -1  -1  -1 166  -1  -1  -1 116  -1  -1  -1  -1  -1  -1 267  -1 
 23  -1  -1  -1 159  -1  -1  -1  -1  35  -1 169  -1  -1  -1  81 131 287  -1 108  -1  -1  -1  -1  -1  -1 
 24  -1  -1  -1  -1  -1  -1  -1  -1  80  -1  -1  -1 146  -1  -1  -1  -1  -1 280 280  -1  -1 210  -1  -1 
 25  -1  -1  72  -1  86  -1 132  -1  -1  -1 150  -1 188 106  -1  -1 218 196 235  38 302 103 192 192  -1 
 26  -1  -1 307 242  -1  -1  -1  -1  -1  -1  -1 203  -1 126  -1  -1  -1  -1 144  -1  -1  -1  36  71  -1 
 27  -1 297  -1  -1  -1  -1  -1  -1  -1  -1  -1 167 100  -1  -1  -1  -1 147  -1  -1  -1 155  -1  -1  -1 
 28  -1  -1 115  -1  -1  -1  -1 279 165  -1  -1  -1  -1  -1  -1 175  -1  58  -1  -1  -1  -1  -1  -1  -1 
 29  -1 243  -1  -1  -1  -1  -1  -1  13  -1 111  -1  -1  -1  -1  -1  -1  -1  -1  -1  -1  78  -1  42  -1 
 30  -1  30  19  19  19  -1  -1   2   2  -1  -1  -1  17  17  -1  -1  24   4   4  -1  -1  -1  -1  -1  -1 
 31  -1  -1  -1  -1  -1  -1  -1  -1  -1  -1  -1  31  31  31  -1  -1  -1  -1  -1  -1  -1  -1  -1  -1  -1 
 32  63  63  63  -1  -1  -1  -1  68  -1  -1  -1  74  61  61  -1  -1  -1  48  48  -1  -1  -1  46  46  -1 
 33  -1  -1  -1  -1  -1  -1  -1  -1  -1  -1  -1  -1  75  75  75  -1  -1  -1  -1  -1  -1  -1  -1  -1  -1 
 34  -1  -1  -1  -1  -1  -1  -1 105 105  -1  -1 118 112  -1  -1  -1  -1  -1  92  92  90  90 107 107 107 
 35  -1  -1  -1  -1  -1  -1 119 119 119  -1  -1  -1  -1  -1  -1  -1  -1  -1  -1  -1  -1  -1  -1  -1  -1 
 36  -1  -1  -1  -1  -1  -1 162 151 151 151  -1 134 134  -1  -1 149 149  -1  -1  -1  -1 156 136 136  -1 
 37  -1  -1  -1  -1  -1  -1  -1  -1  -1  -1  -1  -1  -1  -1  -1 163 163 163  -1  -1  -1  -1  -1  -1  -1 
 38  -1  -1 193 193  -1 178 178 195 195 195  -1  -1 206  -1  -1  -1  -1  -1  -1  -1  -1 180 180 200  -1 
 39  -1  -1 207 207 207  -1  -1  -1  -1  -1  -1  -1  -1  -1  -1  -1  -1  -1  -1  -1  -1  -1  -1  -1  -1 
 40  -1  -1  -1  -1  -1 222 222 237 237  -1  -1 224 224 244  -1  -1  -1  -1  -1  -1 239 239 239 250  -1 
 41  -1  -1  -1  -1  -1  -1  -1 251 251 251  -1  -1  -1  -1  -1  -1  -1  -1  -1  -1  -1  -1  -1  -1  -1 
 42  -1 283 283 283  -1  -1 294  -1  -1  -1  -1  -1 266 266  -1  -1 288  -1 268 268 281 281  -1  -1  -1 
 43  -1  -1  -1  -1  -1  -1  -1 295 295 295  -1  -1  -1  -1  -1  -1  -1  -1  -1  -1  -1  -1  -1  -1  -1 
 44  -1  -1  -1 308  -1 269  -1  93  -1  -1  -1  98 183  -1  -1 271  -1 139  -1  -1 140  -1 272   6  -1 
 45  -1  -1  -1  -1  -1  55  -1  -1  -1  -1  -1  -1  -1  -1 309  -1  -1  -1  -1  -1  -1  -1  -1 187 312 
 46  -1  -1 311  -1  -1  -1  -1 227  -1  -1 310 182  -1  -1  -1  -1  -1  -1 229  -1  -1  -1  -1  -1  -1 
 47  -1  -1  -1  -1  -1  -1  65  -1 142  -1  -1  10  -1 181  -1  -1 315  94  -1  -1 275  -1  -1  -1  -1 
 48 316 153  -1  -1  -1  11  -1  -1  -1 313  -1  -1  -1  -1  -1  -1 241 186  -1   9 185  51  -1  -1 285 
 49  -1  -1  -1  -1  53  -1  -1  -1  -1  -1  -1  -1  -1  -1  -1  99  -1  -1  -1  -1  -1  -1  -1  -1  -1 
 50  -1 314  -1  -1  -1  -1  -1  -1  -1  -1  -1  -1  -1  -1  -1   8  -1 225  -1  -1  -1 231  -1  -1  -1 
 51  -1  -1  -1  -1  -1  -1 273  -1  -1  -1  -1  -1  -1  -1  21  -1  -1 274 137 138  -1  -1 226  -1  -1 
 52  -1  -1  -1  -1  -1 143  -1  -1  96 109  -1  -1  -1 141  -1  -1  -1  -1  -1  49   7  -1  95 230  -1 
 53  -1 197  -1  -1  -1  97  -1  -1  -1  -1  -1  52   5 228  -1  50  -1  -1 184  -1  54 270  -1  -1  -1 

r\t   0   1   2   3   4   5   6   7   8   9  10  11  12  13  14  15  16  17  18  19  20  21  22  23  24 
  0  -1  -1  -1  -1  -1  -1  59  -1  -1  -1  -1  -1 276 209  -1  -1  -1  -1 191  -1  -1 170  -1 201  -1 
  1 129  -1  -1  -1  -1  -1  -1  -1  -1  -1  -1  -1  -1 152  -1  -1 246  -1 164  -1  -1 287  25 168  -1 
  2  -1 199  -1  -1  -1 215  -1 144  -1 176  -1  -1  -1  -1  -1  -1  -1  -1 263  -1  -1  -1  12  -1  -1 
  3  -1  20  -1  -1  -1  -1  -1 210  -1  -1  -1  70 122  -1  -1  -1  -1  29 302  -1  -1 254 284  -1  83 
  4  -1  -1 155  -1  -1  -1  -1  -1  -1  -1  -1  57   1  -1  -1 174  -1  -1  -1  -1  -1 166 258  56  -1 
  5  -1  -1  -1  -1  -1  -1  -1 303  -1  -1  -1  -1 203  76  -1  -1  -1  -1  -1  -1  -1  -1  71  -1  -1 
  6  37  -1  -1  -1  -1  -1  -1  44  -1  -1  -1  -1  -1  -1  -1  -1  -1  -1  -1  -1  -1 267  -1 307  -1 
  7  -1  -1 248  -1  -1  -1  -1  -1 282  -1  -1  -1  -1  -1  -1  -1  34  -1 116 132  -1  -1  -1  -1 260 
  8  -1  -1  -1 290  -1  -1 167  -1  -1  -1 126  -1 127 173  -1  -1   3 123  -1  -1  -1   0  -1  -1  -1 
  9  -1  -1  -1  67  -1  -1  -1  -1  -1  -1  -1  -1  -1  -1  -1  -1  42 158  -1  -1  -1  -1 148 148  -1 
 10  -1  78 300 217  -1  -1  -1  -1  -1  -1  -1  -1 304  -1  -1  -1  -1 286  35  -1  39  -1  -1  -1  -1 
 11 135 253  -1  -1 133  -1  -1  33  -1  -1  -1 279  -1  -1  -1  -1  18  -1  -1  -1  -1 188  -1  32  -1 
 12  -1 150  -1 154  -1  -1  -1  -1  -1  -1  -1 171 298  -1  -1  -1  -1  -1  -1  -1  -1 212 104 104  -1 
 13  -1  -1  -1  -1  91  -1  -1  -1  -1  -1  -1  -1  -1 255  -1  -1  -1  -1  -1  -1  -1  -1  77  -1  -1 
 14 305  -1  66  -1  -1 262  28 100  -1  -1  -1  -1  -1 238  -1  -1  -1 292 242  -1  -1  -1  -1 189  -1 
 15  -1  -1 121  -1  -1 128 198  69  -1  -1  -1 289 131  -1  -1  -1 103  -1 249 221  -1  58  47  81  -1 
 16  -1 115  -1 165  -1  -1  -1  -1  -1  -1  -1 161  -1  -1  -1  -1 277  -1  -1  -1  -1  -1  -1  87  -1 
 17  -1  -1  -1  -1  -1  -1  -1  36  -1  -1  -1  -1 147  -1  -1  -1 296  -1  14  -1  -1 145 204 280 280 
 18 264  -1 257  -1  -1  -1 111 240 208  -1  -1 101  -1  -1  -1  -1  73  -1 278  -1  -1  -1  62  -1  -1 
 19  -1  -1  -1 202  -1  -1  86  -1  -1  -1  -1  15 235  -1  -1  -1 130 243  -1  -1  -1 297  -1  -1  -1 
 20  88  -1 160  -1  -1  -1  79 211  -1  -1 220  -1  -1  -1  22  -1  -1  -1 299  -1  -1  -1  -1  -1  -1 
 21  -1  -1  -1  -1  -1  -1  -1  -1  27  -1  -1  -1  -1  -1  -1  -1 205  -1 223  -1  -1  -1 125  -1  -1 
 22  -1  -1  -1 216  -1 214 117  -1 110  -1  -1  -1  -1  26 301  -1 234  40 102  82  -1  -1  -1 291  -1 
 23  -1  -1  -1 247  -1  -1  -1 172 157  -1  -1  -1  -1  -1  -1  -1 306  -1 169  -1  -1 232  -1 120  -1 
 24  -1  -1  -1  -1  -1  -1 259 192 192  -1  -1  85  -1  -1  -1  -1 159  -1  -1  89  -1  -1 213  -1  -1 
 25  -1  -1  -1  -1 218  -1  -1  -1  -1 261  -1 252  80  -1  -1  -1  -1  -1  -1  -1  -1  -1 293  -1  -1 
 26  -1  -1  -1  -1  -1  -1  -1  60  60  -1  -1 175  -1  -1  84  -1 179 196  -1  -1 265  -1 190  -1  -1 
 27 219  -1  -1 114  -1  -1  -1 113  -1  -1  -1 146  -1  -1  -1  -1 194  -1  -1  -1  -1 108  -1 245  -1 
 28  45  -1  -1  -1 106  -1  -1  -1 124  -1 177  -1  -1  23  -1  -1  64  38  -1  -1  -1  13  -1  16  16 
 29  -1  -1  -1  -1  -1  -1  -1  -1  -1  -1  -1 233  -1  -1  -1  -1  -1 256  43  -1  -1  72 236 236  41 
 30  -1  -1  17  17  -1  -1  19  19  19  -1  -1  30  -1  -1  -1  -1  -1  -1   2   2  -1  24   4   4  -1 
 31  -1  31  31  31  -1  -1  -1  -1  -1  -1  -1  -1  -1  -1  -1  -1  -1  -1  -1  -1  -1  -1  -1  -1  -1 
 32  -1  -1  74  -1  -1  -1  -1  -1  68  -1  -1  -1  63  63  63  48  48  -1  61  61  -1  -1  -1  46  46 
 33  -1  -1  -1  -1  -1  -1  -1  -1  -1  -1  -1  -1  -1  -1  -1  -1  -1  75  75  75  -1  -1  -1  -1  -1 
 34  -1 107 107 107  -1  -1  -1  -1  -1  -1  90  90 105 105  -1  -1  -1  -1  -1  -1  -1 118 112  92  92 
 35  -1  -1  -1  -1  -1  -1  -1  -1  -1  -1  -1  -1 119 119 119  -1  -1  -1  -1  -1  -1  -1  -1  -1  -1 
 36  -1 162  -1  -1  -1 149 149 156  -1  -1  -1  -1  -1  -1  -1  -1 151 151 151  -1 134 134 136 136  -1 
 37  -1  -1  -1  -1  -1  -1  -1  -1  -1  -1  -1  -1 163 163 163  -1  -1  -1  -1  -1  -1  -1  -1  -1  -1 
 38  -1 206 195 195 195  -1  -1  -1  -1  -1  -1 200 193 193  -1  -1  -1  -1  -1  -1 180 180  -1 178 178 
 39  -1  -1  -1  -1  -1  -1  -1  -1  -1  -1  -1  -1  -1  -1  -1  -1  -1 207 207 207  -1  -1  -1  -1  -1 
 40  -1  -1 239 239 239 237 237  -1  -1  -1  -1  -1 244  -1  -1  -1  -1  -1  -1  -1 222 222 250 224 224 
 41  -1  -1  -1  -1  -1  -1 251 251 251  -1  -1  -1  -1  -1  -1  -1  -1  -1  -1  -1  -1  -1  -1  -1  -1 
 42  -1  -1 283 283 283 281 281  -1 294  -1 268 268  -1 288  -1 266 266  -1  -1  -1  -1  -1  -1  -1  -1 
 43  -1  -1  -1  -1  -1 295 295 295  -1  -1  -1  -1  -1  -1  -1  -1  -1  -1  -1  -1  -1  -1  -1  -1  -1 
 44  -1  -1  -1  -1  -1 316  -1 137  -1  -1  -1  -1 273  -1  -1  11 226  -1 184  -1  -1  -1  -1  -1  -1 
 45 183  -1  -1 311  55  -1  -1  -1  -1  50  -1 142  -1  -1  -1 138 141 109  -1  -1  -1  51  -1  -1  -1 
 46  -1  -1  -1  -1  -1  -1 314 181  -1  98  -1   6 227 285  -1  -1  -1  -1  -1  -1  -1  -1  -1  -1  -1 
 47  -1  -1  -1  -1  -1  -1  -1  -1  -1 272  -1 231  -1  -1  -1  -1  -1  21  -1  -1  -1  -1 269  -1  -1 
 48  -1  -1  -1  -1  -1  -1  -1  -1  -1  -1  -1  -1  -1  -1  -1  -1  -1 315  -1  -1  -1  -1 229  -1  -1 
 49  -1  65  -1  -1  -1  -1  -1  96 309 140  53  -1  -1  -1 312  99  93  -1  95 274  -1  97 185  -1 271 
 50  10  -1  -1  -1   5  -1  -1  -1  -1  -1  -1  -1  -1  -1 197  -1  -1  -1  -1  -1  -1  -1  -1 275  -1 
 51 230 241  -1  -1  -1  -1  -1  -1 153 228 139  -1 187 313  -1 225  -1  -1  49  -1  -1  -1  94  -1 143 
 52  -1  -1 308  -1  -1  -1  -1  -1  -1  -1  -1 182  -1  -1  -1 186  -1  -1  -1  -1  -1  -1  -1  -1  -1 
 53  -1 310  -1  -1  -1  -1  -1  -1  -1   7   8  52  -1  -1  -1  -1  -1  -1 270  -1  54  -1  -1  -1   9 

r\t   0   1   2   3   4   5   6   7   8   9  10  11  12  13  14  15  16  17  18  19  20  21  22  23  24 
  0  -1  -1  -1  35  -1  -1  71 188  -1  -1  87  -1  -1  -1  -1  -1 124  -1  -1  -1  -1  -1  -1  -1  -1 
  1  -1  -1  -1  62  -1 219  -1 100  -1 260  -1  -1  -1  33  -1  -1  -1  91  80  -1  -1  -1 262 289  -1 
  2  -1 103  -1  -1  -1  -1  -1  -1  76  -1  -1  -1  -1 116  -1  -1 282  -1  58  -1  -1  -1  -1  -1 176 
  3  -1  23  -1  -1  -1  -1  -1 210  -1  -1  -1 196 201 154  -1  -1  -1  -1  -1  -1  -1  -1  -1 120  -1 
  4  -1 161  -1 179  84  -1 253  -1 108  -1  -1  -1 190 298  -1  -1  -1 117 292  -1  -1 147  -1  -1  -1 
  5  -1  -1  -1  -1  -1 302  -1  -1 232  -1  43  -1  -1 248  -1  -1  -1  -1  -1  -1  -1  -1  -1  -1 174 
  6  -1 238 171 264  -1  -1  -1  13  -1  -1  -1  -1 223  -1  -1  -1  -1  -1  -1  -1  -1  -1  -1  -1  -1 
  7  -1 307  -1  -1  -1  -1  -1  -1  26  -1  82  -1 121  -1  -1  -1 304  -1  -1  -1 265  39  -1  -1  -1 
  8  -1 209 131  72 215  -1  -1  -1  -1  -1  -1  -1   1  -1  -1 104 104  -1  -1  -1  -1  -1  64  -1  -1 
  9  -1  -1  18  16  16 106  85  -1  -1  -1 177  -1  -1 242  -1  -1  -1  -1 152  -1  -1  -1 279 165  -1 
 10  -1  -1 236 236  -1  -1 101  -1  20  -1  -1  -1 276  -1 305  -1  -1  44  -1  -1  -1  -1  -1  73  -1 
 11  -1 249  -1  -1  -1 258  -1  -1  -1  -1  -1  78  36  -1  -1  -1  -1  -1  -1  45  -1  -1  -1  -1  -1 
 12  -1  -1  79 291  -1 169  14  -1 208  -1 170 167  60  60  -1  -1  -1 146  -1  -1  -1  -1  -1  -1  -1 
 13  -1  -1  -1  -1  -1 198  -1  -1  -1  -1  -1 267 102  -1  -1  -1  -1  57  -1  -1  -1 160  25  -1  -1 
 14  -1 301  -1  -1  -1  -1  -1 300  -1  -1  -1  59  -1  -1  -1  86  -1  70 255  -1  81  -1  -1  -1  -1 
 15  -1  -1 252 256  -1  -1 173  -1 189  -1  -1 126 157  -1  -1  -1  69 110  -1 132  -1  -1  -1 148 148 
 16  -1 293  -1  -1  -1  -1  -1  -1  -1  -1  -1  83  -1  -1  -1  -1 261 175  -1  -1  -1  -1  -1  56 130 
 17  -1  -1  -1  -1  -1  -1 128  -1  -1  -1  -1  15 243  -1  -1  -1 205  -1 278  -1  -1  -1 203 129  88 
 18  -1  -1  -1  -1  -1  -1 290 254 245  -1  -1  -1  -1  -1  -1  -1  -1  -1 168  -1  -1  -1  -1  -1  -1 
 19  -1 150 297  -1  -1  -1 115  -1  -1  -1 220  -1  -1 204  22  -1  -1  -1 133  -1  -1  12  -1  -1  -1 
 20  -1  -1 192 192  -1  -1  38  -1  -1  -1  -1 123  -1  -1  -1  -1  -1  -1  -1  -1  -1 113  -1  -1 218 
 21  -1  29  -1  -1  -1 127  77 280 280  -1 306 234  -1 194  -1  -1  -1  -1  -1  -1  -1  -1  -1  -1  -1 
 22  -1  66  -1  -1  -1  -1 158  -1  -1  -1  -1 286  -1  -1  -1  -1  -1  -1  -1  -1 221  -1  -1  -1  -1 
 23  -1  -1 257  47  -1  -1  -1  28 172  -1  -1  -1  -1  -1  -1  -1  -1  -1  -1  -1  -1  40  -1 246  -1 
 24  -1 287  -1  -1  -1 263  -1  -1  41  -1  -1  -1  -1  -1  -1  -1  -1  -1  -1  -1  -1  -1  -1 202  -1 
 25  -1  -1  67  -1  -1  -1 216  -1  -1  -1 135  27 303 111  -1  -1  -1  -1  -1  -1  -1  -1  -1  -1  -1 
 26  -1  -1  34   0  -1 214  37 211  -1  -1  -1 144 145  -1  -1  -1  -1 191  -1  -1  -1  42 155  -1  -1 
 27  -1  -1  -1  -1  -1  -1 284  -1  -1  -1  -1  -1  -1  -1  -1  -1 166 277  -1  89  -1  -1  -1  -1 125 
 28  -1 122  -1  -1  -1 217 233 159 114 213  -1  -1  -1  -1  -1  -1 299  -1  -1  -1  -1  -1  -1  -1  -1 
 29  -1 199  -1  -1  -1  -1  -1 235 164 259  -1 212  -1  -1  -1   3  -1 296 240  -1  -1  -1 247  32  -1 
 30  -1  -1  -1  -1  -1  -1  24   4   4  -1   2   2  -1  -1  -1  -1  -1  17  17  -1  -1  30  19  19  19 
 31  -1  -1  -1  -1  -1  -1  -1  -1  -1  -1  -1  -1  -1  -1  -1  -1  31  31  31  -1  -1  -1  -1  -1  -1 
 32  -1  -1  68  -1  -1  -1  63  63  63  -1  -1  48  48  74  -1  -1  -1  -1  -1  -1  61  61  -1  46  46 
 33  -1  -1  -1  -1  -1  -1  -1  -1  -1  -1  -1  -1  -1  -1  -1  -1  -1  -1  -1  -1  75  75  75  -1  -1 
 34  -1  -1 105 105  -1  -1  -1 118  90  90  92  92  -1  -1  -1  -1  -1  -1 112  -1  -1 107 107 107  -1 
 35  -1 119 119 119  -1  -1  -1  -1  -1  -1  -1  -1  -1  -1  -1  -1  -1  -1  -1  -1  -1  -1  -1  -1  -1 
 36  -1  -1 149 149  -1  -1 151 151 151  -1  -1 136 136 156  -1  -1  -1  -1  -1  -1  -1  -1 162 134 134 
 37  -1  -1 163 163 163  -1  -1  -1  -1  -1  -1  -1  -1  -1  -1  -1  -1  -1  -1  -1  -1  -1  -1  -1  -1 
 38  -1  -1 200 206  -1  -1 180 180  -1  -1  -1 178 178  -1  -1  -1  -1  -1 193 193 195 195 195  -1  -1 
 39  -1  -1  -1  -1  -1  -1  -1  -1  -1  -1  -1  -1  -1  -1  -1  -1  -1 207 207 207  -1  -1  -1  -1  -1 
 40  -1  -1  -1  -1  -1  -1 224 224 222 222  -1 244 250  -1  -1 237 237  -1  -1  -1  -1 239 239 239  -1 
 41  -1  -1  -1  -1  -1  -1  -1  -1  -1  -1  -1  -1  -1  -1  -1 251 251 251  -1  -1  -1  -1  -1  -1  -1 
 42  -1  -1 283 283 283  -1 268 268 266 266  -1 288 294  -1  -1  -1  -1  -1  -1  -1  -1  -1  -1 281 281 
 43  -1  -1  -1  -1  -1  -1  -1  -1  -1  -1  -1  -1  -1  -1  -1  -1  -1  -1  -1  -1  -1 295 295 295  -1 
 44 312  -1  -1  -1  -1  -1  -1  -1  -1  -1  -1  -1  -1  -1 310 186  -1 140  -1  -1  -1  -1  -1  -1  -1 
 45  -1  -1  -1  -1  -1 241  -1  -1 181  -1  -1  -1  -1  -1  -1 271  -1  -1 269  -1  -1 227  -1  11 229 
 46  -1  -1  -1 228  -1 311  -1  -1  -1  -1  -1  -1  98  -1  -1  55  65  -1 231   7  -1 139 313  -1 273 
 47  -1  -1  -1 142  -1  -1  -1  -1  -1 185 275  -1  -1  -1  -1  99 315  -1  49  -1 138  10  -1 187  -1 
 48  -1  -1  -1  -1  -1  -1  -1  -1  -1  52  -1 226 270  21  -1  -1  -1 183  -1 274  -1  -1  -1  -1  -1 
 49  -1  -1  -1  -1  -1  -1  51  93  -1  -1  -1  -1  -1  -1  -1  -1  -1  -1  94  -1  -1  -1  -1  -1  -1 
 50  -1  -1  -1  -1 316  -1  -1  -1  53  -1  -1  -1  -1 285  -1  -1  -1 230  -1  -1  95  -1  -1  -1  -1 
 51  -1  -1 314  -1  -1  -1   5  -1  -1 137  -1  -1  -1  -1 109  -1 153   6 184  -1  -1  54  -1  -1  -1 
 52  -1  -1  -1  -1  -1  -1  97  -1  -1  -1  -1  -1  -1  -1  -1  -1 197 272  -1 225   8  -1  -1  -1  -1 
 53  -1 308  -1  96  -1  -1  -1 141  -1   9  50  -1  -1 309  -1 143  -1  -1  -1  -1  -1 182  -1  -1  -1 

r\t   0   1   2   3   4   5   6   7   8   9  10  11  12  13  14  15  16  17  18  19  20  21  22  23  24 
  0  -1  -1  -1  -1  -1  82 242  40  -1  -1  -1 306  35  -1  -1  -1 234  66  -1  -1  -1  -1  62  -1  -1 
  1  -1 203  -1  -1  -1  -1  -1 299  -1  -1  -1  57 255  -1  -1  -1  -1  47 220  22  -1  -1  -1  -1  -1 
  2  -1  -1  -1 307  -1 148 148  -1  -1  -1  -1  -1 260  -1 238  -1  -1  -1 101  -1  -1  -1 194 291  -1 
  3  -1  -1  -1  -1  -1  -1 257  -1  -1  -1  -1  29 263  -1  -1  -1  79  -1  33  -1  -1  59  -1  -1 243 
  4  -1 121  -1 216  -1  -1  -1  -1  -1  -1  -1  -1  -1  -1  -1  -1  -1 215 115  -1  -1   3  -1  -1  -1 
  5  -1  -1  -1  -1  -1  -1 205  71  -1  -1  -1  -1  13  -1  -1  -1  -1  27  -1  -1 131  -1  -1  -1 106 
  6  -1  -1  -1  -1  -1  -1  -1  -1  -1  -1  -1  -1 290  -1  -1  -1  -1  15  -1  -1  -1 276  -1  -1  -1 
  7  -1  -1 198 165  -1  -1  -1  60  60  -1  -1 211  -1  -1  -1  -1  -1  -1 126  -1  -1 169 284  -1  -1 
  8  -1 278  -1  -1  -1  -1  -1  -1  -1  -1  -1  -1 236 236  -1  23  -1 173  -1 213  -1  -1  -1  -1  -1 
  9  45  -1  -1 298  89  -1  -1  -1  -1  -1  -1 233  -1  -1  -1 174 289  -1  -1  -1 221  -1 158 113  -1 
 10  -1  -1 155  -1  -1  -1 103  -1  -1  -1  -1 210  69  -1  -1  -1  -1  -1  58  -1 177  -1  -1 202  -1 
 11  -1  -1  -1 111  -1  -1 302  -1  -1  -1  -1  -1  37  -1  -1  -1  -1  -1  -1 259 130  41  -1  -1  -1 
 12  -1 300  -1 116  -1  67  -1 280 280  -1  -1 157  -1  34  -1  -1  91  -1  -1  -1  -1  -1  -1  -1  -1 
 13  -1  64  -1  -1 132  -1 166  -1  -1  -1  -1 129 145 124  -1  81  -1 114  -1  -1  -1  14  -1 164  -1 
 14  -1  -1  -1  -1  -1  -1  -1  -1 144  -1  -1 190  -1  -1  -1  -1  -1  36 258  -1  -1 204  -1  -1  -1 
 15  -1  -1 293  -1  -1  -1  -1  -1  -1  -1  -1  -1  -1  -1  -1  -1 110  -1  -1  -1  -1  73  -1  -1  -1 
 16  -1 256  -1  -1  -1  -1 277  -1  -1  -1  -1 108  -1  16  16  -1  -1  -1  -1  -1  -1  -1  -1  -1  -1 
 17  -1  -1 160  -1  -1  -1 196 232  -1 262  -1  -1 208  -1  -1  -1 147  -1 125  -1  38  -1  43  -1  -1 
 18  -1 179 282  -1  -1  -1  -1  -1  -1  -1  -1  -1 117  -1  -1  -1 261 240  -1  -1 265  77  -1  -1  85 
 19  -1 152  -1  -1  -1  -1 223  -1  -1  -1  -1  -1  -1  -1  -1  -1 305  -1  -1  -1  -1  -1  -1 171  -1 
 20  -1  20  -1 199  -1  -1  -1  -1  -1  -1  -1 254  -1  -1  -1  -1   1  -1  -1  -1  -1  88  -1  -1  -1 
 21  -1  -1  -1  -1  -1  -1  12  -1 161  -1  39  -1  -1  -1  -1  42  -1 245  -1  -1  -1 218  84  -1 287 
 22  -1  -1  -1  -1  -1  -1  -1  -1 122  -1  -1  -1 301  -1  -1 128 170 279 235  -1  -1 159 120 286  -1 
 23  -1  -1  -1  28  -1  -1  78  -1  -1  -1  -1  -1 219  -1  -1  -1  -1  -1  86  -1  -1 292  -1 172  -1 
 24 192 192 123 249  -1  -1 296  -1  -1  -1  -1 264  -1 167 150  -1  56  -1  -1  -1  -1 267  18  87  -1 
 25  -1 133  -1  -1  -1  -1 247  -1  -1  -1  -1  80  -1 188  -1 217 253 209  72  -1  -1 189 297 127  -1 
 26  -1 102 252  -1  -1  83  -1  -1  -1  -1  -1 146 104 104  -1  -1 201  -1  -1  -1 135  -1  -1  32  -1 
 27  -1  -1  -1  -1  -1  -1  -1 246  -1 214  -1  44 191  -1  -1  -1  -1  -1  -1  -1  -1  25  -1  -1  -1 
 28 176  -1  -1 154  -1  -1  -1 168 248  -1  -1  -1  -1  70  -1  -1  -1  -1  -1  -1  -1  -1  -1  76  -1 
 29 303  -1  -1  -1  -1  -1  -1   0  26  -1  -1  -1  -1 304  -1  -1 175 100 212  -1  -1  -1  -1  -1  -1 
 30  -1  -1  17  17  -1  -1  30  19  19  19  -1   4   4  -1  -1  -1  -1   2   2  -1  -1  -1  24  -1  -1 
 31  31  31  31  -1  -1  -1  -1  -1  -1  -1  -1  -1  -1  -1  -1  -1  -1  -1  -1  -1  -1  -1  -1  -1  -1 
 32  -1  -1  -1  61  61  -1  48  48  74  -1  -1  -1  63  63  63  -1  68  -1  -1  -1  46  46  -1  -1  -1 
 33  -1  75  75  75  -1  -1  -1  -1  -1  -1  -1  -1  -1  -1  -1  -1  -1  -1  -1  -1  -1  -1  -1  -1  -1 
 34  -1  -1  -1  -1  -1  -1  -1 105 105  -1  -1 112  92  92  -1  -1 118  90  90  -1  -1 107 107 107  -1 
 35  -1  -1  -1  -1  -1 119 119 119  -1  -1  -1  -1  -1  -1  -1  -1  -1  -1  -1  -1  -1  -1  -1  -1  -1 
 36  -1  -1  -1 162  -1  -1  -1  -1 136 136 134 134 156  -1  -1  -1  -1 149 149  -1  -1  -1 151 151 151 
 37  -1  -1  -1  -1  -1  -1  -1  -1  -1  -1  -1  -1  -1  -1  -1  -1 163 163 163  -1  -1  -1  -1  -1  -1 
 38  -1  -1 200 206  -1  -1  -1 193 193  -1 178 178 180 180  -1  -1  -1 195 195 195  -1  -1  -1  -1  -1 
 39  -1  -1  -1  -1  -1  -1  -1 207 207 207  -1  -1  -1  -1  -1  -1  -1  -1  -1  -1  -1  -1  -1  -1  -1 
 40  -1 239 239 239  -1  -1  -1  -1  -1  -1  -1 224 224 244  -1  -1 222 222 250  -1  -1  -1 237 237  -1 
 41  -1  -1  -1  -1  -1  -1  -1  -1  -1  -1  -1  -1  -1  -1  -1  -1  -1  -1  -1  -1  -1 251 251 251  -1 
 42 266 266  -1  -1  -1  -1 268 268 288  -1  -1 294 283 283 283  -1  -1  -1 281 281  -1  -1  -1  -1  -1 
 43  -1  -1  -1  -1  -1  -1  -1  -1  -1  -1  -1  -1  -1  -1  -1  -1 295 295 295  -1  -1  -1  -1  -1  -1 
 44  -1  10  -1  -1  -1  -1  -1  -1 187  -1  55  -1 138  -1  -1 153  -1 270  -1  -1  -1  -1  -1  -1  -1 
 45 230  -1  -1  -1   8 241  -1  -1 229 225   9  93  -1  -1  -1  -1 272  -1  49 309  -1  -1 311  65  -1 
 46  99  -1 313  -1  -1  -1 142  -1  -1  -1  -1  -1  -1   5  -1 310  -1 141  -1  -1  -1 182  -1  21  -1 
 47  -1  -1  -1  -1  -1  -1  -1  -1  50  -1 228  -1  -1 269  -1  -1  -1 186  -1  -1  97  -1  -1 308 316 
 48  -1  -1  -1 285  -1  -1  -1  -1  -1 274  -1  -1  -1  -1  -1  -1  -1  -1  -1  -1  -1  -1  -1  -1  -1 
 49  -1  94  -1  -1 185  -1  -1  -1 275  -1  -1  -1  -1  -1  -1  -1 183  -1  -1  -1  -1  -1  -1  -1  -1 
 50  -1  -1 109 314 273  -1  -1  -1  -1  -1  98  -1  -1  -1  -1  -1  -1  -1 181  -1  -1 137  -1  -1  -1 
 51 143  -1  -1  -1 231 312  -1  -1  96  95  -1  -1  -1 139  -1  -1  52  -1  -1  -1   6  -1  -1 197  -1 
 52  -1  -1  -1  -1  -1  -1   7 226  -1  54  -1  -1  -1  -1  -1  -1  -1  -1  -1  -1  -1  -1  -1  -1  -1 
 53  -1  -1  -1  -1  53  -1 184 140  11  -1 271  -1  51 227 315  -1  -1  -1  -1  -1  -1  -1  -1  -1  -1 

