317
7 24
24 9
13 30
12 24
0 30
16 49
6 46
23 49
22 48
9 48
18 45
11 52
1 3
23 24
22 4
13 7
5 25
17 30
8 18
2 30
11 2
21 48
15 27
12 4
6 30
8 27
21 22
11 25
16 26
2 28
23 30
17 31
7 5
12 1
13 24
1 25
12 5
18 9
12 14
1 22
11 28
7 22
24 5
15 5
22 13
19 18
13 32
3 13
0 32
11 53
23 48
12 52
6 45
18 50
7 53
24 47
1 10
12 22
6 20
13 26
22 26
7 32
3 4
15 32
18 5
10 51
21 26
2 5
18 32
1 11
6 6
23 29
22 7
16 2
11 32
7 33
2 0
17 23
13 16
18 2
21 7
3 26
14 15
24 13
11 27
12 19
20 29
10 17
6 10
16 12
23 34
7 15
18 34
9 44
12 51
13 45
1 49
14 52
0 44
11 51
6 4
13 12
12 25
23 15
18 11
2 34
8 7
20 34
11 6
10 52
17 3
7 7
7 34
22 2
18 8
17 8
11 3
8 29
6 34
2 35
23 17
12 11
1 8
13 18
16 14
0 1
1 14
0 16
9 13
3 3
11 13
10 8
0 10
23 27
6 36
13 14
11 36
18 52
14 51
24 51
19 50
1 44
16 47
9 49
1 9
7 6
6 23
2 13
17 15
3 36
15 17
20 36
12 20
8 51
13 15
10 0
18 36
16 3
23 23
13 17
6 13
1 5
8 36
2 37
12 28
7 18
11 16
17 17
22 22
19 27
13 4
10 5
18 4
18 20
13 21
15 9
24 7
3 29
0 38
23 14
18 38
6 52
12 48
9 53
7 51
16 48
22 50
11 49
18 27
16 19
1 4
6 22
10 12
20 38
8 17
12 38
3 27
23 51
17 5
2 21
16 38
23 10
3 6
13 2
1 28
8 1
11 38
5 39
12 10
21 25
17 26
18 21
22 28
6 7
19 16
6 29
24 23
14 11
10 18
12 2
0 5
14 20
12 40
1 13
23 40
9 45
18 48
6 49
22 51
11 47
19 52
7 47
18 7
22 9
23 2
13 13
5 19
3 40
8 21
15 40
12 0
10 50
21 29
1 27
22 40
17 10
12 8
23 5
7 12
8 28
18 40
2 41
11 15
16 1
6 12
13 25
1 12
9 17
4 14
9 11
6 9
3 24
19 14
7 2
23 3
3 19
0 42
12 12
18 42
9 47
22 46
14 53
7 46
16 45
13 47
11 48
11 14
18 12
16 10
7 17
0 23
5 42
2 12
22 42
13 28
12 46
17 19
21 27
12 42
6 28
3 9
22 3
18 10
21 28
13 42
6 43
16 0
23 7
11 8
17 14
2 22
22 8
12 23
17 28
18 23
18 3
11 0
0 19
2 45
20 53
15 50
17 48
10 49
8 49
4 52
21 53
5 44

