317
8 3
18 7
12 30
17 22
2 30
1 50
22 45
19 52
10 49
4 45
23 46
14 50
3 4
17 5
16 14
2 8
12 28
22 30
11 16
7 30
18 24
21 47
0 11
6 8
1 30
3 11
16 8
8 7
21 22
13 24
17 30
22 31
2 26
6 7
12 2
11 17
8 27
20 10
2 29
8 29
0 1
23 14
21 1
23 10
17 11
23 9
3 32
1 0
7 32
18 45
22 44
2 47
13 50
12 49
14 46
24 49
8 10
2 13
3 14
22 8
20 23
12 32
16 1
17 32
11 25
1 45
6 3
9 9
16 32
1 28
18 18
6 23
8 21
3 12
21 32
10 33
13 0
7 0
22 28
2 4
17 9
16 20
8 8
18 0
1 20
6 1
19 18
15 5
17 28
10 9
22 34
14 12
3 34
13 45
1 52
24 48
7 53
2 51
8 49
12 46
3 17
23 21
2 17
8 23
12 25
20 34
16 4
17 34
7 5
0 48
11 13
9 19
1 34
17 25
12 22
11 22
21 29
3 15
13 34
5 35
18 4
23 0
8 25
22 17
2 0
3 24
4 18
24 29
3 2
21 3
15 17
20 27
10 10
19 5
23 36
8 17
17 36
3 52
4 44
12 50
7 45
13 48
2 52
22 49
7 27
22 15
23 4
12 15
17 2
8 36
21 21
0 36
13 17
6 52
16 16
11 18
22 36
21 16
2 22
3 28
18 14
11 27
16 36
12 37
1 19
17 0
7 16
23 22
8 2
3 18
6 11
1 25
6 5
13 11
7 17
19 6
4 16
24 6
18 38
22 5
7 38
12 47
1 48
13 49
17 52
14 48
23 47
3 46
17 24
23 28
7 20
18 20
8 22
10 38
16 27
1 38
13 20
21 53
6 25
22 4
6 38
2 3
21 17
18 11
23 1
3 13
17 38
10 39
16 28
13 15
8 5
7 9
1 29
10 2
7 23
0 15
6 17
14 22
7 25
18 6
2 12
10 7
3 40
7 21
23 40
14 45
18 49
1 49
8 46
13 44
19 49
12 51
2 5
12 8
18 17
16 18
3 3
13 40
5 22
20 40
17 14
11 48
6 10
7 8
18 40
6 6
23 20
22 27
21 13
11 11
8 40
15 41
3 10
2 16
7 2
1 13
12 27
6 15
8 11
21 14
22 11
23 29
23 18
18 8
13 9
24 3
2 42
1 10
22 42
12 48
17 50
10 50
8 44
18 46
4 50
14 47
23 8
13 3
12 17
17 19
2 9
18 42
11 2
6 42
22 10
16 50
21 18
1 2
12 42
3 6
23 15
7 12
6 19
3 29
16 42
17 43
11 20
8 19
2 20
13 21
22 2
1 4
14 23
8 12
0 13
3 26
9 26
7 29
15 47
6 49
9 45
0 46
20 46
11 45
21 51
16 44
5 51

