317
22 17
8 2
20 30
18 14
3 30
10 49
19 45
7 48
1 48
5 50
11 52
6 51
7 22
21 14
22 12
6 12
15 24
12 30
17 18
0 30
11 22
23 46
9 6
18 20
17 30
16 7
8 22
1 5
11 2
23 20
6 30
12 31
18 9
2 16
21 22
22 3
3 22
12 27
13 12
1 12
23 12
13 0
20 6
7 2
18 22
20 22
5 32
22 11
7 32
21 45
19 44
13 48
1 49
11 49
0 44
10 50
6 29
18 3
8 8
7 28
10 21
2 32
12 21
15 32
1 18
22 50
23 14
24 12
21 32
6 17
23 21
16 28
8 24
1 28
11 32
2 33
17 13
18 2
12 3
7 19
22 26
4 16
9 9
7 23
7 0
12 1
14 23
2 0
11 17
4 26
7 34
3 1
20 34
13 52
1 44
6 52
18 52
10 51
5 44
0 47
7 21
6 25
1 9
21 25
10 19
18 34
16 29
22 34
8 25
2 49
12 19
3 9
11 34
21 16
1 23
3 27
6 16
13 6
2 34
17 35
22 24
8 23
16 13
7 16
12 23
15 20
9 23
15 3
5 25
9 1
14 1
9 24
3 13
22 25
10 36
21 3
18 36
13 51
4 50
1 50
20 53
5 51
8 47
0 48
18 24
13 1
11 0
6 5
3 12
7 36
21 5
15 36
22 20
12 52
23 29
2 6
1 36
3 7
17 9
16 23
23 2
13 5
21 36
6 37
18 7
21 1
12 15
2 21
11 5
5 29
6 8
2 15
13 26
5 14
21 4
13 13
0 23
20 20
10 38
8 29
5 38
13 47
18 47
21 53
1 53
7 51
22 47
3 48
7 24
1 1
22 27
6 9
2 3
17 38
8 16
12 38
21 13
16 50
4 3
23 10
7 38
21 23
12 4
13 22
3 4
16 11
1 38
17 39
2 26
22 2
6 2
8 3
23 9
19 9
6 10
6 4
11 28
7 4
19 2
6 22
19 24
5 20
3 40
10 28
7 40
6 46
21 49
1 45
13 45
11 50
22 51
18 53
3 0
18 6
13 24
11 4
7 20
20 40
16 1
0 40
6 24
17 53
12 9
23 28
17 40
3 18
13 15
16 25
2 18
8 1
12 40
20 41
7 26
1 26
11 9
23 16
6 28
12 25
14 25
18 1
12 13
0 12
0 11
16 14
1 16
20 11
10 42
18 12
21 42
7 50
8 48
13 49
6 49
4 49
19 53
0 46
8 27
21 28
22 4
7 1
15 0
12 42
14 8
1 42
6 23
18 45
23 3
17 20
18 42
18 29
22 19
3 26
12 22
1 10
8 42
5 43
13 23
2 13
17 2
11 23
21 26
3 17
17 21
12 12
14 9
10 29
22 16
12 18
17 51
23 48
24 47
12 53
16 47
2 52
14 47
9 44
15 46

