317
0 8
24 18
22 30
16 4
13 30
12 44
17 48
15 53
5 52
20 44
6 50
7 50
13 21
6 15
7 14
2 11
22 15
17 30
21 7
10 30
8 6
16 50
1 25
3 9
2 30
3 4
13 13
23 26
11 1
7 9
16 30
17 31
1 0
21 18
6 20
8 26
22 5
14 8
16 19
3 3
7 26
2 5
11 15
12 15
5 19
0 10
23 32
6 14
16 32
22 53
18 44
14 50
13 48
7 46
19 49
15 46
7 1
23 5
6 23
16 17
17 3
12 32
8 4
20 32
11 26
2 52
3 19
1 12
18 32
2 27
3 2
22 24
17 16
13 28
8 32
10 33
23 23
21 22
7 29
16 3
1 13
24 15
6 21
8 0
5 17
11 23
4 23
16 29
22 7
18 22
12 34
17 21
5 34
24 50
16 44
14 53
23 52
20 52
0 50
15 52
12 5
13 9
16 20
6 13
22 21
2 34
4 6
7 34
18 12
11 50
21 12
17 13
17 34
7 2
8 15
6 18
22 0
16 10
11 34
1 35
13 5
23 11
1 14
21 8
18 8
14 22
2 10
10 15
7 4
9 6
22 26
1 23
0 0
7 21
16 36
22 18
18 36
14 48
20 46
23 45
24 46
6 48
13 44
5 49
13 10
23 28
16 2
12 13
17 4
10 36
22 17
1 36
6 0
21 46
8 5
9 9
22 36
23 16
3 7
1 4
16 1
13 24
15 36
10 37
2 25
17 1
6 1
21 11
7 0
15 4
10 8
1 3
0 9
20 6
15 19
9 1
5 10
15 26
6 38
12 9
17 38
0 44
13 46
20 50
23 47
19 48
14 51
16 45
16 7
7 27
18 19
17 25
12 7
3 38
8 2
22 38
1 17
9 51
11 9
21 6
11 38
18 6
17 0
12 18
22 11
8 29
21 38
1 39
23 17
13 6
6 11
7 11
16 12
20 17
13 17
13 23
6 29
13 29
4 8
14 16
15 0
5 24
16 40
0 20
13 40
19 45
24 45
18 47
7 45
6 44
20 53
12 47
18 16
12 28
7 23
13 2
15 22
3 40
1 26
21 40
6 5
0 47
8 10
11 17
8 40
22 29
16 0
23 20
13 18
6 6
18 40
2 41
17 11
12 0
11 21
1 20
7 22
3 23
10 19
10 12
17 14
16 8
10 9
13 16
7 25
20 26
15 42
19 7
12 42
23 46
22 48
14 44
0 51
17 52
18 50
24 44
23 12
16 24
18 14
3 24
12 14
0 42
11 4
5 42
22 28
21 48
19 24
8 28
11 42
1 11
23 13
7 19
13 1
18 9
8 42
1 43
17 24
6 26
12 6
16 11
22 27
14 24
11 25
7 5
12 26
6 27
7 20
24 20
3 53
2 47
1 48
11 48
10 51
8 50
9 44
21 45
4 47

