317
22 7
8 18
18 30
11 29
0 30
2 49
6 52
5 44
3 46
9 45
13 47
17 47
3 5
6 17
2 19
1 14
17 6
13 30
16 18
20 30
8 28
7 51
11 9
23 14
2 30
3 3
6 2
21 9
16 15
11 17
7 30
12 31
1 27
22 28
17 2
18 26
21 0
18 5
11 8
11 5
21 28
2 24
3 6
16 26
5 8
19 1
13 32
18 15
1 32
12 52
22 48
11 48
6 53
3 50
17 45
0 49
1 21
13 11
17 19
22 9
2 22
10 32
21 3
7 32
6 8
16 51
18 13
20 15
3 32
2 7
7 6
13 14
12 6
21 5
17 32
22 33
6 27
13 4
18 0
3 18
8 13
5 12
23 9
12 25
8 17
13 23
14 21
2 9
5 16
19 21
0 34
2 15
12 34
18 52
11 52
17 51
6 48
14 48
22 46
3 52
11 20
1 18
3 9
6 28
12 27
17 34
20 26
7 34
23 22
2 45
21 13
16 29
16 34
6 19
3 16
1 17
13 25
17 12
2 34
22 35
7 19
11 7
22 23
12 4
18 27
6 6
13 28
4 17
8 15
11 26
12 8
16 12
12 0
22 20
0 36
18 14
5 36
19 49
14 50
13 45
9 51
2 53
8 46
11 47
1 25
6 13
11 25
16 16
12 15
7 36
23 16
2 36
17 5
21 45
18 22
20 14
12 36
11 3
2 27
3 14
21 24
18 9
23 36
15 37
1 28
23 2
6 1
13 19
7 3
5 11
12 18
2 10
14 19
5 17
18 10
16 0
3 28
19 5
17 38
8 16
5 38
22 52
11 45
13 51
2 48
9 52
1 52
12 46
3 8
6 20
18 1
22 11
23 10
0 38
8 20
12 38
17 27
7 48
21 15
16 13
22 38
16 28
13 5
11 11
17 9
3 15
23 38
0 39
8 27
21 19
7 4
6 26
18 16
24 5
24 3
24 21
12 24
0 0
3 1
14 10
0 27
5 1
8 40
13 16
11 40
6 50
17 46
2 46
14 44
3 45
1 48
19 47
1 9
11 24
6 25
8 21
2 21
22 40
10 16
16 40
21 26
15 46
7 13
13 22
2 40
11 19
8 1
1 10
3 10
17 18
6 40
20 41
18 3
12 26
13 6
23 0
16 3
22 21
24 7
3 4
15 24
22 16
15 14
3 19
22 10
13 21
0 42
11 27
5 42
19 45
8 49
14 47
3 47
17 50
9 50
12 51
12 14
7 8
8 4
6 0
22 27
18 42
15 11
2 42
13 18
11 46
10 20
21 10
22 42
16 17
12 13
2 14
8 8
3 20
23 42
16 43
7 24
1 15
21 22
6 24
11 6
5 24
8 6
1 8
22 19
8 10
23 20
9 11
21 51
23 52
20 45
4 50
10 53
16 44
15 44
7 47
24 52

