317
17 25
24 2
15 30
21 17
2 30
11 46
12 53
10 53
4 53
20 50
23 46
1 45
16 2
12 5
11 17
23 7
2 16
5 30
13 24
17 30
1 8
8 46
21 13
22 24
12 30
13 20
22 26
17 11
8 8
3 0
21 30
5 31
11 8
16 29
2 22
1 22
16 17
4 20
5 25
6 6
16 6
1 9
23 22
9 29
17 23
20 26
23 32
16 23
11 32
18 45
10 48
1 50
2 46
7 47
21 44
15 53
11 11
23 18
21 15
7 15
17 10
13 32
8 18
2 32
1 1
22 45
16 5
9 12
18 32
3 1
2 1
13 4
17 4
8 2
1 32
5 33
23 13
13 14
11 20
18 1
21 9
5 23
7 20
9 17
3 5
4 7
10 21
23 15
12 23
4 8
2 34
10 1
23 34
7 52
21 53
18 49
17 53
20 44
11 50
1 48
23 20
21 19
12 18
11 25
2 17
17 34
5 0
7 34
16 20
6 51
22 16
13 5
11 34
6 17
1 29
2 2
21 7
13 11
12 34
15 35
7 25
23 16
18 6
22 27
3 10
24 13
22 1
11 2
22 11
23 19
10 8
1 2
10 28
12 16
16 36
11 4
1 36
3 51
4 47
18 47
20 52
24 44
7 45
15 47
18 28
3 14
1 26
17 8
10 10
22 36
0 7
7 36
21 18
19 52
13 8
6 14
3 36
1 0
6 24
7 4
13 21
17 5
11 36
21 37
8 26
11 24
18 9
2 7
16 13
15 23
21 23
16 19
18 15
7 13
15 1
7 3
15 17
18 5
10 38
3 11
23 38
2 53
17 52
21 46
1 51
20 46
4 52
16 49
2 19
1 28
21 10
16 28
22 10
7 38
3 24
12 38
18 22
5 48
19 26
6 21
1 38
23 8
16 10
11 6
21 24
6 15
17 38
7 39
12 22
2 18
3 4
3 23
22 3
8 13
0 15
14 3
3 28
8 16
8 23
12 8
4 6
21 3
2 40
16 11
11 40
20 51
23 53
1 44
15 45
10 49
7 50
18 52
1 11
11 29
12 21
18 25
2 29
5 40
16 9
22 40
17 20
14 46
13 6
8 3
7 40
12 14
23 27
6 28
8 7
22 22
1 40
17 41
2 10
13 16
11 13
3 21
16 14
3 3
15 13
15 29
14 24
7 28
0 21
18 0
23 24
17 9
20 42
18 21
3 42
16 46
11 51
15 51
2 51
1 52
24 53
10 44
16 16
21 1
23 3
11 1
2 13
12 42
18 4
6 42
1 10
19 47
22 2
0 18
2 42
21 11
18 26
6 7
8 10
21 0
11 42
12 43
1 4
7 6
22 14
3 12
16 12
10 24
2 8
2 6
9 27
12 25
9 14
8 24
8 44
14 52
19 48
13 51
0 44
6 45
9 45
22 44
5 46

