317
2 14
6 18
15 30
21 18
17 30
23 45
8 44
22 51
9 53
5 49
10 49
14 47
16 5
23 5
8 9
22 3
17 20
12 30
19 0
0 30
11 24
7 53
21 27
3 1
8 30
22 9
6 23
1 10
7 28
17 23
23 30
11 31
21 23
2 8
16 10
18 9
3 7
17 26
11 22
10 24
17 6
2 22
20 8
3 16
13 1
14 23
15 32
2 25
5 32
21 45
12 49
18 51
23 53
8 45
17 52
10 50
6 1
24 12
16 14
7 27
17 18
12 32
3 11
21 32
8 1
11 44
2 26
1 22
1 32
12 23
11 8
22 19
3 20
6 12
17 32
7 33
23 1
21 8
16 12
1 2
13 19
21 16
19 8
15 24
21 10
17 13
19 17
18 24
13 13
18 27
22 34
6 0
15 34
12 46
17 53
5 45
2 52
14 50
21 47
10 47
13 22
22 2
12 9
3 5
15 11
20 34
6 3
7 34
17 27
0 47
1 3
11 16
12 34
7 24
18 0
16 17
21 24
11 3
13 34
2 35
8 17
23 12
2 13
22 21
17 25
11 14
24 9
2 2
10 23
0 6
22 24
14 16
15 21
5 7
17 36
6 15
12 36
8 53
10 44
16 49
14 48
21 52
2 44
9 51
16 18
12 21
13 24
22 5
17 14
20 36
11 4
2 36
8 10
7 49
6 29
1 19
11 36
13 7
1 28
2 12
17 22
21 11
16 36
22 37
3 27
16 8
8 13
12 1
7 9
0 21
23 9
23 24
14 8
3 23
6 6
8 6
9 22
17 12
15 38
8 3
13 38
21 48
23 46
12 53
2 51
10 48
18 49
6 49
23 15
16 19
2 3
18 22
12 8
10 38
8 23
20 38
7 20
19 52
1 20
3 15
2 38
13 15
17 21
16 23
11 15
8 8
23 38
5 39
22 23
1 8
3 22
3 18
12 0
11 0
2 21
0 10
3 19
14 20
21 7
6 11
15 3
14 0
16 40
13 25
21 40
18 44
12 51
6 46
23 50
9 46
2 49
8 51
8 0
18 7
2 6
16 29
20 15
23 40
3 24
5 40
12 22
19 44
1 24
13 3
2 40
17 15
7 19
6 7
8 19
23 11
18 40
10 41
3 13
16 13
21 21
1 9
13 21
16 21
22 15
21 25
22 0
17 28
23 2
8 27
16 1
12 6
13 42
21 13
22 42
9 48
18 47
5 53
2 47
6 48
10 51
17 48
13 18
2 16
1 18
7 1
22 26
5 42
3 4
15 42
12 28
11 49
21 29
20 19
2 42
8 4
1 16
11 2
21 28
17 24
3 42
6 43
22 11
13 16
18 21
23 8
16 25
24 28
7 12
5 6
2 29
15 15
1 6
24 22
1 50
20 48
24 45
3 46
4 51
7 50
19 47
11 47
0 51

