317
4 24
24 29
13 30
11 10
15 30
5 44
12 50
21 48
23 49
18 51
17 44
22 52
16 1
13 20
12 24
8 14
17 17
22 30
19 1
1 30
7 16
11 45
20 14
6 18
17 30
16 13
13 17
2 25
6 28
23 2
11 30
7 31
18 1
1 22
12 14
22 18
2 22
19 22
18 20
3 29
19 21
5 3
18 11
12 4
11 17
15 13
12 32
5 18
22 32
24 50
4 47
3 49
16 53
21 44
10 48
14 44
13 19
16 24
12 3
11 13
22 29
3 32
7 5
17 32
1 17
6 44
20 7
8 3
8 32
16 14
17 23
12 19
11 20
6 7
21 32
0 33
3 26
13 0
23 7
7 28
18 4
7 8
22 14
20 1
22 25
6 4
0 29
7 11
5 24
4 28
22 34
17 21
15 34
11 46
3 50
21 50
13 53
10 49
18 50
24 52
3 21
23 16
16 19
18 9
10 28
20 34
8 10
5 34
12 22
1 53
2 5
17 10
17 34
7 3
3 1
1 12
22 27
16 27
2 34
12 35
8 9
21 12
12 16
23 8
18 29
13 16
13 4
12 27
5 9
8 22
2 12
6 21
24 23
4 20
15 36
5 28
13 36
11 49
10 50
17 48
12 52
3 45
23 46
18 44
16 17
13 21
12 26
8 18
2 19
17 36
5 20
21 36
11 4
19 46
1 4
6 27
11 36
12 5
23 17
21 8
1 29
6 20
3 36
7 37
22 3
2 11
18 24
13 25
16 18
13 3
15 12
17 11
12 25
6 19
22 16
21 2
10 24
17 3
3 38
23 3
21 38
5 51
13 52
18 52
16 49
24 46
15 50
11 52
18 12
22 10
3 12
21 7
10 27
15 38
8 26
12 38
6 23
23 47
1 6
2 13
23 38
3 3
16 3
13 27
18 25
8 24
11 38
5 39
12 2
2 18
21 23
21 11
1 5
6 13
20 22
23 22
10 3
22 12
19 12
10 17
12 15
14 15
17 40
10 12
15 40
4 50
21 47
11 51
23 53
13 46
5 46
3 53
3 8
18 21
13 9
12 7
15 28
22 40
7 24
0 40
11 6
20 47
6 25
8 13
7 40
2 9
13 14
11 11
6 2
16 9
3 40
22 41
17 13
1 15
8 6
21 10
18 10
0 2
24 0
16 23
8 19
16 15
0 19
21 15
23 13
11 29
3 42
5 6
13 42
18 46
16 46
15 47
17 45
22 53
12 51
24 45
13 28
2 15
12 11
8 23
17 0
0 42
19 19
20 42
11 0
6 47
10 22
5 2
16 42
18 19
11 18
21 22
2 28
22 8
6 42
7 43
1 0
23 10
17 18
3 25
13 2
7 22
1 26
9 19
22 11
1 10
12 20
13 26
7 49
8 44
9 46
6 52
2 45
1 49
20 44
19 50
0 47

