317
6 12
14 7
20 30
11 10
23 30
2 45
5 48
0 49
1 52
10 53
12 51
22 46
6 29
1 22
2 10
12 18
22 9
15 30
3 6
7 30
21 0
18 51
13 14
11 21
13 30
12 10
11 9
7 19
18 5
1 18
22 30
15 31
21 28
6 28
23 22
3 11
6 24
17 11
2 6
8 4
8 17
5 28
23 5
20 11
20 19
0 10
1 32
12 29
7 32
10 46
14 47
11 46
23 51
21 44
5 51
6 51
6 9
2 7
11 6
1 5
7 12
17 32
16 2
22 32
21 1
3 53
12 1
13 23
6 32
3 21
2 19
21 6
22 0
8 26
11 32
17 33
16 16
8 18
12 3
7 23
23 14
23 25
17 21
9 11
11 28
6 23
11 19
12 7
23 8
11 29
7 34
10 9
5 34
2 46
12 52
0 47
1 50
20 53
21 51
14 51
6 26
1 4
12 23
21 18
7 13
2 34
17 12
22 34
11 17
13 44
16 23
18 8
17 34
21 8
12 0
13 4
8 1
16 11
18 34
2 35
23 6
6 8
1 21
7 18
11 8
2 13
4 16
20 26
21 22
1 9
1 25
16 17
12 17
7 26
0 36
11 11
23 36
6 49
14 45
21 45
20 46
22 47
8 53
10 49
1 19
12 22
21 15
8 11
22 10
2 36
9 8
16 36
6 13
11 51
13 8
5 7
21 36
23 13
16 28
18 24
12 13
1 27
13 36
2 37
17 3
11 26
6 17
22 20
8 2
21 5
4 25
23 4
15 14
13 28
2 8
0 4
20 15
10 3
11 38
24 18
1 38
6 47
22 52
0 50
8 52
14 49
5 45
21 47
6 21
1 16
4 24
12 27
2 18
7 38
13 18
21 38
11 7
16 49
18 9
17 28
16 38
2 22
11 24
12 26
21 12
6 20
3 38
7 39
22 17
1 1
17 10
17 1
23 15
6 5
18 29
2 25
4 6
20 28
23 20
18 25
5 6
14 17
11 40
2 2
0 40
10 51
22 44
7 50
20 51
6 53
8 48
21 46
6 10
1 10
12 14
11 27
7 5
22 40
2 5
17 40
21 3
16 44
13 20
3 27
2 40
11 3
12 9
3 14
7 0
17 18
13 40
22 41
18 14
6 22
8 15
21 26
16 13
3 13
1 0
18 10
5 2
22 28
18 7
7 20
8 6
20 9
0 42
2 21
10 42
23 48
7 45
24 49
21 53
6 46
22 50
5 53
1 28
22 19
21 25
11 1
7 21
12 42
2 9
17 42
23 2
3 49
9 2
16 5
7 42
13 15
22 8
6 7
3 8
17 20
8 42
12 43
1 15
18 2
11 0
2 3
21 4
8 19
2 11
8 9
16 3
13 7
9 13
17 14
18 52
17 51
19 51
9 53
4 44
3 50
16 52
13 47
15 44

