317
21 7
6 8
15 30
8 28
18 30
20 49
7 51
14 44
9 49
5 46
1 45
0 51
21 23
18 16
16 8
7 28
0 20
12 30
2 6
22 30
6 20
17 52
8 11
3 6
1 30
2 29
18 17
8 9
23 24
22 23
17 30
11 31
3 2
21 26
16 21
7 18
8 0
19 1
11 18
19 6
24 17
12 8
7 27
12 3
16 28
15 24
18 32
12 5
6 32
14 50
0 50
8 52
23 49
1 48
9 45
5 48
18 13
23 20
16 3
6 4
7 12
2 32
13 13
20 32
1 11
11 47
17 27
12 13
8 32
17 1
16 23
21 16
7 8
1 1
11 32
2 33
23 0
21 12
13 2
8 8
18 25
2 16
9 1
9 6
21 29
5 3
15 17
7 7
12 17
19 17
7 34
9 14
15 34
6 46
18 52
0 47
1 51
20 45
14 51
5 53
12 20
7 3
6 23
1 12
17 26
22 34
24 20
2 34
8 15
9 53
13 27
11 7
11 34
2 2
16 15
17 23
8 27
13 10
12 34
21 35
1 26
6 10
23 10
7 6
18 11
1 8
10 11
13 11
13 9
4 15
21 10
2 11
9 23
23 2
6 36
14 8
18 36
16 52
15 46
8 46
5 47
12 50
1 47
0 45
6 3
16 24
18 27
1 22
7 2
2 36
14 3
20 36
12 27
17 50
13 8
11 20
17 36
16 26
22 11
6 27
11 27
1 27
12 36
2 37
7 10
12 0
8 22
18 22
23 18
7 16
3 26
18 19
15 10
7 9
9 21
23 4
9 7
19 3
15 38
8 17
20 38
14 48
23 48
0 49
6 50
18 53
7 53
1 52
23 23
7 5
16 10
11 8
17 24
12 38
22 25
2 38
21 17
10 48
5 17
8 7
22 38
17 8
18 1
3 23
21 5
8 16
1 38
11 39
2 8
23 1
6 5
6 25
16 11
10 6
6 6
4 10
23 3
23 9
7 21
13 6
15 15
14 17
18 40
12 4
8 40
16 46
21 49
7 52
6 49
0 44
20 46
1 44
21 1
18 12
6 17
16 14
7 23
2 40
13 24
22 40
1 7
17 53
11 16
12 2
7 40
22 28
11 3
6 26
8 26
12 15
21 40
2 41
18 21
23 22
13 14
17 10
1 16
2 7
2 15
9 27
20 5
19 5
12 23
0 7
21 8
12 10
5 42
7 26
15 42
0 46
1 53
19 49
8 48
20 50
18 48
14 49
6 14
18 23
8 5
1 24
15 0
2 42
7 13
22 42
12 12
13 50
17 4
11 23
18 42
16 1
13 15
21 14
6 28
23 12
1 42
2 43
8 4
22 6
17 12
7 22
11 25
1 25
3 22
22 24
17 21
8 20
23 29
0 8
22 49
11 49
13 44
24 45
4 52
2 53
3 53
17 47
10 44

