1 3305 291.812000 26449 1507 1012 430 15000 6500 2000
2 2169 285.797000 18931 1411 893 427 10000 4000 2200
3 880 283.282000 22972 1300 1354 418 13000 5000 1900
4 2522 281.109000 16231 1235 1163 433 8000 3000 2400
5 16180 288.781000 22399 1435 1222 442 12000 6000 1300
6 2706 281.219000 21893 1277 998 418 12000 5500 1700
7 31364 281.281000 20555 1407 1118 430 9000 6500 2100
8 3601 282.016000 14756 1257 983 416 9000 1500 1600
9 4650 287.844000 25214 1501 764 449 12000 8500 2000
10 5305 277.189000 23512 1524 773 415 12000 7000 1800
