317
7 8
24 26
22 30
1 2
11 30
13 47
19 45
9 53
4 50
14 47
18 49
10 51
12 28
11 29
23 7
22 18
13 25
17 30
2 7
6 30
16 10
1 45
3 25
21 25
2 30
1 14
23 0
7 23
13 10
18 10
21 30
15 31
3 0
6 7
11 7
12 27
7 4
9 12
17 26
18 29
9 11
9 6
8 17
10 10
4 9
19 6
13 32
1 9
10 32
24 51
9 50
12 53
23 45
8 44
18 52
16 52
11 23
18 16
16 13
21 11
12 4
22 32
3 10
5 32
8 11
17 51
2 22
1 27
2 32
6 18
17 28
13 12
3 4
23 10
8 32
20 33
18 15
13 8
11 28
2 0
16 14
9 26
10 0
12 9
13 24
10 26
15 26
11 27
1 21
23 23
8 34
19 12
10 34
7 47
13 53
24 47
22 52
18 48
12 45
16 51
18 28
11 14
16 7
1 28
7 14
12 34
20 8
2 34
23 6
17 50
6 4
21 15
16 34
3 20
22 28
21 12
6 11
17 2
18 34
12 35
1 12
7 7
11 25
8 13
23 12
6 13
13 29
0 23
17 11
7 20
9 3
2 21
7 11
4 1
18 36
12 6
23 36
13 46
10 44
11 46
9 52
16 44
8 53
1 51
23 16
7 24
8 21
11 1
18 27
2 36
14 19
20 36
1 26
6 49
17 0
12 8
6 36
8 28
23 18
22 19
17 8
13 15
16 36
1 37
21 21
18 9
11 17
7 29
12 26
12 15
18 8
8 1
18 13
20 2
1 0
14 14
24 5
10 16
12 38
22 7
7 38
1 44
18 51
4 51
11 48
9 46
23 48
16 53
21 26
8 22
7 25
1 1
12 5
23 38
3 7
17 38
2 12
22 48
14 4
6 12
6 38
18 6
13 9
12 7
21 4
3 13
22 38
0 39
23 28
17 15
8 8
7 19
16 11
19 15
20 26
16 18
8 26
18 7
6 3
16 0
19 1
24 2
22 40
10 24
7 40
14 49
12 46
18 45
9 44
13 45
16 49
1 50
1 13
18 26
7 16
8 2
15 8
12 40
17 10
2 40
23 17
10 47
6 6
21 0
16 40
7 18
21 14
3 9
2 27
22 5
6 40
11 41
18 23
1 20
8 10
17 20
23 11
9 10
13 16
5 11
6 21
19 22
5 24
3 29
18 20
4 11
7 42
13 23
10 42
1 53
23 51
14 48
19 48
24 44
9 51
12 47
3 15
11 18
12 21
21 8
7 27
22 42
13 17
16 42
1 24
2 50
0 21
6 14
2 42
21 20
3 23
16 21
12 10
8 15
1 42
20 43
13 22
17 25
23 2
11 2
6 23
14 17
12 25
12 14
11 0
18 4
9 21
1 11
17 47
21 49
20 48
15 53
5 48
3 45
2 52
6 45
0 49

