317
6 29
24 23
11 30
23 12
1 30
16 48
14 51
15 51
0 50
4 45
8 52
5 45
11 7
1 17
2 20
12 26
20 3
17 30
23 0
7 30
16 22
3 46
13 4
22 20
3 30
2 13
21 17
8 10
16 23
12 19
22 30
17 31
1 4
7 10
11 20
13 21
6 28
13 12
16 6
19 11
4 3
14 20
7 22
23 1
0 18
6 10
1 32
23 10
7 32
24 50
5 44
16 46
12 49
14 44
4 51
15 52
21 24
2 9
22 8
1 26
7 23
17 32
13 7
10 32
16 18
3 50
23 7
9 17
23 32
1 1
7 29
12 27
11 28
2 22
21 32
16 33
8 26
13 18
22 21
3 3
6 23
11 5
21 7
2 28
20 10
17 8
19 2
17 21
24 14
11 22
0 34
2 2
5 34
14 46
8 44
12 46
16 50
15 46
7 53
4 46
6 8
16 9
12 16
1 12
7 12
18 34
20 19
21 34
11 17
3 45
2 14
13 1
7 34
22 14
11 11
13 0
3 13
8 11
12 34
17 35
21 11
1 27
17 11
2 29
6 5
20 15
4 10
15 20
20 12
9 0
20 0
12 5
4 6
23 27
15 36
8 6
5 36
24 46
14 48
12 50
7 47
11 45
2 51
0 51
16 13
6 4
7 4
17 22
10 27
18 36
8 4
1 36
23 22
21 44
22 22
13 13
7 36
8 19
1 23
3 6
21 19
16 1
22 36
17 37
2 26
22 16
11 23
6 9
12 17
2 23
7 14
2 19
12 20
0 0
18 2
12 0
4 21
0 4
23 38
2 5
6 38
14 50
11 49
8 53
17 46
5 52
1 47
16 47
6 22
23 11
1 8
17 3
2 25
8 38
18 14
10 38
16 28
21 53
22 9
13 29
1 38
7 6
12 22
2 0
13 26
18 28
3 38
15 39
23 17
8 7
22 4
21 12
6 6
12 10
18 27
14 9
7 26
13 16
5 8
11 15
15 9
14 0
1 40
16 21
11 40
0 45
7 49
4 50
24 52
5 50
17 44
23 45
23 4
1 10
17 6
2 27
10 12
5 40
13 15
20 40
8 2
3 52
18 16
16 26
16 40
21 16
13 28
12 21
11 0
1 9
23 40
6 41
17 27
22 27
3 17
18 21
2 15
16 2
18 4
16 15
0 15
5 17
21 13
9 9
6 15
0 8
7 42
23 3
11 42
1 51
16 49
14 52
17 51
2 53
24 48
15 49
11 19
16 16
17 1
1 2
7 17
2 42
5 0
20 42
12 18
13 46
18 23
23 14
18 42
18 12
13 10
22 6
8 29
21 15
1 42
2 43
7 11
23 26
16 7
6 14
12 6
13 20
15 10
6 26
13 27
15 21
19 10
3 4
21 45
10 51
19 52
18 45
22 47
3 53
9 47
13 52
20 50

