1 11409 282.406000 11342 1295 892 455 3000 4000 1700
2 3430 287.406000 19405 1476 914 415 10000 4500 2100
3 2295 270.531000 19576 1267 995 414 9000 6000 1900
4 26073 280.688000 17315 1303 1190 422 9000 3500 1900
5 2470 275.281000 20173 1401 1136 436 10000 5000 2200
6 20297 286.750000 25564 1388 744 432 16000 4500 2500
7 2877 274.687000 21221 1341 864 416 12000 4500 2100
8 2969 286.125000 20245 1436 1089 420 10000 5000 2300
9 5692 272.079000 20460 1254 1043 463 12000 3500 2200
10 4927 272.484000 22079 1433 910 436 11000 6500 1800
