r\t   0   1   2   3   4   5   6   7   8   9  10  11  12  13  14  15  16  17  18  19  20  21  22  23  24 
  0  -1  -1 117 259  -1  -1  -1  -1  -1  -1  -1  -1 148 148  -1 220 147 238 123  -1  -1  81  16  16  -1 
  1  -1  -1 290  -1  -1  -1 219 120  -1  -1  -1 240  -1  -1  -1  -1 196  -1  -1  -1  -1  -1  -1  -1  -1 
  2  -1  -1  -1  -1  -1  -1  -1  -1  -1  -1  -1 304  -1  -1  -1  -1 175  -1 106  -1  -1  -1  -1  -1  -1 
  3  -1  -1  -1  -1  -1  -1 278  -1 243  -1  -1  -1  -1  -1 132  -1 205  36  41  -1  -1  -1 289  29  -1 
  4  -1 113  -1 174  -1  -1  44  -1  -1  -1  -1  -1  -1 280 280  -1  -1  -1  -1  -1  -1 245 101  -1  -1 
  5  -1  -1  -1  -1  -1  -1  -1  -1  -1  -1  -1  -1  -1  72  -1  -1  -1 111  -1  -1 155 298  82  80  -1 
  6 265 110  64  -1  -1 176  -1 199  -1  -1  -1 215 209  -1  -1  -1 217 303  -1  -1  -1  -1 154 124  -1 
  7  -1  -1  45  -1  -1  -1 159  -1  -1  -1  -1  -1  23  26  -1 170  -1  -1  -1  -1  -1 233  -1  -1  -1 
  8  -1  -1 253  -1  -1  -1  57  -1  -1  -1  -1 261  -1  15  -1  -1  -1 121 214  -1  -1 115  34  -1  -1 
  9  -1 232  -1  -1  -1  -1 249  -1  -1  -1  -1 165  -1  47  -1  -1  -1  -1  -1  -1  -1 102  -1 247  -1 
 10 218 127  -1 248  -1  -1  -1 172 307  -1 262  79  -1  -1  -1  -1  12  27  -1  -1 260 204  -1  89  -1 
 11  -1  -1 189 276  -1  -1  28 158  -1  -1 150 264  -1  -1  -1  -1  -1  -1  -1  -1  -1  -1  -1  -1  -1 
 12  38  -1  -1  -1  -1  -1  88  -1  -1  -1  -1 299  -1  -1  -1  91  -1 252  -1  -1  -1  -1  37  -1  43 
 13  -1 210  18  -1  -1  -1  -1  71  -1  -1  -1  -1  -1  -1  -1  -1 223  -1  -1  -1  -1  -1  -1 108  -1 
 14  -1 167  32  -1  -1  -1  20  -1 277  83  -1  -1 164  -1  -1  -1 300  -1  -1  -1  -1  -1 254  -1  -1 
 15 126  -1  -1  -1  -1  -1 144  77  -1  -1  -1  87  -1  -1  -1  -1 234 213  -1  -1  -1  -1  -1 160  -1 
 16  -1  -1  -1 145  -1  -1  -1  -1  -1 301  -1  -1  -1  -1  -1  -1  73  -1  -1  -1  -1  -1  84  -1  -1 
 17  -1  -1  -1 166  -1  -1  -1 208 297  -1  -1 122  62  -1  -1  -1 257 169 242  -1  -1 133  -1  -1  -1 
 18  -1  -1  -1 114  -1  -1 235  -1 194  -1  -1 212 263  -1  -1  -1  -1 191  -1  -1  -1 168  -1 152  -1 
 19  -1 211  -1  56 198  -1  -1 282  -1  -1  -1  14 296  -1  -1  -1  -1  -1 255  -1  -1  13  -1  -1  -1 
 20  -1  -1  -1  -1 128  -1 103  -1 125  -1  -1  -1  -1  -1 302  -1  33  -1  -1  -1  -1 279 202  -1  -1 
 21  -1  39  -1  -1  -1  -1  -1  -1 256  -1  -1  -1 287 201  -1  -1 116  -1  -1  -1  -1  -1  -1  -1  -1 
 22  -1  -1 104 104  -1  -1  -1 246  -1  -1  86  -1  -1  -1  -1  -1  -1  -1  -1  -1  -1  35  -1  -1  -1 
 23  -1  -1   3  -1  -1  -1 291  -1 203  -1  -1  -1  -1 292  -1  -1  -1  85 258  -1  -1  -1  -1 131  -1 
 24  -1  25 286  78  -1  -1  -1  -1  -1  -1  -1  -1  -1  -1  -1  -1  -1  -1  -1  -1  -1  69  -1   0  -1 
 25  -1  -1 146  -1 179 221  -1  -1  -1  -1  -1 284  -1  -1  42  -1 161  -1  -1  40  -1  -1  -1  -1  67 
 26  -1  66  -1  -1  -1 305  -1  -1  -1  -1 173  -1  -1 216  -1  -1  -1 293 130  -1  -1  -1  60  60  -1 
 27  -1  -1 157 177  -1  -1  -1  -1  -1  -1  -1  58  -1  -1  -1  -1 100  -1  -1  -1  -1  -1 135 306  -1 
 28  -1  -1 267  -1  -1  -1  76  -1  -1  -1  -1  -1 192 192  -1  -1  59  -1  -1  -1  -1  -1 236 236  -1 
 29  22  -1  -1  -1  -1  -1 188  -1  -1  -1  -1 190  -1  -1   1  -1  -1  -1 171 129  -1  -1  70  -1  -1 
 30  -1  -1  -1  24  -1   4   4  -1  17  17  -1  -1  30  -1  -1   2   2  19  19  19  -1  -1  -1  -1  -1 
 31  -1  -1  -1  -1  -1  -1  -1  31  31  31  -1  -1  -1  -1  -1  -1  -1  -1  -1  -1  -1  -1  -1  -1  -1 
 32  -1  74  -1  48  48  -1  -1  63  63  63  -1  -1  68  -1  -1  46  46  -1  61  61  -1  -1  -1  -1  -1 
 33  -1  -1  -1  -1  -1  -1  -1  -1  -1  -1  -1  -1  -1  -1  -1  -1  -1  75  75  75  -1  -1  -1  -1  -1 
 34  -1  -1  90  90  -1  -1 118 107 107 107  -1  -1 105 105  -1  -1  -1  -1  -1  -1  92  92 112  -1  -1 
 35  -1  -1  -1  -1  -1  -1  -1  -1  -1  -1  -1  -1 119 119 119  -1  -1  -1  -1  -1  -1  -1  -1  -1  -1 
 36  -1  -1  -1  -1  -1  -1  -1 151 151 151  -1  -1  -1 162  -1 134 134 149 149  -1  -1  -1 156 136 136 
 37  -1  -1  -1  -1  -1  -1  -1  -1  -1  -1  -1  -1  -1  -1  -1  -1  -1 163 163 163  -1  -1  -1  -1  -1 
 38  -1  -1 200  -1  -1  -1 206  -1  -1  -1  -1  -1  -1 180 180  -1  -1  -1 193 193 178 178 195 195 195 
 39  -1  -1  -1  -1  -1  -1  -1  -1  -1  -1  -1  -1  -1  -1  -1  -1  -1 207 207 207  -1  -1  -1  -1  -1 
 40  -1 250 239 239 239  -1  -1  -1  -1  -1  -1  -1 237 237  -1  -1 244  -1  -1  -1 222 222 224 224  -1 
 41  -1  -1  -1  -1  -1  -1  -1  -1  -1  -1  -1 251 251 251  -1  -1  -1  -1  -1  -1  -1  -1  -1  -1  -1 
 42  -1 294  -1 266 266 268 268 288  -1  -1  -1  -1  -1  -1  -1 283 283 283  -1  -1  -1  -1 281 281  -1 
 43  -1  -1  -1  -1  -1  -1  -1  -1  -1  -1  -1  -1  -1  -1  -1  -1  -1  -1  -1  -1  -1  -1 295 295 295 
 44  -1 315  -1  -1  -1  -1  -1  -1 313  -1 109  96 311  -1  -1 274  -1  -1  -1  -1  -1  -1  -1  -1  -1 
 45  -1  -1  -1  -1  -1  -1 141  -1  -1  -1  -1  -1  -1  -1  -1  -1  -1  -1  -1  -1 269  -1  -1 272  -1 
 46  -1  21  -1  -1  11  -1  -1  -1  -1  -1  -1  -1  -1  -1 271  -1  98  -1  -1  -1  -1  -1   6  -1  -1 
 47 229 153  -1 226  -1  94  -1  -1  -1  -1  -1 230  -1 140  55  -1  -1  -1  -1  -1  -1  -1  53  -1  -1 
 48  -1  -1 227  -1  -1  -1  -1  -1  -1  -1  -1 182  -1  -1  -1  -1 273  -1  -1  -1   9  -1  95  49 225 
 49 185 285  -1  -1  93  -1  -1  -1  -1  -1  -1  51  -1  -1  -1  -1  -1  -1  -1  -1  -1   5 184  -1  -1 
 50  99  -1  -1 139  -1 143  -1 241  -1  -1 314 142  -1   8  -1  -1  -1  -1  -1  -1  -1 270  -1  -1  -1 
 51 138  -1 137  -1  -1  -1  -1  -1  -1  -1  -1  -1  -1  65 228  -1 181  -1  -1 310  -1  52  -1  -1  -1 
 52  -1 197 186   7  -1  50 231  -1  -1  -1  -1  10  -1  -1  -1 183  -1  -1  -1  -1  54  -1  -1  -1  -1 
 53  -1  -1  -1  -1  -1  -1 187 312  -1 316  -1  -1  -1 275  -1  -1  -1 309 308  -1  -1  -1  -1  -1  97 

r\t   0   1   2   3   4   5   6   7   8   9  10  11  12  13  14  15  16  17  18  19  20  21  22  23  24 
  0  -1  -1 202  -1  -1  -1  -1 210  45  -1  -1  26  87  16  16  -1  -1  -1  14  -1  -1  -1  -1  84  -1 
  1  -1 204  -1  -1  -1  -1  -1  -1 302  -1  -1  12  -1 203  -1  -1 110  -1 253  -1  -1 282  -1  36  -1 
  2  -1 116 280 280  -1 260  -1  -1  -1 238 177  -1 240  -1  -1  -1  -1  -1 213  -1  -1 169  -1 303  -1 
  3  -1  -1  -1 111  -1  -1  -1  -1  -1  -1  -1  -1  -1 131  -1  -1 287  -1  -1  -1  -1  -1  -1  -1  -1 
  4  -1 249  23  -1  -1  -1 122  -1  32  -1  -1 190  -1  -1  -1  -1  -1  -1  -1  -1  -1  -1  59  -1   1 
  5  -1  40  -1 123  -1  -1  -1  -1  -1  -1  -1  -1  -1  -1  -1  -1  -1  -1  -1 125  -1  27  -1  -1  -1 
  6  91  13 256  -1 126  -1  -1  -1  -1  -1  -1 307  -1  -1  -1  -1 154  -1 127  -1  -1  79 209  -1  -1 
  7 219 189  -1  -1  -1  -1  -1  58  -1  -1  86  -1 115  -1  -1  -1  -1  -1 128  -1  -1  -1  -1  -1  -1 
  8  -1 161  -1  -1  -1  -1 289  -1  -1 217  -1 235  -1  76  -1  -1  -1  -1 279  -1  -1  -1  -1  -1 172 
  9  -1 100  -1 246  -1  -1  -1  -1  -1  -1  -1  -1  -1  -1  -1  -1 205  -1  -1  -1  -1  -1 102  89  -1 
 10  -1 223  -1 199  -1  -1  -1  -1  -1  -1  -1  -1  -1  34  -1  -1  -1 242  77 133  -1 201 278  -1  -1 
 11 148 148 194 147  -1  -1  22  -1  -1  -1  -1  -1  -1 103  -1  -1  -1 150  -1  -1  -1  62  -1 212  -1 
 12 265  57 106  -1  -1  -1  -1 284 301  -1  -1  -1  -1  -1  -1  -1 248  -1  -1  -1  -1 167  -1  44  -1 
 13  -1  -1  -1 292  -1  66  -1  -1  -1  -1  -1  -1  -1 145  -1  -1 168 191  -1  -1  -1 144 174  -1  -1 
 14  -1  -1  -1  -1  -1  -1  -1  25 188  -1  -1  -1 297  -1  -1  -1  -1  -1  -1  -1 104 104 300  56  -1 
 15 257 216  -1  -1  -1  -1   3  -1  -1  -1  -1  -1  -1  -1  39  -1  -1 290  -1  -1  -1 232  -1 130  -1 
 16  -1 179  -1 214  -1  -1  -1  -1  -1  -1  -1  -1  -1  -1  -1  -1  -1  -1 152  -1  -1  -1  33 124  -1 
 17 259  -1  -1  -1  -1  -1  80  -1 155 262  -1 166  -1  -1  -1  -1  -1  -1  -1  -1  -1  -1 171  82 175 
 18  -1 277 121  -1 286 198 108  -1 176  -1  -1  -1  -1 157  -1  -1  -1  -1  -1  -1  -1  -1  -1  -1  -1 
 19  -1  -1  -1  -1  -1  -1 261  -1  -1  -1  -1  64 192 192  -1  -1  -1 254 234  -1  -1  -1  -1  -1  -1 
 20  -1  -1 296  70  -1 173  -1 252  -1  -1  -1  -1  -1 233  -1  -1  -1  60  60  -1  -1  -1  -1   0  -1 
 21  -1  -1  -1  -1  -1  -1  -1 196 218  -1  -1 291  -1  -1  -1  -1 243 160  -1  -1  -1 117 245 298  -1 
 22  -1  35  -1  -1  -1 263  -1  -1 258  -1  -1  -1  81  -1  -1  -1  -1  -1 101  -1  -1  -1 170 276  -1 
 23  -1 299  69  -1  -1  -1  -1  -1  -1  -1  -1 114  -1  -1  -1  -1  -1  -1  -1  -1  -1  -1  73  -1  -1 
 24  -1  -1  29  -1  -1  -1  -1  -1 129  -1  -1  -1  -1  -1  -1  -1  -1  -1  -1  -1  -1  47 158  43  -1 
 25  -1  -1  -1 215  -1  -1 165  -1  37  -1  -1  -1  -1 247  -1  -1  -1  -1  -1  -1  -1  -1  -1  85  -1 
 26 220  -1  -1  -1 306  -1  -1  -1 255  -1  -1 146  -1  42  -1  -1  78 113  -1  -1 221 132  -1 159  -1 
 27  -1  -1  -1  -1  -1  -1  -1 211 208  67  -1  -1  18 264  -1  -1  -1  71  -1  -1  -1  -1  -1 305  -1 
 28  -1  -1  -1  -1  -1  -1  -1 164 135  -1  38  -1  -1  -1  -1  -1 120  20  28  -1  -1  -1  -1  -1  -1 
 29  -1  88  -1  -1  -1  41  -1  72  -1  -1  -1  83  -1 293  -1  -1  15  -1 304  -1  -1 267 236 236  -1 
 30   2   2  -1  -1  -1  -1  24  17  17  -1  -1  -1  30   4   4  -1  -1  -1  -1  -1  -1  19  19  19  -1 
 31  -1  -1  -1  -1  -1  -1  -1  -1  -1  -1  -1  -1  -1  -1  -1  31  31  31  -1  -1  -1  -1  -1  -1  -1 
 32  -1  74  63  63  63  -1  48  48  -1  -1  -1  -1  61  61  -1  -1  -1  -1  46  46  -1  -1  -1  68  -1 
 33  -1  -1  -1  -1  -1  -1  -1  -1  -1  -1  75  75  75  -1  -1  -1  -1  -1  -1  -1  -1  -1  -1  -1  -1 
 34  -1  -1  -1  -1  -1  -1  -1 105 105  -1 107 107 107 118  -1  -1  -1  -1  90  90  92  92 112  -1  -1 
 35  -1  -1  -1  -1  -1  -1 119 119 119  -1  -1  -1  -1  -1  -1  -1  -1  -1  -1  -1  -1  -1  -1  -1  -1 
 36  -1  -1  -1  -1  -1 151 151 151 162  -1 136 136  -1 134 134  -1  -1  -1 156  -1  -1  -1 149 149  -1 
 37  -1  -1 163 163 163  -1  -1  -1  -1  -1  -1  -1  -1  -1  -1  -1  -1  -1  -1  -1  -1  -1  -1  -1  -1 
 38  -1  -1  -1  -1  -1  -1 178 178  -1  -1  -1 200 206 180 180  -1  -1  -1 193 193  -1  -1 195 195 195 
 39  -1  -1  -1  -1  -1  -1  -1  -1  -1  -1  -1  -1  -1  -1  -1  -1  -1 207 207 207  -1  -1  -1  -1  -1 
 40  -1  -1 239 239 239  -1 244 237 237  -1  -1  -1  -1 224 224  -1  -1  -1  -1  -1  -1 250 222 222  -1 
 41  -1  -1  -1  -1  -1  -1  -1  -1  -1  -1 251 251 251  -1  -1  -1  -1  -1  -1  -1  -1  -1  -1  -1  -1 
 42  -1  -1  -1  -1  -1 281 281  -1  -1  -1  -1 283 283 283  -1  -1 294  -1 266 266  -1 288 268 268  -1 
 43  -1  -1  -1  -1  -1  -1 295 295 295  -1  -1  -1  -1  -1  -1  -1  -1  -1  -1  -1  -1  -1  -1  -1  -1 
 44  50  -1 310  -1  -1  -1  -1 228  -1  -1  -1  -1  -1  -1 273  -1 315  -1  -1 229  -1  -1  -1  -1 271 
 45  -1 141  -1  -1  -1  -1  96  -1 272  -1   9  -1 153  94  -1  -1 197  -1   6  -1  -1  -1  -1  -1  -1 
 46  -1 241  -1  21  -1  -1  -1  -1  -1  -1 269  -1  -1  -1  -1  -1  65  -1  -1   7 138  -1 184  -1  -1 
 47  -1  -1  -1  -1  -1  -1  -1  -1  -1  -1  -1  -1  -1  -1  -1  -1  -1  -1  -1  -1   8 183  -1  -1 225 
 48  -1 274  -1  -1  -1  -1 231  -1  -1  -1  -1   5  -1  51  -1  -1  -1 109  -1  -1  55  -1  -1  -1  -1 
 49  -1  -1  -1  -1  -1  -1  -1  -1 230  -1  -1  -1 313  -1  97  -1  -1  -1 182  -1 186  -1 137  -1 143 
 50  -1  -1  -1  -1  -1 311  -1  -1  -1  -1  -1  99  -1  -1  53  -1  -1  -1 142  -1  -1  -1  49  -1  -1 
 51 140  -1  -1 309  -1  -1  -1  10  -1 314  -1  -1  -1  -1  -1 312  -1 308 226  -1  -1 227  -1 139  54 
 52  -1  -1  -1  -1  -1  -1  -1 270  11  -1  -1 187  -1  -1  -1  -1  -1 285  -1  -1  -1  -1  98 181  -1 
 53 185  52  -1  -1 316  -1  -1  93  -1  -1  -1  -1  -1  -1  -1  -1  -1  -1  -1  -1 275  -1  -1  -1  95 

r\t   0   1   2   3   4   5   6   7   8   9  10  11  12  13  14  15  16  17  18  19  20  21  22  23  24 
  0 125  -1  -1  -1  -1  -1  -1  -1  -1  -1  -1  -1  60  60  -1  -1 155  -1  -1  -1  -1  -1  -1  36 282 
  1  -1  -1  -1  -1  -1  -1 191  -1  44 260  -1  -1  -1 123  -1  -1  -1  -1  -1  -1  -1  -1  82  -1  -1 
  2  -1  -1  41  -1  83  -1  -1  -1  76  -1  87  71 299 131  -1  -1  -1  -1  -1  -1  -1 168  -1  -1  -1 
  3  -1 126  -1  -1  -1  -1  39  -1  -1  -1  -1  -1 306 280 280  -1 307  -1 115  -1  -1 249  16  16  -1 
  4  -1 255  -1 212  -1  -1 127  -1  -1  -1  -1 262  -1  14  -1  -1 203  80 232  -1  -1  -1  -1 202  -1 
  5  -1  -1  -1 172  -1  -1 276 218  -1  -1  -1  -1 233  79   1  -1 253  -1  -1  -1  -1  -1 305  -1  -1 
  6  -1  -1 259  -1  -1  -1 133 246  -1  -1  -1  -1  26  -1  -1  -1  -1  -1  37  -1  -1 110  -1 256  -1 
  7  -1 201  56  25  -1  -1   0 101  -1  -1  -1  -1 167 100  -1  -1  -1  -1  -1  -1  -1 303  -1  -1  -1 
  8  -1  23  -1  -1  -1  85  -1  -1  -1  -1  -1 116  -1 210 257  -1  -1 252 208  -1  -1  -1  -1  -1  -1 
  9  86  -1  -1  -1 106  -1  -1  -1 278  42  -1  -1  72  -1  -1  -1 164  -1  -1  -1  -1 204  -1  -1  -1 
 10  -1 300  -1  -1  -1  -1  -1  -1 258  -1  -1  -1  20 192 192  -1  70 161  -1  -1 177  -1  -1  -1  -1 
 11 265  -1  -1 219  -1  -1 217  -1  -1  -1  -1  -1  -1 211 129  -1  28 114  -1  45  -1  -1 223  -1  -1 
 12  -1  -1  32 174  -1  -1 214  29  -1  -1  43 189 132  -1  -1  -1  -1 291  -1  -1  -1  -1  27 264  -1 
 13  -1 213  -1  -1  -1  -1  -1  -1 290 128  -1  -1  -1  -1  -1  -1  -1  -1  -1  -1 148 148  -1  -1  -1 
 14  84  -1 284 279  -1  -1  -1  -1 102  -1  -1 154  -1  -1  -1  -1  -1  -1  -1  -1  -1  -1  -1  -1  -1 
 15  -1  -1  -1  58  -1  -1 240  -1   3  -1  -1  -1  -1  -1  -1  -1  -1  -1  -1  -1  -1  -1 173  33  -1 
 16  -1  -1  -1  -1  -1  -1  40  -1  -1  -1  -1 296 111 144 215  -1 194  -1 175  -1  -1  -1  -1  88  -1 
 17  -1  -1  -1  -1  -1  -1  -1  -1  -1  -1  -1  77  -1 235  -1  -1  -1  -1  -1  -1 263  -1 104 104  -1 
 18 176  -1  -1  -1  -1  -1  -1  -1  -1  -1  -1  -1  -1  -1  -1  -1  -1  -1  -1  -1  -1  91 120  -1  -1 
 19  -1  -1  -1  -1 171  -1 158  -1 247  -1  -1 135  81  -1  -1  -1 124  -1  -1  -1  -1  64 199 196  18 
 20  -1 165  -1 150  -1  -1 248  12  22  -1  -1  13  -1  -1  -1  -1  -1 198 297  89  -1  34 179  -1 238 
 21  -1 243 160  -1  -1  -1 117  -1  -1 302  -1 234 209  -1  -1  -1  -1  -1  -1  -1  -1 293  -1 289  -1 
 22 169  -1 205  -1  -1  -1  57  -1  -1  -1  -1  -1 121  -1  -1  -1  -1  -1  -1  -1  -1  -1  38 113  -1 
 23  -1  78  -1  -1  -1  -1  -1 236 236  -1 286 103 254  -1  -1  -1  -1  -1  -1  -1  -1 190 242  -1  -1 
 24  -1  -1  -1  -1  -1  -1  69  -1  -1  -1  -1  -1  -1  -1  -1  -1  -1  -1  -1  -1  -1  -1 298  -1  -1 
 25  -1  62 261  -1  -1  -1  -1 277  35  -1  -1  -1 152  -1  -1  -1  -1 301 159  -1  -1  -1  -1  73  -1 
 26  -1  -1 122  -1  -1  -1  15 146 147  -1  -1  59 267  -1  -1  -1  -1  -1 188  -1  -1  -1  -1  -1  -1 
 27  -1 145  -1  -1  -1  -1  -1  -1  -1 130  -1  -1  -1 292 216  -1  67  -1  47 220  -1  -1  -1  -1  -1 
 28 170  -1  -1  -1  -1  -1  -1 166  -1  -1  -1  -1 287 157  -1  -1  -1 304  66  -1  -1  -1  -1  -1  -1 
 29  -1  -1  -1  -1  -1  -1 108  -1  -1  -1  -1  -1  -1 245  -1  -1  -1  -1  -1  -1  -1  -1  -1 221  -1 
 30  -1  24  19  19  19  -1  -1  -1  -1  -1  -1   2   2  30  -1  -1  -1  17  17  -1  -1  -1   4   4  -1 
 31  -1  -1  -1  -1  -1  -1  -1  -1  -1  -1  -1  -1  -1  -1  -1  -1  -1  31  31  31  -1  -1  -1  -1  -1 
 32  -1  -1  -1  74  -1  -1  -1  63  63  63  -1  48  48  46  46  -1  -1  -1  68  -1  -1  -1  61  61  -1 
 33  -1  -1  -1  -1  -1  -1  -1  -1  -1  -1  -1  -1  -1  -1  -1  -1  -1  -1  -1  -1  75  75  75  -1  -1 
 34  -1  -1 105 105  -1  -1  -1 118 112  -1  92  92  -1  90  90  -1 107 107 107  -1  -1  -1  -1  -1  -1 
 35  -1 119 119 119  -1  -1  -1  -1  -1  -1  -1  -1  -1  -1  -1  -1  -1  -1  -1  -1  -1  -1  -1  -1  -1 
 36  -1 162  -1  -1  -1  -1  -1 136 136  -1  -1 156  -1  -1  -1  -1  -1 151 151 151 134 134 149 149  -1 
 37  -1  -1  -1  -1  -1  -1  -1  -1  -1  -1  -1  -1  -1  -1  -1  -1  -1  -1  -1  -1  -1  -1 163 163 163 
 38  -1 195 195 195  -1  -1  -1 193 193  -1  -1 200  -1 180 180  -1  -1 206 178 178  -1  -1  -1  -1  -1 
 39  -1  -1  -1  -1  -1  -1 207 207 207  -1  -1  -1  -1  -1  -1  -1  -1  -1  -1  -1  -1  -1  -1  -1  -1 
 40  -1  -1 237 237  -1  -1  -1 224 224  -1 222 222  -1  -1  -1 239 239 239 250  -1  -1  -1 244  -1  -1 
 41  -1  -1 251 251 251  -1  -1  -1  -1  -1  -1  -1  -1  -1  -1  -1  -1  -1  -1  -1  -1  -1  -1  -1  -1 
 42  -1  -1  -1  -1  -1  -1 288 294  -1  -1  -1  -1  -1 268 268 283 283 283  -1  -1 266 266 281 281  -1 
 43  -1  -1 295 295 295  -1  -1  -1  -1  -1  -1  -1  -1  -1  -1  -1  -1  -1  -1  -1  -1  -1  -1  -1  -1 
 44  -1  -1  -1  -1  -1  -1  -1  -1  94 197  -1  -1  -1  -1  -1  -1  -1  -1  -1  -1  -1 230  93  51  -1 
 45 139 313  -1  -1  -1  55  -1 272  -1  -1  -1  -1 181 137  -1  -1  -1  -1  -1  -1 241  -1  -1 184 311 
 46  -1  -1  -1  -1 316 140  95  96  -1  -1  -1 275  -1  -1  -1  -1  -1  -1 226 274  -1  -1  -1  -1  -1 
 47   8  -1  -1  -1  -1 228  -1  -1 273  -1 143  -1  -1  -1  -1  -1  -1  -1  -1  -1  99  -1 271  -1  -1 
 48  -1  -1  -1  -1  -1  -1  -1  -1  -1  -1  -1 183  -1   6  -1 109  21  -1  -1  -1  -1  52  -1  -1  -1 
 49  -1  -1  -1  -1  -1   7  -1  -1  -1 312  -1  -1  -1 227 138 310  -1  -1 270  -1  -1  -1  -1  -1  -1 
 50  50 285 309  -1  -1  -1 231  -1  -1  -1  54  -1  -1  -1  -1  -1  -1  65  -1  -1  -1  10  -1  -1  -1 
 51  98  -1  -1 314  -1  -1 269   5  -1  -1 185  -1 225  -1  -1  -1 308  -1 142  -1  -1  -1  53  -1  -1 
 52  -1  -1  -1  -1  -1 187  49  -1  -1  -1  -1  -1  -1  -1  -1  -1  -1  -1  -1  -1  -1  -1  -1  -1  -1 
 53 229  -1 153  -1  -1  97 182  -1  -1  -1  11  -1  -1  -1  -1  -1  -1 315  -1  -1   9 186 141  -1  -1 

r\t   0   1   2   3   4   5   6   7   8   9  10  11  12  13  14  15  16  17  18  19  20  21  22  23  24 
  0  22  -1  -1  -1  -1  -1 179  -1  71  -1 306  -1  40  -1  -1  -1  -1  -1 120  -1  -1  -1 261  -1  -1 
  1  -1  -1  -1  35  -1 303  -1  -1 256  -1  -1  -1  -1 262  -1  -1  -1 242  41  -1  -1  -1  -1  -1  -1 
  2  -1  -1  -1  -1  -1  -1  -1  -1  -1  -1  -1   0  -1  -1  -1  -1  -1  -1 292 132 265  32  25  -1 198 
  3  -1 210 192 192  -1  -1  -1  -1  -1  -1  -1  -1  -1  -1  -1  -1 247 218 232  -1 177 147  -1  -1  -1 
  4  -1  -1  -1  20  82  87  -1  -1  -1  -1  -1 108  -1  -1  -1  -1  -1  -1  -1  -1 236 236  -1  -1  -1 
  5  -1  -1  73  91  -1  -1  -1 124  -1  -1  -1  -1  -1  -1  -1  -1  -1  -1  -1  -1  -1  -1 219  67  -1 
  6  -1  -1  13  -1  -1  -1 249  66  -1  -1  -1  89  69  -1  -1  -1  -1 208  64  -1  -1 255  -1  -1  -1 
  7  -1  59  -1  -1  -1  -1   1  -1  16  16  -1  -1 293 291  -1  -1 113  -1  88  -1  -1  -1  -1  -1  -1 
  8  -1  -1 102  -1  -1  -1  -1  -1  -1  -1  -1  56  -1  -1  -1  -1  -1  42  -1 213  -1  -1 126  -1  -1 
  9 148 148  28  83  -1  -1  -1 125  -1  -1  -1  -1  -1  -1  -1  -1 296  38 203  -1  -1  -1  -1  -1  -1 
 10  -1 215  -1  -1  -1  -1 117  -1 298  -1  -1 135  27 253  -1  -1  -1  -1  -1  -1  -1  14  -1  -1  -1 
 11  -1 246  -1 133 223  -1 277 166 264  -1  -1  -1  -1  -1  -1  -1  -1  70  -1  -1  -1 188 122  -1  -1 
 12  -1 160  -1  -1  -1  -1 204 252 201  -1  -1  -1 110 116  -1  -1  -1 248 276 169  -1  -1  -1 300  -1 
 13  -1 115  44  57  -1  -1 145  -1  -1  -1  -1  -1  -1 100  -1  -1  -1 299  -1  -1  -1  -1  -1  -1  -1 
 14  -1  -1  58  -1  -1  86  -1  -1   3 127  -1  -1 307  -1  -1  -1 199  -1  -1  -1  -1  -1  12  18  -1 
 15  -1  34  -1  -1  -1  -1  -1  -1  -1 172  -1  -1  -1  -1  -1  -1  -1  -1  -1  -1  -1  -1  -1  -1  -1 
 16 220 189 301  -1  -1  -1 168 286 161  -1  -1 240 155  -1  -1  -1  -1 174  -1  -1  -1  -1  -1  -1  -1 
 17  -1  -1 254  -1  -1  -1  -1  72  -1  -1  -1 297  -1  -1 263 106  29  -1  -1  -1  -1  -1  -1  -1  -1 
 18  -1  -1  -1  -1  -1  -1  -1 216  -1  -1  -1  -1  -1 154  39  -1  -1 282  -1  -1  -1 287 280 280  -1 
 19 302 211 209 111  -1  -1  -1  -1  -1  -1  -1  47 175  -1  -1  -1 260  -1 305  -1  -1  -1  -1 129  -1 
 20  -1 257 114 234  -1  -1  80  -1  60  60  -1 150 196  36  -1  -1  -1  -1  -1  -1  85 101  -1 131  -1 
 21  -1  37 233  -1  -1 221  -1 212  -1 176  -1  -1  -1  -1  -1  -1 164  -1  -1  -1  -1  -1  -1  -1  -1 
 22  -1  15 152  -1  -1  -1  -1  -1  -1  -1  -1  79 243  -1  84  -1  43  -1 165  -1  -1  -1 202  -1  -1 
 23  -1 217  -1  78  -1  -1  -1  23  26  -1  -1  33  62  -1  -1  -1 128  -1  -1  -1  -1  -1  -1  -1  -1 
 24  -1 235  -1 258  -1  -1  -1  -1 278  -1  -1 190 157  -1  -1  -1  -1 159  -1  -1  -1 290  -1  -1  -1 
 25  -1  -1  -1  -1  -1 170 171 104 104  -1  -1  -1 123  -1  -1  -1  -1  -1  -1  -1  -1  -1 173  -1  -1 
 26  -1  -1  77  -1  -1  -1  -1  -1  -1  -1  -1 284  -1  -1  -1  -1  -1  -1  -1  -1  -1 121  -1 194  -1 
 27  -1 279 289  -1  -1  -1  45 304  -1  -1  -1 167  -1 191  -1  -1  76  -1  -1  -1  -1 267  -1  -1  -1 
 28  -1  -1  -1 158  -1  -1  -1  -1 146  -1  -1 245 259  -1  -1  -1  -1  -1 144  -1  -1  -1  -1  -1 130 
 29 214 103  -1  -1  -1  -1  -1  -1  -1  -1  -1 205  -1 238  -1  -1  -1  -1  -1  -1  -1  -1  -1  81  -1 
 30  -1  -1  -1   4   4  -1  -1  24  -1  -1  -1  19  19  19  -1  -1  -1  -1  17  17  -1   2   2  30  -1 
 31  -1  -1  -1  -1  -1  -1  -1  -1  -1  -1  -1  -1  -1  -1  -1  -1  -1  31  31  31  -1  -1  -1  -1  -1 
 32  -1  -1  -1  46  46  -1  -1  -1  -1  -1  -1  -1  -1  68  -1  63  63  63  48  48  61  61  -1  74  -1 
 33  -1  -1  -1  -1  -1  -1  -1  -1  -1  -1  -1  -1  -1  -1  -1  -1  -1  -1  -1  -1  75  75  75  -1  -1 
 34  -1  90  90 118  -1  92  92  -1 112  -1  -1  -1  -1  -1  -1  -1  -1 107 107 107  -1  -1 105 105  -1 
 35  -1  -1  -1  -1  -1  -1  -1  -1  -1  -1  -1  -1  -1  -1  -1  -1  -1  -1  -1  -1  -1  -1 119 119 119 
 36  -1 136 136  -1  -1 134 134  -1  -1  -1  -1  -1  -1 156  -1 151 151 151 162  -1  -1  -1 149 149  -1 
 37  -1  -1  -1  -1  -1  -1  -1  -1  -1  -1  -1  -1  -1  -1  -1  -1  -1  -1  -1  -1  -1 163 163 163  -1 
 38 178 178  -1 200  -1  -1  -1 193 193  -1  -1  -1  -1  -1  -1  -1  -1 195 195 195  -1 180 180 206  -1 
 39  -1  -1  -1  -1  -1  -1  -1  -1  -1  -1  -1  -1 207 207 207  -1  -1  -1  -1  -1  -1  -1  -1  -1  -1 
 40  -1 222 222  -1  -1  -1  -1 239 239 239  -1  -1 250  -1  -1  -1  -1  -1 244  -1 224 224  -1 237 237 
 41  -1  -1  -1  -1  -1  -1  -1  -1  -1  -1  -1  -1  -1  -1  -1  -1  -1  -1  -1  -1  -1  -1 251 251 251 
 42  -1  -1 281 281  -1  -1 288 294  -1  -1 268 268 283 283 283  -1  -1  -1 266 266  -1  -1  -1  -1  -1 
 43  -1 295 295 295  -1  -1  -1  -1  -1  -1  -1  -1  -1  -1  -1  -1  -1  -1  -1  -1  -1  -1  -1  -1  -1 
 44  -1  -1  -1  -1  -1  -1  -1 315  94  -1  53  -1  -1  -1  -1  -1 285  -1  -1  -1  -1  -1  -1  -1  -1 
 45  -1  10  -1  -1  95 271 226  -1  -1  -1  -1  -1  -1  -1  -1  -1  -1  -1   6  -1  -1  -1  -1  -1 309 
 46  -1  -1  -1  -1  -1  50  -1 153  -1  97  -1  -1  -1  -1  -1  -1 312  -1  -1  -1 141  -1  -1  -1  -1 
 47  -1  51  -1  -1  -1  -1  -1  -1  -1  -1  -1  -1  -1  -1 310  -1  -1  -1 142  -1  -1  -1  -1  -1  -1 
 48  -1  -1   8  -1  -1  -1  -1  -1  -1   9  93  -1 314  -1  -1  -1 241  -1  -1  -1  -1  -1  52  -1  -1 
 49 273  -1  -1 187  -1  -1  -1  -1  49  -1   5 182  -1  -1  -1  -1  21 313  -1  -1  -1  -1  -1  -1  -1 
 50  99  -1 181 227 272   7  -1  -1 184  -1 228  -1  -1  -1  -1  -1 109  -1  -1  -1  -1  96  -1  -1  -1 
 51  55  -1  -1 270  -1  -1 197  -1  -1 138 137  -1  -1 311  -1 316  -1  -1 231  -1  98  -1  -1  -1  -1 
 52 140  -1  -1  -1 143 186 269  -1 229  54  -1 230  -1  65  -1  -1  -1  -1  -1 225  -1  -1  -1  -1  -1 
 53  -1  -1  -1  -1 185  -1  -1  -1 139 274 183  -1  -1  -1  -1  -1  -1  -1  -1  -1  11  -1 275 308  -1 

r\t   0   1   2   3   4   5   6   7   8   9  10  11  12  13  14  15  16  17  18  19  20  21  22  23  24 
  0  -1  -1  -1  -1  -1  -1  -1  60  60  42  -1  -1  -1  64  -1  -1  -1  -1  -1  -1  -1  -1 267  -1  -1 
  1  -1  -1  -1  -1  -1  -1  20 307 220  82  -1  -1  -1  15  -1  83  12 164  -1  -1  -1  -1  -1 240  -1 
  2  -1  -1  -1  -1  -1  -1  -1 188 201  -1  -1  -1  76  -1  -1  -1 191  -1  69  -1  -1  -1  -1  -1  -1 
  3  -1  -1  -1  45  -1  -1 286 264  -1  -1  -1  -1  22  -1  -1 176  -1  18   3  -1  -1  88  -1  -1  -1 
  4  -1  -1  -1  -1  -1  -1  32  -1  -1  -1  -1  -1  -1  -1  -1  -1 293 148 148 218  -1  -1  -1  -1  -1 
  5  -1  -1  -1  -1  -1  -1  -1  -1  -1  -1  -1 128  27  -1  -1  -1  -1  -1  -1  -1  -1   0  -1  86  -1 
  6 280 280 262 145  -1  -1  -1 212  -1  -1  -1  -1  -1  -1  -1  -1  58  -1  -1  89  -1  -1  -1 282 106 
  7  -1 254  -1  43  -1  -1  85  87 278  -1  -1  -1 117 290  -1  81  -1 130  36  -1  -1  -1  -1 113  -1 
  8  -1  -1  -1  -1  -1  -1  -1  -1  -1 305  -1  28  -1  -1  -1  -1 102  -1  -1  -1  -1 211 235  -1  -1 
  9  16  16  -1  -1  -1  -1 194 301 122  -1  -1 279  -1 124  -1  -1  26 172  -1  -1  -1  -1 135  -1  -1 
 10  -1 132  -1 214  -1  -1  -1  -1  -1  -1  -1 126  -1 256  -1  -1  -1 111  -1  -1  -1  -1  -1 210  -1 
 11  -1  -1  -1  -1  -1  -1  -1  -1 160 219  -1  -1 249  -1  -1 170  -1  33  -1  -1  -1 234  -1  -1  -1 
 12  -1  -1  -1 116  -1  -1 242  -1  -1 216  -1 252  -1  -1  -1  -1 232  -1  -1  -1  -1  -1  -1  -1 131 
 13  -1 123  44  -1  -1  -1  -1  -1  -1  -1  -1  -1  -1 208  38  -1  -1  79 248  -1 177  -1  -1  -1  -1 
 14  -1  -1  -1  -1  -1  -1  -1  41  73  -1  -1  -1  -1  -1 221 260  -1  -1 159  -1  -1  -1 120  -1  -1 
 15  -1  -1 289  -1  -1  -1 253 236 236  -1  -1  -1  -1  -1  -1  -1 166  62  -1  -1  -1  -1  -1  -1  -1 
 16  -1 179  -1 246  -1  -1  -1  -1  -1  -1  -1 154  -1  -1  -1  91 263 291 297  -1  -1 255  -1  -1  -1 
 17  -1  -1 257  -1  -1  -1 202  -1  14  -1  -1 161  -1  -1  -1 304 114  -1  -1  -1  -1  -1  37  -1  -1 
 18  -1 100 158  -1  -1  -1  -1  -1  -1  -1  -1  -1  -1  -1  -1  -1  -1  -1  -1   1  -1  40  -1 157  -1 
 19  -1  -1 209 101  -1  -1  -1  47  -1 127  -1  -1  -1  35  -1  -1  -1  -1  -1  -1  -1 196  -1  -1  39 
 20  -1  -1 133  -1  -1  -1  -1 277  77  -1  -1  -1 104 104  -1  -1  -1  -1  56  -1  -1  -1  -1  -1  -1 
 21  -1  -1  -1  -1  67  -1 155 299  -1  -1  -1 306 173  71  -1  -1 303  -1  -1  -1  -1  -1 205  25  -1 
 22  -1  -1 121 302  -1  -1  -1  13  -1  -1  -1 204  -1 265  -1 215  -1  -1  -1  -1  -1  -1 150  -1  -1 
 23  -1 146  -1 233  -1  -1 165  -1 245  -1  -1  72 287  -1  -1  -1  -1 115 103  -1  -1  -1  -1  -1 125 
 24  -1  -1  -1  -1  -1  -1  -1  -1  -1  -1  -1  23 147  -1  -1  -1  -1  -1  -1  -1  -1 167 190 300  -1 
 25  -1 298  57  80  -1  -1  -1  -1  -1  -1  -1  -1 203  -1  -1  -1  -1 247  -1  -1  -1  -1  -1 199  -1 
 26 129  -1  70  -1  -1  -1 296  -1 189  -1 171  -1  -1  84  -1  -1  -1 243  -1  -1 259 292  -1  -1  -1 
 27 223  29 192 192  -1  -1  -1  34  -1  -1  -1 110  -1  -1  -1  -1  -1  -1  -1  -1 261  59 175 169  -1 
 28  -1  -1 108 168  -1  -1  -1  78  -1  -1  -1  -1  -1 152  -1  -1 144  -1  -1  -1  -1 276 258  -1  -1 
 29  -1  -1 213  -1 198  -1  66  -1  -1 238  -1  -1  -1 284 217  -1  -1  -1  -1  -1  -1  -1  -1  -1 174 
 30   2   2  -1  17  17  -1  -1  -1  24  -1  -1  -1  -1   4   4  -1  -1  -1  -1  -1  -1  30  19  19  19 
 31  -1  -1  31  31  31  -1  -1  -1  -1  -1  -1  -1  -1  -1  -1  -1  -1  -1  -1  -1  -1  -1  -1  -1  -1 
 32  -1  68  -1  -1  -1  -1  -1  -1  -1  -1  63  63  63  48  48  46  46  -1  -1  -1  -1  74  61  61  -1 
 33  -1  -1  -1  -1  -1  -1  -1  -1  -1  -1  -1  -1  -1  -1  -1  -1  -1  -1  -1  -1  -1  -1  75  75  75 
 34  -1  -1  90  90  -1  -1  -1 105 105  -1  -1 112  -1  92  92  -1  -1  -1 118  -1  -1 107 107 107  -1 
 35  -1  -1  -1  -1  -1  -1  -1 119 119 119  -1  -1  -1  -1  -1  -1  -1  -1  -1  -1  -1  -1  -1  -1  -1 
 36  -1  -1  -1  -1  -1  -1 162 151 151 151  -1  -1  -1  -1  -1 134 134  -1 136 136 149 149 156  -1  -1 
 37  -1  -1  -1  -1  -1  -1  -1  -1  -1  -1  -1  -1 163 163 163  -1  -1  -1  -1  -1  -1  -1  -1  -1  -1 
 38  -1 200  -1 206  -1  -1  -1 178 178  -1  -1 195 195 195  -1  -1  -1 193 193  -1  -1 180 180  -1  -1 
 39  -1  -1  -1  -1  -1  -1  -1  -1  -1  -1  -1  -1  -1  -1  -1  -1 207 207 207  -1  -1  -1  -1  -1  -1 
 40 237 237 222 222  -1  -1  -1 250  -1  -1  -1 239 239 239  -1  -1 244  -1 224 224  -1  -1  -1  -1  -1 
 41  -1  -1  -1  -1  -1  -1  -1  -1  -1  -1  -1  -1  -1  -1  -1  -1  -1  -1  -1  -1  -1  -1 251 251 251 
 42  -1  -1  -1 281 281  -1  -1  -1 288  -1  -1 294  -1  -1  -1 283 283 283 268 268 266 266  -1  -1  -1 
 43  -1  -1 295 295 295  -1  -1  -1  -1  -1  -1  -1  -1  -1  -1  -1  -1  -1  -1  -1  -1  -1  -1  -1  -1 
 44  99  -1  -1  -1  -1  -1  -1  -1  -1  -1  94  -1  -1  -1  -1 228 231 315  -1  -1  -1  -1  -1  -1  -1 
 45  -1  65  -1  -1  -1  -1  -1  -1   6  -1 143  -1  -1  -1 182  -1  -1  -1  -1  54  97  -1  -1 153  -1 
 46  -1  -1 270  -1  -1  -1 109  -1  -1  -1  -1  -1  -1  -1  -1  -1  -1  -1  -1  -1  -1  -1  -1  -1  -1 
 47  -1  98  -1  -1  -1 310 308  -1  -1  -1 271  -1  -1 142  -1  -1  -1  -1  21  -1  -1 137  -1  -1  -1 
 48 185  -1  -1  -1  -1  -1  -1  -1 141  -1 229  -1  -1  -1  -1  -1 184  -1  -1  -1  -1  -1  -1  -1  -1 
 49  50  -1  -1  -1  -1  -1  -1 227 272 316  -1  -1  -1  -1  -1  -1   7  -1  93  -1  55  -1  -1 311  -1 
 50 275  -1  -1  -1 241  -1  -1  96  -1  -1  -1  -1 313  -1 269  -1  -1  -1  -1  -1 230  -1  -1  -1 314 
 51  -1 225  11 139  -1  -1  -1  -1  -1  -1  -1  -1  -1  -1  -1  -1 274  -1  -1  -1 138  53  51  -1  -1 
 52  -1 273  -1 181  -1  -1  -1  -1  49  -1   8 312  -1  -1  -1   9  95  -1  -1  -1  10  -1 285  -1  -1 
 53 140 197 186  -1 309  -1  -1   5  -1  -1 187  -1  -1  -1  -1  -1  -1  -1  52 183  -1 226  -1  -1  -1 

r\t   0   1   2   3   4   5   6   7   8   9  10  11  12  13  14  15  16  17  18  19  20  21  22  23  24 
  0  -1  22  41 104 104  -1 292  -1  -1  -1  -1  -1  72 300  -1  -1 157 175  -1  -1 262  -1  -1  -1  -1 
  1  -1  -1  -1 235  -1  -1  -1  60  60  -1  -1  -1  -1  -1   1  -1  -1 131  -1  -1  -1  -1  -1  -1  -1 
  2  -1 127  -1 279  -1  -1  -1  -1 254  -1  -1 154  -1  -1  -1  -1  38  84 126  -1  -1  -1 147  23 282 
  3  -1  -1 205  -1  43  -1  -1  -1  69  -1  -1 113 234  -1  -1  -1  56  -1  81  -1  16  16  -1  -1  -1 
  4  -1  -1 189  -1  -1 223  -1 124 296  -1  -1 242  33 301  -1  -1  -1 148 148  -1  -1 173  -1 302 106 
  5  -1  -1 290  -1  -1  -1  -1  -1  -1  -1  -1  -1 103  64  -1  -1  -1  -1  -1  -1  -1 161 289  -1 129 
  6  -1  -1 135  -1  -1  -1  -1  -1 102  -1  -1 246  -1  -1  -1  -1  -1  -1  -1  -1  -1  59  -1  -1  -1 
  7  -1  -1 121  -1  -1  -1 101  -1  -1  -1  -1  -1  -1 209  -1  -1  -1  -1  -1  -1  -1  77  88  79  -1 
  8  -1 123  -1 258 259  -1 199 299 267  -1  -1  -1  -1  -1  -1 188  -1 166  -1  -1  -1 179  -1  -1  -1 
  9  -1  70  -1  15  -1  -1  -1  -1  85  -1  42  -1  -1 280 280 307  -1  -1  -1  -1  -1 252  26  -1  -1 
 10  -1  -1  -1 145  -1  -1 305 236 236  -1  -1  -1  -1  -1 221  -1  -1  -1  -1  -1  -1 171  39  -1  -1 
 11  -1  -1  -1  -1  -1  -1  -1  -1  13  -1  -1 130 219  -1  -1  -1  -1  -1 291  -1  -1 201  -1 202  -1 
 12  -1  67  -1 210  -1  -1  -1 108  35  -1  -1  -1  -1  -1  -1 261  -1  -1  -1  -1 177  -1  -1  -1  -1 
 13  -1  -1  25  -1  -1  -1  -1 245  -1 217  -1  -1 298 146  -1  -1  -1  -1  -1  -1  -1  -1 212  -1  -1 
 14  -1 255  -1  -1  -1  -1  -1  -1  -1  -1  -1 190  -1  -1 263  -1  -1  -1  -1  -1  -1  -1  -1  -1  -1 
 15  -1 164  -1 215  -1  -1  -1  44 168  -1  -1  -1  -1  -1  -1  -1 155  -1  82  -1  -1 198  18 256  -1 
 16  -1 110  12  32  -1  -1 253  -1  -1  -1  -1  -1  -1 159  -1  87  -1 304  78  -1  -1  -1  -1  -1  -1 
 17  -1  -1  -1 191  -1  -1  -1   0 303  -1  -1  -1  -1 100  -1  -1  -1  -1  -1  -1  -1  -1  -1  -1  -1 
 18  -1  -1  -1  -1  -1  -1  -1  14  -1  -1  -1 111 247  80  -1  -1  -1  -1  -1  -1  -1  73  -1  -1  -1 
 19  -1  -1 257  -1 170 216 277  -1  -1  -1  -1  -1  -1 120  -1  -1  -1  -1  -1  -1  -1  34  -1  -1  -1 
 20  -1  -1  37 116 214  -1  -1 278  -1  -1  -1  -1 152  -1  -1  -1 238 297  -1  -1  -1  -1 196  -1  -1 
 21  -1  -1  -1  -1  -1 169  -1  -1  -1  -1  -1  71 192 192  -1 218  -1  -1  -1  -1  -1 144 125  -1  -1 
 22  -1  -1  -1  -1  -1  -1  -1  -1  -1  -1  -1  -1  -1  -1  -1  -1  -1  -1 233  -1 128  -1   3  -1  -1 
 23  -1  -1  -1 211  -1  -1  -1 208 286  -1  -1  -1  -1  -1  -1 174  -1 243  58  -1  -1  47  -1  -1  -1 
 24  -1 150 276  -1  -1  -1 117  -1  -1  -1  -1  27 203  -1  -1  -1  20  -1  28 220  -1  -1 114  -1  -1 
 25  -1  86  -1  -1  -1 176  29  -1 204  -1  -1 158  -1  -1  -1  -1  -1 172  -1  -1  -1  -1 249  -1  -1 
 26  -1  -1  -1  -1  -1  -1  76  89  -1  -1  -1  -1 284  83  -1  -1 293  -1  -1  -1  -1 115  -1  -1  -1 
 27  -1  -1 240  -1  -1  91  -1  -1 306  -1  -1  -1  -1 232  -1  -1 122  62 167  -1  -1  -1  -1  40  -1 
 28 265  -1  -1 132  -1  -1  66  -1  -1  -1  -1 287 213 248  -1  -1  -1  -1  -1 264  -1  -1  57  -1  -1 
 29  -1  -1 165  -1  -1  -1  -1 160  -1  -1  -1  -1 133  36  -1  -1  -1  -1  -1  -1  45 260  -1 194  -1 
 30  -1  24   4   4  -1  -1  -1  -1  -1  -1  -1  19  19  19  -1  -1  -1  17  17  -1   2   2  -1  30  -1 
 31  -1  -1  -1  -1  -1  -1  -1  -1  -1  -1  -1  -1  -1  -1  -1  31  31  31  -1  -1  -1  -1  -1  -1  -1 
 32  -1  -1  -1  61  61  -1  -1  -1  46  46  63  63  63  -1  -1  -1  -1  74  48  48  -1  -1  68  -1  -1 
 33  -1  -1  75  75  75  -1  -1  -1  -1  -1  -1  -1  -1  -1  -1  -1  -1  -1  -1  -1  -1  -1  -1  -1  -1 
 34  -1  -1  90  90  -1  -1  -1  -1 112  -1  -1  -1  92  92  -1  -1  -1 105 105  -1 107 107 107 118  -1 
 35  -1  -1  -1  -1  -1  -1  -1  -1  -1  -1  -1  -1  -1  -1  -1 119 119 119  -1  -1  -1  -1  -1  -1  -1 
 36  -1  -1 162  -1  -1  -1 156 151 151 151  -1  -1  -1 136 136  -1  -1  -1 134 134  -1  -1  -1 149 149 
 37  -1  -1  -1  -1  -1  -1  -1  -1  -1  -1  -1  -1  -1  -1  -1  -1  -1  -1  -1  -1  -1  -1 163 163 163 
 38  -1  -1  -1 180 180  -1 206 195 195 195  -1 200 178 178  -1  -1  -1 193 193  -1  -1  -1  -1  -1  -1 
 39  -1  -1  -1  -1  -1  -1  -1  -1  -1  -1  -1  -1  -1  -1  -1  -1 207 207 207  -1  -1  -1  -1  -1  -1 
 40  -1  -1  -1  -1  -1 237 237  -1 222 222  -1  -1 224 224  -1  -1  -1 244 250  -1  -1  -1 239 239 239 
 41  -1  -1 251 251 251  -1  -1  -1  -1  -1  -1  -1  -1  -1  -1  -1  -1  -1  -1  -1  -1  -1  -1  -1  -1 
 42  -1 294 266 266  -1  -1  -1  -1  -1  -1  -1 288 268 268  -1  -1 283 283 283  -1  -1  -1 281 281  -1 
 43  -1  -1  -1  -1  -1  -1  -1  -1  -1  -1  -1  -1  -1  -1  -1  -1  -1  -1  -1  -1  -1 295 295 295  -1 
 44  -1 285  53 231  -1  11  -1 270  -1  -1  -1  -1  -1  -1  -1  -1  -1  -1  -1  -1 137  -1  49  65  -1 
 45   8  -1  -1  -1  -1  -1  -1 141 139  -1  -1  -1  -1  51  -1  -1  -1  -1  -1  -1  -1  -1  -1 308 314 
 46 143  -1 227  -1 271  -1  -1 225  -1  -1 316  -1  -1  -1  98  -1  -1  -1  -1  97  -1  -1  -1  -1  -1 
 47  54  -1  -1  52  -1  -1 315  -1  -1  -1  -1  -1  -1  -1  -1 310  -1  -1   5  -1  -1  -1  -1  -1  -1 
 48  -1  -1  -1  -1   9  -1  -1  -1  -1  -1  -1  -1  -1  -1  50  -1 309  -1 230  -1  -1 226  -1  -1  -1 
 49 183 313 181  -1 138  -1  -1 184  -1  -1  -1  -1  -1  -1  -1  -1  -1  -1  96   7 273  -1  -1  -1  -1 
 50  93  -1  -1  -1  -1 140  -1  -1  -1  -1  -1 312  -1  -1 274  -1  -1  -1  -1 186  -1  -1  -1  -1  -1 
 51  -1  -1 153  -1  -1  55  -1  -1  -1 269  -1  -1  -1  -1 185  -1  -1  -1 182  -1  -1  -1  -1  -1  -1 
 52  -1 197  -1  -1  95 275  -1  -1  10  99  -1  -1  -1  -1  -1  -1  -1 311  -1  -1 228  -1 187  -1  -1 
 53 229 241  -1  -1  -1  -1  21  -1  94   6  -1  -1  -1  -1  -1  -1  -1  -1  -1  -1  -1 142 272 109  -1 

r\t   0   1   2   3   4   5   6   7   8   9  10  11  12  13  14  15  16  17  18  19  20  21  22  23  24 
  0  -1  -1 290  -1  -1  -1 277  -1 147  -1  -1  -1  -1  -1  -1  -1  -1 152  -1  -1  -1  -1 192 192  -1 
  1  -1 155  -1  -1  -1  -1  -1  29  -1  -1  -1 301  83  -1  -1  -1 102 234 255  -1  -1  -1  -1  -1  -1 
  2  -1  -1  -1 286  -1  -1  -1  -1 261  -1  -1  66  -1 190  -1  -1 189 108  -1  40  -1  -1  -1  -1  -1 
  3  -1 135  -1  70  -1  -1  -1  -1  -1  -1  -1  22 210  -1  -1  -1  -1  89  -1  -1  -1  -1  -1  -1  -1 
  4  -1  -1 145  -1  -1  -1 292  56  -1  -1  -1  73  -1  44  -1  -1 264  -1  -1 260  -1  -1 280 280  -1 
  5  -1 205  -1 110  -1  -1  77  -1 282  -1  -1 129 233 160   1  -1 124  -1  -1  -1  -1  -1 238  25  -1 
  6  16  16  -1  -1  -1  -1  -1 278 116  -1  -1 245  -1  26  -1 305  -1 220  -1  -1  -1 168  -1  -1  -1 
  7  -1  -1  -1  -1  -1  -1 127  -1  -1 218  -1  -1  -1  -1  -1  -1  -1 114  -1  -1  -1  -1  -1  -1  18 
  8 176  -1  20  -1  -1  -1  -1  -1 172  -1  -1 287  -1  -1  -1  -1  47 179 174  -1  -1  -1 202  38  -1 
  9  -1  -1  -1  -1  -1  -1 121  -1 164  -1  -1 243  86  43  -1  -1 291  -1  -1  -1  -1  -1 296  -1  -1 
 10  -1  -1  -1  -1  -1  -1 191  -1  -1  -1  -1 154 120  -1  -1 219  -1  -1  -1  -1  -1  -1  -1  -1  -1 
 11  -1  -1  -1  -1  -1  -1  -1 306 240  -1  -1 113 223 128  -1  -1  -1  -1 115  -1  -1  -1 246  -1  -1 
 12 265  -1  -1  -1  -1  -1  59 196  34  -1  -1  -1 188 208  -1  -1  -1  -1  -1  -1  -1 279  -1  -1  -1 
 13  -1  -1  67  -1  -1  -1  -1  -1  -1  -1  -1  -1  -1 215  -1  -1  -1  -1 171  -1  -1  -1  -1  -1  -1 
 14  -1  -1  -1 173  -1  -1  -1  -1  -1  -1  -1 165  -1  -1 258 307  62  -1  -1 170  -1  -1  -1 125  -1 
 15  -1  -1  -1  -1  -1  -1  -1  -1  -1  -1  -1  -1 148 148  -1  -1  88  -1  27  -1  -1 133  -1  -1  -1 
 16  -1  -1  -1  -1  41  -1  -1  -1 256  -1  -1  -1  60  60  -1  -1  -1  -1  36  -1  -1  -1  -1  76 130 
 17  -1 126 157  -1  -1  -1  81 259  58  -1  -1  -1  69  -1  -1  -1 214 252  -1  -1  -1  12  -1  -1  85 
 18  -1  -1 212  -1  -1  -1 166  -1  78  -1  -1 194  -1  79  -1  -1  -1  -1 111  -1  -1  -1  -1  -1  -1 
 19  91  -1  -1  -1  -1  -1  14  -1 213  -1  -1  -1 211  87  -1  -1  -1  -1  -1  -1  -1 299  -1 101  -1 
 20  -1 276  42  -1  -1  -1  -1  -1 303  -1  -1 263  84  -1  -1  -1  -1  -1 161  -1 177  -1   3 203  -1 
 21  -1  -1  80  -1  -1  -1 257  -1  -1  -1  -1  -1 169  -1  -1  -1  -1 297  -1  -1  -1 249  72 122  -1 
 22  -1 247  -1 201  -1  -1  35  -1  13  -1  -1  -1 216  -1  -1  -1 232  33 262  -1  -1  64 158  -1  -1 
 23  -1  57  -1  -1  -1  -1 144  -1  -1  37  -1 302  -1 289 131 106  -1  -1  -1  -1  -1  -1  -1  -1 198 
 24  -1  -1 217 150  -1  -1  71 300  -1  -1  -1  -1  -1 254  -1  -1  -1  -1 242  -1 304  -1  -1  -1  -1 
 25  45  -1 248  -1  -1  -1  -1 104 104  -1  -1 298 132  -1  -1  -1  -1  -1 199  -1 236 236  -1  -1  -1 
 26  -1  -1 117  -1  -1  -1  -1 123  82  -1  -1  -1  -1  -1  -1  -1  -1  -1 209  -1  -1  -1  -1  -1  -1 
 27  -1  28  -1  -1  -1  -1  -1 159  -1  -1  -1 204 284  -1  -1  -1  -1  -1  -1  -1  -1  -1  -1  -1  -1 
 28  -1 100  -1 167  -1  -1  -1 146  -1  -1  -1  -1  -1 235  -1  -1  39  -1 293  -1  -1  32  -1  -1  -1 
 29  -1  -1  -1 253  -1  -1 103  15 267  -1  -1  -1  -1  -1  -1 175  -1  -1  23  -1  -1   0  -1 221  -1 
 30   2   2  -1  -1  -1  -1   4   4  -1  -1  -1  30  17  17  -1  19  19  19  -1  -1  -1  -1  24  -1  -1 
 31  -1  -1  31  31  31  -1  -1  -1  -1  -1  -1  -1  -1  -1  -1  -1  -1  -1  -1  -1  -1  -1  -1  -1  -1 
 32  -1  68  -1  -1  -1  46  46  48  48  -1  -1  -1  -1  -1  -1  -1  74  -1  61  61  -1  -1  63  63  63 
 33  -1  -1  -1  -1  -1  -1  -1  -1  -1  -1  -1  -1  -1  -1  -1  -1  -1  75  75  75  -1  -1  -1  -1  -1 
 34  -1 112  -1 118  -1  92  92  90  90  -1  -1 107 107 107  -1  -1  -1  -1  -1  -1 105 105  -1  -1  -1 
 35  -1  -1  -1  -1  -1  -1  -1  -1  -1  -1  -1  -1  -1  -1  -1  -1  -1  -1  -1  -1 119 119 119  -1  -1 
 36  -1 156  -1  -1  -1 134 134 136 136  -1  -1  -1 162  -1  -1 149 149  -1  -1  -1  -1  -1 151 151 151 
 37  -1  -1  -1  -1  -1  -1  -1  -1  -1  -1  -1  -1  -1  -1  -1 163 163 163  -1  -1  -1  -1  -1  -1  -1 
 38  -1 195 195 195  -1  -1  -1  -1 193 193  -1  -1  -1 178 178  -1 200 206  -1  -1  -1 180 180  -1  -1 
 39  -1  -1  -1  -1  -1  -1 207 207 207  -1  -1  -1  -1  -1  -1  -1  -1  -1  -1  -1  -1  -1  -1  -1  -1 
 40  -1 239 239 239  -1 237 237  -1 222 222  -1  -1 250 224 224  -1 244  -1  -1  -1  -1  -1  -1  -1  -1 
 41  -1  -1  -1  -1  -1 251 251 251  -1  -1  -1  -1  -1  -1  -1  -1  -1  -1  -1  -1  -1  -1  -1  -1  -1 
 42  -1  -1  -1 294  -1  -1 266 266  -1  -1  -1  -1  -1 281 281  -1  -1 283 283 283  -1 268 268 288  -1 
 43  -1  -1  -1  -1  -1  -1  -1  -1  -1  -1  -1  -1 295 295 295  -1  -1  -1  -1  -1  -1  -1  -1  -1  -1 
 44 228 230  -1  -1 241 183  -1  -1  -1 187  -1  -1  51  -1  -1 310  -1  -1  -1  -1  -1  -1  -1  -1  -1 
 45 140  -1  -1  -1 316 271  -1  -1  -1  -1  -1  -1  -1   8  95  -1  -1  -1  -1  -1   7  -1  -1 186  -1 
 46  -1  -1  -1  65  -1  -1  -1  -1  -1   9  -1 313 185 142  -1  -1  -1  -1 153  -1  49  -1  -1   6  -1 
 47  -1 275 109  -1  -1  -1 231  -1  -1 274  -1  -1  -1  -1  -1  -1  -1  -1  -1  -1  -1  -1  -1  -1  -1 
 48  -1  -1 285  -1  -1  -1  -1  -1  -1  54 312  -1  -1  -1 143  -1  -1 270  -1  -1 269  -1 137 273  -1 
 49  -1 181  -1  -1  -1  -1  -1  -1  -1  -1  -1  -1  -1  -1  -1  -1  -1  -1  -1  -1  -1  -1  93  -1  -1 
 50  -1  -1  -1  -1  -1  11  -1  -1  -1  -1  -1  -1  10  -1  -1  -1  -1 197 308 311 229  -1  -1  -1 315 
 51  -1  98  -1  -1  -1  -1  -1  -1   5  99  -1  -1  -1 272  -1  -1 227  -1  -1  -1  -1  52  -1  53  -1 
 52  -1  -1 309  -1  -1  -1  -1 225 184  -1  -1  -1  96  -1  55  -1 141  -1  -1  -1 139  94  -1  97  -1 
 53  -1  50  -1 314  -1  -1  -1  -1  -1 138  -1  -1  -1  -1  -1  -1 182  -1  -1  -1  -1 226  21  -1  -1 

r\t   0   1   2   3   4   5   6   7   8   9  10  11  12  13  14  15  16  17  18  19  20  21  22  23  24 
  0  -1 214  -1 248  -1 104 104  -1   0  -1  -1  -1  -1  -1  -1  87  -1  -1  42  -1  -1  41  88  -1  -1 
  1  -1  -1  -1  -1  -1  -1 290  -1  -1  -1  -1  -1  -1  -1  -1  -1 146  15  -1  22  83  28  -1  78  -1 
  2  -1 279  -1  -1  -1  -1 217  -1  -1  -1  -1  -1  -1  -1  -1 302  -1  85 211  -1  -1  81  -1 179  -1 
  3  -1  -1  -1  27  -1  -1  -1  25  -1  -1  -1  70  -1  -1  -1  -1  -1  -1  -1  -1  -1  -1 297  -1  -1 
  4  -1 159 164  -1  -1  -1  73  -1 255  -1  -1 144  -1 215  -1  -1  -1  -1  -1  -1  -1 188  60  60  -1 
  5  -1  23 238  -1  -1 174  -1 305 169  -1  -1 264 147  80  -1  -1  -1 306  76 198  -1  -1  -1  -1  -1 
  6  -1  -1 261 257  -1  -1  -1  -1  -1  -1  -1  29 102  -1  -1  -1 276  -1 292  -1  13  -1  -1  -1 223 
  7  -1  62 106  -1  -1  -1  -1  -1  -1  -1 155  -1  -1  -1 173  -1  -1  -1  -1  -1  -1 284  -1  -1  -1 
  8  -1 242  -1  -1  -1  -1  -1 110  57  -1  -1  89  34  -1  -1  -1  -1 213 249  -1  -1  -1  -1 120  -1 
  9  -1  -1  -1  -1  -1  -1  39  -1  -1  -1  -1  -1  -1  -1  -1  -1  -1 192 192  -1 265  -1  -1 130  -1 
 10  -1  -1  -1  -1  -1  -1  -1  -1  -1  -1  -1 108  -1 208  -1  -1  -1 299  -1  -1  -1  -1 203  -1  -1 
 11  -1 259  -1 121  -1  -1  -1 171  -1  -1  -1 245  44  -1  56  -1  -1 262 210  -1  -1 165  -1  -1 129 
 12  -1 100  -1  -1  -1  -1  -1  -1 232  -1  -1  86  -1 172  -1  -1  -1  26  -1  -1  -1 246  -1  -1  -1 
 13  -1  -1  -1 191  -1  -1  -1  -1  -1  -1  -1  -1  58  -1  -1  -1  -1 125   1  -1  -1  -1  -1  -1  -1 
 14  -1  -1  -1  -1  -1  -1  -1  79  69  -1  -1 216  -1  -1 263  -1 296  -1  -1  -1  -1 221 235  -1  -1 
 15 132  -1  -1  -1  -1  -1  -1 282 267  -1  -1 189 157  -1  -1  -1  -1  -1 133  -1  -1 291  -1 160  -1 
 16  -1  -1  -1  -1  -1  -1  -1  -1  -1  -1  -1   3  -1  -1  -1  -1  -1  -1  -1 150  -1  -1  -1  -1  -1 
 17  -1  33 247 111  37  -1  -1  -1  -1  -1  -1  47 236 236  -1  -1  -1  -1  -1  43  -1  14 190  -1  -1 
 18  -1 116  -1  36  -1  -1  -1  -1  -1  -1  -1  -1  -1 114 303 260 256 122  -1  -1  -1  -1 219  -1  82 
 19  -1 128 123  -1  -1  -1 170  -1  -1  -1  -1  -1  -1  -1  -1  -1  -1 145  -1  -1  -1  -1  77 194  -1 
 20  -1 205  -1  -1  -1  -1 161  -1  32  -1  -1  -1  -1  -1  -1  -1  12  -1 277  -1 220 135  -1  -1  -1 
 21  -1 127 126 158  -1  -1  -1  -1  -1  -1  -1  18  -1  35  -1  -1  -1  -1  -1  -1  -1 240  -1 234  -1 
 22  -1  -1  -1  -1  -1  -1  -1  -1  -1  -1  -1  -1  16  16  -1  -1  -1  72  -1  -1  -1 154  -1  20  -1 
 23 258  -1 301  -1  -1  -1 201  -1  -1  -1  -1  -1 300 293  -1  -1  -1  -1  -1  -1  -1  -1  -1  -1  -1 
 24  -1 199  -1 243  -1  -1 117  -1 209  -1  38 233 253 152 175  -1  -1  -1  84  -1  -1  59 148 148  -1 
 25  -1  -1  -1  -1  -1  -1 218  -1  -1  -1  -1  66  -1 167  -1  -1  -1 103  -1  -1  -1 202  -1  -1  -1 
 26  -1 289 196  -1  -1  -1  67  -1  -1  -1  -1  -1 204 254  -1  -1  64  -1  -1  -1  -1  -1  -1  -1  -1 
 27 131  -1  -1  -1  40  -1  -1  -1  -1  -1  -1  -1  -1 101  -1  -1  -1  -1 168  -1  -1  91  -1  -1  -1 
 28  -1  -1  -1  -1  -1 304  -1 212  -1  -1  -1 298 115  -1  -1  -1 166 252  -1  -1  -1  71 113  -1  -1 
 29  -1  -1 307  -1  -1  -1 287  -1 286  -1  -1 124  -1  45  -1 176  -1 278  -1  -1 177  -1 280 280  -1 
 30  -1  -1  19  19  19  -1  24  17  17  -1  -1  -1   4   4  -1  -1  30  -1  -1  -1   2   2  -1  -1  -1 
 31  -1  -1  -1  -1  -1  -1  -1  -1  -1  -1  -1  -1  -1  -1  -1  -1  -1  -1  -1  -1  -1  -1  31  31  31 
 32  -1  74  -1  61  61  -1  -1  -1  -1  -1  -1  -1  68  -1  -1  -1  -1  63  63  63  46  46  48  48  -1 
 33  -1  -1  75  75  75  -1  -1  -1  -1  -1  -1  -1  -1  -1  -1  -1  -1  -1  -1  -1  -1  -1  -1  -1  -1 
 34  -1  -1  -1  -1  -1  -1  -1 118 112  -1  -1  -1  92  92  -1  90  90  -1 105 105  -1  -1 107 107 107 
 35  -1  -1  -1  -1  -1  -1  -1  -1  -1  -1  -1  -1  -1  -1  -1  -1  -1 119 119 119  -1  -1  -1  -1  -1 
 36  -1 151 151 151  -1  -1  -1  -1 149 149  -1 156 136 136  -1  -1  -1  -1  -1  -1  -1 162 134 134  -1 
 37  -1  -1  -1  -1  -1  -1  -1 163 163 163  -1  -1  -1  -1  -1  -1  -1  -1  -1  -1  -1  -1  -1  -1  -1 
 38  -1  -1  -1  -1  -1  -1 195 195 195  -1  -1 206 193 193  -1  -1 200 178 178  -1  -1 180 180  -1  -1 
 39  -1  -1 207 207 207  -1  -1  -1  -1  -1  -1  -1  -1  -1  -1  -1  -1  -1  -1  -1  -1  -1  -1  -1  -1 
 40  -1 244  -1  -1  -1 237 237  -1  -1  -1  -1 224 224 222 222 239 239 239  -1  -1  -1  -1 250  -1  -1 
 41  -1  -1  -1  -1  -1 251 251 251  -1  -1  -1  -1  -1  -1  -1  -1  -1  -1  -1  -1  -1  -1  -1  -1  -1 
 42  -1  -1 281 281  -1  -1  -1 288 294  -1  -1  -1 283 283 283  -1 266 266  -1  -1  -1  -1 268 268  -1 
 43  -1 295 295 295  -1  -1  -1  -1  -1  -1  -1  -1  -1  -1  -1  -1  -1  -1  -1  -1  -1  -1  -1  -1  -1 
 44 231  -1  -1 314 316  55  -1  65  -1  -1  -1  -1  -1  -1 197  -1  -1  -1  -1  -1  -1 109 229 225  -1 
 45  -1  -1  -1  -1  -1  -1  -1  -1  -1  -1  -1  -1  -1  -1  95  -1 230  -1  -1  -1  -1  -1  -1  -1  -1 
 46   7  -1  -1  -1  -1   5  -1  -1  -1 285  -1 141  -1  -1  -1  -1  10   6 228  -1  -1  -1  -1  -1 274 
 47  -1  -1  -1  -1  -1  -1  -1  -1  -1  -1  -1 181  -1  -1  -1  53  -1  -1  -1  -1  -1  -1  11  -1  -1 
 48  -1  -1  -1  -1  -1 139 308 309 226  -1 315  -1 183  -1   9 271  -1 137  -1  -1  -1  -1  -1  -1  54 
 49  93 313  -1  -1  -1 184  -1  -1  96  -1  -1  -1  -1  -1  -1  -1  -1  -1  -1  -1 143  -1  -1  99 138 
 50 269  -1 312  -1  -1  98  21  -1  -1 310  -1  -1  -1 182  -1  -1  -1 227  -1 311  -1  -1  -1  -1 185 
 51 187  -1  -1  -1  -1  -1  -1  -1  51  -1  -1  -1  -1  -1 140  -1 186  -1  -1  -1  97 273  -1  -1  -1 
 52  50  -1  -1  -1  -1 275  -1  -1  -1  -1  -1  -1  -1 270  -1   8  52  -1 272 241  -1  -1  -1  -1  -1 
 53  -1  -1  -1  -1  -1  -1 153  -1  -1  -1  -1  -1  -1  -1  49  -1 142  94  -1  -1  -1  -1  -1  -1  -1 

r\t   0   1   2   3   4   5   6   7   8   9  10  11  12  13  14  15  16  17  18  19  20  21  22  23  24 
  0  -1  -1  -1  -1  -1  -1  13  73  -1  -1  -1  -1  26  -1  82  -1 116  -1 248  -1  -1  -1  -1  -1  -1 
  1  -1  -1  25 245 176  -1  -1  -1 297  -1  -1 108 303  -1 260  -1  58  -1  -1  -1  -1  -1 209  -1  -1 
  2  85  56 165  -1  -1  -1  69  -1  -1  -1  -1 146  60  60 223  -1  -1 298  38  -1  -1  -1  -1  -1  -1 
  3  -1 188  -1  -1  41  -1  28 126  -1  -1  -1  -1  -1  -1  -1  -1  -1 264 196  84 177  36 100  -1  -1 
  4  -1 135 128  -1  -1  -1  -1  -1  -1  -1  -1 296  -1  -1  -1  -1  -1 191  -1  -1 131  -1  -1  -1  -1 
  5  -1  37 238  -1  -1  -1  -1  -1 155  -1  91  -1 201  -1  -1  -1 289  -1  43  -1  -1  -1 159  -1  -1 
  6  -1  -1  -1 240  -1  -1  -1  -1  -1  -1  -1 252   1 253  -1  -1  -1  -1  -1  -1  -1 164  -1  -1  -1 
  7  -1 113  -1  -1  -1  -1  -1 234  -1  -1  -1  77  -1  -1  -1  -1  70  -1  -1  -1  -1 286  -1  -1  -1 
  8  -1 102  -1  -1  -1  -1  -1 205  15  -1  -1  66  -1  -1  -1  22  -1 246  -1  -1  -1  -1  -1  -1  -1 
  9  -1  -1  -1  -1  -1  -1  -1  -1  -1  -1  -1  -1  -1  -1  -1  -1  -1  76  -1  -1  45 256  -1  -1  -1 
 10  -1  -1 170 160  -1  86 267  -1  -1  -1  -1 167 255  -1  -1  -1  -1  -1 259  -1  -1  -1  -1  -1  -1 
 11  -1  -1  -1  -1  -1 221  -1  -1  -1  -1  -1  71 124  -1  -1  -1  -1  -1 154  -1 265  67  -1  -1  -1 
 12  -1  -1  -1 179  -1  -1 101  -1  -1  -1 215  -1  -1  -1  -1  -1  -1 133  -1  -1  -1  -1  -1  79  -1 
 13  -1  -1 261  -1  -1  -1  -1  -1 122  -1  -1  -1  -1 212  -1  -1  -1  -1 123  -1  -1 111  -1  -1  -1 
 14  -1  -1  -1 189  -1  -1  -1  20  -1  -1  -1  23 104 104  -1  -1  -1  -1  -1 132  -1  -1  -1  -1  -1 
 15  -1  -1  -1  64  -1 301 211  -1  -1  -1  -1  81  -1  16  16  -1  -1  -1  -1  -1  -1  -1  -1  -1  -1 
 16  -1   0  59 103 307  -1  -1  -1 161 263 171  47  -1  -1  -1  -1 247  -1 125  -1  -1 243  62  -1  -1 
 17  -1 232 258  -1  -1  -1  -1  -1 242  -1 257 214  -1  -1  -1  -1  -1  -1 106 302  -1  -1 199  -1  -1 
 18  -1  -1  -1 203  -1  -1 287  -1  -1 150  -1 114  -1 280 280  -1 305  42  -1  -1  -1  -1  -1  27 306 
 19  40 249  -1  -1  -1  -1  -1 152  -1  87  -1  -1 299  -1  -1  -1  29  -1  80  -1  -1  -1  -1 110  -1 
 20  -1  32  -1  -1  -1  -1 147  -1  -1  -1  -1  -1 144  -1  -1  -1  -1  34 282  -1  -1  -1  33  -1  -1 
 21  -1  -1  -1  -1  -1  -1 210  -1  -1  -1  18  -1  78 145  -1 148 148  -1 168  -1  -1  -1 276  -1  -1 
 22  -1 208  -1  -1  -1 218 291  -1  -1  -1  -1  -1 192 192  -1  -1  -1  -1  -1  -1  -1  -1  -1  -1  -1 
 23  -1 279 120  -1  -1  -1 235 293  -1  -1  -1  -1  -1 157  -1 130 129  -1  -1  -1 173 175  -1  -1  -1 
 24  -1  -1  -1  -1  -1  -1  -1  -1  -1  -1 220   3  44 172  -1  -1 166  -1  -1  -1  -1  -1  -1 158  -1 
 25  -1  12 254  14  -1  -1 169  -1  -1  -1  -1 284  -1 292  -1  -1 277  -1  -1  -1  -1  -1  72  -1  -1 
 26  39  -1  -1  -1  -1  -1  -1  -1 217  -1  -1 233  83  -1  -1  -1  -1 121 174  -1  -1  -1  -1  -1  -1 
 27  -1  -1  -1  -1  -1 219 216  -1  -1  -1  -1 202  -1 115  -1  -1  -1  -1  -1  88  -1  -1 300  -1  -1 
 28  -1  -1  -1  -1  -1  -1  57  -1  -1  -1  -1  89  -1  -1  -1  -1  -1 278  35  -1 262 117  -1 198  -1 
 29  -1 213 194  -1  -1  -1  -1  -1 127  -1  -1 190 236 236  -1  -1  -1 304  -1  -1  -1 204  -1 290  -1 
 30  -1  -1  -1  24  -1   4   4  -1  -1  -1  -1  30  -1   2   2  -1  -1  17  17  -1  -1  19  19  19  -1 
 31  -1  -1  -1  -1  -1  -1  -1  31  31  31  -1  -1  -1  -1  -1  -1  -1  -1  -1  -1  -1  -1  -1  -1  -1 
 32  -1  74  -1  -1  -1  48  48  63  63  63  -1  -1  -1  46  46  -1  -1  -1  61  61  -1  -1  -1  68  -1 
 33  -1  -1  75  75  75  -1  -1  -1  -1  -1  -1  -1  -1  -1  -1  -1  -1  -1  -1  -1  -1  -1  -1  -1  -1 
 34  90  90  -1  92  92  -1  -1 105 105  -1  -1  -1  -1  -1  -1 107 107 107  -1  -1  -1  -1 118 112  -1 
 35  -1  -1  -1  -1  -1  -1  -1 119 119 119  -1  -1  -1  -1  -1  -1  -1  -1  -1  -1  -1  -1  -1  -1  -1 
 36  -1 162 149 149  -1  -1  -1  -1  -1  -1 134 134 156 136 136  -1  -1  -1  -1  -1  -1 151 151 151  -1 
 37  -1  -1  -1  -1  -1 163 163 163  -1  -1  -1  -1  -1  -1  -1  -1  -1  -1  -1  -1  -1  -1  -1  -1  -1 
 38  -1  -1 206  -1  -1 178 178 195 195 195  -1  -1  -1 180 180 193 193  -1  -1  -1  -1  -1  -1 200  -1 
 39  -1  -1  -1  -1  -1  -1  -1  -1  -1  -1  -1  -1  -1  -1  -1  -1 207 207 207  -1  -1  -1  -1  -1  -1 
 40  -1  -1  -1 222 222  -1  -1 250 244  -1  -1  -1 224 224  -1  -1 239 239 239  -1  -1  -1  -1 237 237 
 41  -1  -1  -1  -1  -1  -1  -1  -1  -1  -1  -1  -1  -1  -1  -1  -1  -1  -1  -1  -1  -1  -1 251 251 251 
 42  -1 294 281 281  -1  -1  -1 283 283 283 268 268  -1 266 266  -1 288  -1  -1  -1  -1  -1  -1  -1  -1 
 43  -1  -1 295 295 295  -1  -1  -1  -1  -1  -1  -1  -1  -1  -1  -1  -1  -1  -1  -1  -1  -1  -1  -1  -1 
 44 225  -1 109  -1 140  -1  -1 312  -1  -1  -1  -1 187  -1  -1  -1 141  -1  -1  -1  -1  -1  -1 285  54 
 45 138  -1  -1  -1  -1 274  -1  -1  -1  -1  55  -1 142  -1  -1  -1  11  49  -1  -1 231  -1  -1  -1  10 
 46  -1  51  -1  -1  -1  -1  -1  -1  -1  -1  -1  -1  -1  -1  -1 310  -1  -1  -1 229   8  -1  -1  -1 269 
 47  -1 227 315  -1   9  -1  -1  -1  -1  -1  -1 183  -1  -1  99 241 273  -1 309  -1  -1 313  -1 308 139 
 48  52 272  -1  -1  -1  -1  -1  -1 311 316  -1  -1  -1  -1  -1  -1  -1  -1  -1  -1  -1 197  -1  -1 181 
 49 186  -1  -1  -1  -1  -1  -1  -1  -1  -1  -1  -1 271  -1  -1  -1  53  -1  -1  50  98  -1  -1  -1  93 
 50 270  -1  21  -1  -1  -1  -1  -1  -1  -1  -1 228  94  -1  -1  -1  -1   5  -1   7  -1  -1  -1  -1  -1 
 51  -1  -1  -1 137  -1  -1  -1  -1  -1  -1 185  -1  -1  -1  -1  -1  -1  -1  -1 182  -1  -1 314  65  -1 
 52  -1 153  -1   6  -1  -1 230  -1  -1  -1  -1  -1  -1  95  -1  -1  -1 226  -1 275  -1  -1  -1  -1  -1 
 53  -1 184  -1  -1  -1  97  96  -1  -1  -1  -1  -1  -1  -1  -1  -1  -1  -1  -1  -1 143  -1  -1  -1  -1 

r\t   0   1   2   3   4   5   6   7   8   9  10  11  12  13  14  15  16  17  18  19  20  21  22  23  24 
  0  -1  -1 221  -1  -1  -1  -1  -1 279  -1  -1  -1 157  -1 172  -1  -1 170  -1  -1  -1 114  -1 115 217 
  1  -1  88  -1 293  -1  -1 103  -1  -1  -1 262  -1  -1  -1  -1  -1  -1  -1  -1  -1  82  -1 100  -1  -1 
  2  -1  -1 188  -1  -1 176  -1  -1 160  -1  -1  -1  -1  -1  -1  -1 296  -1  56  -1  -1  -1  -1 203  -1 
  3  -1 152 240  -1 132  -1  -1 246  -1  -1  -1 196  -1  -1  -1  -1  -1  -1  -1  -1  -1  -1  39   0  -1 
  4  -1 133  -1  -1  -1  -1  -1  -1  -1  -1  -1 218  80  -1  -1  -1  -1  -1  -1 177  -1 260 158  -1  -1 
  5  -1  64  -1 242  38  -1  12  -1 145  -1  91  -1  26 166  -1  -1 175  -1 204  -1  -1  -1  -1 130  -1 
  6  -1 304 256 194  -1  -1  -1  66  -1  -1  -1 261  -1 213  -1  -1  -1  16  16  -1  -1  -1 128  -1  -1 
  7  -1  28  15  -1  -1  -1 190 111  -1  67  -1  -1  -1  69  -1  -1  -1  -1  -1  -1  -1  -1  -1  84  -1 
  8  22  13  -1  -1  -1  -1 277  -1  -1  -1  -1  70  -1  -1  -1  -1  -1  -1  -1 127  -1 290  -1  -1 259 
  9 282 276  -1  20  -1  -1  -1  -1  -1  -1  -1  -1  -1  -1  -1  -1  -1  29 232  -1  -1  -1 208  -1  -1 
 10  -1 191  -1  -1  -1  -1  -1  -1 189  -1  -1 245  -1  -1  -1  -1 198  -1  -1  -1  -1  -1  36 265  -1 
 11  -1 297  -1  -1  -1  -1  -1  25 102  47  -1  -1  -1 253  -1  -1  -1 299  -1  -1  -1  -1  -1  -1  -1 
 12  -1  -1  -1 249  -1  -1  -1 116  14  -1  -1  -1  -1  -1  -1  -1  62  -1  -1  -1  -1  -1 258  -1  -1 
 13  -1  41  -1  -1  -1  -1  -1 284  45  -1  -1  -1 298  -1  -1  -1  71 209  -1  -1  -1  -1  -1  -1  -1 
 14  -1  -1  -1  -1 286  -1  -1  18  -1  -1  -1 124   1  -1  -1  -1  -1  -1  35  -1  -1  -1  -1 236 236 
 15  -1 113  -1  -1 267  -1 121 150  -1  -1  -1  -1 148 148 302  -1  -1  76 122  -1  -1  -1  -1  72 129 
 16 216  -1  -1  -1  -1  -1  -1  -1  -1  -1  -1 147 305  -1  -1  -1  -1 307 303  -1  -1  -1  -1  -1  -1 
 17  -1 243 291  37  -1  -1  -1  78  -1  -1  -1  -1  -1  -1  -1  -1  -1  59  -1  -1 126  -1  -1 174  -1 
 18  -1  -1  -1  86  -1  -1  -1  -1  -1  -1  -1 289  -1  -1 287  -1  -1  -1  -1  -1  -1  -1  -1 144  -1 
 19  -1  -1  -1 120  -1  -1  -1 199  -1  -1  -1  89  -1 117  -1  -1  34  -1  -1  -1  -1  27  60  60  -1 
 20  -1  -1 167  -1  -1  -1  -1 257 210  -1  -1  -1 254  -1  -1  -1  77  -1  -1 169  -1  79  33 300 125 
 21  -1  -1 146  -1  -1  -1  -1  -1 248  -1  -1   3 220 234  -1  -1  -1 192 192  -1 173  -1  -1  -1  -1 
 22  -1  -1  -1 201  -1  -1 211 205  -1  -1  -1  -1  -1 104 104  -1  -1  -1  -1  -1  -1  -1  -1  -1  -1 
 23  -1  42  -1  -1  -1  -1 135  -1  -1  -1  -1 235 108  -1  -1  -1  23  -1  -1  -1  -1 159 238 263  -1 
 24  -1 223  83  -1  -1  -1 155  -1  -1  -1  -1  -1  -1  -1  -1  -1  81  -1  -1  -1  -1  -1  -1 252 171 
 25  -1 168 214 154  -1  -1  44 301  -1  -1  -1  -1  -1  -1  -1  -1 278  -1 255  -1  -1  -1  85  -1  -1 
 26  -1  -1 212  -1  -1  -1  58  -1 123  -1  43  57  -1  -1 215  -1  -1 264 179  -1  -1 110 306 101  -1 
 27  -1  73  -1  -1  -1  -1  -1  -1  -1  -1  87 219 280 280  -1  -1 161  -1  -1  -1  -1  -1  -1  -1  -1 
 28  -1 202  -1  -1  -1  -1 247  -1  32  -1  -1  -1  -1  -1  -1  -1  -1  -1  40  -1  -1  -1 131  -1  -1 
 29  -1  -1  -1  -1  -1  -1 165  -1  -1  -1  -1  -1 233  -1  -1  -1 106  -1 292  -1  -1  -1  -1 164  -1 
 30  -1  -1  -1  -1  -1  -1  24  -1   2   2  -1  30  -1  17  17  -1  -1  -1   4   4  -1  19  19  19  -1 
 31  -1  -1  31  31  31  -1  -1  -1  -1  -1  -1  -1  -1  -1  -1  -1  -1  -1  -1  -1  -1  -1  -1  -1  -1 
 32  -1  -1  61  61  -1  -1  74  -1  -1  -1  -1  -1  63  63  63  -1  -1  48  48  -1  -1  -1  68  46  46 
 33  -1  -1  75  75  75  -1  -1  -1  -1  -1  -1  -1  -1  -1  -1  -1  -1  -1  -1  -1  -1  -1  -1  -1  -1 
 34  -1 107 107 107  -1  92  92  -1  90  90  -1  -1 112  -1  -1  -1  -1 105 105  -1  -1  -1 118  -1  -1 
 35  -1  -1  -1  -1  -1  -1  -1  -1  -1  -1  -1  -1  -1  -1  -1  -1  -1 119 119 119  -1  -1  -1  -1  -1 
 36  -1  -1  -1 156  -1  -1 162  -1  -1  -1  -1  -1 134 134  -1  -1  -1 149 149  -1 151 151 151 136 136 
 37  -1  -1  -1  -1  -1  -1  -1  -1  -1  -1  -1  -1  -1  -1  -1  -1  -1 163 163 163  -1  -1  -1  -1  -1 
 38  -1 180 180  -1  -1  -1  -1  -1 178 178  -1  -1 193 193  -1  -1 200  -1  -1  -1  -1 206 195 195 195 
 39  -1  -1  -1  -1  -1  -1  -1  -1  -1  -1  -1 207 207 207  -1  -1  -1  -1  -1  -1  -1  -1  -1  -1  -1 
 40  -1  -1  -1  -1  -1 239 239 239  -1  -1 222 222  -1  -1  -1 237 237  -1  -1  -1  -1 244 250 224 224 
 41  -1  -1  -1  -1  -1  -1  -1  -1  -1  -1  -1  -1  -1  -1  -1 251 251 251  -1  -1  -1  -1  -1  -1  -1 
 42  -1 266 266  -1  -1  -1 294  -1  -1  -1  -1 268 268 288  -1  -1  -1 281 281  -1 283 283 283  -1  -1 
 43  -1  -1  -1  -1  -1  -1  -1 295 295 295  -1  -1  -1  -1  -1  -1  -1  -1  -1  -1  -1  -1  -1  -1  -1 
 44  -1  -1  -1  -1  -1  -1  11  -1  -1  -1  -1  -1  -1  -1  -1  -1  -1  -1  -1  -1  -1  -1  -1  -1  -1 
 45  -1  -1  52 311  -1  -1  -1  -1 230  -1  50  -1  -1  -1  -1  -1  -1  -1  -1  -1  -1  -1  -1  -1  -1 
 46 109  51  -1  -1  -1 143  -1  -1  -1  -1  -1  -1  -1  -1  -1  -1  -1 141  -1  -1  -1  -1  -1  -1  -1 
 47  -1  -1  -1  -1  -1  -1 186  -1  -1  -1  -1  21  -1 181 310  -1  -1  -1  -1 275  -1  -1  -1  98 274 
 48  -1  -1  -1  -1  -1  -1  -1  -1  -1  -1 140  -1  -1 225  -1  -1 153  93  -1  -1  -1  -1  -1  -1  -1 
 49  -1  -1  -1  -1 185  55 273  -1 137  -1 183 139  -1  -1  -1  -1  -1  -1 226 228 309 241  -1  -1  -1 
 50 312  -1  -1  -1  -1  -1 227 313  -1  -1  -1  -1  99   6  -1  -1  -1 187 272  54  -1 197  -1 182   7 
 51  -1  -1  -1  -1  -1 269  -1  -1  -1 231 271  -1  -1  95  -1  -1  -1  -1  -1  -1  -1  -1 308  -1  -1 
 52  -1  -1 142 285 229  -1  -1  -1  -1 138  -1 184  -1 270  -1  -1  -1   5  96  -1  -1 315  -1  -1  -1 
 53  -1  10  -1  -1  94   8  -1  -1  -1  -1   9  49  53  -1  -1 316 314  -1  -1  -1  -1  65  -1  -1  97 

