317
3 6
14 6
15 30
5 0
22 30
24 53
0 45
11 46
12 52
20 46
1 53
19 45
1 14
7 16
8 24
16 24
23 4
12 30
21 5
2 30
11 29
6 50
17 17
18 14
21 30
22 14
18 29
3 20
1 5
7 8
17 30
11 31
23 0
2 7
16 13
6 17
3 0
22 1
9 6
23 21
23 8
15 14
2 9
11 28
22 8
3 28
0 32
2 16
11 32
14 49
20 52
23 46
16 47
19 49
4 51
24 49
1 24
11 12
12 21
7 9
22 24
20 32
2 11
15 32
18 1
13 46
8 28
9 28
23 32
21 2
13 13
16 3
18 2
8 0
2 32
5 33
12 17
17 12
1 26
23 25
11 14
22 3
21 20
8 1
13 4
17 22
19 1
6 12
23 9
19 21
11 34
24 21
3 34
20 45
1 51
2 49
16 45
0 52
5 44
14 44
11 11
1 12
3 9
2 25
12 18
17 34
24 6
21 34
16 6
6 49
8 21
7 24
2 34
23 19
6 18
7 6
11 16
3 10
8 34
15 35
22 5
13 10
17 1
12 10
1 6
10 19
13 14
9 29
7 3
22 18
0 15
6 7
24 2
23 6
3 36
12 7
1 36
11 47
0 53
5 46
14 50
22 47
16 44
15 47
16 21
7 21
2 24
3 15
10 1
18 36
8 25
20 36
1 8
6 47
12 8
13 12
7 36
6 16
22 13
3 12
13 3
16 5
12 36
17 37
2 4
11 9
1 4
8 7
21 1
4 2
14 18
4 3
5 21
16 27
11 6
8 14
15 18
20 17
0 38
19 0
3 38
5 53
11 52
22 45
23 47
2 51
24 51
16 49
21 18
16 0
1 16
12 3
2 14
22 38
17 5
7 38
13 6
18 48
10 25
6 0
17 38
7 11
8 23
3 2
23 26
11 22
2 38
12 39
1 3
18 0
16 18
16 9
21 0
11 27
16 14
4 5
18 5
18 12
7 26
24 7
14 11
20 2
2 40
0 28
23 40
1 52
12 49
15 45
5 47
22 52
11 44
19 52
1 27
12 20
2 19
11 19
22 10
7 40
4 29
16 40
6 24
9 52
21 4
13 9
12 40
21 13
2 8
1 17
3 26
16 26
22 40
6 41
17 18
23 17
13 20
11 15
18 27
4 24
8 10
18 17
4 9
13 21
0 29
4 25
11 7
0 7
2 42
15 9
23 42
22 53
16 48
4 46
12 44
1 49
20 53
14 46
12 0
22 15
16 28
18 8
2 17
20 42
15 23
5 42
1 11
10 52
13 5
8 12
22 42
23 3
1 23
8 8
12 4
7 28
16 42
17 43
13 25
6 5
21 9
11 18
3 19
9 7
11 20
7 13
7 29
9 14
12 13
5 27
8 52
6 52
10 50
13 53
17 48
18 53
7 52
21 49
9 44

