317
8 22
2 0
23 30
18 24
16 30
21 49
22 53
10 45
9 53
19 52
11 45
20 51
8 9
21 3
17 1
11 29
22 27
12 30
15 0
5 30
2 4
18 53
1 11
3 14
18 30
16 14
3 28
6 7
11 22
23 6
1 30
12 31
8 0
17 12
22 8
21 2
6 24
15 3
24 6
7 21
23 10
15 21
13 28
9 25
11 2
20 18
23 32
21 14
8 32
14 46
2 49
16 44
17 46
18 46
22 48
10 44
2 14
11 9
13 22
16 6
22 3
17 32
3 9
5 32
8 21
12 46
21 28
1 2
3 32
23 0
21 10
6 9
2 21
16 28
11 32
17 33
8 2
7 18
12 13
1 10
22 2
17 14
2 9
12 16
10 4
18 15
14 18
0 16
11 20
19 21
16 34
14 23
20 34
10 53
23 52
9 44
8 53
24 49
22 46
18 50
11 0
21 1
8 13
7 6
17 22
22 34
13 16
2 34
6 1
1 47
15 2
12 15
11 34
2 7
21 6
22 26
17 10
12 20
13 34
5 35
1 16
3 18
6 6
16 25
23 18
10 16
20 5
3 21
23 14
4 16
17 29
6 23
6 20
2 8
20 36
18 13
16 36
23 46
19 48
22 45
10 51
11 53
8 46
9 51
17 6
16 18
11 15
12 12
8 23
5 36
7 27
22 36
2 16
18 45
3 1
1 12
7 36
8 28
2 19
23 22
16 7
22 18
18 36
12 37
21 12
18 26
3 17
6 15
11 19
15 28
10 6
8 4
7 24
17 8
14 5
13 5
19 29
20 16
8 38
6 17
21 38
2 46
17 53
14 52
11 44
24 45
18 52
23 45
21 11
2 29
22 5
12 10
7 12
10 38
3 25
15 38
23 5
13 46
6 13
1 24
2 38
16 20
22 12
1 5
23 26
18 2
3 38
10 39
7 14
13 14
6 21
8 26
17 15
14 4
3 3
18 7
8 29
12 24
0 7
2 5
20 23
24 7
22 40
9 0
16 40
21 48
6 51
18 44
10 50
19 49
11 46
8 48
8 8
18 9
16 2
17 3
22 9
20 40
0 26
12 40
3 24
5 44
7 16
1 27
6 40
18 6
22 11
23 8
8 25
12 3
7 40
2 41
11 17
16 26
17 17
1 7
13 11
1 25
15 7
8 27
8 17
11 25
17 0
17 23
22 19
2 15
18 42
21 26
10 42
9 46
17 51
24 48
8 45
6 50
20 45
23 49
18 14
6 27
8 15
17 2
22 21
20 42
7 25
12 42
16 22
4 47
3 26
1 22
7 42
16 16
3 20
13 23
11 4
21 4
1 42
15 43
8 5
12 11
18 4
6 28
22 0
17 5
7 15
8 3
8 1
17 16
3 2
20 15
3 53
1 48
0 48
15 48
5 49
7 46
12 49
13 48
4 49

