317
13 10
24 21
6 30
21 21
15 30
1 51
23 50
14 47
17 50
22 44
2 47
5 46
16 10
7 4
6 8
2 16
12 17
22 30
11 8
17 30
1 14
8 48
21 19
3 9
12 30
11 5
23 28
17 1
3 24
8 25
21 30
0 31
13 23
18 23
7 23
6 14
16 20
1 10
1 28
13 16
12 4
6 10
6 21
21 28
21 14
6 19
23 32
16 3
0 32
15 53
14 52
22 46
13 52
18 53
7 53
5 52
13 14
23 29
7 2
22 24
20 13
17 32
16 16
2 32
1 3
8 45
11 2
12 11
7 32
21 27
6 23
11 24
2 28
22 27
16 32
17 33
3 15
11 23
13 22
23 3
8 28
13 29
13 25
11 9
20 9
3 20
3 27
23 18
13 9
18 3
16 34
14 14
0 34
22 51
23 45
5 48
6 47
24 50
2 52
15 46
11 12
23 11
16 4
13 0
2 21
20 34
9 10
6 34
17 14
19 52
4 11
12 23
12 34
7 11
17 25
16 15
1 8
13 19
11 34
20 35
6 2
2 29
21 17
3 1
18 17
4 27
24 9
10 27
7 20
5 20
16 0
2 27
16 6
5 0
6 36
13 21
1 36
0 44
15 48
18 45
14 44
23 52
24 45
17 51
16 29
1 25
2 5
11 17
7 8
17 36
3 29
20 36
12 21
19 49
13 26
9 26
16 36
17 10
6 3
3 6
21 1
13 8
23 36
10 37
2 24
22 22
1 17
18 19
7 28
4 1
14 8
19 3
2 14
4 12
12 8
15 28
5 7
18 1
23 38
21 3
13 38
6 52
2 46
7 51
17 44
22 52
0 50
16 47
23 6
13 2
7 17
22 2
5 25
2 38
21 29
15 38
1 1
12 44
8 4
11 26
6 38
17 9
11 10
12 15
22 1
16 13
21 38
1 39
23 13
8 14
7 16
7 3
18 24
22 19
0 19
12 0
8 15
1 15
2 13
18 22
24 22
2 19
13 40
15 2
6 40
21 51
1 48
23 51
5 45
22 50
0 46
16 53
6 28
21 24
1 6
16 8
7 12
22 40
4 0
10 40
17 24
20 53
3 10
15 26
16 40
6 16
11 16
12 29
13 5
1 9
21 40
17 41
22 20
8 21
7 22
23 9
2 9
17 27
22 25
7 5
6 4
14 7
23 22
5 1
16 11
0 0
17 42
14 16
22 42
5 50
2 45
15 45
13 53
6 51
21 53
24 44
13 7
18 11
16 19
7 14
22 4
5 42
11 20
1 42
21 23
12 53
19 13
20 6
16 42
16 18
13 13
1 29
21 20
3 23
12 42
7 43
22 18
2 7
18 13
23 12
6 13
10 6
19 0
12 7
17 7
12 25
14 3
19 22
3 46
12 51
11 44
4 48
19 50
8 47
9 44
20 49
10 46

