317
6 7
18 10
23 30
21 8
3 30
2 53
22 53
19 44
5 46
0 44
10 47
1 52
6 11
1 23
2 25
3 4
22 21
12 30
21 17
7 30
18 26
11 48
17 7
16 19
17 30
7 29
16 21
23 15
3 28
11 29
6 30
12 31
8 23
21 21
1 15
2 10
23 3
14 5
24 5
22 0
5 11
5 15
14 7
1 27
5 13
0 16
23 32
1 26
2 32
19 49
10 49
21 48
6 48
18 52
22 49
20 50
2 29
6 25
3 6
21 28
22 9
17 32
1 17
7 32
16 23
13 47
12 18
11 16
12 32
11 13
18 27
22 27
21 11
6 27
1 32
15 33
8 8
6 28
2 23
13 8
23 27
13 13
22 13
12 25
20 21
24 7
11 25
22 14
19 0
3 10
23 34
21 0
5 34
22 44
2 49
9 50
10 45
1 46
20 44
0 48
6 24
1 20
2 7
11 17
22 6
12 34
8 10
16 34
3 21
15 50
21 23
7 26
1 34
21 5
16 14
2 12
17 4
23 1
7 34
11 35
8 16
18 22
12 15
22 23
3 1
11 0
13 12
6 4
5 2
13 25
22 15
4 5
9 20
1 1
18 36
6 0
23 36
3 44
4 51
2 45
10 53
22 50
21 46
5 44
21 4
3 14
2 14
17 11
22 2
15 36
8 25
12 36
1 18
7 45
6 8
11 10
21 36
22 25
11 19
13 5
7 7
18 5
8 36
15 37
12 4
8 21
3 11
23 25
2 21
7 3
22 5
21 26
12 3
21 27
20 29
15 27
9 18
19 19
0 38
5 28
20 38
2 44
18 47
10 44
23 48
4 50
3 47
6 52
21 9
6 5
1 6
11 12
2 15
12 38
16 4
22 38
18 12
7 44
17 10
8 6
6 38
21 19
22 18
2 1
3 12
18 6
17 38
11 39
1 7
7 20
8 1
8 27
16 28
2 0
5 6
6 23
1 5
21 12
21 18
2 19
24 3
5 22
22 40
9 2
0 40
20 48
6 49
21 52
4 45
2 52
10 50
3 52
23 16
3 26
1 22
2 8
20 15
18 40
7 1
11 40
6 6
14 53
8 29
16 13
16 40
8 26
11 3
12 12
13 19
21 20
7 40
17 41
2 27
6 9
22 26
1 12
23 4
18 28
21 10
3 0
3 25
24 15
10 9
3 16
21 14
0 10
5 42
2 17
18 42
20 45
22 47
9 45
10 51
1 53
3 45
4 53
1 14
7 18
6 15
3 22
17 24
13 42
16 26
22 42
12 5
2 50
8 3
11 20
16 42
6 26
3 7
23 22
22 19
7 23
11 42
12 43
17 13
21 1
8 18
18 0
1 8
14 13
17 29
16 9
20 26
10 20
12 11
4 19
12 47
17 44
15 47
13 53
7 50
8 47
16 52
11 51
14 49

