317
11 2
6 7
21 30
8 14
3 30
10 49
18 45
5 50
2 48
9 48
1 45
20 53
22 14
2 6
21 10
1 22
8 7
18 30
23 14
11 30
3 4
16 49
0 0
7 23
7 30
22 2
8 23
12 10
2 9
16 17
23 30
17 31
21 2
11 23
1 15
3 1
13 20
1 21
17 9
14 18
12 0
18 1
17 8
16 22
2 13
6 27
3 32
11 19
18 32
8 49
5 46
1 47
22 48
10 44
9 52
0 51
11 8
3 13
2 14
1 7
8 20
20 32
12 23
15 32
18 6
13 52
7 6
23 5
13 32
12 6
17 11
8 0
7 17
2 5
23 32
20 33
16 27
2 26
3 23
11 22
6 20
23 29
4 4
3 9
14 22
20 20
5 14
5 4
18 7
11 6
1 34
3 5
5 34
10 48
8 44
4 45
21 50
9 46
20 51
0 50
13 13
21 20
2 8
1 29
7 25
22 34
15 17
17 34
11 4
16 50
12 12
3 19
8 34
16 7
2 20
1 13
13 12
6 10
3 34
22 35
18 0
21 26
22 11
12 25
7 5
7 9
22 8
9 14
16 23
23 19
24 28
23 20
19 2
3 11
5 36
11 10
1 36
10 51
9 51
8 53
0 52
20 46
18 47
4 52
18 28
6 13
8 28
21 3
0 9
22 36
11 20
15 36
2 22
7 46
13 18
12 16
13 36
12 24
3 28
17 24
1 12
8 16
18 36
21 37
16 21
18 22
7 11
11 27
6 16
19 12
5 25
6 25
9 15
22 25
17 16
12 19
9 21
20 3
0 38
6 0
21 38
2 50
11 49
10 53
8 50
4 53
5 52
3 49
21 11
1 16
11 24
13 27
2 3
7 38
23 26
17 38
12 20
6 51
24 2
16 14
3 38
8 12
22 22
18 9
6 12
11 29
23 38
12 39
17 6
2 19
1 3
1 19
7 21
19 8
0 29
1 10
7 18
1 23
17 3
22 5
0 16
5 21
1 40
4 11
20 40
19 52
6 45
3 50
10 50
8 52
11 52
18 51
18 3
2 21
3 20
1 24
20 4
23 40
13 29
7 40
11 16
16 48
17 1
12 22
18 40
11 28
1 11
16 3
17 12
6 6
12 40
22 41
7 12
13 10
2 17
21 6
8 1
1 20
3 24
12 28
16 19
22 0
13 1
14 17
8 11
20 2
18 42
21 27
10 42
6 52
3 51
5 45
4 50
0 49
9 53
22 53
18 12
6 11
8 24
1 27
22 18
2 42
17 18
12 42
11 26
16 44
7 16
21 18
6 42
2 27
21 24
13 7
18 2
12 7
7 42
1 43
16 9
11 17
8 10
17 13
23 12
2 16
0 19
5 1
7 27
18 19
10 0
12 14
23 53
24 45
14 47
13 51
16 46
17 49
12 48
7 44
15 51

