317
6 1
18 28
22 30
13 20
2 30
1 47
8 47
9 44
19 46
4 53
12 51
20 48
8 23
1 9
22 16
23 8
2 15
12 30
17 15
5 30
11 0
16 49
15 2
21 26
17 30
22 2
16 11
6 28
3 26
13 15
21 30
10 31
23 3
7 28
2 24
1 10
8 8
6 24
10 19
23 11
23 7
10 22
2 10
20 26
5 28
2 17
18 32
3 11
12 32
22 45
10 45
1 45
23 44
6 50
20 52
4 47
1 6
23 22
22 17
18 6
12 14
15 32
3 7
7 32
6 4
21 44
11 17
0 10
23 32
6 9
7 21
12 0
22 23
18 13
1 32
15 33
13 24
11 6
3 5
21 19
8 24
18 17
10 16
21 2
23 0
13 13
8 25
13 22
8 6
4 10
22 34
3 10
1 34
6 47
10 49
19 47
18 53
9 53
20 46
5 45
1 5
6 23
21 4
12 12
22 25
7 34
15 12
16 34
11 21
14 47
0 1
3 21
3 34
18 0
8 12
7 2
22 14
2 6
6 34
11 35
16 12
23 15
12 22
21 18
1 11
13 1
13 17
21 22
18 7
22 8
23 1
18 4
20 14
1 4
2 36
23 20
12 36
6 51
5 44
8 53
10 44
22 50
19 53
4 48
13 26
3 13
2 4
17 16
22 9
18 36
0 16
7 36
16 4
14 45
11 10
21 5
22 36
23 28
6 17
7 8
12 10
3 20
11 36
16 37
8 11
11 1
2 1
21 9
1 19
14 5
21 21
23 14
12 19
5 13
0 5
8 9
5 25
20 28
18 38
9 16
3 38
13 46
12 49
10 51
8 48
1 53
22 47
2 50
18 14
13 12
1 16
8 16
2 22
10 38
17 28
21 38
7 29
14 46
9 1
16 16
13 38
23 5
21 25
11 12
18 3
1 22
17 38
6 39
16 7
12 28
3 16
3 27
22 3
9 0
13 27
12 17
10 0
12 26
2 29
1 14
22 13
20 8
5 40
18 20
8 40
19 52
2 53
13 53
10 47
23 53
1 44
3 44
7 0
23 27
6 3
22 24
0 23
3 40
16 2
12 40
8 20
21 50
17 20
18 18
16 40
12 27
7 16
6 14
8 26
18 24
11 40
2 41
21 29
13 23
17 4
22 19
1 1
4 11
18 26
15 6
6 22
7 17
14 15
21 17
12 25
20 0
2 42
1 20
5 42
19 51
22 44
4 44
18 45
10 52
9 46
8 45
2 19
16 24
18 29
3 4
7 7
22 42
24 20
12 42
6 25
1 46
17 5
11 27
18 42
21 6
8 1
12 1
1 28
11 11
17 42
21 43
2 26
13 0
16 20
3 18
7 10
9 20
3 0
0 28
9 8
0 7
15 5
20 4
11 45
21 45
24 52
0 49
16 50
17 52
14 52
7 50
15 46

