317
19 28
14 28
0 30
2 16
12 30
21 48
5 47
20 45
11 53
10 53
9 50
3 46
3 5
11 27
13 9
12 0
0 16
23 30
2 27
6 30
21 5
16 53
17 21
18 19
11 30
12 9
13 10
1 19
6 4
7 17
21 30
22 31
18 15
8 3
17 19
3 27
16 20
22 0
2 8
20 6
19 23
6 27
1 2
18 5
3 20
19 11
1 32
11 8
12 32
14 48
5 49
6 51
20 52
21 52
0 47
4 53
3 22
13 4
2 15
1 14
17 27
22 32
16 3
7 32
6 17
11 49
10 5
24 15
17 32
11 1
16 1
1 24
7 25
12 8
3 32
21 33
6 7
8 19
2 1
13 29
18 22
4 1
4 18
9 18
11 22
6 12
16 25
19 13
20 25
19 22
3 34
9 19
10 34
12 50
2 50
6 48
21 49
14 51
13 48
5 50
6 21
12 16
21 19
23 28
3 19
13 34
15 29
16 34
1 18
22 50
8 6
7 29
22 34
11 18
16 7
17 15
7 6
21 21
23 34
0 35
13 24
6 6
1 8
8 20
18 8
0 12
11 3
4 24
11 26
3 29
17 28
16 26
2 5
21 9
3 36
20 8
12 36
5 48
14 45
1 53
19 50
6 49
11 46
0 49
1 15
12 20
13 21
6 11
2 26
8 36
10 13
15 36
21 1
23 45
22 5
18 29
11 36
12 24
18 7
17 5
2 12
6 1
1 36
7 37
16 23
3 28
22 28
13 20
21 23
1 7
11 13
18 9
13 18
19 7
5 2
9 6
10 29
20 24
0 38
19 10
2 38
11 44
21 47
5 46
12 53
4 50
14 49
6 47
16 17
21 15
1 4
13 17
2 2
10 38
18 6
7 38
12 13
23 44
17 25
22 27
17 38
21 24
22 24
16 28
8 16
3 3
6 38
11 39
7 2
18 4
2 19
2 18
23 9
13 13
2 4
8 15
19 4
1 1
3 21
22 7
0 27
14 1
3 40
11 9
20 40
10 44
6 44
2 44
12 49
1 47
13 46
5 45
2 11
21 28
1 21
3 18
12 23
7 40
22 14
17 40
6 9
16 50
11 5
23 25
23 40
17 23
12 2
22 6
2 28
3 6
16 40
7 41
11 23
18 1
1 11
13 11
6 20
19 14
5 22
5 29
16 24
6 10
3 24
6 14
19 16
20 3
0 42
3 17
5 42
10 46
21 51
9 51
11 45
12 47
2 49
4 45
1 27
8 29
6 2
11 24
15 14
12 42
7 5
21 42
2 13
3 48
18 18
17 2
8 42
3 0
21 29
6 24
17 24
3 4
11 42
12 43
16 6
7 19
2 25
18 12
22 13
4 14
18 23
19 15
1 17
5 10
24 10
0 8
17 49
22 53
24 50
23 47
7 48
8 46
16 48
18 50
15 51

