1 4185 165.563000 16483 1411 1032 440 8000 3500 2100
2 12561 173.640000 12379 1241 906 432 6000 2500 1300
3 8403 173.172000 16917 1368 812 437 7000 6000 1300
4 35743 190.453000 19225 1432 955 438 13000 1500 1900
5 8239 175.798000 18419 1341 932 446 10000 4000 1700
6 44913 179.469000 20094 1455 993 446 10000 5000 2200
7 3348 154.984000 19613 1431 843 439 9000 5000 2900
8 25314 159.421000 22801 1582 759 460 13000 5000 2000
9 8260 154.188000 20679 1546 906 427 10000 6000 1800
10 6919 151.235000 18896 1212 950 434 10000 4000 2300
