317
22 18
14 12
12 30
8 14
6 30
15 46
3 52
20 47
9 49
5 49
17 48
24 45
13 12
3 0
12 12
1 5
5 21
17 30
11 1
21 30
2 24
16 44
4 29
8 22
16 30
22 2
7 19
11 26
3 5
18 27
8 30
0 31
21 15
12 16
6 24
17 21
13 28
19 17
5 22
3 16
7 28
24 1
7 4
17 3
23 16
20 16
13 32
17 23
8 32
22 52
15 44
6 52
1 52
3 50
5 47
24 44
18 2
8 26
6 19
13 19
22 8
10 32
17 5
0 32
3 2
7 50
21 24
16 17
6 32
21 4
22 22
1 24
7 22
13 3
17 32
10 33
3 29
1 6
16 21
6 25
23 10
17 9
8 10
5 5
19 0
8 7
3 23
11 7
1 13
17 6
8 34
5 2
6 34
3 47
23 45
13 47
22 44
14 44
15 47
24 52
1 21
3 19
16 5
23 13
7 0
12 34
19 23
20 34
6 23
0 45
2 5
18 0
1 34
21 13
17 20
16 19
8 12
13 14
3 34
10 35
22 1
6 28
2 19
7 21
18 15
22 26
5 29
9 14
9 7
20 14
3 28
22 20
6 7
7 11
23 36
1 19
13 36
17 53
9 50
8 49
15 50
3 45
12 47
5 50
23 29
3 25
6 4
8 18
12 26
18 36
1 14
20 36
7 7
16 45
2 0
11 25
12 36
13 20
23 4
21 3
3 9
16 15
1 36
17 37
22 0
1 11
8 13
11 21
7 17
14 6
17 1
11 3
0 4
21 29
18 10
7 25
5 10
20 3
6 38
17 10
22 38
1 46
8 48
3 44
12 44
9 51
15 53
24 49
7 2
6 12
8 28
1 0
10 5
3 38
21 9
12 38
23 3
17 50
18 28
16 28
16 38
22 16
23 5
17 25
13 8
6 16
11 38
2 39
12 17
18 4
7 8
8 16
21 18
17 24
2 22
3 6
14 8
11 24
5 17
21 23
9 23
5 3
13 40
7 14
23 40
8 52
3 49
12 53
20 45
6 53
15 45
22 53
13 0
4 7
12 23
8 21
22 27
2 40
21 22
17 40
6 18
16 49
11 6
7 10
21 40
13 17
7 29
17 0
16 8
6 20
12 40
1 41
23 28
18 6
11 18
22 12
8 24
17 11
1 26
11 27
13 21
13 13
3 1
18 19
17 7
12 18
5 42
20 15
13 42
1 49
23 51
9 47
8 44
3 51
7 51
15 51
8 5
6 3
7 16
22 23
13 5
2 42
4 17
16 42
12 27
21 49
11 22
20 28
1 42
22 6
12 15
16 10
18 12
6 17
11 42
22 43
2 27
17 4
21 1
3 17
8 1
4 12
0 8
1 15
9 16
16 1
1 8
15 17
11 47
19 44
0 44
16 50
10 52
2 47
18 47
21 50
4 45

