317
11 2
6 11
21 30
1 3
16 30
8 51
14 48
0 53
18 50
5 51
13 52
20 52
22 23
18 29
21 14
17 17
8 9
2 30
23 12
10 30
16 12
1 47
19 28
7 9
18 30
12 11
17 21
21 24
1 20
7 25
13 30
2 31
16 2
22 12
23 5
8 19
22 0
21 13
0 12
1 28
23 11
10 22
23 4
17 16
16 15
0 13
1 32
18 26
13 32
17 52
22 53
6 46
21 53
11 51
8 53
5 45
11 18
6 18
16 29
22 5
2 28
17 32
12 20
7 32
21 0
23 50
4 13
10 9
12 32
3 12
2 12
6 26
11 19
23 20
16 32
20 33
8 23
6 4
17 22
13 19
1 14
23 0
18 20
19 25
12 9
24 13
9 6
22 18
22 29
11 7
13 34
16 21
5 34
21 46
2 47
1 44
17 50
0 51
20 49
12 51
2 7
6 16
12 6
13 28
22 19
7 34
15 22
17 34
11 26
16 45
4 19
3 13
22 34
13 2
18 21
17 27
1 23
21 9
16 34
7 35
12 1
2 0
8 3
3 0
23 29
23 18
4 2
16 16
18 19
2 22
4 24
21 5
6 7
16 1
17 36
11 20
13 36
22 52
20 51
21 50
2 46
1 49
8 52
5 53
13 6
18 0
17 24
1 17
5 17
7 36
15 7
21 36
2 8
3 49
12 16
11 9
6 36
7 15
23 6
22 13
13 27
3 14
12 36
0 37
21 7
11 25
17 15
8 13
18 22
21 12
13 16
10 8
12 7
7 13
16 3
11 24
16 9
20 14
0 38
18 6
13 38
8 44
6 52
5 49
17 44
2 53
21 47
11 47
16 10
13 25
21 8
23 22
8 21
10 38
18 23
2 38
22 20
12 48
15 16
7 11
8 38
2 19
12 26
16 4
13 4
21 17
17 38
22 39
18 18
3 29
6 13
6 3
1 19
10 19
11 4
17 10
2 4
16 20
5 13
15 20
14 19
20 1
5 40
0 15
21 40
18 49
1 48
13 49
17 48
11 45
12 47
16 51
6 8
11 13
16 23
22 21
12 12
3 40
19 16
7 40
21 6
0 44
15 15
23 3
12 40
22 15
18 2
16 25
17 28
6 1
23 40
1 41
7 2
21 20
13 23
11 22
8 11
12 22
16 24
15 23
15 9
17 20
19 1
24 24
2 15
14 27
20 42
16 18
5 42
1 50
12 44
0 45
18 46
8 50
22 46
13 47
21 18
7 4
6 22
8 5
0 1
12 42
3 19
17 42
22 17
10 47
23 16
16 27
8 42
11 14
18 4
22 27
3 21
23 14
7 42
11 43
2 1
21 15
6 25
1 12
16 17
1 13
5 22
1 16
3 16
16 22
12 28
20 4
7 50
24 45
9 47
10 46
4 51
3 52
19 53
23 44
15 44

