317
1 5
12 19
23 30
6 27
16 30
2 44
21 50
9 51
11 44
15 51
18 49
5 53
23 5
16 29
7 18
11 2
17 29
3 30
6 17
20 30
2 12
8 47
14 1
13 14
8 30
7 25
23 21
13 5
21 10
16 28
1 30
2 31
6 19
11 22
17 24
18 27
13 22
16 7
6 25
3 29
17 20
2 3
4 29
3 6
12 12
18 24
15 32
17 1
1 32
4 46
24 48
6 50
23 45
3 45
9 46
5 52
23 19
1 21
16 23
22 5
2 5
5 32
7 17
11 32
21 8
17 52
19 18
8 21
8 32
16 25
13 24
3 17
6 8
23 28
17 32
20 33
12 17
1 20
2 23
7 1
11 7
10 3
4 28
20 28
11 10
9 0
4 18
8 5
1 13
6 24
11 34
9 21
16 34
18 47
3 53
15 45
23 46
2 49
21 51
5 46
21 9
1 25
12 10
11 18
17 18
3 34
20 4
22 34
6 2
7 45
8 15
13 20
18 34
13 25
23 12
22 3
7 12
17 15
21 34
2 35
11 24
1 29
2 7
8 27
16 22
4 13
2 1
10 20
13 1
4 26
23 4
17 21
24 23
1 7
2 36
11 14
15 36
6 45
5 45
23 52
4 51
12 51
21 44
9 52
16 1
6 11
21 17
2 29
22 10
13 36
8 6
17 36
3 24
11 46
7 7
0 2
23 36
22 11
17 16
18 12
8 28
11 0
6 36
12 37
16 12
7 28
3 1
21 16
1 23
5 27
13 28
17 7
17 12
23 3
6 9
11 28
9 15
15 21
3 38
5 9
1 38
23 47
6 48
11 51
18 46
24 51
21 45
12 46
1 6
23 13
2 4
6 18
7 11
18 38
0 0
12 38
16 9
20 52
5 26
22 28
8 38
21 27
22 24
13 21
6 22
2 25
11 38
16 39
12 14
7 26
3 26
1 9
23 25
10 2
23 23
1 12
0 24
11 5
4 20
21 15
2 15
5 1
3 40
1 4
15 40
11 52
6 53
21 52
24 50
9 50
23 50
12 52
16 13
3 15
6 21
2 16
23 9
12 40
22 0
17 40
11 19
1 46
7 29
8 17
23 40
16 17
7 0
13 15
17 3
6 0
21 40
10 41
3 16
18 11
22 1
2 18
8 13
14 4
11 15
23 8
18 17
13 12
3 3
24 24
11 9
24 29
5 42
21 13
2 42
15 47
18 44
4 53
16 50
12 48
1 47
23 51
11 6
6 26
12 16
7 8
3 14
22 42
0 17
16 42
8 14
14 47
13 7
21 28
11 42
8 10
23 24
17 17
3 21
16 27
13 42
7 43
1 27
18 22
12 22
2 11
21 25
14 15
12 26
9 17
17 19
1 18
18 20
14 17
22 46
20 47
0 46
7 44
14 44
13 48
8 51
19 47
10 46

