317
2 20
10 16
13 30
8 6
11 30
7 48
16 48
18 48
17 48
9 53
1 48
0 49
1 1
11 11
6 7
16 16
13 10
7 30
22 8
2 30
17 11
23 48
19 8
21 15
6 30
8 25
21 17
11 9
2 10
3 3
22 30
16 31
7 22
1 4
23 21
13 19
12 27
18 0
8 10
22 4
7 20
23 10
10 14
17 5
8 23
3 26
0 32
4 21
16 32
7 53
18 50
10 53
11 44
13 47
2 49
9 48
1 0
16 24
2 24
17 12
7 5
12 32
21 16
22 32
11 14
15 44
6 12
4 0
18 32
2 1
1 25
23 5
21 28
16 8
6 32
12 33
11 16
23 18
7 3
17 17
3 7
24 16
10 19
8 15
15 29
10 8
2 22
22 9
12 4
7 17
2 34
16 12
0 34
17 44
8 49
18 46
11 51
10 49
4 52
9 51
17 0
18 4
8 1
11 24
2 0
22 34
5 29
12 34
1 6
21 51
16 17
6 11
17 34
11 15
3 22
1 20
8 4
13 7
18 34
22 35
16 19
2 25
23 2
6 14
12 15
16 26
23 24
18 27
4 19
4 22
14 5
4 29
4 2
12 9
10 36
14 4
7 36
16 45
2 44
13 50
9 47
17 53
1 53
0 53
16 27
22 19
11 28
2 7
7 28
3 36
23 20
17 36
13 11
14 48
6 9
21 0
22 36
23 11
12 1
17 8
13 4
8 18
16 36
1 37
18 17
18 23
7 25
21 22
6 19
4 3
23 29
1 12
6 8
3 25
16 3
11 3
4 9
18 29
10 38
2 11
12 38
7 44
3 45
9 49
8 53
14 47
0 45
1 44
3 5
1 15
12 23
11 29
7 26
22 38
21 3
15 38
13 13
20 47
2 16
6 26
1 38
13 5
16 21
17 1
7 19
21 14
8 38
22 39
6 20
12 0
3 27
2 3
11 27
13 8
24 29
3 20
7 29
6 23
17 18
12 6
10 3
14 28
17 40
2 12
0 40
11 45
9 46
12 52
4 53
13 52
16 51
3 48
16 7
13 2
12 20
11 20
3 13
22 40
19 2
6 40
18 24
5 47
2 6
21 25
11 40
3 14
16 20
17 23
18 19
6 6
12 40
22 41
8 24
2 15
1 22
21 11
7 14
24 13
21 13
15 24
1 11
8 16
14 29
11 7
18 10
11 19
0 42
12 16
2 42
13 46
9 44
10 51
8 52
17 46
4 50
14 46
2 13
1 29
3 23
7 18
13 24
5 42
21 21
15 42
11 17
22 53
12 25
23 13
13 42
7 6
11 22
22 16
3 8
17 24
23 42
5 43
1 23
21 23
8 19
2 21
16 5
3 16
2 29
19 4
18 6
9 17
8 7
12 17
23 44
15 52
5 44
19 44
20 46
21 49
22 47
6 48
24 51

