1 8227 496.890000 17184 1485 858 441 10000 2500 1900
2 12979 490.313000 15953 1403 998 452 8000 3000 2100
3 19577 470.671000 20620 1311 792 417 12000 4000 2100
4 18900 487.016000 21256 1399 941 416 10000 6000 2500
5 22155 469.500000 14784 1191 953 440 6000 3500 2700
6 27052 480.469000 15657 1207 909 441 7000 4500 1600
7 15248 496.812000 23097 1387 787 423 12000 6500 2000
8 12797 503.984000 15316 1408 986 422 8000 3000 1500
9 36535 489.798000 20318 1363 1120 435 12000 4000 1400
10 6454 486.469000 20657 1438 890 429 10000 6500 1400
