317
7 6
18 13
20 30
3 23
10 30
17 46
9 48
1 51
12 52
19 53
16 53
4 47
21 14
11 4
17 8
2 13
5 28
15 30
8 29
22 30
1 26
13 45
14 7
3 0
8 30
7 16
18 15
13 15
3 2
23 15
17 30
0 31
6 21
11 2
12 11
21 25
11 1
8 3
1 3
1 16
7 0
0 29
6 6
9 12
11 16
19 13
0 32
12 5
3 32
18 45
20 45
7 49
21 53
17 52
16 52
10 44
11 5
1 22
3 12
16 21
17 11
8 32
6 4
22 32
21 7
2 49
13 4
12 23
16 32
3 22
18 5
21 17
23 12
1 10
13 32
7 33
6 7
22 5
11 13
2 21
17 12
3 25
4 7
9 20
1 1
0 28
9 26
22 6
11 28
16 20
20 34
24 15
18 34
0 52
3 45
17 44
12 49
4 52
7 52
9 52
7 4
22 25
21 29
1 21
18 4
2 34
13 14
10 34
16 6
23 49
6 13
8 18
6 34
11 8
21 28
23 14
17 4
8 20
22 34
1 35
12 16
13 28
1 18
18 3
7 24
7 22
3 10
3 8
10 20
12 4
14 14
1 4
20 27
7 14
0 36
9 7
11 36
17 47
19 52
18 47
24 52
3 47
21 46
10 53
22 26
12 6
18 7
16 28
10 21
20 36
8 13
2 36
7 20
23 53
6 27
13 7
13 36
12 17
1 13
2 6
23 5
18 6
22 36
15 37
3 13
22 15
8 7
11 22
6 10
2 1
19 20
10 6
1 12
20 23
4 0
6 5
9 19
20 6
18 38
4 9
16 38
21 50
7 47
1 44
3 52
10 50
24 49
11 52
3 4
7 1
16 10
21 27
17 25
23 38
6 2
12 38
1 2
22 51
4 27
8 2
7 38
21 3
18 26
13 12
17 22
3 5
11 38
0 39
12 20
23 9
8 25
6 12
22 2
10 11
15 10
11 3
19 17
7 19
9 8
12 26
9 14
21 6
3 40
10 29
11 40
0 44
18 50
1 47
16 44
20 53
7 44
17 50
7 9
12 14
11 6
17 2
2 17
0 40
6 22
22 40
16 13
15 52
8 21
13 8
16 40
1 11
11 18
13 3
12 3
22 19
6 40
17 41
8 12
2 22
3 18
7 18
21 23
19 6
17 6
15 12
4 28
15 16
5 10
6 11
16 1
20 1
0 42
21 21
10 42
18 52
3 49
19 51
7 45
17 45
4 50
24 45
22 13
1 0
21 4
7 27
17 19
2 42
23 23
12 42
16 19
5 47
15 6
6 19
17 42
8 11
18 8
23 17
2 27
12 7
16 42
7 43
1 7
21 5
6 0
3 3
13 22
2 18
8 22
7 2
12 25
10 26
3 24
24 3
8 47
22 50
23 45
6 51
14 47
13 48
15 48
2 47
5 49

