317
7 6
13 13
23 30
11 20
0 30
8 49
12 50
16 47
17 46
10 50
18 44
15 51
1 27
12 13
23 5
21 6
15 3
17 30
3 21
6 30
22 13
2 44
14 4
11 2
2 30
3 4
13 29
6 14
17 17
23 4
12 30
20 31
1 8
8 17
18 1
16 4
6 16
0 9
15 26
9 1
19 28
5 29
10 29
2 8
24 17
15 14
0 32
6 22
12 32
7 46
10 48
17 44
8 53
23 46
18 49
16 46
8 9
18 21
7 20
17 26
12 25
2 32
6 15
21 32
1 0
19 52
11 0
20 18
6 32
18 12
16 8
11 25
7 4
1 29
17 32
2 33
23 25
11 16
13 23
8 1
22 24
4 5
10 12
5 5
20 7
11 3
15 17
20 16
6 2
16 12
11 34
13 7
0 34
7 53
18 46
24 50
23 47
17 50
8 51
15 53
7 10
1 28
17 9
23 7
10 26
2 34
9 23
20 34
18 18
19 44
13 1
5 27
18 34
13 4
21 18
22 1
6 5
17 2
23 34
2 35
11 18
8 10
2 22
7 27
16 13
21 28
8 25
11 9
8 19
10 4
22 25
22 22
0 29
1 15
6 36
21 17
10 36
18 50
16 52
17 51
13 47
8 50
23 52
15 49
6 19
7 14
11 1
12 2
17 0
15 36
5 11
22 36
1 21
3 44
2 3
21 26
17 36
8 5
3 17
2 5
18 11
11 21
21 36
12 37
23 23
21 11
7 2
6 0
16 29
11 6
19 25
18 2
9 18
6 6
24 11
5 16
15 27
17 13
0 38
6 1
7 38
13 49
12 52
10 45
21 47
18 52
16 53
23 53
1 25
8 14
16 6
11 24
18 9
13 38
3 23
22 38
12 20
9 48
2 1
6 27
2 38
16 27
17 12
22 23
1 2
7 25
21 38
11 39
23 14
3 8
6 28
8 6
18 5
4 16
4 8
9 20
21 24
5 8
9 14
8 28
0 12
24 2
11 40
17 16
7 40
10 51
18 47
13 51
6 53
15 52
16 45
23 48
12 29
23 19
13 27
22 0
7 24
5 40
14 7
1 40
21 21
4 50
19 13
17 28
16 40
6 12
3 25
18 29
17 27
2 27
13 40
20 41
11 11
7 8
8 20
12 6
23 17
19 3
10 13
5 23
4 4
17 8
19 20
19 8
13 5
0 5
11 42
18 8
6 42
16 48
21 46
15 47
1 51
8 47
10 47
17 45
6 9
21 5
16 26
22 19
12 0
17 42
14 12
2 42
7 16
20 44
5 1
9 3
16 42
23 26
2 21
17 19
11 27
8 8
1 42
22 43
12 27
18 19
21 2
13 17
7 11
15 29
20 8
18 22
8 16
18 6
16 25
23 15
2 50
5 53
9 44
19 51
20 46
22 46
3 50
14 47
4 44

