317
23 9
10 6
13 30
12 6
17 30
1 47
22 52
0 44
5 45
16 52
9 52
11 47
23 16
16 9
1 18
11 9
17 21
2 30
8 11
20 30
13 8
7 44
12 21
6 28
8 30
7 20
13 14
21 16
1 14
18 17
12 30
2 31
6 25
22 6
17 22
16 10
21 0
21 10
6 2
5 25
21 25
2 16
10 18
17 1
12 9
20 21
0 32
5 23
22 32
13 48
9 46
11 45
18 50
16 45
14 47
10 44
1 1
16 22
11 22
2 28
22 1
12 32
6 27
17 32
3 5
7 50
21 19
8 24
6 32
16 26
18 5
13 28
8 7
1 29
21 32
2 33
11 25
13 19
23 12
7 29
17 3
4 13
10 22
10 27
12 7
15 6
15 5
5 6
3 13
16 25
17 34
14 27
22 34
11 48
9 50
13 50
1 44
10 48
20 52
12 47
3 23
11 18
22 16
6 17
17 0
12 34
24 12
0 34
7 24
4 50
8 6
21 11
11 34
1 15
16 2
18 24
21 4
13 9
3 34
5 35
2 0
22 0
6 20
23 27
12 24
1 16
11 11
9 17
10 0
3 24
1 25
13 26
5 28
22 10
0 36
11 5
13 36
3 51
10 52
23 52
20 51
18 52
16 48
12 50
1 22
3 29
23 17
16 8
12 17
17 36
11 1
7 36
22 19
21 45
2 20
6 15
11 36
13 12
7 18
8 18
2 13
16 29
3 36
17 37
6 29
1 10
23 13
12 3
22 7
0 4
11 14
7 23
8 28
1 3
19 24
23 19
0 12
18 13
10 38
16 11
22 38
9 51
17 48
5 51
1 46
20 48
3 49
13 49
11 19
6 21
17 5
12 20
22 5
13 38
8 21
1 38
18 9
7 48
21 21
16 28
8 38
2 10
16 1
17 16
1 21
11 29
7 38
12 39
23 22
6 16
22 9
22 29
3 25
21 18
24 14
12 27
23 23
6 18
0 16
10 15
20 10
5 4
10 40
17 26
0 40
13 53
18 51
12 52
3 46
23 47
16 53
22 47
3 2
18 1
11 10
13 3
22 21
20 40
19 9
7 40
12 23
6 48
2 2
17 28
2 40
18 22
7 9
8 19
22 17
23 7
17 40
12 41
3 7
16 12
21 1
1 0
11 13
24 26
12 19
0 11
22 8
12 0
2 6
16 18
5 22
20 15
10 42
12 12
22 42
0 45
17 45
14 52
18 49
3 50
13 45
9 44
11 0
8 4
6 13
1 27
22 25
2 42
7 28
16 42
13 25
12 44
21 13
24 15
21 42
2 14
22 23
16 27
6 3
13 16
12 42
1 43
8 8
17 24
11 15
7 6
18 27
2 25
4 6
16 24
14 8
18 12
6 26
20 18
8 47
2 53
4 51
19 49
15 53
7 53
6 47
21 47
24 44

