317
1 13
14 8
18 30
8 1
15 30
0 52
6 48
7 46
21 47
9 49
13 47
17 49
1 10
16 5
6 19
21 20
17 29
12 30
5 8
2 30
11 7
8 44
23 22
22 24
6 30
8 17
18 13
1 28
13 29
23 15
17 30
10 31
7 11
2 15
16 20
21 27
2 12
17 15
8 13
21 13
6 17
7 6
6 9
24 29
21 24
3 22
1 32
13 20
6 32
19 46
14 46
8 51
18 44
16 51
9 51
0 53
7 8
2 8
8 24
1 22
12 23
17 32
5 5
20 32
16 2
4 51
11 9
23 4
8 32
1 8
3 3
22 6
6 13
18 23
11 32
15 33
23 16
21 8
13 13
7 13
2 9
10 12
10 24
24 6
7 4
11 24
11 5
8 14
9 21
16 9
13 34
21 18
2 34
18 48
1 51
17 51
8 48
15 45
0 48
19 51
8 21
17 21
18 27
12 1
2 19
10 34
20 6
5 34
16 8
23 48
21 21
22 14
18 34
6 23
21 12
23 13
3 6
17 16
22 34
10 35
7 14
1 5
12 14
2 18
16 28
24 3
21 6
13 27
2 13
0 4
12 10
6 26
14 10
6 5
2 36
7 9
8 36
18 52
1 44
16 50
15 46
21 48
13 48
0 51
21 11
13 7
8 5
1 3
2 23
23 36
11 26
17 36
6 14
20 44
7 27
12 4
7 36
8 19
17 6
21 4
18 16
3 28
12 36
22 37
13 19
11 20
1 2
2 29
6 20
14 25
11 22
1 26
18 25
4 0
6 21
24 17
0 19
3 18
15 38
2 1
17 38
7 48
21 45
6 50
8 47
19 44
1 50
14 48
17 17
1 16
16 24
11 28
7 20
13 38
2 2
22 38
18 24
10 49
5 1
4 19
8 38
23 0
3 12
2 10
22 27
16 27
6 38
11 39
18 7
7 26
17 25
17 4
21 26
10 26
13 24
14 4
20 18
7 7
19 4
7 12
19 7
21 23
13 40
15 17
7 40
16 53
1 45
18 47
9 44
17 44
0 50
6 47
6 24
18 4
17 3
16 10
7 3
2 40
24 13
10 40
1 1
15 49
23 5
22 17
18 40
6 1
21 29
22 7
23 7
12 2
16 40
2 41
11 14
7 16
8 9
1 12
13 4
12 19
2 17
16 26
15 29
15 2
12 20
18 17
21 10
0 0
18 42
13 12
2 42
9 50
7 45
1 49
6 45
17 47
16 52
14 49
18 20
22 18
21 22
16 6
2 27
13 42
23 25
6 42
17 1
12 49
11 16
4 13
11 42
16 11
13 0
7 0
22 4
1 9
12 42
15 43
23 14
6 7
18 2
21 19
2 28
13 5
13 1
12 7
14 27
15 28
10 28
18 8
11 53
10 44
4 49
12 44
20 52
22 52
23 53
5 53
24 50

