317
16 11
14 2
20 30
19 18
3 30
6 49
13 45
11 45
10 48
15 47
8 44
5 52
3 6
11 9
13 15
16 13
20 1
7 30
23 10
0 30
6 0
12 49
17 25
18 5
22 30
21 16
12 15
3 28
17 15
6 15
11 30
7 31
23 17
1 24
18 29
16 5
3 20
19 21
8 15
0 7
18 22
5 1
10 25
18 10
13 23
3 14
8 32
16 12
5 32
15 50
14 45
7 48
11 47
21 48
4 45
20 50
8 14
6 1
7 6
23 12
20 17
12 32
16 26
17 32
11 18
2 48
1 18
0 28
1 32
8 23
2 14
13 2
17 16
7 27
21 32
22 33
16 8
13 25
12 21
6 5
3 10
10 11
13 0
6 29
18 2
17 3
23 15
12 20
20 21
11 2
15 34
10 24
3 34
9 45
6 51
13 53
21 49
5 46
7 52
14 52
21 25
9 0
3 22
16 3
12 5
7 34
22 12
17 34
11 4
1 44
2 23
23 26
1 34
16 2
18 13
2 16
22 28
17 1
13 34
6 35
12 4
21 3
8 12
23 6
3 25
15 18
21 14
7 10
21 24
16 15
11 25
3 1
13 12
6 11
3 36
20 27
8 36
15 45
10 46
19 51
7 50
21 53
11 46
14 44
13 17
7 18
8 7
11 20
3 18
17 36
5 12
22 36
16 19
12 53
2 26
1 1
12 36
11 12
3 26
1 13
23 4
8 2
21 36
16 37
2 19
22 26
7 13
13 19
6 25
15 3
1 29
20 6
22 15
3 23
18 16
16 7
20 28
10 3
15 38
13 1
7 38
6 45
21 46
5 45
11 48
9 50
14 46
4 49
16 1
21 29
5 6
6 7
7 25
17 38
22 6
1 38
11 27
23 49
13 10
12 27
6 38
2 24
12 12
7 3
1 4
16 28
13 38
17 39
22 27
8 20
23 23
21 10
3 11
7 15
22 16
3 16
2 29
21 9
14 17
1 27
9 26
20 13
13 40
10 4
15 40
11 49
21 52
7 45
4 50
5 49
8 49
3 44
2 15
13 29
3 15
11 17
15 6
18 40
23 28
6 40
21 11
12 44
1 21
22 0
3 40
13 16
23 9
16 21
2 21
6 4
22 40
17 41
7 11
12 6
11 28
1 17
8 18
9 29
18 0
4 29
8 26
6 27
2 22
19 19
3 29
13 3
8 42
6 20
15 42
11 50
21 45
10 47
7 47
4 53
14 51
20 47
11 13
22 11
21 12
16 14
7 1
18 42
23 3
0 42
13 13
12 50
5 21
6 2
21 42
18 1
22 29
12 19
8 24
3 4
23 42
17 43
6 8
11 21
16 20
7 5
2 11
7 29
7 20
0 23
2 27
19 9
23 24
17 2
17 50
23 50
24 49
22 45
12 52
2 45
1 46
18 45
0 47

