317
7 12
24 4
8 30
21 3
2 30
13 46
23 47
12 51
15 53
20 46
18 45
1 53
11 2
2 12
1 13
23 9
7 18
18 30
6 5
12 30
3 19
16 53
22 5
21 9
22 30
8 28
21 19
11 9
1 28
16 0
6 30
17 31
7 25
12 6
3 23
2 17
13 7
0 14
5 25
18 29
0 6
5 11
11 19
5 28
1 10
13 1
23 32
21 6
8 32
20 47
2 50
17 53
18 48
3 48
15 51
12 52
2 3
23 14
1 15
3 2
10 21
5 32
16 5
17 32
8 1
22 47
21 20
14 19
1 32
18 27
8 26
11 23
12 20
2 1
21 32
5 33
16 13
3 14
23 22
1 29
13 12
20 1
0 20
23 25
22 6
16 6
1 2
1 25
13 28
3 18
7 34
9 21
1 34
20 49
21 48
15 46
12 46
24 47
18 52
19 52
13 27
12 18
2 4
21 12
7 4
22 34
4 24
16 34
3 27
0 49
6 25
11 5
12 34
17 28
3 16
2 14
8 27
13 20
11 34
21 35
18 8
7 3
22 24
6 2
1 21
7 20
21 16
8 20
15 22
17 20
18 24
13 3
23 7
7 27
18 36
13 13
8 36
17 51
20 48
21 45
1 47
12 50
3 53
24 44
21 13
12 17
8 12
17 25
18 10
23 36
11 8
0 36
7 15
22 46
6 0
13 8
12 36
11 16
7 21
21 4
1 16
18 28
3 36
15 37
23 3
2 9
22 11
13 4
6 3
1 1
15 8
22 9
12 15
19 20
3 11
9 0
15 9
19 19
23 38
20 13
1 38
3 52
13 44
17 48
7 48
21 47
18 50
8 48
6 29
23 16
1 26
17 16
2 8
7 38
16 28
12 38
18 0
22 52
20 15
11 22
3 38
13 29
16 26
2 23
11 7
6 17
17 38
7 39
23 28
1 23
21 29
21 26
12 2
8 23
20 3
5 22
22 12
24 22
15 10
2 11
1 12
24 7
18 40
15 23
20 40
17 44
8 49
7 49
3 50
23 46
13 49
2 47
23 19
18 1
21 15
17 8
2 0
10 40
0 7
7 40
12 27
6 53
22 16
16 27
13 40
2 20
8 17
6 15
7 26
16 23
1 40
10 41
22 8
3 25
17 10
23 6
18 6
16 20
3 29
9 3
7 29
16 2
0 10
12 25
7 28
2 25
20 42
17 17
18 42
1 44
13 51
15 50
3 45
8 52
9 47
12 49
1 0
18 21
3 12
21 8
7 14
22 42
11 1
12 42
2 10
17 49
16 1
6 9
3 42
22 27
13 23
17 4
6 6
16 10
11 42
22 43
7 5
18 16
21 5
8 10
2 19
7 19
6 14
18 23
16 18
19 4
21 17
1 22
6 47
10 49
14 49
11 49
5 53
16 51
0 52
22 53
4 47

