317
4 2
8 23
10 30
7 9
18 30
21 51
6 46
0 52
17 49
15 49
22 46
9 53
17 12
18 18
21 13
6 8
15 5
13 30
24 27
1 30
12 25
23 44
5 5
7 4
17 30
18 11
22 1
1 21
11 10
7 29
23 30
12 31
16 15
2 21
21 8
6 3
3 3
1 18
14 20
17 4
23 2
0 15
20 9
21 6
17 15
3 9
18 32
6 22
10 32
7 48
0 50
8 45
1 46
21 46
15 51
9 45
18 7
11 20
17 6
12 13
20 20
7 32
2 12
22 32
13 4
4 49
16 28
6 4
2 32
1 23
17 1
21 15
22 14
11 5
6 32
12 33
18 23
21 7
7 19
2 16
16 7
21 10
8 24
8 26
16 3
15 19
14 11
1 20
22 3
4 28
7 34
10 29
17 34
0 46
19 47
6 44
21 45
15 47
11 45
9 50
11 23
18 13
6 2
2 19
7 13
15 34
20 15
21 34
3 5
24 53
12 24
13 1
12 34
21 29
23 22
13 7
7 5
22 9
19 34
1 35
18 3
8 10
1 8
6 6
11 29
14 24
7 26
15 9
18 8
13 10
9 12
0 21
8 15
6 15
3 36
21 3
0 36
22 52
7 49
19 49
10 51
18 49
11 49
9 46
18 19
1 26
3 2
17 19
8 6
15 36
21 12
12 36
22 15
2 51
23 9
5 22
21 36
23 11
11 16
12 3
8 28
18 4
7 36
15 37
13 15
7 6
3 20
22 19
2 10
1 22
20 3
2 25
24 12
21 24
23 5
21 9
19 9
15 1
10 38
8 1
3 38
7 44
17 44
1 48
6 51
0 45
9 48
18 51
7 17
6 19
17 16
11 12
0 16
12 38
8 11
20 38
18 26
23 47
2 6
16 12
16 38
1 5
22 18
17 21
23 10
11 14
18 38
12 39
7 16
3 29
8 2
8 0
2 7
3 23
11 19
9 15
5 0
9 5
16 8
6 0
8 8
9 1
3 40
10 2
21 40
0 51
18 53
1 45
11 46
6 53
7 50
19 48
21 16
1 13
22 16
3 4
7 22
5 40
10 3
15 40
11 13
2 47
23 0
14 0
7 40
21 1
18 2
17 5
16 9
6 23
1 40
11 41
2 26
22 25
23 12
3 22
8 17
11 2
10 13
24 4
4 1
20 6
9 9
21 22
17 2
0 23
8 42
22 22
6 42
3 45
21 52
4 48
11 48
15 52
1 51
10 48
21 27
7 25
6 5
11 26
3 21
12 42
2 23
17 42
8 16
22 48
23 7
16 23
3 42
13 24
18 27
8 27
22 24
7 15
16 42
11 43
21 25
6 1
1 15
23 28
2 24
22 6
12 18
21 4
23 25
9 19
9 25
3 8
23 51
12 50
24 50
20 52
5 47
16 47
13 52
2 52
14 46

