317
8 18
16 9
13 30
21 0
2 30
7 51
18 47
20 49
15 53
4 53
17 45
1 50
18 5
2 22
1 3
17 23
12 26
23 30
11 6
7 30
3 1
21 44
19 25
6 23
1 30
3 19
11 26
17 9
21 14
7 25
12 30
22 31
2 12
18 28
13 22
6 26
18 2
8 13
2 18
3 22
4 17
8 14
8 4
1 2
7 18
20 20
3 32
16 16
1 32
23 45
15 50
17 44
21 45
13 46
24 49
8 46
7 9
21 13
8 3
1 5
2 28
12 32
16 14
17 32
23 14
22 49
6 6
11 10
7 32
8 21
16 17
3 6
2 19
11 16
21 32
12 33
18 16
3 25
23 28
6 21
17 25
1 6
13 1
4 27
16 23
5 12
13 16
1 17
21 26
17 26
7 34
15 15
13 34
23 52
18 53
3 47
1 44
20 53
2 45
16 45
13 19
16 1
18 0
21 4
7 2
2 34
11 5
22 34
17 7
0 53
6 15
12 3
18 34
21 9
8 26
7 3
11 25
16 3
6 34
2 35
23 27
12 19
1 24
13 11
17 17
7 16
2 25
9 0
11 0
9 15
18 14
8 6
18 17
1 8
2 36
24 8
7 36
16 52
15 44
17 50
14 45
23 51
13 50
4 44
7 17
2 21
3 4
23 0
17 27
5 36
0 15
10 36
22 25
9 48
19 13
24 19
17 36
7 22
2 7
3 18
16 5
23 6
13 36
20 37
12 13
12 27
8 10
6 13
18 20
5 19
16 2
7 26
11 12
19 9
9 7
6 7
14 0
15 8
17 38
1 14
20 38
7 53
8 52
23 48
13 45
24 48
16 44
2 44
7 28
21 12
8 27
16 4
17 8
2 38
6 25
10 38
23 20
1 52
19 7
22 28
6 38
18 3
13 8
12 21
17 18
1 1
8 38
2 39
23 18
7 1
21 25
21 16
16 25
14 12
1 15
1 10
11 15
6 24
1 16
17 24
24 7
21 17
1 40
4 10
16 40
3 46
8 47
23 50
15 49
20 47
14 46
18 49
23 21
17 2
18 4
16 19
2 0
7 40
4 29
11 40
21 7
10 44
22 8
9 6
22 40
11 14
16 21
23 11
13 23
18 9
3 40
5 41
2 13
12 1
17 3
8 22
1 21
4 1
4 14
7 7
4 18
11 27
8 23
5 26
7 27
15 25
13 42
23 1
17 42
24 52
2 50
16 47
21 53
8 44
3 50
1 46
18 6
1 23
16 10
2 11
7 20
10 42
12 16
20 42
17 1
0 52
6 14
23 15
6 42
3 16
11 1
21 8
22 17
17 22
12 42
2 43
8 16
23 24
1 13
7 15
16 22
6 22
2 3
23 25
8 11
20 11
11 8
3 26
6 44
9 46
5 51
19 48
0 47
12 52
11 51
22 48
10 51

