317
6 7
14 5
11 30
8 15
22 30
7 51
13 48
5 49
0 47
20 53
21 50
10 53
7 20
11 20
13 4
6 26
22 3
17 30
24 19
2 30
12 10
16 48
8 20
1 8
1 30
3 7
12 6
22 12
16 11
7 12
13 30
17 31
2 12
23 15
21 20
8 25
23 0
18 6
22 22
6 3
6 16
2 2
9 9
10 12
8 1
19 11
13 32
18 27
11 32
6 52
0 50
23 44
21 48
22 51
10 50
5 45
2 7
6 22
3 15
11 26
12 0
22 32
1 25
7 32
21 19
17 50
18 28
16 27
18 32
6 24
16 10
11 2
12 9
23 25
3 32
20 33
8 2
11 17
1 23
13 5
17 4
12 19
22 1
4 2
0 14
5 8
0 9
10 2
23 16
19 20
13 34
21 18
10 34
22 44
8 44
6 46
7 46
5 53
0 51
20 47
13 7
7 7
8 14
11 23
22 17
2 34
4 9
16 34
6 29
15 48
21 6
12 16
8 34
23 22
17 11
18 3
11 8
6 21
7 34
1 35
22 18
12 22
2 26
13 1
16 19
0 0
1 3
6 4
9 13
14 11
9 27
13 2
12 12
6 6
20 36
11 19
7 36
13 45
14 49
0 45
5 46
22 53
18 51
10 47
13 16
1 27
7 26
8 26
20 13
22 36
3 20
17 36
12 25
2 53
11 14
16 0
11 36
13 28
6 19
18 25
2 21
17 10
1 36
22 37
16 9
1 20
7 28
12 7
21 2
0 22
0 28
4 19
3 5
22 15
3 12
18 16
0 18
20 10
18 38
22 20
13 38
12 45
6 53
11 48
23 45
10 51
21 53
5 52
18 26
11 12
21 23
6 1
13 10
7 38
16 16
1 38
23 19
9 44
17 20
22 19
11 38
1 7
23 4
16 4
21 9
2 22
17 38
6 39
18 8
12 21
13 8
13 11
3 4
1 13
6 12
14 16
14 27
6 11
7 5
3 11
19 27
23 29
10 40
22 11
7 40
12 51
18 46
13 49
5 47
0 53
21 44
6 50
18 4
12 5
11 21
13 17
7 23
2 40
24 20
15 40
6 15
20 45
22 23
1 21
22 40
13 29
7 6
8 19
6 20
21 3
18 40
2 41
17 8
16 5
12 23
1 4
23 6
14 8
8 10
2 6
9 1
2 25
11 4
20 17
23 12
0 11
20 42
12 26
13 42
6 51
18 49
22 47
7 45
8 47
19 46
11 46
6 5
7 25
8 9
3 14
13 3
22 42
24 0
15 42
2 14
1 50
10 23
12 28
6 42
23 21
8 13
17 12
13 27
21 21
7 42
2 43
11 16
18 20
22 24
12 2
1 10
17 25
9 21
21 7
17 28
22 5
12 3
16 3
16 51
2 50
15 49
24 45
9 49
1 45
3 51
17 53
4 46

