317
6 4
14 20
23 30
1 21
15 30
7 49
11 52
5 44
12 47
9 49
13 51
10 49
16 11
13 17
12 11
23 7
5 18
3 30
8 8
17 30
11 1
1 52
21 11
22 21
12 30
7 19
13 16
17 18
11 12
1 28
6 30
2 31
23 23
18 2
21 28
22 20
18 22
24 14
1 27
8 13
18 13
6 12
14 8
23 2
9 29
15 8
12 32
6 28
10 32
4 44
24 45
7 48
2 44
1 45
14 48
5 47
11 6
1 11
7 26
13 9
2 16
17 32
8 17
21 32
12 14
6 49
19 7
20 8
7 32
11 19
21 18
2 9
13 26
6 29
3 32
16 33
23 1
6 16
1 19
7 11
22 17
11 22
3 15
22 9
20 6
23 5
24 7
18 12
1 12
16 27
10 34
12 26
5 34
7 47
15 49
13 47
23 48
9 48
24 53
14 51
7 29
23 22
6 23
22 14
18 8
13 34
12 8
2 34
21 4
0 50
17 12
8 25
8 34
2 6
16 19
17 27
13 19
6 7
18 34
20 35
1 14
12 21
23 12
11 0
7 15
14 3
13 8
0 0
11 24
14 26
12 23
24 21
10 22
4 15
1 36
9 17
23 36
7 46
5 46
6 47
14 45
13 45
16 45
15 53
7 20
23 3
1 6
17 20
15 0
5 36
21 20
11 36
2 25
8 45
3 1
22 25
21 36
23 20
12 22
11 11
6 26
16 29
7 36
17 37
13 10
8 11
1 22
22 19
2 10
6 6
21 8
23 26
6 2
24 25
21 13
3 28
15 16
10 25
6 38
9 1
12 38
2 46
23 44
11 46
1 46
5 48
24 46
16 49
13 1
17 22
7 21
22 29
20 15
15 38
8 7
2 38
12 6
18 49
14 21
9 25
11 38
2 19
3 7
13 4
16 22
8 20
18 38
22 39
17 0
21 21
7 16
6 0
1 18
7 3
6 24
24 2
7 27
9 0
20 23
20 29
10 6
5 14
13 40
11 10
23 40
15 47
7 51
12 53
1 50
4 51
6 45
16 48
3 22
23 4
6 13
8 23
13 24
15 40
22 15
0 40
7 8
21 49
11 13
17 24
22 40
1 9
12 1
23 28
21 17
11 15
3 40
7 41
17 4
2 28
13 27
18 27
6 15
3 9
23 19
17 5
3 12
24 22
2 22
8 0
2 27
12 13
6 42
1 17
13 42
15 46
11 49
9 53
16 53
4 47
5 51
10 51
2 3
7 1
6 5
16 1
13 28
17 42
8 12
22 42
12 3
3 46
1 0
21 5
11 42
18 28
13 12
21 14
8 9
1 7
16 42
17 43
6 25
22 18
2 0
7 18
3 14
1 16
9 4
6 19
23 21
15 11
12 7
6 21
22 45
20 46
0 53
21 50
17 47
18 53
3 50
8 49
19 45

