317
11 8
18 26
12 30
22 8
0 30
5 53
16 44
15 45
14 47
19 46
6 49
10 52
1 12
11 16
12 12
13 25
15 10
7 30
17 29
2 30
6 19
22 53
21 15
23 10
23 30
22 2
16 22
1 26
12 4
6 3
17 30
7 31
21 12
2 16
11 18
13 24
2 3
5 12
8 3
7 26
0 6
11 29
22 24
20 12
12 7
6 10
0 32
5 3
15 32
13 52
19 48
11 49
22 50
18 44
14 53
10 47
16 17
11 13
12 19
13 12
17 27
23 32
21 27
2 32
1 25
7 51
8 13
5 17
18 32
7 6
6 23
3 28
17 24
21 19
13 32
22 33
2 20
3 0
11 10
18 7
8 7
20 8
20 22
13 29
4 14
13 0
21 4
13 28
2 11
4 29
15 34
0 1
13 34
22 46
11 53
5 47
6 44
10 51
12 46
1 53
6 7
2 13
1 27
16 1
12 22
23 34
20 17
17 34
11 17
3 47
8 19
7 18
3 34
18 21
8 10
6 22
11 19
2 5
7 34
21 35
17 15
12 28
23 0
13 9
1 8
6 6
9 6
13 16
5 19
8 1
0 23
11 5
0 13
6 28
10 36
2 0
12 36
5 49
14 44
1 50
19 50
15 51
22 44
4 44
13 15
22 20
11 1
12 29
0 28
17 36
23 4
7 36
16 15
21 47
2 19
3 22
23 36
22 28
7 0
2 9
8 8
12 11
1 36
16 37
3 19
3 20
13 21
21 21
11 24
13 17
19 7
24 3
23 22
4 28
2 18
21 3
5 0
10 29
0 38
16 16
18 38
2 49
6 51
11 46
22 45
15 47
14 50
13 46
18 29
6 27
1 20
3 2
7 24
13 38
17 13
22 38
2 10
12 52
16 23
21 2
7 38
16 5
13 19
23 26
12 3
1 16
21 38
2 39
22 26
18 4
6 11
8 2
17 16
8 5
19 5
8 14
9 28
20 18
13 18
9 9
0 17
14 16
18 40
16 12
5 40
15 44
11 44
2 45
22 51
4 51
10 53
1 49
6 8
2 1
18 10
1 4
7 22
22 40
17 10
11 40
21 0
24 52
16 24
3 5
1 40
6 20
11 15
13 4
16 6
18 17
7 40
20 41
3 4
8 28
17 7
2 25
23 1
21 28
18 14
20 15
1 29
22 22
18 24
11 28
18 20
0 18
11 42
2 15
13 42
4 45
22 48
10 48
1 44
6 46
19 47
5 50
1 13
12 2
22 14
8 26
13 8
23 42
21 23
15 42
7 20
2 53
3 1
9 17
22 42
8 18
2 4
16 9
18 19
12 16
1 42
6 43
23 12
17 3
11 27
21 9
13 14
8 9
5 10
16 18
12 24
20 27
22 12
18 25
21 50
9 51
20 47
8 44
23 50
3 48
7 53
17 53
24 51

