1 6361 176.297000 19192 1422 744 426 12000 3000 1600
2 8531 182.890000 27861 1544 808 409 17000 6000 2100
3 6030 176.485000 18996 1370 997 429 10000 4500 1700
4 12077 181.546000 20726 1292 1114 420 13000 3000 1900
5 11232 180.453000 19421 1444 740 437 10000 5500 1300
6 15822 171.469000 25502 1357 831 414 14000 7000 1900
7 3234 157.391000 16398 1476 872 450 6000 5000 2600
8 10450 159.828000 21701 1584 644 473 10000 7000 2000
9 3022 158.015000 20850 1398 1205 447 13000 3000 1800
10 3937 153.110000 19457 1380 1070 407 11000 4000 1600
