317
2 2
24 18
18 30
1 25
7 30
6 47
16 47
0 50
17 51
9 53
10 44
15 49
6 28
18 24
17 25
2 3
7 23
12 30
5 25
21 30
16 7
1 50
14 9
3 2
6 30
1 27
8 10
23 5
7 26
17 29
2 30
11 31
3 19
21 4
18 29
16 26
23 21
18 3
16 1
7 9
17 18
13 12
0 29
21 9
24 23
6 9
8 32
7 10
18 32
0 48
16 46
11 51
1 46
23 52
17 45
10 53
8 9
1 22
23 25
16 2
17 14
12 32
22 19
2 32
11 6
21 49
7 27
5 16
21 32
23 15
11 26
1 17
3 6
17 2
7 32
12 33
16 28
17 22
8 29
21 12
2 22
23 14
13 27
4 29
2 20
14 25
17 1
14 18
23 17
18 9
8 34
17 12
15 34
24 51
1 53
7 53
11 45
10 47
2 48
0 51
23 2
11 23
1 4
2 24
7 21
12 34
19 6
20 34
16 22
3 53
6 22
17 20
1 34
23 20
16 5
17 28
6 20
2 5
3 34
12 35
22 6
7 17
12 14
8 5
18 27
2 26
2 0
8 16
5 0
23 26
4 23
13 23
10 7
1 6
15 36
11 5
8 36
17 53
7 51
2 46
0 47
23 53
6 45
24 45
16 6
6 6
2 25
17 13
7 6
18 36
11 13
21 36
1 20
3 44
13 1
12 13
13 36
11 19
1 14
21 22
7 24
22 28
6 36
17 37
23 23
8 4
3 12
12 28
16 15
10 0
7 15
7 0
6 26
18 12
5 15
9 19
24 6
15 3
18 38
23 3
7 38
16 45
11 44
10 52
0 53
9 47
17 50
6 46
18 19
6 25
17 4
1 9
7 28
2 38
22 4
12 38
16 10
4 49
21 19
23 12
22 38
16 13
17 7
12 3
23 9
7 4
11 38
1 39
13 18
21 29
6 5
6 18
18 0
13 14
24 20
0 3
7 14
24 4
11 3
17 5
19 14
2 7
16 40
7 12
0 40
15 53
11 46
18 49
9 50
8 52
23 44
6 49
8 3
18 7
16 14
17 0
0 21
5 40
21 27
22 40
12 11
7 46
3 23
13 13
7 40
22 14
1 13
3 4
8 14
17 16
21 40
10 41
18 1
23 7
6 15
13 15
16 19
20 24
11 11
9 8
9 27
19 11
2 15
14 28
16 17
0 0
18 42
6 11
10 42
24 47
1 51
17 48
23 48
8 49
7 48
9 49
11 0
8 19
7 25
12 1
18 20
23 42
15 19
1 42
13 9
22 46
6 24
21 16
7 42
11 10
3 27
22 16
17 15
21 18
8 42
12 43
16 9
23 22
6 19
18 10
2 29
22 0
17 3
6 7
16 16
22 25
1 7
18 22
12 52
4 48
14 47
13 47
5 48
22 50
21 46
3 48
20 53

