317
17 4
4 8
10 30
21 1
12 30
5 47
20 45
18 53
19 53
3 45
1 51
2 49
11 2
18 0
17 1
1 10
13 3
7 30
16 12
22 30
2 18
6 53
0 13
21 7
17 30
18 15
1 17
21 0
6 17
13 20
3 30
7 31
16 5
23 6
12 6
11 0
22 7
12 15
10 17
9 17
10 27
8 4
3 25
2 22
4 10
20 4
18 32
17 16
11 32
1 44
13 53
2 47
21 48
3 47
10 46
5 53
11 16
1 9
12 12
13 9
2 24
22 32
6 6
7 32
21 19
16 50
17 28
15 7
16 32
17 11
21 12
7 6
8 18
3 23
13 32
22 33
2 17
1 28
11 28
16 16
6 24
2 4
17 20
15 20
5 9
18 24
8 29
3 27
22 29
11 14
1 34
10 15
3 34
19 47
21 51
12 47
18 50
9 50
13 46
5 50
2 16
13 4
12 16
16 14
3 6
17 34
6 23
20 34
11 8
23 45
8 24
7 26
7 34
23 11
12 28
13 10
1 1
6 21
8 34
15 35
21 4
3 15
18 22
2 26
11 1
8 27
3 18
4 9
3 4
23 23
10 4
5 20
19 26
22 18
2 36
13 19
10 36
21 44
20 49
5 49
12 45
1 45
18 49
9 44
18 8
12 22
1 29
6 13
2 20
8 36
14 15
15 36
22 8
13 47
23 9
24 25
23 36
17 2
12 7
11 24
21 26
2 13
18 36
6 37
16 27
18 20
1 15
13 28
22 16
8 5
8 0
5 29
3 12
9 27
3 14
18 6
4 22
20 7
10 38
21 6
17 38
5 45
2 51
9 51
22 49
19 51
13 52
3 51
7 3
22 26
16 2
17 17
18 11
12 38
6 16
0 38
11 12
21 47
8 10
23 2
7 38
23 5
17 0
2 28
18 13
11 27
3 38
12 39
1 3
22 25
8 25
6 10
21 16
8 3
10 24
18 21
0 26
11 4
16 28
4 14
10 8
21 14
12 40
11 25
17 40
20 50
22 52
3 46
4 51
19 45
9 47
1 52
18 1
22 5
17 19
6 22
12 23
23 40
14 20
0 40
7 7
11 44
16 10
8 22
16 40
12 20
21 11
17 9
18 12
1 22
22 40
5 41
2 5
11 18
13 12
8 23
3 11
9 2
17 29
6 28
1 20
13 15
5 28
11 5
12 19
4 7
1 42
11 11
20 42
19 49
18 45
10 49
5 46
9 53
3 49
13 49
18 27
12 10
13 17
16 6
2 0
5 42
8 17
22 42
17 10
7 53
11 9
0 5
7 42
7 2
2 19
23 7
11 10
22 6
18 42
15 43
13 24
21 10
6 2
12 2
3 10
17 26
11 15
19 9
8 6
20 29
4 16
9 0
6 46
14 47
8 52
7 47
15 51
16 44
0 52
23 44
24 45

