317
8 29
14 12
23 30
1 12
15 30
0 53
21 47
9 50
11 44
10 47
13 51
20 48
11 10
23 18
21 9
13 14
0 16
18 30
3 25
5 30
17 18
22 50
12 21
2 21
3 30
2 28
13 25
6 2
22 10
16 25
11 30
17 31
1 25
7 24
23 21
21 14
6 18
3 21
16 5
8 9
3 10
1 19
10 21
20 11
7 20
6 3
15 32
23 23
20 32
8 50
9 47
1 49
11 45
10 44
24 51
0 44
21 29
16 0
1 4
11 12
7 21
12 32
22 11
17 32
6 12
3 48
2 16
23 25
2 32
8 23
16 3
21 1
3 9
11 9
7 32
12 33
17 10
22 2
23 11
2 9
18 11
21 8
2 18
16 21
23 8
24 22
6 11
2 5
1 14
11 3
8 34
10 5
15 34
24 45
13 48
6 44
23 50
0 49
7 51
14 51
1 20
23 3
13 16
16 8
7 5
20 34
3 18
17 34
11 2
12 53
5 9
2 14
3 34
16 23
11 19
13 19
6 28
2 11
12 34
20 35
17 13
8 20
21 11
7 15
1 18
4 22
22 19
3 5
8 19
1 27
1 9
22 0
6 5
20 15
0 36
16 13
10 36
23 52
8 53
21 48
15 49
13 52
7 48
9 44
21 15
18 18
11 17
12 5
7 22
5 36
17 9
22 36
1 21
16 46
2 19
3 22
17 36
16 17
3 7
2 3
23 0
11 8
21 36
12 37
1 29
21 6
8 25
18 13
7 28
3 17
0 2
1 26
16 12
18 26
2 4
0 23
0 12
10 9
7 38
6 22
13 38
16 49
1 44
20 50
21 46
9 49
15 53
11 52
8 7
11 22
1 15
13 18
20 23
23 38
3 12
16 38
7 13
12 44
6 24
2 22
11 38
8 27
17 28
18 27
7 18
21 5
12 38
22 39
3 13
13 3
1 23
2 12
6 27
1 11
1 22
19 4
3 20
6 20
15 15
17 14
10 27
14 19
23 40
8 13
0 40
9 45
6 49
13 49
15 46
11 53
16 50
7 47
7 29
13 22
1 28
11 21
5 23
18 40
2 17
20 40
17 2
8 51
3 26
12 14
7 40
22 7
12 29
6 29
23 1
11 26
8 40
17 41
2 2
21 24
13 17
1 17
16 4
5 27
19 19
15 22
1 3
18 14
2 24
15 28
8 11
0 21
13 42
16 28
6 42
20 53
1 50
9 52
21 45
11 48
24 53
15 44
1 10
16 1
18 15
21 28
7 4
22 42
17 0
10 42
6 8
2 48
3 6
5 12
3 42
22 4
2 10
6 13
12 23
16 29
1 42
21 43
7 26
8 24
18 24
17 3
11 20
24 16
17 21
18 12
15 8
8 17
0 6
0 8
2 49
18 48
4 47
3 44
5 46
12 52
17 51
22 52
19 49

