317
11 15
19 24
6 30
5 25
23 30
2 52
3 44
1 45
12 44
4 45
18 49
9 47
13 18
7 29
6 6
18 2
22 10
2 30
21 2
10 30
1 4
8 52
16 27
17 17
13 30
12 10
16 10
22 21
3 11
7 11
17 30
0 31
11 21
21 9
23 4
8 8
22 4
3 26
4 26
4 4
21 28
21 21
17 9
18 14
24 6
0 5
2 32
1 15
5 32
7 46
9 45
18 44
23 50
11 53
4 51
19 53
22 28
6 20
23 15
7 21
2 18
10 32
13 8
15 32
18 11
8 44
21 3
1 24
23 32
2 26
3 17
16 8
22 8
13 28
8 32
10 33
17 15
18 25
7 18
21 13
1 21
24 28
5 9
5 0
23 5
15 17
11 22
3 1
6 9
11 17
3 34
10 19
0 34
7 49
2 44
12 51
18 53
5 51
24 51
19 51
18 13
3 27
1 25
16 12
12 13
7 34
20 10
21 34
2 0
14 47
10 15
9 4
12 34
22 26
8 13
7 9
3 9
13 2
6 34
15 35
21 22
2 13
17 22
1 26
11 20
20 1
3 3
8 2
21 8
18 22
9 27
3 24
4 2
3 23
23 36
2 15
6 36
1 49
5 50
12 48
9 53
18 46
11 46
0 52
16 29
7 15
6 28
1 19
22 23
10 36
8 28
17 36
3 16
13 49
2 9
21 0
1 36
6 18
18 10
16 21
23 1
13 27
21 36
10 37
17 10
22 14
7 24
8 25
2 25
14 14
5 22
11 25
8 26
23 3
21 16
5 27
10 21
19 9
3 38
0 2
5 38
23 44
18 51
24 48
11 50
1 53
2 45
12 52
2 1
13 4
3 21
22 18
5 29
10 38
0 14
7 38
23 24
17 52
15 28
16 24
13 38
18 26
7 12
6 23
3 12
11 1
1 38
21 39
2 28
17 12
12 15
12 5
16 4
0 6
20 20
6 4
13 9
14 28
12 22
8 9
0 1
5 18
18 40
10 25
11 40
9 50
7 53
1 51
4 47
6 47
23 47
2 50
7 17
11 23
6 26
12 24
15 26
0 40
17 1
22 40
2 5
21 44
8 23
13 29
7 40
12 29
22 9
21 14
23 19
6 14
16 40
1 41
17 23
11 14
13 24
18 1
8 3
21 10
1 29
10 28
22 19
15 15
7 20
19 12
18 29
24 9
0 42
19 18
3 42
6 45
12 47
9 51
23 51
11 48
5 49
10 47
23 22
17 6
18 18
7 4
0 11
5 42
16 22
11 42
3 19
21 45
22 0
2 27
22 42
6 25
21 18
2 17
13 21
16 28
23 42
6 43
1 2
3 20
18 19
17 11
11 18
8 14
17 13
13 10
17 21
15 6
11 29
7 7
16 53
22 47
15 53
17 50
14 45
13 51
21 52
8 46
20 48

