317
7 27
24 5
20 30
18 14
3 30
11 44
16 50
17 47
8 53
14 48
13 53
10 53
6 16
17 3
16 2
21 15
3 15
12 30
2 2
7 30
11 9
18 45
23 5
22 12
17 30
16 23
21 10
8 17
7 26
1 24
22 30
11 31
18 22
6 8
2 28
3 3
8 2
1 7
14 8
1 25
6 1
9 16
24 3
1 27
9 14
20 5
13 32
7 18
17 32
16 44
21 52
12 53
3 44
8 50
11 45
10 44
16 5
21 9
18 8
23 10
12 15
7 32
1 1
2 32
22 18
6 47
19 15
0 9
6 32
3 8
2 1
13 17
8 14
21 27
16 32
22 33
12 17
13 23
18 26
7 25
1 6
0 4
15 17
3 12
18 6
18 28
7 23
19 20
16 6
4 3
7 34
17 9
12 34
11 51
24 50
18 44
3 45
14 49
10 47
9 46
18 3
16 27
8 23
7 6
12 6
20 34
23 1
1 34
11 21
0 51
17 21
6 21
11 34
2 4
1 23
3 13
16 14
12 11
6 34
20 35
7 22
17 1
21 4
18 16
13 16
6 20
13 13
17 4
10 26
8 18
3 25
11 29
11 2
17 13
3 36
24 15
20 36
18 51
14 51
12 48
9 52
8 49
16 52
13 44
13 18
3 20
16 9
6 15
22 15
7 36
1 8
10 36
18 18
15 50
2 26
24 22
2 36
1 11
13 27
11 17
16 28
8 24
18 36
5 37
12 9
18 21
23 28
3 6
22 3
22 5
7 24
5 18
22 11
12 22
24 9
13 10
9 21
10 22
20 38
7 12
13 38
4 50
3 49
11 53
18 52
24 49
8 44
12 49
13 24
21 8
12 2
18 24
7 9
15 38
23 20
0 38
11 23
19 52
6 13
22 7
7 38
22 20
13 2
11 20
1 28
18 10
3 38
15 39
2 29
21 6
6 12
8 26
23 17
3 9
6 4
4 29
3 0
19 3
1 18
0 16
16 4
20 16
13 40
9 5
10 40
17 49
21 50
12 46
4 49
8 51
7 51
18 53
7 14
11 12
18 29
16 12
12 5
23 40
9 28
1 40
21 13
0 46
19 8
6 18
8 40
18 15
3 17
1 12
2 14
6 0
17 40
22 41
11 1
16 22
7 13
12 10
21 29
17 26
11 18
15 26
18 27
17 6
21 25
10 17
3 29
13 0
8 42
24 2
20 42
12 52
16 48
14 52
7 44
4 51
11 46
10 45
21 20
8 10
7 10
16 0
10 4
17 42
23 4
0 42
12 23
22 53
24 7
6 17
22 42
21 23
11 25
8 6
2 9
6 7
16 42
17 43
1 0
7 5
23 25
3 24
13 19
7 7
18 0
3 26
21 26
17 0
11 22
21 17
23 46
2 44
0 45
5 51
19 44
6 48
1 53
22 52
15 47

