1 1791 88.390000 22137 1367 1102 468 12000 5000 2200
2 8677 90.704000 18770 1478 1358 434 11000 3000 1500
3 92939 92.015000 19204 1434 846 424 9000 5500 2000
4 93271 91.454000 19928 1385 1228 415 12000 3500 1400
5 45594 94.328000 18612 1509 1067 436 11000 3500 1100
6 45505 93.750000 24994 1539 1122 433 17000 3000 1900
7 3684 85.765000 20486 1407 757 422 8000 8000 1900
8 96106 79.796000 19077 1288 1060 429 10000 4000 2300
9 50013 80.392000 17755 1331 777 447 7000 6500 1700
10 85349 78.499000 20807 1316 976 415 12000 4500 1600
