317
22 27
14 3
5 30
16 29
7 30
3 49
11 50
4 51
10 49
15 49
17 53
18 53
6 2
17 24
18 14
3 18
7 1
12 30
21 5
22 30
11 21
16 50
1 4
2 5
18 30
22 20
16 15
2 24
17 20
7 12
21 30
11 31
23 16
1 11
3 22
6 24
1 23
23 13
4 29
6 1
3 17
8 29
10 17
17 11
16 18
15 9
5 32
11 8
7 32
18 46
4 46
12 50
3 44
17 51
14 44
10 48
6 8
12 22
7 22
1 8
17 2
2 32
13 22
22 32
21 1
11 47
9 25
19 3
13 32
11 24
3 29
16 2
17 15
6 23
21 32
0 33
23 27
8 14
7 20
13 24
18 16
12 24
10 27
13 26
21 18
4 19
18 20
23 19
7 0
4 5
10 34
5 23
16 34
22 53
18 44
8 48
23 51
15 47
3 53
6 49
3 5
6 27
7 27
11 9
17 22
13 34
24 13
21 34
8 7
20 51
2 19
1 5
18 34
23 21
22 13
21 3
7 23
17 16
2 34
12 35
1 20
6 29
12 4
8 8
16 28
21 16
14 27
7 10
6 5
21 26
16 24
10 11
5 27
17 8
3 36
16 16
11 36
6 50
10 47
18 49
15 52
22 48
7 45
14 45
21 12
12 1
11 3
6 21
2 3
7 36
1 28
22 36
18 8
13 50
16 19
19 7
18 36
3 23
22 22
23 24
16 27
6 28
13 36
7 37
12 11
12 27
2 17
1 0
17 7
7 5
9 21
1 10
3 25
9 7
12 0
18 15
5 14
10 5
11 38
6 3
3 38
23 53
16 47
22 52
7 50
14 47
8 46
15 50
16 25
3 21
6 18
11 10
7 6
17 38
2 0
22 38
12 14
1 45
13 18
21 15
2 38
21 20
22 8
8 27
11 11
16 26
7 38
17 39
6 11
3 28
1 1
1 15
12 3
8 18
5 12
21 17
22 3
9 1
18 26
0 15
4 3
14 14
5 40
10 14
11 40
7 52
17 44
3 45
22 49
15 46
8 49
23 46
6 17
23 12
11 18
22 5
3 20
7 40
2 7
16 40
12 5
24 48
1 24
13 0
3 40
17 9
7 13
1 9
16 14
8 13
2 40
20 41
11 22
18 1
6 12
12 16
23 23
3 26
22 6
3 15
3 10
17 25
23 28
22 14
3 8
7 17
10 42
8 24
22 42
18 48
17 47
14 46
16 53
6 53
12 53
5 47
18 19
12 6
11 7
13 6
22 17
5 42
21 14
2 42
16 23
8 45
19 21
1 17
21 42
16 5
7 21
12 28
1 18
13 5
8 42
15 43
22 23
11 2
18 18
23 0
2 6
11 29
13 4
18 17
11 14
1 21
13 17
6 22
1 49
2 49
0 50
9 52
13 52
21 51
24 47
19 49
20 52

