317
1 24
24 27
13 30
11 6
8 30
7 45
10 44
0 49
23 50
5 50
17 44
12 50
1 20
7 9
8 20
23 2
12 12
17 30
11 22
2 30
16 24
6 48
22 4
21 20
21 30
2 22
23 9
6 6
22 23
12 17
1 30
16 31
3 17
7 11
8 12
13 24
7 19
3 23
18 4
18 3
6 8
6 20
16 17
0 3
17 14
13 15
10 32
12 2
7 32
18 53
5 51
4 51
23 46
0 46
14 45
9 48
17 12
11 1
18 14
1 4
8 4
3 32
16 23
22 32
13 9
12 52
6 21
21 14
16 32
11 27
13 26
7 1
17 5
22 22
6 32
1 33
23 28
22 28
8 18
18 0
12 23
2 24
8 7
18 22
18 2
6 19
17 10
0 22
8 25
4 26
17 34
10 6
0 34
5 44
13 49
12 49
7 47
11 53
23 44
14 47
12 24
13 20
1 29
3 13
17 26
22 34
6 22
7 34
11 29
21 52
16 4
2 9
2 34
6 25
13 29
11 11
17 6
3 2
12 34
22 35
8 5
16 7
22 2
18 11
1 5
5 7
19 11
23 24
11 19
16 6
12 21
15 0
24 7
7 22
0 36
23 3
8 36
12 44
10 48
11 44
5 49
17 45
18 47
14 52
17 21
21 19
8 17
1 12
18 9
2 36
22 8
11 36
7 23
23 47
6 1
16 12
18 36
16 2
11 18
12 8
21 11
1 6
22 36
2 37
13 10
23 13
8 27
17 18
7 29
11 3
19 1
18 8
21 9
16 0
7 25
19 22
5 20
18 13
7 38
17 20
13 38
12 53
1 51
11 50
23 48
9 45
24 52
0 47
7 2
23 26
8 8
16 10
13 11
10 38
6 23
2 38
18 18
22 47
17 27
21 12
23 38
17 11
2 20
1 3
16 13
21 15
22 38
10 39
7 7
13 23
6 10
8 21
18 28
7 20
24 0
23 20
9 13
22 5
20 9
23 4
10 26
14 7
8 40
17 24
0 40
5 52
23 52
7 46
11 47
13 50
12 48
18 48
18 23
11 5
12 15
13 22
7 24
2 40
6 14
22 40
1 10
21 51
16 27
17 19
16 40
7 17
12 27
17 2
23 21
11 14
6 40
2 41
21 4
22 16
8 3
1 14
13 7
4 23
17 7
16 25
7 18
2 16
18 16
19 8
18 29
12 7
8 42
11 24
23 42
13 53
7 52
14 46
1 47
0 51
5 45
10 46
23 17
8 26
7 14
1 19
13 4
2 42
11 9
17 42
22 12
21 47
6 13
16 18
22 42
23 15
11 28
17 28
8 19
16 15
1 42
2 43
7 27
18 27
21 5
6 9
12 9
3 10
8 22
21 28
5 21
6 4
12 19
18 25
21 46
22 49
20 50
3 44
19 46
16 50
2 53
6 44
15 53

