r\t   0   1   2   3   4   5   6   7   8   9  10  11  12  13  14  15  16  17  18  19  20  21  22  23  24 
  0 198  -1  -1  -1  -1  -1  62  -1  -1  -1  -1  -1  -1  -1  -1  -1  -1  -1 117  -1 106  -1  56  -1  -1 
  1  -1 256  -1  -1  -1  -1  -1  -1  -1  -1  -1 249  -1  -1   1  -1 161  -1   3 110  -1  -1  -1 158 174 
  2  -1 114  14  -1  -1  -1 264  -1  -1  -1  -1  -1  -1  -1  -1  -1  -1  -1  41  -1  -1  -1  -1 216  -1 
  3  -1  13  -1  -1  -1  -1  -1  72  -1  -1  -1  -1  -1  -1  -1  -1 212 257 252  -1 305  78   0  -1  -1 
  4  -1  -1  -1  -1  -1  -1  79  -1 253  -1  -1  -1  -1  70  -1  -1  -1  -1 300  -1  -1  -1  -1 209  -1 
  5 301  -1  -1  -1  -1  -1  -1  -1  -1  -1  -1 223 202  -1  -1  -1  -1 255 201  -1  -1  -1  84  27  -1 
  6  -1  -1  -1  -1 175  -1 279 248  -1  -1  -1  -1 190  -1  -1  -1  89  -1 217  -1  -1 284  86  -1  -1 
  7  -1  -1  -1  -1  -1  -1 152  -1  91  -1  -1 304  -1 102  -1  -1  -1  -1  32  -1  -1  -1 159  -1  -1 
  8  -1  -1 148 148  -1  -1  -1  -1  -1  -1  -1 116 132 135 172  -1 124  -1  -1  -1  -1  -1  -1  -1  -1 
  9  -1 298  -1  -1  42  -1 179  -1  -1  -1  -1  -1 307  -1  -1 150  73  -1 103  -1  -1  58  -1  -1  -1 
 10  -1  -1  -1  -1  -1  -1  -1  -1  -1 302  -1 203  -1  -1  -1  -1 144  -1  -1  -1  -1  -1  83 263 303 
 11  -1 171  -1  -1  -1  -1  -1  -1  -1  -1 220  -1  -1  -1 221  -1  -1  -1  -1  -1  -1  36  -1 194  -1 
 12  -1  -1  -1  -1 127  -1  -1  -1  -1  -1  -1  -1  80  -1  -1  -1  -1  -1  -1  -1 262  -1 254  66  -1 
 13  -1 191  -1 192 192  -1  -1  -1  -1  -1  -1  69 282  -1  -1  -1  -1  -1  -1  -1 125  -1  -1 218  -1 
 14  -1  -1 115  -1  -1  -1  15 154  -1 128  -1  -1  -1 278  -1  85  25  -1 265  -1 236 236 290  -1 126 
 15  -1  -1 169  34  -1  -1  -1  -1 147  -1  -1 242  -1  26 170  -1  -1  76  -1  -1  -1  -1  -1  -1  -1 
 16 155  -1 104 104  -1  -1 199  -1  -1  -1  -1  -1 267  -1  -1  -1  -1  -1  -1  -1  -1  -1  28  -1  -1 
 17  40  -1 160 131  -1  -1  47  -1  -1  -1  -1 291 235  -1  -1  -1  -1 111  -1  -1  -1 164  -1  -1  37 
 18  -1 240  -1 210  -1  -1  -1 166  43  -1  -1  20  -1  -1  -1  -1  44 204  77  -1  -1  -1  -1 232  -1 
 19  -1  29  -1  -1  -1  -1  -1  -1  -1  -1  -1 157  -1  -1  -1  -1 219  -1  -1  -1  -1  33 129  23  -1 
 20  -1  -1  -1  -1 259  -1 133  -1  -1  -1  -1  -1  16  16  -1  -1  -1  -1  -1  -1  -1  -1  -1  -1  -1 
 21 287 211  -1  -1  -1  -1 205  -1  -1  -1  -1  -1  -1  -1  -1  -1  -1  -1  -1  -1  -1  -1 260  -1 286 
 22  -1  -1  -1  -1  -1  38  82  -1 120  -1  -1  -1  60  60  -1  -1  -1  -1  -1  -1  -1  -1  -1  -1  39 
 23  22  -1  -1  -1  -1  -1  -1  -1 296  -1  -1  -1 101 246  87  81  -1 243 233  -1  -1 189  -1 214  -1 
 24  -1 100  64  -1 215  -1 168 113  -1  -1  -1  67 297 130 176 306  -1 293  -1  -1  -1  -1  71  -1  -1 
 25  -1  -1  -1  -1  -1  -1 247  -1  57  -1  -1 108 145 188  -1  -1  12  18  -1  -1  -1  -1  -1  -1  -1 
 26  -1 258 208 289  -1  -1  -1 299  -1  -1  -1  -1  -1 123  -1  -1  -1  -1  -1  -1  -1  -1  -1  -1  -1 
 27  -1 173  -1 165  -1  -1  -1  -1  -1  88 177 146  -1 292  -1  -1  -1 213  -1  -1  -1 122 276  -1  -1 
 28  -1  -1  35 261  -1  -1  -1  -1  -1  -1  -1 196  -1 167  -1  -1  -1  -1  -1  -1  -1 245  -1  -1  -1 
 29  -1  59  -1  -1  -1  -1  -1 280 280  -1  -1 277 121 234  45  -1  -1  -1  -1 238  -1  -1  -1  -1  -1 
 30  -1   4   4  -1  -1  -1  -1  17  17  -1   2   2  30  -1  -1  -1  -1  24  -1  -1  19  19  19  -1  -1 
 31  -1  -1  -1  -1  -1  -1  31  31  31  -1  -1  -1  -1  -1  -1  -1  -1  -1  -1  -1  -1  -1  -1  -1  -1 
 32  -1  -1  -1  61  61  -1  68  -1  48  48  -1  -1  46  46  -1  -1  63  63  63  -1  -1  -1  -1  74  -1 
 33  -1  75  75  75  -1  -1  -1  -1  -1  -1  -1  -1  -1  -1  -1  -1  -1  -1  -1  -1  -1  -1  -1  -1  -1 
 34  -1  90  90 118  -1 107 107 107  -1  -1  -1  92  92  -1  -1  -1  -1 112  -1  -1  -1  -1 105 105  -1 
 35  -1  -1  -1  -1  -1  -1  -1  -1  -1  -1  -1  -1  -1  -1  -1  -1  -1  -1  -1  -1  -1  -1 119 119 119 
 36  -1 136 136 162  -1  -1  -1  -1  -1  -1 134 134 156  -1  -1  -1  -1 149 149  -1  -1 151 151 151  -1 
 37  -1  -1  -1  -1  -1  -1  -1  -1  -1  -1  -1  -1  -1  -1  -1  -1  -1 163 163 163  -1  -1  -1  -1  -1 
 38  -1  -1 180 180  -1  -1  -1  -1 193 193  -1 178 178  -1  -1 195 195 195  -1  -1  -1 206 200  -1  -1 
 39  -1  -1  -1  -1  -1  -1  -1 207 207 207  -1  -1  -1  -1  -1  -1  -1  -1  -1  -1  -1  -1  -1  -1  -1 
 40  -1  -1 237 237  -1  -1 239 239 239  -1  -1  -1 222 222  -1  -1 244  -1  -1  -1  -1 224 224 250  -1 
 41  -1  -1 251 251 251  -1  -1  -1  -1  -1  -1  -1  -1  -1  -1  -1  -1  -1  -1  -1  -1  -1  -1  -1  -1 
 42  -1  -1 281 281  -1  -1 288  -1  -1  -1 268 268  -1 266 266 283 283 283  -1  -1  -1  -1  -1 294  -1 
 43  -1  -1 295 295 295  -1  -1  -1  -1  -1  -1  -1  -1  -1  -1  -1  -1  -1  -1  -1  -1  -1  -1  -1  -1 
 44  -1  -1  -1 272  99  -1  -1  -1  -1  -1  -1  -1  -1 153  -1  -1 228  -1 184  -1  -1  -1 274  -1  -1 
 45  -1 187  -1  52  -1  -1  -1  -1  -1 271  -1  -1  -1  -1  -1 314  -1 313  -1  -1  -1  96  -1  -1  -1 
 46  -1  -1 229 139  -1  -1  -1  -1  -1  -1  -1  -1  -1  94  97  -1 141  -1  -1  -1 197 273 182  -1  -1 
 47  -1  -1  -1 226  49 311  -1  65  -1  -1  -1  -1  -1  -1  -1  -1  10  -1  -1  -1  -1 183 142  -1 310 
 48 312 227  -1  -1  -1  -1  -1  -1 269  -1  -1  -1  -1  -1  -1  -1  -1  -1  21  -1 309  55  -1  -1  -1 
 49  -1 270  -1  -1  -1  -1  -1  -1 230 225  98  -1  -1  -1  -1  -1  -1  -1  93 316  -1  -1  -1 308  -1 
 50  -1  -1  51  -1   9  -1  -1  -1  -1   7  -1  -1  -1  -1 143  -1 275  -1  -1  -1  -1  -1  -1  -1  -1 
 51  -1  -1  -1   5 138 241  -1  -1 109 140  -1  -1  -1 186  -1  -1  -1  -1 231  -1  -1  -1  -1 285  -1 
 52  -1  -1  -1  95 185  -1  -1  -1 137  -1  -1  -1   8  -1  -1  -1  -1  -1  53  -1  -1  -1  -1  -1  -1 
 53  -1  -1  -1  -1  -1  -1  -1 315   6  -1  54  -1  -1  11  -1  -1 181  -1  -1  -1  -1  -1  50  -1  -1 

r\t   0   1   2   3   4   5   6   7   8   9  10  11  12  13  14  15  16  17  18  19  20  21  22  23  24 
  0  -1  58 194  -1  -1  -1  -1  59  -1  -1  -1  -1  -1 170 131  -1 190  -1 267  -1  -1 297  -1  -1  -1 
  1  -1  -1  -1  -1  -1  -1 262 203  25 286  -1 212  41  -1  -1  -1  -1  -1  -1  -1  -1 166  42  -1  -1 
  2  -1  -1  -1  -1  -1 176  -1  -1 223  -1  -1  -1 198  -1  -1  -1  -1  -1 210  -1  -1  79  -1  -1  -1 
  3  -1  -1  -1  29  -1  -1 249   0  -1  -1  -1  -1  28  -1  -1  -1  -1 192 192  -1  -1 111 236 236  91 
  4  -1  15  -1 298  87  -1  -1  -1 243  -1  -1  -1  -1  35  -1  -1 160  -1 145  -1  -1  -1  -1  -1  -1 
  5  -1  -1  70  -1  -1  -1 165  -1  45  -1  -1  -1  -1 290  -1 306  -1  -1  -1  -1  -1  -1  -1  -1  -1 
  6  -1 102  -1  56  -1 263  -1  32 144  -1  -1  -1 201 152  -1  -1  -1 123 129 125  -1 121 264 157  -1 
  7  -1 146 214  14  -1  -1  -1  -1 259  -1  -1  -1  -1  -1  -1  -1  -1  -1  -1  -1  -1 196  -1  -1  -1 
  8  -1  -1 216 279  -1  -1  -1 304 296  -1  -1 245  -1  -1  -1  -1  -1  -1  -1  -1  -1  -1 167  -1  -1 
  9  -1  -1  -1 215  -1  -1  -1  -1  -1  -1  -1  -1  -1  -1  -1  -1  -1  -1 116  -1  -1  -1  -1  88  -1 
 10  -1  -1  20 101  -1  -1 179 252  -1  -1  -1 265  -1 280 280  -1  -1  -1 303  -1  -1  -1  -1  -1  -1 
 11 218  -1 108  -1  -1  -1  57  -1  -1  -1  -1  34 248 202  -1  83  -1 205  -1  -1  -1  -1  -1  -1  -1 
 12  -1 278 234  80  -1  -1 120  -1  -1  -1  -1  -1  -1  23  -1  -1 110 104 104 302  -1  -1  -1  -1  -1 
 13  -1  -1 277 305  -1  -1  -1  -1  -1  -1  -1  -1 147  -1  -1  -1  -1  27  -1  -1  -1  -1 103  72  -1 
 14 220  -1  -1  -1  -1  -1  -1 117  -1  -1  -1  -1 287  -1  -1  -1  -1  -1 282  -1  -1  -1  -1 169   1 
 15  -1  -1  -1  -1  -1  -1  -1  -1 257  -1  -1  64  -1  -1  -1  -1  73  -1  -1  -1  -1 242  -1  13  -1 
 16  -1 132  -1  -1  -1  -1  -1  -1  -1  -1  -1  -1  -1  -1  -1  -1  -1  -1  -1  -1  -1  -1  -1 114  -1 
 17  -1  -1 289  -1  -1  -1 130  -1 284 106  -1 135  -1  -1  -1  -1  37  -1  -1 126  16  16  60  60  -1 
 18  -1  -1  -1 158  -1  -1  -1  -1  -1  -1  -1 161  -1 171  -1  -1  -1  -1  -1  -1  -1  -1  -1 301  -1 
 19  -1 217 254  -1  -1  -1   3  -1 113  -1  -1  -1  -1  -1  -1  -1  -1  40 255  -1  -1  43 115  -1  -1 
 20  -1 188  62 191  -1 261 219 235  -1  -1  -1 154  -1  -1  -1  -1  -1  -1  -1  -1  -1  85  -1  26  -1 
 21 133  -1  -1 122  -1  -1  -1 260  -1  -1 307  -1  -1  -1  -1  -1 240  -1  -1  -1  -1  -1  -1 292  -1 
 22  -1  82 159  -1 238  -1  -1  -1  -1  -1  -1  89  -1 253  -1  -1 150  -1  -1  -1  -1  -1  -1  -1 127 
 23  -1 232  -1  39  -1  -1 233  78  -1  -1 177 124 300  -1  -1  -1  -1  -1  12  -1  -1  -1 148 148  -1 
 24  -1  -1 213  -1  -1  -1 276  -1 256  -1  -1  -1  71 173  -1  -1  -1  -1  -1  -1  -1  -1  -1  -1  -1 
 25  -1 258  -1  -1  -1  -1  -1  -1  -1  -1  -1 189  -1  -1  -1  -1  -1  81  33  -1  -1  66  -1 100  -1 
 26  38  69  -1  -1  -1  -1  -1  44  -1  -1  -1  -1  -1  -1  -1  -1  -1  -1  -1  -1  -1 247  -1  -1 221 
 27  -1  -1 293 246  -1 172  -1  -1  -1  -1  -1 175  -1  -1  22  -1  67  -1 174  -1  -1  -1 291  -1  -1 
 28  -1  -1  -1 204  -1  -1 199  -1  -1  -1  -1  47  18  76  -1  -1  -1  -1 168  -1  -1 155  -1  -1  -1 
 29  -1 128 209  86  -1  -1 164 299 208  -1  -1  77  -1  -1  -1  -1 211  36  -1  -1  84  -1  -1  -1  -1 
 30  -1  -1  -1  -1  -1  -1  24  17  17  -1   4   4  -1  -1  -1  19  19  19  -1  -1  -1  30   2   2  -1 
 31  31  31  31  -1  -1  -1  -1  -1  -1  -1  -1  -1  -1  -1  -1  -1  -1  -1  -1  -1  -1  -1  -1  -1  -1 
 32  -1  -1  -1  46  46  -1  74  -1  -1  -1  -1  -1  63  63  63  -1  -1  -1  61  61  -1  68  48  48  -1 
 33  -1  -1  -1  -1  -1  -1  -1  -1  -1  -1  -1  -1  -1  -1  -1  -1  -1  75  75  75  -1  -1  -1  -1  -1 
 34  -1 112 118  92  92  -1 107 107 107  -1  -1  -1  -1 105 105  -1  -1  -1  90  90  -1  -1  -1  -1  -1 
 35  -1  -1  -1  -1  -1  -1  -1  -1  -1  -1  -1  -1 119 119 119  -1  -1  -1  -1  -1  -1  -1  -1  -1  -1 
 36  -1  -1 149 149  -1 151 151 151 162  -1  -1  -1  -1  -1  -1  -1  -1 156 136 136  -1  -1 134 134  -1 
 37  -1  -1  -1  -1  -1  -1  -1  -1  -1  -1  -1  -1 163 163 163  -1  -1  -1  -1  -1  -1  -1  -1  -1  -1 
 38  -1 200  -1 180 180  -1 206 195 195 195  -1  -1  -1  -1  -1  -1  -1  -1 178 178  -1  -1  -1 193 193 
 39  -1  -1  -1  -1  -1  -1  -1  -1  -1  -1  -1  -1  -1  -1  -1  -1  -1  -1  -1  -1 207 207 207  -1  -1 
 40  -1 250 222 222  -1  -1 224 224  -1  -1  -1 239 239 239  -1  -1  -1 237 237  -1  -1  -1 244  -1  -1 
 41  -1  -1  -1  -1  -1  -1  -1  -1  -1  -1  -1  -1  -1  -1  -1 251 251 251  -1  -1  -1  -1  -1  -1  -1 
 42 266 266  -1 268 268  -1 288  -1  -1  -1  -1  -1  -1  -1  -1 281 281  -1 294  -1  -1 283 283 283  -1 
 43  -1  -1  -1  -1  -1  -1  -1  -1  -1  -1  -1  -1  -1  -1  -1 295 295 295  -1  -1  -1  -1  -1  -1  -1 
 44  -1 187  -1  -1  -1  -1 269  -1  -1  -1  51  -1 311  -1  -1  -1  -1  -1  -1 275  -1  -1  -1  -1 140 
 45  -1  -1  -1  -1  -1  55  -1  93 270  -1 230  -1  -1  -1  -1 316  -1  -1  53  -1  -1  -1  -1 229  -1 
 46  -1 227 271  10  -1  -1 142  -1 141  -1  -1  -1  -1  -1  -1  -1 313  -1  -1  -1  -1  -1  -1  -1  -1 
 47  -1  -1  -1  -1  -1 228  -1 272  -1  65  99  -1  -1 197  -1  -1  -1  -1  -1  -1  -1  -1  -1  -1  50 
 48 109   5 143  -1  -1  97  -1  -1  -1  -1 273  -1  -1 308  -1  -1  -1  -1  -1  -1  -1 309  -1 181 186 
 49  -1  -1  -1  -1 138  -1  49  -1  96  -1  -1  -1  -1  -1 241  -1  -1  -1  -1  -1  -1  -1 183  -1 274 
 50  -1  52  98  -1  11  -1  21  -1 184 315  -1  -1  -1  -1  -1  -1  -1  -1  -1  -1  -1  -1  -1  -1  -1 
 51  54  -1  -1  -1  -1 285  -1  -1   7  -1  -1 182  -1  -1 314  -1  -1 312 231   8  -1  -1  95  -1  -1 
 52  -1  94  -1 139  -1  -1  -1  -1  -1  -1 137  -1  -1  -1  -1  -1  -1 153   6 225 310  -1 226  -1  -1 
 53 185  -1  -1  -1  -1   9  -1  -1  -1  -1  -1  -1  -1  -1  -1  -1  -1  -1  -1  -1  -1  -1  -1  -1  -1 

r\t   0   1   2   3   4   5   6   7   8   9  10  11  12  13  14  15  16  17  18  19  20  21  22  23  24 
  0  -1  -1  -1 106  -1  -1  34 123  -1  -1  -1  -1  -1  62  -1  -1  -1  -1  -1  -1  -1  -1  -1  -1  -1 
  1  -1  -1  -1  -1  -1  -1  -1  -1 204  -1  -1  -1  -1  -1  -1  -1  -1  -1  -1  -1  -1  -1  -1 164 306 
  2  -1  -1 155  73  -1  -1  -1  -1  -1  -1  -1  -1  -1  -1  -1  -1  -1  -1  -1  -1  -1  -1  -1  -1  -1 
  3  -1  -1  -1  -1  -1  -1  -1  37  -1  -1  -1  -1 171 113  -1  -1 147  -1 203  -1  -1 303  66  -1  -1 
  4  -1  64 293  -1  -1  -1  77  -1  -1  -1 192 192  -1  -1  -1 258  -1 277 115 263  -1 298  -1 256  -1 
  5  -1  -1  -1  -1  -1 148 148  -1 157  82  -1  -1 145  -1  44  -1  57  29   1  -1  -1 211  -1  -1  -1 
  6  -1  -1  -1  -1  89  -1  -1  15  -1  -1  -1  -1  -1 173  -1  -1  -1 114  -1  -1  -1 103 210  -1  -1 
  7  -1 240 111 232  -1  -1 201 236 236  -1  -1 245  -1  -1  -1  -1  -1   3  -1  -1  -1  -1 194  -1  -1 
  8  -1  -1  18 165  -1  -1 175 212 299 220  -1 100  -1  -1 262  -1  -1  -1  -1  -1  -1  -1  -1 279  -1 
  9  -1  -1  -1 300  -1 221 135 101 144  -1  -1  -1  70  -1  -1  -1  -1 248  -1  -1  -1  -1  -1  -1  -1 
 10  -1  -1  59  -1  -1  -1  -1  -1  71  -1  -1  88  -1  -1 218  -1  -1  -1 235  -1  -1  -1  -1 289  -1 
 11  -1 214 238  23  -1  -1  -1  -1  -1 176  -1  -1  -1  -1  -1  -1  -1 202  -1  -1  -1  86 158  67  -1 
 12  -1  -1  -1  -1 217  -1  -1  26 121  -1  -1  -1  -1  80  -1  -1 234  -1  -1  -1  -1  -1  39  -1  -1 
 13  -1  -1  -1  -1  -1  -1 223  -1  -1  -1  -1  20  -1  -1  -1  -1  -1 177  -1  22  -1  -1  -1  -1  -1 
 14  -1 154  -1  -1  87  -1 129  -1 102  -1  -1  76  -1 282  -1  -1 278 297  -1  -1  -1  -1  -1 243  -1 
 15  -1  25  -1  83  -1  -1  -1  -1  -1 127  -1 146  -1  -1  -1  -1  -1 152  -1  -1  -1 188  -1  -1  -1 
 16  -1 124  -1  -1  81  -1  -1  -1  -1  -1  -1 120  42  -1  -1  -1  -1  -1  -1 286  -1  78 122  -1  -1 
 17  -1 255  -1 117  -1  -1  -1 296  14  -1  -1  -1  -1  -1  -1  -1 291 196 191  -1  -1 276  -1  -1  -1 
 18  -1  -1  -1  -1  -1  -1 284 246 247  -1  -1 290 166  -1 132  -1  -1 233  -1  -1  -1 305  -1  -1 302 
 19  -1  -1  -1  -1 179  -1 264  -1  -1  -1  -1  -1  -1  -1  -1  -1  69  -1  -1  -1  -1   0  -1  -1  -1 
 20  40  -1 252 287  -1  -1  58  -1  -1 126  -1 169  -1  -1  -1  -1  -1  -1  -1  -1  -1  -1  33 174  -1 
 21  -1 215  -1  -1  41 170 108  47 216  -1  -1 161  -1  -1  -1  -1  -1  60  60 301  -1  -1  -1 307  -1 
 22  -1  -1  -1  -1 133  -1  -1  -1  -1  -1  -1  -1 213  -1  -1  -1  35 104 104  -1  -1 159  -1  27  -1 
 23  -1 110  -1  -1  -1  -1  -1  -1  -1  -1  -1  -1 265  -1  84  -1  -1  -1 292  -1  -1  -1  36 198  -1 
 24  -1  -1  -1 150  -1  -1 167  -1  -1  91  -1 128  -1  -1  -1  -1  12  -1  -1  -1  -1  56  -1  -1  -1 
 25  -1  -1  -1  -1  -1  -1 116  72  -1  -1  -1  -1 253  -1  -1  -1 190  -1  43  -1  -1 261  -1  -1 259 
 26  16  16 260  38  -1  -1  -1  -1  -1  -1  -1 267  -1  -1  -1  -1 254  -1  -1  -1  -1  85  -1  -1  -1 
 27  -1 160  -1  32  -1  -1  -1 280 280  -1 130 219 257 168  -1  -1  -1  79  -1  -1  -1  28  -1  -1  -1 
 28  -1 304  -1 199  -1  -1 242  -1  -1  -1  -1 205 125  -1  -1  -1  -1  -1 249  45  -1  -1  -1 208  -1 
 29  -1 189  -1 209  -1  -1  13  -1  -1  -1 131  -1 172  -1  -1  -1  -1  -1  -1  -1  -1  -1  -1  -1  -1 
 30  -1  -1  24  -1  -1  -1   4   4  30  -1  -1  -1  17  17  -1   2   2  -1  -1  -1  -1  -1  19  19  19 
 31  -1  -1  -1  -1  -1  -1  -1  -1  -1  -1  -1  31  31  31  -1  -1  -1  -1  -1  -1  -1  -1  -1  -1  -1 
 32  -1  -1  -1  -1  -1  46  46  61  61  -1  63  63  63  -1  -1  48  48  -1  68  -1  -1  -1  -1  74  -1 
 33  75  75  75  -1  -1  -1  -1  -1  -1  -1  -1  -1  -1  -1  -1  -1  -1  -1  -1  -1  -1  -1  -1  -1  -1 
 34  -1  -1 112  -1  -1  -1  90  90  -1  -1  -1  -1 107 107 107  -1 118  92  92  -1  -1  -1 105 105  -1 
 35  -1  -1  -1  -1  -1  -1  -1  -1  -1  -1  -1  -1  -1  -1  -1  -1  -1  -1  -1  -1  -1 119 119 119  -1 
 36  -1  -1 162  -1  -1  -1  -1 156 136 136  -1 134 134  -1  -1  -1  -1  -1 149 149  -1 151 151 151  -1 
 37  -1  -1  -1  -1  -1  -1  -1  -1  -1  -1  -1  -1  -1  -1  -1  -1 163 163 163  -1  -1  -1  -1  -1  -1 
 38  -1 200 206  -1  -1  -1 195 195 195  -1  -1  -1  -1 193 193 180 180  -1 178 178  -1  -1  -1  -1  -1 
 39  -1  -1  -1  -1  -1  -1  -1  -1  -1  -1  -1  -1 207 207 207  -1  -1  -1  -1  -1  -1  -1  -1  -1  -1 
 40  -1  -1  -1 244  -1  -1  -1  -1  -1  -1 239 239 239 250  -1 224 224 222 222  -1 237 237  -1  -1  -1 
 41  -1  -1  -1  -1  -1  -1  -1  -1  -1  -1  -1  -1  -1  -1  -1  -1  -1  -1  -1  -1 251 251 251  -1  -1 
 42 283 283 283  -1  -1  -1 288  -1  -1  -1 281 281  -1 294  -1 266 266 268 268  -1  -1  -1  -1  -1  -1 
 43  -1  -1  -1  -1  -1  -1  -1  -1  -1  -1  -1  -1  -1  -1  -1  -1  -1  -1  -1  -1  -1  -1 295 295 295 
 44  -1 312  -1  -1  55  99  -1  -1  93  -1 185 227  -1  -1 231  -1  -1  -1  -1  -1 285  -1  -1  -1  -1 
 45  -1  -1 311  -1  -1  11  -1  -1  -1  54  -1  -1  -1 313  -1  -1  -1  -1  -1  -1 309 270  -1  -1  -1 
 46  -1  -1  -1  -1   7 138  -1  -1  51  -1  -1 181  -1 153  -1  -1  -1  21  50  -1  -1  52 315  -1 310 
 47  -1  -1  -1 308 230 269  -1 272 225  -1  -1  -1  -1  -1  -1  -1  -1  -1  -1 137  -1  96  -1  -1  -1 
 48  -1  -1 197  -1 274  -1  -1  -1  -1  -1  -1  -1  -1  -1  -1  -1  -1  -1  -1  -1  -1  -1  -1  -1  -1 
 49  -1  -1  -1  65  -1  -1  -1  -1  -1  -1   6  -1  -1  -1  -1  97  -1 142  -1  98  -1 182  -1 314  -1 
 50  -1  -1  -1  -1  -1  -1  -1  -1   5   9 143  -1  -1 241  -1  -1  94  -1  -1 228  -1  -1  -1  -1  -1 
 51  -1  -1  -1  -1  -1  -1  -1 229  -1  -1 271  -1  53  -1   8  -1  -1  49  -1  -1  -1 141  -1  -1  -1 
 52 316  -1  -1  -1  -1  -1  -1 139 187 109  95  -1  10  -1 275 140  -1  -1  -1  -1  -1  -1  -1  -1  -1 
 53  -1  -1  -1  -1  -1 186 184  -1 273  -1  -1  -1 183  -1  -1  -1  -1  -1  -1  -1  -1 226  -1  -1  -1 

r\t   0   1   2   3   4   5   6   7   8   9  10  11  12  13  14  15  16  17  18  19  20  21  22  23  24 
  0  -1  -1  -1 289  -1  -1  -1  -1  -1  -1  -1  -1  15  -1  -1  -1  -1  -1  -1  -1  -1  -1  37  -1  -1 
  1  -1 217  78  -1  81  -1 161  -1  -1  -1  -1  69  -1  -1 221  -1  70  -1 253  -1  -1 152  -1  -1  -1 
  2  -1  42 192 192  -1 174 278 208  -1  -1  -1  -1 246  -1  -1  -1  -1 287  -1  -1  -1  -1  -1  -1  -1 
  3  -1  -1  -1 205  -1  -1  -1  -1  33  -1  -1 126  -1  -1  -1  -1  62  -1  -1  -1 265  -1  -1  -1  -1 
  4  -1 190 214 293  -1  -1  28  -1  -1  -1  -1  -1  -1  57  -1  -1  -1  -1 209 216  -1  -1  -1  -1  -1 
  5  -1  -1 132  12  -1  -1  -1 282  -1  -1  66 242  -1  -1  -1  -1  -1 159  43  -1  -1  20 154  -1  -1 
  6  -1  -1  -1 249  -1  -1 121 116 110 175  -1  -1  -1  -1  -1  -1 296  -1 194  -1  39  -1 247  -1  -1 
  7  -1 169  -1  -1  -1  -1  76  -1  -1  -1  -1  -1  -1  -1  -1  -1 114  -1 158 173  -1  -1 219  -1  -1 
  8 307 122  38  -1  -1  -1  -1  -1  -1  -1  -1  47  73  -1  -1  -1  -1  -1 124  -1 135  -1  -1  -1  -1 
  9  -1  -1  -1  -1  -1  -1 240  -1  -1  -1  -1 223  25  14  -1  -1  -1  -1 171  -1  -1 133  -1 212  -1 
 10  -1  -1  -1  -1  -1 305 261  -1  -1  -1  -1  -1  -1  26  -1  -1  -1  -1  -1 179  -1  -1  -1  -1 306 
 11  -1 254 232  -1  -1  -1 147  -1  -1  -1  -1  -1  -1 255  -1  -1  -1  -1  -1  45  -1  -1  -1  -1  -1 
 12 125  -1 160  -1  -1  -1  85  -1  -1  -1  -1  -1  -1  -1  -1  -1  -1  -1 299  -1  -1  -1  -1  -1  -1 
 13  -1  -1 284  -1  -1  -1  -1  -1  -1  -1 150 170 196 213  -1  -1  -1  -1  -1  87  -1  -1 300  -1  -1 
 14  -1  59  -1  -1 301  -1 263  -1  -1  -1  -1  -1  -1  -1  -1 280 280  -1  -1 257  -1  -1 238  -1  -1 
 15  -1 144  58  -1  -1  -1  -1  -1 215  -1  -1  -1  -1  -1  -1  -1  -1 115  32 303  -1 189  -1  -1  67 
 16  16  16   3  -1  -1  -1  -1  -1 204  -1  -1  -1 101  -1  -1  -1  -1  -1  -1 264  -1  -1  -1  -1  -1 
 17  -1 304  -1 267  -1  -1  64  29  -1  -1  -1  -1  -1 191  -1  -1 188  -1  -1  -1  -1  -1  -1  -1  -1 
 18  -1 108 211 235  82  -1  -1  -1  -1  83  -1 113  -1 172  -1  -1  -1  -1 286  -1  -1  -1  -1  -1  -1 
 19  -1  27 210 104 104  -1  -1 297  77  91  -1  -1  -1  -1  -1  -1  -1  34  23  -1  -1 102  -1  -1  -1 
 20  -1  -1  -1  44  -1  -1 256  -1 123  -1  -1  -1 145 167  -1  -1  36  -1  -1  -1  -1  -1  -1  -1  -1 
 21  -1 234  -1 218  -1  -1 100  -1  -1  -1  -1  -1  -1 146  -1  -1  -1  22  -1  -1  -1 117  -1  -1  -1 
 22  -1  -1  -1  56  -1 258  -1  -1  -1  -1  -1  84  -1  -1  -1  -1  -1  -1  80  89  -1  -1  -1  -1  -1 
 23  -1  -1  -1  -1  -1  -1  -1  -1  -1  -1  -1 252 236 236  -1  -1 164 245 302  40  -1 168  -1  -1  -1 
 24  -1  71  -1 262 127  -1 291  -1  -1  -1  -1 279 157 120  -1  -1 260 292  -1  -1 177 201 202  -1  -1 
 25  -1  -1 298  -1  -1  -1  -1  72  -1  -1  -1  -1  -1  -1  -1  -1  86 198  -1  -1  88  -1  -1 243  -1 
 26  -1  -1 148 148  -1  -1  -1  -1  -1  -1  -1 128  -1  -1  -1  -1 131  -1  -1  -1  -1  -1  -1  -1  -1 
 27 220 276  18  35  -1  -1  41  -1  -1  -1  -1  13  -1  -1  -1  -1  -1  60  60  -1  -1  -1 199  -1  -1 
 28  -1  -1 248 165  -1  -1  -1  -1  -1  -1  -1  -1  -1  -1   1  -1 203 130  -1   0  -1 233 166 103  -1 
 29  -1  -1  -1 129  -1 259  -1 111 277  -1 176  -1  -1  79  -1 106  -1  -1 155  -1  -1 290  -1  -1  -1 
 30   2   2  -1  -1  -1  -1  19  19  19  -1  -1  24   4   4  -1  -1  -1  -1  -1  -1  -1  30  -1  17  17 
 31  -1  -1  -1  -1  -1  -1  -1  -1  -1  -1  -1  -1  -1  -1  -1  -1  -1  -1  -1  -1  -1  -1  31  31  31 
 32  -1  46  46  74  -1  -1  -1  63  63  63  -1  -1  48  48  -1  -1  -1  68  -1  -1  -1  -1  61  61  -1 
 33  -1  -1  -1  -1  -1  -1  -1  -1  -1  -1  -1  -1  -1  -1  -1  -1  -1  -1  -1  -1  -1  75  75  75  -1 
 34  -1  -1  -1  90  90  -1  -1  -1  -1  -1  92  92  -1 105 105  -1 107 107 107  -1  -1  -1 112 118  -1 
 35 119 119 119  -1  -1  -1  -1  -1  -1  -1  -1  -1  -1  -1  -1  -1  -1  -1  -1  -1  -1  -1  -1  -1  -1 
 36  -1 162  -1 134 134  -1  -1  -1 149 149  -1 156 136 136  -1 151 151 151  -1  -1  -1  -1  -1  -1  -1 
 37  -1  -1  -1  -1  -1  -1  -1 163 163 163  -1  -1  -1  -1  -1  -1  -1  -1  -1  -1  -1  -1  -1  -1  -1 
 38 178 178 180 180  -1  -1 206 195 195 195 193 193  -1  -1  -1  -1  -1 200  -1  -1  -1  -1  -1  -1  -1 
 39  -1  -1  -1  -1  -1  -1  -1  -1  -1  -1  -1 207 207 207  -1  -1  -1  -1  -1  -1  -1  -1  -1  -1  -1 
 40  -1  -1  -1 222 222  -1  -1 237 237  -1  -1  -1  -1  -1  -1  -1 250 239 239 239 224 224  -1 244  -1 
 41  -1  -1  -1  -1  -1  -1  -1 251 251 251  -1  -1  -1  -1  -1  -1  -1  -1  -1  -1  -1  -1  -1  -1  -1 
 42 266 266  -1  -1  -1 268 268  -1 288  -1  -1 294 281 281  -1  -1  -1  -1  -1  -1  -1 283 283 283  -1 
 43  -1  -1  -1  -1  -1  -1  -1  -1  -1  -1  -1  -1 295 295 295  -1  -1  -1  -1  -1  -1  -1  -1  -1  -1 
 44  -1  -1 227  -1  -1  -1 226  -1  -1  -1 225 181  -1  -1  -1  -1  -1  -1  -1  -1  -1  -1  -1 197  -1 
 45  -1  -1  -1  -1 275 231  -1  -1  -1  -1  -1 272  -1  -1 138  -1  -1  -1  -1  -1   7  -1  -1 153  -1 
 46  -1  -1  -1  11  -1 183  -1  -1 313  -1 269 142  -1 230  -1  -1  -1  -1  -1  -1  -1  -1  -1  -1  -1 
 47  54 229  -1  -1  -1   6 187  -1  -1  -1  -1  -1 273  -1  -1  -1  -1  -1  -1  -1  -1 182  -1 311  -1 
 48  -1  -1  -1 285  -1 137  95 312  -1  -1  -1  -1  -1  98  49  -1 314  -1  -1  -1  -1   5  -1  -1  -1 
 49 143  -1 274  -1  -1  50 141  -1  -1  -1  -1  65 228  -1 186  -1  -1 308  -1  -1  -1  96  -1  -1  -1 
 50  -1  -1  94  -1 185  99  -1  -1  -1  10  -1  -1  93  -1  -1  -1 241  -1 315 140  -1  -1 109  -1 310 
 51  -1  -1  -1  -1  -1  -1  51  -1  -1 271  -1  -1  -1  -1  97 316  -1  -1  -1  -1  -1 270  -1  -1  -1 
 52  -1  -1  -1  -1  -1  -1  -1  -1  -1  -1  -1  -1  -1  -1  -1  -1  -1  -1  -1  -1  52  53  -1  -1  -1 
 53  -1 139  -1  -1  55  -1  -1  -1  -1  -1   9   8 184  -1  -1  -1  21  -1  -1  -1  -1  -1 309  -1  -1 

r\t   0   1   2   3   4   5   6   7   8   9  10  11  12  13  14  15  16  17  18  19  20  21  22  23  24 
  0  -1 176  -1  -1  -1  -1  -1  -1  -1 173  -1  -1  -1  -1  -1  -1  -1 252 292  -1  -1 276  -1  23  -1 
  1  -1 166  -1  -1  -1 303  -1 115  -1  -1  -1  -1  -1  38  -1  -1  -1  -1 255  -1  -1  -1 286  -1  -1 
  2  -1 208  -1 214  -1  -1  -1  67  -1  -1  -1  -1  -1   3  -1 132  -1  -1  89  -1  -1  -1  -1  -1  -1 
  3  -1  -1 210  28  -1  -1  -1  -1  -1  -1 127  -1  14  -1  -1  -1  -1  -1  -1  -1  -1  -1  -1  -1  -1 
  4  -1  32  60  60  -1  -1  -1  -1  -1  -1 198  -1 130  -1  -1  -1  -1 304 135 219  -1  59  -1  -1 172 
  5 265  -1  91  -1  -1  -1  -1  -1 147  -1  -1  27  -1  -1 258  -1  -1 145  -1  -1  -1   0  -1  -1  -1 
  6  -1 103  -1  -1  -1  -1  88  -1  -1  -1  -1  -1  -1  -1  -1  -1 116  -1  -1  -1 217 223 238  -1  -1 
  7  -1  -1 277 235  -1  -1  -1  -1  -1  -1  -1  -1  -1 256  -1  -1  71  26 232  -1  -1  -1  29  -1  -1 
  8  -1  -1  80  -1  -1  -1  -1 152 245  -1  -1  13 122  -1  -1 280 280  -1  -1  -1  -1  -1 247 248  -1 
  9  -1  15 111  76  -1 170  -1  -1  -1  -1  -1  -1  -1  -1  -1  -1 164  -1  -1  86  -1 242  -1  -1  -1 
 10  -1  -1 290  -1  -1  -1 190 253 212  -1  -1 297  78  34  -1  -1  -1  -1  -1  -1  -1 129  -1  -1  -1 
 11  -1  -1 167  -1  -1 104 104 171  -1  -1  -1  58 168 121  -1  -1  81  -1 305  -1  -1 264 169  -1  -1 
 12  -1 144  -1 278  -1  -1  -1  -1 110 126  -1  -1 133  45  -1  -1  -1 296  -1  -1 302 113  -1  -1  -1 
 13  37  -1 188 216  -1  -1  -1  -1  -1  -1  -1  36  -1  -1  -1  -1 203  -1  -1  -1  -1  -1  -1  -1  -1 
 14  -1  -1  -1  -1  -1  -1  -1  -1 114  -1  -1  -1  33  -1  -1  -1  -1  -1  -1  -1 106  83  -1  -1  -1 
 15  -1  -1 246  -1  -1  -1  -1  -1  -1  -1  -1  -1  -1  -1  -1  -1  -1  -1  -1  -1  -1  -1 263  35  -1 
 16  -1 284  16  16  -1  -1  -1  -1 125  -1 148 148  -1  -1  -1  -1 150  -1  40  -1  -1  -1 199 259  -1 
 17  -1 254 131 189  -1  -1  -1  -1  -1  -1  -1  -1  57  -1  -1  87  -1  -1  39  -1  -1  -1  18 298  -1 
 18  -1  66 154  -1  -1  -1  -1 201  69 175  -1  -1  -1 191  -1 301 299  72 267  -1  -1  -1  -1 243  -1 
 19  -1 300 124 146  -1  -1  -1 192 192  -1  -1 205 306  -1  -1  -1  -1  -1  -1  -1 257  73  -1 174  -1 
 20  -1  70  -1 260  -1  -1  -1  -1  -1  -1  -1  -1  -1  -1  -1  -1 165  -1  77  -1  -1 209  -1  -1  -1 
 21  -1  -1 211 117  -1  84  -1  -1  -1 177  -1  44 293  -1  -1  -1  -1  -1  -1  -1  -1  -1  -1  -1  -1 
 22  -1  -1  -1  -1  -1  -1  -1  -1  -1  -1  -1 261  -1 291  -1 236 236  -1  -1 221  -1 179 120  -1  -1 
 23  -1  -1  -1 161  -1  -1  20  79  -1  -1  -1 213  -1  -1  -1  -1  -1  -1  25 215 282  -1  -1 194  -1 
 24  -1  47 233  -1  -1  -1  56  -1  -1  -1  -1  -1 196  -1  -1  -1  12 102  -1  -1  -1  -1  -1  -1  -1 
 25  -1 234  -1  -1  -1  -1 204 289  -1  -1  -1  -1  -1  -1 155  -1  -1 202 287  -1  -1  -1  -1  -1  -1 
 26  -1  -1 307 249  -1  -1  -1  -1  -1  -1  -1  -1  -1 160  -1  -1  -1  -1  64  -1  -1  -1  -1  -1  -1 
 27 262  -1  43  -1  -1  -1  -1  -1 279  -1  -1 240  -1  -1  -1  -1  -1 157  -1  -1  -1  -1 159 158  22 
 28 220  42 128 100  -1  -1   1  -1  -1  -1  -1  -1  -1  -1  -1  -1  -1  41  85  -1  -1  -1  -1  -1  -1 
 29  -1  -1  -1  -1  -1  -1  -1  -1  62  -1  -1  -1  -1  -1  -1  -1 101 123 108  -1  -1  -1  -1  82 218 
 30   4   4  24  -1  -1  -1  -1  17  17  -1  -1   2   2  -1  -1  -1  30  19  19  19  -1  -1  -1  -1  -1 
 31  -1  -1  -1  -1  -1  -1  -1  31  31  31  -1  -1  -1  -1  -1  -1  -1  -1  -1  -1  -1  -1  -1  -1  -1 
 32  -1  -1  46  46  -1  -1  68  -1  -1  -1  -1  74  -1  -1  -1  63  63  63  48  48  -1  -1  61  61  -1 
 33  -1  -1  -1  -1  -1  -1  -1  -1  -1  -1  -1  -1  -1  -1  -1  -1  -1  -1  -1  -1  -1  -1  75  75  75 
 34  -1 112  -1  92  92  -1 118  -1  -1  -1  -1  -1 105 105  -1  -1  90  90  -1  -1  -1 107 107 107  -1 
 35  -1  -1  -1  -1  -1  -1  -1  -1  -1  -1 119 119 119  -1  -1  -1  -1  -1  -1  -1  -1  -1  -1  -1  -1 
 36 136 136  -1 134 134 149 149  -1  -1  -1  -1 156  -1  -1  -1  -1  -1  -1 162  -1  -1 151 151 151  -1 
 37  -1  -1  -1  -1  -1  -1 163 163 163  -1  -1  -1  -1  -1  -1  -1  -1  -1  -1  -1  -1  -1  -1  -1  -1 
 38 193 193  -1 178 178  -1  -1  -1  -1  -1  -1  -1  -1  -1  -1 180 180 195 195 195  -1  -1 200 206  -1 
 39  -1  -1  -1  -1  -1  -1  -1  -1  -1  -1  -1  -1 207 207 207  -1  -1  -1  -1  -1  -1  -1  -1  -1  -1 
 40  -1  -1  -1 222 222  -1 250 239 239 239  -1  -1 237 237  -1  -1  -1 224 224  -1  -1 244  -1  -1  -1 
 41  -1  -1  -1  -1  -1  -1  -1  -1  -1  -1 251 251 251  -1  -1  -1  -1  -1  -1  -1  -1  -1  -1  -1  -1 
 42  -1 266 266  -1  -1 281 281  -1  -1  -1  -1 283 283 283  -1  -1 268 268  -1  -1  -1 288 294  -1  -1 
 43  -1  -1  -1  -1  -1  -1 295 295 295  -1  -1  -1  -1  -1  -1  -1  -1  -1  -1  -1  -1  -1  -1  -1  -1 
 44  -1  -1  -1 273   9  -1 184  -1  -1  -1  -1  -1  -1 139  -1  -1   7  -1  -1  -1  -1  -1  -1  -1  -1 
 45  -1  94  -1  -1  -1  -1  53  -1  -1  55  -1  -1  -1  21  -1   8  -1  -1  -1  95  -1 142  -1 285  -1 
 46  49  -1  10  -1  -1  -1  -1 109 313  -1  -1  -1 270  -1  -1  -1  -1  -1  -1  -1  -1  -1 308  -1  -1 
 47 185  -1  -1  -1 274  -1  -1  -1  -1 269  -1  -1  -1  -1  -1  99  -1  -1  -1  -1  -1  98  -1  -1  -1 
 48  -1  -1  -1  -1  -1 241  -1  -1  -1  -1 315 140  50 272 309 229  -1  51 187 271  -1  -1  -1  -1  -1 
 49  -1  -1 227  -1  -1  -1  -1  -1  -1  -1  -1  -1  -1  -1  -1  -1 228  -1  -1 138  -1 197  -1  -1  -1 
 50  97  -1  -1  11  -1  -1 231 314  -1  -1  -1 230 183 181  65 275  -1  -1 153  -1  -1  52  -1  -1 316 
 51  -1  -1  -1  -1  54  -1  -1  -1  -1 143  -1 182  -1  -1  -1  -1  -1   5   6  -1 312  -1  -1  -1  -1 
 52  -1 225  -1  -1  -1  -1 141  -1  -1  -1  -1  -1  -1  96  -1  -1  -1  -1  -1  -1  -1  -1  -1  -1  -1 
 53  -1  -1 186  -1  -1 310  -1  -1  -1  93  -1  -1  -1 226  -1  -1  -1 137  -1  -1  -1  -1  -1 311  -1 

r\t   0   1   2   3   4   5   6   7   8   9  10  11  12  13  14  15  16  17  18  19  20  21  22  23  24 
  0  -1  -1 292 260  -1  22  -1  -1  82  -1 305 279  -1 158  -1  -1  -1  -1  -1  -1  -1 287  -1  -1 261 
  1  -1  -1 128  -1  -1  -1  -1  -1 211  -1  -1  -1 289 303  91  -1  -1  -1 253  -1  -1  -1  33  -1 170 
  2  -1 307  -1  -1  -1  -1 284 210  -1  -1  -1  -1  -1 113  -1  -1  -1 290  73  -1  -1  27  -1  -1 173 
  3  -1 174 154  -1 306 126 298  -1  13  -1  -1  -1  -1  79  -1  -1  -1  -1  -1  -1  -1 243 203  -1  -1 
  4 148 148 302 235  -1  -1  56  -1  -1  -1 236 236  -1  -1  -1  -1  -1 104 104  -1  -1  84  -1  -1  -1 
  5  -1  -1  -1 267  -1  -1  -1  -1  -1  -1  -1  -1 219  -1  -1  -1 110 276  -1  -1  -1  -1 167  -1  -1 
  6  -1 179  76  -1 220  -1 208  32 190  -1  83  -1 196  26  -1  -1 161  -1  -1  -1  -1 123  -1 146  -1 
  7  -1  -1 114  -1  -1  -1  -1  57  -1  -1  -1 127 175  -1  -1  -1  -1  -1  -1  -1  -1  -1  -1  -1  -1 
  8  -1 232  -1 144  -1  -1  -1  -1  -1  -1  -1  -1 249  -1  -1  -1  -1  -1  -1  -1  -1 297  36  -1  -1 
  9  -1  -1  -1 108  -1  -1  -1  -1  -1  -1  -1  -1 111  -1  -1  -1 124  -1 204  -1  -1  -1  -1  -1  -1 
 10  -1  -1  -1  -1  -1  -1  -1  -1 147  -1  -1 120  -1  -1 221  -1  -1  -1  -1  -1  87  -1 213 233  -1 
 11  -1 217 192 192  44  -1  -1 133 160  -1  -1 159  -1  -1  -1  -1 247  -1  -1  -1  -1  -1  -1 255  -1 
 12  -1 254 205  -1  -1  -1  15  -1  39  -1  -1  -1  -1 238  -1  -1  -1  -1  -1  -1  -1 215  -1 116  -1 
 13  -1 115 277  -1 176 155  -1  -1  -1  -1  -1  -1  -1 125  -1  -1  -1  -1 286  -1  -1  -1  -1  -1 216 
 14  -1  -1  18  45  -1  -1 165 152  -1  -1  -1  -1  28 100  -1  -1  -1  -1  -1  -1  -1  -1  -1  -1  -1 
 15  -1 198 264  64  -1  -1  -1  -1  -1  -1  -1  -1  -1  -1  -1  -1  86 248  -1  -1  -1  -1  -1 157  -1 
 16  -1 102 101 172  -1  -1  -1  -1  -1  -1  -1  69  -1  -1  -1 265  -1  -1  -1  -1  -1  -1  -1  -1  -1 
 17  -1  -1  29  70  -1 214  -1  -1  -1  -1  -1  -1  16  16  -1  -1  -1  -1  -1  -1  -1  -1 121  -1  -1 
 18  -1  -1  -1  -1  -1  -1  -1  -1  -1  -1 130  -1 242  -1   1  -1  -1  -1  -1  -1  -1  71  -1  -1  -1 
 19  -1  34 129  -1  -1  -1  -1 304  -1  -1  -1  -1  -1  -1  -1  -1  -1  -1  -1  -1  -1  -1 291  -1  -1 
 20  -1  80 245  -1  -1  -1  -1  -1  58  -1  -1  47  -1  -1  -1  -1  20  -1  -1 177  -1 150  -1  88  -1 
 21  -1   3  38  -1  -1  -1 189 293  25  -1  -1  -1  -1  -1 132  -1  59 212  -1  -1  -1  41  60  60  -1 
 22  -1  -1  -1  -1  -1  -1  -1 188  -1 262  -1  67  62  -1  -1  -1  -1  -1  -1  -1 106  -1 145  72  -1 
 23 169 278 257  -1  -1  -1 240  -1 122  -1  -1 191  -1  -1  -1  -1  -1  -1  -1  -1  -1 199 171  -1  -1 
 24  -1  43  -1 282  -1  -1  -1  14  -1  -1  -1  -1  -1  -1  -1  -1  -1  -1  -1  -1  -1  66  -1 259  -1 
 25  -1  -1  -1  12  -1  -1  78  40 300  -1  -1 103  -1 209  -1  -1  -1  -1  -1  -1  -1 301  -1  -1  -1 
 26 223  -1 131 299  -1  -1  -1  81  -1  -1  -1  -1  -1  -1  -1  -1  -1  -1  -1  -1  -1  -1 252  -1  -1 
 27  -1 166 234 201  -1  -1  -1 280 280  -1  -1  -1  -1 194  -1  -1  -1  -1 117  -1  37  -1  77  -1  -1 
 28  -1 296 168  35  -1  -1  42  -1  -1  -1  -1  -1  -1  -1  -1 263  -1  -1  -1  89  -1  -1  -1   0  -1 
 29  -1  -1 135 258  -1  -1 256  -1  -1  -1  23 246 164  -1  85  -1  -1 218  -1  -1  -1 202  -1  -1  -1 
 30  -1  -1  -1   4   4  -1  30  -1   2   2  -1  24  -1  -1  -1  -1  -1  17  17  -1  -1  19  19  19  -1 
 31  -1  -1  -1  -1  -1  -1  -1  -1  -1  -1  -1  -1  -1  -1  -1  -1  31  31  31  -1  -1  -1  -1  -1  -1 
 32  63  63  63  -1  -1  -1  -1  74  46  46  -1  -1  -1  68  -1  -1  -1  61  61  -1  -1  -1  48  48  -1 
 33  -1  -1  -1  -1  -1  -1  -1  -1  -1  -1  -1  -1  -1  -1  -1  75  75  75  -1  -1  -1  -1  -1  -1  -1 
 34  -1  92  92 118  -1 105 105  -1  90  90  -1  -1  -1  -1  -1  -1  -1 112  -1  -1  -1  -1 107 107 107 
 35  -1  -1  -1  -1  -1 119 119 119  -1  -1  -1  -1  -1  -1  -1  -1  -1  -1  -1  -1  -1  -1  -1  -1  -1 
 36 136 136  -1  -1  -1  -1 162  -1  -1  -1  -1 151 151 151  -1  -1  -1 149 149  -1  -1 156  -1 134 134 
 37  -1  -1  -1  -1  -1  -1  -1  -1  -1  -1  -1  -1  -1  -1  -1  -1  -1 163 163 163  -1  -1  -1  -1  -1 
 38  -1 206  -1  -1  -1  -1 178 178 180 180  -1  -1  -1  -1  -1  -1 200 193 193  -1  -1  -1 195 195 195 
 39  -1  -1  -1  -1  -1  -1  -1  -1  -1  -1 207 207 207  -1  -1  -1  -1  -1  -1  -1  -1  -1  -1  -1  -1 
 40  -1 222 222 250  -1  -1  -1 237 237  -1  -1  -1  -1  -1  -1  -1 239 239 239  -1  -1 244  -1 224 224 
 41  -1  -1  -1  -1  -1  -1  -1 251 251 251  -1  -1  -1  -1  -1  -1  -1  -1  -1  -1  -1  -1  -1  -1  -1 
 42 266 266  -1  -1  -1  -1  -1  -1 268 268  -1  -1 281 281  -1  -1 288  -1 294  -1  -1  -1 283 283 283 
 43  -1  -1  -1  -1  -1  -1  -1  -1  -1  -1  -1 295 295 295  -1  -1  -1  -1  -1  -1  -1  -1  -1  -1  -1 
 44  -1  -1  -1  98  -1  -1 140  -1  -1  -1  -1  -1  -1  -1 183  -1 197  -1  -1  -1  -1  -1  -1  -1  -1 
 45  -1  -1  -1  -1  -1  -1  -1 274  -1  -1  -1  94  -1  -1  -1  -1 285  -1  -1  -1  -1  -1  -1  -1  -1 
 46  -1  -1  -1 184  -1  -1 226  93  -1 143  -1  -1  -1  -1 273 227  -1  -1  -1  -1  -1 309  96  -1  -1 
 47  -1  -1  -1 137 138  -1   6  -1  -1  -1  -1 181  -1  -1  -1 186  -1  -1  -1  -1 241  -1 272  -1  -1 
 48  99  -1  -1  -1  -1 315  -1  -1  -1  -1  -1  -1  -1  65  -1   8 312  -1  -1 229  -1  -1  -1  -1   5 
 49  -1  -1 187  -1  -1  -1  -1  -1  -1  -1 316  -1  -1  -1  54  -1 153  -1 308 269  -1  -1  -1  -1  -1 
 50 185  -1  -1 225  97  -1  -1  11  -1  -1  -1  10  -1 314  -1  -1  -1  -1  -1   7  -1 109 141  -1  -1 
 51  -1  49  53  -1  -1  -1  -1  -1  -1  -1  -1  -1 313  -1  -1  95  -1 311  -1  -1  -1  -1  -1  -1  -1 
 52   9  21  -1  -1 271  -1  55  -1 139  -1  -1 231  -1  -1  -1 142  -1  -1  -1  -1  -1  -1  -1 270  50 
 53  -1  -1  -1  -1  -1  -1 275  51 230  -1  -1  -1  -1  -1  -1  -1  -1  -1  -1  52 310  -1 228 182  -1 

r\t   0   1   2   3   4   5   6   7   8   9  10  11  12  13  14  15  16  17  18  19  20  21  22  23  24 
  0  -1  -1  -1  -1 265  -1  -1 113 256  -1  -1  -1  -1  -1  -1 260 157 202  -1  -1  -1 190  -1  86  -1 
  1  -1  -1  -1 282 171  -1  -1  -1  -1  -1 214 233 236 236  -1  -1 194  -1 108  -1  -1  -1  -1  45  -1 
  2  -1  -1  -1  -1  -1  -1 199  -1  -1  -1  -1  -1  -1 209  -1  -1  -1  16  16  -1  -1 166  -1  -1  -1 
  3  -1  -1  -1  -1  -1  -1  -1 252  -1  -1  -1  -1  -1  -1  -1  -1 169 174  -1  -1  -1  -1  -1  -1  -1 
  4  -1  -1  -1  -1  -1  -1 110  -1  -1  -1  -1 293  -1  -1  -1  -1  13  -1  -1  -1  -1 223 117  -1   1 
  5  -1 161 221  -1  -1  -1  -1  -1 155  -1  -1  71  -1  -1  -1  -1  -1 189   3  -1  -1  91  -1  -1  -1 
  6  -1  -1  -1  -1  -1  -1 299  -1  -1  -1  -1  64  -1  -1  -1  -1  -1 146  -1  -1 286  -1 261  -1  -1 
  7  -1  -1  -1  -1  -1  -1  -1  69  -1  -1  -1 116 188  -1  -1  -1  -1 102 257  -1  -1  -1  -1  -1  47 
  8  -1  -1  15  34  -1  -1 212  -1  -1  -1  -1  -1  -1 213  -1  -1 145 263  80  -1  -1 306  -1  -1  -1 
  9  -1  26  -1  -1  -1  -1  -1 296  -1  -1  -1  -1  -1 128  -1  -1  -1  -1 135  -1  -1 298  -1  -1  -1 
 10  -1  -1 290  -1  -1  -1 232  -1  -1  -1 131  -1 216  72  -1  -1  -1 279  -1  -1  -1  -1 280 280 307 
 11  -1  -1  -1  -1  -1 106  -1 262 120  -1  -1 196 125  -1  -1  -1  -1  -1 305  83  -1 211  -1  -1 130 
 12  -1  -1 267  -1  -1  -1  -1  32  -1  -1  -1  -1  -1 172  -1  -1  -1 255  -1  -1 304  20  -1  -1 217 
 13  -1  -1  -1  -1  -1  -1  -1  -1  -1  -1  -1  37  -1  -1  -1  -1  -1  29  -1  -1  -1  -1 192 192  -1 
 14  -1  -1  -1  -1  -1  -1  -1  -1  -1  -1  -1  -1 159  -1  43  -1  35  70  -1  -1  -1  44 103  -1  -1 
 15  -1 238  -1  -1  -1  -1  -1 152  79  -1 198  -1  -1  -1  -1  -1 203  -1 245  -1  -1  -1  -1  -1  -1 
 16  -1  39  -1 247  -1  -1  -1  57 287  -1  -1  -1  -1  33  -1  -1 235  -1  -1  -1  -1  58 215  -1  -1 
 17  -1  -1  -1 122  -1  -1  -1 129  -1  -1  -1  -1  -1  -1  81  -1 179  -1  -1 177  -1 243  -1 168  -1 
 18  -1  62  -1 242  -1  -1  -1   0  41  -1  -1  -1 104 104  -1  -1  56  -1  89  -1  -1 176  -1 289  66 
 19  -1  -1  -1  -1  82  -1 249  -1  25  -1  -1 158  -1  -1  -1  -1  -1  -1  -1  -1  -1  -1  -1  -1  -1 
 20  -1 300  -1  -1  -1  -1 160  14 292  -1  -1  36  -1 291  -1  -1  -1  -1 276 220  -1  -1  78  -1  -1 
 21  -1  -1  -1  22  -1  -1  -1  42 165  -1  -1  77  -1  -1  85  -1 284  -1  -1 170  -1 277  -1  -1  -1 
 22  -1  -1  -1  -1  -1  -1  38  -1  -1  -1  -1 253 297  -1  -1  -1  40  84 240  -1  -1  -1  -1 204  -1 
 23  -1  -1  -1  -1  -1  -1 154 302  -1  -1 303  -1 173 164  -1  -1  -1 234  -1  -1  -1  -1  -1 100  -1 
 24  -1 127 278  -1  -1  -1  -1 264 201  -1  -1  -1 254 121  -1  -1 132  -1  -1  -1  -1 111 208  28  -1 
 25  -1  73  -1  -1  -1  -1 219 205  -1  -1 126  -1  -1  -1  -1  -1 101 124 150  -1  -1  -1  -1  -1 301 
 26  -1  23  -1  -1  -1  -1  -1  -1  18  -1  -1  -1  -1 248  -1  -1  -1 167 114  -1 258  -1  -1  -1  -1 
 27  -1  -1 246  -1  -1  -1 259  -1  -1  -1  -1  -1  87 144  -1  -1  76  -1  -1  -1  -1 147  -1  -1  -1 
 28  -1  -1  -1  -1  -1 218  -1 133  -1  -1  -1  -1  27  -1  -1  -1 115 175  -1  -1  -1  -1  88  -1  -1 
 29  -1 191  -1  -1  -1  -1  -1  -1  59  -1  -1  -1 123  12  -1  -1  -1  60  60  -1  67 210 148 148  -1 
 30  -1  -1  30  -1  -1  -1  24  -1  -1  -1  19  19  19   4   4  -1   2   2  -1  -1  -1  -1  17  17  -1 
 31  -1  -1  -1  -1  -1  -1  -1  -1  -1  -1  -1  -1  -1  -1  -1  -1  -1  -1  -1  -1  31  31  31  -1  -1 
 32  -1  -1  61  61  -1  -1  -1  -1  68  -1  -1  -1  63  63  63  48  48  -1  46  46  -1  74  -1  -1  -1 
 33  -1  -1  75  75  75  -1  -1  -1  -1  -1  -1  -1  -1  -1  -1  -1  -1  -1  -1  -1  -1  -1  -1  -1  -1 
 34  -1  -1 105 105  -1  -1  -1 107 107 107  -1  -1  92  92  -1  -1  90  90  -1  -1  -1 118  -1 112  -1 
 35  -1 119 119 119  -1  -1  -1  -1  -1  -1  -1  -1  -1  -1  -1  -1  -1  -1  -1  -1  -1  -1  -1  -1  -1 
 36  -1  -1 149 149  -1  -1  -1  -1 162  -1 151 151 151 134 134  -1  -1  -1 156  -1  -1  -1  -1 136 136 
 37  -1  -1 163 163 163  -1  -1  -1  -1  -1  -1  -1  -1  -1  -1  -1  -1  -1  -1  -1  -1  -1  -1  -1  -1 
 38  -1  -1 193 193  -1  -1  -1 195 195 195  -1 206 200  -1  -1  -1  -1 180 180  -1  -1  -1  -1 178 178 
 39  -1 207 207 207  -1  -1  -1  -1  -1  -1  -1  -1  -1  -1  -1  -1  -1  -1  -1  -1  -1  -1  -1  -1  -1 
 40  -1  -1  -1  -1  -1  -1  -1 239 239 239  -1  -1  -1 224 224  -1 250 222 222  -1  -1 244 237 237  -1 
 41  -1  -1  -1  -1  -1  -1  -1  -1  -1  -1  -1  -1  -1  -1  -1  -1  -1  -1  -1  -1  -1  -1 251 251 251 
 42  -1  -1  -1  -1  -1 281 281  -1  -1  -1 283 283 283 266 266  -1  -1  -1 294  -1  -1  -1 288 268 268 
 43  -1  -1  -1  -1  -1  -1  -1  -1  -1  -1  -1  -1  -1  -1  -1 295 295 295  -1  -1  -1  -1  -1  -1  -1 
 44  -1  -1  -1  -1 227  -1  -1  -1 309  -1  -1  -1  -1  -1  97  -1  -1  -1 270 138  -1  -1 184  -1  -1 
 45  -1  -1  -1 308  -1  -1  21  -1  -1 310  -1 228 231  -1  -1   9  -1  -1  -1  -1  -1 275  -1  -1  -1 
 46 312 313  52  -1   8  -1 314  -1  -1  -1  -1  -1  -1  -1  -1 143 269  -1  -1  -1  -1  -1 141   6  -1 
 47  -1  -1  -1  -1  -1  -1  -1  -1  -1  -1  -1  -1  53  -1  -1  -1  -1  -1  -1  -1  -1  -1  -1  -1  -1 
 48  -1  -1  -1  -1  -1  -1  -1  -1  -1  -1  -1  94  -1  50 185 197  -1  -1  -1  -1  -1  -1 274  -1  -1 
 49  -1 285  -1  -1  -1  -1  65  -1  -1  -1 311 272 137 181  -1 225  -1  54  -1  11  -1  -1  -1  -1  -1 
 50  -1 153  -1  -1  95  -1  -1 182  -1  -1  -1 183 186  -1  -1  93  -1  -1  -1  -1 315  -1 226  -1  -1 
 51  -1  -1 142  -1  -1 316  -1 230  -1  -1  -1   5  -1  -1  -1  -1 229  -1  -1  98  -1  -1   7  96  -1 
 52 109  -1  -1  -1 187  -1  -1  49  -1  -1  -1  51  -1  -1  -1  -1  -1 273  -1  -1  -1 140  55  -1  -1 
 53 241  -1  10  -1  -1  -1  -1  -1  -1  -1  -1  -1  -1  -1  -1  -1  -1 139  -1 271  -1  -1  -1  -1  99 

r\t   0   1   2   3   4   5   6   7   8   9  10  11  12  13  14  15  16  17  18  19  20  21  22  23  24 
  0  -1  -1  -1  -1  -1  -1  -1 130  -1  -1  -1 198  -1  -1 176  -1  18  -1  13  -1  -1  -1  -1  -1  -1 
  1  -1  -1  -1  -1 106  -1  45 299 215  -1  -1  -1  -1 235  -1  -1  -1 108  -1  37  -1  -1  -1  -1  -1 
  2  -1   0  -1 114  -1  -1  -1  77 168  -1  -1  -1  -1 203  -1  -1  -1  -1  -1  -1  -1  -1 286  -1  -1 
  3  -1  -1  -1  -1  -1  -1  20  -1  -1  -1  -1 298  -1  -1  -1  -1  -1 216  -1  -1  -1 144  -1  -1  -1 
  4  -1  -1  -1  -1  -1 126   1 217  -1  -1  -1  27  70  35  -1  -1  -1  -1  -1  -1  -1 161 247 248  44 
  5  -1  -1  -1 212  -1  -1 146 211 169 171  -1  -1  -1  -1  -1  -1  -1  14  -1  -1  -1  -1 191  -1  -1 
  6  -1  -1  -1  -1  -1  -1 278  16  16  -1  -1  -1 159 164  -1  -1  -1  -1  -1  -1  -1  -1  -1  -1  -1 
  7  -1 293  -1  -1  -1  -1  -1 210  -1  -1  -1 158  -1  -1  -1  43  -1 306  -1  -1  -1  73  -1  -1  -1 
  8 174  -1  78  -1  86  -1  -1  -1  59  -1  -1 260 267  -1  -1  82 289  -1 103  -1  -1  -1  -1  -1  -1 
  9  -1 154 165  -1  -1  -1 116  -1  -1  -1  -1  -1 188 117  -1  -1 240  -1  79  -1  -1 100  -1  81  -1 
 10  -1  33  -1 152  -1  -1 166  34  -1  91  -1  56 233  -1  -1  -1  -1 167  -1  -1  -1  -1  -1  -1  -1 
 11  -1 115  60  60  -1  -1  -1 255  -1  -1  -1  -1 104 104 220  -1  -1  -1 125  -1  -1  88  -1  -1  -1 
 12  -1 160 194  -1  -1  -1  -1 121  -1  -1  -1  -1  -1  -1  -1  -1  -1  -1 122  -1  -1 276  -1  85  -1 
 13  -1 179  -1  -1  -1  -1  -1 192 192  -1  -1  -1 261 280 280 305  -1 201  -1  -1  -1  -1  -1  -1  -1 
 14  -1  -1  28  29  -1  -1  -1 302 279  -1  -1  -1 254 196  -1  -1  -1  -1  -1  -1 307  -1  -1  57  -1 
 15  -1 301  -1  12  -1  -1 234  71  -1  -1  -1  -1 175  38  -1  -1  -1  -1  -1  -1  -1  -1  -1  -1  -1 
 16  -1  -1  -1 291  -1  -1  -1  -1  -1  -1  -1  -1  -1  -1  -1  40 205  -1  -1  -1  -1  -1 147  -1 265 
 17  -1  -1  -1  -1  66  -1  -1 236 236  -1  -1  -1  15  -1 263  -1  -1  -1  -1  -1  -1 290 213 120  -1 
 18  -1 199  -1  -1  -1  -1 129 101 252  -1  -1  -1  -1  -1  -1 131 111  -1  67  -1  -1 238  -1  -1  -1 
 19  -1 135 297  -1  -1  -1  36  -1  -1  -1  -1 124  -1  76 128  -1  -1 145  -1  -1  -1 214  -1  -1  -1 
 20  -1  -1  -1  -1  -1  -1 190  -1 123  -1  -1  -1  -1  -1  -1  -1  -1  -1  -1  -1  -1  -1  -1  -1  -1 
 21  -1 232  -1  -1  -1  -1 296  -1  -1  -1  -1  -1  -1 219  -1  -1  -1  -1  -1  -1  -1  -1  -1 300  -1 
 22  -1 303 256 189  -1  -1  64  -1 292  -1  -1  80  -1  58  -1  -1  -1  -1  -1  -1  -1  -1 243  -1  -1 
 23  -1  -1  -1  -1  -1  -1  -1  -1  87  -1  -1  -1  -1  -1  -1 218  -1  -1  25  -1  -1  -1 173  -1 221 
 24  -1  41  -1  -1  -1  -1  -1  -1 258  -1  22  -1  47  -1  -1  -1  -1  -1  -1  -1  -1  -1  84  -1  -1 
 25  -1  42  -1 253  -1  -1  -1 304  72  -1 177  -1  -1  -1  -1  -1  32  -1 150  83  -1  -1  -1 242  -1 
 26  -1  -1  -1 133  -1  -1  -1 148 148  -1  -1 287  62  -1  -1  -1  -1  -1  -1  -1  -1 246  -1  -1  -1 
 27  -1 249 155  89  -1  -1 127  -1  26  -1   3 110 282 245  -1  -1  -1 257  -1 132  -1 223  -1  -1  -1 
 28  -1 204  -1  -1  -1  -1 208 277  -1  -1  -1  23  -1 262  -1  -1 284  -1  -1  -1  -1 113  69  -1  -1 
 29  -1 102  -1  39  -1  -1  -1 170  -1  -1  -1  -1 202 264  -1 259 157 172  -1  -1  -1  -1  -1 209  -1 
 30  19  19  19  -1  -1  -1  -1   4   4  -1  -1  -1  -1   2   2  -1  -1  24  -1  -1  17  17  -1  30  -1 
 31  -1  -1  -1  -1  -1  -1  -1  -1  -1  -1  -1  -1  -1  -1  -1  -1  -1  -1  -1  -1  31  31  31  -1  -1 
 32  -1  74  -1  -1  -1  -1  -1  -1  48  48  -1  -1  -1  46  46  61  61  -1  68  -1  63  63  63  -1  -1 
 33  -1  -1  -1  -1  -1  -1  -1  -1  -1  -1  -1  -1  -1  -1  -1  75  75  75  -1  -1  -1  -1  -1  -1  -1 
 34  92  92 118  -1  -1 105 105  90  90  -1  -1  -1 112  -1  -1  -1  -1  -1  -1  -1  -1  -1 107 107 107 
 35  -1  -1  -1  -1  -1  -1  -1  -1  -1  -1  -1  -1  -1  -1  -1  -1  -1 119 119 119  -1  -1  -1  -1  -1 
 36  -1  -1 162  -1  -1 136 136  -1  -1  -1 151 151 151 134 134  -1  -1  -1 156  -1  -1  -1  -1 149 149 
 37  -1  -1  -1  -1  -1  -1  -1  -1  -1  -1  -1  -1  -1  -1  -1  -1  -1  -1  -1  -1  -1  -1 163 163 163 
 38  -1  -1 200  -1  -1  -1  -1  -1 180 180  -1  -1 178 178  -1 195 195 195 206  -1 193 193  -1  -1  -1 
 39  -1  -1  -1  -1  -1  -1  -1  -1  -1  -1  -1  -1  -1  -1  -1  -1  -1  -1  -1  -1 207 207 207  -1  -1 
 40 224 224 239 239 239  -1 244  -1  -1  -1  -1 250 222 222  -1  -1  -1 237 237  -1  -1  -1  -1  -1  -1 
 41  -1  -1  -1  -1  -1  -1  -1  -1  -1  -1  -1  -1  -1  -1  -1  -1 251 251 251  -1  -1  -1  -1  -1  -1 
 42 266 266 283 283 283 268 268  -1  -1  -1  -1  -1 294 288  -1  -1  -1 281 281  -1  -1  -1  -1  -1  -1 
 43  -1  -1  -1  -1  -1  -1  -1  -1  -1  -1  -1  -1  -1  -1  -1  -1 295 295 295  -1  -1  -1  -1  -1  -1 
 44  -1  -1  -1  51  -1   8  -1 187 227  -1  99  -1  -1  -1 271  -1  -1  -1  -1   7  -1  52  -1  -1  10 
 45  -1  53  -1  -1  -1  -1 230 138  -1  -1  54  -1 141  -1  -1  -1  -1  -1  -1 182  -1 142  -1 285 181 
 46  -1  -1  -1  -1  -1  50  -1  -1 139  -1 275  -1  -1  -1  -1  -1  -1 308  -1 229  -1  -1  -1  -1  -1 
 47  -1  -1  -1  -1  -1  -1  -1  -1  -1  -1 225 313  11  -1  -1 269  -1  -1  -1  -1  -1  -1  -1 197  -1 
 48  -1  -1  -1  -1  -1  -1  95 231  -1  -1  -1  -1  -1  -1  97  96  -1  -1  -1  49  -1 272  -1 309  -1 
 49  -1  -1 311  -1  -1  -1  -1  65  -1  -1  -1  -1  -1  -1  -1  -1  -1  -1 312  -1  -1  -1 314  21  -1 
 50 186  -1  -1 184  -1  98  -1  -1 270  -1  -1  -1  -1  93  -1 226 153  -1  -1  -1  -1  -1  -1  -1  -1 
 51  55  -1  -1   5 310 228 183  -1  -1   9  -1  -1  -1  -1  -1  -1  -1  -1  -1 274  -1  -1  -1  -1  -1 
 52  -1  -1  -1  -1  -1  -1  -1 273  -1  -1  -1 241  -1  -1  -1 140 315  -1  -1  -1 316  -1  -1  -1  -1 
 53 137  -1 109  -1  -1 185  -1  -1  -1 143  -1  -1  94  -1  -1   6  -1  -1  -1  -1  -1  -1  -1  -1  -1 

r\t   0   1   2   3   4   5   6   7   8   9  10  11  12  13  14  15  16  17  18  19  20  21  22  23  24 
  0  -1  -1 234  -1 238  -1  -1  -1 292  -1  -1 146 298  -1  -1  -1  88  -1  -1  -1  -1 179  -1  -1  -1 
  1  -1  -1  -1 249  -1  -1 243  -1  39 176  -1  -1  -1  33  -1  -1 201  -1  -1  -1  -1  -1  -1  -1  -1 
  2  -1  -1 124 214  -1  -1  -1  -1 213  -1  -1  -1  -1  -1  -1  -1  -1 114  -1  -1  -1  -1  -1  -1  -1 
  3 220  80 215 129  -1  -1  -1  -1  -1  -1  -1  -1 170  -1  -1  -1 144  -1  -1  -1  -1  -1  -1 190  -1 
  4  -1 242  -1 257 106  -1 150  -1  -1  -1  -1 203  -1  -1  -1 260 115  82  86  -1  -1  -1  -1 284  66 
  5  -1  -1  41 282  -1  -1  -1 104 104 302  -1  -1  27 125  -1  -1  57  -1  -1  -1  -1  -1  -1 240  -1 
  6  -1  -1 248 307  -1  -1  -1 235  -1  85  -1  67 236 236  -1  -1   0  -1  -1  -1  -1  -1  -1  35  -1 
  7  -1 164  -1  -1  -1  -1  -1  -1 303  -1  -1 304  -1  -1  -1  -1  -1  -1  78  -1  -1 276 278  -1  -1 
  8  -1  -1  -1  -1  -1 233 110  -1  -1 223  -1  36  -1  -1  -1  -1  -1 168  -1  -1  -1  70  -1  -1  -1 
  9  -1 111 165  -1  -1  -1  -1  -1  -1  -1  -1  -1  -1  -1  -1  -1 253  -1  -1  -1  -1  -1  -1  -1  -1 
 10  -1  12  -1 172  -1  -1 296 145  69  -1  -1  -1  -1  -1  91  -1  -1  -1  -1  -1  -1  -1  -1  -1  -1 
 11  -1  -1 216  -1  -1  -1  -1 299 277  -1  -1  -1  -1 102  -1  -1 293  -1  -1 155  -1  -1 196  -1  -1 
 12  -1 211  72  71  -1  -1 167  -1  -1 126  -1  -1  -1 159  -1  -1  -1 297  34  -1  -1 152 209  -1  -1 
 13  -1  -1  -1  -1  -1  -1 191  -1  -1  -1  -1  81  -1 171  -1  -1  -1  59  -1  -1  -1 204  -1  13  -1 
 14  -1  -1 192 192  -1  -1  -1  -1  -1  -1  -1  -1  -1  -1  -1  -1 160  38  -1  -1  -1  14  -1  -1 262 
 15 261  -1  18  -1  -1  -1  -1  -1  -1  -1  -1 188  -1  -1  -1  -1  -1  -1  -1  -1  -1 103 147  76  -1 
 16  -1  -1  -1 267  -1  -1  28 166  37  -1  -1  -1 208  -1  -1  -1  -1  44  -1  -1  -1  -1  -1  -1  -1 
 17  -1  -1  -1  -1  -1  -1  -1  -1  -1  -1  -1 301  -1  -1  -1  -1  73  -1 154  -1  89  -1  20 265  -1 
 18  -1  87  -1  -1 175  -1  -1 255 135  -1  -1  47 127 123  -1  -1  -1  77  -1  -1  -1  -1 122 300  -1 
 19  -1  -1   3  -1  -1  -1  62  -1  -1  -1  -1  -1  -1  -1  -1  -1  -1  -1 305  -1  -1 199  -1 306  40 
 20  -1  32  42  64 128  -1  -1 279 219  -1  -1  -1  -1 189  -1  -1  -1  15  -1  -1  -1  -1  -1  -1  -1 
 21  -1  -1 100  -1  -1  -1 131  -1  -1  -1  -1  -1  -1  -1  -1  -1  -1  -1  -1  -1  -1  -1  -1  -1  -1 
 22  -1 198  -1 117  -1  -1  -1  -1  56  -1  -1  -1  -1  -1  -1  -1  26 212 291  -1  -1  -1 169 161  -1 
 23  -1 254 210  -1  -1  -1  -1  -1  -1  -1 194  -1 148 148  -1  -1  -1 245 287 218  -1  -1  60  60  -1 
 24  -1 259  -1  -1  -1  -1  -1  -1  -1  -1  -1 158  -1 289  -1  22  -1  -1  -1  -1  -1 232  -1  -1  -1 
 25  -1  -1  -1  -1  -1  -1  -1  -1 157  -1 173  -1 280 280 221  -1  43 217  -1  -1  -1  -1  -1  -1  -1 
 26  -1  -1  -1  -1  -1  -1  79  -1  -1  -1  -1 108 121  -1   1  -1  -1  -1  23  -1 177  -1  -1  -1  -1 
 27  -1  -1  25 205  -1  -1  -1 264  -1  -1  -1 116 247  -1  -1  -1  -1  -1 202  -1  -1  -1  29  -1  -1 
 28  -1  -1  -1 174  -1 130 113  58 252  -1  -1 246  -1  -1  -1  -1  -1 133  -1  84  -1 256 290 263  -1 
 29  -1  -1 132  16  16  -1  -1 120  83  -1 286  -1 101  -1  -1  -1  -1  -1  -1  -1  45  -1  -1 258  -1 
 30  -1  -1  -1  24  -1  -1  -1  -1  17  17  19  19  19  -1  -1  -1  -1  30  -1  -1   2   2   4   4  -1 
 31  -1  -1  -1  -1  -1  -1  -1  31  31  31  -1  -1  -1  -1  -1  -1  -1  -1  -1  -1  -1  -1  -1  -1  -1 
 32  63  63  63  -1  -1  -1  68  -1  48  48  -1  74  61  61  -1  -1  -1  -1  -1  -1  -1  -1  46  46  -1 
 33  -1  -1  -1  -1  -1  -1  -1  -1  -1  -1  -1  -1  75  75  75  -1  -1  -1  -1  -1  -1  -1  -1  -1  -1 
 34  -1 112  92  92  -1  -1  -1  90  90  -1  -1  -1  -1  -1  -1 107 107 107 118  -1  -1  -1  -1 105 105 
 35  -1  -1  -1  -1  -1  -1  -1  -1  -1  -1  -1  -1  -1  -1  -1  -1  -1  -1  -1  -1  -1  -1 119 119 119 
 36 151 151 151 162  -1  -1  -1  -1  -1  -1  -1 136 136 134 134  -1  -1  -1 156  -1  -1  -1  -1 149 149 
 37  -1  -1  -1  -1  -1  -1  -1  -1  -1  -1  -1  -1  -1  -1  -1  -1  -1  -1  -1  -1 163 163 163  -1  -1 
 38  -1  -1 180 180  -1  -1  -1 193 193  -1  -1 178 178 206  -1  -1 195 195 195  -1  -1  -1  -1 200  -1 
 39  -1  -1  -1  -1  -1  -1 207 207 207  -1  -1  -1  -1  -1  -1  -1  -1  -1  -1  -1  -1  -1  -1  -1  -1 
 40  -1  -1 222 222  -1  -1 244  -1  -1  -1 237 237  -1  -1  -1 239 239 239 250  -1 224 224  -1  -1  -1 
 41  -1  -1  -1  -1  -1  -1  -1  -1  -1  -1  -1  -1  -1  -1  -1  -1  -1  -1  -1  -1  -1  -1 251 251 251 
 42 281 281  -1 294  -1  -1  -1  -1  -1  -1  -1 288 268 268  -1 283 283 283  -1  -1 266 266  -1  -1  -1 
 43 295 295 295  -1  -1  -1  -1  -1  -1  -1  -1  -1  -1  -1  -1  -1  -1  -1  -1  -1  -1  -1  -1  -1  -1 
 44  -1  -1  -1  -1  -1  -1  -1 226  -1  -1  -1 273   7  -1  -1  -1  -1  -1  -1  -1  -1  96  -1  -1  -1 
 45  97  -1  53  -1  -1  -1  -1  -1 153  -1  -1 228  -1  -1  -1  -1  -1  -1 241  -1  -1 137  -1 184  -1 
 46  -1  -1  -1   5  -1  -1  21  -1  -1  -1  -1  -1  -1  -1 185  -1  -1   6  -1 312  -1  -1  -1 138  -1 
 47   9  -1  -1  -1  -1  -1  -1  10 230  -1  -1  -1  -1  51  -1  -1 141 225 313  -1  -1  -1  -1  -1  -1 
 48  -1  -1  -1  -1  -1 314  -1 182  11  -1  -1  -1  50 181  -1 316  -1  -1 109  -1  -1  54  -1  -1  -1 
 49  -1  -1  -1  -1  -1  -1 285  -1  -1 275  -1  98  -1 229  -1  -1 187  94  -1  -1  -1  -1 274  -1  -1 
 50  -1  -1 270 142  -1  -1  -1  -1  -1  -1  -1  -1  -1  -1  -1  -1 231  -1  -1  -1  -1  -1  -1  -1  -1 
 51  -1  -1  -1  -1  -1  -1  -1  55  -1 143  -1  -1  95  -1  -1  -1  49  -1  -1  -1  -1  -1 186  -1  -1 
 52 183  -1  -1  52  -1  -1 311  -1 272  93  -1  -1  -1  99  -1  -1  -1 269  65  -1  -1  -1  -1  -1  -1 
 53  -1 308  -1  -1 310 197  -1 140  -1  -1 309  -1 227   8 271  -1  -1  -1  -1  -1  -1  -1 139  -1 315 

r\t   0   1   2   3   4   5   6   7   8   9  10  11  12  13  14  15  16  17  18  19  20  21  22  23  24 
  0  -1  -1  25  -1  -1  -1  -1 216  -1  -1  -1  -1  -1  -1  -1  -1  -1  -1 293  37  -1  -1  -1  -1  -1 
  1  -1  -1 120  -1  -1  -1  -1  -1  -1  -1  -1  18  -1  -1  -1  -1  -1 276  -1  -1  -1  -1 257  -1  -1 
  2  -1  -1  12  -1  -1  -1  14  -1  -1  -1 304  -1  -1 127  -1  -1 122 298  -1  -1  -1  59 159  -1  -1 
  3  -1  88  -1  69  -1  -1 169  -1  72  -1  -1  -1 164  -1  -1  -1  -1  40  -1  -1 110  -1  -1  -1  -1 
  4  38  -1  80  -1  -1  -1  -1 173 101  -1  -1  -1  -1 300 221  -1  -1  -1  -1  -1  -1 232  -1  58  -1 
  5  -1 205  -1  -1  -1  -1 204  -1  -1  -1  -1  43 103  -1  -1  -1  -1  -1  -1  -1  -1  -1  -1  -1  -1 
  6  -1  -1  -1  -1  -1  -1 279 284  -1  -1  -1  -1  71  -1  -1 218  -1  -1 167  -1  -1 215  -1 296 132 
  7  -1  -1  -1  35  -1  -1  -1  -1 277  -1  -1  -1 217  16  16 219  -1  -1  -1  -1  -1  -1  -1  -1  -1 
  8  -1  -1 290  -1  -1  81  -1 168 303  -1  67 292 209  -1  -1  -1  -1 259  -1  87 242  -1  -1 158  -1 
  9  -1  -1  -1  -1  -1  -1 146  -1  -1  -1  -1  -1  -1  -1  -1  -1 203  -1  -1  -1 263   0 245 131  -1 
 10  -1 147  -1  -1  -1  -1 124  -1  -1  -1  -1 212 247  -1  -1  -1  23  -1  -1  -1  -1 188  -1  -1  -1 
 11  -1  -1  -1  -1  -1  -1  79  -1 208  -1  -1 243  -1 201  -1  -1 157  33  -1 238  -1 220  -1  -1  -1 
 12  -1  -1  -1  -1  -1  -1  47  -1  -1  91  -1  -1  -1 111  -1  -1 305  -1 196  -1  -1  -1  -1  -1  -1 
 13  -1  -1  -1  -1 287  -1  -1  32  -1  -1  -1 116  -1  -1  -1  -1  -1  -1  -1  -1  -1  -1 234 179  -1 
 14  86 161  -1  -1 128 214  -1 148 148  -1  -1  -1 306  -1  -1 282  -1  -1  -1  -1  -1  -1  78 114  -1 
 15  -1 191  -1  -1 106 302 289 252  -1  -1  -1 246  83 121  -1  -1 286  -1  -1  -1  -1 211  -1  -1  -1 
 16  -1 249 267 256  -1  -1 108 301  -1  -1 130 100  -1  76  -1  -1  29  -1  -1 126  -1  20  -1  -1  -1 
 17  -1  70  -1  -1  -1  -1  -1  -1  -1  -1 170  -1  -1  -1  -1  -1  -1  -1  -1  -1  -1  -1  -1  -1  -1 
 18  -1  56  -1  -1  -1  -1  89  -1 261  -1  -1  26  -1  -1  -1  -1 199  -1  -1 175  -1  -1 189 278  -1 
 19  -1  -1  -1  -1  -1  -1 198 236 236  -1  -1 264  -1  -1  -1  -1  -1  -1 202  -1 307  85  -1  -1  -1 
 20  -1  -1  45  -1  -1  -1  66 117 213  -1  -1   3  -1  -1  -1  -1  -1 240 150  -1  -1 262  -1  -1  -1 
 21  -1  -1  64  -1  -1  -1  -1 192 192  -1  -1  77   1  -1  -1  -1  -1  -1 174  -1  -1  44 104 104  -1 
 22  -1  -1  -1  -1  22  -1  -1  -1  15  -1 155 223  -1  -1  -1  -1  -1  -1  28  -1  -1  -1 258 254  -1 
 23  -1  -1 280 280  -1  -1  36  -1 160  -1  -1  -1  -1  -1  84  -1  -1  -1 135  -1  -1  -1  -1  -1  -1 
 24  -1  -1  -1  -1  -1  82  27  41  -1  -1  -1  -1  -1 125 172  -1  -1  -1  -1  -1  -1  -1  -1  -1  -1 
 25  -1  -1  -1  -1  -1 260  -1  13 255  -1  -1  -1  -1 248  -1  -1  73  -1 177  -1  -1  -1  57  -1  -1 
 26  -1  -1  -1  -1  -1  -1 233  60  60  -1  -1 165 123  -1  -1  -1  62 166  -1 129  -1  -1  -1  -1  -1 
 27 265  -1  -1  -1  -1  -1  -1  -1  -1  -1  -1  -1  -1 171  -1  -1  -1 190  -1  -1  -1 297 210  -1 176 
 28  -1 113  -1  -1  -1  -1  -1 102  34  -1  -1 152 144 154  -1  -1 299 145  -1  -1  39  -1 115 194  -1 
 29  -1  -1 253  -1  -1  -1  -1  -1  -1  -1  -1  -1  -1  -1  -1  -1  -1  42 235  -1  -1  -1 291 133  -1 
 30  -1   2   2  -1  -1  -1  -1  -1   4   4  -1  -1  -1  30  -1  -1  -1  19  19  19  -1  24  17  17  -1 
 31  -1  -1  -1  -1  -1  -1  -1  -1  -1  -1  -1  -1  -1  -1  -1  -1  -1  -1  -1  -1  -1  -1  31  31  31 
 32  -1  -1  -1  -1  -1  -1  -1  68  48  48  -1  63  63  63  -1  -1  -1  61  61  -1  -1  74  -1  46  46 
 33  -1  -1  -1  -1  -1  -1  -1  -1  -1  -1  -1  -1  -1  -1  -1  -1  -1  75  75  75  -1  -1  -1  -1  -1 
 34 107 107 107  -1  -1  -1  -1  -1 112  -1  -1  90  90  -1  -1  -1  -1 105 105  -1  -1 118  92  92  -1 
 35  -1  -1  -1  -1  -1  -1  -1  -1  -1  -1  -1  -1  -1  -1  -1 119 119 119  -1  -1  -1  -1  -1  -1  -1 
 36 134 134 149 149  -1  -1 156  -1  -1  -1  -1 136 136 162  -1  -1  -1  -1  -1  -1 151 151 151  -1  -1 
 37  -1  -1 163 163 163  -1  -1  -1  -1  -1  -1  -1  -1  -1  -1  -1  -1  -1  -1  -1  -1  -1  -1  -1  -1 
 38 178 178  -1 193 193  -1  -1 206 180 180 195 195 195  -1  -1  -1  -1  -1  -1  -1  -1  -1  -1 200  -1 
 39  -1  -1 207 207 207  -1  -1  -1  -1  -1  -1  -1  -1  -1  -1  -1  -1  -1  -1  -1  -1  -1  -1  -1  -1 
 40  -1 239 239 239  -1  -1 244  -1 224 224  -1  -1 237 237  -1  -1  -1  -1  -1  -1  -1 250  -1 222 222 
 41  -1  -1  -1  -1  -1  -1  -1  -1  -1  -1  -1  -1  -1  -1  -1  -1 251 251 251  -1  -1  -1  -1  -1  -1 
 42  -1  -1  -1 288  -1  -1  -1  -1 294  -1  -1 283 283 283  -1  -1  -1 266 266  -1 281 281 268 268  -1 
 43  -1  -1  -1  -1  -1 295 295 295  -1  -1  -1  -1  -1  -1  -1  -1  -1  -1  -1  -1  -1  -1  -1  -1  -1 
 44  -1  54  -1  -1  -1  -1  -1 183  -1  -1  -1  -1  -1  -1  50  -1  -1  -1  -1  -1  -1  93  -1  10  -1 
 45  -1  -1  -1  -1  -1  -1  -1  -1  -1  -1  -1  -1 182  -1 140 312  -1  -1   8  -1 314 184 141  -1 271 
 46 229  -1  -1  -1  -1  -1  -1 272  -1  -1  -1  -1 230  -1  -1  -1  -1  -1  -1  -1  -1  -1  -1  -1  -1 
 47  -1  -1  -1  21 310  -1 138  94 270  -1  -1  -1  -1  -1  -1  -1  -1  -1  -1  -1  -1  -1 186  -1  97 
 48  -1 273  95  -1  -1  -1   5  -1  99  -1  -1  -1  -1  -1 275  -1  -1 142  -1 316  -1 269  -1  -1  -1 
 49  -1  -1  -1  -1  -1  -1  -1 227 137 143  -1  -1  -1 197   7  -1 153 187  96  -1  -1  -1 225  -1  -1 
 50  -1  -1  -1  65  -1  -1  -1  -1  -1  -1  -1  -1  51  -1  -1  -1  -1 231  53  -1  -1  -1  -1  -1  -1 
 51  -1  -1  -1 109  -1 315  -1   9  -1 274  -1  -1  -1 311 185  -1 313   6 226  -1  -1  -1  -1  -1  -1 
 52  11  -1  -1 308 241  -1 228 139  -1  -1 309  -1  -1  -1  98  -1  -1  -1  -1 285  -1  -1  -1  -1  -1 
 53  55  -1 181  -1  -1  -1  -1  49  -1  -1  -1  -1  -1  -1  -1  -1  -1  -1  -1  -1  -1  -1  52  -1  -1 

