317
18 7
14 2
7 30
24 22
1 30
3 45
13 44
11 52
12 44
0 53
19 49
10 44
18 1
7 0
13 4
22 28
2 25
10 30
9 10
15 30
1 2
6 48
20 25
24 0
3 30
1 4
13 7
18 4
16 13
6 4
12 30
21 31
2 26
17 25
8 17
7 5
18 21
8 19
22 17
0 7
1 0
6 21
12 12
20 16
11 9
19 22
13 32
18 24
7 32
23 48
16 53
2 51
1 53
3 53
10 48
12 47
8 10
3 17
7 23
1 26
12 3
10 32
17 1
22 32
21 1
18 50
6 19
4 5
6 32
8 6
18 2
23 2
21 3
3 5
12 32
0 33
16 29
23 26
13 29
7 17
17 28
3 10
1 13
12 8
23 14
14 12
5 4
4 25
24 18
2 22
18 34
23 6
10 34
12 53
3 49
14 47
8 44
0 44
13 50
1 44
8 14
12 7
18 13
17 16
3 2
13 34
9 17
5 34
16 4
22 50
23 1
21 14
21 34
7 22
3 4
1 20
11 2
23 24
22 34
15 35
6 22
13 15
17 23
12 0
2 5
23 11
20 20
12 28
5 28
17 18
15 9
10 10
12 20
7 10
10 36
18 14
23 36
2 52
0 47
13 46
19 44
8 49
3 52
14 45
23 8
12 24
13 13
11 14
8 13
15 36
18 3
1 36
17 14
22 44
21 10
6 3
22 36
23 9
2 19
3 7
6 14
18 5
8 36
15 37
1 27
8 3
13 17
21 22
11 23
17 10
12 13
20 14
12 23
23 13
18 20
16 27
0 29
10 9
18 38
12 26
7 38
16 46
1 52
11 45
24 52
14 44
13 51
2 44
7 2
18 27
11 19
1 1
12 2
2 38
6 23
21 38
8 16
4 49
15 0
17 17
11 38
7 21
22 6
12 22
21 2
18 18
13 38
1 39
17 27
6 0
16 28
16 11
8 2
0 9
2 24
23 22
18 15
1 17
13 5
0 10
14 6
2 4
18 40
12 25
10 40
0 52
23 44
16 51
13 53
1 51
3 48
24 47
18 12
3 20
13 21
11 13
0 8
7 40
17 20
20 40
16 25
5 53
12 1
6 5
6 40
11 18
1 22
23 5
22 12
3 0
13 40
7 41
18 6
21 12
12 4
17 3
2 0
21 6
13 24
8 29
17 21
13 14
14 16
21 21
3 1
23 19
0 42
7 13
10 42
16 52
13 45
19 53
8 52
18 49
24 50
12 45
8 15
16 8
11 4
12 6
17 22
13 42
7 28
2 42
23 15
6 51
21 16
22 5
17 42
13 20
22 13
16 19
8 4
3 11
18 42
12 43
7 7
2 23
11 25
6 13
21 28
19 7
17 7
17 15
8 12
15 13
20 10
9 22
22 45
6 44
5 46
4 47
20 45
17 44
15 51
21 50
9 47

