317
3 5
24 20
7 30
22 26
16 30
11 45
13 47
10 47
19 49
20 53
21 48
9 53
1 29
17 7
16 0
21 13
7 4
12 30
18 18
2 30
11 21
22 45
23 17
6 23
23 30
2 7
21 15
17 17
22 10
8 17
1 30
11 31
3 15
16 17
18 21
7 22
16 1
14 22
9 4
2 20
16 5
7 23
5 22
9 29
4 2
8 11
20 32
7 6
12 32
11 53
10 44
22 53
17 51
16 49
24 49
9 47
21 17
16 9
22 21
11 3
12 29
2 32
7 17
17 32
1 23
6 53
23 10
5 1
7 32
18 9
22 9
13 13
6 8
17 20
11 32
1 33
23 7
17 3
12 20
7 7
21 5
1 19
22 24
12 27
12 2
17 22
6 6
18 7
22 1
7 16
8 34
13 2
3 34
20 51
12 53
11 50
17 53
24 50
16 46
10 48
3 13
16 2
12 3
11 23
8 1
17 34
2 12
21 34
7 27
13 48
6 21
1 1
12 34
1 5
23 12
22 27
6 13
13 3
11 34
17 35
2 0
21 8
16 13
8 0
3 17
22 8
0 19
13 19
3 12
3 23
15 25
7 28
24 25
7 3
12 36
17 6
8 36
16 47
19 45
11 48
20 52
3 45
21 45
10 53
11 10
16 12
8 28
2 14
12 0
3 36
18 2
21 36
7 24
1 50
6 26
17 26
17 36
16 6
23 11
21 18
13 26
1 4
11 36
2 37
22 4
12 14
6 25
18 4
7 25
3 14
15 2
18 22
23 23
19 23
12 1
20 15
4 22
20 10
11 38
21 22
7 38
13 50
3 49
9 50
22 44
10 51
24 47
19 53
7 12
22 11
8 20
11 15
12 11
2 38
6 22
16 38
1 3
23 47
14 5
21 12
23 38
18 14
8 29
6 27
17 10
3 20
22 38
0 39
11 0
21 4
12 12
12 28
16 8
19 5
9 5
2 28
17 18
3 29
1 24
24 13
10 3
24 21
20 40
11 19
8 40
22 52
16 45
12 50
7 46
19 47
4 52
13 51
8 15
21 2
7 9
22 7
12 18
15 40
6 0
1 40
17 5
18 53
11 1
23 15
12 40
7 21
22 6
13 28
11 12
3 22
23 40
15 41
2 27
6 10
8 25
18 20
1 26
0 8
11 13
0 18
12 4
14 21
14 17
4 10
17 25
24 2
20 42
16 28
10 42
4 53
9 51
13 52
8 45
22 49
12 44
19 52
17 9
22 23
21 29
8 10
12 6
5 42
18 29
1 42
11 8
16 44
23 5
14 13
12 42
13 1
22 5
2 19
18 1
1 17
8 42
5 43
16 16
3 2
11 25
17 13
21 10
13 7
5 17
2 8
12 7
1 22
12 25
23 2
18 44
6 51
5 44
15 47
14 45
2 48
1 46
23 53
0 44

