317
23 3
12 14
8 30
11 21
18 30
17 52
13 50
24 50
5 53
10 53
1 53
6 44
6 5
1 8
8 12
2 7
17 6
13 30
7 14
21 30
3 9
11 47
0 8
16 23
6 30
7 11
12 5
21 19
1 7
17 9
11 30
2 31
8 28
22 20
16 19
18 14
22 10
3 17
4 5
22 3
18 28
1 13
1 23
10 26
6 25
8 13
23 32
9 11
17 32
11 53
10 45
1 46
2 45
12 53
19 50
5 49
18 2
11 26
6 26
17 17
22 19
2 32
16 12
12 32
1 5
21 53
7 6
9 7
22 32
13 7
11 8
16 13
23 15
1 27
6 32
2 33
17 15
16 20
7 17
21 20
12 4
16 24
20 1
2 24
23 7
22 25
3 18
10 27
1 1
11 19
8 34
10 5
5 34
17 48
4 53
13 51
18 52
24 53
23 47
12 50
22 1
23 26
8 11
6 1
13 22
17 34
16 29
1 34
12 23
0 46
21 26
7 7
12 34
1 15
21 0
23 0
7 12
13 19
22 34
17 35
3 19
6 15
18 15
8 26
11 14
24 20
20 17
19 8
22 6
24 15
23 5
22 28
4 3
1 4
12 36
6 23
23 36
8 49
9 52
11 49
10 48
17 46
2 52
5 46
23 18
8 5
2 21
11 16
12 15
17 36
7 15
20 36
1 3
16 48
3 25
6 24
3 36
12 0
22 4
21 23
8 2
16 27
6 36
17 37
23 29
6 29
13 5
2 20
1 25
19 20
17 0
24 24
14 0
20 21
23 17
16 5
5 2
19 4
8 38
18 26
1 38
13 47
23 50
10 49
11 52
4 49
6 47
17 50
2 2
8 10
6 7
1 10
17 21
12 38
3 6
22 38
11 3
21 50
16 10
7 19
16 38
3 22
1 28
23 2
18 5
7 22
21 38
11 39
22 9
17 13
8 20
6 22
2 26
13 6
2 25
14 26
0 16
24 0
11 4
11 27
12 21
2 0
10 40
1 24
23 40
13 48
18 49
6 50
19 49
4 52
8 45
9 51
18 9
12 29
13 21
11 23
23 14
15 40
22 23
5 40
2 3
21 49
3 5
1 17
21 40
11 10
7 3
6 28
8 21
3 12
22 40
15 41
23 24
13 11
12 20
18 25
2 6
7 20
22 12
24 8
21 4
11 6
10 1
23 23
17 26
23 10
1 42
4 15
11 42
5 51
13 52
10 51
18 50
6 49
24 47
19 47
1 9
6 8
16 25
8 0
12 27
17 42
0 9
20 42
7 13
3 52
4 14
14 18
13 42
11 18
21 8
2 17
18 29
3 1
6 42
7 43
16 2
1 11
12 13
17 11
23 20
7 25
14 15
18 16
1 6
12 16
22 26
17 16
22 51
20 49
14 47
3 45
0 50
7 50
16 53
21 52
15 53

