317
7 27
14 29
17 30
1 12
20 30
2 46
13 49
3 44
10 49
4 46
11 46
6 52
11 5
2 1
3 28
13 16
17 6
22 30
15 20
7 30
21 1
1 48
12 3
16 4
1 30
3 8
13 29
6 23
21 11
16 28
11 30
22 31
2 13
8 15
18 25
17 5
8 28
19 0
21 9
21 29
15 22
24 7
11 18
24 14
2 22
3 16
13 32
11 20
17 32
1 51
20 50
21 48
22 45
7 45
10 51
4 50
2 7
8 14
1 16
13 0
18 28
22 32
12 26
5 32
21 12
11 48
0 23
16 5
16 32
2 14
3 10
11 1
17 17
7 22
12 32
21 33
8 9
6 11
13 24
18 20
1 1
20 20
22 16
24 3
6 5
7 19
8 13
23 10
17 28
3 29
13 34
22 1
10 34
2 51
21 47
23 48
6 49
4 45
1 47
20 44
23 24
6 25
2 26
21 26
10 21
7 34
19 29
16 34
3 1
0 48
12 23
22 8
2 34
17 24
18 5
16 2
22 10
1 20
12 34
7 35
11 13
21 7
7 17
23 0
3 18
8 21
21 28
7 8
16 20
13 7
10 13
6 6
3 25
7 20
13 36
21 20
22 36
17 52
20 48
1 45
2 53
6 53
18 49
4 48
1 29
3 13
6 15
16 27
22 28
17 36
19 12
10 36
7 4
0 45
8 6
21 3
2 36
1 18
12 25
11 0
23 3
18 8
21 36
15 37
13 28
22 18
8 20
3 27
6 19
21 14
21 27
12 10
24 9
3 26
19 22
12 4
22 15
20 1
6 38
1 19
10 38
17 48
3 48
18 44
23 45
13 45
21 53
2 52
17 20
18 1
6 3
3 21
22 23
15 38
8 4
12 38
7 23
0 50
24 8
1 14
23 38
18 24
8 12
7 2
17 10
1 10
22 38
2 39
12 11
21 18
11 10
11 7
16 9
17 18
17 22
3 0
18 22
11 26
5 12
24 23
20 11
2 27
13 40
23 13
10 40
21 50
18 53
3 50
1 46
4 51
6 51
22 52
13 22
21 21
11 14
22 3
3 22
0 40
9 28
15 40
6 24
23 51
12 1
8 29
8 40
22 6
2 21
1 27
3 23
13 19
21 40
5 41
17 2
23 4
12 22
18 2
11 22
16 13
6 17
7 13
15 21
6 7
11 24
6 29
3 4
13 13
17 42
21 6
22 42
6 47
1 49
20 51
7 51
11 49
14 47
10 53
6 14
22 7
23 8
8 17
17 14
10 42
16 22
2 42
7 29
19 51
21 15
12 13
16 42
16 17
13 12
2 20
22 20
1 26
6 42
7 43
21 19
3 9
18 7
23 7
11 3
2 18
20 22
21 8
24 25
21 5
19 5
7 9
16 51
19 49
15 50
12 45
24 47
8 49
9 45
0 44
5 48

