317
6 19
14 22
11 30
21 2
2 30
5 44
18 51
20 52
4 49
10 48
17 45
13 50
2 5
12 7
13 21
3 10
18 11
23 30
15 3
6 30
11 29
21 47
1 20
16 17
17 30
16 2
11 17
8 4
21 29
3 21
13 30
22 31
18 15
6 25
2 12
1 21
7 19
2 24
19 17
18 10
5 5
1 17
18 13
8 16
17 8
23 5
20 32
18 19
13 32
12 45
11 53
4 52
5 48
6 44
10 51
24 52
21 22
13 12
17 2
12 0
10 4
2 32
22 2
7 32
6 17
18 49
16 4
0 4
6 32
21 11
23 19
12 5
18 28
7 1
11 32
1 33
16 5
7 27
13 23
6 11
22 23
3 28
17 27
5 9
16 15
6 26
6 20
19 3
6 7
4 24
20 34
18 26
10 34
13 49
23 46
12 49
3 51
5 47
17 53
14 48
17 28
13 18
11 8
21 26
7 24
22 34
16 29
1 34
12 20
0 44
9 24
18 25
16 34
1 18
8 28
6 16
11 24
3 5
7 34
22 35
18 8
13 6
21 5
12 4
2 2
13 0
16 7
15 0
12 6
9 4
10 19
8 23
20 7
23 17
17 36
21 17
12 36
5 50
10 47
11 48
24 50
4 47
3 45
14 51
17 15
18 29
11 22
1 27
12 29
2 36
19 0
6 36
23 12
16 45
22 8
21 9
22 36
16 8
6 6
7 25
13 25
3 7
11 36
0 37
8 6
12 18
17 29
18 18
21 19
9 15
4 6
4 28
13 3
7 3
9 23
19 8
10 8
20 23
23 38
6 14
3 38
18 48
13 53
17 46
11 50
21 50
5 52
2 51
7 4
3 9
21 1
17 10
22 21
18 38
6 22
12 38
2 23
16 51
8 14
1 11
7 38
3 12
22 11
23 4
13 13
16 27
11 38
17 39
12 26
2 27
6 28
8 9
1 4
4 3
2 4
2 0
6 3
6 12
21 4
22 5
10 23
23 25
20 40
4 25
5 40
24 47
2 50
13 44
17 49
14 44
18 53
3 48
21 7
18 6
2 6
17 13
5 1
8 40
4 14
11 40
23 3
16 53
1 13
22 14
16 40
1 3
22 27
11 1
13 15
21 3
2 40
7 41
18 22
12 8
3 27
17 26
6 15
5 20
19 1
8 12
16 10
17 6
19 28
9 29
6 21
13 10
3 42
17 21
10 42
24 53
20 47
14 45
18 52
2 45
12 53
5 49
18 3
12 19
11 11
21 6
2 8
22 42
17 3
6 42
13 1
16 46
0 20
1 7
18 42
22 25
12 21
6 9
8 11
3 20
2 42
21 43
17 22
7 13
1 26
16 23
13 8
21 18
18 27
6 2
16 21
6 24
18 14
0 17
16 50
8 53
9 49
7 45
0 51
1 53
15 49
22 49
19 46

