317
6 26
14 13
23 30
15 13
20 30
1 44
8 47
2 49
13 52
10 52
17 49
12 45
12 5
17 11
16 28
13 22
20 6
7 30
22 0
0 30
6 0
18 47
11 6
3 21
17 30
16 3
11 5
3 7
22 24
6 12
12 30
7 31
18 28
2 18
23 7
21 21
1 17
9 13
21 2
4 11
0 29
1 13
16 7
21 5
20 12
15 1
1 32
17 15
6 32
8 45
9 45
23 45
12 44
13 44
14 46
24 46
2 25
7 28
1 2
6 20
8 24
12 32
3 20
21 32
11 0
18 52
17 9
16 4
16 32
1 22
17 3
6 10
21 11
13 8
3 32
10 33
23 14
6 4
8 14
2 4
18 22
3 27
4 22
11 1
8 11
22 2
1 20
16 2
12 0
20 29
1 34
14 27
23 34
13 51
6 53
7 48
17 44
9 50
21 44
10 49
12 12
13 25
21 23
23 20
3 4
15 34
5 26
6 34
1 4
18 44
11 19
22 28
21 34
7 23
2 2
1 11
13 11
23 6
3 34
15 35
8 7
12 24
16 22
11 8
22 6
0 5
2 28
13 28
7 6
3 17
6 23
19 0
15 19
2 19
13 36
1 18
7 36
6 52
9 48
12 49
20 47
21 52
17 50
10 50
13 6
6 19
8 8
12 11
20 13
22 36
5 9
17 36
2 21
11 48
3 2
1 3
6 36
7 4
17 8
16 19
3 5
21 4
1 36
22 37
18 17
1 8
11 14
8 28
12 14
5 5
24 13
18 26
13 23
20 21
4 7
12 4
9 22
20 23
23 38
8 18
1 38
12 48
17 48
10 47
7 46
14 52
6 48
21 53
2 26
7 27
21 1
1 12
22 25
10 38
3 19
15 38
12 23
8 50
5 23
18 24
7 38
21 17
23 21
6 3
17 19
1 15
18 38
11 39
16 8
8 15
2 0
3 1
22 20
6 18
14 1
9 17
19 22
7 22
13 16
4 8
1 7
14 17
20 40
10 15
12 40
23 48
6 51
17 52
15 44
9 49
2 48
8 46
8 29
17 26
12 22
13 26
0 21
22 40
16 24
5 40
21 29
11 52
3 13
18 23
1 40
7 1
12 9
13 29
17 24
18 19
8 40
22 41
3 16
6 25
16 23
2 14
21 16
18 25
15 11
20 27
1 6
15 10
13 7
12 25
23 19
8 20
20 42
2 12
6 42
10 48
17 51
9 44
1 51
14 47
24 48
15 46
7 11
23 22
6 1
21 3
0 19
18 42
16 10
11 42
8 21
22 45
3 0
2 23
2 42
18 12
3 10
6 13
22 29
11 20
1 42
17 43
23 8
7 10
16 17
21 28
13 27
4 12
2 13
4 16
2 5
24 12
0 27
0 0
16 47
3 49
4 50
18 50
5 47
11 49
19 46
22 51
0 49

