317
18 25
14 11
10 30
21 10
2 30
1 50
20 53
9 48
19 46
4 48
22 46
12 52
12 2
2 11
11 29
6 20
0 26
7 30
23 27
15 30
3 11
13 50
24 10
21 17
22 30
23 4
13 15
17 13
16 16
3 3
12 30
6 31
21 6
18 16
1 12
2 1
18 19
5 14
23 18
8 6
23 7
6 2
24 23
10 23
12 18
20 16
1 32
11 21
18 32
10 46
9 50
3 50
21 49
17 47
4 44
14 50
17 9
12 13
18 0
6 15
2 27
7 32
16 28
22 32
21 2
11 52
0 2
13 4
16 32
23 10
22 4
11 8
18 6
3 17
12 32
6 33
2 24
3 18
13 23
16 20
21 4
4 11
19 6
11 1
1 0
7 20
8 4
7 15
6 7
3 9
1 34
9 3
10 34
14 49
21 50
19 50
18 45
20 48
12 44
4 50
6 9
2 23
1 23
18 20
10 22
22 34
7 11
15 34
3 24
24 50
13 14
8 17
6 34
2 19
16 25
17 12
13 17
8 19
18 34
21 35
1 8
12 10
22 18
11 17
7 27
24 11
20 19
7 13
9 16
5 11
24 12
5 5
22 16
17 25
20 36
18 27
10 36
12 47
14 44
6 44
9 45
1 47
3 44
19 48
8 27
1 27
11 10
3 4
12 29
5 36
0 22
22 36
17 24
7 46
18 8
16 15
12 36
11 11
23 13
22 27
7 2
1 24
8 36
2 37
21 22
8 28
18 22
13 20
16 4
6 17
13 25
10 18
5 26
1 13
22 1
2 7
4 13
19 4
1 38
18 1
21 38
3 49
11 49
10 53
6 51
20 44
9 49
17 46
21 16
1 1
22 7
6 6
2 10
7 38
23 11
12 38
17 18
5 50
18 21
16 22
16 38
13 6
11 14
2 29
17 23
21 1
3 38
6 39
1 9
18 2
22 5
22 24
12 8
5 24
4 8
14 19
4 29
14 5
15 20
19 16
4 17
20 21
2 40
17 11
18 40
1 45
11 45
21 46
9 46
22 50
6 47
10 44
1 25
18 28
21 24
22 8
2 21
12 40
16 6
5 40
11 23
8 47
23 9
17 4
16 40
6 25
22 29
21 15
3 29
2 17
8 40
12 41
17 14
7 29
1 7
18 3
11 25
8 0
11 12
12 4
3 12
14 21
23 17
8 1
1 20
12 7
18 42
4 7
10 42
20 47
6 52
3 45
22 44
21 53
9 52
2 45
1 18
13 10
11 3
21 23
7 3
22 42
5 12
15 42
3 13
0 47
4 27
14 29
8 42
22 23
6 4
11 6
3 28
17 22
7 42
22 43
1 15
13 26
21 5
2 12
18 17
22 9
7 23
18 7
0 8
0 1
23 6
22 12
23 45
7 47
8 48
24 47
15 46
16 50
0 44
13 53
5 48

