317
6 14
12 19
13 30
11 18
2 30
1 49
21 52
20 47
19 51
0 49
18 45
10 47
1 7
14 2
18 16
13 24
2 17
22 30
16 15
5 30
21 22
17 45
11 4
8 23
17 30
7 13
6 2
11 17
21 29
1 22
8 30
22 31
16 12
13 27
18 12
2 5
12 27
9 1
23 26
3 8
18 17
9 18
14 3
24 3
21 17
2 25
0 32
3 24
10 32
13 45
23 48
12 46
6 51
19 45
5 48
20 48
6 27
1 6
21 24
7 14
12 0
22 32
15 25
16 32
8 28
3 49
14 25
4 9
21 32
1 4
3 10
17 18
22 20
6 18
13 32
7 33
16 19
18 9
11 13
21 28
2 16
14 27
10 20
7 15
20 3
5 24
9 0
4 15
18 11
3 22
13 34
2 20
5 34
12 51
1 44
11 48
21 44
19 46
20 44
0 51
6 11
18 18
1 11
21 12
12 10
15 34
4 27
22 34
11 8
7 46
8 3
2 3
2 34
11 23
22 10
23 3
7 24
1 9
21 34
15 35
12 23
8 6
17 13
6 19
3 3
11 22
17 21
12 5
21 0
11 10
23 6
12 12
0 26
21 13
10 36
13 16
5 36
19 50
12 53
23 50
20 52
1 52
18 48
14 50
12 15
6 6
23 17
16 6
10 2
17 36
8 13
1 36
21 25
22 48
13 8
7 19
7 36
6 23
3 6
2 22
23 11
13 5
22 36
16 37
1 3
22 7
12 8
8 15
11 24
16 18
9 29
11 19
9 17
9 24
24 15
5 9
0 17
19 22
2 38
11 20
20 38
1 46
18 53
5 45
12 52
23 49
10 44
6 47
21 8
1 20
2 28
23 9
3 25
12 38
22 12
6 38
18 10
11 45
17 14
16 9
18 38
1 29
6 21
8 24
21 27
11 28
23 38
12 39
22 14
2 21
17 27
16 24
3 26
1 2
0 22
3 2
7 1
20 8
2 13
16 25
10 5
5 16
13 40
11 9
1 40
12 44
21 49
18 47
19 49
20 49
6 50
3 48
12 22
21 4
13 23
22 28
2 19
17 40
4 18
7 40
23 2
15 53
11 11
16 11
21 40
18 23
11 12
12 17
13 13
6 7
16 40
22 41
2 1
1 1
17 26
3 12
8 1
18 21
18 6
18 2
1 26
15 9
22 18
6 8
23 8
0 2
1 42
19 4
5 42
13 50
21 51
3 51
18 51
11 46
12 49
14 45
18 27
8 20
6 28
13 14
2 0
10 42
7 7
20 42
1 13
17 50
16 23
4 17
17 42
16 13
23 10
3 15
6 5
1 17
13 42
10 43
8 0
2 7
18 0
7 22
21 16
19 12
9 12
6 16
19 18
24 25
11 6
14 4
16 53
24 51
15 46
17 44
8 44
7 44
4 50
22 44
9 51

