317
11 19
8 0
18 30
7 13
2 30
10 47
22 44
5 44
6 52
4 49
21 51
9 48
11 5
3 8
2 7
6 15
18 0
22 30
17 14
12 30
8 8
1 47
7 29
16 1
7 30
13 25
8 29
1 27
6 12
18 27
11 30
21 31
12 10
2 24
3 10
17 21
2 3
18 19
4 11
13 15
15 11
10 10
24 5
2 19
14 21
8 18
5 32
12 9
3 32
7 51
10 51
21 53
18 45
11 51
9 53
22 45
11 1
21 15
7 6
22 21
3 2
17 32
16 10
0 32
6 22
23 53
12 2
13 26
21 32
6 27
7 20
1 13
22 16
16 8
11 32
17 33
3 16
1 22
12 25
23 5
8 19
16 7
17 25
12 8
0 4
17 17
22 6
19 14
8 21
18 9
11 34
5 14
3 34
2 50
9 50
21 44
22 48
14 51
19 52
10 45
3 0
21 16
12 24
11 22
15 5
22 34
5 27
6 34
2 9
13 51
17 20
1 8
2 34
6 24
12 20
11 26
17 2
3 15
13 34
22 35
8 6
21 5
23 10
16 2
1 11
3 1
22 29
5 4
7 10
7 15
4 8
23 23
6 1
4 5
11 36
10 22
21 36
3 48
9 51
7 53
14 47
2 46
18 53
5 45
11 8
21 18
22 10
17 8
12 19
2 36
16 29
6 36
18 28
23 51
1 5
15 17
23 36
13 20
2 12
6 21
21 0
16 14
1 36
17 37
7 8
8 20
11 28
12 16
22 28
18 2
22 8
10 20
20 25
5 21
6 8
8 11
14 26
10 29
8 38
6 9
18 38
7 48
21 46
3 50
2 48
5 51
12 51
11 53
7 11
18 7
11 25
8 23
12 27
3 38
6 4
22 38
2 1
1 49
17 9
16 11
13 38
21 2
7 0
11 10
6 11
1 7
12 38
2 39
16 20
23 26
17 5
17 15
22 11
1 20
18 12
5 7
18 6
8 5
23 9
7 16
5 11
14 28
6 40
9 10
21 40
8 47
12 53
2 52
19 50
4 45
18 47
3 52
6 23
18 26
21 23
16 16
7 14
2 40
24 7
10 40
17 13
13 44
23 4
1 3
1 40
23 22
11 3
3 26
2 5
12 22
8 40
15 41
7 23
6 18
22 19
18 15
13 4
18 17
8 3
3 11
4 6
23 3
12 13
18 5
3 28
4 18
18 42
21 13
5 42
14 52
22 47
9 45
12 46
11 47
7 45
8 44
22 5
6 3
7 19
8 4
15 28
10 42
21 24
0 42
18 18
23 48
17 19
13 24
23 42
16 4
3 23
22 23
6 14
16 18
13 42
10 43
8 22
21 25
18 4
7 2
1 19
8 13
17 24
12 21
24 22
9 17
19 12
17 18
23 52
16 48
17 47
24 46
20 49
13 50
0 45
1 52
15 47

