r\t   0   1   2   3   4   5   6   7   8   9  10  11  12  13  14  15  16  17  18  19  20  21  22  23  24 
  0  -1  -1 108  -1  -1  83  -1  -1  -1  -1  -1  -1  -1  -1  -1  -1  -1  -1  -1  -1  -1 155 286  -1  -1 
  1 220  -1 188  87  -1  -1  -1  -1  -1  -1  -1 205  -1  -1  -1  -1  -1 238 255  -1 125  -1  -1 160  -1 
  2 179 296  -1  -1 132  -1  -1  -1 127  -1  -1  -1  -1 117  -1  -1  -1  -1  15  -1  -1  18  -1  -1  -1 
  3  -1  -1  -1 126  -1  -1  -1  -1 256  -1  -1  -1  -1  -1  -1  -1  -1  -1  -1  -1  -1  66  -1 173  -1 
  4  -1  20  -1  -1  39  -1 215 279  -1 111  -1  -1  -1 189  -1  -1 212  -1  -1  -1  -1  -1  36  34  -1 
  5  45  -1 240  -1  -1  -1  -1  -1  -1  -1  -1  -1 211  -1  -1  -1  -1  -1  -1  -1  -1  -1  -1  84  -1 
  6 213  -1  -1  -1  -1  -1  14  -1  -1  -1  -1  -1  -1  -1  -1 305  -1 277  -1  -1  -1  -1  -1  -1  44 
  7  -1  -1  -1  -1  -1  -1  -1 307  -1  -1  -1  -1  -1  -1  -1  -1  -1  -1  -1  -1  -1  -1  -1  -1  -1 
  8  -1  -1  -1  -1  -1  -1  -1  -1  35  -1  -1  -1  -1  62  -1  -1  71  -1  -1  -1  -1 128  72  -1  -1 
  9  -1  -1 154 116  -1  82  88 115 219  -1  -1  -1  -1 216  -1  -1  -1  42  -1 177  -1  33 246  -1 265 
 10  -1  -1  -1  -1  -1  -1  -1  -1  -1  -1  -1  -1  25 303  -1  -1  26 164 158  -1 106 257  16  16  -1 
 11 280 280  -1  28  -1  -1  -1  29  -1  -1  -1  -1  -1  -1  -1  -1  -1 299  64  -1  -1  -1  -1  -1  -1 
 12  -1  -1  -1 204  -1  -1  -1 202  -1  -1  -1  -1  -1  -1  -1  -1 103 209  -1 263  -1  -1  -1  -1  -1 
 13  -1  -1 121  -1  -1  -1  -1  -1 114  -1  -1  -1 104 104  -1  -1  -1 302 100  -1  -1  79  -1  -1  -1 
 14 194  -1  -1  -1  -1  -1 249  -1 301  -1  -1 253  -1  -1 169  -1  -1  -1  43  -1  -1 247 165  -1  -1 
 15  -1  47 135  -1  -1  -1  -1 145  -1  -1 110   0 210  -1  -1 261  -1  76  -1  -1  -1  -1  -1  58  -1 
 16  -1  -1  -1 152  -1  -1  -1  -1  -1  -1  -1  -1  -1  -1  -1  -1  -1  -1  -1  -1  -1 174  -1  -1  -1 
 17  -1  -1 291  70  -1  -1  -1 232  -1  -1  -1  89  -1  -1  -1  85  -1  23  -1  -1  -1  -1  -1  -1  -1 
 18  -1  -1  60  60  -1 221 157  78  -1  -1  -1 300  -1  12  -1  -1  -1  -1 278 267  -1 290 191  -1  -1 
 19  -1 147  -1 284  -1  -1  -1  -1  -1  -1  91  -1  -1  -1  -1  -1  -1  -1 298  -1  -1  -1 260 248  -1 
 20  -1  -1  -1 297  -1  -1  57 262  -1  -1  -1 124  -1  -1  -1  -1  -1  -1  -1  -1 214  -1  -1  -1  -1 
 21  -1  80  -1 190  -1  -1  -1  59  -1  -1 176  32  -1 292  -1  -1 159 304  -1  -1  -1  41  27  -1  -1 
 22  -1  -1  -1  -1  -1 170  -1  -1  -1  -1  -1  86 218  -1  -1  -1 282 122 129  -1  -1 120  -1 276  -1 
 23  -1  -1  -1 133  -1  -1 203  -1 242  -1  -1 233  -1  -1  -1  -1  -1 252  -1  -1  -1  -1 148 148  -1 
 24  -1  67  -1 131  -1  -1  -1 166  -1  -1  -1  -1 235 254  -1  -1 199  -1  -1   1  -1  -1  -1 196  -1 
 25  -1 102 168  -1  -1   3 289  -1 167  -1 223 171  -1  -1  -1  -1  -1  -1  77  -1  -1  -1  -1  -1  -1 
 26  -1 123  69  37  38  -1 234  -1 172  -1  -1  -1  -1  -1  -1 236 236  -1 201  -1  -1  -1 113  -1  -1 
 27  -1  -1 287 101  -1 175  -1  -1  -1 130  -1  -1  -1 161  -1  -1  22  -1  -1  -1  -1  -1  -1  -1  -1 
 28  -1  -1 208  -1  -1  -1 146  -1 150  -1 259  -1  -1  73 217 198 293  -1  -1  -1  -1  40  56  -1  81 
 29  -1 258  -1  -1  -1 192 192  13  -1  -1  -1 306 245 243  -1  -1 144  -1 264  -1  -1  -1  -1  -1  -1 
 30  -1  -1  17  17  -1  -1   2   2  -1  -1  19  19  19  24  -1  -1  -1  30  -1  -1  -1  -1  -1   4   4 
 31  31  31  31  -1  -1  -1  -1  -1  -1  -1  -1  -1  -1  -1  -1  -1  -1  -1  -1  -1  -1  -1  -1  -1  -1 
 32  -1  -1  46  46  -1  48  48  -1  74  -1  61  61  -1  -1  -1  63  63  63  -1  -1  -1  -1  -1  68  -1 
 33  -1  -1  -1  -1  -1  -1  -1  -1  -1  -1  75  75  75  -1  -1  -1  -1  -1  -1  -1  -1  -1  -1  -1  -1 
 34  92  92  -1  90  90  -1 118 105 105  -1  -1  -1 112  -1  -1  -1  -1  -1  -1  -1  -1 107 107 107  -1 
 35  -1  -1  -1  -1  -1  -1  -1  -1  -1  -1  -1  -1  -1  -1  -1 119 119 119  -1  -1  -1  -1  -1  -1  -1 
 36  -1 156  -1  -1  -1  -1 136 136  -1  -1 149 149  -1  -1  -1  -1  -1 151 151 151  -1 162  -1 134 134 
 37  -1  -1  -1  -1  -1  -1  -1  -1  -1  -1 163 163 163  -1  -1  -1  -1  -1  -1  -1  -1  -1  -1  -1  -1 
 38  -1 206  -1 178 178 180 180 195 195 195 193 193  -1 200  -1  -1  -1  -1  -1  -1  -1  -1  -1  -1  -1 
 39  -1  -1  -1  -1  -1  -1  -1  -1  -1  -1  -1  -1  -1  -1  -1  -1  -1  -1  -1  -1  -1 207 207 207  -1 
 40 237 237  -1  -1  -1  -1  -1 244  -1  -1  -1 224 224  -1  -1  -1 250  -1 222 222  -1  -1 239 239 239 
 41  -1 251 251 251  -1  -1  -1  -1  -1  -1  -1  -1  -1  -1  -1  -1  -1  -1  -1  -1  -1  -1  -1  -1  -1 
 42 266 266  -1 268 268 281 281  -1  -1  -1  -1 283 283 283  -1  -1  -1  -1  -1  -1  -1  -1 288 294  -1 
 43  -1  -1  -1  -1  -1  -1 295 295 295  -1  -1  -1  -1  -1  -1  -1  -1  -1  -1  -1  -1  -1  -1  -1  -1 
 44  -1  -1  94   6  -1  -1  -1  -1  65  -1  -1  -1   8  -1  -1  -1  -1  -1  51  -1  -1 241  -1 181  -1 
 45  -1   7 186  -1   9  -1 269  -1  -1  50  -1  -1  -1  -1 312  -1  -1  -1  -1  -1  -1 285  -1  -1  -1 
 46  -1  -1  -1  -1  -1  -1  -1  49 315  -1  -1 142  -1  -1  -1  -1  -1  -1 141  -1  -1  -1  -1  -1  -1 
 47  -1  -1  -1  -1 228  -1 229  -1  -1  11 275  -1 270  -1 109  -1  -1  -1  -1  -1  -1  -1 309 230  -1 
 48  -1  -1  -1  -1  -1  -1  -1  -1  -1  -1  -1 273 139  -1  -1  -1  -1  -1  -1  -1 316  -1  -1  -1 183 
 49  -1 137  -1  -1  -1 274  -1  93  -1  -1  -1  -1  -1 153  -1  -1  -1  -1  10  -1  -1  -1  -1  -1  -1 
 50  -1  -1 231  -1  -1 138  -1  -1  -1 225  -1 184  -1  -1  -1  -1  -1 311  -1  -1  -1  -1  -1  52  -1 
 51  -1 227  -1  -1  54  97  -1  -1  -1 271  -1  -1  95 313  -1  -1  -1  -1 182  99  -1  -1  -1 272  98 
 52 143  -1   5  -1  -1  -1  -1  -1  21  -1  -1  -1 187  -1  -1  -1  -1 197  -1  -1  -1 314  -1  -1  -1 
 53  -1 185  -1  -1  -1  -1  -1 226  -1 140  -1  53  -1  -1  -1 310 308  -1  96  55  -1  -1  -1  -1  -1 

r\t   0   1   2   3   4   5   6   7   8   9  10  11  12  13  14  15  16  17  18  19  20  21  22  23  24 
  0  -1  -1 277  -1 133  -1  -1  -1  -1  -1  -1  -1  -1 128  -1  -1  14  -1  -1  -1  -1  -1  -1  -1  -1 
  1  -1 249 246 279  -1  -1  -1 144  -1  -1  -1  27  60  60 257  -1  -1  -1 103  -1  -1  -1 235  -1  -1 
  2  -1  -1  -1  -1  -1  -1 111 173  -1  -1  -1  -1 157 125  -1  -1 115  -1  -1  -1 287 245 171 258  -1 
  3  -1 110  -1  -1  -1  -1 300 252  47  -1  -1  -1 169  -1  -1  45  -1  -1 159  -1  -1  -1  -1 242  -1 
  4  -1  -1 121  44  -1  -1  -1  -1 284  -1  -1  -1  -1  -1  -1  -1 190  -1 213  -1  -1  -1  -1  76  -1 
  5  -1  -1  -1 116  -1  -1  -1  79  -1  -1  -1 146  -1 108  -1  -1  -1 114  -1  -1  -1 234 261  -1  -1 
  6  -1 154  -1  -1  -1  -1  -1 267  -1  -1  -1  -1  -1  82  -1  -1  -1  -1  -1  -1  -1  -1  -1  -1  -1 
  7  -1  -1  -1  -1  -1  -1  -1  41  -1  -1  40 102  -1  -1  -1  -1  -1  -1  -1  -1 130  -1  -1 161  -1 
  8  -1  -1 202  -1  -1  -1  -1 168  69  -1  -1  -1  -1  -1  -1  -1  -1  62  -1  -1  -1 131 298 122 217 
  9  -1 123  -1  -1  -1  -1  91  25 166  -1  -1  20  -1 293  -1  -1  -1 248  59  -1  83  -1 210  -1  -1 
 10  -1  71 299 201   1  -1 238  -1  -1  -1  -1  -1  86  -1  -1  -1  35  -1  -1  -1  39 129  64  -1  -1 
 11  -1  -1  -1  -1  -1  -1  12  -1  -1  -1  -1  -1  -1  -1  -1  -1  -1  -1 253  -1  -1 260 152  -1  -1 
 12  -1 215  -1 188 218  -1  73 286 265  -1  -1  -1 297  33 198  -1  -1  29  -1  -1  -1 205 179 150  -1 
 13  -1  77  72  -1  -1  -1  -1  -1  -1  -1  -1 256 145  -1  -1  -1  -1  -1  -1  -1  -1  -1  -1 199  -1 
 14  87  -1  -1  23  -1  -1 113  -1  -1  -1  -1  -1  -1  -1  -1  -1  -1 174  88  -1  -1  28  -1  -1 155 
 15  -1  -1 303  -1  -1  -1 219  -1  -1 172 177  -1  -1  36  -1  -1  56  -1  43  -1  -1 264  -1  -1  -1 
 16  -1 175  85 292  -1  -1  -1  -1 120  -1  -1  84  -1  -1  -1  -1  -1  -1  -1  -1  -1 289  -1  -1  -1 
 17  -1  26 104 104  -1  -1 307  -1  -1  -1  -1  -1 101  78  -1  -1 232  -1 262  -1  22  -1 170  -1  -1 
 18  -1  -1 148 148  -1  -1  -1  -1  -1 106  -1  -1 304  -1  -1  -1  -1 164  -1  -1  -1 216  -1 254  -1 
 19  -1  -1  -1  -1  89  -1  -1  -1 255  -1  -1  57  -1 117  -1  -1  -1  -1  -1  -1  -1  -1  -1  -1  -1 
 20  -1 243  -1   3  -1  -1  -1  58  -1  66  -1  -1  -1  -1  -1  -1  -1  -1  70  38  -1 278  -1  -1  -1 
 21  -1  -1 221  -1  -1 259  -1  -1  -1  -1  -1  -1  34  -1  -1  -1  -1  -1 191  -1  -1  -1  -1  -1  -1 
 22  -1  -1 301  -1  -1  -1 223  -1 208  -1  -1  -1 124  -1  -1  -1  -1  -1 302  -1  -1  -1  37  -1  -1 
 23 214  -1  -1  -1  -1  -1  -1  -1   0  -1  -1 291 132  -1  -1  -1 209  -1 127  -1  -1  -1  -1  -1  -1 
 24  -1  -1 189  -1  -1  -1  -1 204  -1  -1  -1  -1  -1  -1  -1  -1  80  18  -1  -1  -1  81 194 282  -1 
 25  -1 212  -1 233  -1  -1  -1 236 236  -1  -1 240  -1  -1  -1  -1 158  -1  13  -1 306  -1  -1 126  -1 
 26  -1 160 176  -1  -1  -1  -1  -1 147  -1  -1  -1  16  16  -1  -1  -1  42  -1  -1  -1  -1  -1  -1  -1 
 27  -1  -1  -1  -1  -1  -1  -1 100  -1  -1  -1  -1  -1 135  -1  -1  -1  -1  -1 263  -1  -1  -1  67  -1 
 28  -1  -1  15 165  -1  -1 276  -1  32  -1  -1 167 192 192  -1 280 280 196  -1  -1  -1 220 211  -1  -1 
 29  -1 296  -1  -1  -1  -1  -1  -1 290  -1  -1 305  -1 203  -1  -1 247  -1  -1  -1  -1  -1  -1  -1  -1 
 30  -1  -1  -1  24  -1  -1  30  19  19  19  -1   4   4   2   2  -1  -1  -1  -1  -1  -1  -1  -1  17  17 
 31  -1  -1  -1  -1  -1  -1  -1  -1  -1  -1  -1  -1  -1  -1  -1  -1  -1  -1  -1  -1  -1  -1  31  31  31 
 32  -1  63  63  63  -1  -1  48  48  -1  -1  -1  74  46  46  -1  -1  -1  68  -1  -1  61  61  -1  -1  -1 
 33  -1  -1  -1  -1  -1  -1  -1  -1  -1  -1  -1  -1  -1  -1  -1  -1  -1  -1  -1  -1  75  75  75  -1  -1 
 34  -1  -1  -1  -1  -1  -1  -1  90  90  -1  -1 112  -1  92  92 107 107 107 118  -1  -1  -1  -1 105 105 
 35  -1  -1  -1  -1  -1  -1  -1  -1  -1  -1  -1  -1  -1  -1  -1  -1  -1  -1  -1  -1  -1 119 119 119  -1 
 36  -1  -1 162  -1  -1 149 149 136 136  -1  -1  -1  -1 156  -1 134 134 151 151 151  -1  -1  -1  -1  -1 
 37  -1  -1  -1  -1  -1  -1  -1  -1  -1  -1  -1  -1  -1  -1  -1  -1  -1  -1  -1  -1 163 163 163  -1  -1 
 38 193 193  -1 178 178  -1 206 195 195 195  -1 200 180 180  -1  -1  -1  -1  -1  -1  -1  -1  -1  -1  -1 
 39  -1  -1  -1  -1  -1  -1  -1  -1  -1  -1  -1  -1  -1  -1  -1  -1  -1 207 207 207  -1  -1  -1  -1  -1 
 40  -1  -1  -1 222 222  -1 244  -1  -1  -1  -1  -1 237 237  -1 224 224 239 239 239  -1  -1 250  -1  -1 
 41  -1  -1  -1  -1  -1  -1  -1  -1  -1  -1  -1  -1 251 251 251  -1  -1  -1  -1  -1  -1  -1  -1  -1  -1 
 42  -1  -1 266 266  -1  -1  -1  -1  -1  -1 268 268 283 283 283  -1 294 281 281  -1  -1 288  -1  -1  -1 
 43  -1  -1  -1  -1  -1  -1  -1  -1  -1  -1  -1  -1  -1  -1  -1  -1  -1 295 295 295  -1  -1  -1  -1  -1 
 44  -1  -1  -1  -1  -1  -1  -1  -1  65  -1  -1 226  93  -1  -1 185  -1  -1  -1  -1 109  -1 270  -1  -1 
 45  -1  -1  -1  99 274  -1  -1  -1  -1 309  11  98 230  -1  -1  -1  -1 313  -1  -1  -1 184  -1  -1 311 
 46  -1  21  -1  -1  -1  -1  -1  -1  -1  -1  54  -1  -1  -1  55 271 187  -1  -1  -1  -1  -1  -1  -1  -1 
 47  -1  -1  -1  -1  49  -1   5  -1  -1  -1 225 186  -1  -1  -1  -1 273  -1   6  -1  -1  -1  -1  -1  -1 
 48  -1 285  -1  -1  -1 314  -1  -1  -1  -1  97 137  -1  -1  -1  -1  -1  -1  -1  -1  -1 142  -1  -1  -1 
 49  -1  -1  -1  -1  -1  -1  -1 229 228  -1 138  51  -1  -1  -1   8  96  -1  -1  -1  -1  -1  -1 308  -1 
 50 241  -1 140  -1  -1  -1 182 181  -1  -1  -1  -1  -1  -1  -1  -1  -1  -1 183  -1  -1  52  -1  -1  -1 
 51  -1  -1  -1  -1  -1  -1 275  -1  -1  -1  -1  -1  -1 153  -1  -1  50  -1 269 312 310  -1 227  -1  -1 
 52  -1 315  94  -1  -1  -1  -1  -1  -1  -1  -1  -1 272  -1 143  -1  -1  -1 231  -1  -1  -1  -1  -1  -1 
 53 316  -1   9 139  -1  -1 141  -1  -1  -1  -1  -1  -1  -1  -1  -1   7  -1  53  -1 197  10  95  -1  -1 

r\t   0   1   2   3   4   5   6   7   8   9  10  11  12  13  14  15  16  17  18  19  20  21  22  23  24 
  0  -1  -1 199  -1  -1  81 210 168 100  -1  -1  35  -1  -1 257  -1  77  -1  -1  -1  -1 191  -1  -1  -1 
  1  -1  -1 302  -1  -1  -1 114 209 115  -1  -1  47  43  -1  -1  -1  -1  -1  -1  -1  -1  -1  -1  -1 217 
  2  -1 190  -1  -1  -1  -1  -1  14  -1  -1  -1 298  -1  -1  -1  -1  -1  -1 159  -1  -1 123 267  -1  -1 
  3  -1 204 117  -1  -1 221  -1  -1  -1 176  -1  -1 260 261  44  -1  -1  -1 175  -1  -1  -1 276 131  -1 
  4 280 280 287  -1  -1  -1  -1  64  -1  -1  -1  -1 188  29  -1  -1  -1 201  -1  38  -1  -1  -1  -1  -1 
  5  -1  -1  70  -1  -1  -1  -1  -1  41 216  -1  -1  -1 208  -1  -1 172  -1 264  -1  -1  -1 164  -1 171 
  6  -1  -1  -1  22  -1  -1  -1  -1  -1  -1  -1  78 128 194  -1  -1  -1  -1  -1  -1  -1  -1  -1 215  -1 
  7  -1 124  -1 103  -1  -1  -1 129  -1  -1 236 236  -1  -1  -1  -1  -1 130 253  -1  -1  -1  -1  -1  -1 
  8  -1  -1 304 254  -1  -1  -1  -1 223  -1  -1  -1  -1  -1  -1  -1  -1  -1  -1  -1  -1 240  59  -1  -1 
  9 259  -1  -1  -1  -1  -1  -1 246 243 132  -1 189 146 301  -1  -1 158 173 212  -1 148 148  -1  -1  -1 
 10  -1  -1  23  -1  -1  -1 242  -1  39  -1  -1  -1 277  -1  -1  -1  -1  71  -1  -1  -1  -1  85  -1  -1 
 11  -1  -1  -1  -1  -1  82  -1 234 126  -1  -1 120 263  -1  -1  -1 150 122  -1  -1  -1  -1  -1  -1  -1 
 12  -1  -1  -1 177  -1  -1  -1  91  -1  -1  -1 166  -1  -1 218  -1  -1  -1 145  -1  -1  79 121  -1  -1 
 13  -1 102  66  56  -1 306  -1  32   0  -1  -1 252 255 238  -1  -1  34  -1  -1  -1  -1  -1  -1  -1 265 
 14  -1  -1  -1  -1  -1  -1 300 133  -1  -1  -1  -1 214 161 262  -1 232  -1  -1  -1  -1  20  -1 286  -1 
 15  -1  -1  -1  -1 305  -1  25  -1 160  -1  -1 127  -1  -1  -1  -1  -1  27  33  -1  -1  -1  -1  -1  -1 
 16 258 256  -1 233  -1  -1  -1  -1  76  -1  -1  -1  -1 282  -1  -1  -1  36  -1  -1 174 125  -1  -1  -1 
 17  45  -1 296  -1  -1  -1  -1  -1  -1  -1  -1  86  60  60  -1  -1  -1 155  -1  -1  -1  -1  -1 116  -1 
 18  -1  -1  -1  -1  -1  -1 211  -1  -1  -1  -1  -1  -1 113  -1  -1  -1 108 101  -1  -1  -1  -1  -1  -1 
 19  -1  -1  -1 196  -1  -1  -1  -1  -1  -1  88  67  -1  -1  -1  -1 303  -1  -1  -1  -1  -1  -1  -1  -1 
 20  -1  -1  -1   3  -1  -1 154  -1 135  -1  -1  -1  -1  -1  -1  -1 205 293  -1  -1  -1 110  -1 104 104 
 21  -1 235  -1 169  89  -1  -1 106  -1  -1  -1  -1  42  -1  -1  -1  18 245 297  -1  -1  -1  -1  28  -1 
 22  -1  58  -1  -1  -1  -1  -1  -1 248  37  -1 152  40  -1  -1  -1  -1  -1  -1  -1  -1  -1  73  -1  -1 
 23  -1  -1  -1  80  -1  -1 111  -1  -1  -1  -1  12  -1  -1  -1  -1 291  -1  -1  -1  -1 290  -1 157  -1 
 24  -1  15 249  -1  -1  -1 247  -1 279  87  -1  -1  -1  -1  -1  -1  -1  -1  -1  -1 307  83  -1  69  -1 
 25  -1  -1  -1  -1  -1  -1 198  -1 147  -1  -1 278  -1  -1  -1  -1  57  -1  -1  -1  -1  62  -1  -1  -1 
 26  -1  -1  -1 284  -1  -1  -1  -1  -1  -1  -1  -1  -1  -1  -1  -1  -1  16  16  -1  -1  -1  -1  -1  -1 
 27  -1  26  -1 202  -1  -1  -1 179  13  -1  -1  -1 289  -1  -1 170 213  -1  -1  -1  -1 165  -1  -1  -1 
 28 220  -1  -1  -1  -1  -1  -1 192 192  -1  -1 203  -1  -1  -1  -1  -1 167  -1  -1  -1  -1  -1  -1   1 
 29  -1 292  -1 299 144  -1  -1 219  -1  -1  -1  -1  -1  -1  -1  -1  -1  84  72  -1  -1  -1  -1  -1  -1 
 30  -1  -1  30  -1  -1  -1  -1  -1  24  -1   2   2  19  19  19  -1  -1  -1   4   4  -1  -1  17  17  -1 
 31  -1  -1  -1  -1  -1  -1  -1  -1  -1  -1  -1  -1  -1  -1  -1  -1  -1  -1  -1  -1  31  31  31  -1  -1 
 32  -1  68  -1  48  48  61  61  -1  46  46  -1  -1  74  -1  -1  -1  -1  63  63  63  -1  -1  -1  -1  -1 
 33  -1  -1  -1  -1  -1  75  75  75  -1  -1  -1  -1  -1  -1  -1  -1  -1  -1  -1  -1  -1  -1  -1  -1  -1 
 34  -1  -1  -1 112  -1  -1  -1 118  90  90  -1 107 107 107  -1 105 105  -1  92  92  -1  -1  -1  -1  -1 
 35  -1  -1  -1  -1  -1  -1  -1  -1  -1  -1  -1  -1  -1  -1  -1 119 119 119  -1  -1  -1  -1  -1  -1  -1 
 36  -1  -1 149 149  -1  -1 156  -1  -1  -1  -1 136 136  -1  -1  -1  -1  -1 134 134  -1 162 151 151 151 
 37  -1 163 163 163  -1  -1  -1  -1  -1  -1  -1  -1  -1  -1  -1  -1  -1  -1  -1  -1  -1  -1  -1  -1  -1 
 38 180 180  -1  -1  -1  -1  -1  -1 200  -1 178 178 206  -1  -1  -1 195 195 195  -1  -1  -1 193 193  -1 
 39  -1  -1  -1  -1  -1  -1  -1  -1  -1  -1  -1  -1  -1  -1  -1  -1  -1  -1  -1  -1  -1 207 207 207  -1 
 40  -1  -1  -1 222 222  -1  -1  -1  -1  -1  -1 224 224 244  -1  -1 250 239 239 239  -1  -1 237 237  -1 
 41  -1  -1  -1  -1  -1  -1  -1  -1  -1  -1  -1  -1  -1  -1  -1  -1  -1  -1  -1  -1  -1 251 251 251  -1 
 42 266 266  -1  -1  -1 281 281  -1  -1  -1 268 268 288  -1  -1  -1  -1 283 283 283  -1  -1 294  -1  -1 
 43  -1  -1  -1  -1  -1  -1  -1 295 295 295  -1  -1  -1  -1  -1  -1  -1  -1  -1  -1  -1  -1  -1  -1  -1 
 44 139  95  -1  -1 183 269  -1  -1  -1 225  -1  -1  -1  -1  -1  -1  -1  -1  -1 187  -1  -1  96  -1  -1 
 45  -1 141  -1 270 274  -1  -1 273 272   8  -1  -1  -1 153 231 316 314  -1  -1  -1  -1  -1  -1  -1  -1 
 46   9  -1  -1  -1  -1  -1  -1 230  -1  -1  49  -1 181  -1 271  -1  -1  -1 226  -1  -1  -1  52  65  -1 
 47  -1  -1 315  -1  -1  -1 313  -1  -1  -1  -1  -1 275  -1  -1  -1  -1  -1  -1  -1  -1 309  -1 308 182 
 48  -1 227 109  -1   7  -1  -1  -1 184  -1  -1  -1  -1  -1  -1  -1  -1  -1  -1  -1 197  -1  -1  -1  98 
 49  -1  -1  -1  -1  -1 186  -1  54  -1  -1 228  -1  -1  -1  -1  -1  -1  -1  -1  -1  -1  -1  -1  -1  -1 
 50  -1  50  -1  -1  -1  11  -1  -1  -1  -1  -1  -1  51  -1 137  -1  -1  -1  -1  -1  -1  -1  -1  -1 229 
 51  -1   5  -1  94  -1  99  -1  -1  -1  -1 138  -1  -1  -1  93  -1  -1 311  -1  -1  -1  -1  10  -1  -1 
 52  -1  -1  -1  -1  -1  -1  -1  -1  -1  -1  -1  -1  -1 312  -1  -1  -1  -1  53  -1  -1  -1 142  -1  55 
 53  97  -1 241  -1 140 143  21   6  -1  -1  -1  -1  -1  -1 185  -1  -1  -1  -1  -1 310 285  -1  -1  -1 

r\t   0   1   2   3   4   5   6   7   8   9  10  11  12  13  14  15  16  17  18  19  20  21  22  23  24 
  0  -1 198  -1  -1  -1  -1  18 202 117  -1  -1  -1  -1  -1  -1  -1  -1  -1  -1  -1  -1  -1  -1  -1 265 
  1  -1  -1  87  39  -1 128 293  82  -1  -1  -1  -1  -1 113  -1  -1  -1 154 172  -1  -1  -1 174 243  -1 
  2  -1  43  -1 194  -1  -1 204  -1  -1  -1 214  -1  -1 215  -1  -1 210  -1  -1  -1  -1  -1  -1  -1  -1 
  3  -1  -1  -1  -1  -1  -1 155 101  -1 176  -1  -1  -1  -1  -1  -1  -1 257 148 148  -1 121  -1 161  -1 
  4  -1  -1 130  -1  -1  -1  58 192 192  -1  -1  -1  -1 238  -1  -1  -1 175  -1  -1  -1  -1  -1 256  -1 
  5  -1 179  -1  -1  -1  -1  -1  16  16  -1  -1  73  -1 292  -1  -1 131  -1  -1  -1  -1  -1  -1 111  -1 
  6  -1  -1 300 122  -1  -1  -1 236 236  -1  -1 252  -1  -1 261  -1  -1  -1 253  -1  -1  -1  -1  -1  -1 
  7  -1  -1 145  -1  -1  -1 247 152 102  -1  -1  20 259  -1  -1  -1  -1  -1  -1  -1  -1  -1  -1 290  -1 
  8  -1  -1  -1  -1  -1  -1  -1  47  -1  -1  -1  -1  -1  -1  -1  -1  -1 248  -1  -1 233  44 249  -1  -1 
  9  -1 240  -1  -1  -1  -1  36  -1  -1  -1  -1  -1  -1  -1  -1  -1  -1  -1 289  -1  -1 263  -1  -1  -1 
 10 173   0  29  -1  -1  -1  -1  -1  -1  -1  60  60  -1  -1  -1 262  -1 199  -1  -1  -1  -1  -1  -1  -1 
 11  -1  12  -1  -1  -1  -1 190  -1  -1  -1  88  -1  -1  -1  -1  -1 306 104 104  -1  -1  -1  -1  -1  -1 
 12 169 146 219 216  -1 220 135  34  -1  -1  -1  -1  -1 284  -1  -1  86  76  -1  -1  -1  -1  -1  66  -1 
 13  -1  -1  -1  -1  -1 126  33 264  -1 129  -1 144 299  -1  -1  -1  14  -1 160  -1  -1 267  -1  -1 213 
 14  -1 298 170  -1  -1  85  -1  -1  -1  -1  -1  -1  15  -1 304  -1 211  -1  -1  -1  -1  -1 280 280  -1 
 15  -1 212  -1 150  -1  -1  -1 124  -1  -1  -1  -1  -1 255  -1 110 114  -1  -1  -1  -1  -1  -1  42  -1 
 16  -1  -1  69  -1  -1  -1  72 258  38  -1  -1  -1 120  -1  -1  -1 279  -1  80  -1  -1  -1  -1  -1  -1 
 17  -1  -1  -1  -1  -1  40  -1  62  56 132 217 296  -1  28  -1  -1  70  -1  -1  -1  22  -1 235  -1  -1 
 18  -1  84 277  -1  -1  -1  -1  -1 147  -1  -1  37  -1  -1  -1  -1  -1  -1  -1 302  -1 127 123  -1  -1 
 19  -1  79  -1 282  -1  -1  -1  -1 291  -1  -1 276 218  -1  -1  45  -1  -1 303  -1  -1  -1  -1  26  -1 
 20  -1  -1 209 167  -1  -1   3 133  71  -1  -1  41  -1  -1  -1  -1  89  -1  -1  -1  -1 287  -1  -1  81 
 21  -1  35  -1  -1  -1  -1 232  -1  -1  -1  -1 205  -1  -1 286  -1  -1 165 177  -1  -1  -1 100  -1  -1 
 22  -1  -1  -1  -1  -1  83 108  -1  -1  -1  -1 103  -1  -1  -1  -1  -1  -1  13  -1 106 246  78  -1 223 
 23  -1 278 188  -1  -1  -1  -1  -1  -1  -1  -1  -1 242  -1  -1  -1  -1 115  -1  -1  -1  -1 171 208  -1 
 24  -1  -1  -1 201  -1  -1  -1  77  -1 260  -1 196  -1  -1  -1  -1  -1  -1  -1  -1  -1  -1  -1  -1  -1 
 25  -1  -1  59  -1  -1  -1  -1  -1  27  -1  -1 234 158  23  -1  -1  -1  -1  -1  -1  -1  -1  -1 307   1 
 26  -1  -1  -1  -1  -1  -1 125 297 245  -1  -1  -1  -1  -1  -1  -1 189  -1  -1  -1  -1  -1  -1  -1  -1 
 27  -1  57 157  -1  -1  -1  -1  -1  -1  -1  -1 159 191  -1  -1  91  -1  -1  -1  -1  -1 221  -1  -1  -1 
 28  -1  -1  -1  -1  -1  -1 166 254  -1  -1  -1  -1 301 164  -1  -1  -1  -1  25  -1  -1  64  -1  -1  -1 
 29  -1  -1  -1  -1  -1  -1  -1  -1 168  -1  -1  -1  -1  -1  -1  -1  32  -1 305  -1  67  -1 203 116  -1 
 30  -1  -1  19  19  19  -1  -1   2   2  -1  -1  -1  -1  -1  -1  -1  -1  24   4   4  -1  30  17  17  -1 
 31  -1  -1  -1  -1  -1  -1  -1  -1  -1  -1  31  31  31  -1  -1  -1  -1  -1  -1  -1  -1  -1  -1  -1  -1 
 32  -1  48  48  68  -1  46  46  -1  -1  -1  -1  -1  61  61  -1  -1  63  63  63  -1  -1  74  -1  -1  -1 
 33  -1  -1  -1  -1  -1  -1  -1  -1  -1  -1  -1  -1  75  75  75  -1  -1  -1  -1  -1  -1  -1  -1  -1  -1 
 34  -1  -1 105 105  -1  -1 112  90  90  -1  -1  -1 107 107 107  -1  -1  -1 118  -1  -1  92  92  -1  -1 
 35 119 119 119  -1  -1  -1  -1  -1  -1  -1  -1  -1  -1  -1  -1  -1  -1  -1  -1  -1  -1  -1  -1  -1  -1 
 36  -1 156  -1  -1  -1  -1  -1  -1  -1  -1 134 134 151 151 151  -1 162  -1 136 136 149 149  -1  -1  -1 
 37  -1  -1  -1  -1  -1  -1  -1  -1  -1  -1  -1  -1  -1  -1  -1  -1  -1  -1  -1  -1 163 163 163  -1  -1 
 38  -1  -1  -1  -1  -1 178 178  -1  -1  -1  -1  -1  -1 193 193 180 180 200  -1  -1  -1 206 195 195 195 
 39  -1  -1  -1  -1  -1  -1  -1  -1  -1  -1  -1  -1 207 207 207  -1  -1  -1  -1  -1  -1  -1  -1  -1  -1 
 40  -1  -1 237 237  -1  -1  -1 222 222  -1 224 224 244  -1  -1  -1 250 239 239 239  -1  -1  -1  -1  -1 
 41  -1 251 251 251  -1  -1  -1  -1  -1  -1  -1  -1  -1  -1  -1  -1  -1  -1  -1  -1  -1  -1  -1  -1  -1 
 42  -1 268 268 288  -1 283 283 283 266 266  -1  -1  -1  -1  -1  -1  -1 281 281  -1  -1  -1 294  -1  -1 
 43  -1  -1  -1  -1  -1  -1  -1  -1  -1  -1  -1  -1  -1  -1  -1  -1 295 295 295  -1  -1  -1  -1  -1  -1 
 44  -1 142  -1  -1  -1   6  -1  -1  49  -1 183  51  -1 308  -1 269  -1  -1  -1  -1 312  -1 184  -1 141 
 45  -1  -1  -1  -1  -1 143  -1  -1  -1  -1  -1 182  -1  -1 310  -1  -1  -1  94  99  -1  -1  -1  -1  50 
 46  -1  -1  -1 314  -1  -1  -1  -1  -1  54 274  10  -1  -1  -1  -1 137  -1  -1  -1  -1  -1   8  -1  -1 
 47  -1  -1  -1  -1 316  -1  -1  -1  -1  -1  -1  -1  -1  -1  -1  -1  -1  -1  -1  -1  -1   7  53  -1  -1 
 48 309  -1 140  -1  -1  -1  -1  -1  -1  11  55  -1 311  -1  -1  -1  -1  -1  -1  -1  -1  -1  -1 153  -1 
 49 241  -1 228  -1  -1  -1  -1  -1 139  -1  -1 272  -1  -1  -1  -1 226  -1 270  -1  -1  -1  -1  -1  95 
 50  -1  -1 181  -1  -1  -1 227  -1 185 225  -1  96  -1  -1  -1  -1   5 315  -1  -1  -1  -1  -1  -1  -1 
 51  -1 230  -1  -1  -1  -1  93  -1  -1  -1  -1  -1  -1  -1  -1 138  -1  21  -1 271  -1 187 275 313  -1 
 52  -1  -1  -1  65 109  -1 273  -1  -1  -1  -1  -1  -1  -1  -1 229  -1  -1  -1 197  -1  -1  -1  -1  -1 
 53  -1  -1  -1  -1  -1  97  -1 186  -1  98  -1  -1 285  -1  -1   9  -1  -1  -1  52  -1  -1 231  -1  -1 

r\t   0   1   2   3   4   5   6   7   8   9  10  11  12  13  14  15  16  17  18  19  20  21  22  23  24 
  0  -1  -1  -1  -1  -1  -1  -1  -1  -1  -1  -1  -1  -1  -1  -1  -1  57 282  -1  -1  -1  -1 131 160  -1 
  1  -1  -1  -1  -1  -1  -1  -1  -1  -1  -1  -1  -1  -1  -1  -1  -1 277  -1  -1  -1  -1  71  -1 248  -1 
  2 170  -1 252  -1  -1  -1  27  -1  -1  -1  -1 108  -1  -1  -1  -1  -1 240  -1  -1  -1  -1  77  -1  -1 
  3  -1 260 159  -1  -1  -1  45  -1  -1  -1  -1  89  -1 209  -1  -1  70 299  -1  -1  -1  -1  -1 101  -1 
  4  -1  58 174  -1  -1  -1  -1 280 280  -1  -1  -1  -1  -1  -1  -1 256  -1  -1 215  -1  -1 289  -1  -1 
  5  -1  -1  87 127  -1  -1 132 104 104  -1  91  -1 147  -1  -1  -1  38  -1  -1  -1  -1 205  -1  -1  -1 
  6 306  -1  -1 286  -1  -1  -1  -1  -1  -1  -1  -1  -1  -1  -1  -1  -1  -1  -1  -1  -1 165  -1  -1  -1 
  7  -1  -1  -1 158  -1  -1  -1  -1 188  -1  -1  -1  -1  -1  -1  -1  -1  -1  -1  -1  -1  -1 245  -1  -1 
  8 307  -1  -1  -1  -1  -1 284  -1  -1  -1  -1 161  -1  -1  -1 304 103  -1  -1  -1  -1  81  -1  84  -1 
  9  -1 130  79  72  -1 110  -1  -1  39  -1 177  73  -1  -1  -1  -1  -1 150  -1  -1  -1  14  -1  -1  -1 
 10  -1 276 290  40  -1  -1  -1  -1  -1  -1  -1  12  -1  -1  -1  -1  -1  76  -1  -1  -1  -1  28  -1  -1 
 11  -1 213 117  -1  -1  -1  86  -1 264  -1  -1  -1  -1  -1  -1  -1  -1  -1  80  -1  43 122  62  78  -1 
 12 176   3 211 194  -1 287  64  -1  -1  -1  -1  59  -1  -1   1  -1 172  -1 303  -1  -1  -1  -1  -1  -1 
 13  -1  -1  -1 208  -1  -1 291 196 223  -1  -1  -1  -1  -1  -1  -1 135 120 167  -1  -1  -1  -1  -1  -1 
 14  -1  88 111  -1  -1  -1  -1  -1  -1  -1  -1  -1 243  15  -1  -1  -1 219 261  -1  -1  35  -1  -1  -1 
 15  -1 190  -1  -1  -1  -1  -1 123  -1  -1  -1  -1  -1  -1  -1 218  -1  -1 278  -1 133 144  -1  -1  -1 
 16  16  16  66  -1  -1  -1  -1  -1  -1  -1  -1  -1  -1 102  -1  -1  -1  -1  -1  -1  -1  -1  -1  -1 301 
 17  -1 255 238 169  -1  -1  -1  -1 305  -1  -1 146  -1 254  -1  -1 157  -1  -1  -1  -1  -1  -1  -1  -1 
 18  -1 124  82 106  -1  -1  36 204  -1  -1  -1  -1  -1 191  -1  -1  -1  20 145  -1  -1  -1  -1  13  -1 
 19  -1  41 154  -1  -1  -1  -1  -1 128  -1  -1 114  -1 115 221  -1  -1  -1  -1 258  -1  -1 126  -1  -1 
 20  -1 100  -1 216  -1  -1 217  44 121  -1  -1 300  -1  -1  -1  -1  -1  -1  -1  -1  -1  -1  -1  -1  -1 
 21 265 152  23  37  -1  -1  -1  60  60  -1  42 235  22  -1  -1  -1  83 302  -1  -1  -1  -1  -1  34  -1 
 22  -1 214 199 155 125  -1 179 148 148  -1  -1 189  -1 233  -1 259  -1  -1  -1  -1  -1  -1  -1  -1  85 
 23 175 210  -1  -1  -1 236 236  -1  69  -1  -1  -1 292  -1  -1  -1 113  -1  -1  -1 192 192  -1  47  -1 
 24  -1  -1 262  -1  -1  -1 198  33 297  -1  -1  -1  -1  -1  -1  -1  -1  -1 298  -1  -1 253  -1  -1  -1 
 25  -1  32  -1  18  -1  -1  -1  -1 166  -1  -1  -1  -1  26  -1  -1  29  -1  -1  -1  -1  -1  -1  67  -1 
 26  -1 171  -1 242  -1  -1  -1 296  -1  -1  -1 249  -1  -1  -1  -1  -1  -1 173  -1  -1  -1  -1  -1  -1 
 27  -1 129  -1  -1  -1 257 212  -1 201  -1 220  -1  -1  -1  -1  -1  -1  -1 203  -1  -1  -1  -1  -1  -1 
 28  -1 234  25  -1  -1  -1 116 168  -1  -1  -1  -1  -1  -1  -1 263 267 202  -1  -1  -1 279  -1  -1  -1 
 29  -1 164  -1  -1  -1  -1 247 232   0  -1  -1  -1 246  -1  -1  -1 293  -1  -1  -1  -1  56  -1  -1  -1 
 30  -1  -1  -1  24  -1  19  19  19  -1  -1  -1  30  -1  -1  -1   4   4  -1  17  17  -1  -1  -1   2   2 
 31  -1  -1  -1  -1  -1  -1  -1  -1  -1  -1  -1  -1  -1  -1  -1  -1  -1  31  31  31  -1  -1  -1  -1  -1 
 32  -1  -1  68  -1  -1  -1  -1  74  -1  -1  -1  -1  61  61  -1  46  46  63  63  63  48  48  -1  -1  -1 
 33  -1  -1  -1  -1  -1  -1  -1  -1  -1  -1  -1  -1  75  75  75  -1  -1  -1  -1  -1  -1  -1  -1  -1  -1 
 34  -1  -1  -1 112  -1  -1  -1  -1  90  90  -1  -1 118  -1  -1  92  92 107 107 107 105 105  -1  -1  -1 
 35  -1  -1  -1  -1  -1  -1  -1  -1  -1  -1  -1  -1  -1  -1  -1  -1  -1  -1  -1  -1 119 119 119  -1  -1 
 36 134 134  -1  -1  -1 149 149  -1  -1  -1 136 136  -1  -1  -1  -1  -1 156  -1  -1  -1 162 151 151 151 
 37  -1  -1  -1  -1  -1  -1  -1  -1  -1  -1  -1  -1 163 163 163  -1  -1  -1  -1  -1  -1  -1  -1  -1  -1 
 38  -1  -1  -1  -1  -1  -1  -1 178 178  -1  -1 200 206 180 180  -1 195 195 195  -1  -1  -1  -1 193 193 
 39  -1  -1  -1  -1  -1  -1  -1  -1  -1  -1  -1  -1  -1  -1  -1  -1  -1  -1  -1  -1  -1  -1 207 207 207 
 40 224 224  -1  -1  -1  -1  -1 244 250  -1  -1  -1  -1  -1  -1  -1  -1  -1 237 237 239 239 239 222 222 
 41  -1  -1  -1  -1  -1  -1  -1  -1  -1  -1  -1  -1  -1  -1  -1  -1  -1 251 251 251  -1  -1  -1  -1  -1 
 42  -1 294  -1 288  -1  -1 268 268  -1  -1 283 283 283 266 266  -1  -1  -1  -1  -1  -1  -1 281 281  -1 
 43  -1  -1  -1  -1  -1  -1  -1  -1  -1  -1  -1  -1  -1  -1  -1  -1  -1  -1  -1  -1  -1 295 295 295  -1 
 44  55 182  -1 311  -1  -1  95  -1  -1 143  53   8 197  -1  -1 275  -1  -1  -1  -1  -1  -1  -1  -1  -1 
 45  -1  -1  -1  -1  -1  -1  -1  -1  -1 225  -1  52  -1  -1  -1  -1  -1  -1  -1  -1  -1 272  -1  -1  93 
 46  -1  -1  -1  -1  -1 312  -1  -1  -1  -1  -1  -1  -1  -1  -1 228 153  -1  -1  -1  -1 184  -1  -1  -1 
 47  -1  -1  -1  -1 310  -1  -1 231  -1  50   9  -1  -1  -1  -1  -1  -1  -1  -1  -1  -1   6  -1  -1  -1 
 48  -1  -1 285  65  -1  -1  -1 142  -1  -1  -1 273  -1  94  -1  -1  -1  -1 309  -1  11 139  -1  -1  -1 
 49  97  51 308  -1  -1  -1 226  -1  -1 185  -1  -1  -1 227  -1 140 181  -1  -1 316  -1  -1  -1  -1  -1 
 50  -1 270  -1  -1  -1  -1  -1  -1  49   7  -1  -1  -1  -1  -1  -1 230  -1  -1  -1 183  -1  21  96  -1 
 51  -1  -1  -1  -1  -1  -1  -1  98 241  -1  -1  -1  -1  10  99  -1  -1 314  -1  -1  -1  -1  -1  -1  54 
 52  -1  -1  -1  -1  -1  -1  -1  -1  -1 271  -1 187 313 141  -1  -1  -1  -1  -1  -1  -1  -1 315 137  -1 
 53   5  -1  -1  -1  -1  -1  -1  -1 138  -1  -1 229 109  -1  -1 186  -1  -1  -1  -1 269  -1  -1  -1 274 

r\t   0   1   2   3   4   5   6   7   8   9  10  11  12  13  14  15  16  17  18  19  20  21  22  23  24 
  0 265  -1 192 192  -1  -1  -1  -1  -1  -1  -1  -1  -1 246  -1  -1 196 298  -1  45  -1  -1  -1 154  -1 
  1  -1  -1 260  -1  -1  -1  25  -1 127  -1 175 210  -1  -1  -1  -1 256 249 145  -1 243  -1  -1  -1  -1 
  2  -1  -1 245  -1  -1  -1  -1  -1  -1  -1  -1 189  -1 160  -1  -1  -1  -1 293  -1  -1  -1  72  -1  -1 
  3  -1 103  -1  -1  -1  -1  -1 240  -1  -1  -1  87  -1 198  -1  -1  -1  -1  -1  -1  43  -1  -1  -1  -1 
  4  -1 290  -1  -1  -1  -1  56  -1 297  -1  -1  -1  -1  -1  -1  -1  -1 102  -1  -1 104 104 157  -1  -1 
  5 219  -1  -1  -1  -1  -1  -1  -1 179 286  -1  67  -1  -1 129  -1  -1  60  60  -1  -1  -1  -1  -1  -1 
  6  -1  -1  -1  -1 220  -1  42  -1  -1  -1  -1 165 248  -1  -1  -1  66  -1 257  -1  -1  35  -1  -1 264 
  7  -1  12  -1  39  -1  -1  -1 296 194  -1  -1  -1  -1  -1  -1  -1  70 146  -1  89  -1 124  15  -1 173 
  8  -1 203  -1 170  -1  86 116  -1  -1  -1  -1  -1  40  -1  -1  -1  -1  -1  -1  -1  -1  71  -1  -1  -1 
  9 263  36  -1  -1  -1  -1  -1  -1  -1  -1  -1 214  -1  -1  -1  -1 299  -1 114  -1  -1  -1 300  -1  -1 
 10  -1  33 236 236  -1 213  -1 130 235  -1  -1  -1  -1  -1  -1  -1  -1  -1  -1  -1 174  -1  -1  -1  -1 
 11  -1 190  -1  -1  -1  -1  -1  64 204  -1  -1  -1  -1 289  -1  -1  -1  -1 254  -1 307  -1 201  -1  -1 
 12  -1  88  -1  -1  -1  -1  -1 255 135  -1  -1  -1  -1 301  -1  -1 305 115  -1  -1 303 125  -1 110  -1 
 13  -1 161 113  -1  -1  -1  -1  -1  18  -1  -1  -1  -1  82   0  -1  -1  -1  80  -1  -1  -1  -1  -1   1 
 14  -1  -1  -1  -1  -1 221 191  -1   3  -1  -1 247  -1  -1  -1  -1 282  -1  -1  -1  -1  -1  -1  -1 132 
 15  -1  -1  38 280 280  -1 108  -1  -1  -1  -1  83  28  -1  -1  -1  -1  -1  -1  -1  -1  -1 144  -1  -1 
 16  -1  73  -1  -1  -1  -1 233 216 267 176  -1  -1  -1  -1  -1  -1  20  -1 159  -1  -1 169  -1  -1  -1 
 17  -1  -1  -1  -1  -1  -1  13 188  59  -1  -1  26  -1  23  -1  -1  -1 164  -1  -1  -1  -1  -1  -1  -1 
 18  -1  -1  -1  27  -1  -1  -1  14 121  -1  -1  -1  -1  -1  -1  -1  -1  -1  -1 131  -1  -1  -1  -1  -1 
 19  -1 223  -1  58  -1  -1 158 147  69  -1 287  -1  -1  -1 218  -1  -1  -1  -1  -1  -1  -1  29  -1  -1 
 20  -1  -1  -1 208  -1  -1 284  -1 252  -1  -1  -1  -1  -1  -1  -1  -1  -1  -1  -1  -1  62  -1  -1  -1 
 21  -1  57  16  16  -1  -1 217  32  -1  -1  -1  -1  -1  -1  -1  -1  -1  -1 278  -1  -1 155  -1  -1  -1 
 22  -1 279  34  -1  -1  -1  79 215 101  91  -1  -1  -1  -1  -1 106 111 277  -1  -1  -1  -1 262  76 258 
 23  -1  37  47  77  -1  -1  -1 100  -1  -1  -1  -1 211  -1 306  -1  -1  -1  -1  -1  -1  -1  -1  -1  -1 
 24  -1 120  -1  -1  -1 126  -1 276  -1  -1  -1  -1 172  -1  -1  -1 242  -1  -1  -1  -1  22  44  81  -1 
 25  -1 238  -1  -1  -1  -1 291  -1  -1  -1  -1  -1 122  -1  41  -1  -1  -1  -1  -1  -1 212  -1 209  -1 
 26  -1  -1  78  -1  -1  -1 133 202 302  -1  -1  -1  -1  -1  -1  -1  -1  -1 205  -1  -1 128  84 199  -1 
 27  -1  -1  -1  -1  -1  -1 152 123  -1  -1  -1  -1  -1  -1  -1  -1 166  -1  -1  -1  -1  -1 117  -1  -1 
 28  -1  -1  -1 253  -1  -1  -1 304  -1  -1  -1  -1  85  -1  -1  -1 150 234 232  -1  -1 167  -1  -1  -1 
 29 148 148 171 259  -1  -1  -1 168  -1  -1  -1  -1  -1  -1  -1 261  -1  -1  -1 177  -1  -1  -1 292  -1 
 30  -1  -1   4   4  -1  -1   2   2  30  -1  19  19  19  24  -1  -1  -1  17  17  -1  -1  -1  -1  -1  -1 
 31  -1  -1  -1  -1  -1  -1  -1  -1  -1  -1  -1  -1  -1  -1  -1  -1  31  31  31  -1  -1  -1  -1  -1  -1 
 32  -1  -1  -1  46  46  -1  -1  48  48  -1  -1  74  -1  61  61  -1  -1  68  -1  -1  -1  -1  63  63  63 
 33  -1  -1  -1  -1  -1  -1  -1  -1  -1  -1  -1  -1  75  75  75  -1  -1  -1  -1  -1  -1  -1  -1  -1  -1 
 34  -1  -1 107 107 107  -1  -1  90  90  -1  -1  -1  -1 105 105  -1 118  92  92  -1  -1  -1  -1 112  -1 
 35  -1  -1  -1  -1  -1  -1  -1  -1  -1  -1  -1  -1 119 119 119  -1  -1  -1  -1  -1  -1  -1  -1  -1  -1 
 36 134 134 149 149  -1  -1  -1  -1  -1  -1  -1 162 151 151 151  -1  -1  -1 136 136  -1  -1  -1 156  -1 
 37  -1  -1 163 163 163  -1  -1  -1  -1  -1  -1  -1  -1  -1  -1  -1  -1  -1  -1  -1  -1  -1  -1  -1  -1 
 38  -1  -1 206 180 180 178 178  -1  -1  -1  -1  -1  -1 200  -1  -1  -1 193 193  -1 195 195 195  -1  -1 
 39  -1  -1  -1  -1  -1  -1  -1  -1  -1  -1  -1  -1  -1  -1  -1 207 207 207  -1  -1  -1  -1  -1  -1  -1 
 40  -1 250 222 222  -1  -1 244  -1  -1  -1  -1  -1 239 239 239  -1  -1  -1 224 224  -1  -1  -1 237 237 
 41  -1  -1  -1  -1  -1  -1  -1  -1  -1  -1  -1  -1  -1  -1  -1  -1  -1  -1  -1  -1  -1 251 251 251  -1 
 42  -1  -1 294 288  -1  -1 266 266  -1  -1  -1  -1  -1 281 281  -1  -1  -1 268 268  -1 283 283 283  -1 
 43  -1  -1  -1  -1  -1  -1  -1  -1  -1  -1  -1 295 295 295  -1  -1  -1  -1  -1  -1  -1  -1  -1  -1  -1 
 44  54   5  -1  -1  -1  99 230  -1 153 143  -1 109  -1  -1 181  -1  -1  49 184  -1  -1  -1  -1  -1  -1 
 45  -1  -1 274 140  -1  11  -1 228  -1  -1  -1  -1 309  -1  -1  -1  -1  -1  -1  -1  -1  -1  -1 314 231 
 46  -1  -1  94  -1  -1  -1  -1 186  -1   6  -1  -1  -1  -1  -1 312  -1 226  -1  -1  -1 313  -1  -1  -1 
 47  97  -1  -1  -1 275  50  -1  -1  -1  -1 310  -1  -1  -1  98  -1  -1  -1  -1  -1  -1  -1  -1  -1  -1 
 48  -1 187  -1  -1  -1  -1  95 137 227  -1  -1 311  -1  -1  -1  -1 315 142  52  -1  -1  -1  -1  21  93 
 49 225  -1  -1 269  -1 271  53  -1 285 229  -1  -1  -1 308 272  -1  -1  -1  -1   7 316  -1  10  -1  -1 
 50  -1 273  -1  -1  -1  -1  -1  -1  -1  -1  -1  -1  -1  -1  -1  -1  -1  -1  -1  -1  -1  -1  -1  -1  -1 
 51  -1  51 139  -1  -1 138  -1  -1  -1  -1  -1  -1  -1  -1  -1  -1  -1  -1  -1  -1  -1  -1  -1  -1 182 
 52   8  -1 183  -1  -1  -1  -1  -1  -1  -1  -1  -1 197  -1  -1  -1  -1 270  -1  -1  -1  -1 141  -1  -1 
 53 185  -1  65  -1   9  -1  -1  -1  -1  55  -1 241  -1  -1  -1  -1  -1  -1  -1  -1  -1  -1  96  -1  -1 

r\t   0   1   2   3   4   5   6   7   8   9  10  11  12  13  14  15  16  17  18  19  20  21  22  23  24 
  0  -1  -1  76  -1  -1  -1 256  12 191 217  -1  -1 233  -1  -1 258  -1  -1 212  -1  -1  -1  -1 216  -1 
  1  -1  -1 172  -1  -1  -1  -1  -1  -1  -1  -1  -1  -1 299  43  -1 209  -1  -1  -1  -1  -1 122 147  -1 
  2  -1  84  -1  15  -1  -1  -1  -1 261  -1  -1  -1  -1 248  -1  -1 130 114  -1  -1 221  -1 203 131  -1 
  3  67  -1  -1  -1  -1  -1 158  -1  -1  -1 170  82 148 148  -1  -1  -1  -1  -1  -1  -1  -1  -1  -1  -1 
  4  -1  -1 173  -1  -1  -1 128  -1  -1  -1  -1  -1  -1  -1  -1  -1 253  -1  -1  -1  -1 211  -1  -1  -1 
  5  -1 150  23  -1  -1  -1  -1  -1  -1  -1  -1  -1  -1 277  91  -1  -1  -1  -1 301  -1  70  -1  -1  -1 
  6  -1  -1  -1 305  -1  39  -1 108  -1  -1  -1  -1  81 234  -1 306  -1  -1 155  -1  -1  -1  -1  -1  -1 
  7  -1  22  -1 245 174  -1  -1  27  -1  -1  -1  -1 104 104  -1  -1  -1  -1  64  -1  -1  35 242 276  -1 
  8  -1  -1  -1  89  -1  -1 257  44  -1  -1  -1  86  -1 123  -1  -1  -1  -1  -1  -1  -1  -1  -1  -1  -1 
  9  -1 298 120  -1  -1  -1 132  37  88 302  -1  -1  -1 169 129  -1  28  -1  -1  -1  -1  -1  -1 161  -1 
 10  -1  -1  -1  -1  -1  -1 208 210  -1  -1  -1 116  59 164  -1  -1  -1  -1  -1  -1  -1  -1  -1  -1  -1 
 11  -1  62  -1   0  -1  -1  58  -1  -1  -1  -1  -1 303  -1  -1  -1 199 201 287  -1 213  -1  -1 171 219 
 12  -1 102  -1 196  -1  -1  -1 300 100  -1   1  57  -1  -1  -1  -1  -1  -1 254  -1  -1  -1 252  29  -1 
 13  -1  -1  -1  -1  -1  -1 240 124  -1  -1  -1  -1  -1  -1  -1  -1  -1  -1  -1  -1 176 284  -1  -1 126 
 14  -1  -1  -1 259  -1  -1 304  72  -1 175  -1  -1  -1  -1  -1  -1  -1  -1  -1 238  -1 255  -1  -1  -1 
 15  -1 167 307  25  -1  -1  -1  -1  -1  -1  -1 159  -1 260  -1  -1 165  -1  -1  -1  -1  -1  -1  -1  -1 
 16  -1  -1  -1 218  -1  -1 117  36  -1  -1  -1 296 179  -1  -1  -1  -1  -1  -1 215 214  -1  -1 192 192 
 17  -1  -1  -1  -1  -1  -1  -1  -1   3  -1  -1  -1  26  -1  -1  -1  -1 297  -1  -1  87  -1  60  60  -1 
 18  -1  32  -1  -1  -1  41  -1  -1  -1 106  -1  -1 166  78  -1 236 236  -1  -1  -1 265  -1  -1  -1  -1 
 19  -1  -1  -1 145  -1 125  14 280 280  -1  -1  -1  -1 189  -1  -1 103 264  -1  -1  -1 243  20  -1  -1 
 20  -1  -1 249  71  -1  -1  -1  -1 135  -1  -1 246 282  -1 220  -1  -1  -1  -1  -1  45 223 290  -1  -1 
 21  -1  -1  -1 205  -1  -1  -1 188 293  -1  -1 144 121 202  -1  -1  73  -1  -1  -1  -1  66  69  -1  -1 
 22  -1 113  -1  -1  -1  -1  -1 168 204 127  -1  -1  -1  56  -1  -1  -1  -1  -1  -1  -1  -1  -1  -1  -1 
 23  -1  77  -1  -1  -1  -1  -1  -1  79  -1  -1  42 292  83  -1  -1  -1  -1  -1  -1  16  16  -1  -1  38 
 24  -1  -1  -1  -1  -1  -1 146 133  -1  -1  -1  -1 247  -1  85  -1  -1 160  -1  -1  -1 101  -1  -1  -1 
 25  -1  -1  -1 289  -1  -1  33 152  18  -1  -1 278 267  -1  -1  -1  -1 263  -1  -1  -1  -1 286  -1  -1 
 26  -1  -1  -1 157  40  -1 190  -1  -1  -1  -1  -1  -1  -1 110  -1  -1  -1  -1  -1  -1  -1 198  80  -1 
 27  -1 232  -1  -1  -1  -1  -1  -1  34  -1  -1 235  -1  -1  -1  -1  -1  -1 115  -1  -1  -1  -1  -1  -1 
 28  -1  -1 154  -1 262  -1  -1  -1  -1  -1 177  -1 194  -1  -1  -1  -1  -1  -1  -1  -1  47  -1  13  -1 
 29  -1  -1 111  -1  -1  -1 279  -1  -1  -1  -1  -1  -1  -1  -1  -1 291  -1  -1  -1  -1  -1  -1  -1  -1 
 30  -1  -1  24  -1  -1   2   2  -1  -1  -1  -1  30  19  19  19  -1  -1  17  17  -1  -1  -1  -1   4   4 
 31  -1  -1  -1  -1  -1  -1  -1  -1  -1  -1  -1  -1  -1  -1  -1  -1  -1  31  31  31  -1  -1  -1  -1  -1 
 32  -1  -1  63  63  63  -1  68  61  61  -1  -1  74  48  48  -1  -1  -1  -1  -1  -1  -1  -1  -1  46  46 
 33  -1  -1  -1  -1  -1  -1  -1  -1  -1  -1  -1  -1  -1  -1  -1  -1  -1  75  75  75  -1  -1  -1  -1  -1 
 34  -1  -1  -1  -1  -1  -1  -1  -1 112  -1  -1  -1  92  92  -1  -1 118 107 107 107  90  90 105 105  -1 
 35  -1  -1  -1  -1  -1  -1  -1  -1  -1  -1  -1  -1  -1  -1  -1  -1  -1  -1  -1  -1  -1  -1 119 119 119 
 36  -1  -1 156  -1  -1  -1  -1  -1  -1  -1  -1 136 136  -1  -1 151 151 151 162  -1 149 149  -1 134 134 
 37  -1  -1  -1  -1  -1  -1  -1  -1  -1  -1  -1  -1  -1  -1  -1  -1  -1  -1  -1  -1 163 163 163  -1  -1 
 38 193 193  -1  -1  -1 178 178 180 180  -1  -1  -1 206  -1  -1  -1  -1 195 195 195  -1  -1  -1 200  -1 
 39 207 207 207  -1  -1  -1  -1  -1  -1  -1  -1  -1  -1  -1  -1  -1  -1  -1  -1  -1  -1  -1  -1  -1  -1 
 40  -1  -1 239 239 239  -1  -1 237 237  -1 222 222 224 224  -1  -1  -1 250  -1  -1  -1  -1  -1 244  -1 
 41  -1  -1  -1  -1  -1  -1  -1 251 251 251  -1  -1  -1  -1  -1  -1  -1  -1  -1  -1  -1  -1  -1  -1  -1 
 42  -1  -1  -1 281 281  -1  -1 268 268  -1  -1  -1  -1 266 266 283 283 283 294  -1  -1 288  -1  -1  -1 
 43  -1  -1 295 295 295  -1  -1  -1  -1  -1  -1  -1  -1  -1  -1  -1  -1  -1  -1  -1  -1  -1  -1  -1  -1 
 44  -1  -1  -1  -1  -1 274 269  -1  -1  -1  -1  -1  -1  -1  -1  -1  -1  -1  -1  -1  -1 273 313  -1 225 
 45  -1  -1  -1 141  -1 138  97  -1  -1 315 140  94  -1  -1 197  52  -1  -1  -1  -1  -1  -1  -1 230  -1 
 46  -1  -1  -1  -1  -1  -1  -1  -1  -1  -1  -1  -1  -1  -1  -1   7  -1 227 241  -1  -1  -1  -1  -1  -1 
 47  -1 314  -1  -1  -1  55  -1  -1  -1  -1 271 186  -1  -1  50  -1  65   5  -1  -1  -1  -1  -1  -1  -1 
 48  -1  -1  -1  -1  -1  -1  -1  -1  53  -1  -1 272  -1   6  -1  -1  21  -1  -1 309  -1  -1  -1  -1  -1 
 49  -1 285 312  -1  -1  -1  -1  93  -1  -1  -1  -1  -1  -1  -1  -1  -1 142  -1  -1  -1 183  -1  -1 275 
 50 109  -1  -1  -1 316  -1  -1  -1  -1  -1  -1  -1  -1 184  -1  98 311  -1 308  -1  -1  -1  -1  -1  -1 
 51  -1  -1  -1 182  -1  -1 226  11  -1  -1  -1  49  -1  -1  -1 181  -1  -1  -1  -1  -1 137  -1 270  -1 
 52 310  -1  -1  -1  -1  99  -1  -1  -1  -1  54  -1  -1 139 143  -1  -1  -1  -1  -1   9   8  -1 187 185 
 53  -1  -1  -1 228  -1 231  51  -1 153  -1  95  10  -1  -1  -1 229  -1  96  -1  -1  -1  -1  -1  -1  -1 

r\t   0   1   2   3   4   5   6   7   8   9  10  11  12  13  14  15  16  17  18  19  20  21  22  23  24 
  0  -1 191  -1  -1  -1  -1 305 210  -1  -1  -1  -1  -1  -1  -1  -1  -1 293  58  -1  -1  -1  -1 204  -1 
  1  -1  -1  -1  -1  -1  -1  -1 280 280  -1 238 167  -1 236 236  -1  -1  -1  -1  -1  -1  -1 111 128  -1 
  2  -1  64  -1  -1  -1  -1 108  -1  -1  -1  -1  -1  -1 246  -1  -1 291  -1  -1  -1 176  -1  28  -1  -1 
  3 265  -1  29  38  -1  -1 211  60  60  -1  -1  -1  -1 302  -1  -1  79  -1  -1  -1  -1  -1  -1  41  -1 
  4  -1  -1  -1  -1  -1  -1 240  -1 292  -1  -1  -1 219  -1  -1  -1  25  -1  -1  -1  -1  -1  -1  76  -1 
  5  -1  -1 160  -1  -1  -1 190  -1  -1  91  -1 102 249 216  -1  86  -1  -1  -1  -1  -1  -1  -1 124  -1 
  6  -1 256  12  82  -1 217  -1 148 148  -1  -1 113  -1  -1  -1 106 248  -1  -1  -1  -1  36  -1  -1  40 
  7  -1  -1  -1  34  -1  -1  -1 170  -1  -1  -1  66 257 277  -1  -1  -1  13  -1 258  -1 175  -1  -1 262 
  8  -1  -1  -1 261  -1  -1  -1  -1  -1  -1  -1 172 301  -1  -1  -1  -1 203  -1  -1  -1  -1  -1  27  -1 
  9  -1  -1  -1  -1  -1  -1  -1  -1 253  -1  -1  69  -1  45  -1  -1  -1 223  -1  -1  -1  -1 117  -1  -1 
 10  -1 101  -1  -1  -1  -1  20  -1 123  -1  -1  -1 199  -1  -1  -1 287  -1  72  -1 259 133  -1  -1  -1 
 11  -1  73  -1 276  -1  -1 159  -1  -1  84  -1 278  -1  -1  -1  -1  -1  -1 161  -1  -1 212  -1  -1  -1 
 12  -1  35 135  -1  -1  -1 146  -1  78  -1  -1 254  -1  -1  -1  -1  -1  -1  -1 177  -1  -1  -1  -1  -1 
 13  -1  -1  81  -1  -1  -1 279 299 130  -1  -1  -1 154  -1  -1  -1  62  -1  -1  -1  -1  57  -1 110  -1 
 14  -1  -1  -1  -1  -1  -1  -1 164 235  -1  -1  -1  -1 209  -1  -1 169  -1  -1  -1  -1  88  -1  -1  83 
 15  -1  -1  -1  -1 125  -1  -1  -1  -1 303  -1  -1 298  -1   1  -1  -1  -1 297  -1  -1  -1 158  -1 282 
 16  -1  -1 173 213  -1 221  -1  -1  -1  -1  -1  -1  -1  -1  -1  -1  -1 147 233  -1  -1  -1  -1  -1  -1 
 17  87  -1  -1  18  -1  -1  -1 194  -1  -1 155  -1  -1  -1  -1  -1  -1 243  -1  -1  -1  -1  -1  -1  -1 
 18  -1 127 126  -1  -1  -1  -1 115  -1  -1  -1  -1 242  -1  -1  -1 152  -1  -1  -1  -1  -1  -1  -1  -1 
 19  -1  -1   3  -1  -1  -1 245  -1  -1  -1  -1  -1  -1 120  -1  -1  -1  -1  -1  89  -1  33  -1  -1  -1 
 20  -1 284 267  -1  -1  37  -1 234  -1  -1 131  15  -1  -1  -1  -1  -1  -1  -1 260  -1 100  -1  -1  -1 
 21  -1 145  -1  -1  -1  -1  59 179  -1  -1  -1  -1  80  -1  -1  -1  42 307  32  -1 132 255  -1  -1  -1 
 22  -1 232 290  -1  -1  -1  -1  -1 188  -1  -1  -1  -1 103 220  -1  -1  -1  -1  -1  -1  -1  -1  -1  -1 
 23  -1  -1  -1  -1  -1  -1  -1 129 215  -1  -1  -1  -1  -1  -1  -1 198 174 114  -1  -1   0  -1  -1  -1 
 24  -1 300  -1  -1 171 218  -1  -1  -1  -1  -1  -1 286  -1  -1  -1  -1 121 247  43  -1  -1  -1  -1  -1 
 25  39 165  -1 205  -1  -1 214  -1  -1  -1  -1 144  -1 189  -1  -1  -1  56  14  -1  -1  -1 289  -1  -1 
 26  -1  -1  -1 122  -1  -1  -1  -1 166  -1  -1  -1  -1  -1  -1  -1  -1 264  -1  -1  -1 306  77  -1  -1 
 27  16  16  -1  -1  -1  -1  85 304  -1  -1  -1  47  -1 157  -1  -1  -1  -1 202  -1  -1  -1  71 168  -1 
 28  -1  -1  -1 150  -1  -1  -1 104 104  -1  67 263  26  -1  -1  -1  -1 192 192  -1  -1  44  -1  -1  -1 
 29  -1  -1 196  -1  -1  -1 296  -1 208  -1  22  -1  23  70  -1  -1 116  -1  -1  -1  -1  -1 201 252  -1 
 30   2   2  -1  -1  -1  -1  -1  17  17  -1  -1  30  -1  -1  -1  -1  -1  24   4   4  -1  19  19  19  -1 
 31  -1  -1  -1  -1  -1  -1  31  31  31  -1  -1  -1  -1  -1  -1  -1  -1  -1  -1  -1  -1  -1  -1  -1  -1 
 32  -1  -1  61  61  -1  -1  -1  74  46  46  -1  -1  -1  -1  -1  -1  68  -1  48  48  -1  -1  63  63  63 
 33  -1  -1  75  75  75  -1  -1  -1  -1  -1  -1  -1  -1  -1  -1  -1  -1  -1  -1  -1  -1  -1  -1  -1  -1 
 34  90  90  -1 105 105  -1 118  -1  -1  -1  -1  -1  -1  92  92  -1 107 107 107  -1  -1 112  -1  -1  -1 
 35  -1  -1 119 119 119  -1  -1  -1  -1  -1  -1  -1  -1  -1  -1  -1  -1  -1  -1  -1  -1  -1  -1  -1  -1 
 36  -1  -1  -1 162  -1 134 134 136 136  -1  -1  -1 156  -1  -1  -1  -1  -1 149 149  -1  -1 151 151 151 
 37  -1  -1  -1  -1  -1  -1  -1  -1  -1  -1  -1  -1  -1  -1  -1 163 163 163  -1  -1  -1  -1  -1  -1  -1 
 38  -1  -1  -1 193 193  -1  -1  -1 178 178  -1 200 206 180 180  -1  -1  -1  -1  -1  -1  -1 195 195 195 
 39 207 207 207  -1  -1  -1  -1  -1  -1  -1  -1  -1  -1  -1  -1  -1  -1  -1  -1  -1  -1  -1  -1  -1  -1 
 40 224 224 237 237  -1  -1  -1 250  -1  -1  -1  -1  -1  -1  -1  -1  -1 244  -1  -1 222 222 239 239 239 
 41  -1  -1 251 251 251  -1  -1  -1  -1  -1  -1  -1  -1  -1  -1  -1  -1  -1  -1  -1  -1  -1  -1  -1  -1 
 42  -1  -1  -1  -1  -1  -1 268 268 266 266  -1 288  -1 294  -1  -1  -1 283 283 283  -1  -1 281 281  -1 
 43  -1  -1  -1  -1  -1  -1  -1  -1  -1  -1  -1  -1  -1  -1  -1  -1  -1  -1  -1  -1  -1 295 295 295  -1 
 44  -1  -1 153  -1  -1  -1  -1  -1  -1  -1  -1  -1  -1  10  -1  -1  -1 182  -1 225  98  -1  -1  -1  -1 
 45  -1  -1  -1  -1  -1  97  54  -1 226  -1  -1 227  -1  -1 271  -1 315  -1 230  -1  -1  -1  -1  -1  -1 
 46  -1 275  -1  -1  -1 274  -1  -1  95   7  -1 269  -1 142  -1  -1  -1  96  -1  -1  -1  -1  -1  -1  -1 
 47 140  52  -1  -1  -1   6 228  -1  -1  -1  -1 187  -1  -1  -1  -1  -1  -1  -1  -1  -1  -1  -1  -1  -1 
 48  -1  -1  -1  -1  -1  -1  -1  93  -1  -1 197   8 109  -1  -1 311  -1  -1 183  -1 270  -1  -1  -1  -1 
 49  -1 137  -1  -1  -1  -1  -1  51  -1  -1  -1  -1  -1  -1  -1  -1  -1  -1 141 138  11  -1  -1  -1 316 
 50  -1  -1  -1  -1  -1  -1  -1   5  -1  -1  -1  94  65 273 143  -1  -1   9 272  -1  -1  -1  -1 308  -1 
 51  -1 184  -1 309  -1 185  99 229  -1  -1  -1 139 313  -1  -1  -1  -1  53  -1  -1  55  -1 314  -1  -1 
 52  49  -1  -1  -1 310  -1 186  -1  -1  -1 312  -1  -1  -1  50  -1  21  -1  -1  -1  -1 181  -1  -1  -1 
 53  -1  -1 285  -1  -1  -1  -1  -1  -1  -1  -1  -1  -1 231  -1  -1 241  -1  -1  -1  -1  -1  -1  -1  -1 

r\t   0   1   2   3   4   5   6   7   8   9  10  11  12  13  14  15  16  17  18  19  20  21  22  23  24 
  0  -1  -1  -1  76 131  -1  -1  -1  -1  -1 129  42 260 159  -1  -1 171  -1  -1  -1  -1  67  -1  -1  -1 
  1  -1  -1  -1  -1  -1 214  -1  -1  56  -1  -1  -1 202 254  -1  -1 212  -1  32  -1 176  -1  78  22  -1 
  2  -1 209  -1 154  -1 215 205 115  44  -1  -1 158  27 232  -1  -1  -1  -1 201  -1  -1  -1  -1 164  -1 
  3  -1  57  -1 305  -1  -1 103  -1  -1  -1  -1  -1  -1 267 263  -1  -1  -1 306  -1  -1 302 208  -1  -1 
  4  -1  -1  -1 194  -1  -1  80  -1  -1  -1  -1  40  -1  -1  -1  -1  -1 104 104  -1  -1 223  -1  -1 259 
  5  -1  -1 293  -1  -1  -1  -1  -1  -1  -1  -1 113  -1  -1  -1  -1  91  16  16  -1  -1 210 132 116  -1 
  6  -1 133  -1  -1  -1  -1 243 169 276  -1  -1  -1  -1  58  -1  -1  25 258 117  -1  -1  -1  -1 291  -1 
  7  -1  -1  -1 287  -1 150  45  -1  -1  -1  -1 246  -1  85  -1  -1 166 146  -1  -1  -1  -1  -1 165  -1 
  8  -1  -1  -1 218  -1  -1  -1  -1  -1  -1  -1  18  -1  -1 282  -1  12  -1  -1  89  -1  -1  -1 245  -1 
  9  -1  71  -1  -1  -1  -1  14  -1  -1  -1 173  -1  -1  -1  66  -1  -1  47  -1  -1  -1  -1  -1  -1  -1 
 10  -1  -1 247  -1  -1  -1  -1  -1 127  -1  -1  -1  -1  -1  -1  -1  -1  -1  -1  -1  -1  -1 157  -1  -1 
 11  -1  -1  -1  -1  -1  -1  64  -1  29  -1  -1  33  -1  -1  -1  -1 240  43  -1  -1  -1  -1  -1 175  -1 
 12  -1  -1  -1  23  -1  -1  -1  -1 234  -1  -1  -1  -1  87 174  -1 256  -1  -1  -1 170  -1 236 236  82 
 13  -1 300  -1  -1  -1  -1 188  -1  -1  -1  -1  -1  59  -1  -1  -1  -1  -1 145  -1 125  -1  -1  -1  -1 
 14 155  -1  -1  28  -1  -1  88 286  -1  -1  -1  -1  -1  -1  -1  -1  -1 167  -1  -1  -1  -1  26  -1  -1 
 15  -1  15  -1 160  -1  -1  -1  -1  69  -1  -1  -1  -1 203  -1  -1  -1  -1  -1  -1  -1 238  -1  -1  -1 
 16  -1  -1  -1 126  -1  -1  -1 152 255  -1  -1  -1  -1  73  -1  -1 124 172  -1  -1  -1 277  -1  -1  -1 
 17  -1  -1  -1 307  -1  -1  -1  -1  -1  -1  -1  -1 289  -1  -1  -1  -1  -1  -1  -1 257  -1  -1 211  -1 
 18  -1  -1  -1  -1  -1 135  -1  -1 114  -1  -1  -1  -1  -1  -1  -1  -1  62 304  -1  -1  -1 192 192  -1 
 19  -1 179  -1  -1  -1  -1  -1 290  -1  -1  -1  36 261  -1  -1  -1  -1  -1 196 177  -1 297  -1  -1  -1 
 20  -1  -1  -1 248  -1  -1  -1  -1  -1  -1  -1  -1  -1  -1  -1  -1  37 299 292  -1  -1 253  -1 130  -1 
 21  -1 233  -1  -1  -1 221 284 252  -1 262 216  -1  -1  -1  -1  -1  84 190  -1  -1  -1  81  -1   3  -1 
 22  -1  -1  -1  -1  -1  -1 265  -1  13  -1  -1  83  -1  -1  -1  -1  -1  79  72  -1 220 144  -1  -1  -1 
 23  -1  -1  -1 235  -1  -1  34  35  -1  -1  -1 106 111 303  -1  -1   0  -1  -1  -1  -1 213 123  -1   1 
 24  -1 168  77  38  -1  -1  -1  -1  -1  -1  -1 199  -1  -1  -1 148 148  -1  86  -1  -1 189  -1  -1  -1 
 25  -1  -1  -1  -1  -1  -1 147  -1  -1  -1 301  -1 249  -1  -1  -1 110  -1 278  -1  -1 121  60  60  -1 
 26  -1  -1  -1  -1  -1  -1  -1  -1  -1  -1  -1  -1  -1  41  -1  -1 191  -1  -1  -1  -1  -1 280 280  -1 
 27  -1  -1  -1  -1  -1  -1  -1 242 128  -1  -1  -1  -1 298  -1  -1  -1  -1  -1  -1  -1 101  -1  -1 219 
 28  -1  -1 122  -1  -1  -1  -1  70  -1  -1  -1  -1 120 100  -1  -1  -1 204 161  39  -1  -1 108 264  -1 
 29  -1 198  20  -1  -1  -1  -1  -1 217  -1  -1  -1 279  -1  -1  -1 296  -1  -1  -1  -1  -1  -1 102  -1 
 30  -1  -1  -1  -1  -1   4   4  -1   2   2  -1  -1  19  19  19  -1  -1  24  -1  -1  17  17  -1  30  -1 
 31  31  31  31  -1  -1  -1  -1  -1  -1  -1  -1  -1  -1  -1  -1  -1  -1  -1  -1  -1  -1  -1  -1  -1  -1 
 32  -1  -1  63  63  63  -1  -1  -1  -1  -1  -1  -1  -1  -1  -1  61  61  68  48  48  -1  74  -1  46  46 
 33  -1  -1  -1  -1  -1  -1  -1  -1  -1  -1  75  75  75  -1  -1  -1  -1  -1  -1  -1  -1  -1  -1  -1  -1 
 34  -1  -1  -1 105 105  -1 118 107 107 107  -1  -1  -1  -1  -1  -1  -1 112  -1  -1  92  92  90  90  -1 
 35  -1  -1 119 119 119  -1  -1  -1  -1  -1  -1  -1  -1  -1  -1  -1  -1  -1  -1  -1  -1  -1  -1  -1  -1 
 36  -1  -1 156  -1  -1  -1  -1  -1  -1  -1  -1 151 151 151  -1  -1 134 134 136 136  -1 162 149 149  -1 
 37  -1  -1  -1  -1  -1  -1 163 163 163  -1  -1  -1  -1  -1  -1  -1  -1  -1  -1  -1  -1  -1  -1  -1  -1 
 38  -1  -1 200 206  -1 180 180  -1 193 193  -1  -1 195 195 195  -1  -1  -1  -1  -1  -1  -1 178 178  -1 
 39  -1  -1  -1  -1  -1  -1  -1 207 207 207  -1  -1  -1  -1  -1  -1  -1  -1  -1  -1  -1  -1  -1  -1  -1 
 40  -1 244  -1  -1  -1  -1  -1  -1 224 224 239 239 239  -1  -1  -1  -1 237 237  -1  -1  -1 250 222 222 
 41  -1  -1  -1  -1  -1  -1  -1  -1  -1  -1  -1  -1  -1  -1  -1  -1  -1 251 251 251  -1  -1  -1  -1  -1 
 42 283 283 283  -1  -1  -1  -1  -1 288  -1  -1  -1  -1  -1  -1 281 281  -1 268 268 266 266 294  -1  -1 
 43  -1  -1  -1  -1  -1  -1  -1  -1  -1  -1 295 295 295  -1  -1  -1  -1  -1  -1  -1  -1  -1  -1  -1  -1 
 44  -1  -1 197  -1 309  -1  -1  -1  -1  -1 312  -1  -1 285  -1  -1  -1  -1  -1  -1  -1  -1  -1 137  -1 
 45  -1  -1 241  -1  -1  55  -1  -1  -1  50  -1  -1  -1  -1  -1  -1  -1  -1  -1  -1  -1  -1  -1  -1  -1 
 46  -1  96  -1  -1  -1  -1  -1  -1  -1  -1  -1  -1  -1  -1  -1  -1  49   8  95   7   9  -1  51  -1  -1 
 47  -1  -1  -1  -1  -1 269  -1  -1  -1 141  -1  -1  -1 187  -1  -1 227  -1 230  -1  -1 139 274  -1 271 
 48  -1  52 153  -1  -1  -1  -1  21  -1  -1  -1  -1  -1  93  -1 140 181  -1   5  -1  -1  -1 225  -1  -1 
 49 310  -1 311 308  -1  94  -1  -1  -1 275  -1  -1  -1  -1  -1  99 272  97 183  -1 143 182  -1  -1 138 
 50  -1  -1  -1  -1  -1  -1  -1  65 270  -1  -1  -1 313  -1 316 186  -1  -1  -1  -1  -1  -1   6  -1  98 
 51  -1  -1  -1  -1  -1  -1  -1 315  -1  -1  -1  -1  -1 142  -1  11  -1 273  -1  -1  -1  -1  -1  -1 185 
 52 109 226  -1  -1  -1  -1  -1  -1  -1  -1  -1 314  -1 231  -1 228  -1 184  -1  -1  -1  10  -1  -1  -1 
 53  -1  -1  -1  -1  -1  -1  -1  -1  -1  -1  -1  -1  -1  53  -1  -1  -1 229  -1  -1  54  -1  -1  -1  -1 

r\t   0   1   2   3   4   5   6   7   8   9  10  11  12  13  14  15  16  17  18  19  20  21  22  23  24 
  0  67 286 263  -1  -1  -1  -1 122  64  -1  -1  -1  -1  -1  -1 106  -1 220 304  -1  -1  -1  -1  -1  -1 
  1  -1 175 209  -1  -1  -1  -1 246  -1  -1  -1 198 297  -1  -1  -1  -1  -1  -1  -1  -1 168  -1 120 131 
  2  -1  -1  -1 214 306  -1  -1  -1 146  -1  -1  -1 235  -1  -1  -1  -1 277  -1  -1  -1  -1  -1  -1  -1 
  3  -1  -1  -1 264  -1  -1  18  -1  -1  -1  22  -1 111  -1  -1  -1  -1  -1  -1  -1  -1  -1  -1  86  -1 
  4  -1  35 299 126  -1  -1 194  -1  -1  -1  -1 167  -1 249  -1  -1  -1  16  16  -1  -1  -1  -1 199  -1 
  5  -1  37  -1  -1  -1  -1  -1  -1  41  -1  -1 102  -1  -1  -1  -1  -1 302  -1  -1  -1  12  27  -1  -1 
  6 129 190  -1  -1  -1  -1  -1  -1  -1  -1  -1  -1  -1 218  -1  -1 253  -1 255  -1  -1  -1  -1  -1  -1 
  7  -1  -1  72 101  -1  -1  -1  -1  -1  -1  -1 154 245  -1  -1  -1  -1  69  -1  -1  -1  -1 104 104  -1 
  8  -1  -1  15  34  -1  -1 279  -1  -1  -1  -1  -1  -1  -1  91  -1  -1  -1  -1  -1  -1  36  71  -1  -1 
  9  -1  -1 161  -1  -1  -1  -1  70  -1  -1  -1  -1  -1  -1  -1  -1  -1  -1  -1  -1  -1  -1 147  -1  -1 
 10  -1  -1  -1  45  -1  -1  -1 205  -1  -1  -1 254  -1  -1  -1  -1 223 252  -1  -1  -1 298  -1  -1  -1 
 11  -1  -1 100 203 219  -1  -1  -1 248  -1  -1  -1  -1  -1  38  -1  -1  60  60  -1  -1  44  -1  -1  -1 
 12  -1  -1  -1  -1  -1 148 148  -1  43  -1  -1  -1 217 233  -1  -1 243  -1  -1  -1  -1  -1  -1  -1  -1 
 13  -1 159  -1  -1  -1  -1  -1  39  -1  -1  -1  -1  -1  -1  -1  -1  -1  -1 240   1  -1 256  -1  57  -1 
 14  -1 116 123  -1  -1  -1  -1 158 232  -1  -1  -1  -1  -1  -1  -1 290  -1  -1  -1  -1  -1 173  -1  -1 
 15  -1  -1  -1 234  -1  -1 247  -1 132  -1  -1 292  -1 103  -1  -1 196  -1  -1  -1  -1  -1  -1  -1  -1 
 16  -1 296  -1  -1  -1  -1  -1 284  32  -1  62  -1 117 152  -1  -1  20  -1  77  -1  -1  -1  -1  -1  -1 
 17  -1  79 192 192  -1  -1 166  -1  -1  -1  -1  -1 157 130  -1  -1  -1 160  -1 258 236 236  -1 293  -1 
 18  -1  -1  -1  13 128  -1  -1  -1   3  -1  -1  -1  -1  -1  -1  -1  -1  84  -1 177  -1 113 169  -1  -1 
 19  -1  -1  58  -1  -1  -1  -1 289  40  -1  -1 215  -1  -1  82  -1  73 303  26  -1  -1  -1  -1 212  -1 
 20  -1 242  -1  -1  -1  -1 210 133  -1  -1  -1  -1 155 189  -1  -1  56  -1  -1  -1  -1  33 300  78  -1 
 21  -1  -1  -1 164  -1  -1  -1  -1  -1  -1  -1  -1 262  -1  -1 170  89 115  -1  -1  -1  -1  -1  -1  -1 
 22 238  42  29  -1 174  -1  -1  -1  -1  -1  -1  -1 171  -1  -1  -1 124  -1  -1  -1 265  83   0  -1  -1 
 23  -1  -1  -1  -1 125  -1 259  -1  -1  -1  -1  -1  -1 305  -1 150 165 135  87  -1  -1 261  -1 179  -1 
 24  -1  -1  -1 280 280  -1 301 188  -1  -1  -1  -1  -1  -1  -1  -1  -1  28 114  -1  -1  -1  -1  -1  -1 
 25  -1  -1  -1  -1  -1  -1  -1  -1  80  -1  -1  -1  -1 260  -1  -1 108  -1  -1  -1  -1 267  -1  -1  -1 
 26 287 110  -1  -1  -1  -1  -1  -1  -1  -1  -1 204 127 291  -1  -1  -1  -1 276  -1  -1 144  -1  -1  -1 
 27 213  66 221 121  -1  -1  -1  14  -1  -1  -1  -1  -1 216  -1  -1 145  -1  -1  -1  -1  59  47  -1  -1 
 28  -1  -1  -1  -1  -1  -1 211  25 257  -1  -1  -1 208  -1  -1  -1  -1  -1  -1  -1  -1 282 202  -1  -1 
 29 307  23 172  -1  -1  -1  76  -1 191  -1  81  -1  -1  -1  85  -1 278  -1  88  -1  -1 201  -1  -1 176 
 30  -1  -1   4   4  -1  -1  30  -1  -1  -1  -1  -1  -1  17  17  -1  24  -1  -1  -1   2   2  19  19  19 
 31  -1  -1  -1  -1  -1  -1  -1  -1  -1  -1  -1  31  31  31  -1  -1  -1  -1  -1  -1  -1  -1  -1  -1  -1 
 32  -1  68  -1  -1  -1  63  63  63  -1  -1  -1  -1  61  61  -1  -1  48  48  -1  -1  -1  74  -1  46  46 
 33  -1  -1  -1  -1  -1  -1  -1  -1  -1  -1  -1  75  75  75  -1  -1  -1  -1  -1  -1  -1  -1  -1  -1  -1 
 34  -1  -1  90  90  -1  -1  -1  -1 105 105  -1 112  -1 118  -1  -1  -1 107 107 107  -1  -1  -1  92  92 
 35  -1  -1  -1  -1  -1  -1  -1 119 119 119  -1  -1  -1  -1  -1  -1  -1  -1  -1  -1  -1  -1  -1  -1  -1 
 36  -1  -1 151 151 151  -1  -1  -1  -1  -1  -1  -1  -1 156  -1  -1 162  -1 136 136 134 134  -1 149 149 
 37  -1  -1  -1  -1  -1  -1  -1  -1  -1  -1  -1  -1  -1  -1  -1  -1  -1  -1  -1  -1  -1  -1 163 163 163 
 38  -1 200 180 180  -1  -1  -1  -1 178 178  -1  -1  -1 206  -1  -1  -1 193 193  -1 195 195 195  -1  -1 
 39  -1  -1  -1  -1  -1  -1  -1  -1  -1  -1  -1  -1  -1  -1  -1  -1 207 207 207  -1  -1  -1  -1  -1  -1 
 40  -1 244  -1 250  -1 239 239 239  -1  -1  -1  -1  -1  -1  -1  -1  -1  -1 222 222 224 224 237 237  -1 
 41  -1  -1  -1  -1  -1  -1  -1  -1  -1  -1  -1  -1  -1  -1  -1  -1  -1  -1  -1  -1  -1  -1 251 251 251 
 42  -1  -1  -1 288  -1  -1  -1  -1  -1  -1 283 283 283 266 266  -1 268 268 294  -1  -1  -1 281 281  -1 
 43  -1  -1  -1  -1  -1  -1 295 295 295  -1  -1  -1  -1  -1  -1  -1  -1  -1  -1  -1  -1  -1  -1  -1  -1 
 44  -1  -1  52  -1  -1  -1 109  97  53  -1  -1  -1  -1 231  -1  -1 138  -1  -1  -1  -1  -1 226 269  -1 
 45  -1  -1  -1  -1  -1 308  -1  -1  96  -1  -1  -1  -1  95  -1  -1  -1  -1 273 274  -1  -1  -1  -1  -1 
 46  -1  -1  -1  -1 314  -1  -1 185  -1 228 316  -1  -1  -1 183 310 182 153  -1  -1  -1  93  -1  -1  -1 
 47  -1 311 141  -1  -1  -1 315  -1  -1  50  -1 313 312  -1 140  -1  -1  -1  -1  -1  99  -1 272  -1  -1 
 48  -1  -1 275  -1  -1 285  -1  -1  -1 270  -1  -1  -1  -1  -1  -1  -1  -1  -1  -1  -1  -1  -1  -1  -1 
 49  -1  -1  -1 137  -1  -1  -1  -1  -1 143  -1 241  -1 142  -1  -1  -1  -1  -1  -1  -1 186  -1 139  -1 
 50  -1  -1  -1  -1  -1  -1  -1 229  -1  -1  -1  -1  -1  -1   8  -1  -1  -1   5  -1  55  -1  -1  -1  -1 
 51  -1  -1  -1 230  -1  -1  -1  -1  21   9  -1  -1  -1 181 225  -1  11   7  -1  -1  -1  -1 184  -1  -1 
 52  -1  -1  -1  -1  -1  -1  -1  -1  -1  -1  -1  -1  -1  -1  51  -1  -1 187  -1  54  -1  -1  65  -1  -1 
 53 309  -1  -1  -1  -1  -1  -1  10 227  -1  -1  -1 197   6  -1  -1  -1  94  49  -1  -1  -1  98  -1 271 

