317
21 23
14 15
0 30
2 19
18 30
7 50
5 47
9 46
11 48
17 50
13 44
20 49
2 6
17 7
18 25
11 20
0 27
7 30
3 17
21 30
6 10
16 52
10 29
12 29
17 30
16 4
12 28
23 8
22 2
2 3
11 30
6 31
18 21
21 19
3 7
1 12
21 6
5 20
3 3
0 25
24 6
23 3
16 21
19 24
21 28
13 9
8 32
11 27
18 32
0 52
14 52
7 49
1 47
17 51
6 45
20 51
17 25
21 13
18 0
6 21
7 3
2 32
16 13
22 32
1 2
12 50
11 7
10 28
16 32
11 9
13 29
22 27
18 10
1 11
7 32
2 33
23 4
22 26
8 12
16 3
12 21
2 13
3 6
24 14
9 11
6 27
15 5
0 17
21 14
19 19
0 34
9 5
13 34
7 48
11 50
8 46
17 46
5 45
20 44
6 51
21 20
1 10
11 5
13 22
7 28
3 34
15 6
16 34
6 2
12 48
23 13
22 1
21 34
11 6
18 23
7 18
16 29
22 9
6 34
2 35
13 19
17 24
3 26
8 10
23 5
4 15
2 18
1 18
23 1
7 23
8 13
10 20
20 21
21 10
5 36
2 12
7 36
1 49
19 49
11 51
0 47
18 49
13 46
14 50
11 25
1 21
6 12
17 16
7 6
18 36
3 28
22 36
16 18
2 44
12 13
10 17
12 36
13 27
22 15
6 11
2 5
18 11
3 36
15 37
7 14
1 25
8 26
11 1
23 27
16 14
7 7
4 24
11 8
2 16
17 23
21 7
20 2
19 12
8 38
7 21
13 38
21 52
17 44
18 48
1 51
5 51
6 52
11 47
8 22
13 25
6 5
1 0
17 28
3 38
7 17
22 38
2 29
10 48
16 23
12 10
11 38
22 29
18 27
17 8
23 0
3 25
12 38
0 39
8 29
13 14
7 0
6 3
21 11
3 16
6 25
8 23
13 5
5 6
5 24
12 4
14 22
5 16
20 40
17 9
0 40
19 44
8 45
11 45
6 47
7 51
18 45
13 53
1 22
18 16
7 20
8 14
13 1
2 40
10 1
22 40
6 4
16 53
12 18
17 17
17 40
6 19
13 2
18 24
16 6
12 5
7 40
2 41
23 29
8 9
11 12
21 21
1 6
12 7
19 7
20 10
19 20
3 8
24 7
11 28
17 26
0 3
8 42
2 20
6 42
11 46
20 48
14 45
18 50
13 50
5 46
1 46
3 11
13 7
11 11
6 13
7 1
22 42
24 15
17 42
1 20
2 53
12 24
16 10
11 42
22 25
2 22
16 2
8 4
17 0
13 42
21 43
6 29
18 15
12 15
7 13
1 24
12 8
13 3
9 15
7 27
6 0
21 26
17 21
23 50
3 51
4 52
15 48
10 52
12 51
22 51
16 45
24 49

