317
8 8
14 13
23 30
11 4
12 30
3 49
1 49
9 45
0 48
4 52
2 44
5 52
23 12
13 19
1 15
17 19
7 17
2 30
6 25
20 30
12 29
11 51
15 29
16 25
6 30
8 20
12 19
21 2
2 19
16 2
11 30
17 31
7 20
23 21
1 21
3 13
22 27
22 25
3 3
16 3
4 18
19 21
16 20
11 7
24 0
0 12
8 32
23 8
2 32
5 51
18 49
11 44
17 51
13 51
4 44
14 53
3 15
7 14
2 27
8 26
22 24
18 32
16 0
10 32
13 26
6 44
1 9
21 21
1 32
6 4
3 11
11 5
7 21
16 10
23 32
17 33
12 20
11 13
22 13
8 13
2 15
14 9
19 16
21 6
10 14
15 13
17 20
10 1
12 18
23 16
8 34
24 27
17 34
11 52
3 46
5 48
13 50
4 49
1 53
2 48
8 1
3 1
21 29
11 17
17 24
0 34
6 3
12 34
23 17
22 50
16 21
7 29
22 34
8 11
12 22
13 14
17 21
21 26
11 34
0 35
7 2
16 6
1 6
18 26
23 29
10 0
15 2
2 17
13 17
13 23
23 27
17 2
3 16
5 12
23 36
18 29
8 36
11 47
4 51
2 51
13 47
17 48
12 52
1 45
23 15
17 23
18 0
12 4
10 23
20 36
16 5
0 36
8 23
22 52
7 22
6 2
18 36
16 15
7 23
23 22
1 17
11 24
3 36
12 37
21 15
2 4
22 23
17 27
6 12
13 13
10 4
18 21
3 27
19 15
15 1
9 14
5 14
18 11
3 38
12 25
13 38
23 53
1 51
24 49
8 46
11 49
9 47
17 47
17 3
13 16
11 20
3 19
7 9
0 38
16 22
20 38
2 28
6 48
19 18
12 12
8 38
22 28
18 17
16 14
23 13
3 28
7 38
0 39
12 17
6 18
13 8
11 2
21 22
20 3
9 4
10 28
12 8
5 10
11 6
19 29
14 25
5 21
3 40
8 28
0 40
9 49
2 50
12 47
24 45
13 52
11 46
23 46
12 10
1 5
2 14
3 23
10 18
17 40
8 3
20 40
16 17
15 50
7 5
6 19
12 40
22 0
8 0
6 21
7 18
1 24
23 40
16 41
11 0
21 27
2 23
13 9
3 7
4 0
10 24
3 9
14 0
22 20
21 11
21 19
12 14
0 0
13 42
18 14
3 42
5 46
9 48
11 50
17 52
23 47
1 44
24 53
17 4
1 2
3 8
21 12
12 3
23 42
18 12
6 42
11 29
16 53
2 13
10 8
16 42
22 22
2 7
12 2
6 27
11 12
1 42
20 43
17 10
13 18
23 3
18 28
7 7
13 5
24 9
8 10
5 0
5 11
15 19
22 10
16 47
15 49
19 52
10 51
7 50
21 52
22 51
6 49
20 52

