r\t   0   1   2   3   4   5   6   7   8   9  10  11  12  13  14  15  16  17  18  19  20  21  22  23  24 
  0  -1  -1  -1  29  -1  -1  -1  -1  -1  -1  -1  -1 223  -1  -1  -1  64  -1  -1  -1  -1  79 300  -1  -1 
  1  -1 304  -1  -1  -1  -1  -1 173 145  -1  -1  -1  -1 123  -1  -1  35 122  -1  -1 265  -1 165  -1  -1 
  2  -1  -1  -1  -1  -1  -1  -1  42 164 260  -1  -1 104 104  -1 174 249  -1  -1 176  -1  -1  -1 202  -1 
  3 130  -1  -1  -1  -1 282 263  -1  -1  -1  -1  -1  -1  82  -1  -1  -1 256  41  -1  -1  -1  84  -1  -1 
  4  -1  -1  -1  69  -1  -1  -1 276  -1  -1  -1 116  -1  57  -1  -1 126  -1  -1  -1  -1  -1  -1  -1  -1 
  5  -1  -1  43  -1  -1  -1 248  -1   0  -1  -1 301  -1  -1  -1  -1  -1  -1  -1  -1  -1  13 100  -1  -1 
  6  -1  -1  -1  66  -1  -1 113 170  -1  67  -1  -1  -1 152  -1  -1  -1  59  39  -1  -1  -1 278  -1  -1 
  7  -1  -1 124  -1  -1  -1  -1 302 120  -1  -1  -1  -1  -1  -1  -1  -1 168  -1  -1  -1  -1  -1  77  -1 
  8  -1  15  -1 211  -1  -1  -1 158  -1  -1  -1 171  -1  -1  -1 131  -1  -1  -1  -1  -1 240 218  -1  -1 
  9 238  -1  45  -1  -1  -1  72  -1  -1  -1 280 280  -1  -1  -1  -1  -1  -1 157  -1  -1  -1  -1  -1  -1 
 10  -1  -1  -1  23  -1  -1 219  -1 175  -1  -1  -1  -1 264  -1  -1 204  -1  -1  -1  -1  -1  -1  -1  -1 
 11  -1 210 297 254  -1  -1  -1  -1 292  -1 220  -1  -1  -1  -1  -1 261  -1 232  -1 177 199  14  -1   1 
 12  -1 291 108  -1  -1  -1  -1  -1  -1  -1  -1  -1  -1  -1  -1 259  -1  -1  -1  -1  -1  -1  -1  -1  -1 
 13  -1  -1  38  -1  -1 106 150  33 189  -1  -1  -1  -1  -1  -1  -1  -1  -1 277  -1  -1  -1 144 114  86 
 14  -1  -1 253  -1 216  -1  -1  -1 234  -1  -1  -1  32  -1  18  -1  -1  -1   3 125  -1 179  -1 128  -1 
 15  -1 190  -1  -1  -1  -1 299 146 247  -1  -1  58 243 289  -1  -1 257  -1  28  -1  -1  -1  -1  -1  -1 
 16 213 169  -1  -1  -1  -1  -1  36  -1  -1  -1  -1  -1  25  -1  -1  22  -1  -1  -1  -1  -1  62  -1 262 
 17  -1  -1  20  -1  -1 303  -1  -1  -1  -1  -1  -1 217  -1 258  -1  -1  -1  -1  -1  -1 132 196  -1  91 
 18  -1 245 161  -1  -1  -1 127 305 307  -1  -1 255 121  -1  -1  -1  -1  -1  56  -1  -1  -1  -1  -1  -1 
 19  -1  -1 215  -1  89  -1  -1  -1  -1  -1  -1  -1  16  16 110  -1  -1  -1 208  -1  -1  -1  -1  -1  -1 
 20  87  70  -1 101  -1  -1 159  40 201  37  -1 147  -1  -1  -1  -1  -1  34  -1  -1 221  -1  47  73 133 
 21  -1  -1  -1 154  -1  -1 286  -1  -1  -1  -1  -1  -1 188  -1  -1  -1  -1  -1  -1  -1  -1 203 160  -1 
 22  -1  -1  80  -1  -1  -1  -1  -1  44  -1  -1  -1  -1  -1  -1  -1 155  -1  -1  -1  -1 115  88  -1  -1 
 23 172 102 192 192  -1  -1  -1  -1  -1  -1  -1  -1  -1  78  -1  -1  -1  -1  -1  -1  -1  -1  -1  -1  -1 
 24  -1  -1  -1 293  -1  -1  -1 246 129  -1  -1  -1 298  -1  -1  -1  -1  85  -1  -1  -1 290  -1  -1  -1 
 25  60  60  -1  -1  -1  -1  -1  -1  76  -1  -1  12  -1 209  -1  -1 279  -1  -1  -1  -1 284  -1 287  -1 
 26  -1 117  -1  -1  -1  -1 242 296  -1  -1  -1 267 191 214  -1  -1  81  -1  -1  -1  -1 103 135  -1  -1 
 27 148 148  -1 167  -1 198  -1 205  -1  -1  -1  -1  -1 233  -1  -1  -1  -1  -1  -1  -1  -1  -1 194  -1 
 28  -1 166 236 236  -1 306  -1  83  -1  -1  -1  -1  -1  -1  -1  -1  -1  -1  71  -1  -1  26  -1  -1  -1 
 29  -1  -1  -1  -1  -1  -1  -1 235  27  -1  -1  -1  -1  -1  -1  -1  -1 212 252  -1  -1  -1  -1 111  -1 
 30  -1  -1  -1  -1  -1  -1  19  19  19  -1  -1  24   4   4  -1  -1  -1  17  17  -1  -1   2   2  30  -1 
 31  31  31  31  -1  -1  -1  -1  -1  -1  -1  -1  -1  -1  -1  -1  -1  -1  -1  -1  -1  -1  -1  -1  -1  -1 
 32  48  48  -1  -1  -1  63  63  63  -1  -1  -1  74  -1  -1  -1  -1  -1  -1  -1  -1  46  46  68  61  61 
 33  -1  -1  -1  -1  -1  -1  -1  -1  -1  -1  -1  -1  -1  -1  -1  75  75  75  -1  -1  -1  -1  -1  -1  -1 
 34  -1  -1  -1 112  -1  -1  -1 107 107 107  92  92  -1  -1  -1  -1  -1 105 105  -1  90  90 118  -1  -1 
 35  -1  -1  -1  -1  -1  -1  -1  -1  -1  -1  -1  -1  -1  -1  -1 119 119 119  -1  -1  -1  -1  -1  -1  -1 
 36 134 134  -1  -1  -1  -1  -1 136 136  -1  -1  -1  -1  -1  -1  -1 156 151 151 151 149 149 162  -1  -1 
 37  -1  -1  -1  -1  -1  -1  -1  -1  -1  -1  -1 163 163 163  -1  -1  -1  -1  -1  -1  -1  -1  -1  -1  -1 
 38 180 180 200  -1  -1  -1 206 178 178  -1 193 193  -1  -1  -1  -1 195 195 195  -1  -1  -1  -1  -1  -1 
 39  -1  -1  -1  -1  -1  -1  -1  -1  -1  -1 207 207 207  -1  -1  -1  -1  -1  -1  -1  -1  -1  -1  -1  -1 
 40  -1 224 224  -1  -1  -1  -1  -1  -1  -1  -1  -1 244 250  -1 239 239 239 222 222  -1  -1  -1 237 237 
 41  -1  -1  -1  -1  -1  -1  -1  -1  -1  -1  -1  -1  -1  -1  -1  -1  -1  -1  -1  -1  -1 251 251 251  -1 
 42  -1 283 283 283  -1  -1  -1 266 266  -1  -1 288 281 281  -1  -1  -1  -1 294  -1  -1 268 268  -1  -1 
 43  -1  -1  -1  -1  -1  -1  -1  -1  -1  -1  -1  -1  -1  -1  -1 295 295 295  -1  -1  -1  -1  -1  -1  -1 
 44  -1  -1 183  -1  -1  -1 308  -1  -1  -1 140 229  -1  52  -1  -1  -1  -1 273  -1  -1  -1  -1  -1  -1 
 45  -1  -1  -1 315  -1  -1  -1  -1  -1  -1  -1  53 269  -1  -1  -1  -1  -1  51  -1   8  -1  -1 313 225 
 46  -1  -1  -1  -1 272 310  -1  -1  -1  -1  49  -1 137  -1  -1  -1 314 311 182  -1  -1  -1  -1  -1 274 
 47  -1  -1  -1  -1 138  -1  -1  -1 226 285   9  -1  65  -1  -1  -1  -1  -1  96  -1  -1 231 181  -1  -1 
 48  -1  -1  94  -1  50  -1 197  -1  -1  -1  -1  -1  -1  -1  -1  -1  -1  -1  -1  -1  -1  -1  -1  21 186 
 49  -1  -1  -1  -1 185  -1 109  -1  -1  -1  -1   5  95 142 241  -1  -1  -1 141  98  -1  -1  -1  -1  -1 
 50  -1  97  -1  -1 228  -1  -1   6  -1  -1  -1  -1  -1  -1  -1  -1  -1  -1  -1  55 143  -1  -1  -1  54 
 51  99  -1  -1  -1  -1  -1  -1  -1  -1  -1  -1  -1  -1  93  -1  -1  -1  -1  -1 275  -1  -1  -1  -1  -1 
 52  -1  10 139  -1  -1  -1  -1  -1  -1 316 271  -1  -1 184  -1 309  -1  -1  -1  -1  -1  -1  -1  -1  -1 
 53 270  -1  -1  -1  11  -1  -1 230  -1  -1  -1  -1 187 227 312  -1  -1  -1  -1   7  -1  -1  -1 153  -1 

r\t   0   1   2   3   4   5   6   7   8   9  10  11  12  13  14  15  16  17  18  19  20  21  22  23  24 
  0  -1  -1 282 160  -1  -1  -1  -1  -1 131  -1 159  -1  -1  -1  -1 157  -1  -1  -1  -1  -1  -1  -1  -1 
  1  -1 277   0 299  -1  -1  -1  -1  -1  -1  -1  -1  -1 158  -1  -1  78  -1  -1  -1  -1  -1  -1  -1  86 
  2  -1  -1 148 148  -1  -1  -1  -1  -1  -1  -1  -1  -1  -1  -1  -1  -1  -1  -1 170  -1  -1  -1  -1  -1 
  3  -1  -1  -1  -1  -1  -1 110  -1 121  -1  -1  -1 194 115  -1  -1 198 297  -1  -1  -1  -1 276  73  -1 
  4  -1 303  76 302  -1  -1  -1  15  -1  -1  -1  -1  -1  -1  -1  -1  -1 199  39  -1  -1  -1  -1  -1  -1 
  5  -1 172 213  -1  -1  -1  -1  -1 146  -1  -1 103  -1  -1  -1  -1 284  -1 291  -1  -1  -1  -1  -1  -1 
  6  -1 101  -1  87  -1  -1  -1 104 104 238  -1  -1  -1 307  -1  -1 124  -1 117  -1 216 122  -1  -1  -1 
  7 236 236  -1 278  -1  -1  -1  -1 232  -1 176  -1  -1  -1  -1  -1  -1 154 167  -1  -1 147  -1  -1  67 
  8  -1 113  35  -1  -1  -1 116  -1 192 192  -1  -1 114 247 171  -1  -1 287 233  -1  81  18  -1  -1  -1 
  9  -1  -1  58  -1  40  -1   3  -1  -1  -1  -1 144  -1  -1  -1  -1 296  -1 196  -1  -1  -1  -1  -1  -1 
 10  -1  -1  -1 120 220  -1  -1  -1  -1  -1  -1  12  -1 209  -1  -1  -1  -1 263  -1  -1  -1  -1  -1  -1 
 11  -1  14 108  13  -1  -1  -1  -1  -1  -1  -1  -1  -1 219  37  -1  -1  60  60  89  -1 201  -1  -1  -1 
 12  43 165  -1  -1  -1  -1 292 300  -1  -1  -1  -1  -1 289  -1  -1 235  -1 256  -1  -1  -1  -1  -1  -1 
 13  -1  -1 304  38  -1  -1  -1  -1 205  -1  -1  -1 127  -1 169  -1  -1  -1  -1  -1  -1  -1 174 161  -1 
 14  -1 254  -1  -1  -1  -1  -1  79 126  -1  -1  -1  -1  -1  -1  -1 150 111 102  -1  -1 217  16  16  -1 
 15  -1  -1  -1 211  41  -1  -1 252  -1  -1  -1  -1  70  -1 221  -1  -1  -1  -1  -1  -1  -1 204  -1  -1 
 16  -1  -1 190  71  -1  -1  -1  -1  -1  -1  -1  -1  -1  69  -1  -1  -1  -1  -1  -1  -1  -1  -1  32  -1 
 17 125  -1  -1 100  -1  -1  -1  -1  57 223  -1  -1 246  -1  -1  -1 301 240  -1 177  -1  -1  -1 212  -1 
 18  -1  56  -1 249 155  -1 152 133   1  -1  -1 189  -1  -1 175  -1  -1 203  -1  -1  -1  -1  -1  -1  -1 
 19  42  29 248  -1 135  -1 168 234  -1 264  -1  -1  -1  62  -1  -1  -1  -1  -1  -1  -1 253  -1  -1  -1 
 20  -1  -1 267  -1  -1  -1  -1 215  -1  -1  -1  33  -1  85  -1  -1  -1  -1  47  -1  -1  -1  -1  -1  -1 
 21  -1  -1  -1  -1 306  -1  -1  -1  -1  -1  -1  -1 242  -1  -1  -1  66  -1  -1  -1  83 290  -1  -1  -1 
 22 218  -1  20 214  -1  -1  -1 128  72  -1  -1  88 164  27  -1  -1 106  -1  -1  -1 261  -1  64 286  -1 
 23  -1  77  -1  34  -1  -1  23  -1  -1  -1  -1  -1  -1  36 129  -1  -1  -1  -1  -1 265  -1  -1 173  -1 
 24  -1  -1  -1  -1  -1  -1  -1 123  -1  -1  -1  -1  28  -1  84  -1  -1  -1 258  45  -1  -1  -1  -1  -1 
 25  -1  44  -1  -1  -1  -1  91  -1  -1  -1  -1  -1  -1  -1  -1  -1  -1  -1 202  -1  -1  25  -1  -1  -1 
 26  -1 293 208 179  -1  -1  82  -1  26  -1  -1  -1  -1  -1  -1  -1  -1  -1  -1  -1  -1  -1  -1  -1  -1 
 27 257 188  -1  -1  -1  22 191  -1  -1 305  -1  -1  -1 243  -1  -1  -1  -1 280 280  -1  -1  -1 262  -1 
 28  -1 210  -1  -1  -1  -1  -1  -1 255  -1  -1  80  -1  -1  -1  -1  -1  -1 145  -1  -1  -1  -1  -1  -1 
 29  -1  -1 298  59  -1  -1 260  -1 166 130  -1 279  -1  -1  -1  -1  -1  -1 259 132  -1  -1 245  -1  -1 
 30   2   2  -1  -1  -1  -1  30  -1  -1  -1   4   4  19  19  19  -1  -1  17  17  -1  -1  -1  24  -1  -1 
 31  -1  -1  -1  -1  -1  -1  -1  -1  -1  -1  -1  -1  -1  -1  -1  -1  31  31  31  -1  -1  -1  -1  -1  -1 
 32  -1  -1  46  46  -1  61  61  68  48  48  63  63  63  -1  -1  -1  -1  74  -1  -1  -1  -1  -1  -1  -1 
 33  -1  -1  -1  -1  -1  -1  -1  -1  -1  -1  -1  -1  -1  -1  -1  -1  -1  -1  -1  -1  75  75  75  -1  -1 
 34  -1  -1  -1  92  92  -1  -1  90  90  -1  -1 118 107 107 107  -1  -1 112  -1  -1  -1  -1 105 105  -1 
 35  -1  -1  -1  -1  -1  -1  -1  -1  -1  -1  -1  -1  -1  -1  -1  -1  -1  -1  -1  -1  -1  -1 119 119 119 
 36  -1  -1 162  -1  -1  -1  -1  -1 136 136 134 134 151 151 151  -1  -1 156  -1  -1  -1  -1 149 149  -1 
 37  -1  -1  -1  -1  -1  -1  -1  -1  -1  -1  -1  -1  -1  -1  -1  -1  -1  -1  -1  -1 163 163 163  -1  -1 
 38 180 180  -1 193 193  -1  -1  -1 178 178  -1 200 206  -1  -1  -1  -1  -1  -1  -1  -1  -1 195 195 195 
 39  -1  -1  -1  -1  -1 207 207 207  -1  -1  -1  -1  -1  -1  -1  -1  -1  -1  -1  -1  -1  -1  -1  -1  -1 
 40 224 224 237 237  -1  -1 244  -1  -1  -1  -1  -1  -1  -1  -1  -1  -1  -1 222 222 239 239 239 250  -1 
 41  -1  -1  -1  -1  -1  -1  -1  -1  -1  -1  -1  -1  -1  -1  -1 251 251 251  -1  -1  -1  -1  -1  -1  -1 
 42  -1  -1  -1 266 266  -1 283 283 283  -1  -1  -1 281 281  -1  -1  -1  -1 268 268  -1  -1 288 294  -1 
 43  -1  -1  -1  -1  -1  -1  -1  -1  -1  -1  -1 295 295 295  -1  -1  -1  -1  -1  -1  -1  -1  -1  -1  -1 
 44  -1  -1  -1  -1  -1  -1  -1  -1  -1  -1  -1  -1  -1 314 275  -1  -1  -1  -1   5   7  -1  -1  65  -1 
 45  -1  94  -1  11   8 153  -1  10  -1  99 228 184  -1  -1  -1  -1  -1  -1  -1  -1  -1 109  -1  -1  -1 
 46 274  -1 143 137  -1  -1 231 225  -1  -1  93  -1  -1  -1  -1  -1  -1  -1  -1  -1  95  -1 142  -1  -1 
 47  -1 139  -1 227  -1  -1  -1  -1  -1  -1  -1 230  -1 197  -1  -1 309  -1  -1  -1  -1  -1  -1 241 316 
 48  -1  -1  -1  -1 185  -1  50  -1  -1   9  -1  -1 311  -1 186  -1  -1  -1  96  -1  -1 285 181  -1  -1 
 49  54  -1  98  -1  -1  -1  -1  -1 270  -1  -1  -1  -1  -1  53  -1  -1 308  -1  -1  -1  -1  -1 313  -1 
 50  97  -1 229  -1  -1  -1  -1  49  -1  -1  -1 269  -1  -1  -1  21  -1  -1  -1  -1 183  -1  -1  -1  -1 
 51 138  -1  -1  -1  -1  -1 140  -1 226  -1 271  52  -1  -1  -1  -1  -1  -1  -1  -1  -1  -1  51  -1  -1 
 52  -1  -1  -1  -1  -1  -1  -1  -1  -1  -1  -1  -1  -1  -1  -1 310  -1  -1 141  -1  -1  -1 272  -1  -1 
 53  -1 273 187  -1  55 315  -1  -1  -1  -1  -1  -1  -1  -1  -1  -1  -1  -1 182  -1  -1 312   6  -1  -1 

r\t   0   1   2   3   4   5   6   7   8   9  10  11  12  13  14  15  16  17  18  19  20  21  22  23  24 
  0  -1  -1 215  -1  -1  -1  -1  -1  -1  -1  -1  -1  59 125  -1 127  -1  -1  -1 150  -1  -1  -1  -1  -1 
  1  -1  -1  -1  -1  -1 236 236  73  -1  -1  -1 247  -1 284  -1  -1  -1  -1  -1 258  -1 190  -1  -1  -1 
  2  -1  -1 124  -1  -1  -1 303  -1  -1  -1  -1  -1  -1  -1  -1  -1  25  58  -1  -1  -1   3  62  -1  -1 
  3  -1 245  -1  -1 213  -1 216 173  -1  -1  -1  -1  -1 172  -1  18  -1 282 276  87  -1 249  -1 240  -1 
  4  67 212 214  -1  -1  -1  -1 188  27 129  60  60 123  -1  -1  -1  66  -1  -1  -1  -1 218  -1 203  -1 
  5  -1  -1  12 117  -1  40  -1  -1  -1  -1  -1  -1  71  -1  -1  -1  76  -1  -1  -1  -1 122 219  45  -1 
  6  -1  -1 234  -1 170  -1 158  -1 164  -1  -1  -1 128 121  -1  -1  -1 261 233  -1  -1 279  -1  -1  -1 
  7  -1 287  -1 161  -1  -1  88  -1  -1  -1  -1  -1  13  -1  -1  -1 126  -1  -1  -1 132 232  -1  -1  -1 
  8  -1  -1 280 280  -1  -1  -1  -1  -1  -1 176 102 253 300  -1  -1 157  44 120 175  -1  -1 154  -1  -1 
  9  -1  -1  -1 189  -1  83 291  -1 211  -1  -1  -1  -1  -1  -1  -1  -1  -1  -1  -1  -1 155  -1  -1  -1 
 10  -1  -1  -1  15  -1  -1  -1  -1  -1  -1  -1  -1  -1 265  -1  -1 260 191  39  -1  -1  -1  -1  -1  -1 
 11  -1 199  -1  -1  -1  -1  79  -1 292  -1  -1 278  -1  -1  -1  -1  -1  -1  16  16  -1  69 202  -1  -1 
 12  -1  -1  34 201  -1  -1 217  -1 259  -1  -1  -1  -1  57  -1  -1  -1  -1  -1  -1  -1  -1  -1 152  -1 
 13  -1 242  -1  -1  -1  -1  -1 297  -1  -1  -1  -1  -1 204  -1  -1  -1 235  42  -1  -1  -1  -1  -1  -1 
 14  -1  -1  -1  -1 238  -1 179  -1 198  -1  -1  -1  -1  -1  -1  -1  -1  -1 306  -1  -1  -1 243  -1  -1 
 15  -1  -1  -1  -1  -1  -1 256  -1  -1 169  -1  -1  -1 248  -1  -1  84 144  32  -1  -1  -1  -1  -1  -1 
 16  -1  -1  -1  -1  -1  -1 115  -1  43  -1  -1  -1  -1  -1  -1  -1  -1  -1  -1  -1  -1  -1  -1  -1  -1 
 17 307  41  -1  -1  -1  -1  64  -1  -1  -1  -1  26  -1  -1  -1  -1  23  -1  -1  38  -1 135  -1 133  -1 
 18  -1 113  -1  -1  -1  -1  -1  -1  -1  -1  -1  -1 165 101  -1  -1  -1  -1 167  -1  -1 301  -1  -1  -1 
 19  -1  -1  -1  -1  -1  -1   0  36  -1  -1 130  -1 277  -1  -1  -1  -1  -1  47  -1  -1 168  -1  70  -1 
 20 286  22  -1 293  -1 257  86  -1  -1  -1  -1  -1 108  -1  -1  -1  -1  -1  -1  -1  -1  -1  -1  -1  -1 
 21  -1  35  -1  29  -1  -1 264  -1  -1  -1  -1  -1 290  14  -1  -1 304 267  -1  -1  -1  -1 192 192  -1 
 22  -1  -1  -1  -1  -1  -1 194  -1  -1  -1  -1 146  -1  -1   1  -1  -1 296 252  -1  -1  56  -1  -1  -1 
 23  -1  -1 196  -1  -1  -1  -1  -1 131 174 220  -1  -1  78  -1  -1 299  -1  -1  -1 177  -1  80  -1  -1 
 24  -1  -1  37  -1  89  -1 305 104 104 110  -1 116  -1  -1  -1  -1  -1  -1  -1  -1  -1  -1  -1  -1  -1 
 25  -1  -1  -1  -1 223  -1  33 159  -1  -1  -1  -1  -1 160  -1  -1  -1  -1 111  -1  -1  -1 289 221  -1 
 26  -1 298  -1  -1  -1  -1  85  -1  -1  -1  -1  -1 208  -1  -1  -1  -1 255  91  -1  -1 103  -1  -1  -1 
 27  -1 147 209 254  -1  -1  -1  77  -1  -1  -1  -1  -1  -1  -1  -1 205  82 302  -1  -1  -1 246  -1  -1 
 28  -1  -1  -1  81 171  -1 210  -1 114  -1  -1  -1  -1  -1  -1  -1  -1 100  72 262  -1  -1  -1  -1  -1 
 29  -1  -1  -1  -1  -1  -1  -1  -1  -1 263  -1  20 148 148  -1  -1 106 166 145  -1  -1  28  -1  -1  -1 
 30  -1  -1   4   4  -1  -1  19  19  19  -1  -1   2   2  30  -1  -1  -1  24  -1  -1  -1  -1  -1  17  17 
 31  -1  -1  -1  -1  -1  -1  -1  -1  -1  -1  -1  -1  -1  -1  -1  -1  -1  -1  -1  -1  -1  -1  31  31  31 
 32  -1  -1  61  61  -1  -1  68  63  63  63  -1  74  -1  48  48  -1  -1  -1  -1  -1  46  46  -1  -1  -1 
 33  -1  75  75  75  -1  -1  -1  -1  -1  -1  -1  -1  -1  -1  -1  -1  -1  -1  -1  -1  -1  -1  -1  -1  -1 
 34  -1 107 107 107  -1  -1  -1 118  -1  -1  92  92  -1  -1  -1  -1 112  -1  -1  -1  90  90 105 105  -1 
 35  -1  -1  -1  -1  -1  -1  -1  -1  -1  -1  -1  -1  -1  -1  -1  -1  -1  -1  -1  -1  -1  -1 119 119 119 
 36  -1  -1 149 149  -1  -1 151 151 151  -1  -1 162 136 136  -1  -1  -1 134 134  -1  -1  -1 156  -1  -1 
 37 163 163 163  -1  -1  -1  -1  -1  -1  -1  -1  -1  -1  -1  -1  -1  -1  -1  -1  -1  -1  -1  -1  -1  -1 
 38  -1  -1  -1 180 180  -1  -1 200  -1  -1  -1 206 195 195 195  -1  -1  -1 193 193  -1  -1  -1 178 178 
 39  -1  -1  -1  -1  -1  -1  -1  -1  -1  -1  -1  -1  -1  -1  -1  -1  -1 207 207 207  -1  -1  -1  -1  -1 
 40  -1  -1 250  -1  -1 224 224  -1 237 237  -1 239 239 239  -1  -1 244  -1  -1  -1 222 222  -1  -1  -1 
 41  -1  -1  -1  -1  -1  -1  -1 251 251 251  -1  -1  -1  -1  -1  -1  -1  -1  -1  -1  -1  -1  -1  -1  -1 
 42  -1  -1 294 266 266  -1 283 283 283  -1 268 268  -1  -1  -1  -1  -1  -1 288  -1  -1  -1 281 281  -1 
 43  -1  -1  -1  -1  -1  -1  -1  -1  -1  -1  -1  -1  -1  -1  -1  -1  -1  -1  -1  -1  -1 295 295 295  -1 
 44 109  -1  -1  -1  -1   5  53  -1  -1  -1  -1  -1  -1 227 229  -1  -1  -1  -1  -1  -1  -1  -1  -1  -1 
 45  -1  -1 273 142  -1  -1  -1 311  -1  -1  -1  -1  49  -1 271  -1 153  10  -1  -1  -1  -1  -1  -1  -1 
 46  -1  -1  -1  -1  -1  -1  -1  -1  -1  -1  -1  -1  -1  -1  -1  -1 285 183  -1 316  -1  -1  -1  94  -1 
 47  -1  -1  -1  -1 141  97  -1  -1  -1  -1 138  -1  -1  -1  -1  -1  -1  -1  -1  -1 270  21  -1  -1 225 
 48  -1  -1  -1 231  -1  52  -1  -1  -1  -1   9 139  -1  -1  99  -1  -1  -1 181  -1  -1  -1  -1  -1  -1 
 49  -1  -1  -1  -1   8 275  -1  -1  -1 310  -1  -1  95  93  -1 314  -1 228  65  -1  -1  -1 315  -1  -1 
 50  -1  -1 226  -1  -1 137  -1  -1  -1  -1  -1 184  -1  11  -1  -1 308  -1  -1  -1  -1 185  -1  -1 140 
 51 312  -1 187  96  -1  -1  -1  -1  -1  -1  54  -1  -1  -1 143  -1 197  -1   6  -1  -1  -1  -1  -1  -1 
 52  -1  -1  -1  -1  51 186  -1  -1  -1  -1  -1  -1  -1  -1  -1  -1  -1  -1 272  -1   7  -1  -1  -1  55 
 53  -1 313  -1  -1  -1  -1  -1  -1 309  -1  -1  50 274 182  -1  -1 241  98 230  -1  -1  -1  -1  -1 269 

r\t   0   1   2   3   4   5   6   7   8   9  10  11  12  13  14  15  16  17  18  19  20  21  22  23  24 
  0  -1 103 126  -1  -1  38 263  -1 299  -1  -1  86 101 115  -1  -1  -1  -1  -1  -1  -1  -1  -1 214  -1 
  1  -1  -1  -1  -1  -1 155 117  -1  -1  -1  -1  44 265  -1  -1  -1  -1 199  -1  -1  -1 169  -1  -1  -1 
  2  -1  56  -1 196  -1 104 104  -1  69  -1  -1 167  -1  -1  -1  -1  -1  -1 264  -1  -1  -1  -1  -1  -1 
  3  -1  -1  -1  -1  -1  -1  80  27  -1  -1  -1  -1  -1  -1  -1 130  -1  -1 164 106  -1 147  -1  -1  -1 
  4  -1 165  -1 121  -1  40  -1  -1  -1  -1  -1  35  -1  -1  -1  -1 243  18  -1  -1  -1  -1  -1  28  62 
  5 174 116  -1  -1  -1  -1 152 168  -1  -1  -1  -1  -1  -1  -1  -1  -1  -1  -1  -1  -1 219  -1  41  -1 
  6  -1 289  66 212 176  -1 278 304  -1  -1  -1  -1 148 148  -1 216  -1  -1  -1  -1  -1  -1  -1  -1  -1 
  7  -1 261  -1  39  -1  -1 190  -1 124 303  -1 114  -1 293  -1  -1  -1  -1  -1  -1  -1 276  -1 122  -1 
  8  -1 255  -1  26  -1  -1  -1  -1 154  -1 280 280  -1  42  -1  -1  -1  -1  -1  -1  -1  -1  -1  -1  -1 
  9  -1  -1 160  -1 302  -1  -1  -1  -1  -1  -1 258  -1 203  -1  -1  -1  -1  -1  -1  -1  -1  -1 131  -1 
 10  -1  -1 123  88  -1  -1  -1  -1  -1  -1  83  -1  -1  29  -1  -1  -1 209  -1  -1  -1  -1  -1  22  -1 
 11  -1  -1  -1 177  -1  -1  -1  91  -1  -1  -1  20  -1 267  -1  -1  -1  -1  81  -1  -1 223  -1  -1  -1 
 12  -1   3  -1  -1  -1  -1 292 128 166  -1  -1 188  60  60  -1  -1  -1  -1 144  -1  -1  -1 306  76  -1 
 13  -1  23  -1  58  -1  -1  -1  -1  -1  -1  -1  -1  -1  16  16  -1  -1  -1  -1  -1  -1  -1  -1  -1  -1 
 14  -1  -1  -1  -1 218  -1  -1 210  -1  -1  -1 297 249  71  67  -1  -1  -1  -1  -1  -1 161  -1  -1  -1 
 15  -1  -1 111  -1  -1  -1 133 132  -1  -1  -1  -1  -1  -1  -1  -1  -1 113  -1  -1  -1 298  -1  -1  -1 
 16  -1  -1 260 279  -1  -1  64  14  57  -1  -1 233  -1 307  -1  -1  -1 245  12  -1  -1 256  77  -1  -1 
 17 127  -1  72  -1  87  -1 208 286 277  -1  -1  -1 236 236  -1  -1  -1  -1 253  -1  -1  -1  -1  -1  -1 
 18  -1 191  -1   0 150  -1  -1  47  15  -1  -1 146   1 254  -1  -1  -1 173  -1  -1  -1  -1  -1  -1  -1 
 19 262  -1  -1  -1  -1  -1  13  -1  -1  -1  -1  89 157 287  -1  -1  82  -1  -1  -1  -1  -1  -1 282  -1 
 20  -1  -1 201  -1  43  -1  -1  -1  34  -1  -1  78  -1  -1  -1  -1  -1 290  -1  -1  -1 179  -1 235  -1 
 21  -1  -1 242  -1  -1  -1  -1  -1  -1  -1  -1 175  -1  -1  -1  -1 171  -1  -1  -1 170 215 240 291  -1 
 22  -1 204  -1  -1  -1  -1  -1 192 192  -1  -1 108  -1  85  -1  -1  -1  -1  -1  -1  -1  -1  -1  -1  -1 
 23  -1  37 252  79 172 221  -1  -1  -1  -1  -1  -1  -1  -1  -1  -1  25  -1  -1  -1  -1  -1  -1  -1  -1 
 24  -1 257  -1  -1  -1  -1  45 296 135  -1  -1  -1  -1  -1  -1  -1 159 259 189  -1  -1  -1 129  -1  -1 
 25  -1 145  -1  -1  -1  -1  -1  -1  -1  -1  -1  -1 284 102  -1  -1  -1  -1  32  -1 301 205  -1  -1  -1 
 26  -1  -1 198  -1  -1  -1  36 211  -1  -1  -1  -1 202  -1  -1  -1 194  -1  -1  -1  -1  73  -1  -1  -1 
 27  -1 234  -1 232  -1  -1  33  70  -1  -1  -1  -1  -1  -1  -1  -1  -1  -1 120  -1 125 217  -1  -1  -1 
 28  -1  -1  -1 100  -1  -1 247  -1  -1 305  -1 248 300  -1  -1  -1  -1 158  -1  -1  -1  -1  -1  -1  -1 
 29 220  -1  84  -1  -1  -1  -1 110 246  -1  -1  -1  -1  -1  -1  -1  59 213  -1  -1  -1 238  -1  -1  -1 
 30  -1  30  19  19  19   2   2   4   4  -1  -1  -1  -1  -1  -1  -1  -1  24  -1  -1  17  17  -1  -1  -1 
 31  -1  -1  -1  -1  -1  -1  -1  -1  -1  -1  -1  -1  -1  -1  -1  -1  -1  -1  -1  -1  31  31  31  -1  -1 
 32  48  48  -1  68  -1  -1  -1  -1  46  46  -1  -1  74  -1  -1  -1  -1  61  61  -1  -1  63  63  63  -1 
 33  -1  -1  -1  -1  -1  -1  -1  -1  -1  -1  -1  -1  -1  -1  -1  -1  75  75  75  -1  -1  -1  -1  -1  -1 
 34  90  90  -1  -1  -1  92  92 112  -1  -1  -1  -1 118  -1  -1 107 107 107  -1  -1  -1  -1 105 105  -1 
 35  -1  -1  -1  -1  -1  -1  -1  -1  -1  -1  -1  -1  -1  -1  -1  -1  -1  -1  -1  -1  -1 119 119 119  -1 
 36 134 134  -1 162  -1  -1  -1  -1  -1  -1 136 136  -1 156  -1 151 151 151  -1  -1  -1  -1 149 149  -1 
 37  -1  -1  -1  -1  -1  -1  -1  -1  -1  -1  -1  -1  -1  -1  -1  -1  -1  -1  -1  -1  -1  -1 163 163 163 
 38  -1  -1  -1  -1  -1 180 180  -1  -1  -1 178 178 195 195 195  -1 200  -1 206  -1  -1  -1 193 193  -1 
 39  -1  -1  -1  -1  -1  -1  -1  -1  -1  -1  -1  -1  -1  -1  -1  -1  -1  -1  -1  -1  -1  -1 207 207 207 
 40  -1  -1  -1 244  -1  -1  -1 239 239 239 222 222 224 224  -1  -1 250 237 237  -1  -1  -1  -1  -1  -1 
 41  -1  -1  -1  -1  -1  -1  -1  -1  -1  -1  -1  -1  -1  -1  -1  -1  -1  -1  -1  -1  -1  -1 251 251 251 
 42 281 281  -1  -1  -1 268 268  -1 266 266  -1  -1  -1  -1  -1 283 283 283 294  -1  -1  -1 288  -1  -1 
 43  -1 295 295 295  -1  -1  -1  -1  -1  -1  -1  -1  -1  -1  -1  -1  -1  -1  -1  -1  -1  -1  -1  -1  -1 
 44  -1 227 311 137 229  -1  -1  -1  -1  98  -1  -1  -1   7  -1  -1  -1  -1  -1  -1  52 270  -1  -1 312 
 45  -1  -1  -1  -1  50  -1  -1  65  -1  -1  -1 269  -1 140  -1 316  -1  -1   5  -1 225 197  -1  -1  -1 
 46  -1  -1  -1  -1  -1  -1  -1  -1  -1  -1  -1  -1  -1  -1  -1  -1  -1  -1  -1 310  -1  -1  -1  -1  -1 
 47  -1  -1  -1  53 274  54  -1 183  93  -1  99  -1  -1  -1  -1  -1  -1  -1  96  -1 143  -1 285  -1  -1 
 48  -1  -1  -1  -1  -1  -1 226  -1 231 138  -1  -1  51  -1  -1  -1 314  -1 184  -1  -1  10  -1  -1  -1 
 49  -1  -1  -1  -1  -1  -1  -1  -1  -1  -1  -1  -1  -1  -1 315  -1  -1  -1  -1  -1  -1 142  -1  -1  -1 
 50  11  -1  -1  -1  -1  -1  -1  -1 181   8  55  -1 139  -1  -1  -1  -1 309 228  -1  95  -1  -1  -1 109 
 51  -1  -1  -1  -1  -1  -1  -1  -1  -1 185   9  -1  94  49  -1 241  21  -1  -1  -1  -1  -1  -1 313  -1 
 52 186  -1  -1 230  -1  -1  -1  -1  -1  -1 271  -1  -1  97  -1  -1  -1  -1 141  -1 187  -1 308  -1  -1 
 53 275 182 153 272  -1  -1  -1  -1  -1  -1  -1   6  -1  -1  -1  -1  -1  -1  -1  -1 273  -1  -1  -1  -1 

r\t   0   1   2   3   4   5   6   7   8   9  10  11  12  13  14  15  16  17  18  19  20  21  22  23  24 
  0  -1  -1  -1 130 304  -1  -1 104 104  -1  -1  -1  -1 234  -1  -1 203  -1 166  -1  -1  -1  -1  -1  -1 
  1  -1  -1  -1  -1  -1  -1  -1  -1  -1  -1  -1 122  -1  -1  -1  -1 124 168  -1  -1  -1  -1  59  -1  -1 
  2  -1  -1  -1  47  -1  -1  -1 157 205  -1  -1  -1  -1  -1  -1  -1  -1 174 202  -1  -1  -1 208  -1  -1 
  3  -1  -1  45 169  -1  -1  -1  -1  -1  -1  -1  -1 246  -1  -1  -1  -1  -1  -1  -1  -1  -1  -1  57 129 
  4  -1  -1  -1  -1  -1  -1  67  -1 167  -1  -1  -1  -1  -1  -1  -1  -1 155  -1  -1  -1  -1  -1  -1  -1 
  5  -1  -1 277 123  -1  -1 110  -1  -1  -1  -1  14  -1  -1  -1  -1 290  -1 253  -1  -1  78 280 280  -1 
  6  -1 191 232 258  -1  -1  -1  32  -1  -1  -1 233 235  -1  82  91  -1  -1  -1  -1 106 211  -1  -1  -1 
  7  -1  43  -1  -1  -1  -1  -1  -1  -1  -1  -1  -1  -1 276  -1  -1  -1  -1 154  41  -1  -1  -1  -1  -1 
  8  -1  -1  -1 188  -1  -1 256  -1  73  -1  -1  35  -1  -1  -1  38 131  -1 199  -1  -1  -1  -1  -1  -1 
  9  -1  -1  -1 278  -1  -1  -1 279  -1  -1  -1  -1  -1  -1  -1  -1 152  72  -1  -1  -1  -1 179  -1  -1 
 10   1 209 121  -1  -1  -1  -1  -1  -1  -1  -1  -1  13 262 198  -1  -1  -1  -1  -1  -1  -1  -1 146  -1 
 11  -1 247  -1  62 215  -1  -1  -1  -1  -1  -1  76  -1  -1  -1  -1  -1  -1  71  -1  -1  -1  44 172  -1 
 12  -1  -1  -1 127 282  -1  -1  18  12  -1 177  -1  -1 158  -1  -1  -1  -1  -1  -1  -1  -1  87  36  -1 
 13 260 261  -1  -1 238  -1 243  -1  -1  -1  -1  -1 296  -1  -1  -1  -1 245  -1  -1  -1  -1  -1 252  -1 
 14 223 128 307 240  -1  -1 125  -1 114  -1  -1 103  -1  -1  -1  -1 133 111  -1  -1  -1 210 255   0  -1 
 15 301 100 108  -1  -1  -1 150  -1  -1  -1  -1  -1  -1  -1  -1  -1  89  -1  -1  -1  -1  23  -1  -1 265 
 16 144 298 216  -1  -1  -1  -1  -1  -1  -1  -1 259 212 201  -1  -1  -1  -1  64  -1  -1 286 220 173  -1 
 17  -1  -1  -1 101  -1 213  -1  -1  -1  -1  -1 257 164  29  -1 132  -1  -1  -1  -1  -1  -1 113  -1 175 
 18  -1  -1  -1  -1  -1 221  -1  -1  -1  42  -1  -1  34  -1  -1  -1  -1  -1  -1  -1  37  -1 267  -1 219 
 19  -1  -1  -1 217  -1  -1  -1  -1  -1  -1  -1  -1 192 192  39  -1  -1  -1  -1  -1  -1 297 218  -1  -1 
 20  -1  -1  -1  70  -1  -1  -1 148 148  -1  -1 171  83 254  -1  -1  80  -1  -1  -1  -1  -1 145  -1 176 
 21  -1 116  -1 293  -1  -1 196  79  77  -1  -1  -1  -1 292  -1  -1  -1  -1  -1  -1  -1 194  -1  -1  -1 
 22  -1  -1 264  -1  -1  -1  -1  -1  60  60  -1 159  -1  -1  -1  -1  -1  -1 102  -1  -1 242  -1 120  -1 
 23  -1 135 214  -1  -1  -1  25  -1  -1  -1  -1  -1  -1  -1  -1  -1  -1  -1  -1  -1  -1  -1  -1 263  -1 
 24  -1 161  20  16  16  -1  84 289  -1  -1  -1 249  -1  -1  -1  86  -1  -1 300  -1  -1  40  33  -1  -1 
 25 170  58 248  -1  -1  -1  -1  -1  -1  -1  -1 299  -1   3  -1  -1  28  -1  -1 306  -1  -1 165  -1  -1 
 26  -1 147  -1 303  -1 126  -1  66  -1  -1  -1  -1  -1  -1  -1  -1  -1  -1  -1  -1  -1  -1 291  -1  -1 
 27  -1  -1  -1  -1 305  -1  -1  -1  -1  -1  -1  -1  -1  22  -1  -1  -1  -1  -1  -1  -1  81  88 189  -1 
 28  -1  -1  -1  26  -1  -1  -1 115  -1  -1  -1  56  -1  -1  -1  -1  15  -1  -1  -1  -1 160 236 236  -1 
 29  -1  69 190  -1  -1  85 302  -1  -1  -1  -1 204 284  -1  -1  -1  -1  -1 117  -1 287  27  -1  -1  -1 
 30  -1  -1  30  -1  -1  -1  -1  -1  24  -1  -1   4   4  -1  -1   2   2  17  17  -1  -1  -1  19  19  19 
 31  -1  -1  -1  -1  -1  -1  -1  -1  -1  -1  -1  -1  -1  -1  -1  -1  -1  31  31  31  -1  -1  -1  -1  -1 
 32  -1  -1  -1  -1  -1  -1  68  -1  46  46  48  48  61  61  -1  63  63  63  -1  -1  -1  -1  -1  74  -1 
 33  -1  -1  -1  -1  -1  -1  -1  -1  -1  -1  -1  -1  75  75  75  -1  -1  -1  -1  -1  -1  -1  -1  -1  -1 
 34  -1  -1  92  92  -1  -1 118  -1  90  90  -1  -1 105 105  -1  -1  -1 112  -1  -1  -1 107 107 107  -1 
 35  -1  -1  -1  -1  -1  -1  -1  -1  -1  -1  -1 119 119 119  -1  -1  -1  -1  -1  -1  -1  -1  -1  -1  -1 
 36  -1  -1 149 149  -1  -1 156  -1 136 136  -1 151 151 151  -1  -1  -1  -1  -1  -1  -1  -1 162 134 134 
 37  -1  -1 163 163 163  -1  -1  -1  -1  -1  -1  -1  -1  -1  -1  -1  -1  -1  -1  -1  -1  -1  -1  -1  -1 
 38 180 180 200 206  -1  -1  -1  -1 193 193  -1 178 178  -1  -1 195 195 195  -1  -1  -1  -1  -1  -1  -1 
 39  -1  -1  -1  -1  -1 207 207 207  -1  -1  -1  -1  -1  -1  -1  -1  -1  -1  -1  -1  -1  -1  -1  -1  -1 
 40  -1  -1  -1 244  -1  -1  -1 237 237  -1  -1  -1 224 224  -1  -1 250 239 239 239  -1  -1  -1 222 222 
 41  -1  -1  -1  -1  -1  -1  -1 251 251 251  -1  -1  -1  -1  -1  -1  -1  -1  -1  -1  -1  -1  -1  -1  -1 
 42 266 266 294  -1  -1 281 281  -1  -1  -1  -1 268 268  -1  -1  -1 283 283 283  -1  -1  -1  -1 288  -1 
 43  -1  -1  -1  -1  -1  -1 295 295 295  -1  -1  -1  -1  -1  -1  -1  -1  -1  -1  -1  -1  -1  -1  -1  -1 
 44  -1  94  -1 230  -1 270  -1  -1 187  -1   9  -1  -1  -1  -1  -1  -1  -1  -1  -1 310 153  -1  -1  55 
 45  -1 231  10  -1  -1   7  -1  -1  -1  -1  97  -1  -1  93 285 228  -1  -1  -1  -1  -1  -1  -1  -1  -1 
 46 138   8  -1 273  -1  -1  -1  -1  -1  -1 229  -1  -1  -1  -1  -1 184  -1 308 316  -1  -1  -1 275  -1 
 47  -1  -1  -1  -1  -1  -1  -1  -1  -1  -1 140  -1  -1 182  -1 109  -1  -1  -1  -1  -1  -1  -1  -1  -1 
 48  -1  -1 225 185  -1 143  -1  -1  -1 269  -1 227  49 274 315  -1  53  -1  -1  -1  -1  -1 141  -1  -1 
 49  -1  -1  -1 137 311  -1  -1 312  -1  -1  -1  96  -1 142 241  -1 226  -1  -1  -1  -1  65  -1 186  -1 
 50  99  -1  -1  -1  -1  -1  -1  -1   5 183  -1  -1  -1  -1  -1 272  -1 314  -1  -1  -1  -1  -1  -1  98 
 51  -1  -1  -1   6  -1  54  -1  -1  -1  -1  -1 139  -1  -1  -1  -1  -1  -1  -1  -1  -1 309 197  52  -1 
 52  50  -1 181  -1  -1  -1 313  -1  -1  -1 271  -1  -1  -1  -1  -1  -1  -1  -1  -1  -1  -1  -1  -1  -1 
 53  -1  51  -1  -1  -1  95  21  -1  -1  11  -1  -1  -1  -1  -1  -1  -1  -1  -1  -1  -1  -1  -1  -1  -1 

r\t   0   1   2   3   4   5   6   7   8   9  10  11  12  13  14  15  16  17  18  19  20  21  22  23  24 
  0  -1  -1  38  -1  -1  -1  -1  -1  -1  -1  -1  77 167  -1  -1  -1  -1 127  -1  -1  -1  -1  -1  -1  -1 
  1  -1  56  -1 146  -1  -1  -1  -1  -1  -1  -1  -1  -1 218  -1  -1  91  -1  -1  -1  -1 234  -1 203  -1 
  2 223  27 101  -1  -1  -1  -1  -1  18  -1  -1  83  -1  -1  -1  -1  -1  -1  -1  -1  -1  81 192 192  -1 
  3  41  -1 159 177  -1  -1  -1  -1  -1  -1  -1 126 152  -1  -1  -1  -1  -1 179  -1 104 104  -1  -1  -1 
  4  -1  -1  79 108  -1  -1  -1 293  -1  -1  -1  43  -1  -1  42  -1  -1  -1  33  -1  -1  -1  -1 124  -1 
  5  -1 191  -1  -1  -1  -1  25  70  -1  -1  -1  -1  -1 208  -1 106 301  -1 256  -1  -1 190  -1  -1  -1 
  6 238  -1  -1  -1  -1  -1  80  -1  -1  -1  -1 120  -1  -1  -1  -1 249 194 304 176  -1  -1 216  26  -1 
  7  -1  -1 196 202  -1 257 297 305  -1  -1  -1 150 292  -1  -1  -1  37 204  -1  -1  -1 246  -1  -1  -1 
  8  -1  -1  -1  -1  -1  -1  -1  58  -1  -1  -1 299  -1  -1  -1  -1  -1  -1 267  -1  -1  -1 290  -1  -1 
  9  -1  -1 171  -1  -1  16  16  -1  -1  -1  -1 243  -1  -1  -1  -1  -1  -1 121 129  -1  -1  -1 168  -1 
 10  -1 166  -1  -1  -1 214  57  -1  -1  -1  -1  -1  -1 154  -1  -1  29  -1  -1  -1  -1 113  -1  -1  -1 
 11 198  69  -1  -1 220  -1  -1  -1 291  -1  -1  -1  -1  -1  -1  -1  -1 277  40  39  -1  13  -1 148 148 
 12  -1  -1 279  -1  -1  -1 122  -1 260  -1  -1  23 286  -1  -1  -1 189  -1  -1  -1  -1  47  -1 131  -1 
 13  -1 276  -1  -1  -1  -1  -1 160 247  -1  22  -1 217  -1  -1  -1 232  -1  -1  -1  -1  -1  34  -1  -1 
 14  -1  -1  -1  -1  -1 172  -1  -1  -1  -1  -1  -1  -1  -1  -1  -1  -1  -1 144  -1  -1  -1  -1  -1  -1 
 15  -1 102 261  87  -1  -1 188  -1  -1 306  -1 211  -1  -1  -1  -1 173  66 289  -1  -1 302  -1  -1 213 
 16  -1 145  -1  64  -1  -1  -1  -1  76  -1  -1  -1 110 100  -1  -1  -1 116  -1  -1  -1  -1  -1  -1  -1 
 17  -1  -1 253 164  -1  -1 103  -1  -1  -1  -1  -1  -1  -1  -1  -1 201  -1 212  -1  -1  -1  -1 240  -1 
 18  -1  -1  59 284  -1  -1  -1  -1  -1  -1  -1 199  -1 296  -1  -1 262  -1  -1  -1  -1  62  20 174  -1 
 19  -1  -1  -1  -1  -1  -1  -1  -1  -1  -1  -1 130  -1  86  -1  -1  -1  -1  -1  -1  -1  -1  -1  -1  -1 
 20  -1 245  -1  -1  -1  -1 165  -1  -1  -1  -1 255  -1  -1  -1  -1 123  28 282  -1  -1 215 254  -1  -1 
 21 265  -1  -1  -1  -1  -1  -1  -1  -1  -1 258  -1  -1  -1  -1  -1 219  -1 161  -1  -1  -1  -1  89  -1 
 22  -1  -1  -1 115  -1  -1 307  -1  -1  -1  -1 210  -1  -1  -1  -1   0 252  -1  -1  -1  -1 235  -1 287 
 23  45  -1 236 236  -1  -1 205  -1 155  -1  -1 111  15 128  -1  -1 278  -1  -1  -1  -1  36  -1  14  -1 
 24  -1  -1  -1  -1  -1  -1 248  32  -1  84  -1  -1  -1  -1  -1  60  60  -1  -1  -1  -1 133 117  -1   1 
 25  -1  -1  -1  -1  -1  -1 233 259 242  -1  -1  67  -1 157  -1  -1  12 147  -1  -1  -1  -1  -1  -1  -1 
 26  -1 114 135 175  -1  -1  -1  -1  -1  -1 280 280  72 125  -1  -1  -1  -1  -1  -1  -1  -1 132 221  -1 
 27  -1  -1  -1 170  -1  85  -1  -1  -1 303  -1  -1  -1  -1  -1  -1 263 298  78  -1  -1  73  -1  -1  -1 
 28  -1  -1  -1  -1  -1  -1  -1  -1  -1  -1  -1  -1  -1  -1  -1  -1  82  -1  -1  -1  -1  -1 158 300  -1 
 29  -1   3  35  -1  -1  -1  -1  44  -1 169  -1  -1  -1  71  -1  -1  -1  -1  88  -1  -1 209 264  -1  -1 
 30  -1  -1  -1  17  17  -1  -1  -1  24  -1  -1  30  -1  -1  -1  -1  -1  19  19  19   2   2   4   4  -1 
 31  -1  -1  -1  -1  -1  -1  -1  -1  -1  -1  -1  -1  31  31  31  -1  -1  -1  -1  -1  -1  -1  -1  -1  -1 
 32  -1  46  46  68  -1  -1  -1  -1  -1  -1  -1  -1  63  63  63  -1  -1  74  48  48  -1  -1  61  61  -1 
 33  -1  -1  -1  -1  -1  -1  -1  -1  -1  -1  -1  -1  -1  -1  -1  -1  -1  -1  -1  -1  -1  -1  75  75  75 
 34  -1  -1 118  92  92  -1  -1 105 105  -1  -1  -1 112  -1  -1  -1  -1 107 107 107  -1  90  90  -1  -1 
 35  -1  -1  -1  -1  -1  -1  -1 119 119 119  -1  -1  -1  -1  -1  -1  -1  -1  -1  -1  -1  -1  -1  -1  -1 
 36 136 136  -1  -1  -1 151 151 151 162  -1  -1 156  -1  -1  -1 149 149  -1 134 134  -1  -1  -1  -1  -1 
 37  -1  -1  -1  -1  -1  -1  -1  -1  -1  -1  -1  -1  -1  -1  -1 163 163 163  -1  -1  -1  -1  -1  -1  -1 
 38  -1 206  -1  -1  -1  -1  -1 193 193  -1  -1  -1 195 195 195  -1  -1  -1  -1  -1 180 180 200 178 178 
 39  -1  -1  -1  -1  -1  -1  -1 207 207 207  -1  -1  -1  -1  -1  -1  -1  -1  -1  -1  -1  -1  -1  -1  -1 
 40  -1  -1  -1 250  -1 224 224 244  -1  -1  -1  -1 237 237  -1  -1  -1 239 239 239 222 222  -1  -1  -1 
 41  -1  -1  -1  -1  -1  -1  -1  -1  -1  -1  -1  -1 251 251 251  -1  -1  -1  -1  -1  -1  -1  -1  -1  -1 
 42  -1 294  -1  -1  -1 268 268 283 283 283  -1  -1  -1  -1  -1  -1 288  -1  -1  -1 266 266 281 281  -1 
 43  -1  -1 295 295 295  -1  -1  -1  -1  -1  -1  -1  -1  -1  -1  -1  -1  -1  -1  -1  -1  -1  -1  -1  -1 
 44   9  -1  -1  -1  -1  -1   5 141  -1  -1  -1  -1  -1 285  -1  -1 226  -1  -1  -1  93  -1  -1 271  -1 
 45  -1 227 228 137  54  -1  -1  -1  -1  -1  -1  -1  -1 311  -1  -1  -1  -1  -1  -1 140  -1  -1  -1  -1 
 46  -1  21  -1   8  -1  -1  96 231  -1 309  -1  -1  -1  -1  -1  -1 187  -1  -1  -1  -1  -1 185  -1  -1 
 47  -1  -1 270  -1  -1  55  -1  -1  -1  -1  -1  -1  -1  -1  -1  -1  -1  -1  -1 269  -1  -1  -1  -1  -1 
 48  -1 275 153 273 138  95  50  -1  65  -1  -1  -1 308  -1  -1  -1  -1  -1  -1  -1  49  -1  -1  -1  -1 
 49  -1 183  98  -1  -1  -1 142   6  -1  -1  -1  -1  -1  -1  -1 314 272  -1  -1  -1  -1  -1  -1 139 143 
 50  97  -1 184  51  11  -1  -1  -1  -1 241  -1  -1  -1  -1 310  -1  -1 313 197  -1  -1  -1 230  52  -1 
 51  -1  -1  -1  -1  -1 181  -1  -1  -1  -1  -1  -1  -1  -1  -1  -1  -1  -1  -1  -1  -1  -1  -1  -1  -1 
 52  -1  -1  -1  -1 186  -1  -1 274 315  -1  -1  -1  -1  -1  -1  -1  53  -1  -1  -1  -1  -1  -1  -1 225 
 53  -1  94  10 229  -1   7 182  -1  -1  -1 316 312  -1  -1  -1  -1 109  -1  -1  -1  -1  -1  -1  -1  99 

r\t   0   1   2   3   4   5   6   7   8   9  10  11  12  13  14  15  16  17  18  19  20  21  22  23  24 
  0  -1  -1  -1  -1  -1  -1 210  -1  -1  -1  -1  77  -1  16  16  -1 111  -1  -1  -1  -1 152  -1  -1  -1 
  1 265  -1 104 104  -1  -1  -1 279  -1  -1  -1  91  -1 188  -1  -1  62 257  -1  -1  -1  -1  -1 259  -1 
  2  -1  -1 254  70  -1  -1  -1  -1 211  -1  -1  -1  72  -1  -1  -1  -1  -1 304  -1  -1 202  -1  -1  -1 
  3  -1 175  -1  -1  66  -1  -1  -1 289  -1  -1  -1 135 299  -1  -1 242  -1  -1  -1  -1  13  -1 260  -1 
  4  -1 235  -1  -1  -1  -1  -1  -1  -1  -1  -1  -1  -1 302  -1  -1  79  -1  -1  -1  -1  -1  14 215  -1 
  5  -1  80 209  35  -1  -1  -1 146  -1  -1 155  -1  25 144  -1  -1  -1  73 219  -1  -1  -1  -1  -1  -1 
  6  -1  -1  -1  -1 128  -1  -1 246 150  86  -1  84  -1  -1  -1  -1  -1 196  -1  -1  -1  -1  -1  -1  -1 
  7  -1  -1  -1  -1  -1  -1  -1  -1  -1  -1  -1  -1 199  -1  -1  -1  -1 238  -1 307  -1  -1  -1  -1  -1 
  8  -1  -1  56  -1  -1  -1  67  -1  -1  -1  -1 110  -1  -1  -1 261  -1  -1  -1  -1  -1 247  89  -1  -1 
  9  -1  -1   3  45  -1  -1 298 306 284  -1  -1  -1 296  -1  -1  -1 122  -1  -1  -1  -1  -1 192 192 216 
 10  -1  -1  -1  -1 131  -1 189  -1  37  -1  -1 172  -1 157 176  -1  -1 255  -1  -1  -1 133 108  -1 220 
 11  -1 278  -1 117  -1  -1  -1  -1  -1  -1  -1  -1  -1  -1  -1 127  -1  -1  69  -1  -1  -1  -1  -1  -1 
 12  -1 174  -1  -1  -1  -1 113  -1  -1  -1  -1  85  -1  71  -1  -1  -1  -1  -1  -1  -1  -1  -1  -1  -1 
 13  -1  -1  -1 159 173  -1 145 208  36  -1  -1 258 167  64  -1  -1  -1  -1  -1  -1 223  -1  -1  20  -1 
 14  -1  -1  -1  -1  -1  -1  -1  -1  -1  -1  -1  -1  -1  -1  -1  -1  -1  -1  -1  -1  -1  -1  60  60  -1 
 15  -1 201  -1  -1  -1 305  76  -1  -1  -1  -1  -1 100 203  -1  -1 205  -1  -1  -1  -1  -1  -1 115  -1 
 16  -1  -1 282  -1  -1  -1  28 263  -1  -1  -1 116  88 132  -1  -1  -1  -1 252  -1 218  59 124 217  -1 
 17 169  -1 164 212  -1  -1  47 170  -1  -1 126  -1  83 256  -1  -1  -1  -1  -1 303  -1 190  -1  -1  -1 
 18  -1  44 233  -1  -1  -1   0  -1  -1  -1  -1  -1  12 123  -1  -1 293  -1  -1  -1  -1  -1  -1  -1  -1 
 19  -1  -1  -1  -1  -1  -1 103  -1  -1  -1  -1  -1 154  -1  -1 106  15  -1  -1  23  -1  -1 248  -1  -1 
 20  -1  -1  -1  -1  -1  -1 249  -1  -1  -1  -1 147  -1 129  -1  -1  81  -1 168  -1  -1 291 148 148  -1 
 21  -1  -1  -1  -1  -1  -1  -1 240 120  42 287  -1  -1  -1  -1  -1 194  -1  -1  -1  -1  -1 158  -1 286 
 22  -1  58  29  -1  -1  -1 276  -1  -1  -1  -1  -1 121  -1  -1  -1  82  -1  57  -1  -1  -1  -1 101  -1 
 23  -1  -1  -1  -1  -1 213  -1  -1  -1  -1  -1  -1  -1  -1  -1  22  -1  -1 232  -1  -1  -1  -1 166   1 
 24  -1  34 267  -1  -1  -1 160 301  -1  -1  -1  -1  -1  -1  -1  -1  41  -1  -1 125  -1  -1  -1  -1  -1 
 25  -1 245  -1 177  -1  -1  39 165 243  -1 171  -1  -1  -1  -1  -1  -1  -1  -1  -1  -1 277 204  -1  -1 
 26  -1 161  -1  -1  -1  -1  -1  -1  18  -1 198 130  -1  32  -1  -1  -1  -1  -1  -1  87 102 297  78  -1 
 27  -1  43  -1  -1  -1  -1  -1  -1  -1  -1  -1  -1  -1  40  -1  -1  -1 300 191  -1  -1  -1  26 292  -1 
 28  -1 290  -1  -1  -1 262  -1 214  -1  -1  -1 264 179  -1  -1  -1  -1  -1  -1  -1  -1  -1 280 280  -1 
 29  -1  -1  -1 234  -1 221  -1  33  27  -1  -1  -1  -1 236 236  -1  -1  -1  38  -1  -1 114  -1 253  -1 
 30  -1  -1  -1  17  17  19  19  19  -1  -1  -1  24  -1   4   4  -1  -1  -1  -1  -1  -1  30   2   2  -1 
 31  -1  -1  -1  -1  -1  -1  -1  -1  -1  -1  -1  -1  -1  -1  -1  -1  31  31  31  -1  -1  -1  -1  -1  -1 
 32  -1  -1  68  -1  -1  -1  -1  61  61  -1  63  63  63  48  48  -1  -1  -1  -1  -1  -1  74  -1  46  46 
 33  -1  -1  -1  -1  -1  -1  -1  75  75  75  -1  -1  -1  -1  -1  -1  -1  -1  -1  -1  -1  -1  -1  -1  -1 
 34  -1 112 118  -1  -1  -1  -1 107 107 107  -1  -1  -1  -1  -1  -1  -1  -1 105 105  90  90  -1  92  92 
 35  -1  -1  -1  -1  -1  -1  -1  -1  -1  -1  -1  -1  -1  -1  -1  -1  -1 119 119 119  -1  -1  -1  -1  -1 
 36  -1 151 151 151  -1  -1 136 136 162  -1  -1 156  -1  -1  -1 149 149  -1  -1  -1  -1  -1 134 134  -1 
 37  -1  -1  -1  -1  -1  -1  -1  -1  -1  -1  -1  -1  -1  -1  -1 163 163 163  -1  -1  -1  -1  -1  -1  -1 
 38 195 195 195  -1  -1 178 178 193 193  -1  -1 200 206  -1  -1  -1  -1  -1  -1  -1 180 180  -1  -1  -1 
 39  -1  -1  -1  -1  -1  -1  -1  -1  -1  -1  -1  -1  -1  -1  -1  -1  -1 207 207 207  -1  -1  -1  -1  -1 
 40  -1 222 222 250  -1  -1 224 224  -1  -1 237 237  -1  -1  -1  -1 244  -1  -1  -1  -1 239 239 239  -1 
 41  -1  -1  -1  -1  -1  -1  -1  -1  -1  -1 251 251 251  -1  -1  -1  -1  -1  -1  -1  -1  -1  -1  -1  -1 
 42  -1  -1  -1 294  -1 266 266  -1  -1  -1  -1 288 281 281  -1  -1 283 283 283  -1 268 268  -1  -1  -1 
 43  -1  -1  -1  -1  -1  -1  -1 295 295 295  -1  -1  -1  -1  -1  -1  -1  -1  -1  -1  -1  -1  -1  -1  -1 
 44  -1  -1  21  93  -1  -1  96  -1  -1  -1  -1  -1   8  -1  -1  -1  -1  -1  -1  -1  -1  -1  -1  -1  -1 
 45  -1  -1  -1  -1  -1  -1  -1  -1  -1  -1  -1  -1  -1  -1 138  -1  -1  -1  -1  -1  -1   6  -1  -1  -1 
 46  55  -1  -1 142  -1  95  -1  -1 313  -1  -1  -1  -1 272  -1  -1  -1  -1  -1  -1 241  -1  -1  -1  -1 
 47   9  -1  97 227 315  -1  -1  -1  -1  -1  -1  10  -1 231  -1  -1  -1  -1  -1  -1  11 229  -1  -1 185 
 48  -1  -1 182  -1  -1  -1  -1  -1  -1  -1  -1 230  -1  98  -1 310  -1  -1 153  -1  -1  -1 226 273  -1 
 49 225 275  -1  -1  -1  -1  -1  -1  -1  -1 311  -1  -1  -1 271  -1  -1  -1  -1  -1  -1  49  -1  -1  -1 
 50 141  94  -1  -1 285  -1  -1  -1  -1 312  -1 137 269 184 228  -1  -1  -1  -1 316  -1  -1  -1  -1  -1 
 51  -1   7  -1 274  -1  52  -1  -1  -1  -1 109  -1  -1  -1  -1  -1 309 314 308  -1  -1  -1 183  -1  -1 
 52  -1  -1  50   5  -1  -1  -1  -1  -1  -1  -1  -1  53  -1  -1  -1  -1  -1  -1  -1  54  -1 270  -1  -1 
 53  -1  -1  -1  -1  -1 143  -1 181  -1 197  -1 186  -1  -1  99  -1  -1  65  -1  -1 139  -1  51 187 140 

r\t   0   1   2   3   4   5   6   7   8   9  10  11  12  13  14  15  16  17  18  19  20  21  22  23  24 
  0  -1  -1  -1 161  -1  -1 103  -1  -1  -1  -1  -1  -1  -1  -1  -1  -1 286 252  -1  -1 167  -1  -1  -1 
  1  -1 170  -1  -1  -1 175  -1  -1  -1  -1  -1  -1  -1 166  -1 257  -1  36 267  -1  -1 300  -1  35  -1 
  2  -1  -1  -1  -1  -1  -1  -1  -1 234  -1  -1  -1  -1  -1  -1 176 258  -1  69  91  -1  -1  29  -1 265 
  3  -1  -1 101 299  -1  -1  -1  -1 102  -1  -1 290 204  -1  -1  -1  -1  -1  -1  -1  -1  -1  22  -1  -1 
  4  -1  79  -1  -1  -1  -1 171  -1  -1  -1  -1 132  -1  -1  -1 236 236  -1  -1  -1  -1  -1  -1  78  -1 
  5  -1  -1  -1  -1  -1  -1  -1  -1  64  -1  -1  -1   0 247  -1  -1  -1  -1  41  -1  -1  -1  -1 209  -1 
  6  -1  66  -1  -1  -1  -1 306  83  -1  -1  -1  -1  81  26  -1  -1  -1 261 165  -1  -1  62  -1   3  -1 
  7 130  -1 240  -1  -1  -1  -1  -1  -1  -1  -1  -1 152  -1 219  -1 123 121  16  16  -1  -1 249 214  -1 
  8  -1  -1  32  -1  -1  -1 173  59 279  -1  -1  -1  -1  -1  -1  -1 223  67 232  -1  -1  -1  -1 104 104 
  9  -1  -1  -1  -1  -1  -1 191  -1  -1  -1  -1  -1  -1  -1  -1  -1  -1  -1 169 129  -1 155  -1  -1  -1 
 10  -1  -1  -1  -1  -1  -1  -1  -1  -1  37  -1  -1  -1  -1  -1  -1  80 238  -1  -1  -1  86  -1  -1  -1 
 11  -1  -1  72  13  -1  -1 124  -1  -1  -1  -1  -1  -1  -1  -1  -1 264 150 260  -1  -1  15 192 192  -1 
 12  -1  -1  -1 177  -1 263  -1  -1  -1  -1  -1 301  -1 154  -1  -1  -1 194  27  -1  -1  -1 243  23  -1 
 13  -1  -1  -1  -1  -1  -1  -1 242  -1  -1  -1  -1  -1  -1  -1  40  -1 111 116 106 198  -1  -1  -1  -1 
 14  -1  -1  -1 202  -1  -1  -1  -1  85  -1  -1  -1  -1  -1  -1  -1  -1  70  -1  -1  -1 212  -1  -1  -1 
 15  -1  -1  82  -1  -1  -1  73 253 190  -1  -1 233  -1  -1  -1  -1  -1 255 179  -1  -1  -1  -1  -1  -1 
 16  -1  -1 147  -1  -1  -1  -1  -1 159 128  -1  57  -1  -1  -1  -1 259  -1  -1  -1  -1  -1 201  -1  -1 
 17  -1  -1  -1  89  -1  -1 164 172  -1  -1  -1  12  -1  -1  -1  -1 145 160 211  -1  -1  -1  -1  -1  -1 
 18  -1  -1  -1  -1  -1  -1  -1  -1  -1  -1  -1 108  -1 115  -1 280 280 210 292  -1  -1  -1  -1  -1  -1 
 19  -1 287  -1  -1  -1  -1  -1  -1  -1  -1  -1  77  25  -1  -1  -1  -1  -1  -1  -1  -1  -1 148 148  -1 
 20  -1 120 304  -1  -1  -1 302 110 126  -1 216  -1  -1  -1  -1  -1  -1  -1  -1  45  -1  -1 293 256  -1 
 21 218  -1  -1  -1  -1  -1 276  -1  -1  -1  -1 246 168  76  -1  -1 189  18 127  -1  -1  -1  -1  58  -1 
 22  -1  -1  -1  -1  -1  44 254 196 144  -1  -1  -1  -1  87  -1  -1  88  33 217  -1  -1 122  -1 174  -1 
 23  -1 203 188  -1  -1  -1  39  -1  -1  -1  -1  -1  -1 125  -1  -1  -1 303 135  -1  -1  -1  -1 221  -1 
 24  -1  -1  60  60  -1  -1  56  -1  -1  -1  -1 278 114  -1  -1  -1  -1  -1  -1  -1  -1  -1  -1  -1  84 
 25  -1 131  -1  -1  -1  -1 298 117  38  -1  -1 146 277  -1  -1  -1  34  -1  -1  -1  -1  -1  -1  -1   1 
 26  -1  -1  -1  -1  -1 213  20 289  -1  -1  -1  -1 248  -1  -1  -1  -1  -1 262  -1  -1  -1  -1 157  -1 
 27  -1  -1  14  28  -1  -1  -1 158  -1  -1  -1  71 133 282  -1  -1  -1  -1  -1  -1  -1  -1  -1  -1  -1 
 28  -1  -1 113  -1  -1  -1  -1 284 205  -1  -1  -1  -1 208  -1 220 291 297  47  -1  -1  -1  -1  -1  -1 
 29  -1 296  -1 305  -1  -1 235 307 245  -1  -1  42  -1  43  -1  -1 100  -1 199  -1  -1  -1  -1 215  -1 
 30  -1  24   4   4  -1  -1  -1  17  17  -1  -1  30  19  19  19   2   2  -1  -1  -1  -1  -1  -1  -1  -1 
 31  -1  -1  -1  -1  -1  -1  31  31  31  -1  -1  -1  -1  -1  -1  -1  -1  -1  -1  -1  -1  -1  -1  -1  -1 
 32  -1  68  48  48  -1  -1  -1  -1  -1  -1  -1  -1  63  63  63  61  61  -1  -1  -1  -1  74  -1  46  46 
 33  -1  -1  -1  -1  -1  -1  -1  75  75  75  -1  -1  -1  -1  -1  -1  -1  -1  -1  -1  -1  -1  -1  -1  -1 
 34 105 105  -1  -1  -1  92  92  -1 112  -1  -1 118 107 107 107  -1  -1  -1  -1  -1  -1  -1  -1  90  90 
 35  -1  -1  -1  -1  -1  -1  -1  -1  -1  -1  -1  -1  -1  -1  -1  -1  -1  -1  -1  -1 119 119 119  -1  -1 
 36  -1  -1  -1 149 149 151 151 151  -1  -1  -1  -1  -1  -1  -1 134 134  -1 162  -1  -1  -1 156 136 136 
 37 163 163 163  -1  -1  -1  -1  -1  -1  -1  -1  -1  -1  -1  -1  -1  -1  -1  -1  -1  -1  -1  -1  -1  -1 
 38 193 193  -1  -1  -1  -1  -1  -1 180 180  -1 206 195 195 195  -1 200  -1  -1  -1  -1  -1  -1 178 178 
 39  -1  -1  -1  -1  -1 207 207 207  -1  -1  -1  -1  -1  -1  -1  -1  -1  -1  -1  -1  -1  -1  -1  -1  -1 
 40 237 237  -1 244  -1  -1  -1  -1 224 224  -1  -1 239 239 239  -1 250  -1 222 222  -1  -1  -1  -1  -1 
 41 251 251 251  -1  -1  -1  -1  -1  -1  -1  -1  -1  -1  -1  -1  -1  -1  -1  -1  -1  -1  -1  -1  -1  -1 
 42  -1  -1 288 281 281 266 266  -1  -1  -1  -1 268 268 294  -1  -1  -1  -1  -1  -1  -1 283 283 283  -1 
 43  -1  -1  -1  -1  -1  -1  -1 295 295 295  -1  -1  -1  -1  -1  -1  -1  -1  -1  -1  -1  -1  -1  -1  -1 
 44  -1  -1  -1  -1  93  -1   6 315  -1  -1 109  -1 181  -1  -1  -1  -1  -1  -1 138  -1  -1  -1  -1  -1 
 45  -1  21  -1  -1  55  -1  -1  -1  -1  -1 309  10 227  -1  -1  54 184  -1 285  -1 316  -1  65  -1  -1 
 46  -1  -1  95  -1 269  -1  -1  -1  -1  -1  -1  -1  -1  -1  -1  -1  -1  -1 153 186  -1  -1  -1  -1  -1 
 47  -1  -1  -1 273  -1  -1 231  -1  -1  -1  -1  50  -1  -1  -1  -1  -1  -1  -1  -1  -1  -1  -1  -1 225 
 48  -1  -1  -1  -1 229  -1  -1  -1  -1  -1  -1 182  51  -1 143  99  -1  -1  -1  -1  -1 197  -1  -1  -1 
 49  -1 311  -1  -1 185  -1  53  -1 139  -1  -1  96  -1  -1  -1  -1  -1 310  -1  -1  -1  -1  -1 270  -1 
 50 314  -1 272  -1  -1  -1  -1  -1  -1   7  -1  -1  -1 308  -1  -1  -1  -1  97  11  -1  -1 313  -1  -1 
 51  -1  -1 187  -1  -1   8 183  -1  -1  98  -1 230  -1  -1  -1 271  49  -1  -1  -1  -1 312  -1  -1  -1 
 52  -1  -1  -1 226   9 228 142  -1  94  -1  -1  -1  -1  -1 274  -1  -1  -1   5  -1  -1 241  -1  -1  -1 
 53  -1  -1  -1 141 137  -1  -1  -1  52 140  -1  -1  -1  -1  -1  -1  -1  -1  -1 275  -1  -1  -1  -1  -1 

r\t   0   1   2   3   4   5   6   7   8   9  10  11  12  13  14  15  16  17  18  19  20  21  22  23  24 
  0  -1  -1 280 280  -1  -1  -1  -1 296  86  -1  -1  60  60  -1  -1  -1  -1 298  -1  -1 128  -1  -1  -1 
  1  -1 253 252  -1  -1  -1  -1 216 256  37  -1  -1  -1  -1  -1  -1  -1  -1  -1  -1  -1  -1  -1  -1  -1 
  2 265 213  -1 215  -1  -1  26  -1  -1  -1 148 148  -1  -1  13  -1  -1  -1 259  -1  -1  -1  -1 240  -1 
  3  -1 164 111 124  -1  -1  -1  -1 110  -1  -1  -1  -1  -1  42  -1  -1  -1  -1  -1  84  -1  -1 115  43 
  4  -1  69  -1  -1  -1  -1  -1  -1  -1  -1  -1  22  -1  -1 307  -1  -1  -1  -1 267  -1 233  -1  -1  -1 
  5  -1  -1  35  -1  -1  -1 292  -1  -1  -1 220  -1 127 161  -1  -1  -1  -1  -1  -1  -1  -1  -1  -1  -1 
  6  -1  57  -1 158  -1  -1 145  -1 121  -1  -1 306  -1  -1  -1  -1 147  -1 258  -1  -1  -1  -1 130  -1 
  7  -1  12 297  -1  -1  -1 249 282  -1  -1  -1  -1  -1  -1  -1  -1  -1  -1  -1  -1  -1  -1 165  -1  -1 
  8  -1  -1  -1  39  -1  -1 263  -1  -1  -1  -1 108 166 154  -1  -1  -1  -1  -1  -1 217 188  -1 264  -1 
  9  -1 117  -1  -1  67 175  -1  -1  -1  -1  -1 223  -1  -1  -1 261 199  -1  77  -1  -1  -1  -1 191  -1 
 10  -1  -1  -1  70  -1  -1  -1  -1  -1  -1  -1 129 104 104  -1  -1  -1  -1 196  -1  -1  -1 114 290  -1 
 11  -1 102  -1  -1  -1  -1 100  -1  -1  -1  -1 242  -1  -1  -1  -1 243  -1  88  -1  -1  -1  -1 160  -1 
 12  -1  -1  -1 255  -1  -1  -1  -1  -1 302  -1 246 131  -1  -1  -1  32  -1  34 301  -1 103 194  -1  -1 
 13  -1 284 218  -1  -1  -1  -1  25 150  -1  -1  78  -1 248  -1  -1 289 122  -1  -1  -1 133  -1  -1  -1 
 14  -1  -1  -1  -1  -1  -1   0  59  -1  -1  -1  -1  -1 279  -1  -1  -1 198  -1  -1  -1  -1 208  -1  -1 
 15  -1  -1  -1 291  87  -1  -1  83 167  -1  -1  -1 144  -1  -1  -1  18  -1  -1  -1  -1  -1  -1  -1 174 
 16  -1  -1  80  -1  -1 221 303  -1  -1  -1  -1  -1  -1 135  -1  -1  -1  -1  14  -1  -1 300  -1  -1  -1 
 17 176 293  16  16 287  -1  -1  -1  -1 172  -1  27 247  -1  -1  -1  -1  -1  40  -1  -1  44  -1 146  -1 
 18  -1  -1  -1  -1 238  -1  73  -1  -1  41  -1   3  -1  -1  -1  -1 169  71 101 304  -1  -1 262  -1  -1 
 19  -1  -1 236 236  -1  -1 123 155  -1  -1  -1 171   1  -1  -1  -1  76  -1  -1  -1  -1  -1  -1  -1  -1 
 20  -1 189  91  -1  -1  -1  -1  -1 277  -1  82 179  -1  -1  -1  -1  -1  -1  -1  -1  -1  -1  72  -1  -1 
 21  -1  -1 209  -1  -1  -1 202  -1  -1  -1  -1  -1  -1  -1  -1  -1  -1 126 257  -1  -1  -1  -1  -1  -1 
 22 214  29 159  89  -1  -1  -1 299  -1  -1  -1 125 232  -1  -1  -1  -1  -1  -1 177  -1  20  -1  -1  -1 
 23  -1  -1  -1  -1  -1  -1 157  -1  23  -1  -1 113 120 234  -1  -1 286  -1 245  -1  -1  -1  -1  -1  -1 
 24  -1  -1  -1  47  -1  85  -1 116 203 173  -1 168  -1  15  -1  -1 211  -1  -1  -1  -1  58  -1  -1  -1 
 25  -1  -1  45 192 192  -1  -1  -1  -1  -1  -1  -1  -1  -1  66  62 219  -1  -1  -1  -1 152  -1  -1 305 
 26 132 260  -1 212  -1  -1  -1  -1  -1  -1  -1  -1  -1  -1  -1  -1  -1 254  -1  -1  -1  -1  -1  38  -1 
 27  -1  -1  -1  -1 106  -1  56  -1  -1  -1  -1  -1  36  33  81  -1  -1 210 276  -1  -1 204  -1  -1  -1 
 28  -1  -1 190  -1  -1  -1 278  -1  64  -1  -1 205  -1  -1  -1  -1  -1  -1  -1  -1  -1  79 235  -1  -1 
 29  -1 201  -1  -1  -1  -1  -1  -1  -1 170  -1  -1  -1  -1  -1  -1  -1  -1  -1  -1  -1  28  -1  -1  -1 
 30  -1  -1   4   4  -1  19  19  19  30  -1  -1  -1  -1   2   2  -1  -1  24  -1  -1  -1  -1  17  17  -1 
 31  -1  -1  -1  -1  -1  -1  -1  -1  -1  -1  -1  -1  -1  -1  -1  -1  -1  -1  -1  -1  -1  -1  31  31  31 
 32  46  46  -1  -1  -1  -1  -1  -1  -1  -1  48  48  -1  74  -1  -1  63  63  63  -1  -1  68  61  61  -1 
 33  -1  -1  -1  -1  -1  -1  -1  75  75  75  -1  -1  -1  -1  -1  -1  -1  -1  -1  -1  -1  -1  -1  -1  -1 
 34  -1  -1 112  -1  -1  92  92  -1  -1  -1  -1  -1  -1  90  90 105 105  -1  -1  -1  -1 118 107 107 107 
 35  -1  -1  -1  -1  -1  -1  -1  -1  -1  -1  -1  -1  -1  -1  -1 119 119 119  -1  -1  -1  -1  -1  -1  -1 
 36  -1 151 151 151  -1 136 136 156  -1  -1 134 134  -1  -1  -1  -1  -1 149 149  -1  -1  -1 162  -1  -1 
 37  -1  -1  -1  -1  -1  -1  -1  -1  -1  -1  -1  -1  -1  -1  -1  -1 163 163 163  -1  -1  -1  -1  -1  -1 
 38  -1  -1 178 178  -1  -1 195 195 195  -1  -1  -1 193 193  -1  -1  -1  -1 200  -1 180 180  -1 206  -1 
 39  -1  -1  -1  -1  -1  -1  -1  -1  -1  -1  -1  -1 207 207 207  -1  -1  -1  -1  -1  -1  -1  -1  -1  -1 
 40  -1 224 224  -1  -1  -1  -1 239 239 239  -1  -1  -1 222 222  -1 250 237 237  -1  -1 244  -1  -1  -1 
 41  -1  -1  -1  -1  -1  -1  -1  -1  -1  -1  -1  -1  -1  -1  -1  -1  -1  -1  -1  -1  -1  -1 251 251 251 
 42  -1 266 266  -1  -1 268 268  -1  -1  -1 281 281  -1 294  -1  -1  -1 288  -1  -1 283 283 283  -1  -1 
 43  -1  -1  -1  -1  -1  -1  -1  -1  -1  -1 295 295 295  -1  -1  -1  -1  -1  -1  -1  -1  -1  -1  -1  -1 
 44  -1  94  -1  -1  -1  -1  -1 313 312  -1 186  -1 225  -1  -1  -1  -1 311  -1  -1  98  96 315  -1  -1 
 45  -1  -1  -1  -1  -1 183  -1  -1  -1  -1  -1 197  -1  49 275  -1  -1  21  10  53  -1  -1  -1  -1  -1 
 46  -1 181  -1  -1  -1  -1  -1 109  -1  -1  -1 273  51  -1  -1 310  -1  -1  -1  97  -1  -1  -1  -1  -1 
 47  -1  -1  -1  -1  -1  -1 187  -1  -1  -1  11  -1  -1  -1  -1  -1  -1  -1 227  -1   7  -1  -1  -1  -1 
 48  -1  -1  -1 231  -1  54  -1  -1  -1  -1  -1  95  -1  -1  -1  -1  -1  -1 142  -1  55  -1 153  50  -1 
 49   9   5  -1  65  -1  -1  -1  -1  -1  -1  -1  -1 274  -1  -1  -1  -1  -1  -1 228 229 226  -1 185  -1 
 50  -1  -1  -1  -1 314  -1 230  -1  -1  -1  -1  -1  -1 269 143  -1  -1 285  -1 137  -1  -1  -1 139  -1 
 51  99  -1  -1 271  -1  -1  52  -1  -1 316  -1  -1  93  -1  -1  -1  -1  -1 272   8  -1 270  -1  -1 309 
 52  -1 141  -1  -1  -1  -1  -1  -1  -1  -1  -1  -1 184  -1  -1  -1  -1  -1  -1  -1 140   6  -1  -1  -1 
 53  -1  -1  -1  -1  -1  -1  -1  -1  -1  -1  -1  -1 138  -1  -1 241 308  -1 182  -1  -1  -1  -1  -1  -1 

r\t   0   1   2   3   4   5   6   7   8   9  10  11  12  13  14  15  16  17  18  19  20  21  22  23  24 
  0  -1  -1  -1  13  -1  -1 158 236 236  -1  -1  -1  22 116 132 302  -1  -1 174  -1  -1  56  -1  -1  -1 
  1  -1 165  -1  -1  -1  -1  -1 258  -1  -1  -1 215  -1  -1 259 282  -1  -1 293  -1  -1  -1  80  70  -1 
  2  -1  -1  -1  -1  -1  -1  -1  -1  -1  -1  -1  -1  -1  -1  -1  -1  -1  -1 145 219  -1  -1  -1  -1  -1 
  3  -1  -1  -1  -1  -1  -1  -1  -1  -1  -1  -1 168  -1  -1  -1  -1  34 157  -1  -1  -1 122  -1  -1  -1 
  4 129 120  -1 278  -1  -1  -1  -1  -1  -1  -1  43  -1  -1  -1  -1  -1  -1  73 130  -1  -1 199 247  -1 
  5  -1 279  -1 292  -1  40  -1 267  -1  -1  -1  -1  -1 246 176  -1  -1 300 188  -1  -1  -1 205  -1  -1 
  6  -1  -1  -1  -1  37  -1 290 212  45  -1  -1 196 131  -1  -1  -1 253  -1  16  16 170  -1 305  -1  -1 
  7  -1  -1 216  -1  -1  -1  -1  -1 189  -1  85 291  -1  -1  -1  -1  -1  -1  -1  -1  -1  20  -1 198  -1 
  8  -1 144  -1  81  -1 286   0  -1  -1  -1  -1  -1 114  -1  -1  -1  -1  -1  -1  -1  -1  -1  -1  -1  -1 
  9  -1 100  -1  -1  -1  -1 194 124  -1  -1  -1  -1  -1  -1  -1 177  -1  27  -1  -1  -1  -1  -1  67  -1 
 10  -1  -1 203 171 172  -1 133  -1 276  -1  -1  59  -1  -1  -1  -1  -1  -1  -1  -1 106 298  -1  -1  -1 
 11  -1 164  -1  -1  -1  -1  -1  -1 148 148  -1  -1  -1  -1  -1  -1 202  -1  -1  -1  -1  -1  -1  -1  44 
 12  -1 240  -1  71  -1  -1  -1  -1  -1  -1  -1 121  -1  -1   1  -1 190 128  -1  -1  -1  -1  -1  -1  -1 
 13  -1  -1  35  -1  -1  -1  47  -1  -1  -1  -1 233  -1  60  60  -1 147  -1  -1  -1  -1 287  -1  41  -1 
 14  -1 256  -1 159  -1  -1  -1  -1  -1  -1  -1  -1  -1  -1  -1  -1  -1 150  -1  -1 192 192  -1  -1  -1 
 15  -1  -1  -1  -1  -1  -1  91  58  -1  -1  -1 152  -1  -1  -1  -1   3  -1  -1  86  -1  -1  -1  -1 221 
 16  -1  -1 110  -1  -1  -1 234  89  -1  -1  -1  -1  57  -1  -1  -1  -1 245  64  -1  -1  -1  -1  -1  -1 
 17  -1  -1 299  -1  -1 155  -1  79  -1  -1  -1  -1 255 214 262  -1  -1  -1  -1 220  -1  -1  -1 242  83 
 18  -1  -1  -1  -1  -1  -1  72  -1  -1 218  -1  -1  26 261  -1  -1 126  -1 167  -1  -1  -1  -1  28  -1 
 19  -1  14  84  -1  -1  -1 284 260 307  66 303 252 160  78  -1  -1  18 191 113  -1  -1 238 108  -1  -1 
 20  -1  -1  -1 101  -1  -1  -1  -1 115  -1  -1  -1  -1 173  -1  -1  -1  -1  -1  -1  -1  -1 289  -1  -1 
 21  -1 217 161  -1  -1  -1 179  -1  -1  -1  -1  -1 213 209  -1  -1  -1 301  33  -1  -1 210  -1  -1  -1 
 22  42 296  -1  -1  -1  -1  -1  -1 204  -1  -1  -1  -1  -1  -1 127 123  -1  -1  -1  -1  38  62 103  -1 
 23  -1  -1 304  -1  -1  -1  -1  -1  -1  39  82  87  -1 297  -1  -1 102 117 232  -1  -1 169  -1  -1  -1 
 24  -1  77  -1  -1  -1  -1 265 248  -1  -1  -1  -1  -1  88  -1  -1  -1 104 104  -1  -1  -1  -1  -1  -1 
 25  -1  -1 277  -1  -1  -1  -1  32  25  -1  -1  -1  -1  -1  -1  -1  -1 264  -1  -1  -1  -1  -1  -1  -1 
 26  -1 208  -1  -1  -1  -1  -1  -1  -1  -1  -1  -1  -1 235  -1  -1  -1  36 201  -1  -1  -1  -1  23  -1 
 27  -1  -1  -1  -1  -1  -1 254  -1 166  -1  -1  -1  -1  -1  -1  -1  -1  -1  -1  -1  -1 111  15  -1 135 
 28  -1  -1  -1  -1  -1  -1  12  -1 249  -1 223  -1 154 146  -1  -1 263  -1 257  -1  -1  69  -1  -1  -1 
 29  -1  29  76 306  -1  -1  -1  -1  -1 175  -1  -1  -1  -1  -1  -1  -1 280 280 125  -1  -1 243 211  -1 
 30  -1  -1  -1   4   4  -1  30  19  19  19  17  17  -1  24  -1  -1  -1  -1   2   2  -1  -1  -1  -1  -1 
 31  -1  -1  -1  -1  -1  -1  -1  -1  -1  -1  -1  -1  -1  -1  -1  -1  -1  -1  -1  -1  31  31  31  -1  -1 
 32  -1  63  63  63  -1  -1  -1  68  -1  -1  -1  74  -1  48  48  61  61  -1  46  46  -1  -1  -1  -1  -1 
 33  -1  -1  -1  -1  -1  -1  -1  -1  -1  -1  -1  -1  -1  -1  -1  75  75  75  -1  -1  -1  -1  -1  -1  -1 
 34  -1  -1  -1 118  -1  -1 112  -1 105 105  -1 107 107 107  -1  92  92  90  90  -1  -1  -1  -1  -1  -1 
 35  -1  -1  -1  -1  -1  -1  -1  -1  -1  -1  -1  -1  -1  -1  -1  -1  -1  -1  -1  -1  -1  -1 119 119 119 
 36  -1  -1 151 151 151  -1  -1 136 136  -1  -1  -1  -1 156  -1  -1 162  -1 134 134  -1  -1 149 149  -1 
 37  -1  -1  -1  -1  -1  -1  -1  -1  -1  -1  -1  -1  -1  -1  -1  -1  -1  -1  -1  -1  -1 163 163 163  -1 
 38 195 195 195 206  -1  -1 200  -1  -1  -1  -1  -1 193 193  -1  -1 180 180 178 178  -1  -1  -1  -1  -1 
 39  -1  -1  -1  -1  -1  -1  -1  -1  -1  -1 207 207 207  -1  -1  -1  -1  -1  -1  -1  -1  -1  -1  -1  -1 
 40  -1  -1 237 237  -1  -1 224 224  -1  -1  -1  -1  -1 222 222 239 239 239 250  -1  -1 244  -1  -1  -1 
 41  -1  -1 251 251 251  -1  -1  -1  -1  -1  -1  -1  -1  -1  -1  -1  -1  -1  -1  -1  -1  -1  -1  -1  -1 
 42  -1  -1  -1 268 268  -1  -1 288 294  -1  -1 283 283 283  -1  -1  -1  -1 266 266  -1  -1 281 281  -1 
 43  -1  -1  -1  -1  -1  -1  -1  -1  -1  -1  -1  -1  -1  -1  -1  -1  -1  -1  -1  -1  -1  -1 295 295 295 
 44  -1 141  -1  -1 187  -1  65 185 275  -1  -1  -1  -1  -1 274  -1  49  -1  -1  -1  -1  -1  -1  -1  -1 
 45  -1  96  21 226  -1  -1  -1  -1  -1  -1  50 184  -1  -1  -1  -1  -1  -1 229  -1  -1  -1  -1  -1  -1 
 46  -1  51  -1 142  99  -1  -1  -1  -1  -1 269 272  -1  -1  -1   8  -1 227  -1  -1  -1  -1  -1  -1  10 
 47  -1 270  -1  94  -1 309  -1  55 228 310  -1  -1  -1 183  -1  -1  -1  -1  -1  -1 316  -1  -1  -1 273 
 48  -1 231  -1  -1  -1  -1 109  -1 186  -1   9 225  -1  -1  -1 138  -1  -1  -1  -1 153  -1  -1  -1  -1 
 49  -1  -1  -1  -1  -1  -1  -1  -1  -1  -1  -1  53  -1  -1  -1  -1  -1  11  -1  -1  -1  -1  -1 314  -1 
 50  -1  -1 311 182  -1  -1  -1  -1  -1  -1  -1 140 241 139  -1  -1  -1  54  -1  -1  -1  -1 313  -1  -1 
 51  -1  -1  -1  -1  52  -1  -1  -1  95  -1  93   6 315   7  -1  -1 137  -1  -1  98  -1 308  -1  -1  -1 
 52 312   5  -1  -1  -1 197  -1 285  -1  -1  -1  -1  -1  -1  97  -1 271  -1  -1  -1  -1  -1  -1  -1  -1 
 53  -1  -1  -1  -1  -1  -1  -1  -1  -1  -1 143  -1  -1  -1  -1  -1 230  -1  -1  -1  -1  -1  -1  -1 181 

