317
21 26
12 10
18 30
13 23
2 30
5 48
1 51
20 53
0 46
4 47
6 50
24 47
17 28
3 3
2 27
1 5
18 10
7 30
16 22
21 30
6 6
11 51
10 25
13 6
13 30
11 15
12 3
22 13
6 8
1 28
17 30
7 31
16 20
23 15
18 12
2 22
22 25
7 0
6 16
22 28
16 23
23 5
0 18
8 25
24 17
13 7
1 32
6 1
18 32
20 49
12 49
3 49
21 46
5 47
4 51
0 49
12 22
1 13
18 28
2 18
3 2
8 32
6 11
21 32
13 17
11 52
16 26
17 0
12 32
3 16
13 19
22 23
21 10
1 12
16 32
7 33
6 19
22 4
18 7
2 13
11 6
22 11
4 14
0 14
17 20
22 19
6 15
22 17
21 18
3 14
18 34
5 1
1 34
24 53
6 52
0 53
13 50
20 48
4 48
9 52
18 2
1 15
2 16
6 2
7 9
13 34
15 0
21 34
3 21
11 44
16 1
17 1
8 34
23 6
1 1
2 20
17 2
6 0
7 34
12 35
21 23
16 16
11 14
18 18
3 11
23 22
8 14
8 1
23 27
7 3
1 25
2 14
3 12
24 8
5 36
2 23
21 36
9 48
0 48
1 46
20 44
13 44
19 51
4 44
1 0
8 3
6 25
12 12
20 27
3 36
7 13
16 36
11 13
2 49
23 12
14 28
2 36
3 27
16 2
18 19
21 3
6 3
23 36
11 37
17 11
22 18
8 18
1 29
7 5
4 3
4 20
16 11
0 15
1 26
13 20
17 12
9 25
3 17
1 38
24 23
20 38
5 45
6 53
22 48
13 46
4 46
0 50
19 47
2 1
22 6
6 21
1 3
7 16
12 38
11 5
16 38
3 15
10 49
24 1
23 14
7 38
16 27
3 0
2 24
18 21
11 7
6 38
12 39
22 26
8 26
23 21
21 1
17 13
12 11
5 26
6 14
9 12
7 17
3 6
17 17
0 3
3 22
5 40
2 15
20 40
19 46
12 47
13 45
9 50
4 49
1 48
18 49
21 7
13 10
6 18
12 14
0 9
15 40
2 9
22 40
17 6
11 47
8 4
7 23
13 40
8 13
21 25
23 11
22 14
2 25
12 40
15 41
11 23
7 20
6 10
18 25
3 19
9 10
7 8
9 8
5 6
5 19
11 17
15 10
3 26
13 24
5 42
12 6
21 42
24 51
18 46
9 44
2 45
1 47
20 45
0 51
6 20
21 19
22 9
17 22
10 0
18 42
23 3
2 42
13 5
7 46
8 17
12 16
23 42
18 22
12 26
21 17
6 12
1 7
11 42
17 43
8 11
22 7
16 4
7 26
2 10
7 1
7 2
23 26
6 27
24 13
7 25
15 15
11 46
14 52
10 44
7 47
16 52
17 46
8 46
23 52
15 51

