317
6 16
14 14
17 30
1 24
3 30
21 52
16 49
7 47
20 47
2 44
13 52
5 44
6 20
16 20
17 10
18 23
3 29
12 30
23 12
7 30
11 12
22 45
24 0
1 2
23 30
22 15
17 2
8 1
13 27
2 2
16 30
10 31
21 21
7 25
18 21
3 1
8 27
3 12
1 28
6 17
6 2
1 15
20 9
19 8
5 2
3 3
20 32
2 21
16 32
1 44
18 45
13 51
7 46
6 45
4 45
14 50
13 7
6 5
1 11
16 2
17 7
22 32
12 8
7 32
21 4
2 45
0 15
11 27
1 32
6 6
7 26
16 4
2 7
21 14
12 32
22 33
18 14
16 0
11 19
1 29
8 24
7 12
20 19
5 12
8 2
9 26
16 21
6 25
13 16
18 8
3 34
2 4
6 34
9 50
8 44
20 44
21 53
14 49
5 51
1 47
3 7
1 5
13 14
21 26
7 15
15 34
12 4
22 34
6 12
19 48
2 15
11 16
12 34
22 23
6 22
7 27
3 18
13 17
8 34
15 35
21 0
1 20
17 9
2 14
11 6
11 25
10 13
23 24
10 16
0 19
24 2
23 6
20 8
1 18
5 36
2 26
7 36
3 45
4 46
18 53
16 46
13 48
17 51
9 48
17 20
18 20
6 19
16 3
7 17
2 36
19 21
21 36
13 12
0 45
11 10
10 8
17 36
16 27
3 22
7 23
23 20
11 3
20 36
12 37
6 28
21 9
8 20
18 2
2 9
7 28
15 18
12 0
9 29
13 9
24 17
3 21
9 9
18 27
3 38
20 24
13 38
1 50
8 52
16 53
6 50
2 48
17 53
21 47
3 28
1 17
16 13
21 10
12 15
22 38
0 6
5 38
17 28
20 46
11 15
15 7
17 38
1 0
8 4
12 27
7 22
21 27
11 38
22 39
13 13
2 16
16 8
16 10
3 9
13 3
23 25
7 7
8 12
6 4
24 6
1 25
4 18
2 23
13 40
5 21
17 40
20 50
8 49
3 46
16 47
1 46
9 45
21 48
18 26
3 26
13 20
1 8
15 6
22 40
0 23
6 40
21 28
5 49
12 5
11 7
21 40
18 5
2 25
1 23
3 16
6 14
12 40
22 41
11 26
16 28
17 1
13 19
8 14
11 17
12 17
12 23
6 27
7 20
8 16
12 13
2 27
20 20
6 42
8 28
13 42
21 44
3 44
5 53
18 52
16 51
9 44
4 49
23 16
6 7
7 21
16 29
12 25
17 42
8 6
0 42
21 6
22 53
24 22
11 20
12 42
12 24
1 27
23 2
6 11
21 19
16 42
17 43
8 21
22 24
11 13
7 1
2 22
6 18
12 7
6 26
8 11
15 14
13 2
10 11
11 52
19 45
10 44
12 51
24 45
22 47
23 50
0 44
15 45

