317
21 5
19 18
0 30
18 3
13 30
7 53
8 45
16 49
10 52
15 52
20 52
2 51
16 1
7 22
8 17
13 1
0 9
3 30
17 3
22 30
6 1
18 47
12 3
11 24
8 30
23 21
16 9
12 5
11 8
1 27
21 30
2 31
6 4
17 11
7 27
13 19
18 7
22 17
14 13
24 19
21 18
7 14
9 0
3 7
2 13
3 3
15 32
7 19
13 32
8 52
0 49
22 51
18 53
21 51
19 45
20 49
18 20
2 25
16 6
21 27
7 0
22 32
17 15
10 32
13 0
1 45
6 29
4 21
1 32
18 2
2 26
13 21
11 23
8 14
21 32
22 33
12 2
8 20
7 28
17 13
3 25
15 7
9 1
15 1
13 26
6 7
23 5
7 7
21 3
19 6
2 34
15 16
13 34
18 49
10 44
16 52
7 50
20 45
1 47
0 44
1 18
3 19
16 8
18 23
12 20
7 34
24 6
21 34
2 28
6 46
11 27
17 10
11 34
23 7
16 17
17 23
3 12
12 7
18 34
7 35
22 14
2 22
8 9
1 13
13 9
24 23
11 10
9 19
11 5
0 26
17 7
24 12
1 10
2 20
15 36
22 9
18 36
21 47
20 51
3 51
0 53
8 48
13 47
10 45
16 28
3 6
1 23
12 24
17 4
20 36
22 22
7 36
13 28
23 45
11 16
6 21
22 36
23 18
2 18
18 14
8 11
11 17
6 36
12 37
17 1
6 23
16 15
21 24
3 28
23 27
15 11
10 26
17 9
12 21
24 29
22 27
15 3
20 13
7 38
1 16
21 38
3 52
14 45
19 53
16 48
0 48
2 53
10 53
7 2
8 26
22 24
16 2
2 27
17 38
6 9
11 38
21 19
1 53
4 29
23 25
1 38
8 2
6 17
12 25
11 22
22 21
3 38
16 39
13 13
2 19
23 10
21 8
7 6
2 29
3 10
15 22
9 12
14 29
19 4
9 11
8 1
14 14
2 40
0 27
18 40
1 51
21 53
7 49
15 44
10 48
20 50
16 44
16 12
3 23
21 11
22 8
7 15
0 40
9 29
11 40
23 1
4 50
6 12
17 26
16 40
8 23
3 16
17 25
18 13
12 11
7 40
22 41
11 12
6 15
1 7
21 16
13 10
2 17
22 28
20 26
15 14
20 27
2 6
16 16
7 3
13 22
20 42
22 0
18 42
14 50
2 46
10 47
8 49
1 52
16 51
0 50
21 28
7 20
8 7
11 9
0 6
3 42
23 6
15 42
13 29
22 52
6 3
12 23
8 42
2 15
13 7
17 16
21 26
16 4
11 42
2 43
6 26
18 16
1 25
7 21
23 24
7 9
3 22
16 21
15 17
9 8
11 21
7 1
6 47
4 53
5 47
23 49
11 52
12 50
24 50
17 44
9 49

