1 91678 479.875000 17851 1437 1088 426 10000 3000 1900
2 30858 478.453000 16252 1516 674 462 8000 4000 1600
3 30340 474.890000 16659 1451 646 462 8000 4500 1600
4 61808 487.719000 20542 1291 1229 422 13000 2500 2100
5 3027 496.141000 21584 1370 1195 419 13000 3500 2100
6 57580 540.828000 20908 1512 766 430 13000 3500 1700
7 41922 515.734000 19204 1495 902 407 9000 5500 1900
8 15283 490.891000 12143 1263 970 410 6000 1500 2000
9 9932 499.922000 27402 1364 897 441 16000 7000 1700
10 17996 499.421000 23308 1509 764 435 13000 6000 1600
