1 99644 89.438000 14322 1308 994 420 6000 4000 1600
2 86098 85.749000 16728 1413 675 440 4000 8500 1700
3 90159 89.547000 13846 1340 956 450 8000 2500 600
4 96113 89.563000 10887 1183 1198 406 6000 1000 1100
5 96937 88.532000 17963 1442 999 422 8000 4500 2600
6 80636 88.655000 20300 1298 788 414 12000 4500 1300
7 98392 88.281000 16766 1393 754 419 8000 5000 1200
8 88359 78.392000 10776 1385 753 438 2000 4000 2200
9 63617 75.265000 14104 1205 978 421 4000 5500 2000
10 77485 76.265000 14876 1296 1159 421 7000 3500 1500
