317
3 25
24 0
20 30
2 19
22 30
18 49
16 52
15 44
5 46
4 44
9 48
1 45
1 20
21 6
22 25
23 2
3 18
17 30
2 4
6 30
16 24
12 50
11 10
13 24
1 30
3 22
13 26
6 14
16 1
23 16
11 30
17 31
2 25
7 2
12 20
22 22
7 24
13 10
1 22
16 23
7 28
13 19
18 8
24 28
22 28
8 2
23 32
16 2
2 32
21 44
4 53
1 51
15 50
9 52
20 52
5 45
21 9
3 10
1 10
2 26
22 26
18 32
16 21
12 32
8 4
6 47
7 12
11 4
22 32
2 28
16 27
13 8
21 2
3 15
7 32
17 33
11 12
13 17
6 1
1 29
23 19
18 1
4 21
14 22
1 21
14 8
14 7
13 11
23 24
4 15
8 34
18 27
16 34
5 44
22 49
21 52
3 44
20 47
15 53
24 45
21 7
16 8
7 13
8 5
22 23
12 34
19 7
1 34
17 21
0 53
18 25
6 26
23 34
8 21
1 4
2 24
18 24
21 19
22 34
11 35
7 19
16 15
11 9
17 25
3 3
22 14
20 9
16 14
16 29
23 6
17 9
9 2
23 5
22 6
3 36
17 1
1 36
16 47
15 45
18 51
9 49
8 48
21 46
24 48
16 0
21 22
23 7
1 3
2 0
18 36
20 16
5 36
11 8
17 44
13 12
14 4
16 36
17 28
23 21
1 2
7 25
13 29
8 36
10 37
2 10
6 24
3 2
18 10
21 8
11 20
11 16
12 12
16 28
1 25
8 18
21 11
5 4
20 14
2 38
23 14
21 38
1 46
18 45
24 47
8 50
4 47
9 53
17 52
6 5
18 7
21 29
17 0
2 23
7 38
23 25
10 38
22 9
19 47
0 17
13 6
6 38
1 23
22 12
12 7
21 23
18 5
13 38
15 39
11 3
2 20
8 9
7 27
3 24
14 15
0 18
19 2
7 17
19 22
22 7
12 29
15 17
20 18
23 40
17 16
21 40
2 45
1 49
16 48
5 50
18 47
9 50
3 48
21 0
18 11
22 4
16 6
0 7
2 40
13 4
6 40
23 22
17 49
12 21
11 17
17 40
13 7
23 18
21 20
22 16
8 23
18 40
2 41
7 4
11 0
12 27
1 17
6 20
5 11
10 9
5 14
7 14
0 21
8 10
17 10
8 8
20 26
3 42
2 8
23 42
21 51
18 48
5 48
1 50
15 48
22 48
9 51
8 12
21 25
22 2
23 0
2 16
13 42
11 21
16 42
1 16
6 51
7 0
0 1
22 42
13 20
23 29
1 14
6 3
16 20
2 42
12 43
8 1
3 12
11 15
7 11
17 26
4 29
12 24
8 28
5 7
16 22
20 6
18 2
12 53
19 49
10 51
6 45
13 48
11 45
7 52
0 44
14 45

