317
12 12
24 1
21 30
23 11
7 30
1 53
17 53
2 53
9 50
4 44
11 47
0 53
11 29
1 2
2 26
21 9
7 23
17 30
6 2
12 30
22 11
3 44
19 22
23 10
11 30
12 18
22 14
6 19
8 16
3 24
23 30
16 31
13 10
2 9
1 0
7 8
2 7
6 20
1 29
7 22
14 13
13 16
9 26
0 7
22 25
2 2
23 32
21 29
0 32
11 51
7 44
8 49
16 45
13 50
9 47
17 50
22 17
16 9
6 1
17 12
23 9
7 32
21 23
11 32
1 4
15 44
3 12
4 3
6 32
8 25
12 11
21 11
23 12
16 1
3 32
17 33
11 18
22 6
1 24
7 12
13 22
16 23
23 4
16 12
13 27
24 21
0 3
20 18
16 5
21 28
7 34
24 10
0 34
17 49
2 49
9 44
12 47
11 45
22 52
23 44
1 8
11 2
17 18
13 9
7 5
22 34
19 23
2 34
12 17
24 51
6 8
18 19
17 34
1 3
23 6
22 9
6 17
16 19
18 34
12 35
3 3
8 10
12 29
7 18
21 19
1 7
17 10
4 14
19 11
13 29
21 18
13 4
12 21
21 7
16 36
13 8
23 36
0 49
4 52
2 47
22 45
11 48
8 45
9 48
8 12
12 6
22 20
1 10
17 11
2 36
10 0
5 36
23 26
20 47
13 11
19 12
13 36
12 8
6 28
7 15
23 23
18 3
22 36
1 37
8 13
22 21
17 29
11 23
16 20
14 20
10 10
9 4
5 6
13 24
9 20
1 21
9 23
17 26
11 38
16 0
0 38
23 52
13 46
2 48
22 44
4 46
24 45
8 53
12 26
1 13
13 12
21 25
2 29
23 38
14 19
6 38
22 26
16 46
15 16
18 24
3 38
6 23
16 7
18 27
12 25
7 21
13 38
20 39
11 15
23 29
1 1
2 28
8 22
0 8
3 19
22 2
6 29
14 16
24 7
5 22
11 19
9 13
12 40
1 14
23 40
4 48
2 51
7 53
17 46
0 48
16 48
8 48
23 13
11 11
2 22
16 25
12 15
7 40
1 22
20 40
17 9
18 49
3 22
6 13
3 40
12 20
8 20
2 13
22 1
6 11
11 40
15 41
23 24
21 5
13 2
18 22
7 29
4 25
2 21
23 17
21 16
21 14
18 6
12 13
1 27
13 25
16 42
23 8
7 42
4 53
21 50
9 45
2 45
12 45
11 49
24 44
8 0
17 20
16 6
21 24
10 7
22 42
14 18
0 42
7 20
6 49
18 2
3 5
6 42
21 0
13 28
1 6
18 29
3 11
11 42
20 43
16 13
2 17
23 2
17 4
8 28
17 19
17 27
16 14
17 15
8 24
5 3
20 17
14 50
20 49
10 46
18 48
5 53
6 47
15 46
3 51
19 47

