317
1 2
24 10
20 30
2 9
10 30
6 50
22 44
3 53
0 47
4 44
12 52
23 48
11 26
3 20
1 17
17 7
22 5
7 30
2 11
12 30
21 25
16 52
5 22
18 13
17 30
18 11
23 21
13 3
1 22
6 21
22 30
7 31
16 8
12 23
3 25
2 3
11 15
14 25
4 19
14 20
3 12
13 10
17 3
6 15
3 11
0 27
23 32
6 1
10 32
9 51
1 44
2 49
22 47
12 53
20 53
4 45
22 23
11 25
23 2
1 13
2 27
17 32
21 10
12 32
16 4
6 47
7 4
8 0
7 32
8 25
11 27
21 1
22 16
16 12
1 32
17 33
13 5
21 4
3 8
7 17
12 7
10 5
5 21
18 1
8 13
16 16
6 24
15 16
11 11
22 28
3 34
14 16
23 34
1 46
21 53
2 46
9 46
10 45
20 51
12 48
3 1
2 23
21 5
23 15
10 14
15 34
8 26
5 34
22 1
0 51
13 26
18 12
11 34
8 10
22 9
21 11
3 15
12 0
13 34
15 35
6 12
2 2
16 0
1 4
23 14
17 21
17 13
17 10
1 26
8 5
7 5
15 8
14 13
1 6
3 36
2 8
23 36
11 45
10 49
12 47
21 51
6 49
22 50
0 50
21 22
12 8
11 19
3 0
22 7
8 36
5 29
17 36
1 9
13 50
2 20
16 19
12 36
13 12
2 24
23 29
18 20
6 4
16 36
7 37
21 29
16 26
22 12
11 4
1 8
23 24
7 21
13 25
11 18
7 18
7 29
18 17
9 13
20 7
10 38
12 20
0 38
21 52
6 52
22 46
23 49
14 52
24 46
2 53
21 24
6 7
23 17
18 5
10 24
7 38
16 20
2 38
22 15
12 51
13 15
15 17
6 38
2 12
22 2
23 20
11 28
16 11
13 38
17 39
12 27
3 3
8 29
7 0
1 20
4 11
7 14
7 20
6 27
9 24
20 25
7 27
24 22
14 17
20 40
2 29
22 40
10 53
6 45
11 46
4 50
12 44
1 51
3 44
21 23
1 15
12 6
3 10
22 8
18 40
2 13
7 40
11 7
5 51
13 13
16 9
2 40
7 15
11 17
12 2
21 19
22 26
6 40
17 41
3 19
8 16
23 26
1 28
16 15
22 18
3 2
15 21
24 19
6 6
4 8
13 23
6 20
0 12
23 42
2 28
21 42
3 49
12 45
4 53
14 46
9 52
20 46
1 45
21 16
22 6
23 3
11 16
18 14
3 42
16 25
6 42
12 10
13 51
17 9
2 6
1 42
12 1
2 21
7 22
17 29
21 18
13 42
10 43
16 7
8 15
22 13
18 7
23 22
16 22
19 8
15 26
20 27
18 21
14 1
10 26
17 51
8 44
5 45
18 45
19 46
16 51
7 53
13 44
15 52

