317
16 23
13 6
23 30
6 12
0 30
7 49
18 49
8 49
15 49
10 46
12 47
21 52
16 10
1 19
12 24
22 8
23 26
8 30
2 23
17 30
13 1
3 48
6 24
11 0
3 30
2 2
11 10
8 5
23 13
17 13
12 30
20 31
1 29
7 21
6 2
16 3
8 19
8 2
21 21
21 20
17 17
1 26
3 22
17 20
24 8
15 29
0 32
6 9
12 32
7 52
10 50
18 47
8 47
21 49
17 44
16 52
8 15
17 5
7 26
16 24
12 14
2 32
6 20
21 32
1 0
19 53
11 15
20 28
8 32
12 3
13 29
21 8
6 8
1 12
17 32
2 33
23 17
22 26
16 4
8 26
11 7
2 24
9 20
7 4
21 28
9 4
19 6
7 10
8 18
7 12
11 34
13 2
0 34
17 51
16 50
24 47
23 46
15 50
6 50
18 53
18 23
1 6
8 9
23 5
10 24
2 34
19 9
20 34
17 24
5 51
13 12
9 27
6 34
22 17
11 2
12 11
18 22
8 11
13 34
2 35
21 0
16 26
2 10
17 2
7 3
16 5
16 25
21 24
21 1
18 24
17 16
24 16
1 2
0 0
10 36
21 9
6 36
18 46
15 44
16 53
13 50
8 50
23 47
17 52
1 18
8 24
7 8
12 18
17 9
15 36
5 11
22 36
11 4
2 52
3 27
21 15
18 36
6 0
3 25
1 15
17 28
11 22
21 36
12 37
23 19
22 9
7 24
8 28
16 7
13 8
17 3
24 15
22 0
5 1
18 4
14 17
16 0
17 23
0 38
6 21
7 38
13 51
23 53
10 52
11 44
15 46
18 44
21 47
1 1
7 9
16 27
12 4
18 3
10 38
3 11
22 38
8 10
14 51
2 19
6 27
2 38
18 13
17 12
3 17
22 6
8 1
21 38
11 39
23 21
1 27
7 7
6 26
16 1
13 10
6 19
5 10
20 5
3 29
7 19
8 6
15 0
24 5
11 40
17 26
7 40
10 48
23 49
13 49
0 44
18 51
16 47
6 53
13 23
23 7
11 8
22 5
7 0
5 40
14 15
1 40
21 25
4 47
19 24
17 8
17 40
6 10
1 11
16 9
18 11
3 0
13 40
20 41
11 18
7 25
8 17
12 29
23 29
0 5
8 27
17 21
15 3
15 25
8 12
1 23
13 13
0 22
11 42
17 7
6 42
16 49
21 50
15 52
1 51
8 52
10 51
18 45
6 28
18 1
16 2
11 23
12 25
23 42
17 19
2 42
7 14
9 52
5 17
20 1
18 42
18 19
3 10
8 22
13 15
6 25
1 42
22 43
12 1
7 11
17 18
11 3
21 18
14 13
18 16
8 20
8 3
7 28
0 17
11 14
3 44
5 45
9 53
19 44
20 47
22 46
2 50
14 44
4 48

