317
12 2
18 16
15 30
13 2
3 30
6 50
11 51
5 45
2 53
19 52
1 44
17 52
6 26
2 12
3 20
11 29
15 11
22 30
0 12
7 30
17 17
21 51
10 13
13 7
12 30
11 21
18 25
3 15
21 12
8 13
17 30
22 31
13 24
2 7
1 15
6 15
3 28
22 6
24 17
7 20
10 9
13 17
10 24
2 13
12 18
2 26
15 32
3 16
18 32
1 46
13 45
11 44
5 50
17 44
0 50
10 50
16 13
11 26
18 15
17 22
12 8
22 32
9 2
6 32
1 3
3 46
4 17
24 10
13 32
18 20
16 5
8 23
7 2
12 26
1 32
21 33
17 13
11 23
3 29
13 13
6 17
13 19
11 8
12 10
10 7
8 12
10 4
3 6
3 17
18 19
16 34
12 12
5 34
11 47
13 48
15 52
2 48
4 51
19 53
10 52
13 15
6 2
23 5
3 1
15 18
7 34
22 22
0 34
18 22
14 53
12 6
21 23
23 34
2 29
16 7
17 24
13 18
21 4
22 34
7 35
1 19
11 9
7 23
12 19
18 14
24 19
11 5
24 13
20 9
1 29
9 9
1 23
5 7
1 27
3 36
18 21
12 36
16 44
10 46
2 49
19 50
6 46
11 45
0 44
11 0
6 5
3 27
2 11
12 11
22 36
8 16
15 36
1 5
24 47
7 21
18 7
18 36
11 13
1 4
3 14
17 10
23 6
6 36
20 37
8 26
8 11
13 12
12 4
16 20
10 28
9 28
23 13
18 2
17 14
5 26
15 1
17 1
10 15
18 38
2 18
3 38
16 51
5 44
11 50
12 53
15 45
13 46
1 53
1 11
16 9
11 11
13 20
17 23
7 38
2 28
22 38
12 17
9 50
0 1
21 3
1 38
23 1
12 9
11 18
18 26
2 22
17 38
6 39
16 1
21 5
3 26
3 7
22 9
8 6
9 29
17 5
24 5
21 27
24 6
17 25
15 21
5 12
3 40
6 4
1 40
0 47
11 53
17 53
18 46
19 48
16 46
10 45
18 29
2 8
1 26
3 19
15 4
12 40
8 22
22 40
11 24
21 46
6 22
7 10
6 40
16 14
22 26
21 8
23 8
17 3
8 40
12 41
2 27
1 12
18 9
3 24
11 4
24 14
15 23
3 25
19 17
16 29
8 25
18 17
6 9
0 29
17 42
10 12
3 42
1 47
11 48
19 44
16 49
2 52
15 50
5 51
6 19
16 22
17 9
18 0
3 23
13 42
7 12
22 42
1 7
8 44
10 2
21 0
7 42
7 16
1 21
22 27
18 12
23 16
11 42
12 43
16 21
21 29
6 11
17 16
2 17
13 4
8 19
19 8
17 27
18 18
7 22
20 12
22 52
7 52
9 53
8 49
24 45
23 52
21 53
14 44
20 49

