317
17 10
24 1
0 30
11 23
7 30
6 51
16 45
15 48
5 50
10 50
13 52
4 52
2 11
6 23
1 0
23 4
8 28
12 30
3 25
16 30
7 21
11 46
21 12
22 7
21 30
7 9
22 22
18 0
23 19
11 5
6 30
12 31
16 17
2 13
1 28
3 28
18 22
7 20
2 15
10 6
18 7
6 20
18 26
18 3
7 18
4 7
15 32
17 3
0 32
18 52
10 47
8 49
13 51
6 46
24 45
5 44
16 4
7 29
18 27
6 18
8 24
20 32
17 5
11 32
1 25
3 45
2 9
23 25
3 32
2 17
12 4
17 9
18 6
23 12
8 32
20 33
11 20
16 6
6 16
1 7
13 8
6 12
15 3
24 19
9 22
16 22
23 11
7 11
1 2
11 22
7 34
6 29
15 34
13 48
18 47
17 50
12 53
24 51
0 47
5 49
18 13
17 16
12 22
1 18
7 27
22 34
20 28
2 34
16 25
10 46
6 8
14 1
12 34
8 4
17 0
16 12
3 3
13 16
18 34
21 35
7 13
2 29
21 22
1 14
11 29
8 17
20 5
7 26
1 23
1 3
13 7
5 18
4 12
16 16
10 36
1 20
17 36
6 49
5 52
13 46
0 45
12 50
7 51
15 45
6 22
2 26
11 4
17 11
12 1
22 36
1 6
7 36
18 11
21 45
3 18
19 1
1 36
2 3
7 14
8 11
11 2
21 24
13 36
22 37
6 1
12 27
18 5
3 0
16 24
4 11
1 29
7 19
2 21
1 24
3 11
15 16
4 15
10 1
11 38
8 13
15 38
6 44
7 48
24 46
1 52
5 47
0 44
18 50
11 14
7 10
6 0
1 8
3 13
22 38
13 3
17 38
12 20
21 49
2 5
8 16
2 38
8 0
13 27
12 3
17 27
7 5
6 38
22 39
16 11
21 8
3 20
3 16
18 24
8 22
1 26
5 19
2 20
18 15
17 25
21 1
5 17
24 25
10 40
4 3
15 40
12 46
1 45
6 53
18 48
7 53
8 46
17 44
8 23
11 8
16 9
18 19
5 24
0 40
22 0
12 40
17 15
21 53
23 3
3 10
23 40
13 12
17 24
21 4
11 24
18 23
6 40
0 41
7 17
12 9
16 7
3 17
8 3
16 14
4 10
16 3
17 8
5 11
11 1
17 14
8 1
12 16
5 42
13 21
16 42
11 49
0 53
15 53
4 45
7 46
18 46
10 48
11 28
7 7
6 6
8 15
17 21
23 42
21 5
1 42
12 11
14 47
13 0
19 27
18 42
22 14
17 29
13 10
6 17
2 19
15 42
22 43
8 18
11 3
21 3
7 24
1 15
23 5
7 3
16 10
19 21
5 25
12 6
0 11
21 47
2 50
3 47
9 47
19 45
22 52
23 51
14 44
20 47

