317
7 6
14 12
8 30
11 6
23 30
16 44
18 52
15 53
0 50
10 52
12 44
6 52
23 15
6 23
3 15
12 22
7 29
17 30
2 19
20 30
16 13
1 47
11 28
13 7
12 30
6 24
11 22
22 18
13 1
3 9
7 30
16 31
8 27
21 4
2 6
1 15
23 26
9 7
1 8
8 9
21 18
19 14
24 12
11 19
11 20
8 10
15 32
23 16
17 32
14 45
24 51
21 53
9 47
12 45
0 52
10 46
11 21
17 3
16 11
2 15
20 5
12 32
1 6
5 32
8 18
19 50
22 12
23 23
22 32
7 27
6 0
18 11
21 11
1 1
11 32
2 33
17 0
18 29
12 16
23 8
8 24
23 7
23 0
23 21
10 9
4 28
0 28
24 2
24 29
10 2
8 34
18 4
16 34
7 51
11 52
6 50
12 53
0 46
15 50
14 50
16 28
12 8
11 0
17 8
7 21
2 34
20 10
21 34
1 21
13 50
5 12
18 16
11 34
23 4
6 28
8 13
18 20
13 15
7 34
1 35
22 0
17 5
2 8
16 1
12 13
3 2
9 1
20 8
15 0
18 21
16 14
8 26
14 7
24 8
15 36
21 28
6 36
23 46
10 53
17 49
9 49
11 50
8 49
18 45
6 17
16 29
17 26
7 8
22 24
8 36
4 4
11 36
2 18
19 51
3 26
21 16
23 36
6 14
12 27
13 2
21 6
3 24
18 36
0 37
16 10
16 9
7 5
8 17
22 19
11 5
19 22
1 2
17 25
13 11
6 11
18 8
10 8
15 6
6 38
16 6
17 38
8 53
24 46
12 48
11 44
9 44
14 47
0 44
12 5
11 8
7 0
8 22
18 6
22 38
13 16
2 38
6 20
20 51
16 21
1 29
12 38
1 3
17 7
18 14
7 15
3 23
11 38
21 39
6 22
13 25
8 20
8 25
2 28
0 2
21 21
2 7
11 13
2 17
5 2
4 20
9 29
14 4
11 40
8 11
23 40
10 50
16 46
6 49
0 49
21 44
15 45
7 52
16 17
23 2
7 25
21 26
10 4
2 40
8 19
17 40
6 8
22 53
13 26
1 11
7 40
21 19
11 2
8 1
6 19
18 3
13 40
2 41
17 20
22 27
23 9
1 12
16 20
17 2
6 21
17 29
15 22
6 13
6 16
13 21
7 24
0 24
8 42
23 20
17 42
10 48
11 51
15 46
21 46
6 51
16 49
24 47
21 1
6 27
7 16
1 7
17 10
2 42
5 9
12 42
16 15
23 52
22 13
19 1
16 42
2 20
13 20
7 28
23 22
8 8
11 42
1 43
22 17
6 12
17 28
21 10
18 12
6 1
17 9
20 13
6 4
15 17
7 22
7 19
1 51
20 46
19 45
22 48
5 50
2 49
3 47
13 52
4 45

