r\t   0   1   2   3   4   5   6   7   8   9  10  11  12  13  14  15  16  17  18  19  20  21  22  23  24 
  0  -1  -1  -1  40  -1  -1 235  -1 246  -1  -1  -1  -1  -1  -1  -1  -1  -1  -1  -1  -1 117 152  -1  -1 
  1  -1  80  -1  -1  -1  -1  83 194  -1  -1  -1  -1  62  -1  -1  -1 100  -1 121  -1  -1  -1  -1  -1  -1 
  2 265  -1  -1 166  -1  -1  88  -1 304  -1  -1  -1  72  47  -1  -1  -1  -1  -1  -1  -1  -1  -1  -1  -1 
  3 260 199 189  -1  -1  -1  -1  -1  -1  -1  -1  26  -1  -1  -1  -1  -1  -1  -1  -1  -1  -1  -1  -1  -1 
  4  22 286  70  -1  -1  -1 103 120  -1  -1 169  15  -1  79  -1  -1  -1  -1  -1 173  -1  -1  -1 212  -1 
  5  -1  -1 300  32  -1  -1 158 213  -1  -1  -1  -1  -1  -1  -1 175  -1  -1  -1  -1  -1  -1  71  -1  -1 
  6  -1 110  -1 204  -1  -1 188  -1  -1  -1 214  -1  -1  -1  -1  -1 123  -1  -1  -1  -1 279  -1  89  -1 
  7  -1  -1 146  -1  -1  -1  44 256  -1 128  -1  -1  -1 217  -1  -1  58 111 261  -1  -1 154 102 247  -1 
  8  -1  25 115  -1  -1  -1  -1  78 198  -1  -1  -1  23  -1  -1  -1  33 191  -1  82  -1 254  -1  -1  -1 
  9  -1 218  45  -1  -1  -1  -1 174  -1  -1  -1 172 192 192  -1  -1  -1  -1  -1  -1  -1  -1  -1 124  -1 
 10  -1 216  41  -1  -1  -1 307 278  -1  -1  -1 262 202  -1  -1  -1  73  -1  -1  -1  -1 298  -1  76  -1 
 11 176 114 208  69  -1  84  20  -1 297  -1  -1 190  -1 126  -1  81 238  -1 171 125  -1  -1  -1  -1  -1 
 12  -1  -1 248  -1  -1  -1  -1  -1  -1  -1  -1  -1 122 131  -1  -1  12  36  -1  -1  -1 233  -1 303  -1 
 13  -1  -1 104 104  -1  -1  59  -1 301  -1  -1 240 165  -1  -1  -1 147  -1 242  -1  -1  -1  -1  -1  -1 
 14  -1  -1  64 145 179  -1  29  -1  -1  -1  -1  -1  -1  -1  -1  -1  -1  -1 219  -1  -1  35  16  16  -1 
 15  -1  -1  18  -1  -1  -1  -1 302  -1  -1  67 284 287 264 305  -1  -1 290  -1  -1  -1  -1  43  -1  -1 
 16  -1  -1  -1  -1  -1 221  -1  -1  -1  -1  -1  -1  -1 127  -1  -1  -1  -1  -1  -1  -1  38  -1  34  -1 
 17  -1 232  -1 276  -1  -1  -1  -1 282  -1  -1  -1 155  -1  -1  -1  -1  -1  -1  -1  -1 167  -1  -1  -1 
 18  -1  -1 164 253  37  -1 133  -1  -1  -1  -1  -1  -1  -1  -1 258  -1  -1  -1  -1  -1  13  -1  -1  -1 
 19 129  -1  -1  -1  -1  -1 210  -1  -1  -1  -1  -1 299  -1  -1  -1  -1  -1 106  -1  -1 201  -1  -1  -1 
 20  -1  -1  -1  -1  -1  -1  -1  -1  -1  -1  -1  -1  -1  -1  -1  -1  -1  -1 170  -1  -1  -1  -1  -1  -1 
 21  -1  -1  -1  -1  -1 132  -1 293  -1 306  -1 203  -1  -1  -1  -1  -1  -1  85  -1  -1 101  -1 144  -1 
 22  -1 150  -1  -1  -1  -1 277  -1  -1  -1  -1  -1  -1  -1  -1  -1  -1  -1  -1  -1  -1  -1  28 130  -1 
 23  -1 159  -1  -1  -1  -1  -1  -1  -1  -1  -1  -1  -1  -1  -1 220 205  -1  -1  -1  86  -1 209 108  -1 
 24  -1  39  -1  -1  -1  -1  -1  -1  -1  -1  -1 296 257 160   1  -1 223  -1  -1  -1  -1  -1 236 236  -1 
 25  -1  -1  -1  -1  -1  -1  -1  60  60  -1  -1  -1  -1  -1  -1  -1  -1  -1  27  -1  -1  77 245  57  -1 
 26  -1  -1  -1 113  -1  -1  -1 168 211  -1 148 148  -1  -1  -1  -1 196 116  -1  -1  -1  -1  -1  42  -1 
 27  91  -1   3  56  -1  -1 249  -1  -1  -1  -1  -1  -1  14  -1  -1 161 252  -1  -1  -1 135  -1 157  -1 
 28  -1  -1 267 292  -1  -1  87 243  -1  -1  -1  -1  -1  -1  -1  -1  -1  -1 255  -1  -1   0  -1  -1  -1 
 29  -1  66  -1  -1  -1  -1 291  -1  -1  -1  -1  -1  -1 280 280 177  -1 234 259  -1  -1 263 289 215  -1 
 30  -1  -1  24  -1  -1   4   4  -1  17  17  -1  -1  30  -1  -1   2   2  19  19  19  -1  -1  -1  -1  -1 
 31  -1  -1  -1  -1  -1  -1  -1  31  31  31  -1  -1  -1  -1  -1  -1  -1  -1  -1  -1  -1  -1  -1  -1  -1 
 32  -1  -1  -1  48  48  -1  -1  -1  74  -1  -1  -1  -1  68  -1  46  46  -1  61  61  63  63  63  -1  -1 
 33  -1  -1  -1  -1  -1  -1  -1  -1  -1  -1  -1  -1  -1  -1  -1  -1  -1  75  75  75  -1  -1  -1  -1  -1 
 34  -1  -1  90  90  -1  -1 118 107 107 107  -1  -1 105 105  -1  -1  -1  -1  -1  -1  92  92 112  -1  -1 
 35  -1  -1  -1  -1  -1  -1  -1  -1  -1  -1  -1  -1 119 119 119  -1  -1  -1  -1  -1  -1  -1  -1  -1  -1 
 36  -1  -1  -1  -1  -1  -1  -1 151 151 151  -1  -1 162  -1  -1 134 134 149 149  -1  -1  -1 156 136 136 
 37  -1  -1  -1  -1  -1  -1  -1  -1  -1  -1  -1  -1  -1  -1  -1  -1  -1 163 163 163  -1  -1  -1  -1  -1 
 38  -1 206  -1  -1  -1  -1  -1 200  -1  -1  -1  -1  -1 180 180  -1  -1  -1 193 193 178 178 195 195 195 
 39  -1  -1  -1  -1  -1  -1  -1  -1  -1  -1  -1  -1  -1  -1  -1  -1  -1 207 207 207  -1  -1  -1  -1  -1 
 40  -1 250 239 239 239  -1  -1  -1  -1  -1  -1  -1 237 237  -1  -1 244  -1  -1  -1 222 222 224 224  -1 
 41  -1  -1  -1  -1  -1  -1  -1  -1  -1  -1  -1 251 251 251  -1  -1  -1  -1  -1  -1  -1  -1  -1  -1  -1 
 42  -1  -1  -1 266 266 268 268  -1  -1  -1  -1  -1  -1 288  -1 283 283 283 294  -1  -1  -1 281 281  -1 
 43  -1  -1  -1  -1  -1  -1  -1  -1  -1  -1  -1  -1  -1  -1  -1  -1  -1  -1  -1  -1  -1  -1 295 295 295 
 44  -1  -1  -1  -1 138  -1  -1  -1  -1  -1 314   8 311  -1  -1 274  -1  -1  -1  -1  -1  -1 181 272  -1 
 45 229  -1  -1  -1  -1  -1  -1  -1  -1  -1  -1 141  -1  65  -1  -1  -1  -1  -1  -1  -1  -1  -1  -1 225 
 46  -1  -1  -1  -1  11  -1  -1 313  -1  -1  -1 185  -1  -1 143  97  -1  -1  -1 310 269  -1  -1   6  -1 
 47  -1  21  -1  -1  -1  -1  -1  -1  -1  -1 109 275  -1  -1 271  -1  -1 309  -1  -1  -1  -1  93  52  -1 
 48  54 315  -1 184  -1  -1  -1  -1  -1  -1  -1  51  -1  -1  -1  -1  98  -1 308  -1  -1  -1  53  -1  49 
 49  -1  -1 226 139  99 183  -1  -1  -1  -1  -1  -1  -1  10  55  -1  -1  -1  -1  -1  -1 270  -1  -1  -1 
 50  -1  -1  -1  -1  -1  94  -1  -1 312  -1  -1  -1  -1 142  -1  -1 273  -1  -1  -1  -1  -1   5  -1  -1 
 51  -1  -1 186  -1 197  -1 187  -1 241  -1  -1  -1  -1  -1  -1  -1 182  -1  -1  -1  -1  -1  -1  -1   9 
 52  -1  -1 285 227  -1  50 231  -1  -1 316  -1  96  -1  -1  -1  -1  -1  -1  -1  -1  -1  -1 140  -1  95 
 53  -1  -1 137   7  -1  -1  -1  -1  -1  -1  -1 230  -1  -1 228  -1  -1  -1  -1  -1 153  -1  -1  -1  -1 

r\t   0   1   2   3   4   5   6   7   8   9  10  11  12  13  14  15  16  17  18  19  20  21  22  23  24 
  0 302  56  66  -1  -1  -1  -1  -1  -1  -1  -1  -1  -1  -1  -1  -1  -1  -1  -1  -1  -1  -1  -1 262 265 
  1  -1 233  -1  -1  -1 221  -1  -1  -1  -1  -1  -1  -1  -1  -1 125  20  -1  -1  -1  -1  -1  -1  -1  -1 
  2  -1 256  -1  -1  -1  -1  -1  14  -1  -1  -1  -1 152 106  -1  -1 218 202 204  -1  -1 232  -1  -1  -1 
  3  -1  -1  -1  -1  -1  -1  -1 223 245  -1  -1 212  -1  -1  -1  -1  44 172 126  -1  -1  -1 114  -1  -1 
  4  -1  -1  -1 211  -1  -1 278  -1 117  -1  -1  -1  71  -1  -1  -1  -1  -1  -1  -1 219  85  -1  -1  -1 
  5 155  -1 240 189  -1  -1  -1  89  72  40  -1  77  -1 247  -1  -1  -1  -1  -1  -1  -1  -1  -1 255  -1 
  6 128  27  -1 306  -1  -1 253 242 175  -1  -1  -1  -1  -1  -1  -1  78  39 254  -1  -1 159  -1 115  -1 
  7  -1  -1 127  -1  -1  -1 113  -1 297  -1  -1  -1  -1  -1  -1  -1  -1  -1 299  -1  -1  -1  -1  -1  -1 
  8  -1  -1  86 210 258  -1 205 124 277  -1  -1  -1 304  -1  67  -1  -1  -1 101  -1  -1  -1 176 300  -1 
  9  -1 217 194  58 135  -1  -1  -1  -1  -1  -1 246 290  -1  -1  -1  -1  -1  -1  -1  -1 103  -1  73  -1 
 10  -1  23  16  16  43  -1  -1  -1  15  -1  -1  -1 130 121  -1  -1  -1 167  -1 220  -1  -1 158  -1  -1 
 11  -1  -1 110 104 104  -1  -1 286  -1  37  -1  -1 248  26  -1 150  -1  64  -1  -1 238  -1  -1  -1  -1 
 12  -1 168  -1  -1  -1  -1 243  -1 264  -1 257 100  -1  -1  -1  -1  28  -1  -1  -1  -1  -1  -1 208  -1 
 13  -1  -1  -1 235  -1  -1  79  -1  -1  -1  -1 147  -1  -1  -1  -1  -1 170 196  -1  -1  12  -1  88  -1 
 14  -1  80  36  -1  -1  -1  -1  -1  -1  -1  -1  -1  -1 201  -1  -1  -1  -1  -1  -1  -1  -1  25  87  -1 
 15  -1  -1 129  -1  -1  -1  -1 144  -1  -1  -1  -1  -1  -1  -1  -1  -1 276  -1  -1  -1  -1 280 280  -1 
 16 216 188  33 298  -1  -1 154   0  -1  -1  -1  -1  -1  -1  -1  -1 259  -1 174  -1  -1  -1  -1  -1  -1 
 17  -1  -1  -1  -1  -1  -1  -1  -1  -1  -1  -1  -1  -1  -1  -1  -1  -1 122 307  -1  -1  -1  -1 192 192 
 18  -1  -1  -1  70  -1  -1  -1  -1  29  -1  -1  -1 123  -1  47 236 236 146  -1 177  -1  -1  -1  -1  -1 
 19 214 279  -1 132  -1  -1  -1 108  -1  -1  -1  -1  -1  -1  -1 198  -1 179  -1  -1  -1 263  -1  32  -1 
 20  -1 133  -1  -1  -1  -1  -1  35  59 169  -1  -1  -1  62  -1  -1  -1 199  -1  -1  -1  -1  -1  82  -1 
 21  -1  -1 289  -1  -1  -1  13  57 102  -1  -1 116 111  76  -1  -1  -1  84  -1  -1  -1  -1 191  -1  -1 
 22  -1  -1 303  -1  91  38  -1  -1 165  -1  -1  -1 305  -1  -1  -1  -1  -1 260  -1  -1  -1  -1  -1  -1 
 23  -1  -1  -1  -1  -1  -1  -1  -1  -1  -1  -1  -1  -1  -1  -1  -1  -1  -1  -1  -1  -1 293  -1 234  -1 
 24  -1  -1  -1  -1  -1  -1 291  42 164  -1  -1  -1  -1  -1   1  -1  -1  -1  -1  -1  -1  -1  -1  -1  -1 
 25  41   3  69  34  -1  -1  -1  -1 301  -1  -1  -1 209  -1  -1  -1  -1  -1 173  -1  -1 190 203  -1  -1 
 26  -1  -1 120  -1  -1 213 215 267  -1  -1  -1  -1  22  -1  -1  -1 166  -1  -1  -1  -1  -1  -1  60  60 
 27  -1  -1 148 148  -1  -1  -1  -1  -1  -1  -1  18  -1  -1  -1  -1 249 292 161 282  -1 284 131  -1  -1 
 28  -1  -1  -1 160  45  -1  -1  -1  -1  -1  -1  -1  -1 171  -1  -1  -1 261  -1  -1  -1 252  -1  81  -1 
 29  -1  -1  -1  -1  -1  -1  -1 157  -1  -1  -1  -1  -1 287  -1  -1 296  -1 145  -1  83  -1  -1  -1  -1 
 30  -1  -1  -1   4   4  -1  -1  -1   2   2  -1  24  -1  -1  -1  -1  -1  17  17  -1  -1  30  19  19  19 
 31  -1  -1  -1  -1  -1  -1  -1  -1  -1  -1  -1  -1  -1  -1  -1  -1  -1  31  31  31  -1  -1  -1  -1  -1 
 32  -1  -1  -1  -1  -1  -1  68  48  48  -1  63  63  63  -1  -1  61  61  74  46  46  -1  -1  -1  -1  -1 
 33  -1  -1  -1  -1  -1  -1  -1  -1  -1  -1  -1  -1  -1  -1  -1  -1  -1  -1  -1  -1  75  75  75  -1  -1 
 34  -1  -1  -1 112  -1  -1  -1  -1  90  90  -1  -1  -1  -1  -1 105 105  -1  92  92  -1 118 107 107 107 
 35  -1  -1  -1  -1  -1  -1  -1  -1  -1  -1  -1  -1  -1  -1  -1 119 119 119  -1  -1  -1  -1  -1  -1  -1 
 36  -1  -1 156  -1  -1  -1 162  -1 149 149  -1  -1  -1  -1  -1  -1 134 134  -1  -1 151 151 151 136 136 
 37  -1  -1  -1  -1  -1  -1  -1  -1  -1  -1  -1 163 163 163  -1  -1  -1  -1  -1  -1  -1  -1  -1  -1  -1 
 38  -1  -1 200 180 180  -1  -1  -1 193 193  -1 195 195 195  -1  -1  -1  -1  -1  -1  -1 206  -1 178 178 
 39  -1  -1  -1  -1  -1  -1  -1 207 207 207  -1  -1  -1  -1  -1  -1  -1  -1  -1  -1  -1  -1  -1  -1  -1 
 40  -1  -1  -1  -1  -1  -1  -1 250  -1  -1  -1  -1 239 239 239  -1  -1 244 237 237  -1 224 224 222 222 
 41  -1  -1 251 251 251  -1  -1  -1  -1  -1  -1  -1  -1  -1  -1  -1  -1  -1  -1  -1  -1  -1  -1  -1  -1 
 42  -1  -1  -1 281 281  -1  -1 288  -1  -1 283 283 283 294  -1  -1  -1 266 266  -1  -1  -1 268 268  -1 
 43 295 295 295  -1  -1  -1  -1  -1  -1  -1  -1  -1  -1  -1  -1  -1  -1  -1  -1  -1  -1  -1  -1  -1  -1 
 44  -1 187  -1 270  -1  54  -1  -1  -1 229  -1 241  -1  -1  -1  -1 273  -1  -1  -1  -1  -1  96  -1  -1 
 45  -1  -1  -1  -1  -1  -1  -1  -1  -1 143  -1  -1  -1  21 141  -1   5  -1  -1  -1  -1  -1  -1  52  -1 
 46  -1  -1  -1  -1  -1 138 109 137  -1  -1  -1  -1  -1  -1  -1  -1  -1  -1 230  -1  -1  -1  -1  -1  -1 
 47 312 226  -1  -1  -1 271 197  -1  -1  -1 316  -1 309  -1 181  -1 227  -1  -1  -1 311  -1  -1  -1  -1 
 48  -1  95  -1 231  -1  99 315  -1 225  -1  -1  -1  -1  -1  -1 314  -1   7  -1  -1  -1  -1  -1  -1  -1 
 49  -1  -1  -1  93  -1 183  -1  -1 139  -1  -1  -1  -1  -1  -1  -1  -1  49  -1  -1  -1  97  -1  -1  -1 
 50  -1  -1  -1  -1  -1   9  -1  -1  -1  -1  -1 308  -1  -1  98  -1  -1 228  -1  -1  -1 185  -1  -1  -1 
 51  -1  53  -1  -1  -1  -1  -1  -1  -1 275  -1  -1  -1  -1  -1 285  94  -1 186  -1  -1  -1  -1   6  51 
 52  -1  -1 313  50  -1  -1  65  -1 182  55 153  -1  -1  -1 272  -1  -1  -1 142 140  -1   8  10  -1  -1 
 53  -1  -1  -1  -1 269  -1  -1  -1  -1  -1  -1  -1  -1 310  -1  -1 184  -1  11  -1  -1 274  -1  -1  -1 

r\t   0   1   2   3   4   5   6   7   8   9  10  11  12  13  14  15  16  17  18  19  20  21  22  23  24 
  0  43  -1  -1  -1  -1  -1  -1  -1  -1  -1  -1 305 262  -1  -1  -1  -1  -1  -1  -1  -1  -1  35 220  -1 
  1  -1 202  -1 108  -1  -1 287  -1  -1 172  -1  67  -1  -1  -1  -1  -1  -1 257  -1  -1 190  -1 240  -1 
  2  -1  -1  -1  -1  -1  -1  -1  -1  -1  -1  -1  -1  -1  39  -1  -1  -1  -1  -1  -1  -1  -1  -1 100  -1 
  3  -1  -1  -1  -1  -1  -1  -1  -1 160  -1  -1  -1 191  -1  -1  -1 189 213  -1  42  -1 210  91  -1 223 
  4  -1 198  -1 276  -1  -1 245  -1  -1  -1  -1  -1  -1  -1  -1  -1  -1  -1 249  -1  -1 297  -1  -1  -1 
  5  -1  -1  -1  -1 169  -1  -1  -1 145  -1  -1  -1  -1  40  -1  -1  -1  -1  -1  -1  -1  -1  77 166   1 
  6  -1  81  41  83  -1  -1 165 155 303  -1  -1  -1  -1  -1  -1 127  -1  -1  -1  -1  -1 147 123  -1  -1 
  7  -1 158 102  57  -1  -1  -1 279  13  -1  -1  -1  -1  -1  -1  -1  -1 258  -1  -1  -1  -1 280 280  -1 
  8  -1  80  -1  89  -1  -1  -1 261 114  -1  -1  -1  -1  -1  -1  -1  -1  -1 232  -1  -1  -1 215 291  -1 
  9  -1  36  -1  44  -1 130 110  47  -1  -1  -1  -1  -1 103  -1  -1 293  -1  79  -1  -1 267  -1  -1  -1 
 10  -1 144 117 164  -1  -1  -1  -1  -1  -1  -1 256 133  -1  -1  -1  -1  -1 300  -1 132 179  -1  -1  -1 
 11  -1  -1 159  -1  -1  -1  -1 205  -1  -1  -1  -1 152 146  -1  -1  -1 214 129  -1  84  -1  -1   3  -1 
 12  -1  -1  -1  15  -1  -1  -1  -1  -1  -1  37  -1  -1   0  -1  45  -1  -1  -1  -1  -1 235 131 204  -1 
 13  -1  -1  -1 177  -1  -1  -1  -1  -1  -1  -1 290 259 113  -1  -1 234  -1  -1  -1  -1  20 157  87  -1 
 14  -1 292  -1 252  -1  -1 212 289  32  -1  -1  -1  -1 168  -1  -1  64  -1  -1  -1  -1 282  -1  -1  -1 
 15  -1  -1 255  -1  -1 176 188 253  -1 171  -1  -1  -1  -1  -1  -1  -1  -1  -1  -1  -1  59  60  60  -1 
 16  -1  27 203 233  -1  -1  28  -1  -1  -1  -1  -1  -1  -1  -1  -1 254 125 306  -1  -1  -1  -1  -1  -1 
 17  -1  -1  -1  -1  -1  -1 150  -1  58  -1  -1  -1  -1  -1  -1  -1  -1  -1  66  -1  -1 121  -1  29  -1 
 18  -1 301  23  -1  -1  -1  -1 115  -1  -1  -1  12  26 278  -1  -1  -1 242  -1  -1  -1 167  -1  -1  -1 
 19  -1  -1  -1  -1  -1  -1  -1  62  -1  -1  -1  -1 120  -1  -1  -1  -1  -1  -1  -1  -1 211  82  85  -1 
 20  -1  -1  -1  -1  -1  -1  56  -1  -1  -1  -1  -1  -1  -1  -1  -1  -1  -1 260  -1  -1  -1  16  16  -1 
 21  -1 246  33  72  -1  -1  -1  -1  -1  -1  -1  -1  86 264  -1  -1  -1  -1 106  -1  -1  88  -1  78  -1 
 22  -1  -1  71  -1  -1  -1  69 128 284  -1  -1  -1  -1  -1  -1 263  -1 170  -1  -1  -1 216 192 192  -1 
 23  -1  -1 243 124  -1  -1  -1 135 201  -1  -1  76  -1  -1  -1  -1  -1  -1  -1  -1 265 101 148 148  -1 
 24  -1  -1 296  -1  -1  -1  -1  70  38 302  -1 154  -1  25  -1  -1  -1  -1 194  -1  -1 247  -1 219  -1 
 25  -1 286  -1  -1  -1  -1  18 104 104  -1 236 236  -1 174  -1  -1 209  -1  -1  -1  -1  73 208  -1  -1 
 26  -1  -1 199  34  -1  -1  -1  -1  -1  -1  -1  -1  -1  -1  -1  -1 307  -1  -1  -1  -1  -1  -1  -1  -1 
 27  -1  -1  -1 299  -1  -1  -1  -1  -1  -1  -1 217  -1  -1  -1  -1  -1  -1 122  22  -1  -1  -1 116  -1 
 28  -1 111  -1 196  -1  -1 298  14  -1  -1  -1  -1  -1 304 175  -1  -1 248  -1  -1  -1  -1  -1  -1  -1 
 29  -1 238  -1  -1  -1  -1  -1  -1  -1  -1 218  -1 277  -1  -1  -1  -1  -1 161  -1  -1 126 221 173  -1 
 30  -1  -1  -1   4   4  -1  -1  24  -1  -1  -1  30  19  19  19  -1  -1  17  17  -1  -1   2   2  -1  -1 
 31  -1  -1  -1  -1  -1  -1  -1  -1  -1  -1  -1  -1  -1  -1  -1  -1  31  31  31  -1  -1  -1  -1  -1  -1 
 32  63  63  63  -1  -1  -1  -1  -1  74  -1  -1  -1  61  61  -1  -1  -1  68  -1  -1  -1  48  48  46  46 
 33  -1  -1  -1  -1  -1  -1  -1  -1  -1  -1  -1  -1  75  75  75  -1  -1  -1  -1  -1  -1  -1  -1  -1  -1 
 34  -1 112  -1  -1  -1  -1 118  90  90  -1 107 107 107  92  92 105 105  -1  -1  -1  -1  -1  -1  -1  -1 
 35  -1  -1  -1  -1  -1  -1  -1  -1  -1  -1  -1  -1  -1  -1  -1 119 119 119  -1  -1  -1  -1  -1  -1  -1 
 36  -1  -1 151 151 151  -1  -1 162  -1  -1  -1 156  -1 136 136 149 149  -1  -1  -1  -1  -1 134 134  -1 
 37  -1  -1  -1  -1  -1  -1  -1  -1  -1  -1  -1  -1  -1  -1  -1 163 163 163  -1  -1  -1  -1  -1  -1  -1 
 38  -1  -1  -1  -1  -1  -1  -1 195 195 195 193 193  -1  -1  -1 180 180 206 200  -1  -1  -1 178 178  -1 
 39  -1  -1  -1  -1  -1  -1  -1  -1  -1  -1  -1 207 207 207  -1  -1  -1  -1  -1  -1  -1  -1  -1  -1  -1 
 40  -1  -1  -1 222 222 239 239 239 250  -1  -1  -1 237 237  -1  -1  -1  -1  -1  -1 224 224  -1 244  -1 
 41  -1  -1  -1  -1  -1  -1  -1  -1  -1  -1  -1  -1 251 251 251  -1  -1  -1  -1  -1  -1  -1  -1  -1  -1 
 42  -1  -1  -1 268 268  -1  -1  -1  -1  -1 281 281 288 294  -1 266 266 283 283 283  -1  -1  -1  -1  -1 
 43  -1  -1  -1  -1  -1  -1  -1 295 295 295  -1  -1  -1  -1  -1  -1  -1  -1  -1  -1  -1  -1  -1  -1  -1 
 44 309  -1  -1  -1  -1  -1  -1 226  -1  -1  -1  -1  52  -1  -1 225 231 312  -1 316  -1  -1 109  -1  -1 
 45  -1 314 308  -1  -1  -1  -1   5 230  -1   7  -1  -1  -1  -1  -1  96  -1  -1  -1  11  -1 275  -1 143 
 46  -1  -1 285  -1  -1  -1  -1  -1  -1  -1  -1  -1  94  -1 183  -1 141  -1  -1  -1  -1  -1  -1  -1  -1 
 47  -1  -1  -1  -1  -1   9  -1  -1  -1  -1 229  -1 272  -1  -1  -1   6  65  -1  -1  -1  -1  -1  -1  -1 
 48  -1  -1  -1  -1  -1  -1  -1  -1  10 310 187 315 227  -1  -1  -1  -1  -1  -1  -1  97  -1  -1 273  -1 
 49  -1  -1  -1  -1  50  93  -1  -1  51  -1 138  -1 184  -1 269  -1  49  -1  -1  -1 185  -1  -1  -1 186 
 50  -1  21  -1  -1 181 140  -1  -1  -1  -1  -1  -1  -1  -1  -1  -1  -1 197 313  -1  -1  -1  -1  95  -1 
 51  -1  -1  -1  -1  -1  -1  -1  -1 137  -1  -1  -1  -1  -1  -1  -1  -1  -1 153  -1  -1  -1  -1  -1 274 
 52  -1  -1  -1 142  -1 270  -1  -1  -1  -1 271  -1  -1  -1  -1   8  -1  -1  -1  -1  -1  -1  -1  -1 241 
 53  -1  -1  -1  -1  98  55 311  -1 182  -1  53  -1  -1 228  -1  -1  -1  -1  -1  -1  54 139  -1  -1  99 

r\t   0   1   2   3   4   5   6   7   8   9  10  11  12  13  14  15  16  17  18  19  20  21  22  23  24 
  0  -1 158 174  -1  -1  -1 306  13  -1  -1  89  -1 190  91  -1  -1 279  -1  -1  -1  -1  -1  -1  -1  -1 
  1  -1  -1 125  -1  -1  84  -1 172  59  85  -1  -1 121  -1  -1  -1 219  -1  -1  -1  -1 267  -1  -1  -1 
  2  -1  -1 256 115  -1  -1 253  -1 252  -1  -1  -1  72  -1  -1  -1 261  -1 106  -1  -1 286  -1  -1  -1 
  3  -1  -1  -1  -1  -1  -1 292  34  -1  -1  -1 165  -1  26  -1  -1  -1  -1  -1  -1  -1 212  -1  -1  -1 
  4  -1  -1  -1  -1  -1  -1 277  -1  88  -1  -1  -1 282  -1 171  -1  -1  -1 242  -1  -1  47  -1  -1  -1 
  5  -1  43  -1  -1  -1  -1  -1  78  -1  -1  -1  -1  -1  -1  -1  -1 209  -1  -1  -1  -1  80  -1 154  -1 
  6  -1  -1  -1  -1  -1  -1  -1   0  -1  -1  -1  79 203 202  -1  -1 100 124  23  -1  -1  -1  -1  -1  -1 
  7  -1 300  -1  -1  -1  41 260  -1  -1  -1  -1  20  -1  -1 302  -1  -1  -1  -1  -1  -1 232 145  -1  -1 
  8  -1  73 205  -1  -1  -1  18  -1  -1  -1  -1  -1 160  -1  -1 155 150  77  -1  -1  -1  -1 276  -1  -1 
  9  -1  -1  -1  -1  -1  -1  82 301  -1  -1  -1  -1  -1  -1 176  -1 161  -1  27  -1 265  -1  -1 204  -1 
 10  -1 258  81  -1  -1  -1   3  -1  -1  -1  -1  -1  -1  -1  -1  -1  -1 284 117  -1  -1  -1  70  -1  -1 
 11  -1 133  -1 290  -1  -1  57  42  -1  -1  -1 123  -1 116  -1  -1  -1 194 287  -1  -1 246  -1 247  -1 
 12  -1  -1  25  -1  -1  -1  -1  -1  -1 220 192 192  -1 298  -1  -1  -1  -1  -1  -1  -1  -1  -1  -1  -1 
 13  -1  -1 104 104  -1  -1  40  -1 218  38  -1  -1  -1 110  -1  -1  -1 127  -1  -1  -1  -1  -1 130  -1 
 14  -1 249  -1  32  -1  -1 131  -1  -1  -1  -1  -1  16  16   1  -1  76  -1  -1  -1  -1  -1  -1 169  -1 
 15  -1 114  -1  -1  -1  87 128 214  -1  -1  -1  -1  -1 191  -1  -1  -1  33  -1  -1  -1 129 293  -1  -1 
 16  -1 108 303 234  -1  -1 262 135 217  -1  -1  -1  -1 264  -1  -1  -1  -1  -1 170  -1  -1  -1 126  -1 
 17  -1  -1  -1 146  -1  -1  -1  -1 296 305  -1 102  -1  -1  -1  -1 245  -1  -1  -1  -1  -1 208  -1  -1 
 18  -1 201  -1  -1  -1 148 148 167  35  -1  -1  -1  -1  -1  -1  -1  83  -1  -1  -1  45  66  -1  -1  -1 
 19  -1 152  -1 168  -1  -1 259  -1  -1  -1  -1 289  60  60  -1  -1  -1 210 147  -1 257  -1  -1  -1  -1 
 20  -1  -1  -1 189  -1  -1  -1  -1  -1  -1  -1  -1  -1 304  -1  -1 198  -1  -1  -1  -1  -1  -1  67  -1 
 21 223  -1  -1  -1  -1  -1  -1  -1  -1 132  -1  -1  -1  -1  -1  -1 243  -1  -1  -1  -1 144  -1  -1  -1 
 22  -1  -1  -1  -1  -1  -1 307  -1  -1  -1  -1 240  -1  -1  -1  -1  -1 254  -1  -1  -1 101 248  28  -1 
 23  -1  -1 199  -1  -1  -1  -1 299 157  -1  -1  -1  -1  -1 173  -1  -1  36  71  -1  -1  -1  58  -1  -1 
 24  -1  -1  -1  -1  -1  -1 120  -1 103  -1  -1 278  -1  -1  -1  -1  39 215  -1  -1  -1  -1  -1 122  -1 
 25  -1  64  -1  -1  -1  -1  -1 280 280  -1  -1  -1  -1  -1  -1  -1  -1 238  -1  -1  -1 297  -1  69  -1 
 26  -1  37  -1  -1  -1 236 236 113  -1  -1  -1  86  -1 235 221  -1  -1 111  -1  -1  -1  -1 263 291  -1 
 27 177 233  -1  -1  -1  -1 196  -1  -1  -1  -1  -1  -1  -1  -1  -1  -1  -1 188 216  -1  -1  -1  -1  -1 
 28  -1 179  -1  12  -1  -1 175  -1  -1  44  -1  -1  -1  -1  -1  -1  62 211  -1  -1  -1 166 159  -1 213 
 29  -1  15  22  -1  -1  -1  29 255  14  -1  -1  56  -1  -1  -1  -1  -1  -1  -1  -1  -1  -1  -1 164  -1 
 30  -1  24  -1   4   4  -1  -1  -1   2   2  -1  -1  30  -1  -1  19  19  19  -1  -1  17  17  -1  -1  -1 
 31  -1  -1  -1  -1  -1  -1  -1  -1  -1  -1  -1  -1  -1  -1  -1  -1  -1  -1  -1  -1  31  31  31  -1  -1 
 32  46  46  61  61  -1  -1  -1  -1  74  -1  48  48  -1  68  -1  -1  -1  63  63  63  -1  -1  -1  -1  -1 
 33  -1  -1  75  75  75  -1  -1  -1  -1  -1  -1  -1  -1  -1  -1  -1  -1  -1  -1  -1  -1  -1  -1  -1  -1 
 34  92  92 118  90  90 107 107 107  -1  -1  -1  -1  -1  -1  -1  -1 112  -1  -1  -1  -1  -1 105 105  -1 
 35  -1  -1  -1  -1  -1  -1  -1  -1  -1  -1  -1  -1  -1  -1  -1  -1  -1  -1  -1  -1  -1  -1 119 119 119 
 36  -1  -1  -1 134 134  -1 156 149 149  -1 151 151 151 162  -1  -1  -1  -1  -1  -1 136 136  -1  -1  -1 
 37  -1  -1  -1  -1  -1  -1  -1  -1  -1  -1  -1  -1  -1  -1  -1  -1  -1 163 163 163  -1  -1  -1  -1  -1 
 38  -1  -1  -1 206  -1  -1  -1 193 193  -1 178 178  -1  -1  -1  -1  -1  -1 200  -1 180 180 195 195 195 
 39  -1  -1  -1  -1  -1  -1 207 207 207  -1  -1  -1  -1  -1  -1  -1  -1  -1  -1  -1  -1  -1  -1  -1  -1 
 40  -1  -1  -1 244  -1 222 222 237 237  -1  -1  -1  -1  -1  -1  -1  -1  -1 250  -1 224 224 239 239 239 
 41  -1  -1  -1  -1  -1  -1  -1  -1  -1  -1  -1 251 251 251  -1  -1  -1  -1  -1  -1  -1  -1  -1  -1  -1 
 42  -1 283 283 283  -1  -1 268 268 266 266  -1  -1 288 281 281  -1  -1  -1 294  -1  -1  -1  -1  -1  -1 
 43  -1  -1  -1  -1  -1  -1  -1  -1  -1  -1  -1  -1  -1  -1  -1 295 295 295  -1  -1  -1  -1  -1  -1  -1 
 44  -1  -1  -1 230  -1 271  -1  -1  -1  -1  -1  -1  -1  53  -1 316  -1  -1  -1  -1  -1  10  -1  -1  -1 
 45  -1  -1  -1  -1 269  -1  51  -1  -1 187  -1  -1  -1 142  -1  -1  -1  -1  -1  -1  98  -1  -1  -1  -1 
 46 143  -1  -1  -1  -1  -1 139  65  -1  -1  -1  -1  -1  -1  -1  -1  -1  -1  -1  -1  -1  -1 273 285 310 
 47 272  -1  -1  -1  -1 181  -1  -1  -1  -1  -1 270 109  -1  99  -1  -1  -1  -1 312  -1  -1  -1  -1  -1 
 48  -1  -1  -1 186  -1  -1  -1  93  -1  -1  -1  94  -1  -1 275  -1  -1  -1  -1  -1  -1  -1  -1  -1  -1 
 49   8 197 153  54 228  11  -1  -1 225  97 274 226  -1   6  -1  -1  -1  -1 308  -1  -1  -1  95  -1  -1 
 50  -1  -1  -1  -1 185  55  -1  -1 182  -1 229  -1  -1 184 140  -1  -1 314  -1  -1  -1  -1 183  21  -1 
 51  -1 227 241  -1  -1  -1  -1  -1  52  -1  -1  -1 315  -1  -1  -1 311  -1  -1  -1  -1  -1  49  -1  -1 
 52  -1  -1 313  -1  -1  -1  -1 231 137  -1  -1  -1  -1  -1  50  -1  -1  -1  -1  -1  -1  96  -1 309  -1 
 53  -1   5  -1  -1  -1 138  -1  -1  -1  -1   9   7  -1  -1  -1  -1  -1  -1  -1  -1  -1  -1 141  -1  -1 

r\t   0   1   2   3   4   5   6   7   8   9  10  11  12  13  14  15  16  17  18  19  20  21  22  23  24 
  0  -1  58  -1  -1  -1  -1 146  -1 188  -1  -1  -1 249  -1  -1  -1  -1 208  -1  -1  -1  70  -1  -1  -1 
  1  -1  -1  78  -1  -1  -1  40  -1  -1  -1  -1  -1  76 256  -1  -1  66  -1 117  -1  -1  33  -1  -1  -1 
  2  -1  -1 192 192  -1  83 290  -1  -1 127  -1  -1  -1  -1  -1  -1 155 245  -1  -1  -1  -1 238  -1  -1 
  3  -1  -1 284  -1  -1  -1  -1  -1 257  -1  -1  -1  -1  -1  37  -1  -1  88 254  -1  -1 131  -1  34  -1 
  4  -1  25  -1 161  -1  -1 167 278  -1  -1  -1  -1  -1  -1 261  -1  -1 307  -1  -1 258  -1  16  16  -1 
  5  -1  -1  -1  -1  -1  -1  -1  -1 108  -1  -1  -1 203  71  -1 126  -1  -1 264  -1  -1 166 168  -1  -1 
  6  -1   3  -1  -1  -1  -1  64 214 150  -1  -1  -1  -1  -1  -1  -1  -1  -1  -1  -1  -1 191  -1 115  -1 
  7  -1  -1  -1  -1  -1  -1  41  -1  -1  -1 259 306  -1 219  -1  -1  18  -1  -1  -1  -1  -1  -1 265  -1 
  8  -1  -1  -1 148 148  -1  -1 211  -1  -1  -1  -1  -1  -1  -1  -1  79  -1 103  -1  -1 147  -1  -1  -1 
  9  22  -1  -1  -1 169 303  -1 210  -1 179  -1  38  87  -1 170  -1  -1  -1  -1  -1 267  42  -1 133  -1 
 10  -1  -1 233  -1  -1  -1  36 123 157  -1  -1 113 301  -1  -1  -1  -1  -1 158  -1  -1  -1  -1  59  -1 
 11  -1  -1  -1  -1  -1  -1  -1 172  -1  -1  -1 106  -1  -1  -1  -1  -1 159 292  -1  45 205  -1  -1  -1 
 12  -1  -1  -1  -1  -1  44  -1  -1  -1  -1  -1  84 260 120  -1  -1  -1  -1  -1  -1  -1 110  -1  -1  -1 
 13  -1  -1  -1 218  -1  -1  -1  -1 240 198  -1 252  -1  -1  -1  -1  -1  -1  -1  -1 286  -1  -1  80  -1 
 14  -1 174  -1  -1  89 176 279  82  -1  -1  -1  67 289 194  -1  -1  -1  72  -1  -1  -1  -1  -1 130  -1 
 15  -1 190  -1  -1  -1  -1  -1  32  -1 262  -1  -1  -1  -1  -1  -1  -1  -1  -1  -1  -1  -1  69 236 236 
 16  -1 243 302 122  -1  -1  -1  -1 216  -1 177  -1  -1  -1  -1  -1  -1  -1  -1  -1  -1 276  -1  -1  -1 
 17  -1  -1  -1  62  -1  -1  -1 145  -1  -1 132  -1 199  -1  -1  -1 242  -1  -1  -1  -1 213 104 104  -1 
 18  -1 304 152 173  -1  -1  27  -1  -1 129  -1 160  -1  -1  -1  -1 299 234  -1  -1  86  -1  -1 248  -1 
 19  -1 201 291  -1  -1  -1  -1  -1  -1  -1  -1  77 165  -1  -1  -1  -1  -1   1  -1  -1 293  -1 300  -1 
 20  -1  -1  -1  -1 221  -1  -1  -1  -1  -1  -1  -1  -1  -1  -1  -1  -1  60  60  -1  -1  57  -1  -1  -1 
 21  -1  -1  -1 235  -1  -1  12  -1 277  -1  -1  -1  -1 202  -1  -1  -1  -1  -1  -1  -1  -1  -1  -1  -1 
 22  -1  -1  -1  -1  43  -1 116  -1  -1  -1  -1  -1  -1  -1  -1  -1 164  -1  20  -1  -1 114 246  -1  -1 
 23  -1  -1  81  47  -1  -1  -1  -1  -1  -1  -1  -1  -1  -1  -1  -1 111  28  -1  -1  -1  -1  35  -1  -1 
 24  -1 297  -1  -1  -1  -1 305  -1 121  -1  -1  -1  -1 282  -1  -1 287 102  26  -1  -1  -1  -1  -1  -1 
 25  -1 223  -1 263  -1  -1  -1  -1  -1  -1  -1  -1  -1  29  -1  -1  85 175  -1  -1  -1 247 196  -1  -1 
 26  -1  -1  56 280 280  -1  -1  -1  -1  -1  -1  -1  -1  -1  -1  -1 171 296 232  -1  -1  -1  -1  -1  -1 
 27  -1  -1  -1  -1  -1 217 101 189 135  -1  -1  -1  -1 298  -1  -1 253  14  -1  -1  -1  13 154  -1  -1 
 28  -1  -1  -1   0  -1  -1  73  -1 128  -1 220  -1  -1 144  -1  -1 204  -1  -1  -1  -1  -1  -1  -1  -1 
 29  -1  23 209  15  -1 125  -1 100 255  -1  -1  -1  -1  -1  39 215 124  -1 212  -1  -1  91  -1  -1  -1 
 30  -1  -1  -1  30  -1   2   2  19  19  19  17  17  -1  -1  -1  -1  24  -1  -1  -1  -1  -1  -1   4   4 
 31  -1  -1  -1  -1  -1  -1  -1  -1  -1  -1  31  31  31  -1  -1  -1  -1  -1  -1  -1  -1  -1  -1  -1  -1 
 32  -1  48  48  74  -1  -1  -1  61  61  -1  -1  -1  63  63  63  -1  -1  -1  68  -1  -1  -1  -1  46  46 
 33  -1  -1  -1  -1  -1  -1  -1  75  75  75  -1  -1  -1  -1  -1  -1  -1  -1  -1  -1  -1  -1  -1  -1  -1 
 34  -1  -1 105 105  -1  92  92  -1  90  90  -1  -1 107 107 107  -1  -1 112  -1  -1  -1  -1 118  -1  -1 
 35  -1 119 119 119  -1  -1  -1  -1  -1  -1  -1  -1  -1  -1  -1  -1  -1  -1  -1  -1  -1  -1  -1  -1  -1 
 36  -1  -1  -1 134 134 136 136 156  -1  -1 149 149  -1 162  -1  -1  -1 151 151 151  -1  -1  -1  -1  -1 
 37 163 163 163  -1  -1  -1  -1  -1  -1  -1  -1  -1  -1  -1  -1  -1  -1  -1  -1  -1  -1  -1  -1  -1  -1 
 38  -1 178 178 206  -1  -1 200  -1  -1  -1  -1  -1  -1  -1  -1  -1 195 195 195  -1 180 180  -1 193 193 
 39  -1  -1  -1  -1  -1  -1  -1  -1  -1  -1  -1  -1  -1  -1  -1  -1  -1  -1  -1  -1  -1  -1 207 207 207 
 40  -1 244 250  -1  -1 237 237  -1  -1  -1  -1 239 239 239  -1  -1  -1  -1  -1  -1 222 222  -1 224 224 
 41  -1  -1  -1  -1  -1 251 251 251  -1  -1  -1  -1  -1  -1  -1  -1  -1  -1  -1  -1  -1  -1  -1  -1  -1 
 42  -1 266 266 268 268  -1  -1 294 288  -1 281 281  -1  -1  -1  -1  -1 283 283 283  -1  -1  -1  -1  -1 
 43  -1  -1  -1  -1  -1  -1  -1  -1  -1  -1 295 295 295  -1  -1  -1  -1  -1  -1  -1  -1  -1  -1  -1  -1 
 44  -1  -1  -1  -1  49  -1 187  53  -1  -1  93  -1 153  21 241  -1  -1  -1  -1  -1  -1 139 285  -1  -1 
 45  -1  -1  11 229  -1 274  -1  -1 183  -1  -1  -1  -1  -1  -1  -1 311  51  96  -1 138  -1  -1  -1  -1 
 46  -1  -1  -1  -1  -1  -1  -1 137  -1  -1  -1  -1  -1  -1  -1  -1  -1  -1 142  -1   9 270  -1  -1  -1 
 47  -1  -1  -1  -1  -1  -1  52 269  -1  -1  -1  -1  -1  -1  -1 309  -1  -1  -1  -1  97  -1  65  -1  -1 
 48  -1  -1  -1  95  -1  -1  -1 184 273 228  50  -1  -1  -1  -1  -1  -1  -1  -1  -1  -1  10  -1  -1  99 
 49  -1  -1  -1  -1  -1  -1 227  -1 231  -1  -1 313 308 314 316  -1  -1 226  -1  -1  -1  -1  -1  -1 275 
 50 312  -1  -1  -1  -1  -1 272  -1   6  -1  -1  -1  -1  -1  -1  -1  -1   5  -1 310  -1  -1  -1  94  -1 
 51  -1  -1 225 181 185  -1  -1  98  -1 271  -1  -1  -1  -1  -1  -1  -1 141 186  -1  -1  54  -1  -1  -1 
 52 109  -1  -1  -1   7  -1  -1  -1  -1 140  -1 197  -1  -1  -1  -1  -1  -1 230  -1  -1  -1 315  -1  -1 
 53  -1  -1  -1  -1  -1  -1  -1  -1  -1  -1   8  -1  -1  -1  -1  -1  -1 182  55  -1  -1  -1  -1  -1 143 

r\t   0   1   2   3   4   5   6   7   8   9  10  11  12  13  14  15  16  17  18  19  20  21  22  23  24 
  0 173  -1 203  -1  -1 282  -1  -1  -1 129  -1 248 175 115 221  -1  -1  -1  -1  -1 130  -1  -1  18  -1 
  1  -1  69  -1  -1  -1  -1  -1  -1  -1  -1  -1  -1  -1 111  -1  -1 161 278  -1  -1  -1  -1  -1  43  -1 
  2  -1 279  91  -1  -1  -1  -1  -1 240  -1  -1  -1  -1  -1  -1  -1 257  -1 174  86  -1  -1  -1  -1  -1 
  3  -1  -1  -1  79  40  -1  -1  -1  -1  -1  -1  -1  -1  -1  -1  -1  -1 191  -1  -1  16  16  -1 267  -1 
  4 177  32  -1 307  -1  -1 145 146 150  -1  -1  -1  -1  22  -1  -1  -1  -1 258  -1  -1  -1 210 232  -1 
  5  -1  -1 179  -1  -1  -1 124  -1  -1  -1  -1  81 131  -1  -1  -1  -1  -1  -1  -1  -1  -1  -1  -1  -1 
  6  -1  -1  -1 159 132  -1 212 201 135  -1  -1  -1 300  -1  -1  -1  38 234  -1  -1  -1  -1 291  -1  -1 
  7  -1  -1  -1  -1  -1  -1  -1  -1 209  -1  -1  12  -1  62  -1  -1 298  -1  -1  -1  -1  82  -1  66  -1 
  8 265 190  -1  -1  -1 218 100  -1  -1  -1  -1  -1  -1  -1  -1  -1  -1  85  -1  -1  -1  -1  58  -1  -1 
  9  -1 249  57  -1  -1  -1 167  -1  -1 263  -1  -1  -1  -1 215 220 101  -1  -1  -1  -1  -1 198  -1  -1 
 10  -1 233  -1  -1 126  -1  45  33  27  -1  -1  -1 213 290  -1 302  -1  -1  -1 306  84  -1  -1  47  -1 
 11  -1  -1  -1  -1  -1  -1  -1 296 117  -1  -1 114  -1  -1  -1  -1  -1 122  -1  39  -1 120  -1 189  -1 
 12  -1 103  -1  -1  -1  -1  -1 104 104  -1 236 236  -1  37  -1  -1  -1  -1 289  -1 128 211  -1   3  -1 
 13  -1  -1  25 116  -1  -1  -1  -1  -1  -1  -1  -1  -1 155  -1  -1 144  -1  -1  -1  -1 262  -1  -1  -1 
 14  -1  -1 110  -1  -1  -1 299 170  -1  -1  -1  -1  -1  -1  -1  -1  -1  -1 194  -1  -1  -1 113 287  88 
 15 260  -1 256  -1  -1  -1 264  -1  -1  -1  -1 219  -1 238  -1  -1 259  -1  -1  -1 125 293  -1  -1  -1 
 16  -1  -1  -1  -1  -1  -1  -1  -1  -1  -1  -1  -1 102 217  -1  -1 277  -1 242  -1  -1 245 165  -1  -1 
 17  -1  13  -1 254  -1 261  -1 280 280  67  -1 108 168  -1  -1  -1  -1  -1  -1  -1  -1  26  -1 208  -1 
 18  44  -1  -1  -1  -1  -1  -1  -1  -1  -1  -1  -1 284  77  -1  -1  64  -1  -1  -1  -1  -1  -1  -1  -1 
 19  -1  -1 171  -1  -1  -1  -1  -1 157  -1  -1 276  29  -1  -1  -1  -1  -1  -1  -1 106 160  -1  -1  -1 
 20  -1  -1  14  -1  -1  -1  -1  -1  -1  -1  -1  34 172 301  41 127  -1  -1  -1  -1  -1  -1  23  -1  -1 
 21  -1  -1  -1  -1 176  -1  -1  -1  -1  -1  -1  -1 247  35  -1 305 223  87 255  -1  -1  -1  78  -1  -1 
 22  -1  -1  73  -1  -1  -1 188  42  -1  -1  -1  89 202  -1  -1  -1  20 147  -1  -1  -1  -1 154 152  -1 
 23  -1 158 169  -1  -1  -1  80  60  60  -1  -1 166  -1  -1  -1  -1  28  -1 286  -1  -1  -1  -1  -1   1 
 24  -1  -1  -1  -1  -1  -1  -1  -1  -1  -1  -1  -1  -1  -1  -1  -1  -1  -1  -1  -1  -1  56  -1  -1  -1 
 25  -1  -1 192 192  -1  -1  -1  -1  -1  -1  -1  -1  -1  -1  -1  -1  -1  -1  -1  -1  -1  -1  -1  -1  -1 
 26  -1  59 164  -1  -1  -1 303 216  76  -1  -1  -1  15 204  -1  -1 243  -1  -1  -1  -1  -1  -1 297  -1 
 27  -1 121 235  -1  -1  -1  -1  -1  -1  -1 148 148  71 304  -1  -1  -1 252 214  -1  -1  -1 253 133  -1 
 28  -1  -1  83  -1  -1  -1  36  -1  -1  -1  -1  72  -1 246  -1  -1 196  -1 205  -1  -1  -1  -1  -1  -1 
 29  -1  -1 123  -1  -1  -1   0  70 292  -1  -1  -1  -1 199  -1  -1  -1  -1  -1  -1  -1  -1  -1  -1  -1 
 30  -1   4   4  24  -1  -1  -1  19  19  19  -1   2   2  -1  -1  -1  -1  17  17  -1  -1  -1  30  -1  -1 
 31  -1  -1  -1  -1  -1  -1  -1  -1  -1  -1  -1  -1  -1  -1  -1  -1  -1  31  31  31  -1  -1  -1  -1  -1 
 32  -1  46  46  -1  -1  -1  -1  48  48  -1  63  63  63  -1  -1  -1  -1  61  61  -1  -1  74  -1  68  -1 
 33  -1  -1  -1  -1  -1  -1  -1  -1  -1  -1  -1  -1  -1  -1  -1  -1  75  75  75  -1  -1  -1  -1  -1  -1 
 34  90  90  -1  -1  -1  92  92 112  -1  -1  -1  -1 118  -1  -1  -1  -1  -1 105 105  -1 107 107 107  -1 
 35  -1  -1  -1  -1  -1  -1  -1  -1  -1  -1  -1  -1  -1  -1  -1  -1  -1 119 119 119  -1  -1  -1  -1  -1 
 36  -1 151 151 151  -1 136 136 156  -1  -1  -1  -1  -1  -1  -1 134 134  -1 149 149  -1  -1 162  -1  -1 
 37  -1  -1  -1  -1  -1  -1  -1  -1  -1  -1  -1  -1  -1  -1  -1  -1  -1 163 163 163  -1  -1  -1  -1  -1 
 38  -1 200  -1 206  -1  -1 180 180 193 193 195 195 195  -1  -1  -1  -1  -1  -1  -1  -1  -1  -1 178 178 
 39  -1  -1  -1  -1  -1  -1  -1  -1  -1  -1  -1  -1  -1  -1  -1 207 207 207  -1  -1  -1  -1  -1  -1  -1 
 40  -1 222 222  -1  -1 237 237  -1  -1  -1  -1 224 224  -1  -1  -1 244  -1  -1  -1 239 239 239 250  -1 
 41  -1  -1  -1  -1  -1  -1 251 251 251  -1  -1  -1  -1  -1  -1  -1  -1  -1  -1  -1  -1  -1  -1  -1  -1 
 42  -1 294 281 281  -1  -1  -1 266 266  -1  -1 268 268  -1  -1  -1  -1  -1 288  -1 283 283 283  -1  -1 
 43  -1  -1 295 295 295  -1  -1  -1  -1  -1  -1  -1  -1  -1  -1  -1  -1  -1  -1  -1  -1  -1  -1  -1  -1 
 44  -1  -1  -1  -1  -1  50  -1  -1  94  -1  -1  -1  -1  -1  53  -1  -1 230  -1  -1  -1 153  -1  -1  -1 
 45 225  -1  -1 109   9  11  -1  -1  -1  -1  -1 141  -1  -1  -1  -1  -1  -1 311  -1  -1 308  -1 231  -1 
 46  -1  -1  -1  21  99  -1  -1  -1  -1  -1  -1  -1  95 285  93  97  51 184  -1  -1  -1  -1  -1  -1 137 
 47  -1 186  -1  -1  -1  -1  -1 140  -1 314  -1  -1  -1  -1  -1  -1 187  -1  -1  -1  -1  -1 312  -1  -1 
 48  -1  -1  -1  -1  -1  -1  -1  -1  -1  -1  -1  -1  -1  -1 138  -1   5  -1  -1  -1  -1  -1  -1  -1 274 
 49  -1  -1  -1  -1  -1  -1  -1 226  -1  -1  -1 182  52  -1  -1 275 270  -1  -1  -1  -1  -1  -1  -1  -1 
 50   8  -1  -1  65 227 229  -1  -1  -1  -1  -1  -1 139  -1 181  -1  96  -1  -1  -1 316  -1  -1  -1  49 
 51 143 269 142  -1  54  -1  -1  -1  -1  -1 309  -1  -1  -1   6   7  -1 272  -1  -1  -1  -1  -1  -1  -1 
 52  -1  -1  -1 241  -1 185  -1  -1  10  -1  -1  -1  -1 315 271  55  -1  -1  -1 310  -1  -1  -1  -1 228 
 53  -1  -1 273 313  -1  -1  -1  98 183  -1  -1  -1  -1  -1  -1  -1  -1  -1  -1  -1  -1 197  -1  -1  -1 

r\t   0   1   2   3   4   5   6   7   8   9  10  11  12  13  14  15  16  17  18  19  20  21  22  23  24 
  0  -1  -1  73   0 213  -1  -1  -1  -1 259  -1  33  -1 130  84  -1  71 267 212  -1  -1  34 154  -1  -1 
  1  -1  87 276  -1 242  -1  -1  -1  -1  39  -1 196  -1  -1  -1  -1  -1  15  -1  -1  -1  -1  -1  -1  -1 
  2  -1  -1  -1  -1  -1  -1 215  -1  -1 172  -1  -1 289  -1  -1  -1  -1  -1  -1  -1  -1  -1  -1  -1  -1 
  3  83 199  -1  -1  -1  -1 188  16  16  -1  -1 127  -1  -1  -1  -1  -1 167 252  -1 128  37  -1  -1 303 
  4  -1  -1  66  56  -1 176  -1  -1 234  -1  -1  81 152  -1  -1  -1   1  26  -1  -1 216  -1  -1  -1  -1 
  5  -1 204  -1  -1  -1  -1  -1  -1  -1  -1  -1 147  -1 161  -1 262  -1  -1  -1 150  -1 126  -1  -1  -1 
  6  -1  -1 221 189 173  -1 277  -1  -1  -1  -1  -1  -1  -1  -1  -1 179  -1  57  -1  -1 291  -1 124  -1 
  7  -1 155  -1  -1  -1  -1  -1  -1  -1  -1  -1 298  27 209  -1  -1  -1  -1  72  -1  -1  -1  -1  -1  -1 
  8  -1  -1 299  -1  -1  -1  -1 104 104  -1  -1  -1  62  -1  -1  -1  -1 114 115  -1  -1  -1  -1  76  -1 
  9 301  -1  47  -1  -1  -1 164 280 280  -1  -1  -1  -1  -1  -1  -1  -1 205  -1  -1  -1  91  -1  41  -1 
 10  -1 247  -1  85  -1  -1  -1 159  69  -1  -1  -1  -1  -1  -1 265 249  -1  -1  -1  -1  -1  -1  -1 307 
 11 286 165  -1  -1  -1  -1 257 135 253  -1  -1 279 191 217  -1  -1 157  -1  23  -1  -1  -1  -1 133  -1 
 12  -1  -1  -1 160  -1  -1 203  -1 293  -1 214  -1 305 260  -1  -1 232  -1  -1  -1  82 106  -1  -1  -1 
 13  -1  20 108  -1  -1  -1  -1 190  -1  -1  -1  -1  -1  36  -1  -1  -1  -1  -1  -1  -1  -1  -1 125  -1 
 14  -1  -1  -1  -1  -1  -1 102 300 113  -1  -1  -1  -1  -1  -1  -1 201 129  -1  -1  -1 145  -1  -1  -1 
 15  -1  -1  -1  -1 175  -1  64  25  -1  -1  -1  -1  -1  -1  -1  -1 198  -1  -1  -1  -1  -1  -1 240  -1 
 16  -1 123 246  -1 171  -1  -1  -1 194  -1  -1  -1  -1  -1  40  -1  -1  -1 263  -1  -1  59  35 100  -1 
 17  -1  -1  89  -1  -1  -1  32  -1 166  -1  -1  -1 254  -1  -1  -1 290 256  -1  -1  -1  42 208  -1  -1 
 18  -1  67  -1 101  -1  -1  70  80  -1 220  -1  -1  -1  -1  -1  -1  88  -1  -1  -1  -1   3 158  -1  -1 
 19  -1  -1  -1  -1  -1 238  -1 245 219  -1  -1  -1  -1  -1  -1  -1  -1  -1  -1  -1  -1  -1  -1  -1  -1 
 20 236 236  -1 284  -1  -1  -1 120  -1  -1  43  -1  -1  12  -1  -1  -1  -1  -1  22  -1  -1  -1  38  -1 
 21  -1  -1 169 116  -1 131  -1  60  60  -1  -1 243  -1  -1  -1  -1 103  -1 282  -1  -1 211  -1  -1  -1 
 22  -1  -1  -1  -1  -1  -1  -1  -1  -1  -1  -1  -1  -1  58 302  -1  -1  77  -1  -1  -1 264 111  -1  -1 
 23  -1  -1  -1  -1  -1  -1  -1  -1  -1  -1  -1  -1  -1 255  -1  -1  -1  -1  -1  -1  -1  -1  -1  -1  -1 
 24  -1 110  -1  29  -1  -1  -1  -1  -1  -1 170  -1  -1 146  -1  -1 278  -1  -1  -1  -1  -1 297  -1  -1 
 25  -1  -1  -1 248  -1  -1 233  -1  -1  -1  -1  -1  -1  -1 223 132  -1  44  -1  -1  -1 304  -1 168  -1 
 26  -1  -1  -1 292  -1 306  45  -1  -1  -1  -1 122  -1  -1  -1 177  -1 144  -1  -1  -1  18  -1  14  -1 
 27  -1 296 218  79  -1  -1 121  -1  -1  -1  -1 261  -1  78  -1  -1  -1 192 192  -1  -1 235  -1  -1  -1 
 28  -1 287 202  -1  -1 148 148  -1  -1  -1 258  -1  -1  -1  -1  -1  86  -1  -1  -1  -1  -1  -1  28  -1 
 29  -1  -1  -1  -1 174  -1  13  -1  -1  -1  -1  -1  -1  -1  -1  -1  -1  -1  -1  -1  -1 210 117  -1  -1 
 30  -1  -1  17  17  -1  -1   4   4  24  -1  19  19  19   2   2  -1  -1  -1  30  -1  -1  -1  -1  -1  -1 
 31  31  31  31  -1  -1  -1  -1  -1  -1  -1  -1  -1  -1  -1  -1  -1  -1  -1  -1  -1  -1  -1  -1  -1  -1 
 32  -1  68  -1  -1  -1  -1  -1  48  48  -1  -1  -1  74  46  46  63  63  63  -1  -1  -1  -1  61  61  -1 
 33  -1  -1  -1  -1  -1  -1  -1  -1  -1  -1  -1  -1  -1  -1  -1  -1  -1  -1  -1  -1  75  75  75  -1  -1 
 34  -1  -1  -1  -1  -1  -1  92  92  90  90  -1  -1 105 105  -1  -1 118 107 107 107  -1 112  -1  -1  -1 
 35  -1  -1  -1  -1  -1  -1  -1  -1  -1  -1 119 119 119  -1  -1  -1  -1  -1  -1  -1  -1  -1  -1  -1  -1 
 36  -1 162 151 151 151 136 136 149 149  -1  -1  -1  -1  -1  -1  -1 134 134 156  -1  -1  -1  -1  -1  -1 
 37  -1  -1  -1  -1  -1  -1  -1  -1  -1  -1 163 163 163  -1  -1  -1  -1  -1  -1  -1  -1  -1  -1  -1  -1 
 38  -1  -1 178 178  -1  -1  -1 200 206  -1  -1  -1  -1 193 193  -1  -1  -1  -1  -1 180 180 195 195 195 
 39  -1  -1  -1  -1  -1  -1  -1  -1  -1  -1 207 207 207  -1  -1  -1  -1  -1  -1  -1  -1  -1  -1  -1  -1 
 40  -1  -1  -1  -1  -1  -1 250 222 222  -1  -1 244 237 237  -1 224 224 239 239 239  -1  -1  -1  -1  -1 
 41  -1  -1  -1  -1  -1  -1  -1  -1  -1  -1  -1  -1  -1  -1  -1  -1  -1  -1  -1  -1  -1 251 251 251  -1 
 42  -1  -1 268 268  -1  -1  -1  -1 266 266  -1  -1 281 281  -1  -1  -1 288  -1  -1 283 283 283 294  -1 
 43  -1  -1  -1  -1  -1  -1  -1  -1  -1  -1  -1  -1 295 295 295  -1  -1  -1  -1  -1  -1  -1  -1  -1  -1 
 44 197  -1  -1  49  -1 271 273  -1  -1   9  -1  -1  -1  -1  -1  -1 275 285 308  -1  -1  -1  -1 226  -1 
 45  -1  -1  -1  -1  -1  -1  -1  -1  -1  -1  -1  -1  -1 272  95  -1  -1 182  -1  -1  -1  -1  -1  53  -1 
 46  -1  -1  -1 228 109  -1  -1  -1  -1  -1 225  -1  -1  -1  -1  -1  -1  -1  -1  -1  -1  -1  -1  -1  -1 
 47  -1  -1  -1 141  -1  -1 227  -1  -1  -1  -1  -1  -1 231  -1  97  -1  10  -1 311 229  -1  -1  94  -1 
 48  -1  -1  -1  -1  -1  -1 181  -1  -1  50  -1  -1 313  -1  -1  -1  -1  -1  -1  -1  -1  -1  -1  -1  -1 
 49  -1  -1  -1  -1  -1  -1  -1  -1  -1  -1  -1 312  -1  -1 143   8  -1  -1  -1  -1 140  -1  -1 270  -1 
 50 310  -1  -1  -1 316  98  -1 274  -1 186  -1  -1  -1 187  -1  -1  -1  -1 153  -1  99  52  -1  -1 241 
 51  -1  -1  -1  -1  -1  -1  -1 184 137  -1 269  -1  -1 142  -1  -1  -1  -1  -1  -1  -1 139 315   6  -1 
 52  -1 314  -1  -1  -1  55  -1  -1   5  -1  -1  65  -1  96  -1  -1  -1  -1  -1  -1   7  -1  21  -1 309 
 53  -1  -1  -1  93  -1  11  -1  -1  -1 138  54  -1  -1  -1 183  -1  51  -1  -1  -1  -1 230  -1 185  -1 

r\t   0   1   2   3   4   5   6   7   8   9  10  11  12  13  14  15  16  17  18  19  20  21  22  23  24 
  0  -1  -1 236 236  -1  -1  -1  -1  -1  -1  -1  -1  -1  -1  -1  -1  -1  60  60  -1  -1  47  -1  -1  -1 
  1  -1  -1 128  -1  -1  -1  76  70  64  -1  -1 289  -1  -1 307  -1 247  -1  -1 130  -1  -1  -1  -1  -1 
  2  -1 126  77  -1  -1  -1  27  -1  -1  -1 176  -1 208  -1  -1  -1 282  -1 145  -1  -1  -1 240 219  -1 
  3  -1  -1  -1  -1  -1  42  -1 212  45  -1 214 194  -1  -1  -1  -1  -1 246  -1  -1  -1 167  25  -1 198 
  4  -1 255 192 192  -1  -1  -1  66  36  -1  -1  -1  -1 117  -1  -1  -1  -1 114  -1  -1 300  -1  -1 106 
  5  -1  -1  -1  -1  -1  -1  -1  -1 264  -1  -1  -1  -1  -1  -1  -1  83  -1  18  -1 218  -1 202  -1  -1 
  6  -1  14 129  72  -1  -1  -1  -1  33  -1 258 158  87  -1  38  -1  -1  23  84  -1  -1  -1 148 148  -1 
  7  -1 261  15  13  -1  -1 245  -1  -1  -1  -1  -1  -1  -1 305  -1 242 102  78  82  -1  32  -1  -1 243 
  8  -1  -1 210  -1  22  -1  -1  -1  -1  -1  -1  -1  -1 204  -1  -1  -1  -1  -1  -1  -1  -1  -1  -1  85 
  9  -1  -1 284  -1  -1  -1  -1 297  -1  -1  -1 100  -1 131  -1  -1  -1  -1  -1  -1 221  -1  -1  -1  -1 
 10  -1  -1 147  -1  -1  -1 116  -1  -1  -1  -1  -1  -1  -1  -1  -1  -1 154 290  -1  -1 144  -1  -1  -1 
 11  -1  -1 120  35  -1  -1  -1  -1  -1  -1  -1  56  -1 254  -1  -1 124  -1  -1  -1  -1  62 172  -1  -1 
 12  -1  -1 125  -1  -1  -1  -1  -1  -1  -1  -1  -1 249  -1  -1  -1  -1  -1  -1  -1  -1  -1  -1  -1  -1 
 13  -1  57  -1  -1  -1  -1  -1  -1  -1  -1  -1  -1  -1  -1  -1 301  -1  -1  -1  -1  -1  -1  -1  -1 286 
 14  -1  29  -1  -1 110  -1  40 170   0  -1  -1  79  -1  -1 262  -1  -1  -1  -1  -1  -1  -1  -1  -1  -1 
 15  -1  -1 252  -1  -1  -1  -1  -1  80  -1  -1  81 101 108  -1  -1  -1  -1  -1  -1  -1  -1  -1  37  -1 
 16  -1  -1  71 302  -1  -1  -1  -1 201  -1  -1 233  -1  -1  -1  -1  -1 238  -1  -1  -1 122  16  16  -1 
 17  91 296  -1  -1  -1  -1  -1  -1  -1  -1 306  -1 234  -1  -1  -1  -1 215  -1 169  -1  -1 157  -1  -1 
 18  -1  -1  -1  -1  -1  -1  -1  -1 257  -1  -1  -1  -1  -1  -1  -1 165  -1  -1  -1  -1  -1  -1 203  39 
 19 223  -1  -1  44  -1  -1 293  -1  88  -1  -1  -1  -1  -1  -1  -1  -1  -1 232  -1  -1  -1  -1  -1  -1 
 20  -1  -1 211 263  -1  -1  -1  -1  -1  -1 259  28 190  -1  -1  -1  -1  -1  -1   1  -1  -1  -1 196  -1 
 21  -1  86  -1 260  -1  -1  -1  -1  -1  -1  -1  20 159 164 173  -1  67  -1  -1  -1  -1  12 171 135  -1 
 22 175 133  34 267  -1  -1 199 213  -1  -1  -1  -1  43  -1  -1  -1 174  -1   3  -1  -1  -1  -1  -1  -1 
 23 217 276  -1  -1  -1  -1  -1  -1  -1  -1  -1  -1  -1  59  -1  -1  -1  -1  -1  -1 177  -1  -1  -1  -1 
 24  -1  -1 303  -1 155  -1 161  -1  -1  -1  -1  -1  69 235  -1  -1 111  -1  89  -1  -1  -1  -1  -1  -1 
 25  -1 113 104 104  -1  -1  -1 121  -1 127  -1  -1  -1  -1  -1  -1  -1 160  -1 179  -1  -1 191  -1  -1 
 26  -1 189 292 299 304  -1 209 253 291  -1  -1 256  -1 298 132  -1  -1 280 280  -1  -1  73  -1 265  -1 
 27  -1 216 166 146  -1  -1  -1  41  -1  -1  -1  -1  58 188  -1  -1  -1  -1  -1  -1  -1  -1 277  -1  -1 
 28  -1 152  -1  -1  -1  -1  -1  -1 123  -1 220 279  -1  -1  -1  -1  26  -1 205  -1  -1 278  -1  -1  -1 
 29  -1 168  -1  -1  -1  -1 287  -1 103  -1  -1  -1  -1  -1  -1  -1 150 115 248  -1  -1  -1  -1  -1  -1 
 30   2   2  -1  -1  -1  -1  19  19  19  -1  -1  -1  17  17  -1  -1  -1  30  -1  -1   4   4  -1  24  -1 
 31  -1  -1  -1  -1  -1  -1  -1  -1  -1  -1  -1  -1  31  31  31  -1  -1  -1  -1  -1  -1  -1  -1  -1  -1 
 32  46  46  63  63  63  -1  -1  -1  -1  -1  48  48  -1  68  -1  -1  74  -1  -1  -1  -1  -1  61  61  -1 
 33  -1  -1  -1  -1  -1  -1  -1  -1  -1  -1  -1  -1  -1  -1  -1  -1  -1  -1  -1  -1  -1  -1  75  75  75 
 34  -1  90  90  -1  -1 107 107 107  -1  -1  -1 118 112  92  92  -1  -1  -1  -1  -1  -1  -1 105 105  -1 
 35  -1  -1  -1  -1  -1  -1  -1  -1  -1  -1  -1  -1  -1  -1  -1  -1  -1  -1  -1  -1 119 119 119  -1  -1 
 36  -1  -1  -1  -1  -1  -1  -1 149 149  -1  -1 151 151 151  -1  -1 162  -1 134 134  -1 136 136 156  -1 
 37  -1  -1  -1  -1  -1  -1  -1 163 163 163  -1  -1  -1  -1  -1  -1  -1  -1  -1  -1  -1  -1  -1  -1  -1 
 38  -1 200 180 180  -1  -1  -1 195 195 195  -1 206  -1  -1  -1  -1  -1 193 193  -1  -1  -1 178 178  -1 
 39  -1  -1  -1  -1  -1  -1  -1  -1  -1  -1  -1  -1  -1  -1  -1 207 207 207  -1  -1  -1  -1  -1  -1  -1 
 40 237 237  -1 244  -1 239 239 239 250  -1  -1  -1  -1 224 224  -1  -1  -1 222 222  -1  -1  -1  -1  -1 
 41  -1  -1  -1  -1  -1  -1  -1  -1  -1  -1  -1  -1  -1  -1  -1  -1  -1  -1  -1  -1  -1 251 251 251  -1 
 42 266 266  -1  -1  -1  -1  -1 283 283 283  -1  -1 281 281  -1  -1 294  -1  -1  -1 268 268 288  -1  -1 
 43  -1  -1  -1  -1  -1  -1  -1  -1  -1  -1 295 295 295  -1  -1  -1  -1  -1  -1  -1  -1  -1  -1  -1  -1 
 44  -1  -1  -1  11  -1  -1  -1  -1  -1  -1  97  -1  -1  -1  -1  -1  21  -1  -1  -1  -1 226 271  -1 312 
 45  -1 183  -1  -1  -1  -1  -1  -1  -1  -1  -1  -1 184  -1  -1  -1  -1  -1 181  95  -1  -1  -1  -1  -1 
 46  -1 227   7 229  -1  -1 311  -1  -1  -1  -1   6  10 187  -1 109 313  -1  -1 275  -1  -1  -1  -1  -1 
 47  -1  -1  -1  -1  -1  -1  65  -1  -1  -1 140  -1  98  -1  -1  -1  -1  -1  -1  -1  -1  94  -1  -1  -1 
 48  -1  -1 139  -1  -1  -1  -1  -1  -1 316  -1  -1  51  -1 269  -1  -1  -1  -1  -1  -1  -1  -1  -1  -1 
 49  -1  -1  -1 137  -1  -1 153  -1  -1  -1   8  93  -1  50  54  -1  -1  -1  -1  -1  -1 182  -1   9  -1 
 50 143  -1 274  99  -1  -1  -1  -1  -1  -1  -1  -1 142 270  -1  -1  -1 314  53 197  -1  -1  -1  96  -1 
 51  -1  -1 225  -1  -1  -1  -1  -1  -1 241  -1  -1 228  -1  -1 310  -1  -1  -1  55 138  -1   5  -1  -1 
 52 185  -1  -1 285 315  -1  -1 308 141  -1  -1 272  -1  -1 186  -1  -1  -1  -1  -1  -1  -1  -1  -1  -1 
 53  -1  -1  -1  -1  -1 309  -1  -1 230  -1  -1 231  -1  -1  -1  -1  -1  -1 273  -1  49  -1  -1  52  -1 

r\t   0   1   2   3   4   5   6   7   8   9  10  11  12  13  14  15  16  17  18  19  20  21  22  23  24 
  0  -1  -1  -1  36  -1   3 199  -1  73  -1  -1  -1 276  -1  -1  -1 189  -1 209 179  -1 212  -1  32  -1 
  1  -1  -1  -1  -1  -1  -1  -1  -1  83  -1 148 148  -1  -1  -1  -1  -1 122  64  86  -1 168  37  -1  -1 
  2  -1  -1  -1 203 169  -1  -1  -1  -1  -1  -1  -1  -1  -1  -1  -1  -1  -1  72  -1 221  69  -1  -1 132 
  3  -1 208  -1  -1 171  -1  -1 128  -1  -1  -1  -1 191 160  -1  -1  71  -1  -1  -1  -1  -1  81 289  -1 
  4  -1 166 164  -1  -1  -1  -1  -1  -1  -1  -1  -1 292  84  -1  -1  -1  -1  -1  -1  -1 242  -1  16  16 
  5  -1  28  -1  -1 215  -1 297  -1  -1  -1  -1  -1  -1 286  -1  -1 161 194 216  -1  -1  18 120  -1  -1 
  6  -1 124  -1   0  -1  -1  -1 115  -1  38  -1 174  -1 196   1  -1 108  -1  -1  -1  -1  -1  -1 133 106 
  7 265  -1  33  -1  -1  -1 131  -1 167 301  -1 264 135  -1  -1  -1  -1  -1  -1  -1  -1  -1  -1  -1 219 
  8  -1 152 246  -1  -1  -1  -1  29 291  -1  -1  -1 154  -1  -1  -1  -1  -1 279  -1  -1  -1  44  40  -1 
  9  -1  -1  42 102 260  -1  -1  59  -1  -1  -1 165  -1 243  -1 267 211  -1  -1  -1  -1 298  -1  88  -1 
 10  -1  -1  -1 117  -1  -1  -1  -1 258  -1  -1  -1 123 121  -1  -1  -1  -1  -1  -1  -1  -1 236 236  -1 
 11  -1 284  62  -1  -1  -1  -1 201  -1  -1  -1 100  -1  -1 220  -1  -1  -1  -1  -1  -1  -1  -1  -1  -1 
 12  -1 101  -1 159  -1  -1  87  -1 287  -1  -1  57  -1 155  -1  -1  -1  77 217  -1  -1  -1  -1  -1  -1 
 13  -1  -1  -1  -1  -1  -1  -1 303  -1  -1  -1  -1 306  70  -1  -1  34  -1  -1  -1  -1 245 158  -1  -1 
 14  -1  12 192 192  -1  -1  -1  -1 175 305  -1  80  -1 126  -1  41 214  -1  23  -1  -1  -1  25  -1  -1 
 15 130  -1  -1 147  -1  -1  -1  -1  -1  -1  -1 255  -1  -1  -1  -1  -1  -1  -1  -1  -1  -1 277  -1  -1 
 16  -1 190  47  -1  -1  -1 157  13  -1  -1  -1 116  -1  -1  -1  -1  -1  -1  -1  -1  -1  -1  -1  -1  -1 
 17  -1 247 280 280  -1  -1  35  -1  -1  -1  -1  -1  76  -1  -1  -1  -1  22 259  -1 177  -1  -1 253  -1 
 18  -1  -1  -1  -1  -1  -1 114  -1  -1  -1  -1 299 104 104 170 176 210 252  -1  -1  -1 188 129  -1  -1 
 19  -1  -1 234 300  -1  -1  -1  -1  -1  -1 125 235  -1  -1  -1  -1  -1  -1  -1  -1  -1  -1  -1 113  -1 
 20  -1  -1  -1  27  -1  -1  -1  -1  -1  -1  -1 302 233 254  -1  -1  -1  -1  -1  -1  -1  82  -1  -1  -1 
 21  -1  -1  -1  -1  -1 172  -1 145 110  -1  -1  -1  58 261  -1  -1 144  -1  -1  89  -1  -1  -1  39  91 
 22  -1  -1  -1  -1  -1  -1  -1  -1  -1  -1  -1 205  -1  -1  -1  -1  -1  85  -1  -1  -1  -1  -1  -1  -1 
 23  -1 290  -1  -1  -1  -1  -1  -1 202  -1  -1  -1  -1  -1  -1 282  -1  -1  -1  -1  -1  -1  -1  -1  -1 
 24  -1  56 146  -1 257  -1 240 111  14  -1  -1  -1  -1  -1  -1  -1  15  -1  -1  -1  -1  -1  60  60  -1 
 25  -1  -1 103  -1 263  -1  -1  -1 150  -1 198  -1  -1 296  -1  -1  -1  -1  -1  -1  -1  -1  -1  79  -1 
 26  -1  78  -1 248  -1  -1  -1 218  -1  -1  -1  -1  -1  -1  -1  -1 249  -1  -1  -1  -1  -1  -1 204  -1 
 27  -1 232  -1  -1  -1 307  -1  -1  -1  -1  -1 213  -1  -1  -1  -1 173  -1 256  -1  -1  -1  -1  -1  -1 
 28 223  -1  -1  45  -1  -1  -1 293  66  67  -1  43  -1  -1  -1  -1 278  -1  -1  -1  -1  -1  -1  -1  -1 
 29 262  -1  -1  -1 238  -1  -1 304  -1 127  -1  20  -1  -1  -1  -1  -1  -1  26  -1  -1  -1  -1  -1  -1 
 30  -1  -1  19  19  19  -1  -1  -1  -1  -1  -1  -1  17  17  -1   2   2  30  -1  -1  -1  24   4   4  -1 
 31  -1  -1  -1  -1  -1  -1  -1  -1  -1  -1  -1  31  31  31  -1  -1  -1  -1  -1  -1  -1  -1  -1  -1  -1 
 32  46  46  74  -1  -1  -1  -1  -1  -1  -1  -1  48  48  -1  -1  63  63  63  -1  -1  61  61  -1  68  -1 
 33  -1  -1  -1  -1  -1  75  75  75  -1  -1  -1  -1  -1  -1  -1  -1  -1  -1  -1  -1  -1  -1  -1  -1  -1 
 34  -1  -1 112  92  92  -1  -1  -1 118  -1  -1  90  90  -1  -1  -1  -1 105 105  -1  -1 107 107 107  -1 
 35  -1  -1  -1  -1  -1  -1  -1  -1  -1  -1  -1  -1  -1  -1  -1 119 119 119  -1  -1  -1  -1  -1  -1  -1 
 36  -1 136 136 134 134  -1  -1 156  -1  -1  -1  -1 162  -1  -1  -1  -1  -1 149 149 151 151 151  -1  -1 
 37  -1  -1  -1  -1  -1  -1  -1  -1  -1  -1  -1  -1  -1  -1  -1  -1  -1 163 163 163  -1  -1  -1  -1  -1 
 38 178 178 206 180 180  -1  -1 195 195 195  -1  -1  -1  -1  -1  -1  -1 200  -1  -1  -1  -1 193 193  -1 
 39  -1  -1  -1  -1  -1  -1  -1  -1  -1  -1  -1  -1 207 207 207  -1  -1  -1  -1  -1  -1  -1  -1  -1  -1 
 40  -1  -1 222 222  -1  -1  -1 237 237  -1  -1  -1 244  -1  -1  -1 239 239 239  -1  -1  -1 250 224 224 
 41  -1  -1  -1  -1  -1  -1 251 251 251  -1  -1  -1  -1  -1  -1  -1  -1  -1  -1  -1  -1  -1  -1  -1  -1 
 42  -1  -1 266 266  -1 283 283 283  -1  -1  -1  -1  -1  -1  -1  -1 294  -1  -1  -1 281 281 288 268 268 
 43  -1  -1  -1  -1  -1  -1  -1  -1  -1  -1  -1  -1  -1  -1  -1  -1  -1 295 295 295  -1  -1  -1  -1  -1 
 44  -1  -1  -1  -1  -1  98  -1  -1  -1 316  -1 230 272  -1  99  -1 142  -1  -1  -1  -1  -1  -1  -1  -1 
 45   6  -1  -1  -1  -1  -1  -1  -1  -1  -1  -1  -1  -1  -1  -1 227  96  -1  -1  11  93  -1 183  -1  -1 
 46  -1  -1  -1  -1 271 139  -1  -1  -1  -1  -1   7  -1  65 275  -1  -1  -1  -1  -1   9  -1  -1  51  -1 
 47  -1  -1  -1  -1  -1 228 153  -1  -1  -1  -1 137  -1  -1  -1 143  52  -1  -1  -1  -1  -1 141 184  -1 
 48  -1  -1  -1  -1  -1  -1  -1  -1  -1  -1  -1  -1  -1  -1  -1  -1 270 312 197  -1  -1  -1  -1  -1  -1 
 49  -1 273  95  -1  -1  -1 109  -1  -1  -1  -1  -1 226  -1  49  -1 187  -1  -1  53  -1 315  -1  -1  55 
 50  -1  -1  -1  -1  -1  -1  21  -1  -1  -1 310  -1  -1  -1 140  -1  -1  -1  -1  -1  -1  -1  -1  -1  -1 
 51  -1  94 185  -1  54  -1  -1  -1  -1  -1  -1  -1  -1  -1  -1  -1  -1  -1  -1  -1  -1  -1  -1  -1 186 
 52  97 225  -1  -1  -1  -1 309 314 308 241 285 182   8  -1  -1  -1  -1  -1  -1 231  50  -1 229  -1  -1 
 53 138  10  -1  -1  -1 181  -1  -1  -1  -1  -1  -1  -1 311  -1  -1  -1  -1 313  -1 274  -1 269  -1   5 

r\t   0   1   2   3   4   5   6   7   8   9  10  11  12  13  14  15  16  17  18  19  20  21  22  23  24 
  0  -1  -1  -1  -1  -1  -1  91  -1 232  -1  -1 213 212  -1 221  -1  -1  -1 114  18  -1  -1 260  -1  -1 
  1  -1  -1  -1  23  -1  -1  56 279  64  -1  -1  -1 167  44  -1  -1 264  -1  -1  -1  -1  -1  -1  76  -1 
  2  -1  79 127  -1  -1  -1  -1  -1  -1  -1  -1 291  -1  -1  -1  -1  -1  -1  -1  -1  -1  -1 101 262  -1 
  3  -1 110 190  -1  -1  -1 106  -1 179  -1  -1 117  -1 243  -1 220  -1  -1  -1  -1  -1  -1  15  -1  -1 
  4  -1  -1  -1 282  -1  -1  -1  -1 289  -1  -1 150  -1  -1  -1  -1  -1  -1  -1  -1  -1  -1  -1  -1  -1 
  5  -1  -1  -1 103  -1  -1  -1  -1  -1  -1  -1  -1  -1  -1  -1  -1  12  -1  -1  -1  -1  -1 147  13  -1 
  6 129 306 234  -1  -1 303 174  -1 175  -1  -1  -1 265  -1  -1  -1  -1  40  -1  -1  -1  -1  -1  -1  -1 
  7  -1  -1  -1  36  -1 133 247  -1  -1  -1  -1  -1  -1 157  -1  -1  -1  -1 233  -1  -1 218  -1  -1  -1 
  8  -1 209  33  -1  -1  -1  -1  -1 205  -1  -1  70 192 192 172  -1 165  -1  -1  82  42  77  -1 299  -1 
  9  -1 255  -1  -1  -1  -1  -1 168  14  -1  -1  -1 102  -1  -1  -1  -1  -1  35  -1  -1  -1  25 170 126 
 10 215  27  -1  -1  -1  -1  -1  -1 152  -1  -1  -1  -1  -1  -1  -1  34  -1  -1  -1  -1  84  -1  -1  -1 
 11  -1  -1  -1  62  -1  -1 219  -1  -1  -1  -1  -1  -1  -1  -1 104 104  -1  -1  -1  -1 161 296 249  -1 
 12  -1  -1 159  -1  -1  -1  73 302  -1  -1  -1  -1  -1  -1  -1  -1  78 177  -1  -1  -1  -1  -1 121  57 
 13  -1  -1 122 252  -1  -1  -1  -1 166  -1  -1  -1  -1  88  -1  -1 253  85  -1  -1  -1 267  -1  -1  -1 
 14  -1  -1   0  -1  -1  -1  -1  -1  -1  -1  -1 125  -1  -1  -1  -1  58 148 148  -1  -1  -1  -1  -1  -1 
 15  -1  -1  -1 199  -1  -1 135  -1  -1  -1  -1 204  -1 201  -1 305  -1 245  -1  -1 236 236 258 188  -1 
 16  -1 290 277  43  -1  -1  -1  -1  -1  -1  -1 111  -1 297 131  -1  -1  -1  -1  -1  -1  81  -1  -1  -1 
 17  -1  -1  -1  -1  -1  -1  -1  -1 120  -1  -1  -1  -1  -1  -1  -1 115  -1  -1  86  -1  -1  -1  -1  -1 
 18  -1 278  -1 211  -1  -1   1  -1  -1  -1  -1  -1  -1 276  -1  -1 144  60  60  -1  -1   3  -1  -1  -1 
 19  -1 155  -1 216  -1  -1  -1 246 248  -1  -1  -1  -1  80  -1  -1 189  -1  -1  -1 287  -1  71  -1  -1 
 20  -1 198  -1  72  -1  -1  -1 196  -1  -1  -1  -1  -1  -1 217  -1  -1  16  16  -1  -1  -1  -1  -1  -1 
 21 169  -1 214  -1  -1  -1  -1  -1  -1  -1  -1  -1 145 256  -1 132 257 202 298  -1  -1 254 123  -1  -1 
 22  -1  67  41 210  -1  -1  -1  -1  -1 176  -1  38 240 100  -1  -1  -1 160 191  -1  -1  -1  -1  -1 307 
 23  -1  -1  -1 173  -1  -1  26  -1 194  -1 128  -1  69  -1  45  -1 203  29  -1  -1  -1  32 208  -1  -1 
 24  -1 242  -1 238  -1  -1  -1 113  -1  -1  39  20  -1 146  -1  83  -1 293  87  -1  -1 116 130 171  -1 
 25  -1  -1  47  -1  -1  -1  -1  -1  -1  -1  -1  -1  -1 223  -1  -1 300 124  -1  -1  -1 259  -1  -1  -1 
 26  -1  -1  66  -1  -1  -1  -1  -1  -1  -1  -1  -1  -1  -1  -1  -1  -1  37  -1  -1  -1  -1 280 280  -1 
 27  -1  -1  -1 164  -1  -1  -1  59 263  -1  -1  -1  -1  -1  -1  -1  -1 108  89  -1  -1  22  -1  -1  -1 
 28  -1 158  -1  -1  -1  -1  -1  28  -1  -1  -1  -1 284  -1  -1  -1  -1 261  -1  -1  -1 292  -1  -1 301 
 29  -1  -1 304  -1  -1  -1 154  -1  -1  -1  -1  -1  -1  -1  -1  -1 235  -1  -1  -1  -1 286  -1  -1  -1 
 30  19  19  19  -1  -1  -1  -1  -1  24  -1  -1  -1  17  17  -1   2   2   4   4  -1  -1  -1  -1  30  -1 
 31  -1  -1  -1  -1  -1  -1  -1  -1  -1  -1  -1  31  31  31  -1  -1  -1  -1  -1  -1  -1  -1  -1  -1  -1 
 32  -1  68  -1  -1  -1  48  48  -1  -1  -1  -1  -1  61  61  -1  46  46  74  -1  -1  -1  63  63  63  -1 
 33  -1  -1  -1  -1  -1  -1  -1  75  75  75  -1  -1  -1  -1  -1  -1  -1  -1  -1  -1  -1  -1  -1  -1  -1 
 34  -1  -1  -1  -1  -1  -1  -1 107 107 107  -1  -1 112 118  -1  92  92  -1  -1  -1 105 105  90  90  -1 
 35  -1  -1 119 119 119  -1  -1  -1  -1  -1  -1  -1  -1  -1  -1  -1  -1  -1  -1  -1  -1  -1  -1  -1  -1 
 36  -1  -1 151 151 151  -1  -1  -1  -1  -1  -1 156 136 136  -1  -1 162 134 134  -1 149 149  -1  -1  -1 
 37  -1  -1  -1  -1  -1  -1  -1  -1  -1  -1  -1  -1  -1  -1  -1  -1  -1  -1  -1  -1  -1  -1 163 163 163 
 38  -1  -1 200  -1  -1  -1  -1  -1  -1  -1 193 193  -1 180 180 178 178  -1  -1  -1 195 195 195 206  -1 
 39  -1  -1  -1  -1  -1 207 207 207  -1  -1  -1  -1  -1  -1  -1  -1  -1  -1  -1  -1  -1  -1  -1  -1  -1 
 40  -1  -1 244  -1  -1 239 239 239  -1  -1  -1  -1  -1  -1  -1  -1 222 222 250  -1  -1 224 224 237 237 
 41  -1  -1  -1  -1  -1  -1  -1  -1  -1  -1 251 251 251  -1  -1  -1  -1  -1  -1  -1  -1  -1  -1  -1  -1 
 42  -1  -1 288 294  -1 281 281  -1  -1  -1  -1  -1  -1 266 266 283 283 283  -1  -1  -1  -1 268 268  -1 
 43  -1  -1  -1  -1  -1  -1 295 295 295  -1  -1  -1  -1  -1  -1  -1  -1  -1  -1  -1  -1  -1  -1  -1  -1 
 44  -1  -1 142  -1  -1  -1  -1  -1   6  -1 138  65  -1  -1  -1  -1  -1  -1 225 241  -1  -1  -1  -1  -1 
 45  -1  -1  -1  -1  -1  95  -1  -1  53  -1  -1  -1  -1  -1  -1  -1  -1  -1  -1  -1  -1  49  -1   5 310 
 46  -1  -1  -1 311  -1  -1 227  -1  -1 229  -1  -1  93  -1  -1  -1  -1  -1  -1  -1  -1  -1  -1 182  -1 
 47 109  -1 272  -1  -1  -1  -1  -1  -1  -1  99 315  -1  -1  11  -1  -1  -1 270 314  -1  98  -1  -1  -1 
 48  -1  -1  -1  -1  -1  -1 273  -1  -1 269 185  -1  -1  -1 140  -1  -1 275  -1  -1 309 181  -1  -1  -1 
 49  -1  -1 230  -1  -1   9 187 153  -1  -1  10 285  50  -1  -1  -1 139  -1 186  -1  -1  -1  -1  -1  -1 
 50  -1 308  -1  -1  -1  -1  -1 313  -1  -1  55  -1  -1  -1  97  -1  -1  -1  -1  -1  -1  -1  -1 228  -1 
 51 316  -1 184  -1 312  -1  -1  -1 231 143 274  -1 226  -1  -1  -1  -1  -1  51  -1  -1  -1   7  -1  -1 
 52  -1  -1  96  -1  -1  -1  -1  -1  -1  -1  -1  -1  -1  -1  -1  -1  -1  54  -1 197  -1 141  -1  -1  -1 
 53  -1  -1  -1  -1  -1 271  -1  21 137   8  -1  -1 183  -1  -1  -1  -1  94  -1  -1  -1  -1  -1  52  -1 

