317
1 2
14 13
11 30
21 5
16 30
22 51
13 45
0 44
10 52
15 49
18 47
4 50
12 9
18 9
13 18
11 27
15 28
23 30
6 17
1 30
17 17
7 44
21 23
8 18
8 30
6 11
11 26
3 12
21 8
18 2
13 30
22 31
7 16
1 23
16 17
17 16
2 3
1 27
6 0
17 8
5 23
17 18
0 3
18 26
2 11
0 25
13 32
22 22
10 32
16 50
1 44
12 45
21 47
17 50
15 46
4 53
6 20
11 23
21 1
16 18
12 8
17 32
7 6
1 32
0 15
22 46
23 23
8 20
21 32
3 23
1 5
13 28
23 10
16 7
6 32
17 33
11 17
13 24
8 13
21 3
2 20
22 14
20 18
5 8
7 4
18 22
8 19
7 27
22 27
4 27
0 34
16 3
12 34
17 53
11 50
15 50
21 44
14 53
10 53
3 45
21 18
3 15
1 4
17 26
12 14
5 34
8 8
22 34
18 15
7 47
2 6
16 8
11 34
6 16
1 12
3 18
23 25
12 16
2 34
17 35
7 23
22 26
16 21
21 21
13 21
16 0
16 25
10 7
21 13
20 1
5 21
20 24
0 22
21 16
1 36
22 23
16 36
13 52
15 47
3 46
10 47
18 50
11 47
4 48
1 26
16 5
17 11
11 13
2 4
12 36
19 11
6 36
21 26
22 49
23 28
24 7
3 36
1 0
6 19
8 15
17 9
11 9
18 36
12 37
7 13
18 7
23 9
2 15
21 29
15 24
2 2
17 7
16 29
7 21
21 20
4 8
4 26
10 18
0 38
16 14
13 38
3 50
22 47
15 45
2 50
11 49
21 52
12 46
1 21
22 29
12 29
8 3
13 10
2 38
6 9
17 38
7 17
23 44
24 20
16 22
11 38
2 27
16 10
13 1
17 25
6 15
12 38
7 39
22 6
1 14
23 12
21 6
3 27
15 3
6 25
18 11
3 25
16 2
2 19
20 6
4 6
14 3
10 40
12 11
0 40
13 50
22 45
15 53
3 47
2 52
21 45
18 51
1 1
20 8
21 22
22 7
2 28
12 40
6 24
16 40
11 7
19 51
8 28
7 20
6 40
11 12
18 27
16 26
17 13
1 28
8 40
22 41
2 5
12 6
13 25
21 9
3 29
2 8
21 4
6 14
2 17
8 29
9 8
21 14
21 0
0 12
11 42
3 13
13 42
1 49
16 49
4 52
22 53
15 44
10 51
2 53
8 0
1 19
2 13
16 24
10 16
17 42
7 15
20 42
13 11
6 53
3 22
23 4
8 42
18 24
2 10
13 19
11 5
21 11
3 42
17 43
7 11
12 18
16 11
6 8
22 17
20 7
19 5
5 15
14 25
17 29
12 26
15 11
7 46
20 46
24 44
23 48
9 45
6 51
8 45
19 53
5 44

