317
21 8
12 4
18 30
16 8
22 30
4 50
11 46
9 53
10 53
24 53
0 50
15 44
22 2
21 28
18 17
11 19
23 28
2 30
16 11
6 30
1 3
17 47
14 20
13 28
21 30
22 1
13 22
8 21
6 14
17 3
11 30
1 31
23 11
7 11
16 7
18 10
7 17
0 6
17 28
20 10
17 22
24 29
16 9
18 29
7 6
0 28
23 32
22 15
15 32
18 51
9 45
21 45
11 53
10 49
20 53
4 45
23 4
11 4
21 15
6 0
7 26
18 32
22 18
12 32
16 28
1 49
2 14
3 9
8 32
7 15
11 3
22 5
21 29
16 18
2 32
17 33
13 5
22 13
1 10
6 20
12 25
23 15
19 22
24 3
14 26
11 24
6 19
23 16
0 20
19 24
10 34
4 13
23 34
16 49
22 51
18 49
7 49
21 49
9 46
15 49
7 14
11 18
18 22
16 15
22 12
12 34
4 28
1 34
21 27
17 45
8 22
6 18
22 34
7 27
3 27
1 16
18 7
6 22
21 34
12 35
23 23
2 15
12 3
17 8
8 28
22 21
10 8
12 8
5 15
0 1
16 19
12 15
19 7
4 11
20 36
0 11
22 36
7 44
15 45
10 51
9 49
16 45
11 45
24 51
7 2
21 17
11 27
12 17
22 9
5 36
1 12
16 36
13 1
8 51
3 12
2 4
7 36
8 23
17 9
16 24
2 20
11 16
1 36
12 37
18 1
3 16
21 4
6 8
23 1
18 23
21 0
11 12
7 23
13 8
15 4
11 26
9 2
10 28
23 38
16 26
20 38
7 46
11 52
0 45
18 44
22 49
15 52
12 51
21 11
23 14
22 26
18 0
7 24
12 38
16 27
2 38
17 26
14 50
6 15
1 2
11 38
23 0
3 19
12 5
22 17
16 21
1 38
17 39
8 18
13 0
7 3
7 20
21 12
22 24
5 22
5 2
3 22
3 10
4 25
0 27
10 20
19 15
20 40
18 21
23 40
15 51
16 44
12 46
9 51
22 48
0 51
11 47
21 23
11 29
16 22
12 19
22 29
5 40
13 14
2 40
7 18
1 51
18 14
17 19
12 40
23 27
16 1
3 23
2 7
18 15
22 40
6 41
11 25
1 11
21 3
13 13
17 29
2 18
22 4
6 24
24 7
9 25
5 14
18 2
0 18
20 26
15 42
21 6
10 42
22 47
18 53
24 49
9 47
12 44
19 49
23 50
12 0
16 16
18 18
11 11
23 17
5 42
8 7
2 42
22 3
13 46
17 10
21 1
13 42
11 15
3 8
23 22
17 14
22 25
8 42
5 43
16 17
21 19
12 12
18 20
2 10
14 22
18 3
7 5
12 10
0 14
16 23
23 6
2 52
8 49
1 53
3 45
14 49
13 51
6 46
17 48
5 44

