317
3 28
18 19
5 30
1 6
23 30
17 50
8 50
4 52
10 53
20 46
21 48
2 45
6 21
21 27
17 27
3 29
22 4
10 30
16 7
7 30
18 22
13 44
0 9
1 29
16 30
1 4
18 24
6 18
17 23
13 25
3 30
10 31
7 15
21 1
23 3
22 23
6 10
14 3
11 9
14 29
6 1
6 7
21 9
4 22
5 12
20 11
23 32
3 23
1 32
4 44
10 48
17 45
6 47
7 44
21 51
18 53
2 26
21 20
1 0
23 10
17 20
7 32
3 17
12 32
6 6
22 47
16 1
11 14
18 32
22 15
21 0
13 5
17 14
6 28
3 32
7 33
12 1
11 19
2 1
16 8
23 13
2 23
7 14
5 2
11 12
16 25
20 18
12 9
17 3
4 14
8 34
21 29
5 34
10 44
23 50
3 48
18 45
20 47
7 51
24 48
7 29
6 27
17 24
18 8
22 17
2 34
11 11
12 34
8 5
0 52
21 12
16 23
17 34
11 10
21 22
23 6
6 22
18 1
22 34
1 35
13 12
8 24
3 16
7 10
16 29
5 29
15 5
9 2
8 28
9 18
23 14
21 3
10 17
23 9
3 36
8 27
5 36
7 46
20 45
21 44
9 52
17 51
18 46
24 53
13 28
7 17
6 0
21 8
3 8
10 36
8 6
17 36
2 18
12 44
22 27
16 2
7 36
8 10
18 10
17 11
11 18
3 4
13 36
0 37
16 22
12 19
21 5
6 4
22 5
4 9
14 9
16 26
7 11
3 18
1 14
17 25
5 14
10 16
1 38
9 9
20 38
3 51
17 53
8 45
7 48
4 51
18 51
6 44
8 0
7 27
1 15
21 6
2 2
23 38
13 14
16 38
22 25
11 52
9 13
12 17
6 38
1 19
13 21
12 5
16 28
21 11
3 38
22 39
17 0
2 29
7 9
7 8
18 29
21 17
7 6
15 29
8 16
5 27
3 13
13 7
10 28
4 20
20 40
1 25
23 40
2 51
17 49
6 49
9 48
3 45
18 52
8 49
18 26
2 10
17 18
3 21
23 15
5 40
22 2
11 40
8 13
14 44
16 17
1 16
1 40
17 2
22 22
21 25
23 18
12 0
2 40
5 41
11 13
16 27
18 3
8 29
13 1
8 3
20 4
10 7
12 12
14 4
9 15
3 25
18 5
23 7
1 42
20 9
3 42
7 47
21 46
9 51
6 50
8 48
5 45
24 49
21 16
8 21
7 4
6 14
3 26
10 42
13 24
17 42
2 3
22 44
20 13
16 24
8 42
12 14
6 2
2 19
18 11
21 19
7 42
10 43
17 26
1 24
13 27
16 18
23 19
12 10
2 16
5 9
1 18
6 24
11 7
17 4
12 49
15 47
19 50
16 45
0 50
11 49
13 49
22 52
14 49

