r\t   0   1   2   3   4   5   6   7   8   9  10  11  12  13  14  15  16  17  18  19  20  21  22  23  24 
  0  -1  -1  16  16  -1  -1 299 192 192 132  -1 277  -1  -1  -1  -1  67  -1  -1  -1  -1  -1  -1  -1  -1 
  1  -1  -1 148 148 129  -1  -1  -1 120  -1  -1  -1  -1  -1  -1  -1  -1  -1 110  -1  -1  -1  -1 168  -1 
  2  -1  -1 108  -1  -1  -1  -1 245  -1  -1  -1  -1  83  -1   1  86 145  -1  -1  -1  -1  -1  -1 121  -1 
  3  -1 262  34  -1  -1  -1 284  -1  -1  -1  -1 147 122  -1  -1  -1 291  -1  80  -1  -1  -1  -1  -1  -1 
  4 220  -1  -1 205  -1 198  -1  -1 103  -1  -1  89  -1  -1  -1  -1  -1  27  -1  -1  -1 286  -1  -1  -1 
  5  -1 279  -1  -1  -1  -1  66 238  -1  -1  -1  -1 202 293  -1  -1  -1  -1  -1  -1  -1 290  -1  -1  -1 
  6  -1  -1  -1 166  -1 287  43 158  -1  -1  -1  26  -1   3  -1  -1  -1  -1  -1  -1  -1  -1 194  -1  -1 
  7  -1  35  -1  -1  -1  -1  -1  -1  -1 128  -1  -1  72  23  -1  -1 247  -1  -1  42 106  -1  -1 215  -1 
  8 307  -1  -1  -1  -1  -1  20  -1  -1  -1  -1  -1  -1  -1  -1  -1 111 100 297  -1  -1  -1  -1  88  -1 
  9  87  -1 115  -1  -1  -1 233 280 280  -1  -1  84 282 235  -1 177  -1  -1  -1  -1  -1  -1  -1 179  -1 
 10  -1  12 236 236  -1  -1  -1  -1  -1  -1  -1  -1 152  -1  -1  91  -1  -1 117  -1  -1  -1 116  73  -1 
 11  -1  -1 161 252  -1  -1 113  -1  -1  -1  -1  -1  -1 249 176  -1  -1  -1  -1  -1  -1  -1  -1  -1  -1 
 12  -1 289  -1  -1  -1  -1 301  -1  -1  -1  -1  -1  59  -1  -1  -1  -1  -1  62  -1  38  -1  -1 276 175 
 13 265  -1 196  -1  -1  -1  -1  13  -1  -1  -1  15 298 188  -1 135 127 164  -1  -1  -1  -1  -1  -1  -1 
 14  -1  -1  -1 124  -1  -1 253  -1 174  39  -1  -1  -1  79  -1  -1 212  -1  -1  -1 243  -1  -1  -1  -1 
 15  -1 146  -1  -1  -1 263 102  60  60  -1 242  -1  -1  -1  -1  -1  -1 155  -1  -1  -1 160  -1 199  -1 
 16  -1  -1  -1  29 173  -1 204  -1  14  -1  -1 217  -1  -1  -1  -1  69  -1 257  -1  -1  -1  64  -1  -1 
 17  -1  -1  -1  -1  44  -1  -1  -1  -1  -1  -1 300  -1  58  -1  -1  -1  -1  -1  -1  -1  -1  -1 133  -1 
 18  -1  -1  -1  -1  -1  41  -1  -1  -1  -1  -1  -1  -1  -1  -1  -1  -1  70 150  -1  -1 154  -1  -1  -1 
 19  40  -1  -1  -1  -1  -1 214 130 259  -1  -1  -1  -1  -1 216  -1  -1  -1 125  -1  -1  -1  -1  -1  -1 
 20  -1  -1  -1  -1  -1 219 189 172 292  -1  -1  -1  -1  -1  -1 305  -1  -1  -1  -1  -1  -1  -1  -1  -1 
 21  -1  -1 261  -1  -1  -1  -1  -1 240  -1  -1 302  -1 169  -1  -1  -1 170  -1  -1  -1 123  -1 264  -1 
 22  -1 232  -1  -1  -1  -1  47 223  -1  -1  22  57  -1  -1  -1  -1  18  -1 209  -1 304  -1  -1  -1 221 
 23  -1 114  -1  -1  81 213  -1 258  -1  -1  -1 218  -1  -1  -1   0 157 248 246  -1  -1  -1  -1  -1  -1 
 24  -1  -1  76  -1  -1  -1  -1  82  -1  -1  -1  -1  -1  -1  -1  -1 126 201  -1  -1  -1  -1  -1  -1  -1 
 25  -1  -1 255  71  -1  -1  32  -1  25  -1  -1 256 303  -1  -1  -1  -1  -1  33  -1  -1  -1  -1  -1  -1 
 26  -1  -1  -1  -1  -1  -1  -1 208  78  -1  85  -1  -1  -1  -1  45  -1 165  -1  -1  -1  28  -1  56 144 
 27  -1 167  -1  -1  -1  -1 159 296 254  -1  -1 203 190  -1  -1  -1  -1  -1  -1  -1  -1 306  -1  -1  -1 
 28  -1  77 131 104 104  -1  -1 101  -1  -1 171  -1 267 278  -1  -1  -1 260  -1  -1  -1 211  -1 210  -1 
 29  -1  -1  -1  -1  -1  -1  -1  -1  -1  -1  -1 191 234  -1  -1  -1  -1  36  -1  -1  37  -1  -1  -1  -1 
 30   2   2  -1   4   4  -1  -1  24  -1  -1  -1  -1  -1  30  -1  -1  -1  19  19  19  -1  -1  17  17  -1 
 31  -1  -1  -1  -1  -1  -1  -1  -1  -1  -1  -1  -1  -1  -1  -1  -1  -1  -1  -1  -1  -1  -1  31  31  31 
 32  -1  63  63  63  -1  -1  74  46  46  -1  -1  48  48  68  -1  -1  -1  -1  -1  -1  61  61  -1  -1  -1 
 33  -1  -1  -1  -1  -1  -1  -1  -1  -1  -1  -1  -1  -1  -1  -1  -1  -1  -1  -1  -1  75  75  75  -1  -1 
 34  -1  -1  92  92  -1  -1  -1  -1  90  90  -1  -1 105 105  -1  -1 118 112  -1  -1  -1  -1 107 107 107 
 35  -1  -1  -1  -1  -1  -1  -1  -1  -1  -1  -1  -1 119 119 119  -1  -1  -1  -1  -1  -1  -1  -1  -1  -1 
 36 136 136 134 134  -1  -1 151 151 151  -1  -1  -1  -1 149 149  -1  -1  -1 162  -1  -1  -1 156  -1  -1 
 37  -1  -1  -1  -1  -1  -1  -1  -1  -1  -1  -1 163 163 163  -1  -1  -1  -1  -1  -1  -1  -1  -1  -1  -1 
 38 193 193  -1 180 180  -1 178 178 206  -1  -1  -1  -1  -1  -1  -1 195 195 195  -1  -1  -1 200  -1  -1 
 39 207 207 207  -1  -1  -1  -1  -1  -1  -1  -1  -1  -1  -1  -1  -1  -1  -1  -1  -1  -1  -1  -1  -1  -1 
 40  -1 250 222 222  -1  -1  -1  -1  -1  -1  -1  -1 244 224 224  -1  -1 239 239 239  -1  -1 237 237  -1 
 41  -1  -1  -1  -1  -1  -1  -1  -1  -1  -1  -1  -1  -1  -1  -1  -1  -1  -1  -1  -1  -1 251 251 251  -1 
 42  -1  -1  -1 281 281  -1 268 268  -1  -1  -1  -1  -1 266 266  -1 283 283 283  -1  -1  -1 288 294  -1 
 43  -1 295 295 295  -1  -1  -1  -1  -1  -1  -1  -1  -1  -1  -1  -1  -1  -1  -1  -1  -1  -1  -1  -1  -1 
 44  -1 187  -1  -1  99 315  -1  -1   5  -1  -1 273  -1 186  54  -1 309  -1  -1  -1  -1 109  -1  -1 143 
 45  -1  -1  -1  -1  -1  -1  -1   7 182  -1  -1 184  -1 137  -1  -1  -1  -1  -1  -1  -1  -1  -1  -1  -1 
 46  55  -1  11  -1 269  -1 139  95 141 185  -1 142  94  -1 138  -1  -1  -1  -1  -1  -1  -1  -1  -1  -1 
 47  -1  -1  -1  -1  -1  -1  -1  -1  -1 271  -1  -1  -1  -1  -1  -1  -1  65 310  -1  -1  -1 313  -1  -1 
 48  -1  -1 270  -1  -1  -1  -1  -1  -1  -1  -1 231   8  -1  -1 272 241  -1  -1  -1  -1  -1  -1  -1  -1 
 49  -1 227  -1  -1  -1  -1  -1  -1  -1  49  -1  -1  -1  -1  -1  -1  -1  -1  -1  -1 312  -1  -1  -1  -1 
 50  -1  98  -1  -1  -1  -1  -1  -1 229   9  -1   6  -1  -1  -1  -1  -1  -1  -1 316  -1  -1  -1  -1  -1 
 51  -1  -1  -1  -1 140  -1  10  -1  -1  -1  -1  -1 228  -1  -1  -1  -1 308  -1  -1  -1 197 153  53  50 
 52  97  -1  -1  -1  -1  -1  93  -1  -1 225  -1  -1 183  96  -1 230  -1  -1  -1  -1  -1 314  -1  -1 275 
 53  -1  -1  52  -1  -1  -1 226  -1 274  -1 311  -1  -1  51  -1  -1  -1  -1  -1  -1  -1  21 285  -1 181 

r\t   0   1   2   3   4   5   6   7   8   9  10  11  12  13  14  15  16  17  18  19  20  21  22  23  24 
  0 242  -1  -1  -1  -1  -1  -1 296  -1  -1  -1  -1 213 280 280  -1 188  -1 175  -1 257   3  -1  -1  -1 
  1  -1 307  -1  -1  -1  -1  41  -1 282  -1  -1  -1 267  -1  -1  -1  -1  -1  -1  -1  38  -1  -1  -1  -1 
  2  -1 199  -1  13  -1  -1  77  -1  -1 217  -1  -1  -1  -1  -1  -1  80  -1 125  -1  -1  -1  -1  83  -1 
  3  -1 216 110 189  -1  -1 299 122  -1  -1  -1  -1  -1 108  -1  -1  -1  -1  -1  -1  -1  -1  -1  -1  -1 
  4  -1  -1  -1  43  -1  -1  -1  -1  -1  -1  -1  -1 161  -1  -1  -1  -1  -1  69  -1  -1  -1  -1  -1 262 
  5  -1 167 291  -1  -1  -1 278 246  -1  -1  -1 144  -1  -1  -1  -1  25 154  -1  -1  -1  -1  -1  -1  -1 
  6 260 145  -1  91  -1  39  62  -1  -1  42  -1 115  -1  -1  -1  -1  -1  -1  -1  -1  -1  -1  -1  -1  -1 
  7  -1  -1  -1  -1 223  -1  -1  -1 292  -1  -1  -1  -1  -1  -1  -1  -1  -1  -1  -1  -1  23 205  -1  -1 
  8  -1 245 253  59  -1  -1  -1  -1  -1  -1  -1  26 215  -1  -1  -1  -1  -1 204  -1  40  -1  -1  -1  -1 
  9  66  -1  -1  -1 176  -1  -1  87  -1  -1  -1  57 236 236  -1  -1  44  -1 130  -1  -1  -1  -1  -1  -1 
 10  -1 100  -1  -1  -1  -1  -1  -1  -1  -1  -1 290  -1  81  -1  -1  88 234   0  -1  -1  34  -1 171  -1 
 11 150  -1 194 124  -1  -1 103  -1  -1  -1  -1  86  -1 202  -1  -1  -1  -1  -1  37 198  -1 192 192  -1 
 12  -1  -1 243 297  -1  -1  -1  -1  -1  -1  -1 212  -1  -1  -1  -1  -1  -1  -1  -1  -1  -1  -1  32  -1 
 13  -1  56  -1  -1  -1  -1  -1  -1  -1  -1  -1 306 201  -1  -1  -1  -1  -1  -1  -1 170 147  -1 233  -1 
 14  -1  -1  -1 111  -1  -1 191  71  -1  -1  -1 101 102 114 174  -1  -1 196  -1  -1  -1  -1  78 210 106 
 15  -1  73  -1  -1  -1  -1  -1  -1  -1  -1  -1  -1  58  -1  -1  -1  -1  -1 190  -1  -1  -1 120 211  -1 
 16  -1  33  -1  -1  -1 302  -1  -1  -1  -1  -1 166  -1  47  -1 265  -1 104 104  -1  -1  85  -1 219  -1 
 17  -1  14 303  35  -1  -1  -1  -1 165 127  -1  -1 300  -1  -1  -1 158  -1 284  -1  -1  -1  -1  -1  -1 
 18  -1  -1  -1  -1  -1  -1  -1  -1  -1  -1  -1  -1  -1  28  -1 177  -1 135  -1  -1  -1 235  27  -1 214 
 19  -1  -1 117  -1  -1  -1 248  -1 129 131  -1  20 286  84  -1  -1  -1  -1 252  -1  -1  -1  -1  -1  -1 
 20  -1  -1 203  -1  -1 304  -1 159  -1  -1  -1  -1  -1  -1  -1  -1  64  -1  12  -1  -1 128  -1  -1  -1 
 21  -1 208  -1  -1  -1  -1  -1  -1  -1  -1 220  -1  -1 169  -1  -1 146  -1 123  45  -1  -1  -1  -1 238 
 22  -1 179  -1  -1  89  -1  -1  -1 164  -1  -1  -1 173  -1  -1 132 256  70  -1  -1  -1  -1 289  -1  67 
 23  -1  -1  -1 157 259  -1  -1  -1  -1  -1  -1  -1  -1 168  -1  -1  -1  -1  -1  -1  -1  -1  -1 255  -1 
 24  -1  -1  -1  82  -1  -1 155  -1  -1  -1  -1 277  -1  -1  -1  -1 276 160 232  -1  -1  -1  -1 113  -1 
 25 263 261  -1  -1  -1  -1  -1  -1  76 305  -1 301  -1 172   1  -1 121 279 133  -1  -1  -1  -1 264  -1 
 26  -1 293  29 254  -1  -1  -1  -1  -1  -1 126  -1 148 148  -1  -1  -1  -1  -1  -1  -1  -1  -1 298  22 
 27  -1  -1  -1  -1  -1  -1  -1  -1  -1  -1  -1  -1  16  16  -1  -1 209  -1  -1  -1  18  -1  60  60 287 
 28  -1  -1  -1  -1  -1  -1  -1  15  -1  -1  -1  -1  72  79 221  -1 240 116  -1  -1  -1  -1  36  -1  -1 
 29  -1  -1  -1  -1  -1  -1  -1  -1 247  -1  -1  -1  -1  -1  -1  -1 218 249 152  -1 258  -1  -1  -1  -1 
 30  -1  -1  -1   4   4  -1  -1  -1  17  17  -1  -1  24  -1  -1  19  19  19  30  -1  -1  -1   2   2  -1 
 31  -1  -1  -1  -1  -1  -1  31  31  31  -1  -1  -1  -1  -1  -1  -1  -1  -1  -1  -1  -1  -1  -1  -1  -1 
 32  -1  -1  -1  -1  -1  -1  -1  63  63  63  -1  48  48  68  -1  -1  -1  61  61  -1  -1  74  46  46  -1 
 33  -1  -1  75  75  75  -1  -1  -1  -1  -1  -1  -1  -1  -1  -1  -1  -1  -1  -1  -1  -1  -1  -1  -1  -1 
 34  -1 112  -1  -1  -1  -1  -1 105 105  -1  -1  -1 118  92  92  -1  -1  90  90  -1  -1 107 107 107  -1 
 35  -1  -1  -1  -1  -1  -1 119 119 119  -1  -1  -1  -1  -1  -1  -1  -1  -1  -1  -1  -1  -1  -1  -1  -1 
 36  -1  -1 156 134 134  -1 162 151 151 151  -1 136 136  -1  -1  -1  -1  -1  -1  -1  -1  -1 149 149  -1 
 37  -1  -1  -1  -1  -1  -1  -1  -1  -1  -1  -1  -1  -1  -1  -1  -1  -1  -1  -1  -1  -1 163 163 163  -1 
 38  -1  -1  -1 206  -1  -1  -1 193 193  -1 178 178 195 195 195  -1  -1 200 180 180  -1  -1  -1  -1  -1 
 39  -1  -1  -1  -1  -1  -1 207 207 207  -1  -1  -1  -1  -1  -1  -1  -1  -1  -1  -1  -1  -1  -1  -1  -1 
 40  -1  -1  -1  -1  -1 239 239 239  -1  -1 237 237 250 244  -1 224 224  -1 222 222  -1  -1  -1  -1  -1 
 41  -1  -1  -1  -1  -1  -1  -1  -1  -1  -1  -1  -1  -1  -1  -1  -1  -1  -1  -1  -1 251 251 251  -1  -1 
 42 283 283 283 268 268  -1  -1  -1  -1  -1  -1  -1  -1 266 266  -1 294  -1  -1  -1  -1 288 281 281  -1 
 43  -1  -1  -1  -1  -1  -1  -1  -1  -1  -1  -1  -1  -1  -1  -1  -1  -1 295 295 295  -1  -1  -1  -1  -1 
 44  -1  -1  -1 187  -1  -1  -1  -1  -1  -1  -1   6  -1  -1 143  -1 269  -1  -1  -1  -1  -1  -1  -1  -1 
 45  -1 273  -1  -1  -1  -1  -1  -1  -1  -1  -1  -1  94   5  -1  -1  -1 227  -1 140  -1  52 181  -1 314 
 46  -1 225  -1  -1  -1  -1  -1  -1 241  -1  -1  -1  -1  -1  -1  -1  -1  -1  -1  -1  -1  -1  -1  -1  -1 
 47  -1  -1 313  -1  -1  -1  -1  -1  -1  -1   9 228   7  -1  -1  -1  -1 185 272  -1  -1  -1  -1  -1  -1 
 48  -1  95  21  -1  -1  -1  -1 285  -1 316  97  -1  -1 139  -1  -1  -1  -1  53  -1 309 270 275  -1  -1 
 49  -1  -1  -1 231  -1  -1  -1  -1 311  -1  -1  98 229 184  -1  -1  -1  10  -1  11  -1  -1  -1  -1  -1 
 50 312  51 153  -1  -1  -1  -1  -1  -1  -1 271  -1  -1 230  -1  -1  -1  -1  -1  -1  -1  -1 142 226  -1 
 51  -1 141  -1  -1  -1  -1  -1 315  -1  -1  -1  -1  -1  -1  49  55  -1  -1  -1  -1 109 182  -1 186  -1 
 52  -1   8  -1  -1  -1 310  -1  -1  -1  -1  54  -1  -1  65  -1  -1 183  50  -1  -1  -1  96  -1  -1  -1 
 53  -1  -1  -1  -1  -1  -1 308  -1  -1 197 138 274  -1  -1  -1  99 137  -1  -1  93  -1  -1  -1  -1  -1 

r\t   0   1   2   3   4   5   6   7   8   9  10  11  12  13  14  15  16  17  18  19  20  21  22  23  24 
  0  -1  -1 236 236  -1  -1  -1  -1  -1 127  -1 128  -1  -1 176  -1  -1  -1 102  -1  -1   3  -1 147  -1 
  1  -1 205  -1  20 257  -1  -1 209  -1  -1  -1 290 253  82  -1  -1 101 284  -1  -1  -1  -1  -1 267  -1 
  2  -1  43  -1  -1  -1  -1  -1 104 104  -1  -1  -1  -1  -1  -1  -1 170 233  36  -1  -1  -1  -1  -1  -1 
  3  -1  14 302  -1  -1  -1  -1 115  58  -1  -1  -1 111  -1  -1  -1 117 254 201  -1  -1  -1  -1  -1  -1 
  4  -1  -1  -1 146  -1  -1  -1  -1  42  -1  -1  -1  -1  -1  -1  -1 191  -1 234  -1  -1 103  -1  -1  -1 
  5  -1  59  -1  -1  -1  -1  -1  -1  -1  -1  -1 106  -1  -1  -1  -1 160  -1  12  -1  -1  -1  -1  -1  -1 
  6  -1  81  -1  71  -1  -1  66  -1 131 243  -1  18  -1  -1  -1  -1  -1  -1 276  -1  -1  -1  -1 161  -1 
  7  -1  -1 158  -1  -1  -1 175 259  -1 174  -1  -1  -1  -1  -1  -1  -1 108  -1 198  -1 240  -1  -1 220 
  8  -1 133  -1  -1  -1  -1  -1  -1  -1  -1  -1 306  -1 202  -1 177  -1 192 192  -1  -1 291 242  -1 135 
  9  -1  -1  -1  -1  -1  -1  -1  56  -1  -1  -1  -1  -1  -1  -1  -1   1  27 249 173  -1 113  -1  -1  -1 
 10  -1 215  -1  -1 223  -1  -1  -1 166  -1  -1  67  -1  -1  -1  -1 278  -1  -1  -1  -1  -1  -1  -1  -1 
 11  -1  -1 279  -1  -1  -1  -1  -1 304  -1  -1  -1  -1 123  -1  -1  -1  -1  -1  -1 305  -1  -1 247  -1 
 12  -1  -1  32  -1  -1  85  -1  -1  -1  -1  -1 172  -1  -1 213  -1  -1  -1  -1  -1  -1 189  -1  -1  -1 
 13  -1 298 252  -1  -1  -1 167  -1  37  -1  -1  -1 164  -1  -1  -1  -1  -1  -1 154  -1  57  -1  -1  -1 
 14  -1 179  -1  -1 258  -1 286  -1  41  -1  -1 245  -1  -1  -1  -1  62  -1 130  -1  -1  28  -1  64  -1 
 15 150 214  -1  -1  -1  -1 110 299  -1 129  -1 216  -1  -1  -1  91  -1  -1  -1  -1  -1  -1  -1 287  -1 
 16  -1 218  -1 289  -1  -1  -1 125 296  -1  -1  73 282  86  -1  -1  47  -1  76  -1  -1 211  -1  -1  -1 
 17  -1  87  -1  -1  40  -1  -1 144  -1  -1  -1  -1  -1  -1  -1  -1  70 124 132  -1  -1 221 292  -1  -1 
 18  -1  -1  38 159 260  -1  -1  44   0  -1  -1  -1  -1  -1  -1  -1  -1 204  -1  -1  -1  -1  -1 208  -1 
 19  -1  -1  72  25  -1 169  -1  -1  -1  -1  -1  -1 121 100  -1  -1 235  -1  -1  -1  -1  -1  -1  -1 155 
 20  -1  -1  -1  -1  -1  -1  -1 280 280  -1  -1  -1  -1  -1  -1  -1  -1  -1 168  -1  45  -1  -1 196  -1 
 21  -1 256 145  -1  -1  -1  79  -1  69  -1  -1  -1 203  -1  -1  -1 246  -1  -1  -1  -1  -1  -1 232  -1 
 22  -1  -1  13  39  -1  -1 301 157 255  -1  -1  -1  -1  34  -1  -1 300 293  -1  -1  -1  -1  -1  -1  -1 
 23  -1 277  -1  -1  -1  -1  23  -1 262  -1  -1  -1  -1 248  -1  -1  84  15  -1  -1  -1  -1  -1  -1  -1 
 24  -1 122  -1  -1  -1  -1 217  -1  -1  -1  -1  -1  -1  -1  -1  -1  -1 219  -1  -1  -1  -1  -1 297  -1 
 25  -1  -1 126  77  -1  -1 194  29  -1  -1  -1 116  -1  -1  -1 265 212  80  -1  22  -1 210 152 303  -1 
 26  -1  -1  -1 307  -1 263  35 171 114  -1  -1  26  16  16  -1  -1  -1  89  -1  -1  -1  88  -1  -1  -1 
 27  -1  -1  -1  -1  83  -1  -1 264 190  -1  -1 261 165  -1  -1  -1  -1 148 148  -1  -1  -1  -1 120  -1 
 28  -1  -1  60  60  -1  -1  -1 188  -1  -1  -1  -1  -1  -1  -1  -1  -1  -1  33  -1  -1  -1 199  78  -1 
 29  -1  -1  -1  -1 238  -1  -1  -1  -1  -1  -1  -1  -1  -1  -1  -1  -1  -1  -1  -1  -1  -1  -1  -1  -1 
 30  -1  24   4   4  -1  -1  -1  19  19  19  -1  -1  30   2   2  -1  -1  -1  -1  -1  -1  -1  -1  17  17 
 31  -1  -1  -1  -1  -1  -1  -1  -1  -1  -1  -1  -1  -1  -1  -1  -1  -1  -1  -1  -1  -1  -1  31  31  31 
 32  -1  48  48  46  46  -1  -1  68  -1  -1  -1  -1  61  61  -1  -1  -1  63  63  63  -1  74  -1  -1  -1 
 33  -1  -1  -1  -1  -1  -1  -1  -1  -1  -1  -1  -1  75  75  75  -1  -1  -1  -1  -1  -1  -1  -1  -1  -1 
 34  -1  -1 105 105  -1  -1 118  90  90  -1  -1  -1  -1  92  92  -1  -1  -1 112  -1  -1  -1 107 107 107 
 35  -1  -1 119 119 119  -1  -1  -1  -1  -1  -1  -1  -1  -1  -1  -1  -1  -1  -1  -1  -1  -1  -1  -1  -1 
 36  -1  -1 134 134  -1 149 149 136 136  -1 151 151 151 162  -1  -1  -1 156  -1  -1  -1  -1  -1  -1  -1 
 37  -1  -1  -1  -1  -1  -1  -1  -1  -1  -1  -1  -1  -1  -1  -1  -1  -1  -1  -1  -1 163 163 163  -1  -1 
 38  -1  -1 193 193  -1  -1 200  -1 206  -1 195 195 195  -1  -1  -1  -1 178 178  -1 180 180  -1  -1  -1 
 39  -1  -1 207 207 207  -1  -1  -1  -1  -1  -1  -1  -1  -1  -1  -1  -1  -1  -1  -1  -1  -1  -1  -1  -1 
 40  -1 222 222 250  -1  -1  -1 237 237  -1  -1 239 239 239  -1  -1 224 224  -1  -1  -1  -1 244  -1  -1 
 41  -1  -1  -1  -1  -1 251 251 251  -1  -1  -1  -1  -1  -1  -1  -1  -1  -1  -1  -1  -1  -1  -1  -1  -1 
 42  -1  -1  -1  -1  -1  -1 288  -1  -1  -1 281 281 294 266 266  -1  -1 268 268  -1 283 283 283  -1  -1 
 43  -1  -1 295 295 295  -1  -1  -1  -1  -1  -1  -1  -1  -1  -1  -1  -1  -1  -1  -1  -1  -1  -1  -1  -1 
 44  -1  96 187  -1 143  -1 308  -1 273  -1 241  -1  -1  -1  -1 138 186  51  -1  -1  -1  21  -1  -1  -1 
 45  -1  -1  98  -1  -1  -1  -1  -1  -1  -1  -1  -1  -1 184 140  -1  99  10  -1  -1  -1  52  -1  49  -1 
 46  -1 275  -1 225  -1  -1  -1  -1  55 309  -1  -1  -1  53 230  -1  -1  -1  -1  -1  -1  -1  -1  -1  -1 
 47 312  -1  -1  95  -1  -1  -1  -1 226  -1  -1  -1  -1  -1  -1  -1 271  -1   6  -1 229  -1  -1  -1  -1 
 48  -1  -1  -1  -1  -1  -1  -1  -1  -1 153  -1  -1  -1  -1  -1  -1  -1  -1  -1 311  -1  -1 315 183 185 
 49  -1  -1  -1  -1  -1  -1  -1  -1  -1  -1  -1  -1  -1  -1  -1 228  -1  -1 231  -1   7  -1  65  -1  54 
 50  -1  11 270 274  -1  -1  -1  -1  -1  -1  -1  -1  -1 142  -1  50  -1 139  -1  -1  -1  -1  -1 227  -1 
 51  -1  -1  -1  -1  -1 310  -1   5  -1  -1 316 314  -1  -1  -1  -1  -1  -1  -1  -1  -1  -1  -1 141  -1 
 52 285 197  -1  -1  -1  -1  -1  -1 182  -1  -1  -1 313  -1  -1  -1 137  -1  -1  -1  -1  -1  -1  93 269 
 53 109  -1  -1  -1   9  -1  -1 181  -1  -1  -1  -1  -1  -1  -1   8  -1  -1  94  -1  97 272  -1  -1  -1 

r\t   0   1   2   3   4   5   6   7   8   9  10  11  12  13  14  15  16  17  18  19  20  21  22  23  24 
  0  -1  -1 113  -1  -1  -1 190 205  -1  -1  -1  -1  58  -1  -1  -1  -1 213 199  -1  -1  -1  -1  -1 174 
  1  -1  39  -1  -1  -1  -1  -1  -1  -1  -1  -1  47  -1 233  -1  -1  -1  -1  -1  -1  -1 155  -1  -1  -1 
  2  -1 255 189  -1  -1  -1  -1  80 211  -1  -1  -1  -1 188   1  -1 243  -1  -1  -1  -1  -1  -1  -1  -1 
  3  -1  -1  -1 120  -1  -1  -1 150 167  -1  -1  -1  -1 115  -1  60  60  -1 161  -1  -1 287  -1  -1  -1 
  4  -1  -1  -1  -1  -1  -1  -1  -1  70  38  -1  -1  -1  -1  -1  -1  26 240  -1  -1  -1  -1  71 264  -1 
  5  -1  -1 284 290  -1  -1  -1  -1  -1  -1  -1 212 267  -1  -1  -1  -1 133 110  84  -1  -1  -1  -1  -1 
  6  -1  -1  -1  -1  -1  -1  -1 214 235  -1  -1  -1 289 201  -1  -1  -1  -1  -1  -1  -1  -1  -1  33  -1 
  7  -1  -1 209  -1  -1  -1 242  59 210  -1  -1  -1  -1 144  -1  -1  -1  -1  -1  -1  -1  -1 245  -1  -1 
  8  -1  -1  -1  -1  -1 176 299 192 192  -1  -1  -1  -1  -1  -1  -1 303  -1  -1  -1  -1  -1 191 101  -1 
  9  -1 203  -1  -1  -1 258  -1  -1  -1  -1  -1  -1  -1 278  -1  -1  -1  -1  -1  -1  -1  -1  -1  -1  -1 
 10 265 300  14  -1  -1 220  -1 102  45  -1  -1  29 302 164  -1 130  -1  -1  -1  -1  -1  -1 122  85  -1 
 11  -1  25  -1  -1  -1  -1  76 248 292  -1  -1  -1 114  -1  -1  -1 117 168  22  -1  -1  -1  -1 257  -1 
 12  -1 147  -1  -1  -1  -1  28 296  -1  91  -1 196  16  16  -1  -1  43  -1  -1  -1  -1  -1  -1  -1  -1 
 13  -1  -1  -1  -1  -1  -1  -1  -1 128  -1  -1 158  -1  -1  -1  -1  -1  15  -1  -1  -1  -1  -1  12  -1 
 14  -1 276  -1  18  -1  -1  -1  -1  -1  -1  -1  -1  69  -1  -1  -1  -1  -1  -1  -1  -1  -1  -1  -1  -1 
 15  -1  -1  -1  -1  -1  -1  -1 215  -1  -1 177  13 202  79  -1  -1  -1  -1  -1 217  -1  -1  -1  72  -1 
 16  -1  -1  -1 252  -1  -1 157  -1  -1  -1  -1  -1 159  81  -1  -1  -1 208  -1  -1  -1  -1  36  -1 306 
 17 173  41  -1  -1  83  -1 223 123 108  -1  -1 246  -1  -1  -1  -1  -1  -1  -1  -1  -1  -1  -1  -1  -1 
 18  40  -1  -1  -1  67  -1  56 135 121  -1  -1  -1 286  -1 221  -1  -1  -1  -1  -1  62  -1  -1  -1 219 
 19  -1  -1  -1  -1  -1 307  -1  -1 171  -1  -1  89  -1  -1  -1  -1 256  -1  78  -1  -1  -1  -1 293  -1 
 20  -1  -1  -1  -1  -1  -1  -1  -1 145  -1  -1 124  -1  57  -1  -1  -1  -1  -1  -1  37  -1  -1 232  -1 
 21  -1  -1 216  -1  -1  -1  -1 234  -1  -1  -1  73  -1 247  -1  -1 204 100  -1  -1 262  -1  -1  -1  -1 
 22  -1  -1  82  -1  -1  -1 279 218  64  -1  -1  -1  -1  -1  -1  -1  -1 261 305  -1  -1  -1 175  -1  -1 
 23 259   3  32  -1  -1  -1 116  -1 129  -1 131  -1  -1  87  -1  -1 166  -1 154  -1  -1  -1 291  -1  42 
 24  -1 179  -1  -1  -1  -1  -1  20  -1  -1  -1  -1  -1  -1 198  -1  -1  -1  -1  -1  -1  -1 260 169  -1 
 25  -1 103  -1 238  -1 106 249 172  -1  -1  -1  -1  44 298  -1  -1  -1 152  -1  -1  -1  -1 148 148  -1 
 26 236 236 125  -1  -1  -1  -1  -1 254  -1  -1 304  -1  -1  -1  -1  -1  -1  -1  -1  -1  77  -1  -1  -1 
 27  -1  88  -1 263 127  -1  -1 280 280  -1  -1  -1  -1  35 132  -1  -1   0 282  -1 301 253  27 126  -1 
 28  -1  -1  -1  86  -1  -1 146  -1  -1  -1  -1 277 104 104  -1  -1  23  -1  66  -1  -1 297 165 160  -1 
 29  -1  -1  -1 194  -1  -1  -1  -1  -1  -1  -1  -1  -1  -1  -1  -1 111  -1  34  -1  -1  -1 170  -1  -1 
 30  -1  -1  -1  24  -1   2   2  -1  17  17  -1  -1   4   4  -1  -1  -1  30  -1  -1  19  19  19  -1  -1 
 31  -1  -1  -1  -1  -1  -1  -1  31  31  31  -1  -1  -1  -1  -1  -1  -1  -1  -1  -1  -1  -1  -1  -1  -1 
 32  -1  -1  61  61  -1  -1  48  48  -1  -1  -1  -1  -1  46  46  -1  68  74  -1  -1  -1  63  63  63  -1 
 33  -1  75  75  75  -1  -1  -1  -1  -1  -1  -1  -1  -1  -1  -1  -1  -1  -1  -1  -1  -1  -1  -1  -1  -1 
 34  -1  -1 107 107 107  -1  -1  90  90  -1  -1  -1  92  92  -1  -1  -1 112 118  -1 105 105  -1  -1  -1 
 35  -1  -1  -1  -1  -1  -1  -1  -1  -1  -1  -1  -1  -1  -1  -1  -1  -1  -1  -1  -1 119 119 119  -1  -1 
 36  -1  -1 149 149  -1 136 136 156  -1  -1 151 151 151  -1  -1  -1  -1  -1  -1  -1  -1 162  -1 134 134 
 37  -1 163 163 163  -1  -1  -1  -1  -1  -1  -1  -1  -1  -1  -1  -1  -1  -1  -1  -1  -1  -1  -1  -1  -1 
 38  -1  -1  -1 200  -1  -1 178 178  -1  -1  -1  -1 180 180  -1 195 195 195 206  -1 193 193  -1  -1  -1 
 39  -1  -1  -1  -1  -1  -1  -1  -1  -1  -1  -1  -1  -1  -1  -1  -1  -1  -1  -1  -1  -1 207 207 207  -1 
 40 224 224 244  -1  -1  -1  -1  -1 222 222 237 237  -1  -1  -1  -1  -1  -1  -1  -1 239 239 239 250  -1 
 41  -1  -1  -1  -1  -1  -1  -1  -1  -1  -1  -1  -1  -1  -1  -1  -1  -1 251 251 251  -1  -1  -1  -1  -1 
 42  -1  -1  -1  -1  -1 266 266 268 268  -1  -1 288  -1  -1  -1 281 281  -1 294  -1  -1  -1 283 283 283 
 43  -1  -1  -1  -1  -1  -1  -1  -1  -1  -1  -1  -1  -1  -1  -1 295 295 295  -1  -1  -1  -1  -1  -1  -1 
 44  -1 197  -1  -1 309  -1  -1  -1  -1  -1 271 269  -1 227  -1  -1  -1  -1  -1  -1  -1  -1  -1  -1 183 
 45  -1  -1 231  -1  -1  -1  -1 225  -1  -1  -1 229  -1  -1  -1  -1  -1  -1  -1 312  -1  -1  -1  -1  97 
 46  94  -1  52  -1  -1  -1  -1  -1  -1  -1  -1  -1  -1  -1  98  -1  -1  -1  -1  -1  -1  -1  -1  -1  -1 
 47  50 270  -1  -1  -1  -1  -1  -1  -1  -1  -1  -1 142  -1  -1  -1  -1 182  -1  -1  -1  -1  -1  -1 230 
 48  11  -1   7 315  -1  -1  -1  -1  -1 274 228  -1  -1  -1  -1  -1 313  -1  -1  -1  -1  -1  -1  10   5 
 49  -1  -1 137  -1  -1  -1  -1  -1  -1  -1   9 187  -1  -1  -1  -1  -1  96  -1  -1  -1  -1  -1  -1  -1 
 50  -1 139  -1  -1  -1  55  99  -1  -1 143  95  -1 241  -1 275  -1 153  51  -1  -1  -1 308 311  -1  -1 
 51 138  21  -1  -1  -1  -1  -1   6  -1  54  -1   8  -1  -1  -1  -1  -1  -1  -1  -1  -1  -1  -1 226  -1 
 52  -1  -1 184  -1  -1  -1  -1  -1 181 185  49  -1  -1 141  -1 316  -1  -1 314  -1  -1  -1  -1  93  53 
 53 186  -1 273 285  -1  -1  -1  -1 140 109  -1  65  -1 272  -1  -1  -1  -1  -1  -1 310  -1  -1  -1  -1 

r\t   0   1   2   3   4   5   6   7   8   9  10  11  12  13  14  15  16  17  18  19  20  21  22  23  24 
  0 265  -1  -1  -1 173  -1  -1 291  -1  -1  -1  -1  -1 290  -1  -1  -1  -1  -1  -1  -1  -1  -1 201  -1 
  1  -1 240 179  -1  -1 198 245  -1   3  -1  -1  -1 103 302  -1  -1  -1 284  -1  -1  -1  -1  -1  -1  -1 
  2  -1 166 194  -1  -1  -1  -1  -1  -1  -1  -1  -1 249  -1  -1 261  64  -1 298  -1  -1  -1  -1  -1  -1 
  3  -1 147  -1  70  -1  -1  -1 236 236  -1  -1  -1  -1  -1  -1  -1  -1 234  -1  -1  -1  -1  -1  -1 125 
  4 129  -1  -1  -1  -1  -1  -1  84  -1  -1  -1  -1 155 256 215  -1  -1 211 233 218  -1 159 292  67  -1 
  5  -1 121  -1  -1  -1  62 133  -1 146  -1  -1  86  -1 301  -1  -1  13  -1  -1  -1  -1  -1  -1 242  -1 
  6  -1  -1  -1 116  -1  -1  -1  41  -1  -1  -1  -1  -1  -1  -1  -1 279 158  -1  -1 106 126  71  -1  83 
  7  -1  -1  -1  -1  -1  -1 297 217  -1  -1  -1  20 303 145  -1  -1  -1  -1 208 220  -1  -1 247 248  -1 
  8  -1  69  57  -1  -1  18  -1  56  -1  -1  -1  -1  -1  -1   1  -1 108  -1 307  -1  -1  77  -1  -1  -1 
  9  -1 293  80  -1  -1  -1  42 135 254  -1  -1  66  -1  -1  -1  -1  89  -1  -1  -1  -1  -1  -1  -1  -1 
 10  -1  12 203  -1  -1  -1  -1  -1  -1  -1  -1  -1 130  -1 132  -1 235  -1  -1  -1  -1 264  -1  -1  -1 
 11  -1  -1  -1  -1  -1  -1  -1  32  -1  -1  -1  -1  -1  -1  -1  -1 289  -1  -1  -1  -1 144  -1  -1  -1 
 12  -1 255  36 202  -1  -1  -1 219  -1  -1  81  -1  -1 267  -1  -1  -1  -1  -1  -1  -1 114  -1  -1  -1 
 13  -1   0 128  -1 287  -1  72  79  38  -1  -1  -1  -1  78  -1  -1  -1  -1  26  -1  -1  39  -1 115 238 
 14  -1  -1  -1  -1  -1  -1 152 120  87  -1  -1 252 122  -1  -1  -1  -1  -1  -1  -1  -1  -1 111 296  -1 
 15  -1  -1  33  -1  -1  -1  -1  -1  -1  -1  -1  -1  -1  -1  -1  -1  -1  37  -1  -1  -1  -1  -1  29  -1 
 16  -1 189  -1  -1  -1  -1  -1 253  -1  -1  -1 286  -1  -1  -1  -1  -1 117 160  -1  -1  -1  -1  76  -1 
 17  -1  -1 258  -1  -1  -1  40  -1  25  -1  -1  -1  -1  -1  -1 223  -1 188 263  -1  -1  -1 243  -1 175 
 18  -1  -1 123 177  -1  -1  -1  -1  -1  -1  -1  -1  -1  -1  -1  -1  -1  -1  -1  -1 216  91 277  -1  -1 
 19 176  -1 104 104 199  -1  14  -1 157  -1  -1  -1 257 164  -1  -1  -1  -1  -1  -1  -1 299  -1  -1  -1 
 20  -1  -1  -1  -1  -1  -1 168 192 192  -1  -1 165 262  47  -1  -1  34  -1 276  -1  -1  15  -1  -1  -1 
 21  -1  -1  -1  -1  -1  -1 174  -1 100  88  -1  -1  -1  -1  -1  -1  -1 101  -1  -1  -1 110  -1  -1  -1 
 22  -1  59  -1  45  -1  -1  -1  -1  -1  -1  -1 170  -1  -1  -1  -1  -1  -1  -1  -1  -1 278  -1  22  -1 
 23  -1  -1 148 148  -1  -1 113  -1  -1  -1  -1  -1  60  60  -1  -1  -1  -1  73  -1  -1 221  -1  -1  -1 
 24  -1  -1  -1  -1  -1  -1 232  -1  58  -1  82  85  -1 214  -1  -1 190  -1 196  -1  -1  44  23  -1  -1 
 25  -1  -1  -1  -1  -1  -1  -1  -1  -1  -1  -1  -1  -1  -1 169  -1  -1 210 172  -1  -1  -1  -1 282  -1 
 26  -1 171  -1  -1  -1  -1 131 209  -1  -1 213 150  -1  -1  -1  -1 259  -1  -1  -1  -1 212  -1  -1  -1 
 27  -1  -1 280 280  -1  -1  -1 154  -1  -1  -1  -1  -1 127 304  -1 205  -1 102  -1  -1  35 204  -1  -1 
 28  -1  27 300 161  -1  -1  -1  -1  -1  -1 306 191  -1  -1  -1 305 124  -1  -1  -1  -1  -1  -1  -1  -1 
 29  -1  -1 167  -1  -1  -1  -1  -1  -1  -1  -1  -1  -1  28  -1 260  -1  16  16  -1  -1 246  -1  -1  43 
 30  -1  -1  19  19  19  -1  24  -1  -1  -1  -1  -1  17  17  -1   4   4  30   2   2  -1  -1  -1  -1  -1 
 31  -1  -1  -1  -1  -1  -1  -1  -1  -1  -1  31  31  31  -1  -1  -1  -1  -1  -1  -1  -1  -1  -1  -1  -1 
 32  -1  46  46  -1  -1  -1  48  48  68  -1  -1  74  -1  -1  -1  -1  -1  61  61  -1  63  63  63  -1  -1 
 33  -1  -1  -1  -1  -1  -1  -1  -1  -1  -1  -1  -1  -1  -1  -1  75  75  75  -1  -1  -1  -1  -1  -1  -1 
 34  -1  -1  92  92  -1 107 107 107  -1  -1 105 105  -1  90  90  -1  -1  -1 112  -1  -1  -1 118  -1  -1 
 35  -1  -1  -1  -1  -1  -1  -1  -1  -1  -1 119 119 119  -1  -1  -1  -1  -1  -1  -1  -1  -1  -1  -1  -1 
 36  -1  -1 134 134  -1  -1  -1 156 136 136  -1  -1 162  -1  -1  -1  -1 151 151 151  -1  -1  -1 149 149 
 37  -1  -1  -1  -1  -1  -1  -1  -1  -1  -1  -1  -1  -1  -1  -1  -1  -1  -1  -1  -1  -1  -1 163 163 163 
 38  -1  -1  -1  -1  -1  -1 206  -1 200  -1  -1  -1  -1 193 193 178 178 180 180  -1  -1  -1 195 195 195 
 39  -1  -1  -1  -1  -1  -1  -1  -1  -1  -1  -1 207 207 207  -1  -1  -1  -1  -1  -1  -1  -1  -1  -1  -1 
 40  -1  -1 237 237  -1  -1  -1 224 224  -1 239 239 239 222 222  -1 250  -1 244  -1  -1  -1  -1  -1  -1 
 41  -1  -1 251 251 251  -1  -1  -1  -1  -1  -1  -1  -1  -1  -1  -1  -1  -1  -1  -1  -1  -1  -1  -1  -1 
 42  -1  -1 268 268  -1  -1 283 283 283  -1  -1 288 294 281 281  -1  -1  -1 266 266  -1  -1  -1  -1  -1 
 43  -1  -1  -1  -1  -1  -1  -1  -1  -1  -1  -1  -1  -1  -1  -1 295 295 295  -1  -1  -1  -1  -1  -1  -1 
 44  -1 138  -1  -1  -1  -1  -1  -1  21 228 309  -1 311  -1  -1  -1  -1 229  52 185 153  -1  -1  -1  -1 
 45  -1 226  -1  -1  -1  -1 272 270  -1  -1  -1  -1  -1  -1  -1  97  -1  -1  -1  -1  -1 182  -1  -1  -1 
 46  -1  -1  -1  -1  -1  -1  -1   7  -1  -1  -1  -1  -1  -1  50 140  -1  -1  -1  49  -1  -1  -1  -1  -1 
 47  -1  -1  -1  -1  -1  -1 231  -1 184  -1  -1  -1  -1  10  -1  -1  -1 273 227  -1  -1   8  -1  -1  -1 
 48  98  -1  -1  -1  -1  -1   6 181  96  -1  -1  -1  -1 142 187  -1  -1  -1  93  -1  -1 141  -1 109  -1 
 49  -1 271  -1  -1 310  -1  -1  -1  -1   9 197  -1 285  -1 275 241  -1  11  -1  -1  -1  -1  -1  -1  -1 
 50 230 186  -1  -1  -1  -1 183  -1  -1 269  -1  -1  -1  -1  -1  -1 139  -1  -1  -1  -1  -1  -1  -1 316 
 51 143  94  -1  -1  65  -1  -1  -1  51  54  -1  -1  -1  -1  -1  -1  53  95  -1  99  -1  -1  -1  -1  -1 
 52   5  -1  -1  -1  -1  -1  -1  -1  -1  -1  -1  -1  -1  -1  -1  -1 274  -1 137  -1 312  -1 313  -1  -1 
 53  55  -1  -1  -1  -1 315  -1  -1  -1  -1  -1 308  -1  -1  -1  -1 225  -1  -1  -1  -1  -1  -1 314  -1 

r\t   0   1   2   3   4   5   6   7   8   9  10  11  12  13  14  15  16  17  18  19  20  21  22  23  24 
  0  -1  88  34  37  -1  -1  -1 279  -1  -1  -1  -1  -1  -1  -1 176  -1  -1 116 199  -1  -1 189  -1  -1 
  1  -1  -1  -1  66  -1  -1  -1  -1 135  -1  -1  -1  -1  -1 303  -1  -1  -1  -1  -1  -1  -1  -1  -1  -1 
  2  -1 205  -1 238  -1 198  -1 208  -1 129  -1 172  -1 201  -1  -1  -1 123 263  -1  -1  -1 211  -1  -1 
  3  -1  -1  -1  -1  -1  81  -1  -1 289  -1  -1  -1 245  -1  -1  -1  -1  33  -1  -1  -1  -1  -1  13  -1 
  4  -1  -1  47 219  -1  -1  -1  -1  14  -1  -1 212  -1  -1  -1  -1 235 278  27  -1  -1  20  -1  -1  -1 
  5  -1  -1  -1  -1  -1  91  15  -1  -1 220  -1 293 209 215  -1 148 148  -1  -1  -1  -1 108  26 296  -1 
  6  67  -1  38  -1  -1  -1  -1  -1 258  -1  -1  -1  -1 158  -1  -1  -1 167  -1  -1  -1  -1  -1  -1 306 
  7  -1 218 286  -1  -1  -1  -1 192 192  -1  -1  -1  -1  -1  -1  -1  69  -1  -1  -1  -1  56  -1  -1  -1 
  8  -1  -1  -1  -1  -1  -1  25 254  -1  -1  -1  -1  -1  -1 304  -1  -1 234 190  -1  -1  -1  -1  -1  -1 
  9  -1  -1  -1  -1  -1  -1  -1 133 204  -1  -1  -1  -1  -1  -1  -1  -1   0  -1  -1  -1  -1  -1 160  -1 
 10  -1  -1  -1  -1  -1  -1 249 152  -1 305  41  -1  -1  -1  -1  -1 202 104 104  -1  -1 210  -1 100  -1 
 11  -1  -1  -1  -1  -1  -1  -1  -1  -1  -1  -1  -1  -1  -1  -1  -1 284 261  -1  -1  -1 213  85  -1  -1 
 12  -1  -1 267  18  -1  -1  -1  -1  32  -1  -1  -1  -1  62  -1  -1  -1  -1  -1  -1  -1 144  -1  -1  -1 
 13  -1  -1 175  -1  -1  83 146  -1  -1  -1  -1  -1 262  -1  -1  -1  59  -1 300  -1  -1 188  -1  -1  -1 
 14  -1  -1 147  -1  43  -1  -1  -1  40  -1  -1  -1  -1  -1  89  -1  -1  -1  -1  -1  -1  -1  -1  -1  42 
 15  -1  -1  -1  35 150  -1  -1  -1 124  -1  -1  -1  -1  -1  -1  -1  -1  -1 277 242  -1  -1 122  -1  -1 
 16  -1 120  -1 155  -1  -1 101  -1  -1  -1  -1  -1  -1 287  -1  -1  -1  58  70  -1  -1  -1  -1 145 221 
 17 302  -1  -1  -1  -1  -1 233  -1  -1  -1  -1  -1  -1  -1  -1  -1  -1  -1  -1  -1  -1  -1  -1 256  -1 
 18  -1  -1 252  -1  -1  -1  -1  -1  -1  -1  -1  71 291  -1 264 265 157  -1  -1  -1  -1 240 280 280  -1 
 19  16  16  -1 128  -1  -1  -1  -1  -1  -1  -1  -1  -1 253  -1  -1  -1  36  23  -1  -1  -1  44 301  -1 
 20  -1 276 131  -1  -1  -1  -1  12  -1  -1  -1 159  -1  -1  -1  -1  28  -1   3  -1 282 126  -1  -1  -1 
 21 236 236  -1 113 307 260  -1  64  -1  -1  -1 102  76  -1  -1  -1 130 196  -1  -1  84 299  -1  -1   1 
 22  -1  29 223  -1  -1  -1  -1  -1  -1 214  -1  -1 115  -1 173  -1  -1 247  57 125  -1  -1 292  72  -1 
 23  -1 255 127  -1  -1  -1  -1  -1  73  -1  -1  -1 164  -1  -1  -1  -1 177  -1  -1  -1  -1 165  -1  -1 
 24  -1 169 217 161  -1  -1  -1  -1  -1  -1  -1  -1 111  -1  -1  -1 290  -1  -1 110  -1  -1 103 194  -1 
 25  -1  -1 243  -1  -1  -1  -1 117 246  -1  -1 114  -1  -1  -1  -1 121  80  -1  -1  -1  -1  86  -1  -1 
 26  -1 191 298  -1 106  -1  -1  -1  -1  -1  -1  -1  -1 297  -1  -1 248  -1 166  -1  -1  87 174 179  -1 
 27  39  -1  78 171  -1  -1  -1  -1 154 132  22  -1  -1  77  -1  -1  -1  -1  -1  -1  -1  -1  -1 232  -1 
 28 170  -1  -1  -1  -1  -1 257  -1  82  -1  -1  -1  -1  -1  -1  -1  -1  -1  -1  -1  -1  79  60  60  -1 
 29  -1  -1  -1  -1  -1  -1  -1 259 168  -1  -1  -1  -1  -1  -1  45  -1  -1 203  -1  -1  -1  -1  -1 216 
 30  -1  -1  -1  -1  -1  -1  -1  24   4   4  -1  -1  17  17  -1  19  19  19  -1  -1  -1   2   2  30  -1 
 31  -1  -1  -1  -1  -1  -1  -1  -1  -1  -1  -1  31  31  31  -1  -1  -1  -1  -1  -1  -1  -1  -1  -1  -1 
 32  -1  -1  -1  74  -1  61  61  -1  48  48  63  63  63  -1  -1  -1  46  46  -1  -1  -1  -1  68  -1  -1 
 33  -1  -1  -1  -1  -1  75  75  75  -1  -1  -1  -1  -1  -1  -1  -1  -1  -1  -1  -1  -1  -1  -1  -1  -1 
 34  -1 107 107 107  -1  -1 112 105 105  -1  -1  -1  -1 118  -1  92  92  -1  -1  -1  -1  -1  -1  90  90 
 35  -1  -1  -1  -1  -1  -1  -1  -1  -1  -1  -1  -1  -1  -1  -1  -1  -1  -1  -1  -1 119 119 119  -1  -1 
 36  -1  -1  -1  -1  -1  -1 156  -1  -1  -1  -1 151 151 151  -1  -1 136 136 149 149  -1 162 134 134  -1 
 37 163 163 163  -1  -1  -1  -1  -1  -1  -1  -1  -1  -1  -1  -1  -1  -1  -1  -1  -1  -1  -1  -1  -1  -1 
 38  -1  -1 193 193  -1  -1 206  -1 178 178  -1 195 195 195  -1  -1  -1  -1  -1  -1  -1 180 180 200  -1 
 39  -1  -1 207 207 207  -1  -1  -1  -1  -1  -1  -1  -1  -1  -1  -1  -1  -1  -1  -1  -1  -1  -1  -1  -1 
 40  -1  -1  -1  -1  -1 222 222  -1 237 237  -1 250 239 239 239  -1 224 224 244  -1  -1  -1  -1  -1  -1 
 41  -1  -1  -1  -1  -1  -1  -1  -1  -1  -1  -1  -1  -1  -1  -1  -1  -1  -1  -1  -1 251 251 251  -1  -1 
 42  -1 288  -1 294  -1 281 281  -1  -1  -1 283 283 283  -1  -1  -1  -1 266 266  -1  -1  -1  -1 268 268 
 43  -1  -1  -1  -1  -1  -1 295 295 295  -1  -1  -1  -1  -1  -1  -1  -1  -1  -1  -1  -1  -1  -1  -1  -1 
 44  -1  -1  -1 285  -1 143  11 181  -1  -1  -1 241  -1  -1  -1  -1  -1  -1  49  -1 153  -1  -1  -1  55 
 45 310  -1   5  -1  -1 273  -1  10 227  -1  -1  -1  -1  -1  -1 138  -1  -1 141  -1  -1  -1 229  -1 140 
 46  -1  -1  -1 311  -1  -1  93  -1  -1  -1  -1  -1  -1  -1 183  -1  -1  -1  94  -1  -1  -1  -1  -1 185 
 47  -1  52  -1  -1  -1   9  -1  -1  99  97  -1  -1  -1 109  54  -1  -1  -1 231  -1  -1  -1  -1  51  -1 
 48  -1 182  65  -1  -1  -1 137  -1  -1  -1 316  -1  -1  -1  -1  -1 187  -1  -1 312 315  50  -1  -1  -1 
 49 197  -1  -1  -1  -1  -1  -1  -1  -1 269  -1  -1  -1  -1 142 228  -1  -1  -1  -1  -1 139 270  -1  -1 
 50  -1 275  -1  -1  -1  -1  -1  53  -1  -1  -1 313  -1  -1  -1  -1  -1  98  -1  -1  -1 274  -1  -1  -1 
 51  -1 230  96  -1  -1  -1 186 272  -1  -1  -1  -1  -1  -1  -1  -1  -1  -1  -1  -1  21  -1  -1   6  -1 
 52  -1   7  -1  -1 309  -1  -1  95  -1  -1  -1  -1 314 308  -1  -1 271  -1  -1  -1  -1  -1  -1  -1  -1 
 53  -1  -1  -1  -1  -1  -1  -1 225  -1  -1  -1  -1  -1  -1   8  -1  -1  -1 184  -1  -1  -1  -1 226  -1 

r\t   0   1   2   3   4   5   6   7   8   9  10  11  12  13  14  15  16  17  18  19  20  21  22  23  24 
  0  -1 276 236 236  -1  -1 154  -1  -1 175  -1  -1  -1  -1  -1  -1  29  -1 196  -1  -1  -1  -1  -1  -1 
  1  -1 169  73  -1  -1  -1  -1  -1  64  -1  -1 282  -1  45  -1  -1 286  -1 233  -1  81  -1  -1  -1  -1 
  2  -1  86  -1  59  -1  -1 123  -1  -1  -1  -1  12 212  -1  -1  -1 261  -1  -1  -1  -1  -1  -1  -1  -1 
  3  -1  -1  56  -1  -1  -1 168 121  -1 259  -1  -1  -1 131  -1  -1  -1  -1  -1  -1 214   3  -1 164  -1 
  4  -1  -1 102  -1  -1  -1  -1 104 104  -1  -1  -1  -1 167  -1  -1  -1 291  -1 305  -1 159  -1  -1   1 
  5  -1  -1  -1  -1  -1  -1  18 296  -1  -1  -1 111  -1  -1  -1  -1  62  -1  -1  -1  -1 298  22  -1  -1 
  6  40  -1  -1  -1  -1  -1 292  -1  -1  -1  -1  -1  33  -1  -1  -1  85  -1 256  -1  -1  47  84 255  -1 
  7 238  -1  -1  -1  -1  -1  -1  -1  -1  -1  -1 204  -1  36  -1  -1  -1  -1  -1  -1  -1  -1  -1 132 221 
  8  -1  -1 192 192  -1  -1  -1  -1  -1  -1  -1 150  -1 155  -1 170  -1 235 120  -1  -1 279 252  -1  -1 
  9  -1  -1 165  -1  -1  -1 287  -1  -1  -1  -1  27  -1  -1  -1 176  -1  -1  -1  -1  -1  23 171  15  -1 
 10 262  44 284  -1  -1  -1  -1  -1 299  -1  -1  -1  -1  -1  -1 218 293 254 148 148  -1  -1  -1  -1  -1 
 11  -1  -1 219 174  -1  41  -1  -1  -1  -1  -1  -1  -1  -1  -1  -1  -1  -1  -1  -1  -1  -1 166  -1  -1 
 12  -1 220  13 278  -1  -1  -1   0 146  -1  -1  -1  -1  80  -1  -1  -1  -1  -1  -1  -1 103 216  -1  -1 
 13  -1  14  -1  -1  -1  -1  -1  -1  -1  -1  -1  -1  -1 135  -1  -1  76  -1  -1  -1 179 144  -1  -1  -1 
 14  37  -1 115  77  -1  -1 302 280 280  -1  -1  -1  -1  -1  -1  -1  -1  -1  -1  -1  -1  -1  -1  57  -1 
 15  -1  58  -1  -1  -1  -1 247 152  -1  -1  -1  -1 172  -1  -1  -1  -1  -1  -1  -1 198 234  -1  -1  -1 
 16  -1 160  -1 114  -1  -1  -1  -1  -1  -1  -1 157  -1  -1  -1  -1  -1 191 297  -1  -1 126 242 189  -1 
 17  -1  -1  35  -1  -1  -1 205  -1 246  -1  -1  -1 145  -1  -1  -1  -1 267  -1  -1  -1 306  -1  -1  -1 
 18  -1  -1  -1  89  -1  -1  -1  16  16  -1  -1  -1 101  -1  -1  -1 304  -1  -1  -1  -1  -1  -1  -1  -1 
 19  -1  -1 300  20  -1  -1  -1 301  -1  -1  -1  42  -1  -1  67  -1  -1  -1  -1 177  -1  26  -1 232  -1 
 20  82  -1 245  -1  -1  -1  -1 125 127  -1  -1  -1  72 117  -1  -1 257 129  -1 173  -1  66  -1  -1  -1 
 21  -1 124  -1  -1  -1  -1  -1 158  -1  91  60  60  -1  -1  -1  -1  -1  -1 277  -1  -1  -1  -1  -1  -1 
 22  -1 307  -1  -1  -1 215  -1  -1  -1  -1  -1 199  -1  -1  -1 128  -1  -1  -1  -1  -1  -1  -1  78 217 
 23  -1 209 203  34  -1  -1  -1  -1 213  -1  -1  71  -1 290  -1 223 249  -1 303  -1  -1  -1  -1  -1  -1 
 24  -1  -1  -1  -1 106  -1  -1  -1  -1  -1  -1  -1  -1  -1  -1  -1  -1  -1 130  -1  -1  -1 122  -1  -1 
 25  -1  87 265 253  -1  38 110  32  -1  -1  -1  -1 263  -1  -1  -1  -1 147  -1  -1  -1  -1  -1  83  -1 
 26  -1 190  -1  -1  -1  -1  -1 248  70  -1  -1  -1  -1  -1  -1  -1 202  -1  -1  -1  -1 211  -1  -1  -1 
 27  -1  -1  -1 108  -1  -1  -1 133 116  -1  -1  -1 240 100  -1  -1 243  -1  69  -1  -1  -1 289  -1  -1 
 28  -1  28  -1  -1  -1  43  -1 264  25  -1  -1  -1  -1  88  -1  -1 194 113 161  -1  -1  -1  -1 208  -1 
 29  -1  79  -1 258  -1  -1 188 260  -1  -1  -1  -1  -1 201  -1  -1  -1  -1  39  -1  -1 210  -1  -1  -1 
 30  -1  -1   4   4  -1  -1  30  -1   2   2  -1  -1  19  19  19  -1  -1  -1  17  17  -1  -1  24  -1  -1 
 31  -1  -1  -1  -1  -1  -1  -1  -1  -1  -1  -1  -1  -1  -1  -1  -1  -1  31  31  31  -1  -1  -1  -1  -1 
 32  -1  68  -1  -1  -1  61  61  -1  48  48  -1  -1  -1  -1  -1  -1  -1  63  63  63  -1  74  -1  46  46 
 33  -1  -1  -1  -1  -1  75  75  75  -1  -1  -1  -1  -1  -1  -1  -1  -1  -1  -1  -1  -1  -1  -1  -1  -1 
 34  -1  92  92  -1  -1  -1  -1  90  90  -1  -1 118 112  -1  -1  -1 107 107 107  -1  -1  -1 105 105  -1 
 35  -1  -1  -1  -1  -1  -1  -1  -1  -1  -1  -1  -1  -1  -1  -1  -1  -1  -1  -1  -1  -1 119 119 119  -1 
 36 151 151 151 162  -1  -1  -1  -1 136 136  -1  -1 156  -1  -1  -1  -1  -1 134 134  -1  -1  -1 149 149 
 37  -1  -1  -1  -1  -1  -1  -1  -1  -1  -1  -1  -1  -1  -1  -1 163 163 163  -1  -1  -1  -1  -1  -1  -1 
 38  -1 180 180 200  -1  -1  -1 193 193  -1  -1  -1 195 195 195  -1  -1 206  -1  -1  -1  -1  -1 178 178 
 39  -1  -1  -1  -1  -1  -1  -1 207 207 207  -1  -1  -1  -1  -1  -1  -1  -1  -1  -1  -1  -1  -1  -1  -1 
 40  -1 250  -1  -1  -1  -1  -1 239 239 239 237 237  -1 244  -1  -1  -1  -1 222 222 224 224  -1  -1  -1 
 41  -1  -1  -1  -1  -1  -1  -1  -1  -1  -1 251 251 251  -1  -1  -1  -1  -1  -1  -1  -1  -1  -1  -1  -1 
 42  -1  -1  -1 288  -1  -1  -1  -1  -1  -1  -1 294 283 283 283  -1  -1  -1 268 268 266 266 281 281  -1 
 43  -1  -1  -1  -1  -1  -1  -1  -1  -1  -1  -1  -1  -1  -1  -1  -1  -1  -1  -1  -1  -1  -1 295 295 295 
 44  -1 269  -1  -1  -1  -1  -1  -1  -1  -1  -1  -1  -1 182  -1  -1  -1 225  -1  -1  -1  -1  -1  -1 143 
 45  -1  -1  -1 272  -1  -1  -1  -1  -1  -1  -1  -1  -1  -1  -1  -1  -1  -1  10  -1  -1 139  -1  -1  -1 
 46  -1  -1  -1  -1  -1  -1  -1  -1  -1  -1  -1  -1  96   5  -1  95  -1  -1  -1  -1   9  -1 153 229  -1 
 47  -1 140 231  -1 316  -1 308  -1  -1 274  -1  -1  -1  -1  -1  -1  -1  -1  -1  -1  49 185  65   6  97 
 48  -1  -1  -1  53  -1  -1  -1 184 187  -1  -1  -1  -1  -1  -1  -1  -1 183  52  -1 138  94  -1  -1  -1 
 49 109  -1  -1  -1  -1  -1  -1 227 226  -1 309 311 275 230 310  -1  -1 285  -1  -1  93  -1  -1  -1  -1 
 50  -1  -1  50 228  -1  -1  -1  -1  -1  -1  -1  -1 141  -1  -1 271  -1  -1 186  -1  -1  -1  -1  -1  -1 
 51  -1  -1  -1  -1  -1  -1  -1  -1  -1  -1  -1  -1   7 270  -1  54 313 137  -1  -1  -1  -1  -1  -1  -1 
 52 314  -1  -1 181  -1  -1  -1  -1 273  -1  -1  -1  55  -1  -1  -1  -1  -1  98  99  -1  -1 197  -1  -1 
 53  -1  11  -1 142  -1 312 241  -1  -1  -1  -1  -1  -1  -1  -1   8  21  51  -1  -1  -1  -1 315  -1  -1 

r\t   0   1   2   3   4   5   6   7   8   9  10  11  12  13  14  15  16  17  18  19  20  21  22  23  24 
  0  -1  -1  -1  -1  -1  -1 242 262  -1  -1  -1  -1  -1 293 170  -1 155  28 255  -1  -1 292  -1 124  -1 
  1  -1 188 123  -1  -1  -1  -1  -1  -1  -1  -1  -1  -1  -1  -1  -1 232 290  -1  -1  -1  66 214  -1  -1 
  2  -1 296  -1  -1  -1  -1  -1  -1 258  -1  -1  -1  16  16  -1  -1  -1  -1  -1  -1  -1  -1 171  -1  -1 
  3  -1  -1 179 147  -1  -1  -1  -1  -1  -1  -1  -1  88  -1  -1  -1  -1 280 280  -1  -1  86  -1 240  -1 
  4  -1  -1  -1  -1  -1  -1  -1  -1  -1  82  -1  -1 148 148  -1  -1  -1  -1  -1  -1  -1  -1  -1 291  -1 
  5 220 249  -1  -1  -1  -1  -1  -1  -1  -1  -1 298 192 192  -1  38  -1  -1  -1  -1  -1  -1  -1  -1  -1 
  6  -1  -1  -1  60  60  -1  -1  -1  42  -1  -1   0 132  87  -1  -1  -1  -1  -1  -1  -1  33  -1  -1  -1 
  7  -1  -1 208  -1  -1  -1 247 243  -1  -1  -1  -1 301  35  -1  -1 300  -1  -1  -1 265  -1  -1 286  -1 
  8  -1  -1  -1 215  -1  -1 257 129  -1  -1  -1  -1  29 245  -1 304  62  -1  -1  -1  -1  -1  -1  27  -1 
  9  -1  -1 236 236  -1  -1  -1  -1  -1  -1  -1  -1  -1  77 307  -1  -1  -1  13  -1 221  -1 297 108  -1 
 10  -1  -1  -1  -1  -1  43  73  25 114  -1  -1  -1  -1  -1  -1 261  -1  -1  -1  -1  -1  -1  -1  -1  -1 
 11 126 166 216 254  -1  -1  -1  -1  -1  -1  -1 135  -1  -1  -1  -1  -1 233  -1  -1  -1  36  -1 145  -1 
 12  -1  -1  -1  -1  -1  -1  -1  -1  -1  -1  -1 175 205  -1  -1  -1  -1  -1  -1  -1  -1  84  -1  -1 223 
 13  -1  59 256  -1  -1  -1 213 246  -1  -1  -1 190 172  -1 263  -1 168  -1  -1  -1  -1  -1 111  22  -1 
 14  -1  20  57  -1  -1  -1 199  37 284  -1  -1 154  81  -1  -1  -1 282 173  -1  -1  -1  -1  -1 159  -1 
 15  -1 146 152 189  -1  -1  26 101  -1 144  -1  76  -1  -1  -1  -1  -1  14  -1  41  -1  -1  -1  79  -1 
 16 217  -1  -1  -1  -1  -1  40  -1 238  -1  -1 103  -1  -1  -1 305 204  -1  -1  -1  -1 110  -1  -1  -1 
 17  -1  -1 277 210  -1  -1  -1 115  12 306  -1  15 289  -1  -1  -1  -1  -1  -1  -1  -1  -1  -1  -1  -1 
 18  -1 211  -1 299  -1  -1 203 194  -1  -1  -1  -1  -1 201  -1  -1  -1 259  -1  -1  -1  -1 164  89  -1 
 19  -1  -1  -1  -1  -1  -1  -1 130  -1  -1  -1  -1  -1  -1  -1  -1  -1 161  -1 127  -1 235  23  56  -1 
 20  -1  -1  -1  -1 303  -1 102  -1  -1  -1  -1 219  44  -1  -1  -1  -1  -1 160  -1  -1 117  69 209   1 
 21  -1  -1  -1  -1  -1  -1  -1  -1  -1  83  -1  34  -1  -1  -1  -1  70  -1  -1  -1  -1  -1 276 131  -1 
 22  -1 121 104 104  -1  -1  -1  -1  -1  -1  -1 169  -1  -1  -1  -1  -1 202  -1  -1  -1  -1  -1 267  -1 
 23  -1 100 198 116 176  -1  -1  -1  -1  -1  -1  -1 253 174  -1 106  -1  -1  -1  -1  -1  -1  -1   3  -1 
 24  -1  71  -1  -1  -1 218  -1 302  -1  91  -1 113 120 157  85  -1  -1  80  -1  -1  -1  -1  58  -1  -1 
 25  -1  -1  78 278  -1  -1  -1  -1  -1  -1 177  -1  -1  -1  -1  -1  18  -1 234  45  -1  -1  -1  -1  -1 
 26  -1  -1 133 158  -1  -1  -1  -1  -1  -1  -1 212  72  64  -1  -1  -1  -1 122  -1  -1  -1 165  -1  -1 
 27  -1  -1  39  -1  -1  -1  -1  -1 248  -1  -1  -1 167  -1  -1  -1  -1 252  47  -1  -1  -1 150  -1  -1 
 28  -1  -1  -1  -1  -1 128  67  -1  -1  -1  -1  -1  -1  -1  -1  -1  -1  -1  32  -1  -1  -1 196  -1  -1 
 29  -1 264  -1  -1  -1  -1 287 279 125  -1  -1  -1  -1  -1 260  -1  -1  -1  -1  -1  -1  -1  -1 191  -1 
 30  -1  -1  17  17  -1  19  19  19  30  -1  -1  -1   2   2  -1  -1  24   4   4  -1  -1  -1  -1  -1  -1 
 31  -1  31  31  31  -1  -1  -1  -1  -1  -1  -1  -1  -1  -1  -1  -1  -1  -1  -1  -1  -1  -1  -1  -1  -1 
 32  48  48  -1  74  -1  -1  -1  61  61  -1  63  63  63  -1  -1  -1  -1  -1  68  -1  -1  -1  -1  46  46 
 33  -1  -1  -1  -1  -1  -1  -1  75  75  75  -1  -1  -1  -1  -1  -1  -1  -1  -1  -1  -1  -1  -1  -1  -1 
 34  -1  92  92  -1  -1  -1 118  -1  -1  -1  90  90 107 107 107  -1  -1 105 105  -1  -1  -1 112  -1  -1 
 35  -1  -1  -1  -1  -1  -1  -1  -1  -1  -1  -1  -1  -1  -1  -1  -1 119 119 119  -1  -1  -1  -1  -1  -1 
 36 136 136  -1  -1  -1  -1  -1 149 149  -1  -1 156  -1  -1  -1  -1  -1 151 151 151  -1 162  -1 134 134 
 37  -1  -1  -1  -1  -1  -1 163 163 163  -1  -1  -1  -1  -1  -1  -1  -1  -1  -1  -1  -1  -1  -1  -1  -1 
 38  -1  -1  -1  -1  -1  -1  -1 200 206  -1  -1 178 178  -1  -1 195 195 195 180 180 193 193  -1  -1  -1 
 39  -1  -1  -1  -1  -1  -1  -1  -1  -1  -1  -1  -1  -1  -1  -1  -1  -1  -1  -1  -1 207 207 207  -1  -1 
 40 237 237  -1 222 222  -1  -1  -1  -1  -1  -1 250 239 239 239  -1 244 224 224  -1  -1  -1  -1  -1  -1 
 41  -1  -1  -1  -1  -1  -1  -1  -1  -1  -1  -1  -1  -1  -1  -1  -1  -1  -1  -1  -1  -1 251 251 251  -1 
 42 281 281 288  -1  -1  -1 294  -1  -1  -1 268 268 283 283 283  -1  -1 266 266  -1  -1  -1  -1  -1  -1 
 43  -1  -1  -1  -1  -1  -1  -1 295 295 295  -1  -1  -1  -1  -1  -1  -1  -1  -1  -1  -1  -1  -1  -1  -1 
 44 185 225  -1 273  -1  -1  -1  -1  -1 228  -1  -1  -1  -1  -1  -1  -1  -1  -1  -1 140 153  -1  -1  -1 
 45  -1  -1  -1  -1  98  -1  -1  -1  -1  -1  -1  -1  -1  -1  -1 312  -1  -1  -1 231  55  -1  -1  -1  -1 
 46  -1  -1 227  -1  -1  -1  -1  -1  -1   8  -1  -1  -1  -1  -1  -1  -1  -1  -1  -1  99  -1  -1  -1 275 
 47 269  -1  -1 137 138 316  -1  -1  -1  -1  -1  -1  -1 141  -1  -1  -1  -1  -1  -1  -1  -1  -1  -1  -1 
 48  -1  -1  50  51 271  -1  -1  -1  -1  -1 143  52  -1  -1 310  -1 315  -1 142  -1  -1  -1  -1  -1  -1 
 49  97  10  -1  -1   6  -1  -1 314 313  -1  -1  -1  -1  -1  -1  -1  -1  -1  -1  95   7  21  -1 182 186 
 50  -1  -1  -1  93  -1  -1  -1  -1 109  -1  -1  -1  -1 270  -1  -1  -1  -1  65  -1  -1 285 311 230  -1 
 51   5  -1  -1  -1  -1  -1  -1  -1  -1 139  11  -1  -1  -1  -1  -1  -1  -1  -1 274  -1  -1  -1  -1  -1 
 52  -1 184 272 187  54  -1 308  -1  -1 183  -1 226  -1  53  -1  -1  -1  -1  -1   9  -1  -1  -1  -1 241 
 53  -1  -1  -1  -1  -1  -1  -1  -1 197  -1 229  -1  -1 181  -1  -1  -1  49  96  -1  -1 309  -1  -1  94 

r\t   0   1   2   3   4   5   6   7   8   9  10  11  12  13  14  15  16  17  18  19  20  21  22  23  24 
  0  45 166  -1  -1  -1  -1 152 212  59  -1  -1 167 210  -1  -1  -1  82  40  -1  -1  -1 164  -1  16  16 
  1 220  -1  -1  -1  -1  -1  -1  -1  -1  -1  -1 188 123  -1  -1  -1 125  36 130  -1  -1  -1  25  -1  -1 
  2  -1  -1  -1  -1  -1  -1  -1  -1  -1  81  -1  -1 298  -1  84  -1  -1  -1  85  -1  -1  -1  -1  -1  -1 
  3  -1 146   3  34  -1  -1  -1  44  -1  -1  -1  -1 263 246  -1  -1  73  -1 252  -1  -1  -1  -1 235 307 
  4  -1 111  60  60  -1  -1 253 259  -1  -1  -1  -1 242  -1 301  -1 267  -1  12  -1  -1  -1  -1  76  -1 
  5 265  -1  -1  -1  -1  -1 160  -1  -1  -1  -1 205  -1 102  -1 173 257 276  -1  -1  -1  -1  -1  -1  -1 
  6  -1  -1  70  91  -1  -1  56  -1  -1  -1  -1  -1 129  -1 221 104 104  -1 201  -1  -1  -1 159 292  -1 
  7  -1  -1  -1  -1  -1  -1  -1  41  -1  -1  -1 215  -1  47  -1  -1   0  -1  -1  -1  -1  18  -1  32  -1 
  8  -1 117 284  15  -1  -1  -1  -1  -1  -1  -1  35  -1 277   1  -1  -1  -1  -1  -1  -1  71  -1  -1 169 
  9  -1  -1  -1  -1  -1  -1  -1  -1  -1  -1  -1  -1  -1  -1  -1  -1  -1 113  -1  -1  -1 124  -1  -1  -1 
 10  -1 203 168  -1  -1  -1  -1  -1 291  -1  -1  -1  67  -1  -1  -1 286 147  -1  -1  -1  -1 248  -1  -1 
 11  -1 255  -1  -1  -1  -1  -1  -1 245 258  -1 278  72  -1  -1  -1  -1  -1 174  -1  -1  -1 101 260 223 
 12  -1 243  23 199  -1  -1  -1  -1 122  -1  -1  -1  -1 293 176 304  33  -1  -1  -1  -1 299  77 158  -1 
 13  -1  -1  -1  80 214  -1  -1  -1 305  -1  -1  -1  -1  -1 128  -1  -1  -1  -1  -1  -1  -1 115  -1  -1 
 14  -1 287  -1  -1  -1  -1  -1  -1  -1  -1  -1 213 211 234  -1  -1  -1  -1  -1  -1  -1  -1  -1  -1  37 
 15  -1 126  -1  -1  -1  -1 131 192 192  -1  -1  -1  -1  -1  -1  -1  -1 219  -1  -1  -1  -1  -1  -1  -1 
 16  -1 300 148 148  -1  -1  -1 236 236  -1  -1  79 279  -1  -1  -1  -1 202 302  -1  -1 194  -1  -1  -1 
 17  -1  22  -1  -1  -1  -1 175 254 154  -1  -1 121  -1  -1  -1  -1  -1  -1 232  -1  -1  -1 280 280  -1 
 18  -1  26  -1  -1  -1  -1  -1  -1 204  -1  -1  -1  -1  -1  -1  -1 161  -1  -1  -1  -1 209 296 247 132 
 19  -1  69  -1  -1  -1  -1  -1  -1 135  -1 150 289  -1 116  -1  -1  64  -1  -1  -1  -1  -1  -1  -1  38 
 20  -1  -1  -1 262  -1  -1  20  -1  -1  -1  -1  -1 216  -1  -1  83 261  -1  -1  -1  -1  -1  -1  -1  -1 
 21  -1  -1  -1  -1  -1  -1 240  58  78  -1  -1  -1  -1  -1  87  -1 144 290  28  -1  -1 110  -1 114  -1 
 22  -1  66 100  -1  -1  -1  -1 303 165  -1  -1  -1  -1 157  -1  -1  -1  -1  -1  -1  -1 282  -1  42  -1 
 23  -1  -1  88 106  -1  -1  -1  -1  -1  -1 190  -1  -1  13  -1  -1 170  -1  -1  -1  -1  -1 233  89  -1 
 24  -1  -1  -1 179  -1  -1 189  -1  -1  -1  -1  -1  -1 145  -1  -1  -1  -1  -1  -1  -1  -1  -1  -1  -1 
 25  -1  -1  -1  -1 217  -1  -1  -1  -1  -1  -1  57  -1  29  -1  -1  -1  -1  -1  -1  -1  -1 171  -1  -1 
 26  -1  -1 196  -1  -1  -1  -1  -1  -1  -1  -1  -1  -1  -1  -1  -1 218 256  -1  -1  -1  -1  -1  -1  -1 
 27  -1  -1  39  -1  -1  -1  -1 264  -1 155 238  14  -1  -1  -1  -1 120  -1  -1  -1  -1  -1  -1 108  -1 
 28  -1  -1  -1  -1  -1  -1 297 133  -1  -1  -1 103 172  -1  -1 177 249  27  43  -1  -1  -1  -1  -1  -1 
 29  -1 198  86  -1  -1  -1 208  -1  -1  -1  -1  -1 306  -1 127  -1  -1  -1  -1  -1  -1  62  -1 191  -1 
 30  -1  -1  30  -1  -1  -1  -1  17  17  -1   2   2  -1  -1  -1  19  19  19  -1  -1  -1  24   4   4  -1 
 31  -1  -1  -1  -1  -1  -1  31  31  31  -1  -1  -1  -1  -1  -1  -1  -1  -1  -1  -1  -1  -1  -1  -1  -1 
 32  -1  -1  48  48  -1  -1  74  -1  -1  -1  -1  -1  -1  68  -1  46  46  61  61  -1  -1  -1  63  63  63 
 33  -1  -1  -1  -1  -1  -1  -1  -1  -1  -1  -1  -1  -1  -1  -1  -1  -1  75  75  75  -1  -1  -1  -1  -1 
 34  -1  -1 112 118  -1  -1  -1 105 105  -1  -1  -1  -1  92  92  90  90 107 107 107  -1  -1  -1  -1  -1 
 35  -1  -1  -1  -1  -1  -1 119 119 119  -1  -1  -1  -1  -1  -1  -1  -1  -1  -1  -1  -1  -1  -1  -1  -1 
 36  -1  -1 134 134  -1 136 136  -1 162  -1  -1  -1 156  -1  -1  -1  -1  -1 149 149 151 151 151  -1  -1 
 37  -1  -1  -1  -1  -1  -1  -1  -1  -1  -1  -1  -1  -1  -1  -1  -1  -1 163 163 163  -1  -1  -1  -1  -1 
 38  -1  -1 206 200  -1  -1  -1 180 180  -1 178 178 193 193  -1  -1 195 195 195  -1  -1  -1  -1  -1  -1 
 39  -1  -1  -1  -1  -1  -1  -1  -1  -1  -1  -1  -1  -1  -1  -1  -1  -1  -1  -1  -1  -1  -1 207 207 207 
 40  -1  -1  -1 237 237 222 222 224 224  -1  -1 250  -1  -1  -1 239 239 239  -1  -1  -1 244  -1  -1  -1 
 41  -1  -1 251 251 251  -1  -1  -1  -1  -1  -1  -1  -1  -1  -1  -1  -1  -1  -1  -1  -1  -1  -1  -1  -1 
 42  -1  -1  -1 281 281  -1 283 283 283  -1  -1  -1  -1 266 266  -1 288  -1 294  -1  -1  -1 268 268  -1 
 43  -1  -1 295 295 295  -1  -1  -1  -1  -1  -1  -1  -1  -1  -1  -1  -1  -1  -1  -1  -1  -1  -1  -1  -1 
 44  -1  -1 270  -1  -1  -1 183  -1  49  -1  -1  -1 153  -1  -1 143 187  -1 314  -1  -1  -1  -1 230  -1 
 45  93  -1 227  -1  -1  -1   6  -1  -1  -1  -1 139  21  -1  -1  -1  -1  -1  -1  -1  -1  -1  -1 142 274 
 46 140 311  -1  -1  -1  98  -1  96  -1  -1  97  -1  -1 137  -1 269  -1  -1  -1  -1 197  -1  -1 182  -1 
 47  -1  -1  -1  -1  -1   7  -1  -1  -1  -1  -1 272  -1 181  -1  -1  -1  -1  -1  -1  -1 241  -1  -1  99 
 48  -1  -1 184 229  -1 185  -1  -1  -1  -1 271  -1 315  65  -1  -1  -1 313  -1  -1 312 308  -1  -1  -1 
 49 186  -1  -1  -1  -1  -1  53  -1 273  -1  -1  51  -1  11  -1  -1 231  -1  -1  -1  -1  -1  95  -1  -1 
 50  -1  -1  -1  10  -1  50  -1  -1  -1  -1  -1  -1  -1  -1  -1  -1  -1  -1 285 316  -1  -1  -1  52  -1 
 51   9  -1  -1  -1  -1  -1  -1  -1  -1  -1  -1  -1 109  -1  55  -1  -1  -1  -1  -1  -1  -1 228  -1   8 
 52  -1  -1  -1  -1  -1  -1  -1  -1  -1 309  -1 226  -1 225 138  -1 141  -1  -1  -1  -1  -1  -1  -1  -1 
 53  -1  -1  -1  -1 310 275  -1  -1   5  -1  54  94  -1  -1  -1  -1  -1  -1  -1  -1  -1  -1  -1  -1  -1 

r\t   0   1   2   3   4   5   6   7   8   9  10  11  12  13  14  15  16  17  18  19  20  21  22  23  24 
  0  -1  -1 259  -1  -1  -1  -1  87  -1  -1  -1  -1 202  -1  -1  -1  -1  -1 204  -1  -1  -1  -1 114  -1 
  1  -1 147  -1  -1  -1  -1  -1 255  -1  -1  -1  66  -1 164  -1  -1 243 120  -1  -1  -1  -1  -1  -1  -1 
  2  -1 122 247 248 260  -1 253  -1  -1  -1  -1 117  -1 203  -1  -1 223  -1  -1  -1  -1  -1 146 160  -1 
  3  -1 297  -1  -1 257  -1  -1  39 252  -1  -1  29 135  -1  -1  -1  -1  35  79  -1  -1  -1  70  -1  -1 
  4  -1 301  83  -1  -1  -1  -1 210  -1  -1  -1  -1  -1 194  -1  -1  -1  -1  -1  -1  -1 196  -1 289  -1 
  5  -1  -1  -1  -1  -1 169  -1  -1  -1  85 177 150  -1 179  -1  -1  -1 167 188  -1  -1  -1  15  -1  -1 
  6  -1 198  -1  -1  -1  -1  -1  -1  -1  -1  -1 279  -1  -1  -1  -1  -1  59  33  -1 219 174  -1  -1  -1 
  7  86  -1  -1  -1  -1  -1 125 189  -1  64  -1 305  -1  -1  -1  -1  20  -1 166 221  -1  -1 215  -1  -1 
  8  -1  -1  -1 161  -1  -1 121  -1 123  -1  -1  -1 249  -1  -1  -1 267  -1  -1  -1  -1  47  -1  -1  -1 
  9  -1 218  -1  -1 173  -1  -1  -1  -1  -1  -1 172  -1  -1  -1  13  -1  -1  -1  -1  -1  -1  -1  -1  -1 
 10  -1  -1  -1  -1  -1  -1  -1 240 144  -1  -1 296 236 236  91 155  -1  -1 113  -1 128  -1  -1  -1  -1 
 11  -1  12  -1  -1  -1  -1  -1  -1  -1  -1  -1  -1 303  -1  -1  -1  56  -1 233  -1  -1  80  -1  -1  -1 
 12  -1  -1  -1  -1  -1  -1  -1 211  -1  -1  -1 302  44  -1  -1 220  -1 148 148  -1  -1 298  -1  -1  -1 
 13 130 286 261 280 280  -1  -1  -1  -1  -1  -1  -1 165 258  -1  -1 212 208  -1  -1  -1  -1  -1  -1  -1 
 14  -1  -1  -1  -1  -1  -1 158  32  -1  -1  -1  -1  -1  -1 306  -1  -1  -1  -1  45  -1 168  -1  -1  -1 
 15  -1 304  -1  -1  -1  -1  -1  -1  -1  -1  -1  -1 292 145  -1  -1  -1 108  -1 213  -1  22  -1  -1  -1 
 16  -1  -1  -1  -1  -1  -1  -1 307 234  -1  41 254 277  -1 127  42  -1  -1  -1  -1  -1  -1  -1 214  -1 
 17  -1  -1  -1  26 126  -1  -1  -1  -1  -1  -1  -1 104 104  -1  -1 102  -1  40  -1 282  -1  57  -1  -1 
 18  -1  -1  -1 291  -1  -1  -1 103  -1  -1 175  -1  -1  -1  -1  -1  -1  -1  -1  -1  -1  -1  -1  23  -1 
 19  -1  73  -1 216  -1  -1 238 116  88  -1  -1 199  -1 299  -1  -1  -1  -1  -1  -1  -1  62  -1  76  -1 
 20  -1  -1 287  14  -1 262 111  -1 293  -1  -1 110  -1 245  84  -1  69  -1  -1  -1  -1   3  -1 154  -1 
 21 171 205  43 232  -1  -1 300  -1  -1 264  -1  -1  -1  -1  -1  -1  34  -1  -1  -1  -1  -1   0  -1  -1 
 22  -1  -1  -1  -1  -1  -1  -1  -1  -1 132  -1  -1  -1  -1  -1  -1  -1  -1 290  -1  -1  37  -1  25  -1 
 23  -1  -1  -1  -1  -1  -1  -1  77  27  81  -1  -1 190  -1  -1  -1  -1  -1 101  89  -1 209  -1  -1  -1 
 24  -1  28  18 201  -1  -1  72  -1  -1  -1 170  -1  78 278  -1  -1  -1 284  58  -1  -1 133  -1  -1  -1 
 25  -1  -1  -1  -1   1  -1  -1  -1 191  -1  -1 242  60  60  -1  -1  -1 265 256  -1  -1  38 115  -1  -1 
 26  -1  -1  -1  -1  -1  -1  -1  -1 100  -1  -1  -1  -1  -1  -1  -1  -1  -1 276  -1  -1  -1  -1  -1  -1 
 27  -1  67 131  -1  -1  -1  -1  -1  -1 176  -1  -1  -1 124  -1  -1  -1  -1  -1  -1  -1 152 263  -1  -1 
 28  -1  -1  -1  -1  -1  -1  -1  71  -1  -1  -1 129  -1  -1  -1  -1 157  16  16  -1  -1  -1  -1  -1 106 
 29  -1 246 192 192  -1  -1  36 159 217  -1  82  -1  -1  -1  -1  -1  -1 235  -1  -1  -1  -1  -1  -1  -1 
 30  -1  -1  24  -1  -1  -1  19  19  19  -1  -1  -1  17  17  -1   2   2   4   4  -1  -1  -1  30  -1  -1 
 31  -1  -1  -1  -1  -1  -1  -1  -1  -1  -1  -1  -1  31  31  31  -1  -1  -1  -1  -1  -1  -1  -1  -1  -1 
 32  -1  -1  61  61  -1  -1  63  63  63  -1  -1  74  -1  46  46  -1  48  48  68  -1  -1  -1  -1  -1  -1 
 33  -1  -1  75  75  75  -1  -1  -1  -1  -1  -1  -1  -1  -1  -1  -1  -1  -1  -1  -1  -1  -1  -1  -1  -1 
 34  -1  -1 105 105  -1  -1  -1  -1  -1  -1  -1  -1 112  -1  -1  92  92  90  90  -1 118 107 107 107  -1 
 35  -1 119 119 119  -1  -1  -1  -1  -1  -1  -1  -1  -1  -1  -1  -1  -1  -1  -1  -1  -1  -1  -1  -1  -1 
 36  -1  -1 149 149  -1 151 151 151  -1  -1  -1  -1 162  -1  -1  -1 136 136 134 134  -1  -1 156  -1  -1 
 37 163 163 163  -1  -1  -1  -1  -1  -1  -1  -1  -1  -1  -1  -1  -1  -1  -1  -1  -1  -1  -1  -1  -1  -1 
 38  -1  -1 206 178 178  -1  -1  -1 200  -1  -1  -1  -1  -1  -1 195 195 195 180 180  -1  -1 193 193  -1 
 39  -1  -1  -1  -1  -1  -1  -1  -1  -1  -1  -1  -1  -1  -1  -1  -1  -1  -1  -1  -1  -1  -1 207 207 207 
 40 239 239 239  -1  -1  -1  -1  -1 222 222  -1  -1  -1 224 224  -1 244 250  -1  -1  -1  -1 237 237  -1 
 41  -1  -1  -1  -1  -1  -1  -1  -1  -1  -1  -1  -1  -1  -1  -1  -1  -1  -1  -1  -1  -1 251 251 251  -1 
 42  -1  -1 288 268 268  -1 283 283 283  -1  -1  -1 266 266  -1  -1 294  -1  -1  -1  -1  -1 281 281  -1 
 43  -1  -1  -1  -1  -1  -1  -1  -1  -1  -1  -1  -1  -1  -1  -1  -1  -1  -1  -1  -1  -1  -1 295 295 295 
 44  -1  -1  -1  -1 143  -1 311  -1 184  -1  55  -1  -1 139 185  -1  -1 225  -1  -1  -1  -1  -1  65  -1 
 45 312  -1 308  51 227  -1  -1  -1  -1   7 140  -1 231  -1  -1  -1  -1  -1  -1  -1  -1  -1  -1  -1  -1 
 46  -1 313  -1  -1  95  -1  -1 186  -1  -1  -1  21  -1  -1  -1  -1  -1  -1  -1  -1 109  -1  -1  -1 309 
 47  -1  -1  -1  -1  -1  -1 197  -1  -1  97  -1  -1  10  -1  -1  -1 187  -1 273  -1  -1 182  49  -1  -1 
 48  -1  -1  -1   8  -1  -1  -1 270  -1  -1  -1  -1  -1  98  -1  -1 285  -1  50  -1  -1  -1  -1  -1  -1 
 49  -1  -1  -1  -1  -1  -1  -1  -1  -1  -1  99  -1 183  -1  -1  -1  -1  -1  -1 269 316  -1  -1  -1 241 
 50  -1  -1  -1 226  -1  -1  -1  93 141  -1 228  -1  -1   6  -1 275  -1  -1  -1  -1  -1 272  -1  -1  -1 
 51  -1  -1  -1  -1  -1 310  -1  -1  53  -1 274 315 153  -1 138  -1  -1  -1 229  -1  -1  -1 137  -1  -1 
 52  -1  -1  -1 142  -1  -1  -1  -1   5  52   9  -1  -1  -1 271  54  -1  -1  -1  11  -1  96  -1  -1  -1 
 53  -1  -1  -1  -1  -1  -1  -1 230  -1  -1  -1  -1  94  -1  -1  -1  -1  -1  -1  -1  -1  -1 181 314  -1 

