1 17215 460.203000 15851 1296 1025 430 4000 6500 2600
2 4234 486.438000 18120 1407 1084 429 10000 3500 1700
3 35626 477.578000 22202 1381 679 442 11000 6500 2200
4 79473 474.828000 16979 1243 822 414 9000 4000 1500
5 44668 483.937000 12073 1282 950 441 4000 3000 2400
6 37263 519.250000 20877 1462 1099 416 10000 5500 2400
7 13222 515.766000 18575 1552 1005 418 10000 3500 2100
8 28171 506.375000 19594 1470 1005 419 9000 6000 1700
9 7119 491.313000 15823 1383 781 459 8000 3500 1700
10 37995 485.437000 24033 1349 949 435 13000 6500 1800
