317
16 6
14 26
20 30
2 19
22 30
3 46
17 46
12 44
13 53
0 47
7 47
8 48
1 10
23 13
21 14
17 20
3 29
8 30
2 15
10 30
22 17
6 46
15 24
18 26
3 30
2 27
16 22
12 5
6 16
22 27
17 30
7 31
1 20
13 1
18 12
23 6
11 8
8 16
17 14
8 1
24 19
2 5
2 20
16 25
17 16
20 29
22 32
11 18
8 32
16 51
12 48
13 47
3 52
2 45
21 48
7 51
8 22
16 5
7 28
17 13
22 23
12 32
6 19
0 32
3 20
18 52
24 4
11 6
6 32
8 10
21 8
3 12
2 12
16 17
11 32
12 33
23 15
17 18
18 7
6 26
1 3
11 13
17 4
8 29
19 28
9 6
18 4
1 18
16 0
20 17
7 34
14 10
2 34
9 52
17 49
12 51
21 44
0 45
11 49
13 52
2 21
12 29
13 11
21 15
7 5
23 34
4 4
15 34
11 26
18 48
6 8
1 9
1 34
6 28
17 2
16 4
11 27
3 22
18 34
22 35
7 29
12 26
22 18
13 18
2 2
13 5
9 12
12 18
4 20
3 3
5 28
6 21
2 29
17 28
13 36
8 18
11 36
21 45
23 46
22 53
7 53
16 47
3 50
9 51
16 3
7 10
11 0
22 15
12 23
23 36
6 4
0 36
21 12
8 45
18 17
19 11
18 36
8 25
11 24
13 12
16 14
23 22
3 36
20 37
1 7
2 9
7 16
6 12
17 8
22 22
12 3
13 13
3 10
10 25
3 28
4 18
9 1
20 26
11 38
21 0
2 38
13 48
7 48
0 52
23 45
14 46
22 51
16 49
11 15
13 20
23 3
6 13
2 14
7 38
10 23
16 38
22 11
5 53
1 22
21 19
23 38
16 1
18 27
11 4
21 13
3 27
13 38
6 39
12 16
22 12
2 23
1 12
17 22
8 2
3 2
2 3
2 11
17 25
19 23
8 20
0 3
14 25
2 40
9 8
20 40
17 47
7 44
12 53
11 45
13 49
8 47
16 50
21 24
5 8
2 0
7 6
12 6
10 40
4 0
15 40
23 5
18 45
1 4
6 1
6 40
17 23
11 28
12 27
2 6
3 1
18 40
22 41
8 28
16 9
1 23
7 18
21 28
3 4
23 29
1 24
15 4
0 15
24 14
23 28
7 27
23 17
20 42
3 16
12 42
17 52
2 50
14 53
8 52
11 44
22 49
9 49
21 7
8 11
22 7
7 20
12 25
0 42
3 5
15 42
23 4
6 49
10 29
18 23
11 42
13 24
22 28
18 22
8 0
16 11
3 42
0 43
6 10
17 12
12 0
7 11
23 18
11 17
9 5
8 7
11 7
18 19
23 19
3 6
1 53
10 53
4 53
6 52
19 46
18 47
5 48
24 53
15 48

