317
3 23
14 7
23 30
7 22
16 30
6 45
4 51
5 46
19 45
9 49
13 45
20 45
6 24
15 7
17 11
16 17
22 24
2 30
7 16
11 30
1 17
8 44
18 4
21 4
7 30
21 1
13 24
18 13
17 22
3 3
22 30
0 31
6 9
11 21
8 1
16 2
12 20
21 8
6 14
2 15
8 27
19 12
8 4
6 27
1 21
20 9
3 32
23 4
5 32
24 45
19 52
7 46
13 52
17 51
9 46
14 48
3 6
7 26
1 11
6 21
8 17
17 32
2 24
11 32
16 5
21 45
23 21
22 28
21 32
2 11
18 0
13 10
23 6
3 19
7 32
15 33
12 21
11 28
6 7
1 2
22 23
7 23
2 28
11 3
5 16
15 1
12 13
16 29
16 15
3 26
12 34
24 13
5 34
7 50
1 48
20 48
17 45
9 51
4 48
14 50
16 21
6 17
1 19
18 7
13 21
7 34
24 15
21 34
3 0
15 53
11 23
2 20
1 34
22 15
23 27
2 29
7 8
21 14
11 34
17 35
12 24
8 26
16 11
6 28
3 18
22 1
13 17
8 8
11 19
19 10
18 2
21 18
19 27
16 8
23 36
17 23
5 36
13 44
14 45
3 46
7 49
12 53
1 45
20 46
1 15
23 28
11 29
2 9
12 0
3 36
21 13
7 36
16 24
22 53
17 13
18 22
13 36
11 5
7 14
6 15
17 26
1 22
18 36
2 37
8 22
18 19
23 20
12 1
22 16
11 17
14 6
8 23
12 10
4 11
3 7
9 16
9 15
19 9
3 38
7 6
13 38
20 53
23 53
12 45
6 51
1 53
5 52
16 44
3 5
6 13
1 20
23 10
12 3
20 38
2 0
16 38
22 4
7 53
11 25
8 6
8 38
17 6
12 16
11 14
16 25
21 29
6 38
22 39
1 26
7 1
3 27
2 16
18 18
20 20
14 18
2 7
2 17
7 3
9 10
21 12
1 3
5 8
3 40
6 0
16 40
7 51
13 47
23 45
20 52
9 48
14 47
19 44
18 11
1 24
7 10
3 29
15 23
12 40
2 25
22 40
11 18
21 52
8 3
6 8
6 40
17 10
23 0
22 7
21 27
1 23
18 40
11 41
8 25
16 4
3 10
7 21
2 1
21 19
16 26
11 2
0 22
24 23
8 16
8 19
3 16
20 12
5 42
16 10
23 42
17 52
12 51
19 53
13 51
14 52
1 52
4 45
6 23
1 6
17 1
7 11
22 3
3 42
18 8
11 42
8 11
16 48
2 2
21 23
2 42
7 28
22 0
3 12
18 24
11 11
1 42
7 43
16 18
12 22
6 26
17 24
23 16
6 4
6 20
10 27
0 29
7 18
23 7
23 11
21 48
2 47
10 50
11 46
15 45
18 53
22 46
8 53
0 44

