317
7 29
16 20
17 30
21 4
11 30
13 46
20 51
6 52
4 45
10 45
1 44
8 53
6 21
12 5
21 13
17 6
13 16
2 30
22 24
7 30
1 20
23 46
19 1
15 8
22 30
21 27
8 29
17 5
3 23
11 3
6 30
0 31
23 26
18 3
13 12
12 0
17 14
12 11
20 17
10 21
7 0
21 11
15 21
22 17
11 27
0 9
20 32
17 1
6 32
18 45
8 47
12 53
16 51
4 53
9 52
10 44
16 24
11 1
18 10
21 3
7 7
3 32
22 0
12 32
1 13
23 45
17 0
5 12
16 32
12 10
13 28
7 5
18 25
21 15
8 32
1 33
23 28
21 18
6 23
16 3
11 25
15 13
5 0
5 26
22 21
24 18
18 23
23 24
21 20
4 9
17 34
16 12
12 34
11 45
1 49
9 51
8 51
20 47
10 50
0 46
17 29
18 2
1 26
6 10
12 26
7 34
24 5
21 34
11 16
2 50
16 15
3 11
11 34
23 9
17 13
18 4
3 12
12 18
16 34
5 35
22 22
1 4
8 22
2 24
13 13
18 17
18 7
23 25
15 22
11 13
20 11
20 5
4 13
1 25
10 36
20 26
8 36
21 50
12 44
13 51
7 53
17 46
6 46
0 51
8 14
12 13
11 26
16 17
5 2
17 36
14 24
22 36
1 19
15 44
3 28
2 10
12 36
11 12
22 9
21 22
2 17
8 21
3 36
16 37
23 13
3 7
6 13
13 24
7 28
21 7
16 22
23 19
23 23
17 8
15 9
16 29
0 28
20 10
10 38
1 18
12 38
18 50
21 46
16 49
6 53
4 49
17 47
8 44
13 25
21 25
11 14
12 27
0 24
7 38
22 2
17 38
6 17
23 51
2 7
3 20
2 38
16 26
23 10
1 1
21 14
6 5
3 38
7 39
12 17
17 25
11 10
11 7
18 29
19 8
9 27
17 4
3 4
15 25
21 21
12 23
18 1
20 9
16 40
6 19
11 40
9 45
7 52
13 53
10 47
8 45
0 45
4 51
7 17
11 9
16 0
18 22
12 8
22 40
14 2
1 40
17 18
5 45
6 0
24 3
13 40
17 21
7 27
6 25
8 28
3 24
18 40
21 41
2 26
16 25
11 20
12 1
1 16
6 3
18 14
19 11
12 2
16 18
9 17
12 3
11 24
20 18
0 42
21 24
6 42
13 47
17 44
10 53
16 45
4 50
9 48
8 49
21 6
6 16
1 8
17 22
7 12
18 42
2 18
12 42
22 7
3 48
23 22
24 21
8 42
16 9
12 6
23 2
21 23
2 15
11 42
16 43
6 24
22 25
3 9
7 1
1 12
12 22
6 11
0 29
13 29
16 19
11 0
3 2
23 47
19 45
15 46
22 45
5 51
2 46
3 50
14 53
24 47

