317
6 6
14 26
18 30
7 23
15 30
21 45
8 48
20 49
5 46
9 50
0 49
17 52
21 12
16 17
17 0
8 13
5 28
2 30
23 22
11 30
18 1
22 48
4 5
7 16
22 30
23 29
7 22
12 8
11 22
18 22
6 30
1 31
21 17
13 18
8 3
16 4
12 12
16 15
21 27
23 2
7 19
6 11
2 0
18 18
0 8
15 28
5 32
17 23
7 32
16 50
20 51
18 53
3 48
21 51
9 49
19 49
6 23
8 4
16 11
7 8
20 24
12 32
22 5
2 32
1 23
17 46
11 8
23 5
23 32
2 4
11 2
6 21
22 16
7 12
16 32
12 33
3 10
7 28
17 19
8 17
21 28
3 2
5 1
24 21
6 20
4 14
3 26
6 10
17 27
16 25
8 34
5 10
2 34
20 52
0 48
7 48
21 48
15 51
14 47
6 51
11 27
21 23
3 21
2 12
7 20
22 34
13 23
17 34
16 29
1 49
5 6
12 7
6 34
1 20
16 3
18 11
13 7
8 24
7 34
22 35
3 1
12 5
21 22
11 10
17 2
13 28
3 8
24 20
5 20
13 29
22 4
13 2
6 4
7 1
20 36
8 11
18 36
17 49
5 44
16 49
15 44
0 50
14 46
9 51
9 22
21 16
16 26
11 15
17 20
5 36
23 19
1 36
12 15
8 53
13 19
22 14
16 36
18 23
2 6
1 9
21 6
13 13
23 36
10 37
3 11
23 12
6 7
17 7
8 21
18 13
19 20
17 5
20 8
23 20
13 1
3 9
5 8
20 25
18 38
21 2
2 38
17 48
14 49
0 47
6 50
15 45
16 46
7 47
18 14
11 25
17 15
23 28
2 27
15 38
21 18
7 38
22 12
13 47
1 26
12 26
12 38
2 9
17 29
8 8
16 27
21 0
6 38
22 39
7 11
3 25
13 8
13 5
1 14
16 6
12 14
1 15
14 8
11 13
11 29
14 1
19 19
14 4
5 40
16 21
7 40
17 44
2 53
18 47
9 47
15 52
20 48
3 46
6 18
3 29
12 1
2 22
7 0
17 40
13 9
21 40
1 12
24 51
11 0
16 20
11 40
7 7
18 2
17 21
16 13
22 27
13 40
0 41
21 10
6 1
8 23
3 28
23 23
23 7
5 26
6 0
20 22
6 29
20 7
6 19
6 15
20 10
8 42
7 14
15 42
14 45
21 49
5 48
0 53
18 48
17 47
19 48
10 1
8 5
6 5
16 5
17 6
2 42
7 2
22 42
13 17
11 45
12 2
1 17
11 42
2 11
16 0
6 13
8 18
23 10
17 42
2 43
12 13
7 4
1 19
13 21
22 20
8 6
12 27
8 19
8 15
19 9
1 18
6 2
13 53
22 53
24 49
11 46
4 47
1 52
23 53
12 45
10 50

