317
7 29
18 1
15 30
1 23
13 30
23 44
21 46
2 50
19 48
4 53
6 49
3 51
6 4
13 25
16 4
22 6
23 27
3 30
12 23
7 30
18 28
11 47
1 18
17 11
12 30
11 22
3 1
7 22
23 25
17 29
2 30
20 31
13 12
6 3
1 10
16 15
7 27
14 2
3 9
13 29
8 19
12 26
12 5
3 0
7 0
15 18
13 32
6 26
2 32
8 46
19 47
1 44
21 48
16 51
4 44
9 50
8 18
1 6
7 5
13 24
2 20
10 32
17 21
22 32
21 21
18 48
6 13
0 6
1 32
18 16
17 26
22 28
2 10
13 4
8 32
10 33
23 11
22 26
6 9
1 15
16 20
23 16
9 1
6 11
8 8
23 23
3 22
1 26
21 11
15 15
3 34
16 14
18 34
1 49
6 52
13 50
8 50
14 44
23 48
2 49
6 14
3 28
2 3
1 0
17 0
12 34
5 6
22 34
8 24
20 45
16 16
11 18
16 34
13 7
22 3
23 20
3 25
18 29
21 34
7 35
12 21
1 20
8 4
2 19
17 2
13 19
2 13
12 20
1 1
11 3
22 27
14 8
16 23
6 23
18 36
7 18
8 36
3 45
4 50
1 52
21 45
23 45
13 51
15 51
21 14
23 24
8 7
3 8
17 9
15 36
0 8
12 36
2 4
22 45
7 6
11 11
22 36
23 15
18 11
17 23
13 8
8 28
11 36
1 37
16 2
12 15
7 4
21 5
6 6
18 10
22 18
4 25
20 0
19 29
12 29
5 22
9 17
15 26
3 38
21 1
1 38
6 48
23 47
8 45
16 53
14 50
7 46
13 47
13 14
3 27
6 19
1 13
7 11
17 38
12 8
22 38
16 26
0 52
11 1
21 7
13 38
21 26
22 4
11 16
6 8
1 25
8 38
17 39
7 9
12 10
3 13
2 24
23 4
8 22
14 17
23 28
3 12
6 21
20 24
17 28
9 11
21 9
7 40
2 29
13 40
4 52
1 47
15 47
6 45
3 49
18 53
19 49
3 17
6 18
1 8
8 6
12 28
17 40
10 6
22 40
16 10
5 53
11 8
2 2
3 40
7 28
21 0
23 22
22 5
13 10
6 40
16 41
2 14
8 12
12 16
1 21
11 5
3 29
17 19
10 20
3 19
3 26
22 24
21 4
13 3
2 8
15 42
3 2
7 42
1 45
23 46
9 47
21 49
6 47
14 51
4 51
13 6
8 14
6 16
23 6
0 14
20 42
11 14
17 42
2 28
12 45
5 19
3 5
12 42
11 20
2 15
6 5
18 24
7 13
23 42
20 43
17 22
8 23
13 21
16 19
3 18
19 23
7 19
17 7
10 12
7 23
17 13
4 24
11 51
22 46
24 53
12 51
10 46
17 52
5 52
0 48
20 51

