317
8 19
23 9
10 30
3 8
16 30
21 51
13 48
22 44
1 52
20 49
7 45
0 48
6 11
17 16
16 29
1 10
20 11
13 30
24 20
7 30
12 15
18 46
3 19
2 24
6 30
7 1
22 24
2 3
11 2
18 9
21 30
12 31
8 11
1 7
3 26
17 7
2 0
10 29
11 9
12 21
17 26
10 8
20 15
10 27
0 13
8 3
20 32
7 12
10 32
22 47
17 48
13 52
16 46
3 47
14 45
9 48
17 24
13 13
16 13
22 4
10 3
23 32
18 16
1 32
8 9
6 53
7 29
12 3
6 32
1 22
3 21
17 17
7 20
21 13
13 32
22 33
16 17
18 1
11 6
6 9
2 23
19 23
22 18
16 6
1 11
17 29
19 27
21 9
1 18
21 3
10 34
3 27
13 34
0 44
23 53
22 45
8 45
9 45
17 51
20 47
1 20
8 15
11 10
6 2
12 29
22 34
15 20
16 34
7 3
24 49
3 20
2 10
1 34
16 26
21 4
22 22
11 14
3 15
2 34
5 35
18 5
12 2
8 24
13 4
23 20
17 27
1 23
4 20
4 14
0 1
24 7
10 6
3 16
10 18
16 36
14 3
7 36
21 50
11 48
13 44
9 51
23 44
22 48
1 49
16 22
13 19
17 1
23 10
8 4
5 36
14 18
0 36
21 23
12 48
18 20
24 14
12 36
17 21
6 12
7 26
13 0
23 8
3 36
20 37
1 12
2 28
18 11
8 17
11 27
18 12
5 0
24 15
4 29
18 10
8 8
9 8
0 29
17 4
13 38
8 20
20 38
11 44
7 49
1 46
3 48
10 51
9 50
16 45
3 22
16 7
11 22
6 27
12 27
0 38
8 16
22 38
7 21
2 49
19 8
18 19
2 38
12 5
17 18
18 2
21 0
8 5
11 38
5 39
23 4
13 17
1 16
3 28
22 20
1 27
2 5
10 4
23 1
20 14
8 2
11 26
9 25
14 7
20 40
10 13
22 40
11 47
16 52
8 51
1 50
13 50
7 52
3 46
21 17
3 25
23 6
7 16
12 23
0 40
24 22
17 40
11 4
4 48
5 5
6 14
8 40
17 2
13 25
3 3
7 19
12 6
16 40
0 41
21 12
18 21
6 0
23 13
11 11
22 17
22 6
21 26
18 29
16 19
20 12
11 0
8 1
0 0
16 42
22 12
20 42
11 46
7 50
23 51
13 45
3 53
10 44
1 53
23 7
16 11
17 20
12 7
3 2
13 42
2 2
7 42
21 28
22 52
18 25
6 4
22 42
23 2
1 9
8 22
18 24
6 29
11 42
12 43
17 10
7 23
21 16
16 1
2 9
8 10
14 15
20 22
21 2
12 26
16 14
2 13
6 48
18 47
15 53
5 45
24 47
2 50
4 46
12 49
19 45

