100
40 4
16 0
42 0
5 4
41 0
19 4
37 3
44 4
16 2
35 1
9 3
6 4
6 0
2 3
3 4
1 0
41 4
8 4
26 4
18 3
29 0
5 0
20 4
29 4
21 2
7 3
44 2
21 3
8 0
36 4
40 0
10 0
43 4
3 0
9 0
1 4
35 0
3 3
30 1
12 4
11 0
22 1
43 1
0 4
13 0
7 1
2 4
38 4
9 4
14 1
44 1
21 0
11 4
42 4
21 4
40 3
25 4
36 0
35 2
17 1
1 3
28 4
4 4
39 4
16 1
12 0
14 4
2 0
26 0
19 2
27 4
7 4
17 0
8 3
0 1
13 4
10 4
7 0
37 1
28 0
4 1
43 0
31 0
14 0
11 2
12 1
23 2
30 4
25 2
31 3
15 4
22 0
32 4
18 0
12 3
22 3
9 1
37 0
22 4
18 1

100
40 4
28 0
7 1
30 4
2 1
16 4
0 3
28 4
29 2
27 1
12 3
1 3
17 2
36 3
36 4
2 0
34 4
35 4
27 4
43 3
10 0
18 0
31 3
23 4
19 2
21 4
42 0
3 3
34 0
7 2
19 0
8 0
6 4
24 2
34 2
12 4
39 4
18 3
27 0
33 4
13 2
14 1
21 1
26 4
39 0
22 1
25 4
38 4
24 4
24 0
12 1
23 0
43 0
31 4
8 4
22 3
25 3
35 0
33 2
28 2
9 3
1 4
44 4
42 4
16 0
17 0
9 4
14 0
31 0
41 2
8 3
2 4
9 0
7 3
13 1
44 0
0 4
26 0
29 1
25 0
9 1
40 0
32 0
39 1
0 2
6 0
38 2
10 4
42 2
41 3
13 4
3 0
3 4
20 0
28 3
19 3
18 4
36 0
37 3
32 1

100
34 0
1 0
1 1
5 3
7 1
41 4
24 3
40 4
41 2
9 1
40 3
8 3
21 2
6 3
11 4
27 0
3 4
7 4
43 4
14 3
9 0
29 0
17 3
0 4
38 2
16 3
22 2
15 3
42 0
1 2
17 0
3 0
10 4
25 2
26 1
6 4
38 4
39 3
43 0
1 4
26 2
44 1
0 0
42 4
16 0
35 0
8 4
9 4
5 4
0 1
11 1
39 0
28 0
37 4
39 4
44 3
13 3
4 0
8 2
17 1
7 3
23 3
17 4
44 4
36 1
41 0
4 4
44 0
4 3
2 2
9 3
2 4
8 0
2 0
40 1
18 4
27 4
18 0
27 1
27 3
21 1
2 1
14 0
4 1
13 2
14 1
29 2
12 4
36 2
37 3
10 0
36 0
14 4
30 0
41 3
10 3
3 2
5 0
0 3
18 1

100
36 4
32 0
28 1
43 3
9 1
11 4
7 3
42 4
40 2
21 1
37 3
34 3
21 2
33 3
37 4
2 0
18 4
33 4
44 4
28 3
28 0
31 0
14 4
19 4
8 2
38 3
4 2
9 3
30 0
23 2
7 0
22 0
34 4
39 2
17 1
43 4
21 0
31 3
13 1
27 4
16 2
1 0
0 0
35 4
27 0
36 1
30 4
26 4
10 4
27 1
42 1
6 0
40 4
21 4
13 4
17 3
38 4
18 0
24 2
41 4
2 3
36 3
9 4
32 4
29 1
29 0
20 4
13 3
44 3
26 2
35 3
39 4
8 0
12 4
22 1
9 0
0 4
36 0
0 1
18 3
32 1
38 1
19 0
30 1
33 2
34 1
40 1
28 4
42 2
0 3
23 4
33 0
15 4
3 0
40 3
14 3
29 2
24 0
10 3
10 1

100
38 0
44 0
23 1
13 3
40 1
20 4
15 3
44 4
13 0
14 1
37 3
36 3
44 2
20 3
23 4
15 0
36 4
17 4
40 4
41 3
22 0
20 0
21 4
39 4
11 2
42 3
35 2
38 3
40 0
23 2
21 0
41 0
22 4
38 2
26 2
41 4
35 0
39 3
35 1
12 4
29 2
37 1
17 1
43 4
36 0
37 0
16 4
38 4
37 4
15 1
22 1
26 0
9 0
9 4
13 4
44 3
16 3
18 0
16 2
22 2
19 3
43 3
14 4
18 3
20 1
39 0
19 4
33 3
12 3
15 2
42 4
18 4
19 0
30 0
21 1
27 4
0 4
0 0
0 1
0 3
9 1
18 1
42 0
30 1
40 2
43 1
2 2
10 4
30 2
27 3
10 0
32 0
24 4
27 0
21 3
24 3
11 1
23 0
30 3
24 1

100
31 4
23 0
39 1
35 3
22 1
29 4
24 3
24 4
42 2
36 1
23 3
25 3
16 2
18 3
21 4
30 0
25 4
8 4
28 4
40 3
43 0
35 0
34 3
35 4
13 2
30 4
35 2
22 3
22 0
39 2
36 0
27 0
26 4
38 2
7 1
18 4
38 4
38 3
18 1
2 4
0 2
40 1
31 1
20 4
25 0
43 1
1 4
19 4
23 4
38 1
19 1
44 0
30 3
0 4
4 4
33 3
9 3
26 0
3 2
40 2
12 3
31 3
3 4
26 3
34 1
21 0
36 4
31 0
16 3
10 2
39 4
22 4
24 0
37 4
37 1
0 0
9 4
9 0
9 1
0 3
27 1
0 1
28 0
29 1
27 2
25 1
33 2
43 4
5 2
10 3
40 4
32 0
32 4
37 0
19 3
41 3
29 2
18 0
5 4
40 0

100
27 4
2 0
34 1
4 4
6 1
26 4
18 3
19 4
36 2
3 1
40 3
20 3
35 2
2 3
44 4
27 0
31 4
5 4
6 4
41 3
3 0
21 0
3 3
3 4
24 2
43 3
3 2
21 3
1 0
31 2
8 0
0 0
37 4
44 2
42 2
18 4
20 0
42 3
18 0
7 4
38 2
30 1
35 1
38 4
26 0
28 1
40 4
30 4
36 4
31 1
21 1
34 0
29 3
25 4
20 4
44 3
19 3
7 0
2 2
26 2
31 3
36 3
39 4
26 3
7 1
35 0
2 4
8 3
27 3
11 2
24 3
21 4
19 0
8 4
36 1
36 0
9 4
9 0
9 1
9 3
0 1
4 1
32 0
40 1
22 2
19 1
15 2
0 4
29 2
33 3
22 4
23 0
41 4
28 0
4 3
37 3
5 2
4 0
32 4
37 1

100
20 0
1 0
30 0
2 3
39 1
24 4
12 3
11 4
38 2
15 1
22 3
0 3
18 2
14 3
26 4
18 0
0 4
14 4
8 4
1 3
5 0
21 0
23 3
10 4
44 2
26 3
0 0
11 3
17 0
26 2
23 0
10 0
9 4
42 2
0 1
21 4
1 4
9 3
14 1
16 4
43 2
6 0
27 1
18 4
4 0
3 1
22 4
20 4
12 4
1 1
36 1
19 0
18 3
13 4
25 4
7 3
3 3
9 0
11 2
37 1
19 3
23 4
19 4
13 3
22 0
35 0
2 4
10 3
20 3
20 2
21 3
15 4
3 0
17 4
9 1
36 4
27 4
36 0
18 1
27 3
41 1
4 1
7 0
30 1
1 2
43 1
23 2
3 4
40 2
15 3
32 0
14 0
5 4
24 0
37 3
4 3
10 1
11 0
41 3
6 1

100
9 4
31 0
27 1
33 3
26 1
42 4
25 3
43 4
42 2
25 1
17 3
28 3
3 2
35 3
41 4
16 0
11 4
27 4
28 4
29 3
1 0
8 0
19 3
16 4
23 2
44 3
25 2
40 3
7 0
10 2
33 0
4 0
39 4
30 2
36 1
12 4
44 0
30 3
28 1
10 4
43 2
32 1
5 1
37 4
30 0
29 1
35 4
36 4
17 4
3 1
43 1
15 0
42 0
44 4
40 4
36 3
16 3
6 0
34 2
42 1
10 3
23 3
13 4
27 3
18 1
5 0
15 4
32 3
9 3
2 0
14 4
29 4
32 0
34 3
33 1
18 4
0 4
18 0
9 1
0 3
23 1
40 1
40 0
34 1
40 2
20 1
30 1
33 4
31 2
14 3
36 0
9 0
30 4
12 0
41 3
37 3
13 2
27 0
20 3
37 1

