100
25 0
14 0
35 1
30 4
32 0
15 4
21 3
34 4
35 2
21 1
43 3
40 3
14 2
14 3
9 4
0 0
27 4
10 4
12 4
6 3
15 0
8 0
7 4
17 4
29 2
20 3
38 2
42 3
31 0
31 4
27 0
33 0
11 4
4 2
32 1
21 4
41 4
41 3
29 1
18 4
9 0
19 1
42 0
8 4
43 0
27 1
43 4
13 4
44 4
20 1
15 1
37 0
18 3
32 4
5 4
22 3
22 4
36 0
4 0
20 0
9 3
16 4
33 4
44 3
23 1
26 0
36 4
28 0
35 3
29 0
23 4
20 4
17 0
19 4
44 0
24 0
6 4
30 0
11 0
10 0
9 1
34 0
12 0
3 1
5 2
18 0
5 1
24 4
19 2
16 3
0 4
39 0
37 4
5 0
29 3
1 3
22 2
1 0
11 3
21 0

100
19 0
27 0
7 0
23 3
25 1
32 4
8 3
14 4
36 2
39 1
17 3
38 3
10 2
32 3
43 4
18 0
44 4
21 4
17 4
34 3
4 0
20 0
12 4
18 4
24 2
30 3
35 2
33 3
12 0
9 2
3 0
44 0
39 4
32 0
7 1
7 4
38 0
42 3
17 1
23 4
2 2
18 1
40 0
26 4
8 0
24 0
1 4
25 4
38 4
5 0
26 1
16 0
6 0
19 4
5 4
29 3
0 0
33 0
39 2
34 2
21 3
22 4
6 4
35 3
34 0
17 0
15 4
1 3
31 3
37 2
14 3
20 4
37 0
37 3
35 0
33 4
37 4
36 0
19 1
0 4
22 1
43 1
10 0
40 1
7 2
1 0
25 2
27 4
30 2
30 4
40 4
13 0
2 4
29 0
24 3
3 3
21 0
41 0
9 4
2 1

100
37 0
0 0
38 0
7 4
11 1
4 4
4 3
5 4
11 2
15 1
3 3
17 3
20 2
6 3
39 4
8 0
8 4
6 4
15 4
37 3
39 0
17 0
42 3
37 4
16 2
8 3
19 2
1 3
43 0
3 2
13 0
16 0
10 4
43 2
42 1
9 4
44 0
7 3
41 1
13 4
15 2
36 1
4 1
14 4
4 0
40 0
3 4
16 4
17 4
3 1
14 1
15 0
44 3
43 4
44 4
9 3
5 3
9 0
9 2
30 2
24 3
0 4
12 4
38 3
37 1
36 0
36 4
3 0
40 3
18 2
0 3
11 4
1 0
2 0
14 0
27 4
18 4
18 0
18 1
27 3
39 1
12 1
41 0
43 1
24 2
34 1
21 2
1 4
38 2
25 3
10 0
32 0
40 4
27 0
14 3
10 3
5 2
5 0
21 3
5 1

100
4 0
16 0
44 0
25 4
36 0
2 4
31 3
21 4
31 2
35 1
27 3
34 3
35 2
20 3
18 4
43 0
23 4
5 4
31 4
38 3
19 0
9 0
39 3
35 4
1 2
19 3
42 2
24 3
24 0
39 2
40 0
23 0
34 4
32 2
2 2
27 4
17 0
26 3
18 1
4 4
29 2
4 1
8 1
33 4
15 0
3 0
26 4
32 4
19 4
3 1
26 1
26 0
43 3
0 4
3 4
25 3
32 3
18 0
4 2
19 2
42 3
33 3
24 4
18 3
25 0
5 0
8 4
44 3
36 3
8 2
1 4
22 4
41 0
10 3
31 1
9 4
36 4
27 0
36 1
0 3
16 1
21 1
6 0
14 1
37 2
0 1
40 2
6 4
27 2
28 3
0 0
12 0
28 4
37 0
21 3
14 3
9 2
20 0
11 3
27 1

100
11 0
43 0
12 1
31 3
10 1
26 4
23 3
17 4
19 2
33 1
20 3
32 3
33 2
35 3
38 4
44 0
10 4
5 4
39 4
37 3
8 0
37 0
19 3
25 4
44 2
14 3
25 2
39 3
13 0
1 2
12 0
0 0
22 4
24 2
16 2
23 4
1 0
38 3
6 1
21 4
9 2
4 1
28 1
40 4
36 0
29 1
36 4
4 4
24 4
5 1
22 1
39 0
44 4
20 4
0 4
44 3
33 3
9 0
0 2
30 2
36 3
10 3
41 4
12 3
25 1
16 0
19 4
43 3
34 3
39 2
13 3
37 4
10 0
17 0
9 1
18 0
27 4
27 0
36 1
0 3
7 1
16 1
14 0
0 1
14 2
30 1
6 2
42 4
11 2
25 3
1 4
2 0
6 4
40 0
15 3
40 3
13 1
5 0
27 3
18 1

100
7 0
24 0
21 1
24 3
14 1
33 4
15 3
40 4
43 2
17 1
18 3
19 3
2 2
25 3
34 4
0 0
18 4
30 4
29 4
36 3
37 0
8 0
14 3
36 4
17 2
30 3
37 2
28 3
18 0
1 2
21 0
30 0
22 4
42 2
9 2
28 4
29 0
21 3
24 1
32 4
22 2
32 1
3 0
26 4
25 0
35 1
21 4
41 4
27 4
36 1
25 1
36 0
31 4
19 4
23 4
31 3
29 3
31 0
26 2
44 2
26 3
27 3
20 4
35 3
20 1
23 0
44 4
22 0
44 3
36 2
23 3
42 4
35 0
20 3
37 1
9 4
0 4
9 0
0 1
0 3
30 1
15 1
27 0
11 1
38 2
42 1
1 0
24 4
34 2
39 3
41 0
32 0
37 4
4 0
11 3
41 3
18 2
38 0
32 3
38 1

100
2 4
23 0
2 1
8 3
0 1
18 4
39 3
12 4
8 2
16 1
28 3
18 3
44 2
25 3
3 4
19 0
31 4
29 4
33 4
20 3
4 0
0 0
2 3
1 4
4 2
19 3
6 2
22 3
1 0
37 2
5 0
26 0
19 4
12 2
31 2
0 4
26 4
21 3
8 1
34 4
3 2
21 1
22 1
21 4
20 0
24 1
28 4
35 4
8 4
3 1
23 1
18 0
1 3
32 4
4 4
7 3
3 3
17 0
24 2
20 1
38 3
35 3
30 4
24 3
26 1
22 0
25 4
3 0
0 3
19 2
27 3
24 4
25 0
24 0
2 0
27 0
36 4
36 0
36 1
9 3
27 1
30 1
15 0
12 1
1 2
14 1
20 2
22 4
10 2
36 3
5 4
6 0
13 4
9 0
31 3
4 3
5 1
12 0
40 3
9 1

100
42 4
43 0
44 1
13 4
20 1
21 4
4 3
9 4
37 2
24 1
13 3
16 3
3 2
12 3
11 4
44 0
25 4
24 4
30 4
37 3
28 0
35 0
9 3
23 4
30 2
14 3
13 2
43 3
17 0
4 2
36 0
27 0
44 4
36 2
36 1
29 4
15 4
38 3
33 1
22 4
41 2
40 1
17 1
31 4
37 0
11 1
34 4
33 4
32 4
15 0
37 1
16 0
39 3
27 4
26 4
30 3
5 3
31 0
40 2
9 2
3 3
44 3
12 4
43 4
27 1
41 0
35 4
36 3
8 3
43 2
14 0
14 4
42 0
17 3
13 1
18 0
0 4
0 0
0 1
18 3
18 1
41 1
29 0
38 1
12 0
34 1
14 2
16 4
27 2
6 3
38 4
38 0
18 4
32 0
27 3
40 3
6 2
9 0
0 3
30 1

100
22 4
27 0
15 1
12 3
10 1
40 4
27 3
35 4
22 2
18 1
44 3
14 3
32 2
30 3
3 4
14 0
42 4
5 4
8 4
28 3
13 0
35 0
35 3
32 4
37 2
33 3
31 2
31 3
17 0
23 2
15 0
16 0
33 4
18 2
35 2
30 4
21 4
34 3
32 1
41 4
1 0
0 0
26 1
4 4
11 0
25 1
37 4
2 4
1 4
9 1
41 1
12 0
1 3
43 4
19 4
39 3
15 3
34 0
40 2
43 2
4 3
31 4
0 4
23 4
27 1
31 0
38 4
32 3
5 3
26 2
29 3
34 4
8 0
16 3
19 1
36 0
9 4
18 0
0 1
18 3
30 1
23 1
32 0
13 1
29 2
42 1
1 2
6 4
24 2
36 3
27 4
28 0
24 4
5 0
41 3
6 3
5 2
2 0
9 3
38 1

