100
34 4
18 0
33 0
13 3
17 1
38 4
43 3
25 4
30 0
20 0
31 3
28 3
32 2
32 3
29 4
29 0
9 4
10 4
32 4
2 3
10 0
9 0
36 4
8 4
27 2
33 3
44 2
17 3
41 0
35 4
7 0
31 0
2 4
3 2
6 0
30 4
35 0
22 3
44 0
14 4
0 2
14 1
16 1
20 4
16 0
24 0
39 4
17 4
40 4
43 1
36 1
11 0
5 0
11 4
28 4
42 3
15 3
19 0
42 0
25 2
7 3
16 3
7 4
30 3
21 0
8 0
1 4
27 0
43 0
2 2
34 3
6 4
25 0
26 4
23 0
17 0
24 4
12 0
39 0
27 4
34 1
1 1
3 0
41 1
22 2
11 1
5 2
18 4
40 2
5 3
21 4
13 0
3 4
0 0
10 3
18 3
10 2
36 0
38 3
5 1

100
8 0
3 0
5 1
19 3
13 1
42 4
36 3
21 4
19 0
42 1
42 3
38 3
27 2
7 3
25 4
0 0
17 4
30 4
11 4
41 3
13 0
38 0
23 3
1 4
3 2
43 3
23 0
3 3
9 0
36 0
17 0
25 0
0 4
30 2
19 1
27 4
12 0
12 3
37 0
43 4
31 2
34 1
16 1
19 4
18 0
1 1
6 4
35 4
29 4
41 1
31 1
42 0
9 4
20 4
3 4
13 3
7 4
30 0
28 0
21 2
28 3
18 4
16 4
44 4
15 0
16 0
28 4
8 3
40 3
27 0
32 3
22 4
31 0
30 3
11 1
14 0
40 4
26 0
1 0
24 4
20 1
2 1
10 0
36 1
4 2
39 0
42 2
37 4
18 2
9 3
31 4
32 0
13 4
4 0
24 3
33 3
38 2
20 0
0 3
27 1

