100
17 4
6 0
38 0
24 3
31 1
11 4
31 3
1 4
42 0
37 1
8 3
32 3
22 2
6 3
2 4
24 0
18 4
25 4
26 4
38 3
22 0
32 0
8 4
15 4
41 2
9 3
14 2
7 3
44 0
12 2
10 0
20 0
3 4
29 2
8 0
39 4
22 4
13 3
26 0
31 4
24 2
25 1
3 0
19 4
40 0
33 1
36 4
30 4
0 4
0 1
7 0
37 0
28 3
6 4
20 4
37 3
2 3
30 0
4 0
16 4
25 3
38 4
10 4
21 4
27 1
43 0
33 4
14 3
26 3
13 2
1 3
9 4
23 0
5 0
23 1
7 4
32 4
41 0
36 1
24 4
21 1
14 0
18 0
15 1
34 2
16 0
9 1
34 4
43 2
43 3
40 4
0 0
27 4
33 0
3 3
19 3
12 4
27 0
10 3
11 0

100
33 4
27 0
4 0
41 4
33 1
13 4
22 3
9 4
31 0
5 0
5 3
3 4
14 0
0 3
20 4
21 0
21 4
7 4
17 4
23 3
13 0
15 0
26 4
42 4
36 0
40 4
16 0
33 3
40 0
25 2
35 0
26 0
5 4
3 2
26 2
1 4
44 4
28 3
44 1
11 4
39 2
23 1
43 1
28 4
7 0
29 1
12 4
34 4
31 4
35 1
9 0
39 0
34 0
18 4
8 4
14 3
31 3
43 0
35 2
14 4
7 3
19 3
35 4
2 3
44 0
32 0
27 4
36 3
22 0
18 2
30 3
19 4
33 0
6 4
34 1
30 4
32 4
8 0
42 0
2 4
37 0
0 1
10 0
15 1
11 2
9 1
23 2
15 4
4 2
43 3
37 4
23 0
23 4
18 0
9 3
24 3
41 2
0 0
28 0
20 1

