100
27 0
1 0
35 1
36 3
2 1
39 4
42 3
0 4
31 0
37 1
14 3
13 3
17 2
1 3
28 4
18 0
27 4
26 4
14 4
37 3
26 0
21 0
17 4
23 4
28 2
18 3
22 0
0 3
23 0
6 0
7 0
44 0
16 4
3 2
24 2
6 4
30 4
12 3
1 1
36 4
36 2
42 1
25 1
40 4
0 0
43 0
38 4
9 4
1 4
28 1
33 1
36 0
14 0
35 4
31 4
8 3
8 4
24 0
39 0
33 2
25 3
43 3
25 4
7 3
18 1
9 0
44 4
41 3
27 3
34 2
15 3
37 4
20 0
41 4
22 1
5 4
42 4
13 0
42 0
29 4
29 0
23 1
3 0
12 1
21 2
37 0
39 1
21 4
10 2
34 3
10 4
10 0
18 4
15 0
32 4
31 3
41 2
33 0
2 4
4 1

100
24 4
28 0
26 0
19 3
13 0
38 4
37 3
32 4
0 2
12 1
18 3
23 4
24 2
11 3
42 4
40 0
29 4
9 4
1 4
0 3
16 0
17 0
21 4
20 4
25 0
29 3
16 2
22 3
20 0
18 0
15 0
7 0
43 4
18 2
17 2
26 4
41 4
35 3
28 1
17 4
12 0
41 0
21 0
0 4
6 0
0 1
30 4
12 4
3 4
24 1
10 1
9 0
4 3
4 4
27 4
8 3
9 3
8 0
15 2
5 4
36 3
2 4
25 4
28 3
11 0
31 0
19 4
34 3
14 3
27 0
21 3
40 4
1 0
39 3
6 1
37 0
31 4
5 0
9 1
10 3
14 1
38 0
29 0
32 1
6 2
42 1
2 1
36 4
33 2
10 4
33 4
32 0
13 4
2 0
5 3
24 3
29 1
22 0
40 3
42 0

100
37 0
0 0
33 0
43 3
16 1
13 4
7 3
0 4
21 2
8 0
8 3
11 3
32 0
14 3
10 4
10 0
14 4
31 4
17 4
9 3
17 0
44 0
41 3
7 4
0 2
17 3
12 2
28 3
38 0
10 2
42 0
9 0
35 4
2 2
23 2
11 4
1 0
2 3
14 1
30 4
17 2
41 1
12 0
16 4
34 0
12 1
34 4
33 4
15 4
15 1
4 1
28 0
31 3
8 4
12 4
10 3
27 3
13 0
22 2
4 2
15 3
0 3
29 4
13 3
36 1
36 0
32 4
11 0
30 3
35 2
12 3
9 4
2 0
37 3
18 1
18 4
36 4
18 0
27 1
18 3
7 1
19 1
6 0
37 1
33 2
9 1
31 2
27 4
15 2
39 3
39 0
14 0
1 4
29 0
4 4
3 3
28 2
3 0
32 3
21 1

100
44 0
4 0
32 0
39 3
2 1
37 4
28 3
42 4
3 2
4 1
42 3
29 4
5 2
41 3
30 4
3 0
35 4
36 4
9 4
34 3
35 0
29 0
40 3
41 4
40 2
8 4
23 2
38 3
43 0
4 2
33 0
5 0
3 4
44 2
40 0
44 4
28 0
35 3
44 1
4 4
12 2
38 1
6 1
27 4
42 0
3 1
39 4
38 4
5 4
40 1
37 1
39 0
37 3
6 4
43 4
1 3
33 3
27 0
22 2
0 2
23 3
6 3
31 4
27 3
8 1
34 0
7 4
44 3
43 3
19 2
32 4
28 4
41 0
2 3
36 1
9 0
18 4
18 0
18 1
9 3
9 1
13 1
30 0
41 1
25 2
27 1
20 2
33 4
42 2
19 3
0 4
0 0
10 4
6 0
14 4
29 3
31 2
36 0
24 3
30 1

100
34 0
13 0
6 1
3 3
11 1
17 4
25 3
36 4
1 2
13 1
7 3
38 3
24 2
15 3
0 4
14 0
31 4
7 4
1 4
11 3
17 0
35 0
20 3
15 4
18 2
12 4
2 2
8 3
16 0
44 2
11 0
12 0
37 4
36 2
8 2
11 4
2 4
12 3
23 1
27 4
32 2
6 0
8 1
8 4
15 0
7 1
34 4
32 4
13 4
7 0
2 1
9 0
16 3
35 4
38 4
13 3
14 3
8 0
35 2
37 2
9 3
28 4
16 4
37 3
24 1
2 0
30 4
23 3
41 3
43 2
14 4
3 4
10 0
10 3
42 1
18 0
18 4
36 0
27 1
27 3
0 1
19 1
0 0
16 1
6 2
36 1
4 2
9 4
33 2
43 3
39 4
31 0
42 4
28 0
0 3
4 3
40 2
3 0
4 4
3 1

100
11 4
5 0
15 1
10 3
17 1
1 4
30 3
13 4
21 2
28 1
15 3
9 3
36 2
23 3
7 4
16 0
16 4
4 4
23 4
0 3
21 0
0 0
11 3
6 4
29 2
20 3
17 2
25 3
36 0
6 0
1 0
37 0
0 4
32 2
35 2
25 4
26 0
5 3
21 1
10 4
30 2
14 1
44 1
15 4
2 0
39 1
17 4
8 4
26 4
38 1
25 1
3 0
41 0
9 4
5 4
8 3
16 3
22 0
12 2
5 2
17 3
14 4
22 4
26 3
23 1
18 0
18 4
7 3
4 3
24 2
24 3
24 4
8 0
4 0
35 1
27 4
36 4
27 0
0 1
36 3
29 1
19 1
19 0
33 1
10 2
31 1
2 2
2 4
33 2
21 3
42 0
23 0
19 4
38 0
27 3
12 3
18 2
11 0
1 3
9 1

100
40 4
1 0
30 1
11 3
2 1
4 4
8 3
6 4
36 2
8 1
37 3
10 3
9 2
9 3
43 4
17 0
23 4
21 4
25 4
16 3
13 0
6 0
15 3
8 4
44 2
7 3
6 2
33 3
7 0
8 2
11 0
5 0
37 4
41 2
4 1
42 4
22 4
34 3
27 1
1 4
40 2
0 0
15 1
36 4
8 0
14 1
5 4
39 4
31 4
17 1
9 1
2 0
14 3
20 4
26 4
31 3
36 3
35 0
10 2
37 2
12 3
24 4
19 4
0 3
16 1
31 0
18 4
13 3
17 3
28 2
6 3
0 4
27 0
35 3
3 1
18 0
9 4
36 0
36 1
18 3
0 1
6 1
3 0
28 1
14 2
12 1
16 2
2 4
20 2
4 3
32 4
28 0
28 4
14 0
42 3
28 3
32 2
32 0
1 3
20 1

100
30 4
30 0
37 1
28 3
9 1
38 4
34 3
36 4
21 2
18 1
3 3
12 3
7 2
44 3
3 4
12 0
42 4
24 4
22 4
16 3
17 0
16 0
11 3
7 4
37 2
4 4
10 2
27 3
15 0
35 2
34 0
39 0
1 4
36 2
23 2
5 4
2 4
10 3
17 1
34 4
22 2
14 0
32 1
8 4
13 0
27 0
40 4
23 4
37 4
27 1
43 1
28 0
4 3
25 4
39 4
32 3
6 4
29 0
3 2
2 2
8 3
5 3
18 4
38 3
12 1
35 0
35 4
13 3
43 3
38 2
41 4
27 4
31 0
15 3
19 1
18 0
9 4
0 0
0 1
18 3
25 1
39 1
40 0
20 1
5 2
33 1
10 1
28 4
0 2
43 4
31 4
42 0
19 4
9 0
0 3
29 3
14 1
36 0
40 3
22 1

100
10 4
29 0
20 1
21 3
19 1
43 4
25 3
24 4
44 2
1 1
37 3
11 4
1 2
18 3
38 4
1 0
41 4
0 4
42 4
42 3
5 0
27 0
39 3
3 4
20 2
20 4
43 2
13 3
17 0
6 2
34 0
15 0
25 4
2 2
42 2
19 4
1 4
41 3
38 1
2 4
5 2
2 0
21 1
18 4
35 0
26 1
37 4
40 4
17 4
22 1
42 1
16 0
27 3
36 4
21 4
40 3
19 3
9 0
16 2
34 2
35 3
44 3
39 4
26 4
43 1
0 0
44 4
38 3
31 3
28 2
12 3
23 4
30 0
28 0
25 1
36 0
27 4
18 0
27 1
0 3
36 1
5 1
3 0
23 1
25 2
10 1
22 2
15 4
37 2
14 3
12 4
12 0
4 4
31 0
22 3
9 3
11 2
6 0
28 3
39 1

100
28 0
36 0
28 1
38 4
6 1
35 4
25 3
39 4
2 2
42 1
38 3
1 4
30 2
36 3
10 4
13 0
33 4
29 4
41 4
19 3
42 0
17 0
43 3
0 4
13 2
16 4
34 2
37 3
35 0
44 2
37 0
27 0
40 4
17 2
42 2
30 4
42 4
42 3
38 1
17 4
10 0
35 1
40 1
15 4
9 0
44 1
9 4
32 4
31 4
33 1
8 1
12 0
17 3
27 4
28 4
31 3
24 3
44 0
35 2
6 2
9 3
13 3
43 4
44 3
43 1
43 0
44 4
23 3
35 3
37 2
14 3
11 4
38 0
16 3
41 1
18 0
18 4
0 0
9 1
0 3
1 1
36 1
29 0
21 1
31 2
18 1
40 2
36 4
15 2
27 3
6 4
32 0
2 4
14 0
39 3
10 3
12 4
39 0
32 3
3 1

100
20 0
21 0
20 1
43 3
40 1
15 4
12 3
17 4
1 2
36 1
18 3
41 3
37 2
44 3
1 4
36 0
36 4
4 4
40 4
40 3
23 0
17 0
14 3
19 4
34 2
0 3
21 2
13 3
15 0
26 2
16 0
42 0
20 4
14 2
3 1
3 4
5 4
5 3
23 1
6 4
44 2
21 1
12 1
0 4
22 0
38 1
24 4
2 4
18 4
26 1
13 1
44 0
15 3
11 4
10 4
17 3
26 3
25 0
43 2
0 2
16 3
42 3
26 4
36 3
22 1
24 0
25 4
10 3
25 3
25 2
16 4
42 4
26 0
9 4
2 1
0 0
27 4
27 0
27 1
27 3
24 1
0 1
18 0
9 1
18 2
16 1
10 2
7 4
39 2
23 3
12 4
39 0
21 4
9 0
1 3
20 3
5 2
12 0
37 3
4 1

