100
34 4
31 0
2 1
21 3
38 1
33 4
13 3
9 4
20 2
23 1
10 3
3 3
3 2
40 3
36 4
14 0
43 4
39 4
16 4
30 3
20 0
9 0
42 4
3 4
33 2
24 4
33 0
4 3
27 0
8 2
30 0
4 0
13 4
27 2
8 1
14 4
44 0
15 3
12 1
26 4
28 2
22 0
21 0
23 4
29 0
30 1
35 4
37 4
2 4
24 1
36 1
25 0
14 3
29 4
21 4
41 3
28 4
19 0
36 2
9 2
26 3
23 3
40 4
19 4
22 1
8 0
27 4
18 3
44 3
0 2
36 0
0 4
35 0
17 4
18 1
43 0
38 4
3 0
28 0
37 3
4 1
25 1
41 0
19 1
11 2
9 1
14 2
11 4
23 0
11 3
11 0
5 0
5 4
0 0
31 3
5 3
39 2
15 0
37 0
39 1

100
9 0
6 0
31 1
11 3
29 1
12 4
12 3
6 4
37 2
10 0
10 3
7 4
32 2
35 3
18 4
26 0
31 4
23 4
36 4
42 3
42 0
11 0
29 3
39 4
35 0
1 3
12 2
28 3
0 0
21 2
27 0
1 0
8 4
33 2
18 0
22 4
36 0
0 3
37 0
32 4
34 2
2 0
13 1
30 4
38 0
2 1
43 4
34 4
17 4
17 1
41 1
39 0
28 4
33 4
44 4
2 3
36 3
28 0
5 2
6 1
8 3
31 3
24 4
34 3
3 1
30 0
35 4
7 0
40 0
41 0
6 3
9 4
25 0
19 3
9 1
10 4
42 4
44 0
29 0
21 3
21 1
27 1
19 0
10 1
32 0
4 1
24 1
25 4
29 2
13 3
14 4
15 0
19 4
22 0
3 4
3 3
0 4
3 0
37 3
12 0

