100
44 0
8 0
40 0
42 3
28 1
33 4
9 3
5 4
19 0
16 1
12 3
32 4
8 2
4 3
13 4
32 0
10 4
34 4
28 4
20 3
20 0
10 0
20 4
9 4
15 2
24 4
9 0
38 3
25 0
44 4
39 0
0 0
14 4
31 2
43 2
37 4
6 4
29 3
4 0
36 4
7 2
25 1
7 0
41 4
3 0
17 0
42 4
26 4
12 4
12 0
37 1
31 0
34 3
8 4
35 4
23 3
11 0
26 0
30 0
15 4
7 3
3 3
22 4
18 3
22 1
6 0
25 4
30 3
0 3
29 0
11 3
11 4
43 0
43 3
34 1
27 4
21 4
18 0
3 1
5 0
1 1
42 1
1 0
23 1
16 2
41 0
12 1
39 4
27 0
21 3
21 0
36 0
29 4
33 0
15 3
39 3
27 2
14 0
1 4
4 1

100
26 4
40 0
29 1
42 4
24 1
41 4
25 3
13 4
21 2
43 1
36 3
28 3
19 2
40 3
29 4
28 0
4 4
27 4
19 4
29 3
14 0
3 0
5 4
8 4
35 0
34 4
23 2
18 3
19 0
38 0
36 0
7 0
30 4
29 2
17 0
10 4
9 4
37 3
10 1
3 4
34 0
22 1
27 0
28 4
9 0
3 1
36 4
6 4
44 4
32 1
44 1
37 0
18 4
23 4
20 4
7 3
43 4
18 0
39 0
12 2
32 3
33 4
11 4
38 4
18 1
8 0
21 4
32 0
20 0
30 2
33 0
17 4
13 0
35 3
30 1
35 4
22 4
15 0
37 1
31 4
4 1
25 1
10 0
33 1
0 2
7 1
15 1
39 4
16 2
0 3
4 0
41 0
14 4
21 0
0 4
11 3
0 0
24 0
29 0
11 1

