100
39 0
27 0
12 1
35 4
38 1
10 4
18 3
25 4
1 2
41 0
32 3
21 3
7 0
10 3
9 4
38 0
3 4
34 4
23 4
9 3
40 0
35 0
31 3
14 4
31 2
1 3
7 2
28 3
37 0
9 2
31 0
36 0
22 4
30 0
18 1
37 4
43 4
27 3
35 1
36 4
8 0
34 1
2 0
24 4
29 0
3 0
41 4
5 4
44 4
26 0
30 1
18 0
30 3
29 4
31 4
2 3
33 3
13 0
20 2
15 1
19 3
34 3
26 4
27 4
19 0
14 0
12 4
6 0
41 3
15 2
0 3
17 4
21 0
4 4
32 0
28 0
13 4
20 0
44 1
13 3
0 0
28 1
4 0
25 1
37 2
3 1
33 2
20 4
33 0
11 3
22 0
9 0
0 4
42 0
38 4
23 3
6 4
15 0
5 3
5 1

100
22 4
36 0
32 1
34 3
24 1
12 4
23 3
3 4
19 0
0 1
36 3
43 4
10 0
21 3
16 4
2 0
2 4
30 4
26 4
4 3
28 0
44 0
5 4
31 4
4 2
8 4
12 2
41 3
42 0
9 2
35 0
30 0
33 4
38 0
11 0
17 4
21 4
16 3
21 0
27 4
5 2
32 0
42 1
18 4
23 0
8 1
36 4
1 4
44 4
19 1
9 0
37 0
37 4
35 4
15 4
9 3
37 3
29 0
41 2
18 2
17 3
13 3
7 4
20 4
9 1
5 0
42 4
20 0
26 3
35 2
13 4
34 4
8 0
0 3
29 1
12 0
32 4
22 0
11 1
4 4
33 0
20 1
6 0
3 0
19 2
22 1
0 0
28 4
16 0
10 4
23 4
39 0
38 4
13 0
1 3
6 3
28 2
24 0
31 3
4 1

