100
18 0
7 0
1 0
31 3
14 1
23 4
6 3
40 4
24 2
35 1
41 3
19 4
39 2
23 3
39 4
32 0
6 4
0 4
17 4
10 3
6 0
5 0
34 3
44 4
1 2
16 3
23 0
3 3
41 0
35 4
36 0
37 0
26 4
26 2
25 2
10 4
28 0
9 3
29 0
8 4
34 2
9 1
44 0
25 4
20 0
28 1
31 4
13 4
37 4
39 1
12 1
42 0
5 3
27 4
2 4
30 3
9 4
0 0
33 0
5 1
39 3
13 3
43 4
35 3
19 1
8 0
7 4
19 0
11 3
0 2
42 4
4 4
9 0
15 3
11 1
24 0
5 4
35 0
43 0
30 0
25 0
21 1
21 0
1 1
32 2
29 1
13 2
14 4
16 0
11 4
32 4
10 0
20 4
2 0
27 3
24 3
41 1
38 0
13 0
23 1

100
31 0
18 0
29 1
42 3
30 0
17 4
43 3
44 4
16 2
43 1
18 3
18 4
8 2
14 3
43 4
35 0
19 4
33 4
7 4
4 3
19 0
39 0
32 3
35 4
21 2
6 3
38 0
11 3
10 0
13 4
23 0
12 0
0 4
43 2
37 0
15 4
29 0
19 3
44 0
6 4
43 0
21 0
22 1
24 4
40 0
39 1
36 4
29 4
26 4
28 0
44 1
9 0
41 3
8 4
14 4
7 3
36 0
4 0
22 0
37 4
34 3
24 3
23 4
13 3
28 1
8 0
9 4
15 3
20 0
11 2
27 0
30 4
11 0
31 4
31 1
3 0
12 4
24 0
23 1
22 3
13 0
1 1
25 0
12 1
41 0
9 1
32 1
4 4
24 2
16 3
20 4
32 0
1 4
15 0
40 4
0 3
5 0
0 0
28 3
15 1

100
33 4
5 0
10 0
11 4
35 1
31 4
43 3
9 4
6 2
28 1
20 3
29 4
5 2
31 3
30 4
11 0
17 4
15 4
23 4
18 3
32 0
4 0
24 3
35 4
33 2
0 3
38 2
7 3
34 0
43 2
3 0
2 0
26 4
9 2
12 2
34 4
32 4
30 3
1 1
16 4
16 2
27 1
34 1
18 4
0 0
30 1
20 4
27 4
19 4
0 1
6 1
33 0
40 3
25 4
24 4
23 3
44 3
27 0
37 2
35 2
42 3
28 3
21 4
27 3
19 1
1 0
22 4
26 3
39 3
28 2
19 3
28 4
35 0
6 3
15 1
18 0
36 4
36 0
36 1
9 3
24 1
20 1
12 0
31 1
7 2
7 1
40 2
1 4
10 2
1 3
6 4
6 0
12 4
15 0
32 3
3 3
2 2
29 0
36 3
10 1

100
31 4
0 0
34 1
8 4
44 1
9 4
1 3
28 4
14 2
9 1
30 3
3 3
36 2
37 3
40 4
44 0
15 4
32 4
41 4
33 3
43 0
37 0
44 3
36 4
37 2
44 4
5 2
31 3
32 0
23 2
1 0
36 0
3 4
1 2
32 2
43 4
6 4
40 3
29 1
38 4
42 2
31 1
38 1
30 4
31 0
40 1
39 4
14 4
7 4
39 1
13 1
8 0
18 3
10 4
12 4
32 3
26 3
41 0
15 2
43 2
21 3
8 3
4 4
42 4
7 1
30 0
37 4
36 3
25 3
35 2
11 4
29 4
42 0
27 4
35 1
9 0
18 4
18 0
18 1
9 3
1 1
42 1
6 0
4 1
20 2
16 1
18 2
16 4
33 2
22 3
0 4
33 0
33 4
38 0
27 3
41 3
24 2
27 0
5 3
3 0

100
30 0
31 0
22 1
21 3
16 1
42 4
31 3
40 4
38 2
4 1
27 3
23 3
28 2
18 3
43 4
28 0
41 4
0 4
36 4
17 3
17 0
29 0
35 3
31 4
39 2
9 4
29 2
40 3
38 0
19 2
11 0
44 0
37 4
0 2
44 2
39 4
44 4
29 3
44 1
8 4
10 2
26 1
20 1
38 4
42 0
19 1
5 4
27 4
35 4
11 1
12 1
32 0
24 3
32 4
30 4
16 3
41 3
16 0
40 2
14 2
32 3
12 4
4 4
16 4
17 1
43 0
33 4
9 0
12 3
25 2
39 3
34 4
27 0
12 0
10 0
0 0
18 4
18 0
27 1
0 3
2 1
42 1
36 0
9 1
30 2
24 1
41 2
28 4
34 2
33 3
13 4
39 0
1 4
33 0
42 3
36 3
15 2
13 0
9 3
36 1

100
37 4
18 0
26 1
21 3
28 1
30 4
40 3
36 4
31 2
33 1
37 3
19 3
4 2
41 3
25 4
26 0
14 4
16 4
15 4
1 3
25 0
0 0
0 3
18 4
2 2
36 3
20 2
11 3
7 0
15 2
24 0
1 0
43 4
41 2
25 2
41 4
42 4
18 3
6 1
9 4
27 2
8 0
7 1
13 4
14 0
0 1
35 4
44 4
22 4
42 1
25 1
9 0
13 3
32 4
34 4
12 3
26 3
20 0
28 2
13 2
42 3
12 4
24 4
43 3
1 1
2 0
31 4
20 3
14 3
12 2
13 0
17 4
3 0
8 3
19 0
27 0
0 4
36 0
9 1
27 3
2 1
31 1
5 0
36 1
38 2
20 1
16 2
10 4
33 2
9 3
38 4
21 0
27 4
10 0
15 3
23 3
22 1
15 0
3 3
38 1

100
15 4
33 0
28 0
8 4
2 1
4 4
34 3
14 4
29 2
15 1
28 3
10 4
18 2
17 3
11 4
13 0
13 4
17 4
26 4
1 3
11 0
17 0
15 3
18 4
4 2
27 3
17 2
29 3
9 0
16 4
7 0
27 0
27 4
19 2
13 2
2 4
1 4
30 3
12 1
9 4
3 2
0 1
8 1
3 4
34 0
1 1
24 4
20 4
12 4
35 0
14 1
8 0
38 3
25 4
0 4
14 3
36 3
12 0
27 2
16 2
40 3
29 4
33 4
13 3
17 1
29 0
19 4
16 3
2 3
36 2
5 3
31 4
10 0
35 3
25 1
18 0
36 4
36 0
36 1
18 3
31 1
23 1
3 0
9 1
40 2
3 1
38 2
34 4
23 2
43 3
5 4
14 0
21 4
0 0
9 3
6 3
5 2
30 0
31 3
20 1

100
38 0
39 0
5 1
21 3
29 1
9 4
22 3
0 4
27 2
12 1
6 3
30 3
9 2
20 3
43 4
36 0
33 4
17 4
38 4
29 3
8 0
37 0
37 3
8 4
12 2
5 4
3 2
31 3
29 0
42 2
44 0
6 0
42 4
13 2
43 0
4 4
28 4
34 3
17 1
40 4
35 2
4 1
1 0
6 4
0 0
32 1
44 4
41 4
39 4
23 1
28 1
2 0
32 3
27 4
29 4
39 3
36 3
7 0
43 2
28 2
23 3
4 3
12 4
7 4
21 1
4 0
11 4
44 3
38 3
41 2
13 4
35 4
5 0
10 4
27 1
9 0
18 4
18 0
36 1
9 3
7 1
30 1
27 0
0 1
39 2
2 1
24 2
36 4
15 2
18 3
1 4
40 0
14 4
33 0
30 4
41 3
24 1
30 0
24 3
33 1

100
6 0
43 0
26 1
11 4
12 1
8 4
44 3
43 4
12 0
22 1
13 3
42 3
26 2
14 3
44 4
44 0
0 4
9 4
13 4
6 3
37 0
5 0
5 3
17 4
6 2
8 3
3 2
4 3
9 0
5 2
11 0
10 0
6 4
36 0
44 1
16 4
14 0
3 3
42 0
10 4
37 2
3 0
39 1
2 4
8 0
40 1
3 4
14 4
39 4
41 1
13 1
38 0
1 3
41 4
42 4
16 3
2 3
17 0
28 2
4 2
7 3
7 4
15 4
12 3
9 1
13 0
1 4
22 3
26 3
38 2
43 3
12 4
18 0
7 0
27 1
27 4
18 4
27 0
0 1
27 3
42 1
23 1
15 0
36 1
7 2
10 1
0 2
4 4
33 2
23 3
23 0
0 0
36 4
19 0
9 3
36 3
40 2
39 0
39 3
14 1

100
11 4
37 0
36 1
16 4
39 1
22 4
17 3
25 4
18 2
30 1
34 3
12 3
36 2
10 3
13 4
44 0
23 4
34 4
35 4
16 3
36 0
25 0
8 3
27 4
5 2
37 4
34 2
39 3
9 0
37 2
39 0
26 0
14 4
14 2
38 2
9 4
17 0
41 3
10 1
40 4
40 2
38 1
16 1
10 4
40 0
13 1
26 4
15 4
36 4
17 1
18 1
16 0
11 3
31 4
18 4
36 3
37 3
38 0
27 2
7 2
40 3
44 3
39 4
38 3
27 1
18 0
38 4
33 3
9 3
17 2
29 3
44 4
43 0
30 3
24 1
27 0
0 4
0 0
0 1
18 3
25 1
22 1
41 0
28 1
11 2
20 1
43 1
32 4
25 2
6 3
19 4
10 0
41 4
13 0
28 4
13 3
33 1
19 0
22 0
40 1

