100
5 4
32 0
34 1
10 3
18 1
2 4
44 3
39 4
2 2
43 1
33 3
41 4
28 0
7 3
28 4
9 0
17 4
31 4
43 4
0 3
3 0
7 0
11 3
29 4
35 0
0 4
40 0
28 3
0 0
1 0
42 0
26 0
13 4
7 2
5 1
7 4
27 4
42 3
38 1
3 4
25 0
27 1
15 1
1 4
44 0
16 1
8 4
12 4
14 4
8 1
20 1
17 0
31 0
44 4
35 4
43 3
2 0
34 0
6 0
6 1
22 3
31 3
26 4
1 3
4 0
27 0
4 4
29 3
36 3
5 2
6 3
9 4
43 0
18 0
11 1
18 4
37 4
33 0
42 1
25 3
23 1
21 1
29 0
40 1
10 2
0 1
36 2
15 4
41 2
4 3
19 4
22 0
23 4
14 0
39 3
19 3
37 0
19 0
11 0
12 1

100
33 0
37 0
37 1
23 3
25 0
18 4
5 3
27 4
6 0
26 0
10 3
22 3
2 0
2 3
42 4
19 0
32 4
25 4
20 4
38 3
8 0
7 0
2 4
36 4
20 2
31 4
25 2
27 3
0 0
24 4
23 0
35 0
19 4
28 2
26 2
16 4
5 4
26 3
40 1
4 4
24 2
5 1
21 1
41 4
5 0
9 1
0 4
3 4
1 4
42 1
15 0
34 0
18 0
34 4
6 4
15 3
34 3
24 0
10 0
17 4
4 3
43 3
23 4
29 4
17 1
1 0
10 4
35 3
40 3
11 2
20 0
28 4
36 0
11 3
21 0
44 0
33 4
9 0
43 1
32 3
22 1
6 1
16 0
12 1
3 0
34 1
25 1
7 4
16 2
21 4
13 4
38 0
38 4
30 0
18 3
28 3
12 0
27 0
41 0
2 1

