100
35 4
40 0
30 0
4 4
18 0
5 4
43 3
19 4
39 0
3 1
21 3
33 4
30 2
23 3
7 4
41 0
22 4
32 4
14 4
1 3
27 0
36 0
18 3
26 4
11 0
33 3
35 0
24 3
25 0
41 4
38 0
26 0
6 4
9 0
21 0
42 4
20 0
29 3
21 1
18 4
7 2
42 0
13 1
8 4
17 0
29 1
25 4
0 4
3 4
14 1
2 1
24 0
40 3
9 4
12 4
0 3
19 0
32 0
31 2
24 4
20 3
23 4
31 4
8 3
16 0
31 0
30 4
28 0
30 3
8 0
40 4
11 4
29 0
36 4
31 1
1 4
10 4
37 0
40 1
41 3
34 1
42 1
43 0
36 1
22 0
25 1
9 1
43 4
33 0
11 3
15 4
0 0
27 4
12 0
37 4
13 3
12 2
4 0
5 3
18 1

100
11 4
35 0
14 1
34 4
22 1
22 4
10 3
9 4
23 2
23 0
9 3
26 4
44 2
6 3
33 4
32 0
28 4
5 4
18 4
11 3
31 0
4 0
38 4
31 4
31 2
43 3
27 2
23 3
44 0
28 2
2 0
18 0
0 4
2 2
17 1
3 4
13 0
4 3
18 1
43 4
24 2
1 0
5 0
10 4
7 0
20 1
6 4
44 4
17 4
0 0
33 0
34 0
43 0
27 4
12 4
3 3
39 0
30 0
39 2
12 0
35 3
32 4
30 4
13 4
30 1
3 0
42 4
25 3
15 3
17 2
29 4
36 4
22 0
39 3
41 1
8 0
4 4
9 0
32 1
41 4
42 1
36 1
24 0
25 1
11 2
27 1
4 1
14 4
9 2
12 3
40 0
19 0
19 4
14 0
23 4
0 3
14 2
36 0
27 3
27 0

