100
5 0
24 0
38 0
29 3
35 1
24 4
7 3
13 4
35 2
42 1
15 3
40 4
30 0
26 3
42 4
17 0
29 4
16 4
2 4
27 3
25 0
42 0
0 3
6 4
24 2
44 3
7 2
3 3
12 0
33 4
44 0
9 0
34 4
2 2
1 1
26 4
25 4
8 3
15 0
43 4
43 2
43 0
16 1
4 4
22 0
41 1
36 4
1 4
9 4
10 1
26 0
41 0
6 0
41 4
17 4
37 3
23 4
34 0
29 2
10 2
30 3
22 4
10 4
4 3
24 1
0 0
12 4
6 3
5 3
4 2
44 4
32 4
18 0
32 3
11 0
28 4
18 4
40 0
6 1
8 0
33 1
31 1
36 0
36 1
14 2
11 1
22 1
30 4
13 0
38 3
19 4
27 0
37 4
31 0
12 3
19 3
27 1
19 0
1 0
38 1

100
27 0
1 0
23 0
13 3
32 1
25 4
25 3
5 4
38 2
28 0
27 3
38 3
20 2
18 3
42 4
37 0
30 4
9 4
44 4
14 3
41 0
24 0
26 3
6 4
40 2
19 4
8 0
19 3
39 0
40 4
14 0
15 0
34 4
9 2
24 2
3 4
18 0
28 3
33 1
31 4
4 2
27 1
6 0
18 4
7 0
17 0
2 4
43 4
1 4
37 1
35 0
13 0
12 0
32 4
12 4
15 3
30 3
36 0
25 0
31 2
1 3
29 4
41 4
36 4
16 0
19 0
24 4
44 3
9 3
35 2
17 3
17 4
21 0
40 0
39 1
33 4
20 4
0 0
26 0
0 4
12 1
6 1
30 0
16 1
43 2
23 1
21 2
7 4
36 2
10 4
9 0
32 0
21 4
2 0
13 4
3 3
9 1
42 0
6 3
41 1

