273
18 5
20 17
21 25
13 14
8 25
0 45
16 45
10 44
15 37
6 38
1 40
12 46
18 3
21 14
17 10
8 13
11 20
15 25
13 7
1 25
22 3
23 44
5 18
7 20
7 25
8 6
13 21
3 18
16 4
23 10
12 25
17 26
1 23
6 11
11 19
21 19
3 23
19 8
12 9
8 4
5 4
12 7
22 5
2 6
12 3
0 11
8 27
6 14
15 27
18 40
17 40
13 40
20 42
1 42
19 40
10 38
12 19
7 8
13 20
6 9
16 16
18 27
11 7
21 27
8 14
3 43
2 10
4 21
12 27
22 24
8 0
17 12
11 3
21 12
3 27
5 28
16 2
17 20
1 0
23 12
13 8
11 12
5 22
16 13
16 1
10 3
18 6
16 20
22 23
8 16
0 29
13 19
18 29
9 42
17 37
10 40
6 46
21 46
16 38
20 44
12 21
16 9
18 23
1 14
6 15
20 29
24 20
2 29
13 24
15 41
11 14
23 0
6 29
2 16
16 18
18 22
21 11
7 4
17 29
12 30
1 13
22 18
11 2
23 16
8 12
2 7
19 15
12 4
15 2
3 13
10 20
21 13
0 0
6 24
21 31
12 22
18 31
8 42
9 37
13 42
20 45
1 43
17 45
10 37
2 15
13 9
8 18
3 1
21 7
0 31
11 24
15 31
6 21
7 45
23 2
12 5
8 31
16 8
21 10
22 6
12 23
1 16
13 31
2 32
23 21
13 16
18 7
7 2
6 20
20 11
22 20
10 9
11 5
12 18
11 1
0 16
0 15
19 14
15 33
12 12
20 33
8 38
1 44
22 41
6 45
10 41
17 41
13 37
22 14
21 16
18 12
17 24
0 3
13 33
23 20
7 33
16 5
11 46
3 2
12 17
1 33
6 7
8 15
11 21
3 21
22 19
12 33
16 34
13 0
2 21
21 24
23 4
7 13
7 18
2 20
24 19
4 1
22 0
20 9
12 14
22 15
0 18
20 35
16 12
8 35
10 43
18 38
12 38
6 43
19 37
1 46
13 41
21 21
8 17
22 21
18 13
13 5
6 35
11 23
1 35
16 22
5 37
23 14
15 6
11 35
7 1
23 3
22 4
21 0
6 18
13 35
16 36
1 1
15 20
8 5
3 16
12 15
8 22
6 4
23 7
14 0
22 2
17 23
16 3
23 41
4 42
24 45
3 42
14 39
11 37
2 43
7 42
5 40

53
13 23
23 16
8 25
11 3
17 25
19 33
14 36
0 30
3 36
20 32
22 30
4 31
13 10
17 22
18 7
3 5
6 10
21 25
16 21
10 25
8 14
1 28
24 17
2 13
3 25
11 13
2 20
21 0
1 5
8 8
13 25
5 26
18 15
22 16
16 1
17 9
23 3
15 3
18 22
16 15
4 11
13 7
0 8
12 12
7 33
15 33
6 28
12 31
1 32
2 28
21 30
24 27
16 30

