100
42 4
14 0
26 1
41 3
1 1
26 4
22 3
7 4
15 0
4 1
1 3
39 3
36 2
15 3
8 4
17 0
16 4
37 4
3 4
31 3
30 0
40 0
24 3
38 4
2 2
0 4
44 2
27 3
9 0
8 2
33 0
6 0
34 4
43 0
25 2
43 4
24 0
14 3
24 1
21 4
7 2
31 0
18 0
4 4
41 0
3 1
14 4
40 4
5 4
17 1
44 0
1 0
19 3
6 4
44 4
35 3
26 0
25 0
35 2
32 0
0 3
18 3
9 4
16 3
16 0
2 0
33 4
42 0
6 3
14 2
13 0
36 4
7 0
0 0
32 1
11 4
31 4
20 0
31 1
39 4
36 1
11 1
28 0
18 1
31 2
34 0
33 2
22 4
41 2
10 3
21 0
3 0
27 4
36 0
32 3
2 3
18 2
10 0
18 4
28 1

100
26 0
9 0
21 0
19 4
31 1
34 4
41 3
8 4
19 0
14 1
15 3
6 3
33 2
17 3
14 4
18 0
37 4
25 4
41 4
16 3
14 0
40 0
43 3
1 4
26 2
39 4
6 2
5 3
39 0
43 2
7 0
4 0
28 4
4 2
16 1
40 4
3 0
10 3
37 1
27 4
38 2
15 1
12 1
26 4
27 0
15 0
32 4
31 4
33 4
20 0
37 0
25 0
24 0
36 4
17 4
44 3
9 3
5 0
6 0
7 4
27 3
20 4
0 4
38 4
3 1
32 0
35 4
3 3
30 3
38 0
29 4
21 4
0 0
4 3
40 1
3 4
18 4
28 0
33 0
36 3
29 1
23 1
22 0
6 1
16 0
1 0
34 0
9 4
30 2
11 3
11 4
11 0
22 4
29 0
42 4
19 3
4 4
41 0
0 3
33 1

100
22 4
37 0
17 0
19 4
11 1
36 4
27 3
26 4
22 2
12 1
23 3
23 4
28 2
37 3
27 4
27 0
29 4
3 4
20 4
0 3
11 0
10 0
2 3
30 4
30 2
24 3
36 2
39 3
14 0
35 2
29 0
9 0
18 4
25 2
7 2
35 4
8 4
40 3
7 1
33 4
21 2
18 1
14 1
28 4
34 0
20 1
37 4
25 4
7 4
17 1
13 1
30 0
28 3
2 4
1 4
44 3
24 4
16 0
34 2
44 2
29 3
36 3
34 4
44 4
36 1
36 0
32 4
38 3
32 3
10 2
28 0
31 4
44 0
3 3
35 0
0 0
9 4
18 0
27 1
9 3
5 1
43 1
12 0
21 1
37 2
23 1
15 1
4 4
23 2
30 3
41 4
41 0
38 4
31 0
20 3
41 3
41 2
38 0
6 3
38 1

100
17 4
16 0
7 1
16 3
20 1
7 4
22 3
5 4
19 2
13 1
28 3
6 4
42 2
32 3
25 4
10 0
28 4
24 4
34 4
13 3
11 0
27 0
31 3
33 4
39 2
16 4
31 2
26 3
1 0
30 2
35 0
15 0
23 4
22 2
4 1
22 4
8 0
11 3
30 1
32 4
4 2
35 1
31 1
19 4
28 0
17 1
1 4
35 4
9 4
29 1
5 1
32 0
9 3
0 4
26 4
34 3
14 3
9 0
37 2
41 2
35 3
20 4
21 4
8 4
28 1
0 0
31 4
15 3
27 3
27 2
27 4
14 4
17 0
29 3
3 1
18 0
36 4
36 0
36 1
0 3
21 1
18 1
33 0
9 1
9 2
32 1
28 2
29 4
23 2
42 3
2 4
12 0
10 4
29 0
23 3
18 3
33 2
5 0
36 3
2 0

100
27 0
42 0
17 1
12 3
5 1
33 4
17 3
30 4
6 2
20 1
33 3
11 3
16 2
32 3
37 4
37 0
32 4
18 4
4 4
34 3
26 0
19 0
27 3
36 4
28 2
25 4
44 2
31 3
34 0
41 0
33 0
25 0
0 4
1 2
5 2
5 4
1 4
30 3
30 1
19 4
7 2
44 0
12 1
34 4
36 0
9 1
42 4
3 4
2 4
18 1
4 1
43 0
10 3
27 4
28 4
29 3
37 3
35 0
27 2
22 2
36 3
20 4
26 4
35 3
3 1
28 0
35 4
40 3
42 3
42 2
18 0
31 4
29 0
21 4
2 1
0 0
9 4
9 0
36 1
18 3
24 1
32 1
20 0
28 1
9 2
0 1
18 2
38 4
20 2
43 3
22 4
30 0
6 4
38 0
2 3
5 3
2 2
22 0
13 3
6 1

100
26 0
19 0
35 1
36 3
34 1
32 4
6 3
39 4
29 2
32 1
7 3
31 3
16 2
33 3
41 4
33 0
44 4
23 4
36 4
28 3
32 0
18 0
38 3
43 4
5 2
35 3
33 2
25 3
34 0
37 2
43 0
30 0
42 4
4 2
23 2
40 4
20 4
43 3
43 1
19 4
19 2
35 0
44 1
35 4
39 0
42 1
33 4
34 4
31 4
40 1
39 1
20 0
24 3
24 4
26 4
23 3
38 4
44 0
20 2
9 2
8 3
34 3
25 4
37 4
37 1
27 0
18 4
22 3
2 3
40 2
39 3
30 4
21 0
22 0
3 1
9 0
9 4
0 0
18 1
9 3
29 1
14 1
28 0
27 1
27 2
11 1
43 2
21 4
34 2
29 3
3 4
40 0
0 4
23 0
27 4
40 3
6 4
36 0
19 3
0 1

100
35 4
33 0
31 1
5 3
6 1
17 4
27 3
7 4
31 2
12 1
44 3
11 3
18 2
0 3
30 4
7 0
10 4
9 4
4 4
34 3
31 0
9 0
15 3
39 4
40 2
17 3
16 2
2 3
6 0
44 4
35 0
8 0
13 4
32 0
32 1
1 4
0 4
3 3
19 1
8 4
7 2
1 1
5 1
31 4
10 0
33 1
14 4
38 4
12 4
14 0
9 1
27 0
30 3
6 4
40 4
35 3
39 3
1 0
30 2
19 2
13 3
38 3
2 4
1 3
15 1
15 0
5 4
0 0
4 3
2 2
16 3
3 4
5 0
9 3
34 0
18 0
18 4
36 0
36 1
18 3
13 1
10 1
16 0
7 1
9 2
16 1
3 1
36 4
3 2
36 3
27 4
11 0
32 4
2 0
6 3
31 3
42 2
28 0
41 3
27 1

100
38 4
18 0
13 1
18 3
27 1
29 4
12 3
22 4
29 2
21 1
43 3
26 3
25 2
25 3
41 4
9 0
26 4
34 4
19 4
4 3
30 0
13 0
13 3
28 4
30 2
38 3
38 2
16 3
34 0
34 2
14 0
19 0
43 4
37 2
40 2
44 4
39 4
17 3
22 1
18 4
22 2
23 0
11 1
42 4
22 0
14 1
30 4
14 4
12 4
23 1
24 1
26 0
10 3
13 4
36 4
11 3
39 3
35 0
2 2
23 2
36 3
44 3
20 4
14 3
3 1
11 0
23 4
10 0
15 3
12 0
27 4
37 4
24 0
0 3
25 0
0 0
0 4
36 0
36 1
27 3
18 1
15 1
20 0
4 1
9 2
25 1
9 1
24 4
43 2
7 3
15 4
15 0
31 4
27 0
9 4
19 3
19 2
31 0
40 3
32 1

