100
28 4
4 0
16 1
41 4
31 1
3 4
1 3
24 4
9 0
2 0
2 3
19 4
13 0
26 3
1 4
11 0
11 4
44 4
14 4
42 3
27 0
26 0
7 3
40 4
36 0
27 3
25 2
32 3
38 0
3 0
10 0
25 0
2 4
21 2
10 2
36 4
39 4
34 3
44 1
20 4
14 0
15 0
30 1
34 4
28 0
17 1
25 4
35 4
27 4
3 1
21 0
41 0
40 3
9 4
33 4
23 3
20 0
40 0
17 2
42 4
44 3
43 4
12 4
17 3
19 1
43 0
38 4
31 3
39 3
20 2
28 3
8 4
23 0
18 0
21 1
13 4
26 4
17 0
42 0
18 4
32 1
23 1
0 0
27 1
37 2
4 1
11 2
15 4
0 2
20 3
21 4
29 0
4 4
32 0
36 3
4 3
29 4
5 0
12 3
0 1

100
28 4
16 0
14 1
7 3
11 1
31 4
26 3
18 4
22 0
37 1
9 3
12 4
4 2
17 3
32 4
8 0
11 4
5 4
27 4
27 3
15 0
17 0
8 4
14 4
18 2
6 4
0 2
13 3
23 0
16 2
14 0
9 0
35 4
32 2
21 2
37 4
7 0
11 3
33 1
17 4
13 2
37 0
29 1
10 4
34 0
39 1
2 4
30 4
20 4
28 1
38 1
2 0
4 3
4 4
15 4
38 3
14 3
36 0
39 0
25 2
0 3
3 3
42 4
36 3
18 1
6 0
44 4
10 0
39 3
1 2
16 4
36 4
19 0
5 3
1 0
38 0
19 4
35 0
24 0
6 3
42 1
3 1
20 0
40 0
43 2
23 1
40 1
33 4
25 0
0 4
42 0
27 0
39 4
3 0
23 4
21 3
22 2
30 0
33 3
11 0

