100
24 0
28 0
1 1
28 3
18 0
18 4
40 3
39 4
15 2
11 0
18 3
41 3
37 0
38 3
40 4
12 0
42 4
14 4
16 4
7 3
19 0
39 0
34 3
1 4
1 2
20 3
27 2
19 3
23 0
12 4
36 0
21 0
17 4
19 2
35 1
21 4
26 4
1 3
42 1
33 4
27 0
34 0
23 1
44 4
1 0
40 0
32 4
20 4
28 4
29 0
32 0
10 0
9 4
0 4
22 4
24 3
0 0
35 0
35 2
20 1
22 3
9 3
34 4
33 3
20 0
17 0
5 4
23 3
8 0
6 2
8 3
11 4
22 0
41 4
36 1
43 4
10 4
9 0
22 1
33 0
2 1
24 1
30 0
6 0
16 2
32 1
25 0
36 4
11 2
25 3
2 4
41 0
6 4
13 0
23 4
15 3
30 2
2 0
29 4
5 1

100
44 4
5 0
31 0
27 4
17 1
36 4
25 3
15 4
34 2
39 1
37 3
29 3
29 2
35 3
8 4
42 0
23 4
11 4
12 4
8 3
38 0
35 0
39 4
40 4
2 2
34 3
9 2
6 3
34 0
42 2
1 0
18 0
19 4
33 2
37 2
4 4
16 4
41 3
14 0
9 4
12 2
9 1
21 1
30 4
17 0
22 0
28 4
10 4
31 4
36 1
26 0
44 0
25 0
38 4
32 4
27 3
28 3
43 0
23 0
31 2
4 3
39 3
17 4
31 3
28 1
16 0
35 4
33 3
36 0
0 2
20 0
2 4
0 0
0 4
29 1
3 4
41 4
15 0
20 1
40 3
37 1
15 1
32 0
33 1
4 2
29 0
39 0
42 4
18 2
13 4
24 4
6 0
5 4
9 0
14 3
1 3
20 4
2 0
19 3
23 1

