100
2 0
5 0
20 1
19 4
2 1
13 4
18 3
39 4
3 2
42 0
44 3
10 3
39 2
8 3
35 4
9 0
18 4
0 4
21 4
43 3
20 0
21 0
9 3
2 4
11 2
12 4
19 0
19 3
27 0
5 2
44 0
0 0
4 4
16 0
43 2
42 4
35 0
25 3
4 1
27 4
28 0
44 1
1 1
6 4
43 0
31 0
1 4
31 4
10 4
15 1
8 1
32 0
24 0
14 4
9 4
7 3
26 4
4 0
11 0
22 4
1 3
15 3
5 4
4 3
3 0
17 0
8 4
29 0
13 3
28 2
12 3
11 4
18 0
28 3
3 1
12 0
17 4
23 0
36 1
30 3
39 1
23 1
33 0
33 1
21 2
5 1
29 1
37 4
25 0
2 3
23 4
6 0
28 4
13 0
31 3
40 3
0 2
39 0
36 3
41 1

100
10 0
9 0
5 0
11 3
0 0
7 4
21 3
9 4
14 0
5 1
20 3
35 4
29 2
13 3
20 4
27 0
15 4
41 4
11 4
44 3
25 0
1 0
3 3
13 4
13 0
26 4
12 2
10 3
20 0
37 2
8 0
7 0
34 4
21 0
40 1
17 4
0 4
8 3
17 0
4 4
8 2
38 1
15 1
27 4
18 0
14 1
24 4
22 4
5 4
19 1
26 0
24 0
39 4
30 4
36 4
12 3
37 3
12 0
39 2
44 1
24 3
28 4
3 4
18 4
22 1
6 0
19 4
14 3
0 3
23 2
43 3
14 4
37 0
28 0
20 1
29 4
23 4
23 0
36 0
25 3
36 1
1 1
42 0
12 1
1 2
6 1
21 2
1 4
25 2
32 3
2 0
30 0
31 4
39 0
42 4
38 3
41 2
33 0
15 3
9 1

100
42 0
20 0
10 1
21 4
42 1
31 4
20 3
19 4
3 2
20 1
8 3
16 3
9 2
18 3
32 4
30 0
9 4
15 4
26 4
32 3
43 0
44 0
7 3
20 4
34 2
35 4
15 2
26 3
9 0
38 2
35 0
25 0
16 4
19 2
12 2
33 4
19 0
27 3
43 1
29 4
4 2
36 1
39 1
14 4
18 0
38 1
25 4
11 4
17 4
44 1
26 1
10 0
24 3
12 4
18 4
30 3
19 3
39 0
41 2
30 2
31 3
10 3
34 4
17 3
34 0
26 0
10 4
28 3
25 3
32 2
35 3
30 4
24 0
15 3
24 1
0 4
36 4
0 0
27 1
36 3
40 0
21 1
11 0
12 1
27 2
40 1
36 2
27 4
7 2
4 3
13 0
21 0
22 4
27 0
1 3
21 3
4 1
31 0
36 0
14 1

100
39 0
42 0
3 1
36 3
14 1
35 4
12 3
15 4
35 2
12 1
14 3
43 3
44 2
42 3
34 4
38 0
44 4
13 4
3 4
9 3
6 0
10 0
32 3
40 4
40 2
36 4
33 2
10 3
14 0
5 4
13 0
41 0
37 4
6 2
13 1
31 4
12 4
41 3
4 1
29 4
34 2
0 1
44 1
16 4
36 0
11 1
14 4
4 4
30 4
5 1
9 0
12 0
11 3
33 4
11 4
37 3
20 3
37 0
11 2
38 1
13 3
27 3
39 4
38 4
39 1
44 0
28 4
31 3
38 3
25 2
27 4
17 4
11 0
39 3
33 1
27 0
18 4
18 0
18 1
0 3
42 1
1 1
7 0
6 1
9 2
9 1
16 2
9 4
3 2
28 3
0 4
15 0
6 4
3 0
41 4
15 3
28 2
0 0
33 3
29 1

100
17 4
42 0
27 1
44 4
41 1
4 4
43 3
33 4
17 2
4 1
16 3
35 4
34 2
6 3
15 4
40 0
8 4
9 4
11 4
7 3
2 0
17 0
22 3
7 4
15 2
27 4
20 2
0 3
41 0
9 2
16 0
36 0
0 4
4 2
16 2
12 4
13 4
20 3
43 0
37 4
36 2
12 0
15 0
2 4
14 0
43 1
6 4
34 4
36 4
42 1
30 1
13 0
37 3
1 4
10 4
40 3
14 3
8 0
13 2
22 1
13 3
44 3
14 4
8 3
37 1
7 0
16 4
15 3
42 3
10 2
39 3
43 4
44 0
17 3
3 1
18 0
18 4
27 0
9 1
27 3
5 1
18 1
0 0
1 1
38 2
28 1
11 2
31 4
27 2
4 3
28 4
37 0
38 4
9 0
1 3
10 3
6 2
3 0
23 3
33 1

100
41 4
41 0
16 1
15 4
19 1
12 4
5 3
43 4
40 2
23 1
43 3
2 3
41 2
4 3
24 4
17 0
37 4
4 4
44 4
44 3
9 0
4 0
32 3
7 4
8 2
8 4
30 2
20 3
13 0
44 2
5 0
42 0
39 4
36 2
42 2
40 4
22 4
18 3
26 1
10 4
23 2
3 1
41 1
42 4
43 0
9 1
9 4
38 4
23 4
0 1
43 1
8 0
27 3
36 4
0 4
19 3
17 4
6 0
32 2
7 2
30 3
37 3
11 4
3 4
38 1
44 0
13 4
21 3
29 3
35 2
21 4
1 4
7 0
25 4
18 1
18 0
27 4
27 0
27 1
9 3
39 1
24 1
36 0
1 1
33 2
21 1
28 2
5 4
38 2
7 3
38 0
14 0
18 4
10 0
24 3
40 3
20 2
1 0
33 3
10 1

100
2 4
33 0
4 1
27 3
13 1
32 4
17 3
33 4
11 2
9 1
9 3
5 3
23 2
23 3
5 4
2 0
21 4
27 4
6 4
0 3
26 0
16 0
2 3
25 4
44 2
15 3
32 2
14 3
0 0
24 2
25 0
3 0
18 4
13 2
31 1
4 4
5 0
16 3
23 1
1 4
31 2
4 0
0 1
0 4
9 0
20 1
22 4
34 4
20 4
24 1
25 1
24 0
18 3
31 4
3 4
13 3
11 3
18 0
28 2
33 2
24 3
26 3
24 4
4 3
7 1
1 0
26 4
19 3
28 3
38 2
12 3
35 4
34 0
25 3
17 1
9 4
36 4
36 0
36 1
36 3
21 1
32 1
30 0
10 0
4 2
10 1
18 1
7 4
34 2
30 3
6 0
19 0
28 4
13 0
32 3
6 3
19 2
27 0
20 3
27 1

100
20 0
22 0
18 0
30 4
4 1
22 4
19 3
19 4
20 2
35 1
27 3
34 3
10 2
33 3
34 4
19 0
0 4
32 4
16 4
23 3
1 0
32 0
25 3
9 4
1 2
22 3
22 2
7 3
0 0
3 2
30 0
23 0
20 4
18 2
14 2
28 4
29 4
20 3
17 1
1 4
15 2
28 1
5 0
18 4
27 0
20 1
27 4
10 4
33 4
8 1
21 1
29 0
21 3
2 4
26 4
28 3
29 3
31 0
12 2
32 1
2 3
17 4
21 4
35 4
33 1
28 0
31 4
8 3
31 3
7 2
26 3
8 4
26 0
6 3
18 1
9 0
36 4
36 0
36 1
9 3
1 1
24 1
24 0
30 1
27 2
22 1
39 2
6 4
24 2
37 3
3 4
2 0
12 4
6 0
23 4
3 3
5 1
33 0
42 3
13 1

