100
10 4
43 0
30 0
43 4
1 0
7 4
34 3
13 4
18 0
7 1
7 3
15 3
11 2
14 3
5 4
2 0
27 4
33 4
9 4
42 3
9 0
13 0
16 3
6 4
36 2
44 4
37 2
23 3
44 0
29 2
7 0
36 0
39 4
21 2
33 2
17 4
5 0
36 3
37 0
12 4
31 2
41 1
28 1
34 4
8 0
32 0
41 4
38 4
15 4
22 1
4 0
12 0
11 3
18 4
40 4
4 3
22 0
21 0
41 0
32 2
12 3
1 3
26 4
42 4
33 0
6 0
14 4
10 0
3 3
0 0
28 4
1 4
11 0
19 4
31 0
26 0
32 4
17 0
38 1
42 0
31 1
18 1
19 0
34 1
38 2
0 1
34 0
36 4
19 2
21 4
2 4
14 0
23 4
38 0
18 3
38 3
24 2
23 0
29 4
27 0

100
7 0
35 0
26 1
25 3
14 1
43 4
12 3
4 4
4 2
38 1
7 3
44 4
28 0
21 3
18 4
38 0
17 4
2 4
36 4
37 3
8 0
44 0
13 3
38 4
27 2
35 4
7 2
22 3
17 0
1 4
22 0
18 0
8 4
17 2
11 0
34 4
31 0
23 3
3 1
33 4
13 0
2 1
24 1
23 4
12 0
34 0
7 4
26 4
31 4
7 1
18 1
9 0
16 0
20 4
22 4
44 3
3 4
6 0
19 0
1 1
30 3
41 4
30 4
16 4
20 0
40 0
29 4
5 3
6 3
38 2
5 4
27 4
5 0
4 3
14 0
12 4
6 4
21 0
0 1
28 4
32 0
43 1
36 0
31 1
39 2
29 0
9 1
39 4
15 2
14 3
13 4
23 0
9 4
41 0
18 3
40 3
40 1
0 0
33 3
27 1

100
23 0
41 0
32 1
6 3
7 1
17 4
22 3
9 4
11 2
8 1
8 3
5 4
31 2
15 3
0 4
28 0
14 4
16 4
8 4
23 3
12 0
32 0
11 3
21 4
21 2
5 3
2 2
10 3
27 0
24 2
22 0
17 0
10 4
8 2
9 0
15 4
25 4
21 3
31 1
22 4
38 0
13 1
4 1
18 4
39 0
20 0
13 4
26 4
20 4
31 0
42 1
21 0
25 3
19 4
24 4
37 3
41 3
40 0
25 2
9 2
0 3
36 3
12 4
4 3
5 1
13 0
11 4
18 0
16 3
16 2
36 0
23 4
19 0
30 0
0 1
36 4
27 4
0 0
18 1
27 3
34 1
15 1
10 0
43 1
6 2
11 1
18 2
6 4
4 2
2 3
33 0
14 0
1 4
24 0
42 3
38 3
1 1
42 0
18 3
39 1

100
4 4
29 0
8 1
38 4
7 1
8 4
20 3
1 4
7 2
42 1
28 3
2 4
27 2
3 3
41 4
28 0
42 4
0 4
10 4
27 3
44 0
1 0
7 3
3 4
39 2
40 3
1 2
44 3
30 0
32 2
7 0
39 0
35 4
6 2
0 1
27 4
40 0
35 3
38 1
9 4
16 2
6 1
31 0
37 4
38 0
27 0
28 4
17 4
33 4
4 1
9 1
2 0
29 3
34 4
39 4
37 3
41 3
0 0
11 2
12 2
21 3
32 4
44 4
8 3
1 1
35 0
36 4
38 3
34 3
34 2
39 3
43 4
8 0
43 3
10 1
9 0
18 4
18 0
18 1
9 3
39 1
2 1
36 0
43 1
30 2
12 1
28 2
11 4
13 2
1 3
5 4
41 0
13 4
32 0
29 4
30 3
3 2
4 0
22 3
33 1

100
32 4
32 0
26 1
12 4
4 1
14 4
21 3
25 4
36 2
13 1
16 3
18 3
14 2
14 3
38 4
0 0
28 4
43 4
29 4
30 3
9 0
8 0
34 4
18 4
35 2
43 3
25 2
12 3
3 0
21 2
34 0
16 0
30 4
37 2
41 1
33 4
26 4
31 3
36 1
39 4
42 2
19 1
12 1
37 4
14 0
24 1
35 4
41 4
44 4
15 0
39 1
35 0
35 3
16 4
15 4
10 3
42 3
7 0
27 2
15 2
28 3
36 4
27 4
13 3
18 1
17 0
17 4
15 3
22 3
29 2
9 3
31 4
10 0
13 4
40 1
36 0
0 4
18 0
27 1
0 3
20 1
1 1
1 0
6 1
32 2
16 1
30 2
23 4
43 2
19 3
20 4
29 0
9 4
4 0
39 3
32 3
18 2
11 0
36 3
9 1

100
4 0
19 0
20 0
29 3
32 1
20 4
28 3
28 4
15 2
14 1
21 3
31 3
40 2
34 3
15 4
26 0
31 4
32 4
33 4
24 3
9 0
14 0
36 3
18 4
43 2
9 3
26 2
22 3
17 0
25 2
29 0
1 0
21 4
36 2
37 1
35 4
29 4
10 3
3 0
25 4
9 2
13 1
8 0
16 4
28 0
21 0
26 4
12 4
34 4
0 0
38 1
22 0
27 4
19 4
23 4
11 3
26 3
30 0
7 2
8 2
19 3
20 3
22 4
30 3
42 1
13 0
30 4
18 3
35 3
18 2
27 0
24 4
18 0
23 3
10 1
36 4
0 4
36 0
18 1
0 3
29 1
2 1
15 0
16 1
20 2
7 1
2 2
13 4
23 2
43 3
5 0
10 0
9 4
23 0
15 3
12 3
32 2
33 0
40 3
39 1

100
41 0
10 0
8 0
9 3
11 1
42 4
26 3
14 4
40 2
8 1
43 3
38 3
7 2
6 3
3 4
43 0
43 4
4 4
41 4
0 3
7 0
44 0
36 3
36 4
33 2
25 3
43 2
24 3
36 0
27 2
42 0
0 0
1 4
23 2
44 1
7 4
25 0
1 3
26 1
5 4
41 2
10 1
1 1
37 4
5 0
2 1
2 4
8 4
44 4
43 1
42 1
15 0
17 3
40 4
39 4
44 3
5 3
1 0
2 2
8 2
39 3
21 3
6 4
8 3
13 1
37 0
38 4
19 3
9 0
34 2
17 0
0 4
26 0
18 3
41 1
18 4
27 4
27 0
27 1
27 3
20 1
6 1
3 0
38 1
16 2
24 1
30 2
9 4
19 2
22 3
15 4
18 0
11 4
21 0
40 3
10 3
12 2
11 0
2 3
3 1

100
1 4
32 0
7 1
43 4
38 1
8 4
2 3
41 4
35 2
16 1
4 3
42 4
31 2
36 3
31 4
2 0
18 4
23 4
19 4
3 3
5 0
27 0
7 3
2 4
0 2
35 3
8 2
30 3
4 0
22 2
33 0
30 0
27 4
6 2
29 2
35 4
31 0
27 3
29 1
33 4
30 2
2 1
26 0
36 4
25 0
8 1
22 4
44 4
4 4
44 1
27 1
3 0
6 3
21 4
40 4
28 3
8 3
34 0
18 2
39 2
40 3
18 3
32 4
3 4
4 1
35 0
0 4
1 0
0 3
0 0
34 3
34 4
18 0
5 3
3 1
9 0
9 4
36 0
18 1
9 3
34 1
39 1
28 0
36 1
1 2
0 1
32 2
25 4
19 2
21 3
37 4
19 0
5 4
22 0
28 4
24 3
3 2
6 0
31 3
31 1

100
4 4
44 0
14 1
34 4
42 1
35 4
0 3
44 4
20 2
23 1
4 3
41 3
3 2
40 3
0 4
34 0
40 4
20 4
7 4
21 3
30 0
16 0
35 3
3 4
44 2
1 3
5 2
33 3
12 0
12 2
32 0
36 0
18 4
4 2
6 2
6 4
5 4
27 3
22 1
19 4
1 2
43 1
35 1
21 4
27 0
31 1
26 4
25 4
39 4
35 0
26 1
31 0
6 3
38 4
8 4
25 3
8 3
17 0
24 2
25 2
3 3
2 4
37 4
43 4
41 1
33 0
32 4
36 3
2 3
7 2
24 3
1 4
37 0
36 4
37 1
18 0
9 4
0 0
0 1
9 3
12 1
10 1
28 0
38 1
33 2
33 1
15 1
22 4
27 2
22 3
9 0
38 0
27 4
13 0
18 3
42 3
38 2
41 0
37 3
27 1

