100
34 0
24 0
8 1
1 3
9 1
34 4
8 3
11 4
5 2
37 0
34 3
27 3
12 2
7 3
18 4
8 0
22 4
36 4
41 4
41 3
17 0
11 0
28 3
12 4
19 2
43 3
21 2
19 3
18 0
4 2
2 0
33 0
30 4
8 2
22 0
8 4
21 4
11 3
39 1
32 4
6 2
25 0
6 0
37 4
36 0
44 0
1 4
10 4
6 4
36 1
44 1
0 0
23 0
29 4
14 4
36 3
9 4
32 0
2 2
7 2
10 3
23 3
13 4
15 3
11 1
35 0
7 4
37 3
16 3
28 2
9 0
19 4
5 0
15 0
26 0
29 0
33 4
16 0
13 1
39 3
29 1
19 1
30 0
3 0
13 0
14 1
24 2
16 4
27 0
42 4
2 4
19 0
24 4
41 0
38 4
2 3
1 1
38 0
29 3
24 1

100
15 4
21 0
9 0
19 4
12 1
2 4
3 3
26 4
12 2
0 0
14 3
32 3
37 2
17 3
18 4
29 0
35 4
33 4
4 4
4 3
27 0
32 0
2 3
7 4
21 2
33 3
35 0
27 3
36 0
16 4
8 0
13 0
13 4
23 0
14 0
17 4
31 0
31 3
19 0
9 4
11 2
14 1
24 0
11 4
15 0
7 1
29 4
30 4
14 4
2 1
0 1
20 0
29 3
8 4
10 4
21 3
7 0
22 0
9 2
38 2
1 3
35 3
6 4
25 4
17 0
30 0
23 4
18 0
25 3
27 2
16 0
3 4
37 0
38 4
4 1
44 0
5 4
28 0
37 1
12 4
19 1
15 1
33 0
28 1
23 2
1 0
23 1
36 4
25 0
7 3
39 4
41 0
42 4
10 0
18 3
11 3
33 1
38 0
4 0
38 1

100
11 4
6 0
5 0
1 4
23 0
4 4
31 3
0 4
32 2
35 1
35 3
7 3
0 2
6 3
10 4
10 0
9 4
17 4
2 4
11 3
13 0
43 0
30 3
25 4
26 2
22 3
29 2
16 3
39 0
26 0
25 0
8 0
12 4
12 2
17 2
5 4
3 0
9 3
9 0
19 4
14 2
44 0
10 1
26 4
11 0
14 1
24 4
20 4
22 4
3 1
12 1
7 0
24 0
3 4
18 4
15 3
4 3
17 0
30 2
2 1
19 3
21 4
23 4
10 3
6 1
12 0
8 4
18 3
5 3
2 2
17 3
16 4
4 0
23 3
28 1
27 4
36 4
27 0
18 1
36 3
7 1
4 1
40 0
39 1
18 0
0 1
3 2
6 4
34 2
28 3
36 0
14 0
13 4
20 0
1 3
12 3
23 2
0 0
32 3
31 1

100
39 4
13 0
33 1
20 3
32 1
20 4
12 3
18 4
25 2
7 1
36 3
37 3
7 2
34 3
16 4
11 0
11 4
15 4
31 4
16 3
43 0
14 0
35 3
35 4
3 2
43 4
33 2
23 3
25 0
14 4
36 0
19 0
37 4
17 2
42 2
32 4
44 0
21 3
8 1
17 4
23 2
12 0
22 1
38 4
9 0
24 1
10 4
34 4
19 4
35 1
34 1
10 0
27 3
36 4
44 4
19 3
13 3
21 0
16 2
35 2
9 3
15 3
26 4
21 4
23 1
26 0
9 4
44 3
17 3
39 2
24 3
25 4
18 0
14 3
38 1
0 0
0 4
27 0
9 1
0 3
0 1
4 1
41 0
19 1
31 2
25 1
10 2
12 4
14 2
39 3
28 4
22 0
22 4
15 0
40 4
41 3
19 2
38 0
31 3
29 1

100
40 0
37 0
5 0
9 4
15 1
14 4
39 3
29 4
26 2
2 1
24 3
32 4
25 2
8 3
27 4
44 0
33 4
35 4
30 4
5 3
2 0
36 0
36 3
11 4
29 2
18 3
41 2
30 3
6 0
6 2
39 0
31 0
28 4
27 2
1 2
31 4
17 0
38 3
38 0
12 4
23 2
5 1
11 1
0 4
7 0
7 1
8 4
34 4
2 4
4 1
28 1
8 0
41 3
13 4
4 4
32 3
7 4
3 0
24 2
26 1
1 3
23 3
10 4
3 3
35 1
0 0
3 4
0 3
44 3
4 2
1 0
1 4
4 0
42 3
13 1
18 4
36 4
18 0
36 1
9 3
29 1
16 1
34 0
9 1
36 2
32 1
38 2
5 4
19 2
25 3
11 0
14 0
15 4
41 0
33 3
27 3
23 1
27 0
20 3
19 1

100
37 0
8 0
29 0
9 3
13 1
15 4
38 3
17 4
27 2
11 1
5 3
34 4
44 2
33 3
12 4
13 0
43 4
31 4
32 4
41 3
39 0
11 0
13 3
28 4
23 2
29 3
32 2
35 3
12 0
12 2
38 0
42 0
42 4
9 2
43 1
33 4
9 4
43 3
42 1
38 4
38 2
27 1
9 1
35 4
4 0
44 1
30 4
36 4
37 4
10 1
6 1
44 0
10 0
29 4
27 4
36 3
27 0
43 0
8 2
26 2
28 3
42 3
14 4
13 4
29 1
36 0
44 4
27 3
28 0
20 2
39 3
16 4
3 0
40 3
3 1
0 4
18 4
18 0
18 1
18 3
32 1
0 1
40 0
37 1
14 2
34 1
30 2
10 4
41 2
14 3
14 0
33 0
39 4
30 0
6 3
10 3
0 2
0 0
1 3
39 1

100
4 0
42 0
19 1
39 3
5 1
9 4
3 3
8 4
1 2
16 1
17 3
0 4
40 2
37 3
11 4
37 0
44 4
17 4
3 4
13 3
19 0
0 0
9 3
21 4
17 2
18 4
10 2
38 3
18 0
43 4
38 0
26 0
1 4
9 2
2 2
16 4
36 4
44 3
22 1
42 4
5 2
18 1
20 1
15 4
39 0
4 1
12 4
40 4
4 4
21 1
8 1
43 0
3 0
14 4
13 4
16 3
10 3
2 0
14 2
36 2
43 3
4 3
41 4
36 3
13 1
1 0
10 4
11 3
30 3
31 2
15 3
2 4
44 0
36 0
6 1
9 0
27 4
27 0
27 1
18 3
42 1
11 1
40 0
14 1
3 2
24 1
32 2
19 4
12 2
6 3
5 4
5 0
23 4
20 0
37 4
0 3
36 1
23 0
40 3
1 1

100
43 0
12 0
33 1
34 3
1 1
43 4
19 3
30 4
37 2
28 1
30 3
9 4
41 2
35 3
40 4
44 0
44 4
42 4
28 4
9 3
17 0
42 0
18 3
33 4
28 2
32 4
35 2
40 3
13 0
36 2
25 0
26 0
29 4
14 2
4 2
14 4
31 4
38 3
14 1
36 4
12 2
18 1
21 1
27 4
22 0
23 1
7 4
6 4
13 4
24 1
25 1
24 0
20 3
37 4
8 4
13 3
24 3
20 0
7 2
8 1
36 3
39 3
17 4
16 4
12 1
18 0
41 4
21 0
26 3
38 2
39 4
38 4
19 0
23 0
5 1
0 0
18 4
27 0
36 1
0 3
15 1
3 1
14 0
19 1
22 2
31 1
20 2
34 4
1 2
10 3
10 4
36 0
0 4
39 0
27 3
15 3
32 2
9 0
31 3
9 1

100
40 4
26 0
19 0
39 4
12 1
0 4
28 3
6 4
40 2
44 1
44 3
1 3
34 2
3 3
8 4
18 0
25 4
24 4
23 4
8 3
9 0
2 0
18 3
1 4
21 2
19 4
28 2
21 3
10 0
20 2
22 0
17 0
41 4
43 2
39 2
22 4
9 4
19 3
20 0
2 4
2 2
2 1
4 1
43 4
21 0
8 1
18 4
44 4
26 4
0 0
31 1
1 0
25 3
4 4
3 4
23 3
43 3
8 0
1 2
35 1
0 3
26 3
7 4
42 3
30 1
11 0
15 4
22 3
2 3
38 2
11 4
42 4
7 0
3 0
3 1
27 0
27 4
36 0
18 1
9 3
5 1
28 1
15 0
37 1
23 2
0 1
36 2
20 4
16 2
29 3
12 4
4 0
36 4
23 0
39 3
5 3
3 2
12 0
32 3
13 1

100
17 0
35 0
3 1
19 3
36 1
32 4
22 3
8 4
36 2
22 1
10 3
2 3
27 2
26 3
7 4
1 0
16 4
31 4
33 4
11 3
13 0
8 0
23 3
1 4
25 2
40 3
23 2
41 3
0 0
31 2
6 0
9 0
10 4
41 2
11 2
17 4
34 4
34 3
14 1
15 4
8 2
7 1
20 1
12 4
28 0
6 1
35 4
0 4
9 4
18 1
41 1
2 0
1 3
27 4
2 4
33 3
24 3
7 0
15 2
28 2
21 3
9 3
28 4
3 3
13 1
10 0
30 4
42 3
14 3
18 2
12 3
3 4
27 0
13 3
9 1
36 0
18 4
18 0
27 1
36 4
25 1
10 1
11 0
1 1
32 2
23 1
4 1
13 4
43 2
43 3
14 0
29 0
4 4
32 0
36 3
6 3
0 2
3 0
29 3
15 1

