100
13 0
44 0
31 0
22 3
16 1
36 4
28 3
38 4
14 0
29 0
35 3
20 3
34 2
14 3
25 4
40 0
16 4
6 4
30 4
0 3
26 0
30 0
18 4
19 4
13 2
9 4
43 2
7 3
16 0
40 4
28 0
35 0
34 4
28 2
20 1
4 4
39 0
9 3
42 0
21 4
42 2
18 0
41 1
35 4
38 0
36 1
2 4
17 4
14 4
12 0
1 1
21 0
29 3
32 4
39 4
18 3
17 0
37 0
8 2
23 2
39 3
27 4
1 4
41 3
3 1
19 0
33 4
42 3
32 3
2 2
26 4
37 4
36 0
15 0
10 1
3 4
31 4
27 0
40 1
5 3
43 1
38 1
0 0
22 1
19 2
24 1
11 2
12 4
29 2
36 3
6 0
3 0
42 4
9 0
22 4
11 3
6 1
22 0
32 0
32 1

100
36 4
44 0
42 0
7 3
17 0
35 4
41 3
40 4
18 2
28 0
28 3
44 4
22 0
37 3
9 4
2 0
34 4
23 4
28 4
3 3
0 0
43 0
5 4
31 4
5 2
27 3
42 2
9 3
18 0
34 2
7 0
5 0
1 4
32 2
39 1
22 4
15 0
36 3
10 1
42 4
27 0
12 0
8 1
2 4
36 0
33 1
17 4
6 4
27 4
23 1
23 0
6 0
1 3
21 4
0 4
39 3
29 0
24 0
0 2
3 2
4 3
8 3
19 4
10 3
5 1
26 0
43 4
40 3
43 3
25 0
24 3
18 4
30 0
37 0
29 1
20 4
25 4
1 0
25 1
14 3
16 1
40 0
38 0
31 0
36 2
0 1
14 1
29 4
3 0
25 3
11 4
33 0
14 4
19 0
37 4
11 3
10 2
9 0
30 3
40 1

