100
23 0
18 0
8 0
16 3
37 1
25 4
43 3
0 4
30 2
30 0
11 3
27 3
29 0
26 3
43 4
40 0
11 4
36 4
2 4
18 3
34 0
4 0
3 3
31 4
18 2
10 3
26 2
2 3
12 0
44 4
10 0
9 0
8 4
5 0
20 1
4 4
17 0
35 3
34 1
9 4
44 0
31 1
3 0
21 4
42 0
43 0
32 4
15 4
22 4
5 1
8 1
2 0
42 3
33 4
42 4
38 3
35 4
33 0
31 2
24 4
44 3
13 4
16 4
3 4
35 1
28 0
41 4
32 3
17 3
41 0
6 0
40 4
39 0
19 0
22 1
35 0
12 4
0 0
1 1
11 0
9 1
28 1
21 0
23 1
36 2
31 0
14 2
27 4
34 2
12 3
18 4
36 0
37 4
13 0
23 3
28 3
23 2
24 0
5 4
39 1

100
9 4
13 0
3 0
5 3
39 1
29 4
14 3
28 4
1 2
1 1
22 3
36 4
35 2
17 3
24 4
35 0
0 4
22 4
41 4
7 3
44 0
9 0
42 3
17 4
43 2
7 4
3 2
18 3
15 0
30 2
18 0
26 0
16 4
11 0
18 1
35 4
40 4
38 3
1 0
34 4
14 2
16 1
20 1
44 4
0 0
8 1
15 4
11 4
2 4
35 1
2 0
27 0
33 4
37 4
23 4
13 3
10 4
31 0
9 2
4 2
35 3
1 4
32 4
27 4
34 1
22 0
39 4
8 0
31 3
23 0
43 0
38 4
10 0
14 0
21 1
42 4
8 4
12 0
37 1
17 0
4 1
32 1
6 0
9 1
24 2
24 0
40 2
25 4
36 2
29 3
12 4
28 0
18 4
37 0
4 4
9 3
21 2
19 0
32 0
40 0

100
34 4
22 0
15 1
39 4
3 1
11 4
25 3
30 4
0 2
9 1
8 3
14 3
23 2
16 3
1 4
39 0
12 4
16 4
14 4
19 3
10 0
26 0
9 3
35 4
26 2
7 3
42 2
40 3
40 0
9 2
18 0
17 0
7 4
8 2
4 1
3 4
28 4
21 3
42 0
9 4
36 2
43 0
13 1
2 4
24 0
43 1
17 4
13 4
6 4
28 1
30 1
23 0
12 3
15 4
40 4
41 3
18 3
41 0
37 2
35 2
13 3
39 3
44 4
27 4
11 1
44 0
10 4
26 3
20 3
21 2
5 4
41 4
25 0
44 3
8 1
0 0
18 4
27 0
18 1
27 3
34 1
16 1
37 0
41 1
12 2
32 1
18 2
42 4
3 2
10 3
31 4
11 0
36 4
19 0
4 3
36 3
38 1
14 0
1 3
0 1

100
37 4
40 0
2 1
5 3
14 1
12 4
24 3
43 4
1 2
30 1
36 3
10 3
10 2
8 3
42 4
9 0
8 4
34 4
28 4
16 3
2 0
42 0
38 3
14 4
25 2
3 4
6 2
3 3
14 0
40 2
5 0
36 0
7 4
27 2
5 2
4 4
10 4
14 3
34 1
6 4
0 2
3 1
4 1
13 4
41 0
3 0
9 4
27 4
17 4
7 1
28 1
10 0
42 3
35 4
30 4
17 3
22 3
44 0
3 2
26 2
7 3
43 3
11 4
38 4
1 1
4 0
5 4
37 3
23 3
22 2
4 3
36 4
43 0
29 4
32 1
27 0
18 4
18 0
18 1
27 3
38 1
5 1
0 0
16 1
7 2
36 1
15 2
15 4
28 2
25 3
11 0
6 0
0 4
15 0
39 3
0 3
19 2
37 0
18 3
10 1

100
3 0
44 0
4 1
43 3
17 1
19 4
24 3
44 4
17 2
12 1
44 3
38 3
3 2
8 3
8 4
8 0
39 4
4 4
3 4
6 3
5 0
2 0
30 3
26 4
16 2
5 3
32 2
37 3
1 0
37 0
25 0
0 0
1 4
24 2
23 1
24 4
14 0
26 3
8 1
25 4
22 2
3 1
22 1
2 4
39 0
24 1
0 4
42 4
20 4
4 0
44 1
22 0
27 3
21 4
43 4
20 3
25 3
26 0
43 2
23 2
35 3
22 3
18 4
23 3
38 0
21 0
23 4
12 0
24 0
41 2
7 3
36 4
23 0
22 4
18 1
9 4
27 4
27 0
27 1
9 3
13 1
0 1
6 0
36 1
34 2
38 1
25 1
37 4
12 2
18 3
18 0
15 0
5 4
9 0
39 3
1 3
41 1
40 0
31 3
19 1

100
17 0
10 0
4 0
28 3
0 1
1 4
33 3
30 4
4 2
1 1
8 3
16 3
7 2
6 3
2 4
5 0
0 4
14 4
28 4
7 3
0 0
15 0
27 3
15 4
17 2
14 3
5 2
12 3
14 0
34 2
35 0
27 0
12 4
12 0
0 2
13 4
7 4
15 3
35 1
31 4
12 2
9 1
7 1
3 4
8 0
3 0
6 4
8 4
32 4
29 1
30 1
16 0
32 3
4 4
35 4
30 3
19 3
23 0
19 2
39 2
29 3
20 3
27 4
13 3
10 1
34 0
34 4
24 3
13 0
7 0
29 4
33 4
6 0
18 0
28 1
18 4
36 4
36 0
36 1
36 3
3 1
12 1
1 0
19 1
27 2
23 1
10 2
16 4
2 2
34 3
31 0
28 0
9 4
20 0
0 3
9 3
14 2
24 0
3 3
31 1

100
43 4
43 0
2 1
42 4
19 1
12 4
39 3
44 4
41 2
12 1
36 3
41 4
26 2
37 3
31 4
37 0
36 4
24 4
27 4
26 3
12 0
2 0
32 3
18 4
22 2
31 3
17 2
15 3
1 0
15 2
13 0
11 0
35 4
28 2
44 1
37 4
20 4
44 3
24 1
19 4
33 2
14 0
7 1
21 4
44 0
8 1
13 4
34 4
9 4
4 0
40 1
41 0
29 3
23 4
10 4
17 3
13 3
5 0
29 2
35 2
33 3
43 3
22 4
14 3
15 1
0 0
14 4
10 3
42 0
7 2
11 4
33 4
36 0
25 3
39 1
18 0
0 4
27 0
27 1
0 3
20 1
22 1
9 0
41 1
39 2
13 1
4 2
25 4
31 2
22 3
38 4
15 0
15 4
6 0
19 3
40 3
12 2
38 0
28 4
36 1

