273
3 20
19 0
21 25
12 12
8 25
6 45
23 39
0 41
13 43
7 40
16 37
14 38
8 21
11 16
13 2
23 14
6 0
15 25
20 20
1 25
12 11
18 42
24 1
17 2
6 25
22 22
1 13
7 2
13 18
16 3
23 25
10 26
3 3
8 22
2 13
18 16
8 5
8 6
22 14
10 1
13 8
21 18
12 14
3 14
13 21
0 9
20 27
12 13
22 27
16 43
14 45
7 43
2 42
6 40
19 42
9 38
23 24
22 1
16 13
21 1
1 15
13 27
18 15
6 27
11 6
17 38
3 11
5 11
16 27
6 17
13 16
22 21
17 5
7 18
2 27
10 28
23 15
21 16
1 2
8 24
18 5
22 4
13 20
14 4
19 2
22 8
7 12
6 18
3 2
13 9
8 29
16 5
22 29
0 39
6 39
14 46
2 46
20 37
21 41
19 43
3 5
18 19
16 8
2 5
21 15
5 29
7 16
10 29
13 23
15 41
24 23
1 3
3 29
23 1
22 3
12 20
7 7
21 8
1 29
16 30
2 12
6 22
17 18
8 9
13 11
22 20
6 5
8 12
1 19
24 19
7 11
10 17
12 16
3 9
22 31
21 7
6 31
2 45
9 40
19 41
0 46
8 41
13 45
14 43
12 21
8 13
21 13
23 16
6 1
13 31
4 2
15 31
3 23
11 46
1 12
18 14
8 31
7 10
18 6
16 16
13 3
23 22
12 31
20 32
17 7
12 7
2 9
6 12
3 1
20 1
5 8
23 11
11 20
6 15
13 14
17 0
9 16
16 19
6 33
12 19
2 33
23 37
8 43
0 40
22 41
14 42
20 41
13 42
2 20
3 6
8 17
18 11
5 3
13 33
1 24
21 33
17 20
12 40
15 23
11 9
1 33
22 13
23 9
6 19
3 4
13 17
8 33
17 34
7 4
2 6
12 4
11 2
21 17
3 17
0 15
12 8
20 11
21 21
1 1
14 18
19 9
0 1
2 35
12 1
20 35
14 44
6 38
16 40
22 40
23 44
9 41
13 37
13 0
1 5
16 18
3 8
21 0
23 35
18 1
6 35
2 17
11 43
17 22
12 5
11 35
16 1
23 12
21 3
22 5
6 9
17 35
1 36
12 9
18 4
8 0
13 1
7 21
20 18
10 16
23 2
17 1
24 13
14 9
5 14
18 44
24 41
17 41
4 39
10 39
11 45
5 46
1 45
15 38

53
21 5
17 8
23 25
11 5
3 25
9 30
15 31
14 29
19 32
0 30
16 27
20 27
21 14
3 4
1 15
23 1
5 17
15 25
8 7
10 25
18 9
2 31
22 23
13 0
2 25
12 11
3 1
16 3
8 8
22 19
13 25
5 26
1 1
18 2
23 20
21 6
16 19
1 3
4 15
16 9
21 15
0 10
13 12
22 11
18 30
13 27
6 35
12 27
2 29
7 33
8 31
22 30
1 33

100
42 4
22 0
39 1
14 3
31 1
36 4
35 3
9 4
7 2
38 1
10 3
17 3
20 2
16 3
4 4
33 0
5 4
41 4
37 4
34 3
34 0
4 0
9 3
17 4
25 2
11 3
17 2
6 3
31 0
35 0
3 0
32 0
15 4
3 2
10 2
16 4
20 0
29 3
30 1
1 4
1 2
11 1
29 1
14 4
23 0
41 1
44 4
10 4
7 4
41 0
10 1
5 0
8 4
38 4
43 4
8 3
23 3
30 0
9 2
9 1
7 3
5 3
2 4
15 3
32 1
40 0
0 4
31 3
1 3
33 2
18 3
6 4
21 0
32 3
15 1
18 4
27 4
9 0
0 1
36 3
25 1
16 1
43 0
42 1
15 2
33 1
36 1
39 4
22 2
27 3
27 0
6 0
11 4
0 0
24 3
2 3
18 1
36 0
19 3
12 1

