100
43 0
21 0
18 0
20 3
24 1
21 4
23 3
33 4
34 2
2 1
14 3
13 3
43 2
8 3
30 4
4 0
4 4
17 4
0 4
29 3
27 0
17 0
32 3
5 4
11 2
36 3
20 2
9 3
42 0
22 2
5 0
9 0
40 4
23 0
22 1
1 4
35 4
31 3
22 0
36 4
42 2
29 1
43 1
22 4
14 0
26 1
2 4
20 4
18 4
39 1
33 0
19 0
4 3
3 4
15 4
1 3
15 3
0 0
36 0
21 1
40 3
25 3
13 4
41 4
14 1
35 0
19 4
44 3
2 3
44 0
15 0
16 4
34 0
6 4
42 1
37 0
26 4
20 0
18 1
39 3
15 1
1 0
31 0
38 0
24 2
40 1
6 1
31 4
40 0
7 4
10 4
6 0
27 4
24 0
37 4
10 3
42 4
10 0
5 3
28 0

100
4 4
11 0
9 0
10 3
25 0
8 4
43 3
33 4
6 2
34 1
26 3
23 3
10 0
29 3
36 4
27 0
32 4
43 4
35 4
35 3
31 0
18 0
6 4
17 4
5 0
30 4
32 2
11 3
36 0
39 2
40 0
32 0
31 4
1 0
44 2
39 4
42 4
16 3
7 0
3 4
9 2
14 1
28 0
25 4
26 0
4 1
40 4
41 4
13 4
30 0
32 1
29 0
8 0
12 4
5 4
18 3
38 0
19 0
7 2
31 1
44 3
31 3
11 4
34 4
21 1
17 0
44 4
4 3
22 3
22 2
24 3
38 4
44 0
9 4
9 1
24 4
28 4
23 0
16 1
16 4
18 1
23 1
12 0
27 1
10 2
36 1
39 1
14 4
40 2
1 4
41 0
20 0
20 4
14 0
6 3
36 3
0 2
33 0
0 3
2 0

100
3 0
31 0
35 1
31 4
20 1
5 4
10 3
30 4
29 2
26 1
30 3
24 3
39 2
25 3
18 4
8 0
23 4
29 4
33 4
42 3
20 0
0 0
26 3
3 4
34 2
38 3
21 2
22 3
2 0
5 2
19 0
1 0
32 4
27 2
34 1
25 4
2 4
23 3
44 1
24 4
40 2
2 1
8 1
35 4
41 0
7 1
1 4
27 4
26 4
0 1
1 1
29 0
7 0
0 4
4 4
18 3
12 3
5 0
41 2
11 2
16 3
35 3
22 4
19 3
40 1
4 0
19 4
20 3
17 3
3 2
36 0
34 4
37 0
6 0
33 1
36 4
9 4
9 0
9 1
0 3
24 1
42 1
27 0
3 1
32 2
18 1
14 2
20 4
30 2
36 3
21 0
24 0
6 4
38 0
32 3
39 3
22 2
42 0
27 3
28 1

100
3 4
21 0
4 0
21 4
11 1
5 4
7 3
0 4
41 2
2 1
6 3
10 3
30 2
5 3
13 4
10 0
6 4
11 4
36 4
25 3
25 0
0 0
35 3
20 4
36 2
25 4
9 2
26 3
26 0
33 2
6 0
9 0
26 4
24 2
0 1
8 4
12 4
19 3
19 1
7 4
1 2
24 1
16 1
22 4
20 0
7 0
4 4
18 4
1 4
17 0
39 1
5 0
28 3
2 4
19 4
13 3
27 3
18 0
22 2
38 2
31 3
17 3
9 4
23 4
3 0
8 0
17 4
8 3
4 3
35 2
11 3
24 4
19 0
9 3
21 1
36 0
27 4
27 0
27 1
36 3
40 1
25 1
1 0
3 1
7 2
9 1
28 2
38 4
2 2
14 3
14 4
14 0
42 4
11 0
1 3
22 3
5 1
22 0
32 3
42 1

100
16 4
26 0
13 1
18 4
36 1
38 4
14 3
11 4
29 2
12 1
43 3
9 3
11 2
20 3
43 4
0 0
42 4
27 4
13 4
44 3
23 0
4 0
10 3
10 4
0 2
9 4
35 2
40 3
22 0
10 2
18 0
19 0
28 4
40 2
44 2
44 4
20 4
34 3
33 1
23 4
39 2
15 1
22 1
22 4
29 0
10 1
41 4
29 4
25 4
14 1
19 1
20 0
17 4
39 4
15 4
28 3
11 3
28 0
14 2
23 2
15 3
13 3
26 4
12 4
11 1
27 0
24 4
35 3
12 3
21 2
27 3
14 4
21 0
8 0
34 1
36 0
0 4
9 0
0 1
0 3
2 0
27 1
24 0
20 1
15 2
16 1
3 2
36 4
12 2
18 3
33 4
30 0
30 4
5 0
21 3
29 3
18 2
33 0
24 3
42 1

100
27 0
40 0
27 1
31 3
39 1
11 4
30 3
32 4
43 2
36 1
37 3
38 3
39 2
12 3
12 4
32 0
36 4
2 4
27 4
10 3
41 0
31 0
41 3
13 4
44 2
6 3
42 2
35 3
29 0
21 2
37 0
17 0
38 4
3 2
38 1
37 4
14 4
39 3
16 1
40 4
38 2
15 1
14 1
0 4
39 0
30 1
1 4
17 4
5 4
9 1
40 1
36 0
16 3
31 4
44 4
5 3
39 4
28 0
13 2
34 2
11 3
40 3
4 4
28 4
4 1
13 0
3 4
15 3
17 3
9 2
32 3
15 4
44 0
33 3
7 1
0 0
18 4
18 0
18 1
18 3
12 1
41 1
42 0
28 1
30 2
43 1
25 2
29 4
27 2
9 4
33 4
10 0
6 4
14 0
41 4
42 3
4 2
33 0
2 3
32 1

100
22 0
20 0
32 1
34 4
40 1
29 4
30 3
38 4
32 2
17 1
22 3
36 3
12 2
37 3
18 4
21 0
37 4
23 4
32 4
39 3
16 0
17 0
44 3
21 4
9 2
0 3
43 2
34 3
44 0
30 0
41 0
29 0
24 4
41 2
4 2
39 4
18 0
40 3
36 1
35 4
33 2
41 1
44 1
19 4
26 0
11 0
44 4
26 4
36 4
39 1
0 1
42 0
43 0
22 4
28 4
41 3
10 0
35 0
22 2
26 2
25 3
26 3
27 4
43 4
39 0
9 0
20 4
38 3
29 3
42 2
28 3
25 4
40 0
27 3
38 1
0 4
9 4
0 0
18 1
9 3
34 1
11 1
27 0
1 1
27 2
13 1
39 2
30 4
7 2
42 3
13 0
36 0
40 4
31 0
2 3
31 3
36 2
23 0
19 3
5 1

