100
12 4
34 0
2 1
23 3
34 1
9 4
3 3
36 4
13 2
16 1
20 3
38 3
18 0
25 3
8 4
33 0
29 4
38 4
31 4
2 3
44 0
15 0
10 4
14 4
18 2
39 3
32 0
6 3
27 0
1 2
42 0
26 0
18 4
16 2
4 2
35 4
11 4
0 3
36 1
7 4
25 2
29 1
5 1
16 4
30 0
43 0
32 4
37 4
26 4
22 0
11 1
11 0
21 0
40 4
21 4
10 3
13 3
7 0
10 0
6 2
28 3
22 4
44 4
35 3
29 0
8 0
13 4
12 0
27 3
40 2
39 4
2 4
31 0
17 4
28 0
20 4
15 4
20 0
3 0
40 3
40 0
14 1
13 0
40 1
34 2
27 1
16 0
0 4
31 2
11 3
4 0
23 0
41 4
0 0
29 3
42 3
3 4
36 0
32 3
18 1

100
40 4
32 0
34 1
44 3
35 1
21 4
3 3
11 4
27 2
10 0
23 3
18 3
0 0
39 3
43 4
39 0
33 4
37 4
16 4
42 3
22 0
18 0
17 4
8 4
19 2
11 3
11 0
41 3
42 0
23 2
31 0
43 0
10 4
7 2
5 1
30 4
42 4
0 3
33 1
18 4
31 2
27 1
9 0
22 4
14 0
14 1
1 4
9 4
7 4
30 0
1 1
40 0
13 4
6 4
15 4
16 3
12 4
41 0
13 2
0 2
32 3
20 4
41 4
13 3
23 0
8 0
32 4
44 0
1 3
24 2
40 3
44 4
33 0
19 3
17 1
38 4
14 4
27 0
25 1
21 0
36 1
19 0
28 0
20 1
34 0
12 1
2 2
34 4
12 0
3 4
5 0
24 0
27 4
15 0
36 3
29 3
36 0
2 0
24 4
28 1

100
12 0
17 0
32 1
30 4
38 1
32 4
42 3
7 4
27 2
27 1
23 3
36 3
44 2
41 3
42 4
2 0
28 4
18 4
31 4
25 3
1 0
14 0
10 3
36 4
32 2
28 3
36 2
34 3
8 0
40 2
16 0
3 0
19 4
30 2
0 1
38 4
39 4
26 3
20 1
4 4
19 2
33 1
28 1
23 4
28 0
39 1
22 4
44 4
20 4
44 1
7 1
27 0
39 3
21 4
43 4
24 3
22 3
4 0
23 2
7 2
44 3
18 3
29 4
27 4
31 1
0 0
3 4
27 3
35 3
28 2
33 3
37 4
29 0
8 4
18 1
18 0
9 4
36 0
9 1
0 3
21 1
4 1
5 0
34 1
33 2
29 1
16 2
5 4
1 2
12 3
33 4
33 0
24 4
9 0
19 3
29 3
13 2
30 0
15 3
24 1

100
18 0
38 0
31 1
13 4
32 1
27 4
5 3
38 4
33 2
43 1
27 3
37 3
6 2
39 3
32 4
19 0
25 4
30 4
21 4
36 3
43 0
31 0
3 3
17 4
21 2
30 3
20 2
41 3
34 0
20 4
36 0
35 0
24 4
44 2
38 2
40 4
28 4
38 3
26 0
39 4
24 2
44 1
28 1
33 4
39 0
16 1
42 4
22 4
43 4
17 1
27 1
37 0
23 4
34 4
29 4
23 3
44 4
40 0
25 2
3 2
19 3
32 3
37 4
36 4
41 1
27 0
35 4
0 3
18 3
40 2
44 3
26 4
44 0
2 3
12 1
0 0
0 4
9 0
18 1
9 3
13 1
29 1
41 0
36 1
31 2
33 1
28 2
18 4
32 0
7 3
9 4
23 0
14 4
28 0
33 3
20 3
0 2
20 0
24 3
38 1

100
22 0
0 0
22 1
19 3
29 1
21 4
5 3
23 4
39 2
43 1
15 3
35 3
20 2
20 3
22 4
19 0
28 4
9 4
13 4
17 3
17 0
3 0
3 3
18 4
13 2
23 3
0 2
26 3
12 0
21 2
13 0
18 0
17 4
12 2
16 1
12 4
23 0
8 3
28 1
29 4
29 2
24 1
2 0
10 4
1 0
11 1
35 4
14 4
16 4
27 1
17 1
4 0
27 3
15 4
34 4
25 3
42 3
21 0
22 2
33 2
29 3
43 3
33 4
21 3
23 1
16 0
27 4
30 3
5 0
10 2
22 3
11 4
20 0
32 3
31 1
36 4
0 4
36 0
0 1
27 0
9 1
34 1
14 0
20 1
1 2
18 1
7 2
19 4
15 2
6 3
24 4
24 0
30 4
6 0
9 3
12 3
4 2
9 0
0 3
13 1

100
9 0
27 0
38 1
17 4
9 1
4 4
34 3
29 4
12 2
27 1
5 3
39 3
38 2
44 3
8 4
23 0
10 4
6 4
26 4
33 3
16 0
17 0
0 3
22 4
23 2
19 4
26 2
18 3
35 0
25 2
30 0
32 0
25 4
4 2
6 2
3 4
31 0
35 3
35 1
7 4
13 2
36 1
41 1
35 4
33 0
40 1
32 4
24 4
0 4
37 1
0 1
19 0
22 3
2 4
27 4
6 3
38 3
28 0
28 2
18 2
19 3
23 4
30 4
31 4
32 1
10 0
9 4
32 3
23 3
43 2
20 4
18 4
34 0
30 3
11 1
0 0
36 4
36 0
18 1
9 3
42 1
33 1
14 0
4 1
20 2
14 1
36 2
33 4
16 2
41 3
11 4
11 0
14 4
20 0
1 3
27 3
28 1
24 0
24 3
6 1

100
4 0
7 0
17 1
5 4
22 1
21 4
32 3
20 4
13 2
2 0
3 3
14 3
42 2
6 3
2 4
19 0
14 4
1 4
3 4
41 3
9 0
6 0
43 3
31 4
41 2
2 3
4 2
5 3
21 0
17 2
3 0
23 0
0 4
1 2
0 2
6 4
4 4
4 3
2 1
11 4
11 2
13 1
11 1
9 4
13 0
15 1
10 4
18 4
8 4
12 1
40 1
5 0
33 4
7 4
29 4
1 3
7 3
22 0
39 2
40 2
31 3
27 3
12 4
13 3
8 1
18 0
13 4
0 3
10 3
16 2
19 4
30 4
14 0
20 0
0 1
36 0
36 4
27 0
27 1
18 3
6 1
42 1
0 0
38 1
34 2
25 1
7 2
22 4
9 2
11 3
24 4
15 0
15 4
10 0
33 3
15 3
31 2
24 0
36 3
3 1

