100
39 0
23 0
22 1
12 3
15 0
21 4
25 3
8 4
19 2
43 0
22 3
37 3
17 2
26 3
22 4
26 0
42 4
18 4
38 4
39 3
25 0
12 0
11 3
35 4
21 2
3 4
13 2
2 3
42 0
32 4
35 0
13 0
37 4
32 2
14 2
25 4
26 4
35 3
23 1
14 4
29 0
4 1
34 1
43 4
30 0
10 0
44 4
12 4
17 4
16 0
22 0
44 0
2 4
20 4
16 4
41 3
10 3
14 0
41 2
20 1
0 3
1 3
13 4
30 3
41 0
24 0
24 4
7 3
40 0
11 0
9 4
7 4
18 0
0 4
10 1
36 4
15 4
3 0
2 0
16 3
31 1
18 1
27 0
16 1
3 2
1 1
43 2
33 4
39 2
4 4
19 0
4 0
27 4
32 0
39 4
31 3
0 2
36 0
4 3
11 1

100
27 0
32 0
7 1
0 4
34 0
44 4
44 3
3 4
38 2
8 1
28 3
23 4
8 0
24 3
39 4
16 0
37 4
10 4
42 4
4 3
17 0
1 0
2 4
4 4
9 2
43 4
5 2
43 3
26 0
35 2
43 0
28 0
9 4
44 0
1 2
29 4
30 4
31 3
15 1
40 4
0 0
13 0
41 1
41 4
3 0
5 1
28 4
1 4
20 4
18 1
4 0
42 0
16 3
18 4
36 4
1 3
41 3
38 0
41 2
15 4
39 3
37 3
27 4
30 3
27 1
31 0
11 4
29 0
36 3
27 2
17 4
12 4
30 0
22 3
33 1
21 4
31 4
2 0
13 1
14 0
23 1
28 1
9 0
30 1
6 2
38 1
36 1
13 4
18 2
24 4
33 4
39 0
5 4
18 0
9 3
6 3
19 1
5 0
12 3
23 0

100
8 4
17 0
10 1
0 4
41 1
42 4
19 3
6 4
34 2
27 1
0 3
44 4
27 2
1 3
36 4
1 0
1 4
38 4
9 4
9 3
40 0
4 0
7 3
35 4
29 2
2 3
17 2
15 3
43 0
19 2
41 0
9 0
13 4
9 2
42 1
3 4
2 4
10 3
0 0
27 4
12 2
8 1
5 0
37 4
10 0
4 1
10 4
12 4
40 4
37 1
35 1
44 0
20 3
14 4
43 4
11 3
21 3
11 0
16 2
28 2
23 3
44 3
5 4
36 3
2 1
42 0
41 4
43 3
14 3
36 0
13 3
4 4
16 0
39 4
33 1
27 0
18 4
18 0
18 1
27 3
16 1
28 1
2 0
30 1
38 2
5 1
38 1
28 4
43 2
25 3
15 4
37 0
31 4
12 0
40 3
3 3
22 2
6 0
37 3
12 1

100
10 4
5 0
18 1
17 3
16 1
27 4
16 3
5 4
8 2
9 1
7 3
7 4
22 2
6 3
20 4
8 0
14 4
6 4
21 4
1 3
13 0
15 0
15 3
15 4
36 2
3 3
41 2
5 3
21 0
18 2
9 0
3 0
26 4
29 2
8 1
22 4
32 4
2 3
17 1
28 4
5 2
15 1
14 1
4 4
6 0
19 1
25 4
11 4
16 4
10 1
11 1
17 0
20 3
3 4
19 4
4 3
22 3
23 0
3 2
0 1
44 3
9 4
17 4
8 3
22 1
14 0
18 4
4 0
43 3
13 2
13 4
8 4
7 0
0 3
26 1
27 0
36 4
36 0
36 1
27 3
12 1
23 1
25 0
2 1
14 2
29 1
11 2
23 4
1 2
18 3
0 4
0 0
29 4
18 0
33 4
10 3
38 2
10 0
40 3
4 1

100
40 0
34 0
1 0
33 3
32 1
31 4
39 3
8 4
8 0
0 1
40 3
41 3
16 0
2 3
30 4
41 0
2 4
27 4
29 4
38 3
39 0
0 0
7 3
35 4
31 2
10 3
17 0
44 3
28 0
20 2
33 0
3 0
37 4
32 2
16 2
6 4
32 0
3 3
35 1
39 4
17 2
4 1
28 1
3 4
35 0
44 1
33 4
40 4
36 4
7 0
6 1
2 0
36 3
28 4
41 4
9 3
32 4
27 0
24 2
2 1
35 3
31 3
7 4
5 4
15 1
29 0
34 4
11 0
1 3
0 2
11 3
4 4
9 0
10 0
41 1
9 4
18 4
18 0
18 1
18 3
33 1
9 1
30 0
13 1
37 2
30 1
18 2
0 4
29 2
4 3
36 0
42 0
42 4
12 0
28 3
12 3
13 2
4 0
15 3
36 1

100
16 0
32 0
27 1
14 3
3 1
5 4
2 3
18 4
3 2
31 1
5 3
13 4
11 2
22 3
14 4
14 0
4 4
26 4
7 4
16 3
23 0
22 0
34 3
27 4
4 2
4 3
19 2
35 3
21 0
10 2
20 0
19 0
35 4
0 2
19 1
6 4
22 4
17 3
14 1
2 4
9 0
16 1
27 0
33 4
10 0
10 1
1 4
31 4
32 4
11 1
15 1
26 0
9 3
8 4
3 4
10 3
18 3
17 0
6 2
1 2
26 3
31 3
34 4
9 4
28 1
15 0
0 4
3 3
21 3
40 2
32 3
17 4
31 0
29 3
6 1
0 0
36 4
36 0
36 1
36 3
25 1
4 1
24 0
12 1
13 2
33 1
33 2
15 4
20 2
24 3
28 4
28 0
23 4
33 0
19 4
11 3
0 1
11 0
10 4
22 1

100
18 4
26 0
18 1
20 3
23 1
35 4
9 3
19 4
43 2
43 1
35 3
36 4
34 2
24 3
33 4
42 0
34 4
44 4
20 4
31 3
22 0
19 0
19 3
42 4
21 2
22 3
24 2
33 3
41 0
5 2
3 0
21 0
21 4
20 2
24 1
25 4
22 4
23 3
28 1
41 4
44 2
39 1
26 1
23 4
5 0
22 1
32 4
24 4
8 4
25 1
44 1
18 0
6 3
27 4
0 4
7 3
34 3
23 0
9 2
8 2
25 3
21 3
28 4
26 4
29 1
37 0
43 4
0 3
15 3
15 2
29 3
7 4
20 0
36 0
38 1
27 0
9 4
9 0
9 1
36 3
20 1
30 1
43 0
41 1
25 2
1 1
6 2
2 4
30 2
16 3
38 4
6 0
4 4
0 0
29 4
1 3
27 2
38 0
12 3
33 1

