100
44 4
9 0
3 1
14 4
26 1
0 4
17 3
15 4
39 2
21 1
35 3
9 4
16 2
16 3
29 4
34 0
2 4
36 4
38 4
8 3
13 0
38 0
28 4
40 4
3 0
37 3
6 2
14 3
42 0
17 0
19 0
41 0
39 4
20 0
14 1
13 4
10 4
10 3
38 1
42 4
44 0
0 1
43 0
17 4
14 0
6 1
7 4
24 4
3 4
44 1
34 1
26 0
21 0
16 4
43 4
12 3
8 4
10 0
35 0
23 4
39 3
28 3
26 4
11 3
32 1
22 0
5 4
13 3
2 0
2 2
36 3
35 4
11 0
40 0
39 1
34 4
6 4
33 0
7 1
41 4
15 0
0 0
36 0
22 1
7 0
4 1
18 2
21 4
37 2
11 4
31 4
23 0
18 4
4 0
0 3
24 3
18 1
30 0
27 0
29 1

100
22 4
20 0
33 1
11 4
13 0
38 4
23 3
27 4
42 0
2 1
14 3
7 3
12 2
12 3
17 4
2 0
2 4
44 4
37 4
43 3
43 0
1 0
3 4
40 4
27 0
35 3
33 0
16 3
21 0
5 2
32 0
30 0
1 4
39 2
7 2
23 4
3 0
11 3
22 1
13 4
4 2
35 1
37 1
42 4
31 0
42 1
34 4
9 4
21 4
44 1
34 1
19 0
16 4
18 4
43 4
0 3
5 3
4 0
0 0
27 2
37 3
42 3
20 4
31 4
29 0
34 0
19 4
10 3
44 0
29 2
8 3
41 4
35 0
14 0
5 0
23 0
15 4
28 0
13 1
4 4
19 1
6 0
9 0
38 1
13 2
28 1
40 2
32 4
43 2
6 4
15 0
24 0
24 4
39 0
28 3
31 3
5 1
36 0
18 3
9 1

100
16 0
17 0
4 0
1 3
27 1
2 4
8 3
8 4
11 2
13 1
17 3
17 4
22 2
3 3
29 4
36 0
5 4
27 4
4 4
14 3
31 0
44 0
2 3
35 4
13 2
14 4
20 2
9 3
35 0
12 2
11 0
9 0
31 4
44 2
39 1
13 4
43 0
34 3
30 1
28 4
1 2
2 1
10 0
30 4
8 0
5 1
6 4
16 4
1 4
4 1
38 1
15 0
24 3
3 4
0 4
10 3
0 3
37 0
38 2
32 2
15 3
28 3
7 4
27 3
34 1
28 0
32 4
35 3
26 3
10 2
4 3
9 4
27 0
0 0
37 1
36 4
18 4
18 0
18 1
36 3
32 1
43 1
13 0
14 1
23 2
28 1
29 2
33 4
15 2
6 3
32 0
1 0
10 4
5 0
29 3
11 3
3 2
40 0
19 3
9 1

100
28 0
3 0
23 1
31 3
38 1
18 4
1 3
30 4
1 2
44 1
0 3
29 3
17 2
33 3
36 4
42 0
31 4
29 4
21 4
41 3
18 0
29 0
5 3
32 4
33 2
24 3
21 2
22 3
32 0
36 2
27 0
34 0
23 4
4 2
38 2
37 4
38 4
38 3
42 1
35 4
2 2
24 1
31 1
22 4
41 0
20 1
25 4
24 4
20 4
28 1
4 1
31 0
35 0
19 4
33 4
30 3
44 3
40 0
31 2
10 2
26 3
18 3
44 4
35 3
32 1
39 0
34 4
0 0
37 3
14 2
23 3
26 4
33 0
39 3
0 1
0 4
9 4
9 0
9 1
9 3
29 1
25 1
43 0
40 1
34 2
33 1
41 2
27 4
25 2
27 3
36 0
5 0
41 4
22 0
19 3
2 3
27 2
19 0
6 3
1 1

100
33 0
17 0
14 1
21 3
40 1
9 4
3 3
18 4
42 2
20 1
35 3
11 3
43 2
30 3
43 4
20 0
11 4
41 4
40 4
15 3
31 0
18 0
20 3
20 4
0 2
40 3
10 2
17 3
19 0
5 2
21 0
12 0
26 4
21 2
33 2
36 4
27 0
16 3
10 1
44 4
36 2
19 1
33 1
42 4
22 0
10 0
19 4
22 4
14 4
9 1
27 1
9 0
0 3
12 4
10 4
23 3
10 3
32 0
37 2
44 2
1 3
41 3
13 4
22 3
12 1
13 0
21 4
32 3
8 3
8 2
34 3
15 4
11 0
13 3
35 1
36 0
0 4
0 0
0 1
27 4
28 1
38 1
34 0
23 1
22 2
25 1
2 2
16 4
38 2
38 3
23 4
24 0
37 4
14 0
27 3
24 3
12 2
28 0
5 3
42 1

100
27 0
35 0
32 1
8 3
30 1
32 4
35 3
7 4
28 2
1 0
0 3
10 3
25 2
17 3
28 4
8 0
8 4
38 4
29 4
7 3
9 0
29 0
24 3
11 4
13 2
33 3
8 2
34 3
28 0
20 2
13 0
0 0
15 4
12 2
10 1
16 4
44 4
28 3
9 1
36 4
27 2
34 1
31 1
0 4
14 0
14 1
37 4
31 4
33 4
13 1
7 1
10 0
1 4
3 4
13 4
16 3
15 3
11 0
0 2
44 2
26 3
32 3
17 4
34 4
35 1
12 0
30 4
4 3
5 3
31 2
29 3
27 4
34 0
27 3
33 1
36 0
18 4
18 0
18 1
36 3
5 1
16 1
15 0
2 1
29 2
11 1
23 2
42 4
6 2
9 4
4 4
5 0
39 4
30 0
1 3
12 3
9 2
2 0
21 3
27 1

100
16 4
11 0
5 1
8 4
41 1
11 4
11 3
24 4
12 2
27 1
35 3
4 3
42 2
0 3
35 4
35 0
19 4
33 4
0 4
41 3
32 0
27 0
34 4
7 4
21 2
17 3
7 2
12 3
25 0
10 2
17 0
33 0
27 4
23 2
9 2
28 4
26 4
34 3
26 1
25 4
13 2
6 1
23 1
3 4
9 0
31 0
10 4
9 4
32 4
7 1
39 1
30 0
27 3
20 4
15 4
33 3
7 3
26 0
4 2
3 2
1 3
28 3
18 4
3 3
36 1
34 0
17 4
10 3
31 3
11 2
32 3
12 4
10 0
13 3
28 1
36 0
36 4
0 0
9 1
18 3
29 1
37 1
28 0
21 1
15 0
42 1
19 1
1 4
29 2
39 3
21 4
12 0
29 4
18 0
4 4
14 3
0 2
21 0
36 3
32 1

