100
26 0
4 0
23 0
27 3
10 1
9 4
0 3
39 4
35 2
13 0
8 3
17 4
42 2
15 3
23 4
2 0
8 4
7 4
41 4
28 3
1 0
12 0
10 4
15 4
40 2
34 3
37 2
11 3
35 0
12 2
28 0
42 0
42 4
3 0
3 2
22 4
27 4
37 3
8 0
34 4
17 2
37 0
14 1
2 4
9 0
29 1
4 4
1 4
0 4
43 0
22 1
15 0
38 0
21 4
25 4
5 3
39 0
16 0
16 2
10 2
2 3
35 3
24 4
11 4
31 1
44 0
13 4
29 0
10 0
34 2
41 0
3 4
14 0
36 0
32 1
40 4
14 4
17 0
41 1
6 4
20 1
11 1
24 0
18 0
23 2
27 1
4 1
43 4
29 2
12 3
18 4
20 0
31 4
5 0
36 4
22 3
15 1
31 0
28 4
0 1

100
15 4
30 0
27 1
5 4
2 1
19 4
25 3
18 4
1 0
33 1
35 3
42 3
13 2
28 3
21 4
28 0
43 4
3 4
23 4
30 3
40 0
21 0
15 3
10 4
11 0
12 3
27 0
36 3
13 0
14 4
29 0
8 0
2 4
0 2
40 2
0 4
6 4
5 3
42 0
24 4
12 0
19 0
21 1
20 4
32 0
0 1
9 4
12 4
40 4
24 1
43 0
25 0
9 3
27 4
8 4
39 3
27 3
26 0
36 2
36 1
44 3
3 3
22 4
4 4
7 0
41 0
11 4
20 0
36 0
15 2
5 0
16 4
44 0
18 0
22 1
26 4
42 4
10 0
6 0
8 3
2 0
6 1
33 0
34 1
4 2
19 1
10 1
32 4
27 2
16 3
29 4
37 0
37 4
22 0
18 3
31 3
3 1
15 0
0 3
14 1

100
25 0
41 0
19 1
22 3
10 1
22 4
14 3
35 4
13 2
13 1
11 3
21 3
26 2
27 3
30 4
24 0
24 4
4 4
3 4
35 3
3 0
40 0
38 3
25 4
36 2
12 3
40 2
31 3
26 0
28 2
32 0
34 0
29 4
9 2
9 1
31 4
4 0
42 3
1 1
23 4
20 2
23 0
6 1
27 4
22 0
18 1
21 4
0 4
33 4
29 1
35 1
21 0
41 3
28 4
5 4
33 3
32 3
33 0
41 2
16 2
43 3
23 3
32 4
24 3
24 1
31 0
34 4
39 3
36 3
37 2
5 0
26 4
35 0
44 0
12 1
9 4
36 4
9 0
36 1
0 3
7 1
31 1
7 0
22 1
38 2
20 1
32 2
1 4
14 2
25 3
0 0
18 0
18 4
37 0
6 4
18 3
42 2
28 0
28 3
15 1

100
37 4
1 0
5 0
43 3
26 1
9 4
34 3
32 4
31 2
34 1
33 3
42 3
11 2
41 3
14 4
10 0
34 4
35 4
26 4
31 3
30 0
32 0
36 3
12 4
27 2
36 4
6 2
32 3
13 0
10 2
33 0
12 0
15 4
35 2
39 1
31 4
17 0
12 3
16 1
20 4
38 2
36 1
11 1
30 4
2 0
44 1
24 4
17 4
13 4
15 1
25 1
0 0
16 4
11 4
43 4
30 3
10 4
9 0
19 2
16 2
17 3
25 4
18 4
44 4
11 0
31 0
33 4
4 0
37 3
39 2
35 3
38 4
3 0
5 3
43 1
18 0
0 4
36 0
0 1
18 3
40 1
37 1
34 0
23 1
43 2
28 1
9 1
41 4
36 2
3 3
27 4
27 0
21 4
6 0
14 3
27 3
32 2
14 0
0 3
31 1

100
3 0
4 0
19 0
22 3
39 1
41 4
43 3
44 4
20 2
9 1
34 3
24 3
3 2
41 3
36 4
18 0
5 4
3 4
20 4
26 3
37 0
2 0
7 3
18 4
34 2
4 4
31 2
44 3
23 0
0 2
1 0
26 0
37 4
23 2
20 0
21 4
25 4
42 3
11 0
23 4
36 2
8 0
15 1
26 4
24 0
36 0
6 4
19 4
7 4
16 1
30 1
41 0
21 0
43 4
8 4
21 3
18 3
25 0
14 2
15 2
8 3
35 3
22 4
36 3
31 1
12 0
24 4
20 3
5 3
5 2
19 3
2 4
22 0
0 3
33 1
27 4
9 4
27 0
0 1
9 3
10 1
37 1
9 0
25 1
38 2
12 1
20 1
0 4
28 2
1 3
13 0
38 0
38 4
5 0
31 3
38 3
41 2
42 0
27 3
42 1

100
18 4
31 0
12 1
16 3
42 1
1 4
19 3
37 4
36 2
39 1
40 3
36 4
20 2
14 3
41 4
23 0
2 4
27 4
38 4
38 3
33 0
27 0
12 3
8 4
8 2
37 3
13 2
31 3
34 0
12 2
35 0
30 0
19 4
34 2
3 1
34 4
4 4
18 3
6 1
26 4
29 2
38 1
9 1
29 4
18 0
13 1
24 4
33 4
28 4
40 1
14 1
22 0
10 3
20 4
25 4
28 3
23 3
41 0
16 2
1 2
9 3
39 4
0 4
41 3
17 1
32 0
3 4
25 3
15 3
19 2
32 3
40 4
38 0
30 3
41 1
0 0
9 4
9 0
18 1
0 3
36 1
31 1
28 0
10 1
41 2
0 1
39 2
22 4
37 2
42 3
42 4
42 0
5 4
24 0
30 4
33 3
22 2
19 0
20 3
27 1

100
22 0
26 0
38 1
39 3
41 1
7 4
7 3
40 4
0 2
7 1
40 3
36 3
23 2
33 3
6 4
14 0
3 4
22 4
23 4
28 3
15 0
30 0
5 3
18 4
18 2
13 4
8 2
21 3
13 0
38 2
32 0
17 0
37 4
22 2
9 2
19 4
38 4
32 3
29 1
8 4
37 2
9 0
16 1
2 4
33 0
27 0
5 4
21 4
20 4
27 1
17 1
18 0
43 3
1 4
17 4
20 3
6 3
31 0
28 2
29 2
37 3
36 4
24 4
41 4
0 1
28 0
4 4
0 3
44 3
42 2
19 3
39 4
29 0
35 3
11 1
0 0
27 4
36 0
18 1
9 3
33 1
36 1
34 0
14 1
19 2
39 1
43 1
25 4
1 2
29 3
9 4
19 0
14 4
23 0
42 4
24 3
30 1
10 0
1 3
1 1

