100
25 0
9 0
15 1
32 4
33 0
11 4
9 3
36 4
11 2
16 1
2 3
34 3
28 2
5 3
29 4
10 0
10 4
5 4
42 4
24 3
0 0
39 0
33 4
34 4
2 0
25 4
0 2
17 3
3 0
9 2
31 0
44 0
7 4
32 0
42 1
8 4
27 4
29 3
1 0
16 4
7 2
23 1
24 1
2 4
43 0
9 1
35 4
26 4
23 4
27 1
33 1
34 0
7 3
31 4
1 4
25 3
5 0
11 0
18 2
30 0
31 3
27 3
4 4
10 3
13 1
35 0
30 4
28 3
26 0
4 0
0 4
15 4
12 0
28 4
6 1
18 4
39 4
27 0
30 1
1 3
13 0
39 1
28 0
18 1
16 0
20 1
1 1
43 4
37 0
12 4
6 0
22 0
20 4
40 0
36 3
40 3
36 2
19 0
12 3
3 1

100
18 4
18 0
14 1
34 3
35 1
0 4
4 3
17 4
20 0
22 0
29 3
29 4
14 0
15 3
39 4
29 0
1 4
40 4
22 4
6 3
38 0
33 0
8 3
34 4
24 0
19 3
34 0
39 3
25 0
6 4
35 0
28 0
28 4
22 2
9 1
33 4
25 4
35 3
16 1
5 4
26 0
23 1
2 1
2 4
15 0
2 0
35 4
7 4
16 4
18 1
21 1
36 0
41 3
44 4
32 4
36 3
10 3
16 0
9 0
19 4
9 3
15 4
8 4
26 3
20 1
27 0
21 4
31 3
7 3
3 2
11 3
10 4
23 0
23 3
32 0
21 0
30 4
19 0
37 1
3 4
25 1
0 1
0 0
30 0
4 0
42 1
39 2
23 4
27 2
13 4
6 0
39 0
41 4
11 0
36 4
12 3
36 2
42 0
0 3
10 1

