100
0 4
39 0
33 1
12 3
38 1
10 4
25 3
41 4
42 0
14 0
18 3
23 3
15 2
42 3
19 4
15 0
20 4
43 4
7 4
5 3
19 0
9 0
25 4
6 4
27 0
10 3
20 2
17 3
32 0
28 2
16 0
18 0
12 4
39 2
13 1
21 4
1 4
14 3
13 0
36 4
43 2
3 0
38 0
2 4
11 0
7 1
31 4
42 4
8 4
4 1
11 1
17 0
36 0
26 4
3 4
15 3
13 4
20 0
11 2
10 0
43 3
32 3
27 4
20 3
22 1
5 0
9 4
4 0
24 3
10 2
33 0
18 4
0 0
37 4
35 1
11 4
44 4
44 0
43 0
38 3
2 1
36 1
34 0
27 1
33 2
1 0
2 2
4 4
12 2
16 4
38 4
28 0
28 4
6 0
22 4
39 3
41 1
24 0
33 4
14 1

100
25 4
0 0
12 1
33 4
17 1
13 4
32 3
7 4
12 0
35 1
5 3
41 3
10 2
26 3
12 4
36 0
5 4
6 4
31 4
4 3
29 0
17 0
24 3
0 4
11 2
35 3
33 2
9 3
30 0
20 2
16 0
9 0
9 4
33 0
30 1
19 4
39 4
30 3
2 0
14 4
26 2
43 0
1 0
29 4
3 0
37 1
20 4
32 4
24 4
39 1
43 1
11 0
21 3
35 4
41 4
19 3
16 4
40 0
21 2
11 1
28 3
27 3
34 4
44 3
38 1
27 0
27 4
3 3
36 3
0 2
28 4
8 4
42 0
18 3
25 1
10 0
17 4
44 0
3 1
23 3
0 1
4 1
34 0
7 1
4 0
41 1
22 2
10 4
31 0
38 3
13 0
24 0
21 4
18 0
36 4
10 3
37 0
6 0
1 4
21 0

