100
1 4
14 0
4 1
36 3
18 0
7 4
41 3
6 4
1 2
2 1
17 3
44 4
38 2
20 3
10 4
36 0
15 4
9 4
39 4
42 3
22 0
2 0
0 4
27 4
15 2
23 4
37 0
32 3
0 0
25 2
24 0
19 0
20 4
9 2
20 1
40 4
25 4
4 3
3 1
14 4
13 2
5 1
8 1
17 4
13 0
35 1
24 4
22 4
11 4
1 1
17 0
41 0
43 3
29 4
16 4
21 3
29 3
25 0
32 0
33 4
14 3
35 4
34 4
28 4
1 0
23 0
38 4
35 3
26 0
30 0
16 0
4 4
12 0
26 3
22 1
27 0
26 4
20 0
21 0
15 0
14 1
9 1
33 0
3 0
30 2
28 0
16 1
2 4
10 0
18 4
41 4
42 0
30 4
38 0
5 3
0 3
24 1
6 0
10 3
11 1

100
36 4
5 0
26 1
37 3
36 1
27 4
43 3
39 4
4 0
8 1
16 3
29 3
37 2
27 3
1 4
37 0
30 4
33 4
23 4
34 3
30 0
36 0
8 3
34 4
39 2
14 3
33 2
25 3
1 0
32 4
40 0
25 0
20 4
24 2
0 1
29 4
10 4
28 3
33 1
18 4
31 2
1 1
9 0
31 4
28 0
2 1
19 4
44 4
6 4
26 0
25 1
32 0
2 0
9 4
17 4
0 3
41 3
12 0
8 2
2 4
21 3
40 4
41 4
44 3
6 1
31 0
16 4
1 3
18 3
7 2
38 3
0 4
38 0
10 0
3 0
24 4
35 4
39 0
11 1
7 3
42 0
14 0
16 0
31 1
43 2
42 1
40 2
11 4
19 2
39 3
33 0
21 0
13 4
18 0
3 4
22 3
22 1
6 0
9 3
28 1

