100
15 0
9 0
33 1
27 4
14 0
32 4
0 3
31 4
14 2
9 1
31 3
36 4
42 2
20 3
1 4
2 0
7 4
35 4
4 4
12 3
32 0
5 0
38 4
24 4
44 0
3 4
8 2
3 3
8 0
3 0
4 0
29 0
44 4
9 2
44 2
37 4
0 0
17 3
22 0
20 4
4 2
5 1
26 1
0 4
31 0
30 0
40 4
8 4
10 4
0 1
30 1
27 0
18 3
30 4
34 4
35 3
6 4
18 0
31 2
17 0
16 3
4 3
11 4
39 4
29 1
1 0
19 4
28 3
24 3
22 2
33 3
43 4
28 0
18 4
22 1
40 0
2 4
6 0
25 1
6 3
37 1
11 1
34 0
2 1
33 2
41 1
6 2
28 4
15 2
25 4
10 0
36 0
21 4
24 0
13 4
36 3
39 2
41 0
41 3
19 0

100
26 0
4 0
33 1
2 4
37 1
27 4
36 3
7 4
27 2
32 0
23 3
28 3
21 2
5 3
16 4
20 0
38 4
31 4
28 4
35 3
13 0
6 0
29 3
6 4
8 2
40 4
0 2
14 3
37 0
10 2
23 0
25 0
22 4
22 2
39 1
17 4
1 0
16 3
40 1
8 4
4 2
22 1
43 0
36 4
44 0
23 1
26 4
0 4
4 4
38 1
15 1
8 0
34 3
41 4
37 4
30 3
30 0
16 0
42 2
13 2
41 3
32 4
24 4
31 3
18 1
0 0
19 4
12 0
32 3
44 2
15 4
25 4
5 0
18 4
36 0
3 4
21 4
2 0
41 1
11 4
5 1
14 0
18 0
19 1
1 2
24 1
21 0
42 4
11 2
2 3
9 0
27 0
33 4
38 0
12 4
42 3
12 1
33 0
20 3
0 1

100
24 0
37 0
30 1
23 3
35 1
35 4
11 3
40 4
44 2
11 1
40 3
25 3
0 2
19 3
39 4
23 0
18 4
42 4
19 4
41 3
31 0
12 0
24 3
23 4
26 2
44 3
37 2
31 3
36 0
1 2
34 0
39 0
44 4
43 2
41 2
34 4
26 0
10 3
25 0
43 4
36 2
28 1
29 1
36 4
35 0
34 1
21 4
29 4
33 4
38 1
9 1
21 0
21 3
38 4
28 4
33 3
17 3
10 0
40 2
7 2
35 3
36 3
27 4
22 3
30 0
44 0
37 4
34 3
18 3
2 2
9 0
22 4
38 0
40 0
16 1
9 4
0 4
0 0
0 1
0 3
12 1
24 1
32 0
22 1
24 2
31 1
5 2
24 4
38 2
12 3
41 0
18 0
30 4
27 0
37 3
27 3
29 2
13 0
14 3
40 1

100
5 0
36 0
7 0
29 4
28 0
43 4
36 3
42 4
15 0
43 1
22 3
32 3
26 2
37 3
16 4
16 0
27 4
41 4
13 4
9 3
27 0
6 0
26 3
9 4
27 2
21 3
9 2
31 3
8 0
15 2
34 0
35 0
30 4
25 2
28 2
11 4
14 4
28 3
28 1
12 4
35 2
6 1
33 1
35 4
12 0
38 1
32 4
31 4
44 4
34 1
35 1
32 0
3 0
36 4
15 4
30 3
16 3
33 0
17 2
7 2
17 3
27 3
17 4
28 4
27 1
44 0
37 4
14 0
11 3
4 0
13 3
10 4
17 0
29 3
19 1
18 4
0 4
18 0
9 1
0 3
1 1
23 1
30 0
3 1
30 2
36 1
13 2
33 4
21 2
39 3
0 0
38 0
38 4
9 0
41 3
33 3
32 2
41 0
18 3
29 1

100
31 0
7 0
31 1
44 3
32 1
36 4
4 3
27 4
35 2
8 1
24 3
6 3
20 2
37 3
2 4
30 0
18 4
44 4
31 4
38 3
8 0
44 0
20 3
29 4
18 2
19 3
0 0
41 3
29 0
33 2
43 0
36 0
1 4
7 2
5 2
8 4
20 4
18 3
3 1
37 4
37 2
42 1
29 1
25 4
5 0
30 1
26 4
22 4
24 4
7 1
21 1
3 0
15 3
39 4
21 4
25 3
7 3
28 0
25 2
21 2
9 3
35 4
42 4
43 4
22 1
35 0
19 4
40 3
5 3
11 2
30 4
38 4
4 0
6 0
35 1
18 0
9 4
9 0
9 1
27 3
43 1
5 1
1 0
39 1
14 2
19 1
33 1
40 4
38 2
42 3
3 4
37 0
32 4
40 0
0 3
21 3
42 2
32 0
10 3
23 1

100
27 4
44 0
16 1
2 4
44 1
18 4
38 3
3 4
22 2
25 1
35 3
13 4
25 2
4 3
33 4
41 0
9 4
20 4
26 4
40 3
12 0
11 0
41 3
14 4
39 2
30 3
4 2
0 3
14 0
30 4
36 0
8 0
32 4
8 2
24 2
24 4
13 0
39 3
6 1
16 4
21 2
10 0
37 1
1 4
6 0
41 1
15 4
25 4
8 4
42 1
36 1
37 0
35 4
19 4
29 4
7 3
42 3
40 0
37 2
36 2
29 3
34 3
17 4
0 4
8 1
43 0
10 4
5 3
6 3
15 2
26 3
34 4
42 0
37 3
4 1
18 0
36 4
27 0
27 1
9 3
2 1
10 1
38 0
0 1
27 2
22 1
32 2
11 4
34 2
27 3
5 4
3 0
21 4
15 0
31 3
1 3
38 1
0 0
18 3
19 1

100
8 0
1 0
32 1
34 4
24 1
31 4
16 3
27 4
28 2
0 1
42 3
35 4
26 2
26 3
26 4
26 0
39 4
30 4
24 4
3 3
0 0
34 0
25 3
7 4
42 2
3 4
17 2
43 3
33 0
20 4
24 0
19 0
19 4
44 2
36 2
40 4
18 4
0 3
7 1
41 4
21 2
33 1
31 1
43 4
20 0
8 1
5 4
28 4
42 4
1 1
27 1
18 0
25 0
32 4
4 4
36 3
4 3
29 0
9 2
12 2
9 3
25 4
6 4
29 4
25 1
28 0
44 4
38 3
1 3
16 2
0 4
8 4
2 0
2 3
3 1
36 0
9 4
9 0
9 1
27 3
18 1
22 1
3 0
41 1
10 2
4 1
1 2
1 4
33 2
12 3
21 4
21 0
36 4
5 0
18 3
22 3
37 2
30 0
39 3
36 1

