100
39 4
15 0
3 1
9 3
26 1
35 4
33 3
10 4
23 0
28 1
2 3
1 3
15 2
37 3
36 4
18 0
26 4
43 4
8 4
31 3
12 0
39 0
12 3
29 4
36 2
44 3
34 2
7 3
8 0
39 2
30 0
16 0
0 4
42 2
21 2
16 4
15 4
29 3
1 1
22 4
11 0
18 1
5 1
27 4
24 0
2 1
28 4
21 4
2 4
24 1
37 0
42 0
8 3
44 4
1 4
43 3
17 0
26 0
35 2
41 1
15 3
25 3
9 4
11 4
23 1
13 0
23 4
30 3
32 3
23 2
6 3
14 4
40 0
9 0
36 0
38 0
34 4
10 0
17 1
7 4
7 1
3 0
43 0
10 1
34 0
0 0
18 2
19 4
27 2
40 3
40 4
5 0
4 4
19 0
30 4
19 3
20 1
31 0
22 3
12 1

100
36 0
10 0
40 1
25 4
27 1
9 4
24 3
6 4
43 0
35 1
37 3
22 3
27 2
9 3
18 4
0 0
22 4
15 4
39 4
12 3
1 0
2 0
0 4
19 4
1 2
41 4
29 2
36 3
39 0
28 2
12 0
8 0
31 4
26 0
3 2
12 4
2 4
28 3
20 0
17 4
25 2
38 0
2 1
21 4
37 0
13 1
28 4
27 4
23 4
40 0
23 1
13 0
4 4
11 4
38 4
23 3
26 3
18 0
11 2
9 2
21 3
10 3
36 4
35 4
11 0
19 0
13 4
40 3
15 3
20 2
42 3
20 4
7 0
24 4
12 1
10 4
16 4
25 0
24 1
40 4
32 1
14 1
41 0
36 1
27 0
10 1
3 0
29 4
39 2
33 3
15 0
21 0
42 4
29 0
6 3
3 3
32 2
33 0
32 4
3 1

100
18 0
43 0
3 1
41 4
22 1
44 4
44 3
43 4
43 2
14 1
35 3
38 4
22 2
2 3
32 4
28 0
35 4
3 4
39 4
1 3
37 0
27 0
10 3
28 4
34 2
8 3
36 0
43 3
39 0
32 2
41 0
1 0
8 4
39 2
15 1
0 4
34 0
40 3
41 1
36 4
17 2
40 0
36 1
29 4
35 0
40 1
40 4
37 4
27 4
18 1
26 1
38 0
39 3
42 4
34 4
38 3
30 3
19 0
35 2
0 2
42 3
41 3
33 4
36 3
16 1
26 0
7 4
29 3
34 3
44 2
27 3
30 4
44 0
3 3
37 1
9 4
18 4
9 0
27 1
18 3
4 1
12 1
7 0
20 1
32 0
24 1
19 2
1 4
41 2
4 3
23 0
3 0
4 4
20 0
15 3
31 3
36 2
29 0
11 3
9 1

100
10 0
17 0
9 1
42 3
15 1
22 4
18 3
0 4
3 0
6 1
17 3
43 3
44 2
44 3
34 4
16 0
16 4
20 4
9 4
21 3
4 0
0 0
11 3
11 4
7 2
26 4
22 2
14 3
8 0
37 2
12 0
2 0
29 4
2 2
30 2
30 4
10 4
25 3
1 0
2 4
9 2
8 1
28 0
25 4
27 0
40 1
19 4
31 4
17 4
37 1
20 1
32 0
39 3
33 4
1 4
12 3
24 3
11 0
26 2
14 2
35 3
31 3
23 4
9 3
26 1
7 0
32 4
34 3
30 3
10 2
35 4
15 4
9 0
20 3
7 1
18 0
36 4
36 0
27 1
0 3
12 1
10 1
5 0
38 1
28 2
21 1
16 1
27 4
5 2
32 3
12 4
33 0
3 4
29 0
6 4
27 3
18 2
13 0
36 3
3 1

100
10 4
29 0
29 1
11 4
14 1
1 4
24 3
17 4
7 2
8 1
9 3
9 4
35 2
12 3
28 4
10 0
44 4
39 4
40 4
14 3
37 0
44 0
25 3
31 4
15 2
4 3
24 2
28 3
28 0
21 2
33 0
38 0
27 4
27 2
9 2
0 4
29 4
11 3
0 1
8 4
8 2
36 0
34 1
34 4
9 0
33 1
37 4
35 4
4 4
10 1
7 1
12 0
26 3
2 4
7 4
10 3
22 3
13 0
33 2
6 2
18 3
36 4
38 4
13 4
35 1
27 0
6 4
31 3
29 3
35 0
5 4
30 4
14 0
13 3
41 1
0 0
18 4
18 0
18 1
36 3
39 1
5 1
42 0
36 1
22 2
31 1
25 2
32 4
12 2
7 3
14 4
15 0
41 4
30 0
1 3
15 3
15 1
39 0
33 3
42 1

100
3 4
22 0
19 1
22 3
44 1
1 4
31 3
39 4
20 2
3 1
10 3
21 3
23 2
40 3
25 4
41 0
26 4
23 4
44 4
43 3
4 0
21 0
38 3
43 4
3 2
14 4
13 2
37 3
0 0
15 2
36 0
5 0
21 4
44 2
20 1
16 4
40 0
25 3
39 1
4 4
36 2
18 1
26 1
17 4
18 0
41 1
6 4
24 4
22 4
43 0
32 1
26 0
13 3
7 4
11 4
42 3
26 3
8 0
14 2
4 2
14 3
15 4
5 4
8 4
28 1
42 0
0 4
44 0
23 3
12 2
24 3
10 4
19 0
36 3
36 1
27 0
27 4
9 0
9 1
0 3
34 1
29 1
6 0
7 1
24 2
1 1
16 2
12 4
10 2
11 3
36 4
37 0
18 4
23 0
40 4
18 3
40 2
1 0
15 3
23 1

100
4 4
8 0
28 1
33 3
29 1
42 4
31 3
31 4
11 2
17 1
16 3
15 4
26 2
11 3
29 4
0 0
17 4
11 4
28 4
14 3
38 0
4 0
18 3
30 4
8 2
10 3
32 2
1 3
36 0
0 2
17 0
16 0
0 4
40 2
13 1
16 4
9 0
4 3
9 1
43 4
33 2
27 1
10 1
10 4
13 0
44 1
5 4
1 4
9 4
35 1
14 1
11 0
6 4
37 4
35 4
13 3
30 3
41 0
24 2
12 2
3 3
17 3
41 4
9 3
32 1
10 0
36 4
12 3
5 3
2 2
0 3
27 4
12 0
2 4
37 0
18 0
18 4
27 0
0 1
36 3
15 1
30 1
39 0
33 1
14 0
39 1
6 2
7 4
15 2
19 3
12 4
42 0
38 4
5 0
32 4
6 3
3 2
1 0
27 3
36 1

