100
8 4
41 0
36 0
34 4
42 1
36 4
43 3
22 4
17 0
40 1
26 3
29 4
30 2
6 3
19 4
1 0
5 4
0 4
44 4
27 3
0 0
44 0
4 3
18 4
8 0
29 3
4 2
15 3
26 0
15 2
34 0
24 0
32 4
36 2
28 2
40 4
1 4
24 3
22 1
16 4
24 2
44 1
35 0
14 4
38 0
20 1
21 4
28 4
13 4
14 1
37 1
27 0
27 4
43 4
9 4
2 3
17 4
7 0
12 2
28 0
13 3
31 4
33 4
23 4
18 1
5 0
41 4
23 0
28 3
2 0
3 0
20 4
25 0
35 3
43 0
30 4
25 4
37 0
16 1
6 0
31 1
38 1
9 0
21 0
37 2
34 1
41 2
6 4
29 0
10 4
37 4
14 0
2 4
31 0
40 3
31 3
28 1
11 0
18 0
11 1

100
32 0
35 0
8 0
16 4
2 0
21 4
36 3
15 4
44 2
3 1
22 3
7 3
10 2
1 3
42 4
15 0
36 4
38 4
32 4
6 3
19 0
16 0
18 4
2 4
27 2
19 3
34 2
4 3
9 0
27 0
24 0
33 0
39 4
42 0
32 2
9 4
26 0
30 3
18 0
10 4
39 2
34 0
36 1
37 4
31 0
10 1
22 4
40 4
33 4
4 1
15 1
3 0
25 4
34 4
27 4
20 3
10 0
44 0
36 2
19 2
34 3
15 3
35 4
43 3
32 1
20 0
1 4
32 3
31 3
14 2
11 4
26 4
23 0
5 0
5 1
28 4
8 4
0 0
17 0
27 3
19 1
11 1
21 0
43 1
42 2
34 1
37 1
23 4
40 2
6 4
29 4
28 0
12 4
37 0
3 4
12 3
11 2
12 0
24 3
39 1

