100
28 0
27 0
32 1
43 4
20 1
38 4
7 3
24 4
0 2
1 0
41 3
41 4
37 0
37 3
30 4
26 0
42 4
14 4
13 4
12 3
30 0
11 0
5 3
9 4
29 2
20 4
32 2
3 3
5 0
10 4
19 0
36 0
40 4
8 2
5 1
35 4
44 4
24 3
15 1
22 4
31 2
31 1
38 1
36 4
42 0
33 1
21 4
32 4
31 4
0 1
35 0
9 0
15 0
7 4
0 4
23 3
33 3
18 0
16 2
25 2
19 3
17 3
27 4
26 4
34 1
17 0
6 4
0 0
25 3
27 2
30 3
23 4
41 0
39 0
18 1
34 4
37 4
4 0
21 1
11 4
41 1
9 1
2 0
2 1
1 2
43 0
10 2
15 4
12 2
10 3
6 0
12 0
2 4
21 0
42 3
27 3
24 1
32 0
38 3
28 1

100
42 0
7 0
3 0
34 3
41 1
39 4
39 3
16 4
33 2
10 1
42 3
14 3
20 2
2 3
29 4
33 0
20 4
43 4
10 4
10 3
30 0
19 0
38 3
34 4
8 2
26 4
11 2
23 3
41 0
19 4
6 0
11 0
3 4
25 0
1 1
41 4
18 4
8 3
12 1
13 4
40 2
43 1
10 0
40 4
43 0
17 1
42 4
15 4
14 4
26 0
24 1
44 0
44 4
11 4
23 4
36 3
29 3
18 0
5 2
27 1
28 3
2 4
7 4
3 3
35 0
8 0
1 4
28 0
18 3
32 0
22 3
9 4
20 0
9 0
5 1
13 0
30 4
27 0
7 1
34 0
0 0
21 1
39 0
31 1
4 0
39 1
18 2
27 4
43 2
24 3
4 4
36 0
36 4
21 0
11 3
15 3
21 2
14 0
31 4
14 1

