100
10 0
0 0
28 1
6 4
11 0
15 4
11 3
4 4
33 2
8 1
31 3
34 3
25 2
13 3
17 4
27 0
35 4
31 4
36 4
17 3
28 0
26 0
8 3
32 4
25 0
33 3
8 2
29 3
21 0
14 4
9 0
17 0
21 4
18 2
10 2
11 4
37 4
43 3
44 0
26 4
21 2
37 0
2 1
28 4
38 0
33 0
41 4
9 4
39 4
29 1
37 1
24 0
31 0
40 4
12 4
27 3
32 0
7 0
42 2
25 4
24 3
38 4
24 4
16 3
43 1
30 0
13 4
20 3
36 0
0 2
8 4
27 4
35 0
34 0
38 1
7 4
5 4
6 0
41 1
22 4
6 1
11 1
22 0
18 1
30 2
16 1
43 2
29 4
39 2
5 3
1 4
2 0
42 4
39 0
21 3
0 3
31 1
14 0
18 0
24 1

100
34 4
22 0
34 1
31 3
0 0
9 4
13 3
32 4
37 2
20 1
16 3
40 4
23 0
15 3
24 4
15 0
30 4
33 4
3 4
5 3
27 0
20 0
7 4
6 4
4 0
14 4
1 2
43 3
19 0
17 4
13 0
5 0
10 4
23 2
29 2
16 4
11 4
36 3
30 0
25 4
36 2
39 1
36 0
18 4
28 0
2 1
26 4
35 4
31 4
34 0
18 0
14 0
4 3
4 4
22 4
10 3
21 3
17 0
8 2
8 4
1 3
8 3
21 4
44 4
36 1
35 0
2 4
0 3
21 0
10 2
41 3
0 4
12 0
20 4
21 1
8 0
42 4
16 0
3 1
19 4
32 1
43 0
6 0
38 0
30 2
13 1
41 0
12 4
14 2
11 3
37 4
1 0
27 4
24 0
33 3
22 3
40 1
31 0
9 0
15 1

