100
21 0
8 0
30 1
8 4
13 1
20 4
35 3
43 4
31 2
2 1
25 3
32 3
22 2
42 3
6 4
22 0
35 4
34 4
10 4
36 3
44 0
13 0
25 4
26 4
19 2
30 3
29 2
37 3
31 0
41 4
25 0
33 0
37 4
20 0
19 1
31 4
3 4
17 3
23 0
30 4
4 2
16 1
30 0
7 4
34 0
24 0
39 4
19 4
32 4
1 1
21 1
3 0
21 3
0 4
36 4
14 3
39 0
0 0
39 2
6 2
22 3
23 3
38 4
40 3
18 0
7 0
18 4
12 3
13 3
9 2
1 0
1 4
14 0
26 3
0 1
26 0
33 4
19 0
41 0
24 4
41 1
28 1
28 0
32 1
16 2
25 1
12 2
12 4
43 2
43 3
14 4
4 0
27 4
36 0
1 3
5 3
10 1
15 0
9 3
9 0

100
44 0
28 0
9 1
39 3
3 0
29 4
17 3
43 4
10 2
1 1
36 3
28 4
0 0
37 3
22 4
16 0
41 4
5 4
42 4
10 3
42 0
20 0
10 4
21 4
30 2
14 3
12 2
18 3
27 0
6 2
8 0
38 0
2 4
7 2
1 2
26 4
14 0
41 3
26 0
0 4
11 2
7 1
23 1
34 4
9 0
21 1
4 4
17 4
36 4
2 1
1 0
13 0
1 3
1 4
13 4
24 3
43 0
5 0
13 2
4 0
35 3
6 3
23 4
22 3
12 1
19 0
19 4
2 3
31 0
2 0
5 3
24 4
17 0
25 3
15 0
3 4
30 4
35 0
18 0
4 3
43 1
6 0
29 0
18 1
36 0
21 0
25 2
37 4
16 2
43 3
31 4
39 0
14 4
10 0
27 3
31 3
37 1
32 0
6 4
23 0

100
28 0
4 0
1 1
19 3
3 1
24 4
10 3
4 4
24 2
17 1
11 3
6 4
13 2
18 3
19 4
34 0
44 4
39 4
18 4
1 3
7 0
35 0
30 3
43 4
18 2
25 3
10 2
23 3
3 0
14 2
33 0
24 0
3 4
26 2
21 2
14 4
21 0
2 3
18 1
40 4
4 2
16 1
21 1
12 4
22 0
0 1
38 4
42 4
26 4
9 1
4 1
5 0
29 3
37 4
17 4
0 3
33 3
23 0
19 2
27 2
32 3
5 4
23 4
12 3
11 1
8 0
41 4
21 3
9 3
12 2
7 4
13 4
6 0
36 4
19 1
36 0
27 4
9 0
27 1
36 3
7 1
43 1
25 0
5 1
28 2
36 1
14 1
15 4
38 2
16 3
20 4
0 0
0 4
29 0
6 3
3 3
15 2
18 0
13 3
22 1

100
15 0
42 0
28 1
27 4
29 1
42 4
12 3
44 4
43 2
21 1
3 3
37 4
22 2
41 3
40 4
44 0
9 4
11 4
39 4
16 3
0 0
37 0
41 4
29 4
18 2
14 3
11 2
40 3
3 0
12 2
5 0
4 0
8 4
41 2
27 2
38 4
7 4
9 3
24 1
12 4
37 2
6 1
13 0
10 4
16 0
17 0
17 4
14 4
13 4
32 1
23 1
12 0
10 3
3 4
16 4
36 3
7 3
36 0
38 2
14 2
8 3
42 3
15 4
28 4
25 1
43 0
43 4
20 3
17 3
13 2
6 4
36 4
14 0
11 3
44 1
18 0
18 4
27 0
9 1
27 3
3 1
7 1
1 0
36 1
39 2
1 1
29 2
4 4
33 2
4 3
33 4
6 0
0 4
9 0
30 4
37 3
18 1
38 0
24 3
38 1

100
29 4
14 0
0 1
14 3
15 1
3 4
8 3
17 4
4 2
40 1
21 3
32 4
43 2
2 3
26 4
33 0
2 4
13 4
21 4
7 3
0 0
32 0
23 3
18 4
21 2
11 4
36 2
9 3
15 0
7 2
5 0
4 0
4 4
2 2
5 2
1 4
19 4
36 3
10 1
27 4
28 2
1 1
34 1
24 4
16 0
9 0
0 4
10 4
8 4
16 1
2 0
3 0
18 3
31 4
20 4
15 3
41 3
10 0
14 2
40 2
22 3
25 4
30 4
3 3
12 1
1 0
12 4
16 3
10 3
12 2
1 3
9 4
17 0
28 4
7 1
36 0
36 4
18 0
18 1
27 3
29 1
37 1
30 0
32 1
22 2
2 1
19 2
22 4
25 2
39 3
5 4
27 0
33 4
11 0
14 4
4 3
37 2
6 0
24 3
4 1

100
35 0
27 0
31 0
1 3
11 1
0 4
29 3
10 4
9 2
22 1
44 3
36 3
38 2
9 3
2 4
32 0
44 4
8 4
9 4
27 3
7 0
1 0
0 3
4 4
26 2
5 3
0 2
42 3
44 0
4 2
33 0
37 0
14 4
23 2
23 1
15 4
13 0
14 3
16 1
1 4
11 2
0 1
8 1
17 4
12 0
7 1
36 4
41 4
16 4
3 1
17 1
28 0
30 0
38 4
40 4
41 3
41 0
8 0
40 2
28 2
3 3
37 3
39 4
2 3
1 1
17 0
37 4
30 3
34 3
8 2
40 3
3 4
36 0
13 3
9 1
18 4
27 4
18 0
27 1
18 3
39 1
12 1
42 0
37 1
5 2
25 1
29 2
42 4
18 2
6 3
11 4
9 0
5 4
38 0
15 3
10 3
31 2
14 0
31 3
18 1

100
17 0
15 0
29 1
11 3
35 1
26 4
43 3
36 4
16 2
9 1
17 3
41 3
4 2
39 3
17 4
9 0
24 4
11 4
25 4
25 3
14 0
39 0
16 3
44 4
35 2
8 3
19 2
20 3
28 0
25 2
24 0
42 0
9 4
11 2
17 1
38 4
37 4
24 3
41 1
21 4
15 2
38 1
27 0
20 4
36 0
44 0
18 4
12 4
41 4
37 0
40 1
25 0
23 4
19 4
10 4
36 3
22 3
38 0
18 2
44 2
26 3
37 3
42 4
13 4
1 1
40 0
22 4
10 0
10 3
22 2
9 3
43 4
26 0
23 3
11 1
0 4
27 4
0 0
18 1
27 3
27 1
6 1
30 0
43 1
12 2
36 1
37 2
39 4
1 2
6 3
32 0
21 0
14 4
18 0
0 3
12 3
40 2
11 0
3 3
14 1

