100
31 4
18 0
27 1
16 4
7 0
21 4
3 3
30 4
19 2
26 1
43 3
12 3
44 0
5 3
12 4
8 0
24 4
27 4
23 4
10 3
11 0
32 0
41 3
8 4
36 2
31 3
40 0
26 3
38 0
3 4
43 0
28 0
17 4
41 0
28 1
0 4
1 4
34 3
33 1
9 4
17 0
0 1
2 1
35 4
30 0
37 1
22 4
32 4
36 4
36 1
27 0
5 0
6 4
44 4
34 4
25 3
4 4
35 0
6 0
10 1
1 3
2 4
29 4
17 3
18 1
29 0
7 4
33 0
32 3
10 2
16 0
37 4
42 0
15 0
4 0
39 4
33 4
31 0
7 1
29 3
22 1
1 0
25 0
19 1
33 2
5 1
20 2
10 4
39 2
38 3
40 4
19 0
18 4
22 0
13 4
18 3
5 2
12 0
6 3
38 1

100
22 0
17 0
28 1
5 4
25 0
6 4
2 3
17 4
23 0
38 0
24 3
30 4
26 2
36 3
23 4
36 0
16 4
35 4
27 4
22 3
39 0
27 0
12 3
34 4
1 2
35 3
10 0
41 3
37 0
34 2
14 0
7 0
38 4
18 2
39 1
22 4
40 4
44 3
4 1
28 4
33 2
16 1
33 1
39 4
35 0
35 1
13 4
10 4
21 4
10 1
15 1
33 0
42 0
25 4
37 4
27 3
0 3
8 0
37 2
25 2
26 3
0 4
1 4
29 3
9 1
34 0
7 4
13 3
43 3
21 0
8 4
15 4
24 0
40 3
21 1
4 4
2 4
9 0
23 1
26 4
15 0
29 1
0 0
43 0
28 0
2 0
40 0
11 4
31 2
18 4
31 4
30 0
42 4
11 0
14 3
18 3
4 2
4 0
18 0
40 1

