100
28 0
22 0
37 1
43 3
5 1
8 4
36 3
4 4
17 2
37 0
41 3
23 4
5 2
10 3
34 4
31 0
24 4
18 4
7 4
35 3
16 0
39 0
11 3
32 4
30 0
44 3
10 0
42 3
32 0
27 0
44 0
17 0
5 4
14 0
1 1
41 4
22 4
23 3
40 0
39 4
1 0
15 0
33 0
31 4
36 0
16 1
6 4
28 4
26 4
31 1
0 1
38 0
21 0
10 4
17 4
34 3
7 0
8 0
8 2
30 2
33 3
33 4
19 4
27 4
0 0
2 0
25 4
9 0
9 3
44 2
13 3
29 4
43 0
18 3
7 1
30 4
35 4
29 0
42 1
8 3
19 1
14 1
34 0
12 1
22 2
34 1
6 2
37 4
40 2
43 4
11 4
11 0
14 4
18 0
0 3
19 3
0 4
3 0
24 3
24 0

100
19 4
18 0
28 1
32 4
39 0
27 4
40 3
12 4
38 0
10 1
18 3
38 4
27 0
5 3
44 4
19 0
34 4
20 4
13 4
23 3
24 0
28 0
28 4
5 4
8 0
31 3
5 2
17 3
44 0
20 0
36 0
7 0
17 4
40 2
12 1
2 4
26 4
8 3
3 1
36 4
44 2
6 0
0 1
29 4
4 0
30 0
8 4
22 4
31 4
34 1
24 1
40 0
23 0
4 4
6 4
28 3
6 3
0 0
2 2
24 4
26 3
36 3
39 4
11 4
19 1
17 0
30 4
41 3
22 3
10 2
31 0
3 4
26 0
37 3
29 0
25 4
37 4
22 0
21 1
37 0
13 1
29 1
41 0
32 1
0 2
41 1
39 1
0 4
6 2
9 3
14 4
14 0
41 4
1 0
19 3
42 3
21 2
9 0
33 3
33 0

