100
43 4
2 0
5 1
8 4
28 1
3 4
1 3
22 4
8 2
42 0
7 3
38 3
26 0
2 3
19 4
15 0
25 4
5 4
30 4
32 3
32 0
36 0
9 4
36 4
37 2
9 3
14 0
14 3
16 0
14 2
18 0
19 0
34 4
1 2
0 0
44 4
23 4
19 3
7 0
26 4
11 2
26 1
9 0
33 4
6 0
42 1
10 4
24 4
16 4
33 0
9 1
39 0
43 0
12 4
27 4
20 3
12 3
17 0
0 2
11 0
18 3
29 4
6 4
17 4
44 1
10 0
42 4
0 3
25 0
31 2
27 0
1 4
35 0
1 0
16 1
20 0
18 4
44 0
27 1
21 4
33 1
12 1
40 0
22 1
37 0
12 0
24 2
37 4
32 2
27 3
13 4
22 0
39 4
29 0
33 3
29 3
27 2
3 0
23 3
6 1

100
41 4
17 0
28 1
31 4
25 1
22 4
38 3
0 4
41 2
42 0
36 3
11 3
29 2
12 3
12 4
13 0
14 4
28 4
35 4
23 3
29 0
12 0
16 4
1 4
8 2
19 4
14 2
9 3
36 0
17 2
18 0
10 0
13 4
11 0
0 0
30 4
26 4
31 3
1 0
20 4
28 2
15 1
30 0
8 4
44 0
20 1
15 4
5 4
21 4
26 1
28 0
2 0
13 3
36 4
44 4
43 3
20 3
5 0
6 0
7 4
27 3
14 3
27 4
9 4
35 1
40 0
24 4
1 3
43 0
7 2
7 0
25 4
41 0
41 3
16 0
4 0
6 4
8 0
22 1
23 4
42 1
0 1
34 0
19 0
15 2
39 1
14 0
39 4
36 2
33 4
37 0
21 0
2 4
24 0
32 3
2 3
31 1
31 0
15 3
3 1

