100
16 4
23 0
24 1
26 3
33 1
17 4
3 3
22 4
16 2
23 1
12 3
39 3
39 2
9 3
40 4
40 0
12 4
4 4
5 4
5 3
41 0
15 0
19 3
35 4
35 2
23 4
9 2
28 3
7 0
7 4
38 0
8 0
3 4
9 0
40 1
33 4
0 4
25 3
31 1
10 4
10 2
0 1
25 1
21 4
17 0
19 1
13 4
34 4
41 4
27 0
38 1
35 0
14 3
18 4
1 4
6 3
22 3
19 0
38 2
24 2
21 3
27 3
14 4
40 3
26 1
18 0
8 4
6 0
16 0
25 0
24 3
27 4
14 0
39 4
22 0
11 4
2 4
34 0
1 1
20 4
15 1
13 1
12 0
9 1
36 0
10 0
28 1
25 4
31 2
7 3
36 4
31 0
29 4
0 0
42 4
36 3
28 0
42 0
32 3
3 0

100
31 4
28 0
34 1
26 4
23 1
32 4
40 3
7 4
36 2
20 0
19 3
5 4
16 2
6 3
40 4
41 0
18 4
24 4
42 4
7 3
13 0
6 0
10 4
16 4
35 2
4 4
3 0
21 3
8 0
39 0
18 0
30 0
39 4
13 2
18 2
6 4
14 4
44 3
31 1
8 4
33 2
0 1
34 0
9 4
5 0
28 1
28 4
19 4
17 4
32 1
7 0
21 0
25 0
27 4
34 4
13 3
21 4
14 0
34 2
29 0
16 3
22 3
15 4
20 4
17 1
15 0
43 4
26 0
42 3
35 0
34 3
22 4
19 0
0 3
29 1
4 0
12 4
40 0
12 0
27 0
23 0
1 1
37 0
16 0
31 2
14 1
41 2
29 4
38 2
32 3
1 4
31 0
36 4
42 0
24 3
3 3
1 2
0 0
9 3
9 0

