100
5 4
16 0
18 1
12 3
17 0
21 4
8 3
10 4
41 2
27 0
17 3
31 4
18 2
16 3
6 4
30 0
25 4
17 4
27 4
29 3
44 0
19 0
21 3
9 4
4 2
2 4
23 2
43 3
41 0
5 0
28 0
2 0
13 4
10 2
1 2
36 4
18 4
42 3
31 0
11 4
33 0
19 1
39 0
26 4
29 0
8 1
38 4
0 4
3 4
3 0
39 1
12 0
15 4
22 4
29 4
10 3
28 4
40 0
9 2
23 1
32 3
27 3
39 4
40 4
34 1
1 0
20 4
37 3
18 0
6 0
19 3
32 4
7 0
8 4
35 0
4 0
4 4
26 0
11 0
20 3
15 1
43 1
42 0
31 1
42 2
40 1
29 1
34 4
7 2
33 3
20 0
23 0
42 4
36 0
5 3
0 3
37 2
13 0
13 3
11 1

100
26 4
10 0
38 1
36 3
13 1
9 4
18 3
15 4
0 0
32 0
44 3
14 3
37 2
37 3
3 4
40 0
27 4
18 4
2 4
4 3
18 0
43 0
38 4
39 4
11 2
9 3
15 0
2 3
17 0
31 0
11 0
30 0
28 4
1 2
19 0
30 4
20 0
42 3
32 1
17 4
31 2
11 1
10 1
13 4
36 0
4 1
29 4
16 4
44 4
24 0
2 1
9 0
25 3
1 4
14 4
43 3
29 0
39 0
29 2
32 4
40 3
42 4
34 4
41 4
22 1
27 0
11 4
14 0
32 3
26 2
21 0
12 4
16 0
37 0
28 1
28 0
35 4
25 0
38 0
31 4
20 1
22 0
1 0
41 1
39 2
34 1
43 2
36 4
41 0
0 3
5 4
3 0
19 4
33 0
10 3
5 3
21 2
6 0
22 4
6 1

