100
1 4
40 0
7 0
14 4
27 1
27 4
33 3
32 4
40 2
37 1
23 3
20 3
34 0
39 3
7 4
8 0
30 4
0 4
22 4
10 3
33 0
18 0
13 3
10 4
22 2
40 3
8 2
28 3
5 0
30 2
19 0
29 0
18 4
9 0
7 2
28 4
8 4
5 3
43 0
20 4
31 2
13 1
26 1
33 4
36 0
44 1
16 4
19 4
15 4
23 1
19 1
1 0
28 0
23 4
41 4
15 3
41 0
31 0
18 2
23 2
12 3
29 4
11 4
21 3
12 1
30 0
12 4
18 3
10 0
11 2
42 3
9 4
27 0
21 0
32 1
17 4
37 4
6 0
22 0
22 3
33 1
28 1
37 0
4 1
25 2
38 1
15 2
38 4
33 2
31 3
24 4
24 0
42 4
15 0
3 4
1 3
1 2
2 0
6 3
12 0

100
42 4
32 0
25 0
15 4
6 0
21 4
0 3
0 4
2 0
44 1
8 3
36 4
1 0
16 3
16 4
36 0
3 4
2 4
8 4
27 3
5 0
39 0
4 4
20 4
39 2
4 3
33 2
35 3
9 0
13 0
40 0
7 0
1 4
2 2
10 2
27 4
38 4
26 3
9 1
18 4
0 2
29 1
27 1
12 4
43 0
41 0
13 4
37 4
14 4
18 0
18 1
31 0
43 3
41 4
11 4
32 3
22 0
21 0
0 0
19 1
1 3
17 4
40 4
31 3
11 1
17 0
22 4
7 3
26 0
8 0
34 3
10 4
44 0
42 3
24 1
35 0
19 4
37 0
43 1
36 3
5 1
22 1
23 0
12 1
19 0
3 0
37 2
43 4
4 2
21 3
32 4
27 0
23 4
10 0
5 4
28 3
39 1
14 0
28 4
32 1

