100
41 0
1 0
0 1
42 3
35 1
9 4
31 3
39 4
21 0
20 1
17 3
44 4
41 2
3 3
43 4
2 0
5 4
21 4
40 4
1 3
5 0
3 0
20 3
26 4
16 0
1 4
15 2
13 3
26 0
22 0
12 0
10 0
16 4
40 0
12 1
33 4
24 4
18 3
39 0
38 4
3 2
9 1
11 1
7 4
9 0
36 1
37 4
42 4
23 4
4 0
23 0
19 0
18 4
19 4
2 4
7 3
18 0
15 0
20 0
0 4
6 3
22 4
4 4
11 4
37 1
25 0
36 4
40 3
0 0
32 2
10 4
29 4
35 0
15 4
43 1
20 4
35 4
11 0
17 1
38 3
32 1
7 1
33 0
13 0
16 2
30 1
12 2
31 4
33 2
27 4
29 0
6 0
12 4
36 0
23 3
27 3
39 1
42 0
33 3
27 1

100
25 0
35 0
3 1
9 3
27 1
9 4
33 3
38 4
14 0
6 1
35 3
2 3
29 0
40 3
17 4
6 0
15 4
16 4
5 4
38 3
42 0
18 0
41 3
4 4
30 0
12 3
42 2
24 3
19 0
43 0
39 0
26 0
8 4
13 0
8 2
12 4
13 4
26 3
21 0
44 4
44 0
36 0
31 1
7 4
0 0
43 1
26 4
37 4
22 4
13 1
14 1
15 0
18 4
10 4
14 4
6 3
36 4
16 0
13 2
37 2
0 3
15 3
20 4
6 4
36 1
20 0
30 4
36 3
25 3
1 0
8 3
1 4
31 0
34 3
41 0
12 0
2 4
40 0
44 1
2 0
27 0
0 1
7 0
22 1
28 2
33 1
15 1
32 4
11 2
20 3
32 0
9 0
41 4
3 0
23 4
27 3
38 2
22 0
27 4
38 1

