100
31 4
20 0
42 1
33 3
1 1
35 4
17 3
10 4
32 2
19 1
35 3
11 3
28 2
12 3
26 4
4 0
9 4
33 4
29 4
25 3
26 0
32 0
44 4
34 4
13 2
19 4
4 2
32 3
36 0
14 2
34 0
30 0
27 4
37 2
7 2
30 4
3 4
44 3
41 1
0 4
31 2
9 1
16 0
38 4
17 0
26 1
11 4
28 4
14 4
22 1
2 0
12 0
37 4
17 4
4 4
23 3
1 0
38 0
21 2
22 2
5 3
23 4
43 4
16 3
21 1
9 0
36 4
22 0
5 0
38 2
12 4
1 4
37 0
18 0
33 0
35 0
18 4
8 0
37 1
3 3
39 1
34 1
6 0
23 1
23 0
15 1
0 2
24 4
41 2
39 3
39 4
39 0
6 4
42 0
20 4
27 3
6 1
13 0
27 0
28 1

100
8 0
32 0
21 1
16 3
37 1
8 4
23 3
29 4
30 2
8 1
14 3
43 3
17 2
2 3
23 4
16 0
11 4
3 4
24 4
32 3
7 0
41 0
1 3
0 4
26 2
19 3
27 0
4 3
14 0
8 2
15 0
19 0
25 4
23 2
2 0
41 4
36 4
37 3
0 1
21 4
39 2
38 0
12 1
26 4
13 0
15 1
27 4
18 4
10 4
27 1
1 1
30 0
35 3
28 4
33 4
9 3
37 4
3 0
31 0
29 0
36 3
13 4
43 4
18 3
17 0
0 0
12 4
13 3
18 0
13 2
35 4
22 4
36 0
39 3
6 1
20 4
32 4
6 0
37 0
34 4
40 1
19 1
25 0
4 0
27 2
32 1
41 2
16 4
14 2
20 3
38 4
9 0
5 4
33 0
29 3
40 3
28 1
22 0
10 3
42 0

100
26 0
43 0
43 1
42 3
37 0
43 4
19 3
40 4
42 2
12 1
25 3
23 3
26 2
22 3
5 4
22 0
44 4
15 4
41 4
18 3
9 0
23 0
22 4
16 4
5 2
0 3
4 2
8 3
41 0
16 2
42 0
17 0
24 4
2 2
2 1
25 4
37 4
37 3
17 1
38 4
38 2
26 1
41 1
23 4
21 0
36 1
21 4
13 4
2 4
44 1
7 1
44 0
32 3
39 4
42 4
2 3
21 3
36 0
3 2
43 2
31 3
44 3
36 4
24 3
21 1
25 0
1 4
24 0
33 3
10 2
0 4
26 4
40 0
7 3
25 1
0 0
27 4
27 0
27 1
9 3
0 1
15 1
38 0
37 1
29 2
5 1
32 2
3 4
21 2
39 3
18 4
10 0
9 4
13 0
6 4
4 3
18 2
18 0
28 3
18 1

100
13 0
7 0
43 0
16 4
10 1
13 4
41 3
14 4
25 2
17 1
37 3
15 3
5 2
7 3
17 4
18 0
38 4
1 4
37 4
26 3
36 0
22 0
40 3
0 4
43 2
17 3
16 0
39 3
9 0
31 2
3 0
37 0
36 4
14 2
16 2
15 4
19 0
25 3
17 0
3 4
10 2
2 1
0 1
42 4
26 0
3 1
9 4
43 4
41 4
8 1
1 1
39 0
9 3
40 4
8 4
18 3
39 4
6 0
17 2
40 2
8 3
23 3
44 4
6 4
44 1
44 0
7 4
11 3
6 3
28 2
24 3
2 4
8 0
2 3
16 1
18 4
27 4
27 0
27 1
27 3
4 1
13 1
4 0
11 1
0 2
20 1
34 2
4 4
14 0
13 3
0 0
10 0
10 4
23 0
19 3
42 3
37 2
40 0
3 3
37 1

100
39 0
26 0
4 1
8 3
44 1
17 4
9 3
0 4
13 2
22 1
12 3
23 3
30 2
3 3
16 4
0 0
15 4
9 4
31 4
13 3
4 0
40 0
18 3
3 4
41 2
4 3
17 2
10 3
44 0
35 2
8 0
1 0
14 4
16 2
17 1
32 4
35 4
22 3
24 1
11 4
6 2
5 1
25 1
7 4
5 0
18 1
12 4
27 4
18 4
26 1
42 1
3 0
30 3
8 4
10 4
26 3
35 3
18 0
26 2
28 2
29 3
13 4
25 4
2 3
13 1
25 0
2 4
14 3
31 3
21 2
19 3
1 4
2 0
1 3
16 1
9 0
36 4
27 0
27 1
36 3
19 1
14 1
6 0
36 1
33 2
40 1
37 2
28 4
0 2
24 3
41 0
19 0
4 4
36 0
32 3
5 3
9 2
22 0
19 4
6 1

100
35 0
42 0
37 0
17 4
36 1
2 4
22 3
13 4
22 2
10 1
23 3
39 3
21 2
44 3
0 4
38 0
31 4
33 4
34 4
34 3
36 0
5 0
25 3
8 4
44 2
26 3
18 2
27 3
9 0
31 2
33 0
12 0
5 4
1 2
25 1
35 4
29 4
30 3
41 1
32 4
17 2
34 0
29 1
30 4
44 0
43 1
12 4
27 4
7 4
42 1
34 1
43 0
28 0
6 4
9 4
7 3
32 3
40 0
13 2
2 2
33 3
6 3
4 4
28 3
35 1
27 0
28 4
17 0
38 3
15 2
16 0
3 4
32 0
40 3
30 1
18 4
36 4
18 0
0 1
9 3
14 1
39 1
10 0
37 1
41 2
16 1
3 0
10 4
25 2
1 3
29 0
13 0
14 4
6 0
18 3
3 3
37 2
0 0
41 3
21 1

