100
12 4
44 0
10 1
28 3
22 1
9 4
29 3
39 4
8 0
19 0
27 3
11 3
30 0
36 3
21 4
31 0
13 4
28 4
37 4
1 3
24 0
28 0
6 3
6 4
43 2
10 3
31 2
33 3
32 0
6 0
3 0
14 0
19 4
23 2
25 2
11 4
25 4
13 3
41 1
24 4
41 2
27 1
40 1
33 4
9 0
9 1
22 4
34 4
23 4
18 0
16 1
36 0
2 3
27 4
26 4
32 3
18 4
40 0
8 2
35 4
25 3
38 4
44 4
31 3
24 1
7 0
7 4
5 0
37 0
23 0
0 0
8 4
27 0
10 0
29 0
41 0
20 4
4 0
6 1
32 4
7 1
25 1
42 0
30 1
18 2
0 1
37 1
29 4
3 2
4 4
15 4
11 0
0 4
20 0
41 3
37 3
41 4
15 0
3 3
33 0

100
44 4
18 0
24 0
3 3
32 0
9 4
24 3
25 4
29 0
44 1
2 3
4 4
29 2
28 3
19 4
20 0
34 4
10 4
40 4
11 3
17 0
31 0
8 3
41 4
11 2
19 3
5 2
1 3
40 0
18 2
13 0
34 0
21 4
44 0
23 2
31 4
38 0
16 3
39 0
30 4
25 2
35 1
6 1
28 4
25 0
12 0
26 4
35 4
24 4
33 1
26 0
33 0
20 3
29 4
42 4
7 3
27 4
30 0
19 2
25 1
39 3
43 4
13 4
16 4
30 1
35 0
18 4
17 3
44 3
21 0
22 3
2 4
27 0
42 3
5 0
23 4
39 4
23 0
19 1
22 4
40 1
36 1
0 0
4 1
15 2
13 1
30 2
11 4
36 0
29 3
9 0
6 0
6 4
41 0
32 3
12 3
41 2
14 0
36 4
2 0

100
42 4
11 0
19 1
23 4
30 1
17 4
37 3
21 4
40 2
2 1
41 3
43 3
44 2
24 3
25 4
10 0
10 4
12 4
33 4
26 3
19 0
7 0
23 3
26 4
8 2
28 3
28 2
27 3
20 0
13 4
12 0
8 0
35 4
43 2
10 2
34 4
18 4
13 3
31 1
22 4
23 2
18 1
25 1
39 4
24 0
44 1
24 4
32 4
14 4
41 1
26 1
18 0
22 3
16 4
19 4
29 3
39 3
0 0
1 2
24 2
15 3
18 3
20 4
25 3
20 1
26 0
11 4
9 0
40 3
6 2
25 0
15 4
16 0
12 3
35 1
27 0
0 4
36 0
9 1
0 3
7 1
42 1
2 0
5 1
25 2
39 1
12 2
30 4
41 2
16 3
36 4
21 0
27 4
4 0
9 3
19 3
20 2
13 0
31 3
36 1

100
36 4
37 0
40 1
44 3
13 1
19 4
10 3
39 4
19 2
8 1
43 3
0 4
16 2
41 3
24 4
44 0
23 4
43 4
41 4
40 3
20 0
40 0
21 3
18 4
7 2
36 3
11 2
25 3
25 0
1 2
43 0
42 0
35 4
4 2
0 2
32 4
34 0
23 3
39 1
38 4
36 2
43 1
7 1
42 4
27 0
4 1
44 4
33 4
34 4
36 1
24 1
41 0
33 3
37 4
25 4
24 3
37 3
38 0
29 2
35 2
32 3
19 3
26 4
8 4
44 1
24 0
20 4
39 0
38 3
38 2
35 3
40 4
36 0
26 3
3 1
9 0
9 4
0 0
27 1
0 3
21 1
5 1
18 0
25 1
27 2
19 1
30 2
21 4
5 2
15 3
1 4
31 0
4 4
21 0
27 4
29 3
13 2
28 0
12 3
0 1

100
38 0
26 0
36 1
41 3
4 1
36 4
36 3
20 4
17 2
13 1
1 3
40 3
8 2
44 3
37 4
19 0
40 4
44 4
7 4
0 3
7 0
40 0
39 3
25 4
7 2
21 3
40 2
9 3
37 0
28 2
25 0
8 0
43 4
12 2
6 2
4 4
19 4
5 3
16 1
18 4
9 2
19 1
41 1
0 4
18 0
18 1
1 4
8 4
39 4
42 1
12 1
41 0
38 3
38 4
2 4
26 3
42 3
39 0
26 2
44 2
43 3
7 3
3 4
26 4
20 1
21 0
21 4
37 3
36 0
39 2
20 0
6 4
44 0
42 0
15 1
9 4
27 4
27 0
27 1
27 3
25 1
23 1
0 0
9 1
37 2
1 1
34 2
41 4
10 2
22 3
3 0
22 0
22 4
15 0
18 3
12 3
22 2
12 0
9 0
37 1

100
5 0
0 0
14 1
43 3
10 1
0 4
14 3
36 4
40 2
27 1
37 3
15 3
42 2
13 3
17 4
8 0
8 4
2 4
37 4
40 3
28 0
27 0
38 3
14 4
41 2
8 3
38 2
4 3
35 0
29 2
1 0
38 0
13 4
43 2
37 2
3 4
42 0
21 3
31 1
7 4
39 2
42 1
40 1
42 4
36 0
33 1
38 4
1 4
44 4
17 1
9 1
6 0
9 3
19 4
9 4
36 3
0 3
44 0
10 2
8 2
11 3
12 4
24 4
10 3
44 1
29 0
43 4
42 3
12 3
0 2
44 3
10 4
43 0
41 3
20 1
18 0
27 4
9 0
0 1
27 3
11 1
22 1
30 0
15 1
13 2
28 1
16 2
15 4
11 2
6 3
39 4
39 0
21 4
32 0
4 4
23 3
18 2
2 0
1 3
24 1

100
29 0
18 0
39 1
33 4
12 1
21 4
14 3
43 4
14 2
18 1
13 3
40 3
5 2
36 3
22 4
43 0
23 4
35 4
34 4
42 3
26 0
19 0
25 3
42 4
32 2
17 3
43 2
15 3
34 0
8 2
38 0
41 0
19 4
15 2
16 1
15 4
18 4
22 3
20 1
24 4
9 2
31 1
19 1
16 4
44 0
21 1
27 4
12 4
17 4
22 1
41 1
42 0
5 3
14 4
44 4
12 3
18 3
37 0
11 2
44 2
4 3
36 4
41 4
37 3
26 1
35 0
13 4
19 3
41 3
0 2
38 3
37 4
36 0
26 3
44 1
9 0
0 4
0 0
0 1
27 3
23 1
14 1
27 0
42 1
18 2
37 1
1 2
28 4
34 2
20 3
30 4
31 0
9 4
23 0
38 4
9 3
38 2
20 0
6 3
9 1

