273
21 17
19 7
8 25
7 2
17 25
22 38
11 43
10 45
13 37
16 38
12 40
5 40
18 5
6 12
8 15
16 17
11 23
20 25
14 6
1 25
7 3
23 46
15 23
0 22
12 25
13 18
17 19
3 21
23 22
22 4
11 25
6 26
1 10
21 2
2 11
18 13
3 20
4 14
8 21
7 5
14 5
0 8
19 8
12 2
9 20
18 4
16 27
6 21
10 27
5 37
12 37
3 45
21 39
22 40
13 40
19 43
6 0
3 7
8 14
7 14
16 11
13 27
23 4
20 27
12 8
2 40
15 3
1 21
12 27
21 18
17 4
11 14
13 24
22 10
1 27
6 28
16 19
11 17
3 5
23 1
18 10
22 12
13 16
6 17
8 22
3 22
5 14
23 6
13 15
8 12
6 29
17 18
21 29
11 39
12 43
9 38
16 39
10 37
3 44
5 46
16 7
12 24
6 8
8 18
21 13
13 29
0 23
2 29
18 7
1 40
23 12
15 6
1 29
23 24
13 13
12 11
6 6
2 24
11 29
17 30
21 11
16 5
18 21
7 20
3 11
0 7
16 16
19 12
10 9
12 1
5 7
0 16
13 12
6 2
7 31
12 21
18 31
21 44
9 42
11 38
17 39
3 43
22 42
10 39
3 16
11 21
13 4
8 7
23 10
20 31
12 12
15 31
6 20
0 45
1 20
5 17
22 31
21 23
16 21
13 7
8 1
1 4
12 31
2 32
11 13
12 17
18 1
23 14
6 3
17 1
21 21
12 16
17 2
15 15
19 18
10 20
22 1
19 19
10 33
16 15
5 33
12 45
3 46
18 38
17 38
13 45
21 43
8 46
1 17
18 16
3 10
13 1
10 11
21 33
23 16
7 33
2 5
15 41
14 4
16 10
12 33
22 22
16 18
18 17
23 11
3 15
13 33
0 34
7 18
11 18
8 11
6 7
21 5
2 3
13 19
3 17
4 12
21 10
1 1
1 11
19 22
3 24
10 35
13 17
21 35
12 44
6 37
16 43
9 40
18 45
5 42
17 41
12 4
18 15
2 17
3 1
21 0
16 35
23 21
6 35
11 2
15 37
4 5
13 21
23 35
13 22
7 19
6 22
18 19
16 4
12 35
0 36
22 16
11 0
17 24
21 14
3 4
22 18
15 1
21 22
22 17
17 21
1 7
15 7
1 41
24 38
20 38
23 42
4 46
14 44
2 42
15 44
0 38

