100
43 4
35 0
1 0
22 4
8 1
10 4
33 3
33 4
23 2
21 1
25 3
36 4
31 2
23 3
23 4
24 0
37 4
0 4
25 4
6 3
7 0
3 0
21 4
14 4
11 2
5 4
0 2
35 3
2 0
26 2
43 0
12 0
12 4
23 0
23 1
28 4
9 0
8 3
26 1
34 4
38 0
0 0
32 1
3 4
36 0
15 1
29 4
19 4
18 4
8 0
42 1
37 0
4 4
42 4
11 4
3 3
37 3
44 0
21 2
35 4
9 3
26 3
44 4
0 3
34 1
6 0
30 4
40 3
28 3
34 2
36 3
31 4
11 0
5 3
18 1
16 0
27 4
17 0
10 1
20 4
0 1
13 1
13 0
4 0
25 0
21 0
19 2
1 4
32 2
14 3
39 4
39 0
15 4
27 0
6 4
20 3
6 2
18 0
30 3
31 0

100
44 4
16 0
4 0
14 4
15 0
26 4
29 3
13 4
27 2
15 1
9 3
12 4
36 2
0 3
35 4
22 0
10 4
27 4
39 4
32 3
11 0
26 0
36 3
17 4
28 2
23 4
31 0
18 3
24 0
41 2
20 0
1 0
24 4
19 2
22 2
19 4
34 0
11 3
14 1
15 4
29 2
21 0
27 1
42 4
27 0
25 1
0 4
2 4
43 4
39 1
43 1
33 0
22 3
1 4
25 4
3 3
41 4
35 0
18 2
23 0
17 3
42 3
31 4
27 3
1 1
36 0
6 4
5 3
10 3
44 2
25 0
38 4
41 0
7 3
8 1
32 0
37 4
9 0
37 0
15 3
28 0
12 1
42 0
5 1
18 0
40 1
2 0
7 4
4 2
25 3
28 4
12 0
32 4
6 0
3 4
38 3
30 1
38 0
20 4
33 1

