100
42 0
37 0
12 1
34 4
0 1
43 4
6 3
6 4
26 2
8 0
18 3
40 4
19 2
32 3
32 4
5 0
25 4
35 4
39 4
31 3
41 0
32 0
5 3
15 4
39 2
5 4
14 2
1 3
44 0
38 0
27 0
16 0
3 4
11 2
32 2
24 4
23 4
13 3
36 1
8 4
0 0
24 1
20 1
4 4
43 0
28 1
10 4
42 4
41 4
33 0
19 0
15 0
17 3
0 4
31 4
27 3
30 4
28 0
2 0
8 1
29 3
34 3
21 4
9 3
26 1
7 0
16 4
39 0
22 3
26 0
33 4
29 4
17 0
7 4
42 1
1 0
17 4
29 0
5 1
21 3
15 1
31 1
3 0
43 1
10 0
37 1
30 2
1 4
34 2
27 4
36 4
23 0
11 4
20 0
42 3
2 3
18 4
12 0
24 3
39 1

100
0 0
16 0
13 1
2 4
28 0
8 4
16 3
40 4
6 0
4 1
34 3
1 4
44 2
14 3
0 4
35 0
10 4
29 4
3 4
41 3
44 0
33 0
44 4
36 4
22 0
30 3
8 0
32 3
18 0
33 2
34 0
17 0
18 4
22 2
26 2
21 4
37 4
1 3
3 1
22 4
5 0
16 1
30 0
14 4
9 0
43 1
9 4
13 4
30 4
0 1
11 0
27 0
38 4
20 4
15 4
17 3
12 3
29 0
26 0
14 2
9 3
5 4
32 4
26 3
17 1
10 0
6 4
4 3
12 0
39 2
1 0
7 4
2 0
43 0
27 1
11 4
31 4
42 0
22 1
26 4
14 1
31 0
3 0
36 1
4 2
33 1
41 2
27 4
19 2
22 3
23 4
39 0
41 4
19 0
6 3
38 3
33 4
23 0
36 0
10 1

