100
8 0
24 0
35 1
21 4
38 1
35 4
14 3
7 4
32 0
40 0
15 3
33 3
28 2
13 3
33 4
13 0
41 4
31 4
22 4
21 3
28 0
36 0
17 3
6 4
16 0
4 3
38 2
34 3
17 0
3 2
22 0
25 0
8 4
42 0
32 2
37 4
14 4
40 3
40 1
26 4
37 2
19 1
1 0
23 4
27 0
26 0
13 4
18 4
19 4
31 1
29 0
44 0
37 0
15 4
29 4
44 3
0 3
9 0
20 2
26 2
19 3
25 3
12 4
9 4
41 1
30 0
16 4
20 3
18 3
16 2
39 3
4 4
31 0
25 4
22 1
41 0
17 4
18 0
37 1
20 4
38 0
42 1
5 0
5 1
29 2
9 1
14 1
27 4
23 2
11 3
1 4
19 0
42 4
10 0
38 4
27 3
39 2
33 0
22 3
32 1

100
41 0
8 0
30 0
33 3
31 1
28 4
19 3
14 4
7 2
27 1
0 3
7 4
26 0
26 3
0 4
35 0
18 4
16 4
12 4
11 3
3 0
42 0
42 3
8 4
18 2
13 4
6 0
21 3
40 0
2 2
25 0
23 0
26 4
20 2
19 0
43 4
10 0
36 3
33 1
20 4
9 0
39 1
5 1
19 4
7 0
43 1
2 4
21 4
5 4
18 0
3 1
28 0
28 3
42 4
31 4
37 3
29 3
43 0
0 2
1 0
25 3
6 4
1 4
4 3
29 0
5 0
27 4
38 3
1 3
10 2
35 3
15 4
31 0
32 3
24 0
44 4
23 4
44 0
0 0
12 3
0 1
29 1
11 0
14 1
41 2
18 1
34 1
24 4
30 2
30 3
20 0
36 0
9 4
15 0
39 4
13 3
32 4
32 0
36 4
9 1

100
0 0
7 0
0 1
3 3
35 1
30 4
17 3
27 4
32 2
43 1
31 3
6 4
25 2
8 3
13 4
26 0
15 4
10 4
28 4
9 3
1 0
24 0
2 3
17 4
0 2
30 3
28 2
1 3
22 0
30 0
9 0
2 0
4 4
34 2
44 2
3 4
9 4
33 3
22 1
11 4
37 2
31 0
5 1
5 4
32 0
1 1
31 4
14 4
16 4
29 0
24 1
35 0
16 0
12 4
1 4
0 3
7 3
28 0
41 2
30 2
13 3
36 3
29 4
35 4
3 1
23 0
2 4
17 0
10 3
17 2
6 0
0 4
27 0
35 3
34 1
36 4
18 4
36 0
9 1
18 3
6 1
20 1
33 0
32 1
7 2
40 1
9 2
7 4
12 2
11 3
18 0
13 0
32 4
10 0
4 3
27 3
14 2
3 0
14 3
27 1

100
40 4
43 0
15 0
44 3
30 1
44 4
18 3
12 4
30 2
36 1
36 3
16 4
13 2
43 3
17 4
16 0
20 4
38 4
42 4
41 3
27 0
44 0
16 3
27 4
21 2
38 3
19 2
26 3
9 0
14 2
41 0
39 0
39 4
37 2
15 2
18 4
28 0
20 3
38 1
25 4
18 2
31 1
28 1
26 4
40 0
27 1
43 4
10 4
37 4
42 1
12 1
42 0
9 4
21 4
14 4
42 3
6 3
17 0
22 2
19 1
8 3
25 3
33 4
41 4
22 1
38 0
36 4
40 3
7 3
41 2
31 4
13 4
14 0
15 4
10 1
18 0
0 4
0 0
0 1
27 3
13 1
43 1
36 0
25 1
4 2
40 1
10 2
34 4
16 2
0 3
28 4
30 0
22 4
33 0
10 3
22 3
6 2
11 0
2 3
15 1

100
40 0
4 0
41 1
8 3
33 1
13 4
14 3
18 4
14 0
1 1
20 3
20 4
13 2
26 3
14 4
11 0
11 4
36 4
26 4
1 3
41 0
8 0
10 4
9 4
10 2
24 3
18 2
43 3
7 0
11 2
10 0
3 0
16 4
30 2
13 0
41 4
34 0
0 3
5 0
39 4
16 2
36 1
5 1
43 4
17 0
24 1
40 4
17 4
42 4
40 1
3 1
9 0
44 3
44 4
19 4
37 3
22 3
36 0
40 2
34 2
19 3
41 3
15 4
36 3
20 1
0 0
38 4
40 3
25 3
43 2
27 0
12 4
15 0
9 3
12 0
27 4
0 4
18 0
9 1
27 3
22 1
18 1
1 0
7 1
23 2
43 1
14 2
21 4
32 2
38 3
37 0
42 0
23 4
31 0
10 3
15 3
37 2
28 0
4 3
27 1

100
26 0
12 0
14 1
32 3
35 1
13 4
22 3
16 4
19 0
7 1
14 3
29 3
3 2
17 3
24 4
18 0
27 4
28 4
30 4
8 3
11 0
17 0
13 3
17 4
8 2
24 3
32 2
10 3
15 0
33 2
22 0
30 0
26 4
34 2
12 2
31 4
8 0
27 3
6 0
29 4
28 2
31 0
14 0
23 4
5 0
27 1
20 4
14 4
9 4
43 1
40 1
28 0
26 3
15 4
18 4
9 3
7 0
27 0
36 2
17 2
18 3
23 3
25 4
31 3
17 1
13 0
32 4
3 3
20 0
21 0
30 3
19 4
16 0
28 3
28 1
0 4
36 4
36 0
18 1
36 3
38 1
3 0
9 0
36 1
13 2
15 1
42 2
21 4
15 2
19 3
33 4
0 0
10 4
23 0
4 3
33 3
9 2
33 0
0 3
9 1

