100
23 4
7 0
41 0
15 4
7 1
29 4
41 3
16 4
35 0
26 1
30 3
6 4
31 2
44 3
35 4
1 0
9 4
20 4
31 4
17 3
39 0
42 0
25 4
22 4
30 0
28 4
19 0
24 3
28 0
32 4
18 0
5 0
14 4
12 2
13 1
42 4
26 0
18 3
15 0
41 4
38 2
29 0
28 1
26 4
20 0
25 1
43 4
24 4
7 4
9 1
21 0
22 0
31 3
12 4
34 4
27 3
43 3
17 0
42 2
20 2
22 3
9 3
21 4
13 3
0 0
40 0
33 4
14 0
43 0
18 2
44 0
30 4
9 0
36 3
20 1
8 4
19 4
16 0
41 1
11 3
21 1
4 1
36 0
18 1
3 2
33 1
32 2
10 4
6 2
3 3
10 0
2 0
37 4
32 0
5 3
37 3
3 4
23 0
0 4
38 1

100
17 0
39 0
15 1
9 3
39 1
38 4
37 3
1 4
26 2
37 1
36 3
25 4
20 0
13 3
36 4
6 0
20 4
9 4
17 4
27 3
30 0
8 0
8 4
37 4
26 0
42 3
29 0
34 3
32 0
15 4
37 0
7 0
7 4
10 2
36 0
30 4
31 0
40 3
6 1
13 4
10 0
32 1
0 0
24 4
4 0
5 1
40 4
5 4
19 4
26 1
40 1
38 0
33 0
35 4
26 4
15 3
41 3
5 0
4 2
19 2
33 3
0 3
2 4
6 3
11 1
21 0
14 4
23 3
35 0
27 0
28 0
18 4
44 0
25 0
44 1
19 0
16 4
1 0
18 0
41 4
1 1
28 1
42 0
13 1
5 2
2 0
39 2
3 4
41 2
43 4
10 4
11 0
27 4
14 0
21 4
10 3
31 4
22 0
2 3
33 1

100
20 4
18 0
10 0
32 4
15 1
39 4
1 3
12 4
11 2
18 1
18 3
21 4
35 2
27 3
33 4
33 0
40 4
17 4
16 4
36 3
24 0
27 0
39 3
31 4
12 2
19 3
37 2
29 3
23 0
7 2
34 0
11 0
27 4
32 2
9 1
29 4
19 0
31 3
12 1
28 4
17 2
13 1
15 0
36 4
35 0
22 1
26 4
10 4
19 4
19 1
11 1
32 0
6 3
38 4
11 4
32 3
4 3
25 0
6 2
38 2
3 3
44 4
25 4
9 4
40 1
26 0
18 4
23 3
2 3
31 2
37 3
30 4
31 0
24 3
17 1
36 0
0 4
0 0
0 1
9 3
27 1
36 1
16 0
23 1
18 2
32 1
1 2
34 4
9 2
25 3
13 4
12 0
41 4
28 0
22 4
20 3
40 2
20 0
33 3
41 1

100
24 0
0 0
20 1
1 4
21 1
2 4
25 3
36 4
22 2
11 1
0 3
5 3
30 2
23 3
21 4
36 0
20 4
37 4
5 4
7 3
22 0
21 0
6 4
10 4
39 2
20 3
6 2
6 3
37 0
20 2
4 0
18 0
26 4
5 2
5 1
7 4
14 4
21 3
18 1
19 4
40 2
4 1
26 1
18 4
20 0
0 1
17 4
25 4
0 4
24 1
44 0
5 0
29 3
44 4
9 4
16 3
34 3
19 0
41 2
23 2
27 3
16 4
4 4
19 3
25 0
26 0
8 4
18 3
28 3
44 2
38 0
3 4
23 0
3 3
37 1
9 0
27 4
27 0
27 1
36 3
14 1
2 1
42 0
38 1
0 2
41 1
28 2
12 4
42 2
1 3
38 4
39 0
41 4
6 0
22 4
11 3
14 2
1 0
31 3
6 1

100
36 4
41 0
6 1
7 4
44 1
44 4
26 3
11 4
8 2
9 1
0 3
16 3
4 2
10 3
0 4
6 0
16 4
24 4
2 4
2 3
44 0
16 0
11 3
39 4
5 2
7 3
44 2
19 3
17 0
40 4
36 0
0 0
12 4
16 2
21 2
1 4
21 4
36 3
21 1
9 4
11 2
13 1
17 1
10 4
42 0
41 1
17 4
23 4
26 4
38 1
8 1
9 0
42 4
25 4
37 4
18 3
6 3
40 0
25 2
10 2
3 3
41 4
38 4
9 3
22 1
8 0
43 4
37 3
1 3
36 2
20 3
6 4
43 0
15 3
23 1
18 0
27 4
27 0
27 1
27 3
39 1
18 1
4 0
3 1
13 2
11 1
42 1
4 4
40 2
39 3
13 4
10 0
18 4
37 0
22 3
12 3
14 1
13 0
41 3
0 1

100
41 4
37 0
19 1
20 3
1 1
21 4
42 3
13 4
41 2
16 1
10 3
11 3
23 2
15 3
22 4
25 0
26 4
11 4
15 4
17 3
9 0
11 0
9 3
42 4
19 2
36 3
7 2
19 3
22 0
40 2
42 0
10 0
38 4
38 2
12 2
23 4
25 4
13 3
9 1
36 4
36 2
22 1
26 1
16 4
36 0
31 1
10 4
19 4
37 4
25 1
43 0
41 0
21 3
14 4
43 4
18 3
17 4
12 0
2 2
16 2
37 3
9 4
44 4
12 3
8 1
24 0
24 4
16 3
14 3
14 2
12 4
18 4
26 0
41 3
32 1
0 0
0 4
27 0
36 1
27 3
4 1
11 1
16 0
34 1
24 2
2 1
27 2
39 4
10 2
43 3
33 4
18 0
30 4
38 0
27 4
38 3
42 2
13 0
5 3
13 1

