100
0 4
20 0
16 0
20 3
6 0
15 4
5 3
18 4
24 2
1 0
30 3
44 3
1 2
23 3
23 4
0 0
37 4
19 4
10 4
34 3
5 0
36 0
21 3
35 4
14 2
16 3
42 0
17 3
15 0
36 4
7 0
10 0
9 4
20 2
6 2
6 4
5 4
26 3
18 1
43 4
31 2
30 0
8 0
14 4
22 0
30 1
11 4
22 4
4 4
37 1
7 1
44 0
29 3
3 4
17 4
6 3
22 3
9 0
21 0
12 0
43 3
41 3
13 4
42 4
31 1
35 0
1 4
18 3
43 0
14 0
41 0
16 4
34 0
25 3
29 1
26 0
27 4
38 0
6 1
17 0
39 0
18 0
32 0
15 1
27 2
27 1
12 1
7 4
18 2
11 3
38 4
23 0
24 4
27 0
31 4
31 3
28 4
2 0
2 3
38 1

100
35 0
23 0
43 1
32 3
2 1
35 4
33 3
4 4
17 0
40 0
42 3
15 4
31 2
7 3
5 4
15 0
44 4
3 4
17 4
13 3
41 0
44 0
40 4
34 4
34 0
8 4
0 2
36 3
3 0
10 0
9 0
21 0
26 4
28 2
11 1
32 4
7 4
20 3
20 0
41 4
36 2
27 1
26 1
18 4
8 0
42 1
25 4
38 4
22 4
17 1
19 1
42 0
3 3
43 4
10 4
27 3
9 4
43 0
10 2
37 4
39 3
5 3
16 4
43 3
23 1
14 0
23 4
21 3
32 0
13 2
10 3
24 4
33 0
28 3
39 0
16 0
13 4
6 0
22 1
6 4
32 1
3 1
30 0
18 0
14 2
5 1
22 2
29 4
4 0
11 3
27 0
36 0
0 4
24 0
19 4
29 3
13 1
0 0
11 0
39 1

