100
42 4
26 0
9 1
39 3
28 0
44 4
41 3
35 4
3 0
41 0
44 3
12 4
0 0
0 3
43 4
15 0
23 4
4 4
3 4
19 3
5 0
35 0
18 3
5 4
16 2
28 4
14 0
35 3
27 0
43 0
4 0
17 0
32 4
19 2
1 2
0 4
16 4
7 3
5 1
1 4
32 2
44 1
40 0
30 4
19 0
42 0
13 4
41 4
17 4
44 0
7 1
7 0
16 0
10 4
22 4
14 3
40 3
30 0
0 2
6 4
15 3
8 4
34 4
29 4
25 1
1 0
21 4
37 3
2 0
7 2
26 4
9 4
29 0
27 3
37 0
33 4
7 4
36 0
8 0
11 3
12 1
10 1
21 0
12 0
12 2
32 1
2 1
39 4
3 2
9 3
18 4
23 0
36 4
32 0
1 3
32 3
21 1
9 0
23 3
41 1

100
19 0
12 0
33 1
25 3
16 1
25 4
39 3
20 4
11 0
2 0
19 3
44 3
32 2
17 3
10 4
39 0
7 4
29 4
44 4
33 3
1 0
18 0
24 3
9 4
34 0
21 4
17 0
20 3
3 0
28 4
32 0
7 0
16 4
34 2
10 1
22 4
12 4
13 3
40 1
24 4
41 2
36 1
26 1
39 4
35 0
1 1
27 4
30 4
15 4
24 0
8 1
0 0
42 4
11 4
0 4
6 3
26 0
16 0
25 0
14 1
28 3
3 3
23 4
16 3
13 0
9 0
18 4
43 3
7 3
15 0
17 4
40 4
14 0
8 3
42 1
10 0
8 4
44 0
13 1
23 0
34 1
31 1
21 0
27 0
24 2
18 1
30 2
4 4
43 2
37 3
40 0
29 0
36 4
4 0
10 3
0 3
1 4
36 0
30 3
37 1

100
11 0
25 0
16 0
5 3
21 1
6 4
23 3
23 4
35 2
6 1
41 3
0 3
37 2
18 3
20 4
0 0
5 4
31 4
21 4
7 3
28 0
15 0
28 3
22 4
27 2
8 4
8 2
24 3
8 0
10 0
19 0
27 0
7 4
41 2
21 2
27 4
21 0
1 3
9 0
28 4
42 2
2 1
30 1
0 4
24 0
1 1
4 4
19 4
29 4
7 1
29 1
18 0
31 3
35 4
25 4
8 3
17 0
22 0
2 2
4 1
25 3
26 3
34 4
24 4
28 1
35 0
18 4
20 0
6 3
14 2
2 3
26 4
23 0
26 0
0 1
36 4
9 4
36 0
9 1
9 3
36 1
38 1
3 0
33 1
1 0
24 1
6 2
32 4
25 2
3 3
32 0
5 0
1 4
12 0
42 3
32 3
40 1
29 0
19 3
18 1

100
18 4
38 0
23 1
24 4
25 1
38 4
17 3
3 4
28 2
18 1
24 3
43 3
12 2
8 3
0 4
6 0
6 4
5 4
41 4
23 3
40 0
22 0
15 3
23 4
35 2
39 3
21 2
22 3
39 0
15 2
23 0
7 0
40 4
43 2
5 1
2 4
44 0
19 3
6 1
42 4
34 2
1 1
24 1
26 4
43 0
19 1
8 4
22 4
44 4
22 1
42 1
36 0
16 3
4 4
7 4
25 3
3 3
4 0
11 2
42 2
6 3
44 3
1 4
26 3
8 1
5 0
43 4
18 3
7 3
10 2
18 0
39 4
3 0
5 3
26 1
27 4
9 4
9 0
9 1
27 3
39 1
36 1
41 0
20 1
19 2
32 1
37 2
36 4
40 2
9 3
0 0
27 0
19 4
30 0
40 3
0 3
6 2
19 0
36 3
2 1

100
3 0
32 0
7 1
35 3
31 1
7 4
17 3
26 4
31 2
16 0
25 3
20 3
16 2
4 3
6 4
31 0
30 4
4 4
2 4
26 3
8 0
27 0
24 3
19 4
27 2
14 3
25 0
6 3
19 0
38 2
23 0
22 0
21 4
26 2
11 2
29 4
18 4
11 3
20 1
23 4
26 0
0 1
28 1
31 4
7 0
34 1
28 4
25 4
35 4
5 1
4 1
18 0
5 4
22 4
3 4
33 3
16 3
21 0
21 2
29 1
28 3
23 3
24 4
18 3
8 1
24 0
8 4
28 0
7 3
33 2
21 3
27 4
20 0
10 3
26 1
9 4
36 4
36 0
36 1
36 3
2 1
18 1
29 0
14 1
24 2
21 1
5 2
0 4
12 2
12 3
0 0
33 0
32 4
10 0
29 3
0 3
2 2
4 0
13 0
9 1

100
25 0
1 0
3 1
40 4
30 1
20 4
17 3
1 4
40 2
13 1
43 3
14 3
9 2
2 3
39 4
7 0
21 4
24 4
3 4
10 3
16 0
18 0
7 3
36 4
4 2
41 3
37 2
6 3
39 0
24 2
6 0
0 0
42 4
43 2
29 1
25 4
19 4
12 3
16 1
4 4
32 2
7 1
8 1
41 4
2 0
17 1
2 4
8 4
23 4
42 1
41 1
5 0
17 0
43 4
0 4
1 3
26 3
15 0
13 2
16 2
8 3
44 4
26 4
3 3
26 0
9 0
18 4
5 3
3 0
4 0
44 3
22 4
8 0
15 3
35 1
27 4
9 4
27 0
18 1
27 3
37 1
39 1
43 0
14 1
13 0
27 1
10 1
37 4
41 2
36 3
36 0
19 0
5 4
10 0
23 3
38 3
18 2
22 0
20 3
4 1

