100
18 4
34 0
15 1
0 3
22 1
16 4
17 3
6 4
39 2
33 0
18 3
27 4
12 2
35 3
28 4
0 0
44 4
42 4
12 4
15 3
40 0
1 0
9 4
2 4
34 2
11 4
10 2
13 3
2 0
32 2
44 0
8 0
29 4
40 2
40 1
1 4
31 0
8 3
4 1
7 4
41 2
42 1
43 1
8 4
30 0
37 1
10 4
31 4
17 4
7 1
13 1
22 0
7 3
35 4
33 4
11 3
41 0
36 0
18 2
32 4
12 3
41 3
13 4
22 3
18 0
9 0
36 4
12 0
4 3
26 2
22 4
23 4
37 0
40 3
30 1
39 0
43 4
43 0
26 0
36 3
2 1
19 1
10 0
32 1
14 2
25 1
30 2
14 4
20 0
19 3
3 4
5 0
38 4
14 0
24 3
32 3
42 2
23 0
19 4
27 0

100
39 4
19 0
15 0
21 3
5 1
24 4
35 3
40 4
5 2
20 1
38 3
14 4
11 0
1 3
0 4
14 0
13 4
41 4
11 4
17 3
35 0
43 0
9 4
26 4
9 0
5 3
30 2
3 3
34 0
18 4
4 0
16 0
32 4
21 0
6 2
16 4
23 4
8 3
12 1
25 4
32 2
10 0
20 0
44 4
40 0
0 0
1 4
22 4
19 4
10 1
13 0
17 0
33 4
6 4
17 4
43 3
12 0
44 0
33 2
1 2
19 3
37 4
10 4
18 3
23 1
36 0
15 4
27 3
6 3
38 0
34 4
38 4
39 0
2 3
33 0
31 0
42 4
5 0
24 1
37 0
38 1
2 0
41 0
33 1
41 2
36 1
25 1
7 4
21 2
20 4
2 4
22 0
27 4
6 0
13 3
9 3
41 1
27 0
30 3
30 1

100
3 0
16 0
18 1
44 3
41 1
17 4
16 3
38 4
17 2
2 1
7 3
26 3
36 2
37 3
4 4
21 0
6 4
1 4
14 4
22 3
41 0
8 0
13 3
11 4
7 2
37 4
16 2
43 3
4 0
15 2
12 0
36 0
43 4
13 0
8 2
5 4
15 0
25 3
3 1
16 4
41 2
8 1
21 1
44 4
17 0
1 0
7 4
2 4
36 4
43 1
22 1
2 0
14 3
15 4
12 4
36 3
21 3
0 0
44 2
27 2
17 3
15 3
0 4
42 4
37 1
5 0
8 4
18 3
10 3
22 2
39 3
3 4
14 0
38 3
37 0
27 4
18 4
27 0
9 1
27 3
4 1
19 1
6 0
39 1
4 2
23 1
19 2
9 4
12 2
19 3
23 0
38 0
39 4
9 0
1 3
40 3
9 2
42 0
18 0
33 1

100
37 0
5 0
37 1
1 4
4 1
5 4
25 3
8 4
29 2
3 1
3 3
0 4
17 2
2 3
18 4
18 0
7 4
36 4
38 4
21 3
19 0
29 0
1 3
2 4
20 2
35 3
24 2
20 3
21 0
16 2
20 0
38 0
6 4
36 0
8 2
25 4
8 0
0 3
38 1
40 4
18 2
41 1
44 1
3 4
28 0
42 1
19 4
44 4
26 4
40 1
27 1
2 0
18 3
24 4
37 4
4 3
11 3
23 0
37 2
36 1
14 3
33 3
23 4
39 4
0 0
22 0
22 4
34 3
5 3
43 0
44 0
4 4
27 0
31 3
43 1
27 4
9 4
9 0
9 1
36 3
7 1
3 0
6 0
33 1
13 2
19 1
11 2
20 4
0 2
23 3
24 0
40 0
41 4
33 0
6 3
28 3
21 2
30 0
15 3
30 1

100
3 0
17 0
14 1
33 3
32 1
43 4
32 3
13 4
3 2
12 1
7 3
31 3
15 2
17 3
19 4
26 0
8 4
7 4
3 4
12 3
14 0
22 0
9 3
18 4
8 2
3 3
13 2
19 3
2 0
4 2
15 0
1 0
21 4
23 2
0 2
4 4
14 4
13 3
10 1
22 4
40 2
3 1
11 1
1 4
18 0
16 1
41 4
23 4
6 4
15 1
27 1
12 0
24 4
37 4
42 4
4 3
26 3
16 0
2 2
9 2
18 3
8 3
5 4
16 4
35 1
0 0
0 4
10 3
27 3
12 2
2 4
20 4
23 0
20 3
36 1
36 0
27 4
27 0
18 1
36 3
41 1
30 1
7 0
43 1
10 2
28 1
19 2
25 4
6 2
14 3
9 4
19 0
38 4
4 0
0 3
23 3
24 2
9 0
28 3
4 1

100
17 0
5 0
4 1
22 3
41 1
11 4
25 3
1 4
1 2
17 1
32 3
6 3
29 2
18 3
33 4
16 0
42 4
7 4
35 4
41 3
9 0
1 0
31 3
10 4
18 2
16 4
35 2
36 3
24 0
24 2
8 0
10 0
32 4
40 2
42 1
44 4
31 4
37 3
39 1
38 4
14 2
16 1
11 1
2 4
7 0
7 1
6 4
15 4
43 4
2 1
9 1
22 0
17 4
9 4
0 4
40 3
37 4
11 0
13 2
28 2
8 3
30 4
36 4
7 3
43 1
23 0
8 4
23 3
0 3
19 2
43 3
29 4
18 0
20 3
5 1
36 0
18 4
27 0
27 1
9 3
13 1
20 1
25 0
0 1
6 2
22 1
2 2
27 4
15 2
38 3
12 4
13 0
39 4
19 0
33 3
2 3
41 2
2 0
3 4
36 1

