100
44 0
9 0
22 0
29 3
7 1
40 4
2 3
32 4
30 2
27 1
32 3
8 4
1 2
31 3
29 4
12 0
39 4
20 4
44 4
34 3
30 0
31 0
40 3
17 4
28 2
43 3
34 0
8 3
17 0
41 4
14 0
19 0
0 4
21 2
22 2
12 4
11 4
38 3
23 1
15 4
16 2
6 1
10 1
7 4
20 0
23 0
24 4
42 4
28 4
24 1
25 1
25 0
26 4
1 4
3 4
33 3
10 0
42 0
11 2
31 4
20 3
9 4
4 4
37 4
8 0
11 0
2 4
30 3
9 3
36 2
21 3
36 4
24 0
32 0
0 0
18 0
19 4
43 0
22 1
26 3
20 1
13 1
15 0
1 0
34 2
15 1
3 1
5 4
12 2
24 3
39 0
27 0
33 4
4 0
13 3
4 3
41 2
36 0
21 4
32 1

100
27 0
37 0
43 1
1 3
26 0
38 4
17 3
42 4
34 2
29 1
33 3
2 4
42 0
34 3
13 4
44 0
33 4
23 4
26 4
22 3
8 0
4 0
0 4
43 4
30 2
27 3
26 2
5 3
36 0
29 2
25 0
38 0
22 4
34 0
6 2
20 4
31 4
42 3
39 0
27 4
44 2
35 1
31 0
21 4
15 0
22 0
24 4
25 4
35 4
21 1
33 1
43 0
23 3
32 4
8 4
2 3
21 0
3 0
5 2
11 0
26 3
12 4
11 4
44 4
35 0
0 0
14 4
18 3
16 0
12 2
40 0
18 4
32 0
10 3
42 1
28 4
1 4
17 0
14 1
12 3
23 0
40 1
6 0
9 0
1 0
0 1
24 2
9 4
22 2
3 4
15 4
18 0
5 4
12 0
36 3
19 3
41 2
28 0
39 4
30 1

100
17 0
40 0
12 1
16 4
0 1
1 4
27 3
21 4
41 2
39 1
0 3
26 4
1 2
8 3
4 4
42 0
2 4
8 4
24 4
5 3
19 0
12 0
37 3
22 4
42 2
24 3
19 2
26 3
20 0
22 2
1 0
25 0
3 4
3 2
1 1
20 4
5 4
22 3
6 1
14 4
10 2
15 1
18 0
7 4
21 0
3 1
23 4
25 4
0 4
24 1
2 1
23 0
7 3
18 4
17 4
25 3
31 3
44 0
20 2
42 1
23 3
2 3
19 4
18 3
40 1
2 0
15 4
3 3
24 0
17 2
16 0
6 4
22 0
39 3
0 0
36 4
27 4
27 0
27 1
9 3
9 1
7 1
10 0
13 1
25 2
4 1
5 2
12 4
23 2
43 3
13 0
36 0
9 4
3 0
40 3
19 3
29 2
6 0
33 3
19 1

100
16 4
24 0
14 1
15 4
17 1
39 4
22 3
37 4
27 2
39 1
34 3
40 4
9 2
44 3
14 4
26 0
34 4
27 4
13 4
32 3
17 0
36 0
33 3
9 4
44 2
35 3
39 2
17 3
42 0
22 0
38 0
10 0
28 4
43 2
36 2
44 4
33 4
9 3
33 1
31 4
38 2
3 1
5 1
29 4
25 0
16 1
30 4
36 4
35 4
9 0
41 1
18 0
11 4
38 4
12 4
28 3
32 4
11 0
25 2
33 2
18 3
27 3
17 4
0 4
44 1
43 0
43 4
16 3
21 3
6 2
44 0
10 4
37 0
40 3
40 1
27 0
18 4
0 0
18 1
0 3
27 1
10 1
12 0
1 1
14 2
29 1
22 2
7 4
41 2
42 3
1 4
39 0
4 4
19 0
13 3
10 3
30 2
14 0
24 3
36 1

100
39 4
39 0
1 1
43 3
3 1
1 4
20 3
8 4
0 2
16 1
6 3
5 3
44 2
9 3
5 4
43 0
34 4
30 4
4 4
39 3
15 0
8 0
38 3
13 4
33 2
0 3
41 2
8 3
13 0
19 2
37 0
14 0
16 4
2 2
1 2
6 4
32 4
7 3
27 1
2 4
42 0
44 1
11 1
17 4
36 0
4 1
33 4
27 4
9 4
0 1
38 0
44 0
16 3
0 4
35 4
17 3
16 0
17 0
36 2
24 2
3 3
43 4
28 4
7 4
15 1
6 0
31 4
44 3
14 3
17 2
40 4
3 4
7 0
29 4
42 1
27 0
18 4
18 0
18 1
27 3
31 1
5 1
40 0
7 1
10 2
33 1
25 2
14 4
6 2
1 3
36 4
9 0
10 4
0 0
40 3
10 3
12 1
3 0
21 3
37 1

100
6 0
1 0
3 1
8 3
20 1
40 4
26 3
12 4
18 2
7 1
36 3
13 3
37 2
14 3
43 4
7 0
9 4
44 4
4 4
43 3
29 0
15 0
24 3
5 4
25 2
16 3
42 2
1 3
10 0
17 2
8 0
27 0
39 4
11 2
24 1
37 4
16 0
0 3
28 1
10 4
23 2
0 1
5 1
41 4
0 0
17 1
36 4
17 4
15 4
6 1
21 1
5 0
36 0
16 4
42 4
38 3
11 3
32 0
10 2
16 2
37 3
25 3
13 4
17 3
4 1
9 0
8 4
42 3
7 3
7 2
14 4
38 4
11 0
12 3
37 0
18 4
27 4
18 0
36 1
27 3
18 1
22 1
30 0
12 1
0 2
10 1
15 1
6 4
19 2
5 3
33 0
39 0
1 4
42 0
20 3
2 3
4 2
2 0
39 3
12 0

