100
43 4
30 0
5 1
0 4
14 0
30 4
15 3
11 4
14 2
12 1
8 3
24 3
22 0
4 3
31 4
17 0
40 4
8 4
4 4
28 3
40 0
12 0
15 4
38 4
21 0
28 4
28 2
22 3
16 0
27 2
13 0
39 0
21 4
34 2
20 2
2 4
26 0
19 3
27 0
39 4
24 2
15 1
30 1
17 4
24 0
35 1
37 4
36 4
26 4
41 1
23 0
5 0
18 3
5 4
25 4
32 3
17 3
36 0
1 2
37 0
38 3
27 4
13 4
36 3
34 0
6 0
23 4
29 0
37 3
12 2
41 4
44 4
19 0
18 0
44 0
25 0
42 4
0 0
28 0
35 3
22 1
43 1
7 0
25 1
32 2
41 0
41 2
6 4
4 2
5 3
18 4
31 0
32 4
1 0
9 3
12 3
36 1
9 0
29 3
2 1

100
12 4
4 0
24 0
7 4
28 1
11 4
27 3
23 4
12 2
37 1
21 3
25 3
17 2
35 3
36 4
17 0
24 4
31 4
21 4
14 3
44 0
22 0
29 3
13 4
4 2
38 3
5 2
3 3
38 0
21 2
3 0
6 0
37 4
25 0
7 1
19 4
14 4
4 3
2 0
6 4
20 2
36 1
16 0
8 4
35 0
44 1
29 4
18 4
38 4
21 0
35 1
18 0
27 4
10 4
44 4
17 3
43 3
5 0
40 0
3 2
0 3
16 4
28 4
1 4
39 0
36 0
30 4
8 0
26 0
1 0
39 3
2 4
20 0
7 3
37 0
15 0
5 4
9 0
24 1
7 0
27 0
13 1
13 0
2 1
10 0
25 1
19 1
3 4
18 2
12 3
32 4
32 0
40 4
29 0
18 3
32 3
23 2
41 0
9 3
9 1

