100
43 0
32 0
36 1
13 3
2 1
26 4
19 3
27 4
44 2
0 1
24 3
20 3
12 0
41 3
3 4
11 0
38 4
25 4
16 4
17 3
31 0
27 0
1 3
0 4
18 0
38 3
40 0
32 3
2 0
14 4
26 0
3 0
6 4
21 2
29 1
4 4
36 4
9 3
3 1
2 4
7 2
10 1
11 1
21 4
41 0
5 0
20 4
22 4
10 4
44 1
40 1
0 0
37 4
24 4
44 4
28 3
35 4
42 0
17 2
1 1
23 3
25 3
43 4
11 4
20 1
4 0
41 4
35 3
25 0
40 2
29 3
42 4
17 0
36 3
22 1
34 4
13 4
19 0
25 1
12 4
15 1
42 1
15 0
18 1
23 2
23 1
37 1
39 4
9 2
39 3
28 4
33 0
31 4
6 0
14 3
5 3
33 2
21 0
36 0
28 0

100
25 4
34 0
7 1
9 3
41 0
10 4
13 3
13 4
3 0
35 0
41 3
5 3
28 2
3 3
44 4
31 0
40 4
33 4
19 4
42 3
18 0
5 0
10 3
29 4
32 2
44 3
27 0
6 3
4 0
21 4
19 0
36 0
8 4
17 2
33 2
41 4
43 4
37 3
30 0
34 4
5 2
32 0
35 1
11 4
29 0
37 0
18 4
24 4
16 4
44 1
8 0
40 0
22 4
26 4
35 4
24 3
42 4
22 0
41 2
3 1
28 3
40 3
7 4
33 3
9 1
21 0
36 4
19 3
26 0
6 2
32 4
23 4
7 0
14 4
37 1
20 4
31 4
44 0
42 0
18 3
29 1
21 1
38 0
25 1
29 2
12 1
11 2
27 4
19 2
4 4
15 0
23 0
37 4
10 0
1 4
0 3
24 2
0 0
29 3
4 1

100
5 4
8 0
8 1
18 3
17 1
42 4
42 3
37 4
38 2
39 1
17 3
41 3
18 2
7 3
36 4
3 0
18 4
39 4
6 4
37 3
1 0
41 0
19 3
8 4
39 2
38 3
5 2
36 3
36 0
26 2
40 0
20 0
25 4
12 2
11 2
26 4
9 0
44 3
38 0
19 4
0 2
19 1
18 1
38 4
37 0
24 1
7 4
41 4
0 4
21 0
6 1
2 0
6 3
23 4
22 4
40 3
21 3
0 0
32 2
4 2
26 3
39 3
43 4
40 4
1 1
19 0
4 4
7 0
43 3
29 2
14 3
24 4
18 0
2 3
20 1
9 4
27 4
27 0
27 1
27 3
15 1
25 1
22 0
10 1
22 2
36 1
27 2
20 4
1 2
15 3
42 0
4 0
1 4
13 0
23 3
11 3
21 1
24 0
10 0
41 1

100
24 0
20 0
21 1
9 4
42 1
13 4
7 3
11 4
25 2
5 0
0 3
13 3
33 2
1 3
8 4
41 0
24 4
23 4
22 4
3 3
10 0
12 0
25 3
5 4
1 2
24 3
18 2
8 3
25 0
29 2
14 0
15 0
15 4
20 2
9 2
14 4
9 0
9 3
23 1
17 4
14 2
16 1
17 1
0 4
13 0
5 1
1 4
12 4
16 4
16 0
15 1
19 0
27 3
2 4
10 4
19 3
14 3
26 0
4 2
1 1
33 3
3 4
21 4
2 3
22 1
17 0
25 4
26 3
12 3
30 2
18 3
26 4
11 0
5 3
10 1
36 4
27 4
27 0
27 1
36 3
37 1
25 1
3 0
2 1
16 2
19 1
34 2
6 4
11 2
10 3
6 0
42 0
18 4
21 0
15 3
20 3
5 2
38 0
30 3
12 1

100
39 4
32 0
42 1
26 3
43 1
29 4
30 3
40 4
19 0
35 1
25 3
24 3
26 2
28 3
23 4
26 0
30 4
7 4
8 4
32 3
31 0
4 0
19 4
34 4
4 2
2 4
9 2
2 3
29 0
30 2
0 0
34 0
26 4
25 2
19 1
25 4
27 4
17 3
21 1
28 4
24 2
36 1
26 1
24 4
28 0
44 1
35 4
18 4
6 4
33 0
25 1
30 0
4 3
1 4
3 4
23 3
0 3
27 0
15 2
28 2
33 3
1 3
31 4
41 4
15 1
18 0
4 4
15 3
8 3
31 2
3 3
5 4
35 0
22 3
8 0
9 0
9 4
36 0
0 1
36 3
33 1
22 1
20 0
10 1
33 2
31 1
6 2
32 4
0 2
13 3
36 4
22 0
20 4
1 0
42 4
18 3
12 1
5 0
5 3
28 1

100
30 0
38 0
6 1
1 3
38 1
1 4
36 3
0 4
8 2
3 1
3 3
7 3
43 2
5 3
35 4
44 0
27 4
30 4
8 4
38 3
15 0
0 0
37 3
21 4
44 2
35 3
29 2
0 3
16 0
18 4
1 0
9 0
6 4
36 2
40 2
24 4
36 0
33 3
44 1
7 4
41 2
27 1
29 0
25 4
4 0
15 1
4 4
26 4
3 4
4 1
35 1
27 0
19 4
29 4
20 4
6 3
4 3
40 0
35 2
14 2
22 3
44 3
5 4
31 4
34 1
17 0
2 4
34 0
8 3
20 2
37 0
28 4
39 0
28 0
8 1
36 4
9 4
18 0
18 1
9 3
29 1
31 1
2 0
41 1
4 2
39 1
25 2
22 4
38 2
19 3
12 0
6 0
32 4
41 0
27 3
41 3
0 2
31 0
24 3
0 1

