100
29 4
42 0
32 1
7 4
31 1
5 4
19 3
35 4
15 2
12 1
6 3
30 4
11 0
33 3
0 4
6 0
31 4
12 4
38 4
7 3
26 0
25 0
25 3
39 4
43 2
2 4
30 2
14 3
24 0
2 2
20 0
13 0
40 4
6 2
0 1
19 4
25 4
43 3
21 0
1 4
34 2
15 1
43 0
36 4
7 0
26 1
23 4
37 4
28 4
9 1
8 1
34 0
18 4
44 4
24 4
18 3
44 3
14 0
42 2
33 2
1 3
33 4
4 4
14 4
23 0
2 0
42 4
15 3
1 0
11 2
41 4
32 4
9 0
22 0
10 0
0 0
8 4
35 0
5 1
12 0
13 1
29 1
39 0
20 1
15 0
41 1
43 1
9 4
22 2
2 3
15 4
30 0
20 4
36 0
27 3
36 3
1 1
27 0
39 3
3 0

100
7 4
24 0
13 0
27 3
1 1
24 4
31 3
5 4
6 0
31 0
15 3
36 3
39 2
17 3
28 4
17 0
33 4
10 4
44 4
41 3
30 0
43 0
14 3
12 4
11 2
17 4
18 2
26 3
35 0
16 2
0 0
18 0
32 4
29 0
44 0
23 4
43 4
34 3
9 1
18 4
38 2
10 1
31 1
22 4
26 0
26 1
15 4
25 4
8 4
0 1
14 1
4 0
11 3
11 4
40 4
4 3
4 4
16 0
2 2
1 2
44 3
9 4
27 4
16 3
37 0
25 0
14 4
38 3
33 3
34 2
36 4
2 4
5 0
43 3
3 1
8 0
35 4
39 0
32 1
1 3
14 0
27 1
19 0
37 1
12 2
11 1
41 0
30 4
28 2
39 3
10 0
1 0
19 4
32 0
23 3
5 3
40 2
21 0
37 4
41 1

