100
42 4
11 0
8 1
11 3
7 0
23 4
19 3
2 4
25 2
30 0
31 3
9 3
38 2
0 3
21 4
12 0
18 4
3 4
19 4
22 3
29 0
20 0
26 3
9 4
41 0
2 3
44 2
30 3
39 0
25 4
13 0
40 0
0 4
32 2
39 2
17 4
26 4
41 3
35 0
16 4
20 2
23 1
18 0
37 4
1 0
37 0
8 4
29 4
10 4
28 0
31 0
3 0
36 4
31 4
33 4
5 3
30 4
10 0
33 2
8 2
3 3
7 3
4 4
36 3
36 1
26 0
27 4
38 0
39 3
43 2
6 0
20 4
8 0
2 0
37 1
35 4
38 4
19 0
1 1
22 4
20 1
15 1
4 0
40 1
40 2
31 1
27 1
40 4
10 2
43 4
23 0
14 0
12 4
32 0
27 3
42 3
33 1
42 0
5 4
3 1

100
40 4
15 0
34 0
44 3
22 1
28 4
35 3
15 4
36 0
40 1
8 3
18 4
34 2
3 3
30 4
40 0
34 4
8 4
42 4
42 3
19 0
32 0
5 4
43 4
23 2
14 3
27 0
16 3
29 0
7 4
22 0
20 0
29 4
11 2
32 2
11 4
26 0
36 3
18 0
35 4
7 2
6 1
35 0
3 4
9 0
42 1
22 4
19 4
10 4
17 0
31 1
28 0
24 0
9 4
31 4
0 3
27 3
16 0
3 2
1 1
25 3
9 3
25 4
13 4
17 1
14 0
44 4
20 3
25 0
33 0
4 3
33 4
0 0
13 3
7 1
27 4
41 4
23 0
41 0
6 4
33 1
38 1
30 0
24 1
42 2
20 1
9 1
20 4
9 2
16 4
0 4
1 0
37 4
10 0
28 3
31 3
42 0
37 0
5 3
5 0

