100
29 4
35 0
8 0
44 3
42 0
41 4
23 3
39 4
1 2
42 1
33 3
33 4
2 2
31 3
25 4
21 0
7 4
6 4
30 4
43 3
30 0
29 0
40 4
42 4
34 0
4 3
17 0
35 3
28 0
14 2
0 0
22 0
13 4
41 2
25 1
32 4
12 4
20 3
1 0
24 4
17 2
29 1
1 1
36 4
14 0
13 0
16 4
2 4
1 4
7 1
26 1
44 0
2 3
26 4
35 4
40 3
16 3
32 0
43 0
27 0
12 3
27 3
14 4
0 3
21 1
26 0
28 4
23 0
15 0
25 2
6 0
22 4
39 0
9 3
33 0
21 4
31 4
31 0
10 1
12 0
16 1
40 1
40 0
23 1
23 2
24 0
4 1
37 4
2 0
28 3
18 4
18 0
3 4
36 0
9 4
36 3
9 2
9 0
13 3
13 1

100
24 4
9 0
16 1
5 4
35 1
25 4
19 3
39 4
21 0
15 0
39 3
27 3
43 0
36 3
20 4
0 0
13 4
1 4
12 4
42 3
6 0
36 0
31 3
7 4
31 0
12 3
10 0
24 3
37 0
38 0
44 0
11 0
18 4
4 2
16 2
36 4
0 4
4 3
0 1
17 4
30 2
17 1
34 0
16 4
1 0
15 1
8 4
15 4
3 4
35 0
1 1
2 0
3 3
2 4
11 4
40 3
20 3
4 0
24 2
31 1
25 3
29 3
28 4
44 3
6 1
26 0
19 4
27 0
5 0
18 2
44 4
35 4
25 0
37 3
3 1
30 4
31 4
32 0
29 1
33 0
12 1
25 1
7 0
42 1
14 2
16 0
21 1
9 4
5 2
40 4
32 4
40 0
21 4
28 0
15 3
21 3
37 1
22 0
12 0
18 0

100
33 4
19 0
16 1
19 3
6 1
32 4
5 3
17 4
38 2
0 1
32 3
42 3
7 2
41 3
37 4
17 0
11 4
27 4
5 4
35 3
20 0
10 0
21 3
10 4
31 2
37 3
1 2
8 3
9 0
40 2
21 0
23 0
34 4
6 2
17 1
3 4
9 4
1 3
7 1
13 4
5 2
18 1
24 0
29 4
27 0
25 0
1 4
36 4
6 4
43 1
39 1
26 0
30 4
31 4
44 4
6 3
7 3
22 0
10 2
27 2
26 3
0 3
2 4
36 3
42 1
18 0
0 4
23 3
38 3
20 2
28 0
28 4
32 0
18 3
5 1
0 0
18 4
36 0
27 1
9 3
25 1
13 1
14 0
40 1
18 2
19 1
10 1
7 4
36 2
43 3
38 4
33 0
14 4
11 0
41 4
2 3
41 2
29 0
28 3
2 1

100
44 0
2 0
43 1
5 3
22 1
3 4
26 3
41 4
8 2
39 1
38 3
6 3
7 2
7 3
32 4
35 0
7 4
43 4
29 4
2 3
23 0
34 0
27 4
44 4
9 2
37 3
19 2
34 3
19 0
25 2
8 0
20 0
33 4
6 0
6 1
40 4
5 4
20 3
20 1
4 4
15 2
24 1
44 1
34 4
21 0
38 1
38 4
8 4
28 4
18 1
21 1
30 0
38 0
42 4
36 4
43 3
30 3
22 0
2 2
39 2
18 3
35 3
39 4
8 3
26 1
36 0
6 4
29 0
3 3
21 2
28 0
35 4
18 0
37 4
8 1
9 4
18 4
9 0
27 1
9 3
12 1
36 1
0 0
41 1
31 2
3 1
27 2
30 4
0 2
24 3
24 0
3 0
0 4
31 0
40 3
31 3
41 2
40 0
27 3
0 1

100
27 4
32 0
7 0
25 3
5 1
10 4
28 3
26 4
25 2
3 0
27 3
23 3
36 2
29 3
24 4
23 0
9 4
29 4
19 4
26 3
28 0
24 0
15 3
40 4
30 2
17 4
29 2
13 3
19 0
21 2
35 0
8 0
16 4
37 2
19 2
31 4
26 0
9 3
27 1
32 4
18 2
4 1
25 1
25 4
27 0
18 1
23 4
30 4
28 4
35 1
15 1
34 0
33 4
15 4
44 4
30 3
35 3
18 0
31 2
31 1
36 3
10 3
35 4
18 3
32 1
0 0
34 4
16 3
22 3
24 2
24 3
18 4
33 0
11 3
16 1
9 0
0 4
36 0
36 1
0 3
1 1
7 1
1 0
33 1
43 2
23 1
33 2
38 4
27 2
38 3
20 4
29 0
11 4
4 0
41 3
19 3
28 1
20 0
32 3
20 1

100
39 4
38 0
4 1
0 3
33 1
41 4
8 3
25 4
33 2
13 1
14 3
6 3
1 2
22 3
14 4
22 0
40 4
35 4
9 4
25 3
21 0
26 0
16 3
16 4
7 2
15 3
19 2
9 3
20 0
41 2
36 0
18 0
12 4
31 2
30 1
15 4
28 4
20 3
18 1
10 4
30 2
5 1
3 1
13 4
41 0
8 1
38 4
26 4
44 4
26 1
12 1
40 0
7 3
30 4
17 4
43 3
36 3
19 0
8 2
37 2
42 3
20 4
37 4
23 4
24 1
14 0
36 4
17 3
38 3
38 2
44 3
11 4
37 0
39 0
32 1
27 0
0 4
0 0
36 1
27 3
6 1
34 1
12 0
20 1
42 2
1 1
2 2
18 4
34 2
23 3
9 0
42 0
31 4
15 0
39 3
11 3
21 2
23 0
1 3
9 1

