100
38 4
14 0
12 1
44 3
6 1
41 4
8 3
2 4
40 2
15 0
33 3
40 3
34 0
34 3
37 4
8 0
12 4
6 4
27 4
35 3
12 0
35 0
35 4
14 4
11 0
16 3
2 0
26 3
20 0
10 2
36 0
1 0
39 4
28 0
44 2
34 4
25 4
38 3
38 1
44 4
18 2
18 0
21 1
24 4
44 0
0 1
5 4
42 4
21 4
27 0
7 1
0 0
20 3
3 4
17 4
7 3
15 3
3 0
40 0
27 2
18 3
43 4
26 4
21 3
26 1
7 0
19 4
43 3
13 0
17 2
21 0
22 4
10 0
13 3
17 1
4 0
15 4
17 0
16 0
41 3
28 1
33 1
32 0
9 1
7 2
14 1
22 2
0 4
36 2
2 3
24 0
37 0
29 4
41 0
9 4
28 3
29 2
29 0
4 3
40 1

100
44 4
11 0
0 0
2 3
5 1
16 4
37 3
28 4
27 2
25 0
36 3
34 4
11 2
11 3
4 4
22 0
12 4
0 4
18 4
19 3
4 0
24 0
22 3
33 4
4 2
3 3
26 2
28 3
33 0
1 2
29 0
27 0
43 4
5 2
19 2
24 4
2 0
14 3
23 0
41 4
39 0
0 1
17 0
9 4
35 0
18 1
17 4
36 4
5 4
3 0
26 1
44 0
13 0
8 4
20 4
0 3
35 4
10 0
15 2
25 4
17 3
29 4
10 4
12 3
21 0
43 0
11 4
29 3
35 3
39 2
21 3
37 4
28 0
27 4
15 1
8 0
26 4
34 0
16 1
20 3
10 1
42 1
19 0
37 0
42 2
28 1
24 1
6 4
36 2
40 3
13 4
30 0
30 4
5 0
21 4
42 3
1 4
14 0
38 4
40 0

100
31 0
8 0
5 1
16 3
37 1
29 4
23 3
0 4
22 2
21 1
19 3
2 3
7 2
8 3
6 4
17 0
34 4
33 4
30 4
15 3
1 0
16 0
20 3
17 4
24 2
34 3
8 2
27 3
38 0
5 2
35 0
7 0
2 4
35 2
31 2
32 4
35 4
11 3
44 0
9 4
23 2
3 1
12 1
31 4
34 0
37 0
28 4
3 4
5 4
15 1
39 0
33 0
14 3
4 4
15 4
1 3
17 3
40 0
12 2
33 2
35 3
33 3
27 4
3 3
4 1
36 0
14 4
0 3
7 3
32 0
0 0
13 4
27 0
13 3
15 0
18 4
36 4
18 0
27 1
36 3
9 1
13 1
9 0
40 1
5 0
6 1
39 2
7 4
20 2
28 3
41 0
12 0
10 4
28 0
24 3
30 3
28 2
2 0
4 3
0 1

100
30 4
32 0
1 1
28 4
20 0
15 4
41 3
8 4
34 2
18 1
32 3
32 4
21 2
35 3
21 4
0 0
33 4
26 4
25 4
28 3
34 0
8 0
9 3
35 4
1 2
27 3
39 2
17 3
7 0
44 2
33 0
31 0
20 4
14 2
33 2
14 4
27 4
12 3
4 1
7 4
26 2
29 1
7 1
23 4
18 0
5 1
16 4
13 4
34 4
5 0
35 1
27 0
19 3
31 4
12 4
25 3
33 3
6 0
32 2
25 2
43 3
19 4
24 4
0 4
12 1
21 0
18 4
14 3
42 3
40 2
10 3
29 4
35 0
1 0
19 0
9 0
36 4
36 0
36 1
0 3
25 1
16 1
25 0
30 1
30 2
20 1
19 2
5 4
11 2
15 3
2 4
2 0
9 4
22 0
29 3
22 3
15 2
28 0
38 3
32 1

100
2 4
8 0
11 1
35 3
0 1
1 4
28 3
3 4
22 0
9 0
17 3
27 3
36 2
29 3
26 4
35 0
11 4
19 4
22 4
2 3
0 0
23 0
16 3
10 4
41 2
1 3
13 2
23 3
1 0
32 2
12 0
17 0
24 4
40 2
20 2
20 4
18 0
26 3
9 1
21 4
23 2
33 1
8 1
9 4
29 0
14 1
8 4
0 4
18 4
28 1
39 1
21 0
25 3
5 4
13 4
12 3
19 3
10 0
21 2
9 2
34 3
18 3
25 4
11 3
19 0
33 0
17 4
9 3
11 0
19 2
0 3
23 4
2 0
10 3
20 0
36 4
27 4
36 0
18 1
36 3
4 1
36 1
6 0
6 1
28 2
42 1
12 1
6 4
43 2
32 3
30 0
3 0
14 4
24 0
20 3
13 3
4 2
14 0
6 3
15 1

100
38 4
9 0
26 1
9 3
8 1
24 4
23 3
31 4
29 2
23 1
38 3
35 4
22 2
17 3
12 4
23 0
14 4
30 4
15 4
26 3
26 0
21 0
0 3
9 4
12 2
24 3
1 2
13 3
11 0
27 2
22 0
12 0
41 4
38 2
37 2
36 4
22 4
22 3
4 1
17 4
32 2
21 1
34 1
23 4
24 0
25 1
27 4
28 4
21 4
24 1
3 1
17 0
20 3
16 4
11 4
21 3
25 3
10 0
18 2
39 2
40 3
41 3
13 4
10 4
2 1
13 0
29 4
5 3
16 0
23 2
18 3
37 4
25 0
3 3
33 1
0 0
0 4
36 0
36 1
27 3
18 1
13 1
14 0
16 1
40 2
0 1
27 1
25 4
30 2
6 3
18 4
18 0
32 4
28 0
42 4
10 3
42 2
33 0
14 3
29 1

