100
28 4
44 0
5 1
19 4
16 0
2 4
25 3
26 4
2 2
4 0
19 3
6 4
12 2
8 3
7 4
0 0
41 4
17 4
15 4
18 3
34 0
33 0
24 3
5 4
35 0
21 3
13 2
23 3
41 0
32 2
19 0
30 0
37 4
18 2
8 2
32 4
29 4
28 3
19 1
43 4
36 0
44 1
10 1
14 4
10 0
42 0
34 4
33 4
35 4
17 0
26 0
29 0
18 0
25 4
3 4
30 3
29 3
20 0
5 0
31 2
27 3
16 3
20 4
24 4
31 1
37 0
42 4
6 3
15 0
33 2
27 4
30 4
8 0
39 3
7 1
12 4
44 4
7 0
23 1
4 4
31 0
29 1
1 0
27 0
43 2
24 0
21 1
0 4
37 2
21 4
9 4
38 0
38 4
21 0
41 3
31 3
40 2
11 0
13 3
12 1

100
24 0
0 0
33 1
14 3
25 0
23 4
25 3
20 4
35 2
16 1
34 3
21 3
15 2
44 3
25 4
28 0
26 4
35 4
41 4
22 3
41 0
43 0
7 4
36 4
15 0
6 4
24 2
2 3
19 0
0 2
8 0
23 0
19 4
30 2
4 2
33 4
21 4
17 3
1 0
18 4
33 2
2 0
9 1
43 4
27 0
16 0
8 4
40 4
15 4
25 1
22 0
26 0
19 3
44 4
3 4
4 3
16 3
4 0
3 0
41 2
3 3
26 3
12 4
42 4
29 1
18 0
13 4
9 3
42 0
9 0
37 3
14 4
35 0
39 3
10 1
30 4
5 4
34 0
24 1
17 0
18 1
36 0
12 0
3 1
37 2
10 0
34 1
16 4
7 2
31 4
27 4
31 0
0 4
5 0
9 4
30 3
11 1
38 0
37 4
21 1

100
7 4
21 0
7 0
24 3
26 0
20 4
36 3
2 4
22 2
35 0
1 3
21 3
40 2
25 3
31 4
17 0
34 4
22 4
25 4
8 3
27 0
16 0
26 4
0 4
11 2
6 4
7 2
27 3
20 0
20 2
6 0
22 0
19 4
17 2
2 2
23 4
8 0
6 3
13 1
18 4
35 2
8 1
7 1
33 4
2 0
19 1
24 4
1 4
32 4
19 0
16 1
28 0
40 3
35 4
27 4
26 3
0 3
18 0
28 2
38 2
37 3
20 3
30 4
35 3
1 1
34 0
21 4
33 0
38 3
3 2
2 3
8 4
25 0
5 3
15 1
9 4
36 4
36 0
36 1
9 3
9 1
23 0
0 0
29 1
29 2
34 1
5 2
28 4
12 2
3 3
29 0
9 0
3 4
13 0
32 3
28 3
4 1
3 0
42 3
21 1

100
42 0
4 0
36 1
44 4
33 1
22 4
15 3
38 4
36 0
5 1
7 3
35 4
3 2
32 3
28 4
44 0
21 4
23 4
25 4
24 3
19 0
31 0
26 3
26 4
26 2
28 3
22 2
8 3
37 0
9 2
27 0
21 0
20 4
0 2
4 2
19 4
24 4
18 3
26 1
37 4
42 2
20 0
44 1
33 4
8 0
18 0
18 4
27 4
29 4
22 0
1 1
32 0
11 3
42 4
32 4
19 3
5 0
6 0
39 2
2 1
33 3
20 3
43 4
27 3
23 1
23 0
36 4
1 3
10 3
17 2
0 0
34 4
7 0
38 0
42 1
0 4
9 4
9 0
9 1
36 3
19 1
34 1
39 0
40 1
20 2
7 1
15 2
30 4
5 2
30 3
24 0
33 0
39 4
28 0
21 3
2 3
29 1
1 0
12 3
37 1

100
6 0
22 0
24 1
35 3
20 0
27 4
28 3
28 4
28 2
14 1
16 3
1 4
36 2
18 3
12 4
21 0
18 4
30 4
15 4
8 3
8 0
35 0
25 3
13 4
13 2
32 3
23 2
26 3
34 0
22 2
29 0
23 0
16 4
21 2
31 2
35 4
24 4
29 3
31 1
25 4
19 0
5 1
32 1
31 4
27 0
27 1
29 4
14 4
19 4
25 1
29 1
32 0
6 3
23 4
17 4
21 3
12 3
33 0
1 2
27 2
0 3
15 3
11 4
19 3
15 1
7 0
32 4
2 3
27 3
4 2
22 3
26 4
28 0
30 3
17 1
9 0
36 4
36 0
36 1
36 3
9 1
6 1
30 0
2 1
19 2
11 1
2 2
9 4
33 2
33 3
20 4
0 0
2 4
24 0
6 4
3 3
19 1
3 0
9 3
33 1

100
32 0
28 0
3 0
10 3
32 1
0 4
41 3
27 4
29 2
42 0
27 3
12 3
31 2
9 3
21 4
35 0
33 4
26 4
2 4
29 3
4 0
30 0
32 3
8 4
18 2
44 3
28 2
18 3
33 0
0 2
25 0
34 0
20 4
27 2
30 1
35 4
3 4
31 3
27 1
23 4
44 0
2 1
31 1
18 4
26 0
29 1
25 4
4 4
34 4
35 1
34 1
29 0
28 3
30 4
24 4
43 3
23 3
40 0
7 2
3 2
21 3
36 3
28 4
29 4
33 1
31 0
1 4
22 3
13 3
30 2
22 4
19 4
24 0
36 0
27 0
36 4
9 4
9 0
18 1
0 3
39 1
13 1
5 0
0 1
34 2
41 1
7 1
31 4
36 2
24 3
0 0
21 0
5 4
37 0
33 3
38 3
40 2
18 0
14 3
4 1

