100
26 4
22 0
41 0
4 3
0 1
35 4
9 3
20 4
0 0
35 0
12 3
33 3
15 2
38 3
34 4
44 0
36 4
29 4
4 4
37 3
37 0
38 0
7 3
18 4
5 0
26 3
6 2
6 3
36 0
7 2
8 0
39 0
44 4
12 2
16 1
17 4
7 0
15 3
32 1
40 4
4 0
6 0
24 0
5 4
18 0
17 0
30 4
11 4
21 4
30 0
23 0
9 0
2 3
19 4
39 4
16 3
41 3
11 0
26 0
13 0
40 3
10 3
27 4
17 3
31 0
12 0
42 4
5 3
27 3
25 0
31 4
28 4
40 0
33 4
2 1
32 4
37 4
10 0
18 1
15 4
25 1
7 1
15 0
19 1
16 2
42 0
30 2
24 4
0 2
12 4
6 4
1 0
0 4
27 0
20 3
23 3
19 2
19 0
42 3
32 0

100
26 0
41 0
32 1
42 3
38 0
9 4
21 3
10 4
31 2
28 1
27 3
15 3
9 2
25 3
44 4
39 0
40 4
2 4
4 4
16 3
9 0
32 0
26 3
12 4
20 2
34 4
1 2
35 3
16 0
0 4
17 0
35 0
22 4
16 2
40 1
7 4
20 4
38 3
11 0
13 4
29 2
39 1
29 1
35 4
27 0
18 1
27 4
3 4
11 4
0 1
36 1
33 0
37 0
18 4
41 4
8 3
28 0
30 0
18 0
7 2
0 3
10 3
1 4
30 4
4 1
34 0
25 4
22 0
23 0
17 2
10 0
31 4
40 0
5 4
29 0
28 4
26 4
36 0
41 1
42 4
14 0
7 1
7 0
42 1
24 0
34 1
12 1
14 4
37 2
23 4
19 0
4 0
37 4
1 0
22 3
31 3
14 1
42 0
11 3
19 1

100
18 4
12 0
21 1
6 3
34 1
36 4
1 3
43 4
35 2
23 1
11 3
22 3
8 2
2 3
15 4
40 0
33 4
37 4
44 4
30 3
23 0
18 0
35 3
30 4
42 2
14 4
21 2
18 3
36 0
36 2
11 0
37 0
16 4
26 2
24 1
31 4
29 4
26 3
26 1
32 4
18 2
18 1
4 1
22 4
14 0
13 0
10 4
9 4
13 4
8 1
32 1
24 0
16 3
17 4
41 4
23 3
31 3
19 0
27 2
33 1
10 3
23 4
19 4
21 4
29 1
41 0
35 4
25 3
17 3
19 2
42 4
20 4
10 0
34 4
43 1
27 0
0 4
0 0
9 1
36 3
38 0
41 1
25 0
19 1
14 2
5 1
11 2
27 4
37 2
3 3
38 4
42 0
24 4
15 0
32 3
19 3
1 2
20 0
27 3
36 1

100
36 0
30 0
32 1
29 3
15 1
0 4
9 3
27 4
33 2
37 1
18 3
30 3
29 0
14 3
2 4
27 0
4 4
34 4
33 4
3 3
16 0
37 0
15 3
10 4
8 2
20 3
32 0
7 3
41 0
5 2
10 0
31 0
7 4
17 2
16 1
3 4
29 4
13 3
42 1
30 4
32 2
41 1
28 1
8 4
35 0
35 1
28 4
32 4
5 4
39 0
27 1
28 0
0 3
1 4
31 4
5 3
33 0
38 0
1 2
13 2
28 3
27 3
35 4
34 3
33 1
40 0
11 4
8 3
35 3
6 2
2 3
9 4
34 0
6 4
18 1
18 4
36 4
18 0
0 1
36 3
30 1
20 1
12 0
39 1
30 2
22 1
2 2
13 4
19 2
10 3
42 0
3 0
15 4
0 0
21 3
31 3
27 2
6 0
24 3
24 1

100
21 4
7 0
6 1
23 3
7 1
44 4
27 3
27 4
0 2
5 1
5 3
20 3
9 2
19 3
19 4
27 0
8 4
5 4
36 4
42 3
31 0
43 0
6 3
42 4
43 2
7 3
8 2
40 3
35 0
18 2
36 0
3 0
41 4
1 2
5 2
38 4
7 4
28 3
27 1
2 4
2 2
4 1
30 1
4 4
1 0
5 0
3 4
1 4
37 4
18 1
33 1
0 0
21 3
43 4
6 4
36 3
37 3
8 0
26 2
6 2
18 3
41 3
31 4
8 3
8 1
4 0
0 4
29 3
32 0
32 2
4 3
40 4
2 0
39 4
22 1
9 0
9 4
18 0
36 1
9 3
2 1
11 1
33 0
28 1
33 2
31 1
0 1
22 4
38 2
24 3
24 4
37 0
28 4
40 0
32 4
31 3
28 2
28 0
0 3
19 1

100
8 4
34 0
12 1
19 3
40 1
1 4
41 3
25 4
44 2
22 0
7 3
35 3
40 2
21 3
26 4
19 0
21 4
17 4
0 4
18 3
18 0
26 0
32 3
23 4
0 2
37 3
22 2
24 3
33 0
24 2
20 0
17 0
5 4
3 2
39 2
18 4
19 4
25 3
30 1
22 4
4 2
7 0
13 1
4 4
21 0
20 1
20 4
24 4
3 4
32 1
10 1
23 0
26 3
2 4
16 4
3 3
27 3
24 0
8 2
25 2
23 3
36 3
6 4
22 3
19 1
31 0
15 4
20 3
30 3
6 2
8 3
7 4
8 0
11 4
18 1
36 4
27 4
36 0
0 1
9 3
33 1
21 1
15 0
14 1
31 2
36 1
1 2
9 4
42 2
42 3
9 0
12 0
12 4
28 0
0 3
4 3
23 1
0 0
38 3
4 0

