100
43 0
13 0
8 0
6 4
15 0
21 4
31 3
18 4
29 2
5 0
41 3
19 4
27 2
1 3
5 4
36 0
16 4
27 4
39 4
38 3
37 0
34 0
14 3
36 4
26 2
33 4
36 2
32 3
39 0
44 2
35 0
23 0
22 4
41 0
34 2
20 4
14 0
25 3
31 1
37 4
39 2
27 1
39 1
23 4
24 0
37 1
12 4
26 4
15 4
42 0
41 1
40 0
0 0
8 4
2 4
34 3
40 4
7 0
44 0
41 4
22 3
39 3
4 4
14 4
29 1
33 0
7 4
10 3
26 3
38 0
26 0
38 4
25 0
0 3
24 1
32 0
25 4
1 0
35 1
12 0
28 0
19 1
30 0
2 1
6 2
16 0
15 1
42 4
18 0
34 4
9 4
9 0
28 4
2 0
18 3
4 3
2 2
20 0
15 3
5 1

100
15 0
23 0
18 0
7 3
41 1
15 4
10 3
5 4
10 0
15 1
41 3
14 4
42 2
21 3
4 4
3 0
40 4
28 4
22 4
37 3
44 0
33 0
44 4
13 4
43 2
23 3
43 0
19 3
16 0
43 4
40 0
9 0
16 4
44 2
42 0
10 4
39 0
14 3
17 0
35 4
35 2
10 1
26 1
17 4
32 0
0 1
11 4
9 4
36 4
2 1
36 1
25 0
2 4
39 4
37 4
22 3
6 4
13 0
23 2
34 4
40 3
12 3
27 4
1 4
42 1
28 0
21 4
11 3
24 3
38 2
33 3
41 4
26 0
5 3
34 0
33 4
29 4
38 0
27 0
35 0
24 1
29 1
19 0
36 0
29 2
16 1
11 0
31 4
4 0
7 4
24 4
6 0
18 4
29 0
15 3
42 3
12 2
0 0
2 3
18 1

