100
14 4
17 0
5 1
7 3
44 1
1 4
29 3
12 4
9 2
14 1
1 3
21 3
7 2
41 3
26 4
5 0
28 4
3 4
32 4
32 3
22 0
25 0
2 4
36 4
30 2
10 4
0 2
33 3
9 0
9 4
38 0
26 0
43 4
1 0
1 2
13 4
34 4
2 3
10 0
35 4
35 2
35 1
42 1
27 4
39 0
44 0
0 4
44 4
15 4
6 1
23 0
35 0
11 0
20 4
22 4
13 3
16 3
8 0
13 0
11 2
0 3
11 4
8 4
40 4
21 0
27 0
16 4
12 0
19 3
17 2
41 4
23 4
41 0
42 0
12 1
33 4
21 4
29 0
28 0
40 3
36 1
21 1
15 0
15 1
43 2
27 1
24 1
24 4
6 0
18 4
29 4
2 0
37 4
32 0
42 3
22 3
5 4
18 0
4 3
32 1

100
42 4
29 0
19 1
0 3
4 0
5 4
14 3
12 4
16 0
44 1
8 3
8 4
20 0
5 3
34 4
18 0
6 4
39 4
40 4
43 3
17 0
7 0
1 4
20 4
15 2
33 4
4 2
35 3
34 0
41 2
9 0
3 0
22 4
39 0
37 1
44 4
18 4
3 3
27 0
7 4
42 2
42 0
22 1
17 4
37 0
36 1
2 4
37 4
36 4
1 1
18 1
13 0
38 0
0 4
3 4
30 3
1 3
41 0
22 2
10 1
24 3
15 3
41 4
4 3
23 1
40 0
4 4
21 3
10 0
7 2
39 3
21 4
12 0
19 4
36 0
23 4
14 4
11 0
2 0
28 0
15 1
5 0
14 0
27 1
43 0
34 1
25 1
28 4
0 2
12 3
9 4
30 0
30 4
21 0
36 3
40 3
24 2
24 0
27 3
40 1

