100
34 4
27 0
26 0
24 3
29 1
28 4
26 3
43 4
25 2
40 1
6 3
30 3
36 0
35 3
7 4
37 0
37 4
35 4
30 4
38 3
4 0
43 0
29 4
26 4
20 2
23 4
2 0
0 3
6 0
12 0
39 0
44 0
25 4
42 2
30 2
11 4
24 0
22 3
9 1
33 4
43 2
2 1
13 0
6 4
22 0
21 1
27 4
24 4
10 4
37 1
40 0
14 0
31 3
32 4
0 4
11 3
25 3
28 0
33 2
12 4
7 3
37 3
41 4
8 4
0 1
38 0
42 4
13 3
23 3
40 2
34 3
9 4
18 0
5 4
25 0
20 4
36 4
23 0
29 0
4 3
0 0
3 1
41 0
12 1
27 2
43 1
2 2
13 4
7 0
16 4
9 0
15 0
1 4
31 0
38 4
19 3
30 1
19 0
14 3
5 1

100
29 0
39 0
32 1
21 3
14 0
18 4
36 3
6 4
12 2
33 1
16 3
12 3
26 2
5 3
7 4
33 0
3 4
43 4
42 4
15 3
31 0
35 0
10 3
35 4
30 0
40 4
14 2
38 3
18 0
17 0
40 0
20 0
38 4
10 0
6 2
15 4
34 4
11 3
8 0
1 4
7 0
38 1
42 1
17 4
34 0
14 1
20 4
32 4
31 4
26 1
39 1
1 0
8 3
4 4
27 4
14 3
19 0
28 0
21 0
22 2
34 3
37 4
5 4
1 3
37 0
27 0
44 4
6 3
32 0
13 2
2 3
26 4
0 0
0 4
31 1
41 4
33 4
23 0
36 0
16 4
20 1
15 0
24 0
1 1
3 2
34 1
36 2
21 4
15 2
28 3
9 4
11 0
23 4
2 0
30 3
24 3
28 4
41 0
40 3
23 1

