100
40 4
27 0
0 1
44 3
33 0
32 4
24 3
21 4
4 2
15 0
23 3
27 4
41 2
25 3
22 4
22 0
28 4
42 4
44 4
20 3
8 0
11 0
23 4
17 4
35 2
6 4
0 0
29 3
7 0
17 2
36 0
16 0
7 4
24 2
14 1
36 4
30 4
30 3
35 0
39 4
5 2
23 1
18 1
24 4
21 0
36 1
37 4
0 4
41 4
22 1
43 1
44 0
29 4
38 4
9 4
11 3
0 3
34 0
12 0
33 1
37 3
43 3
12 4
10 4
38 1
17 0
31 4
13 0
35 3
13 2
13 3
16 4
14 0
43 0
24 1
9 0
33 4
24 0
13 1
26 3
16 1
27 1
41 0
30 1
22 2
39 1
11 1
25 4
14 2
3 3
1 4
38 0
18 4
30 0
13 4
6 3
10 2
18 0
4 0
1 0

100
28 4
6 0
18 1
5 4
31 1
19 4
33 3
42 4
14 2
17 1
13 3
0 4
17 2
43 3
29 4
24 0
34 4
33 4
40 4
40 3
14 0
29 0
30 3
41 4
13 2
27 4
1 0
29 3
31 0
41 2
17 0
16 0
36 4
0 2
28 2
21 4
37 0
42 3
36 0
11 4
4 0
33 0
5 0
37 4
19 0
20 0
16 4
22 4
44 4
41 1
21 1
35 0
32 0
18 4
10 4
31 3
3 4
34 0
35 2
37 2
35 3
35 4
38 4
34 3
0 0
26 0
20 4
16 3
28 3
23 2
10 3
31 4
15 0
41 0
43 1
30 0
32 4
25 0
19 1
26 3
36 1
12 0
2 0
10 1
18 2
14 1
7 0
24 4
27 0
7 3
38 0
42 0
6 4
9 0
19 3
2 3
3 2
21 0
22 3
1 1

100
35 0
36 0
13 1
27 3
17 1
2 4
40 3
8 4
22 2
2 1
32 3
34 3
38 2
28 3
35 4
39 0
27 4
0 4
11 4
33 3
13 0
29 0
42 3
10 4
12 2
6 3
43 2
8 3
14 0
16 2
41 0
11 0
1 4
28 2
18 2
29 4
33 4
7 3
0 1
31 4
31 2
31 0
27 0
30 4
40 0
12 1
7 4
28 4
32 4
7 1
7 0
28 0
35 3
9 4
34 4
29 3
41 3
9 0
19 2
25 2
39 3
31 3
16 4
30 3
34 1
10 0
6 4
34 0
6 0
6 2
17 4
12 4
8 0
37 0
32 1
18 4
36 4
18 0
36 1
18 3
20 1
9 1
32 0
15 1
3 2
4 1
0 2
13 4
20 2
43 3
15 0
3 0
3 4
42 0
0 3
3 3
32 2
0 0
36 3
24 1

100
41 0
18 0
14 0
13 3
12 1
18 4
0 3
10 4
10 2
20 1
5 3
18 3
25 2
11 3
23 4
30 0
44 4
20 4
17 4
15 3
32 0
28 0
21 3
19 4
39 2
41 3
18 2
16 3
19 0
38 2
21 0
17 0
42 4
5 2
22 0
39 4
24 4
14 3
31 1
9 4
4 2
9 1
13 1
38 4
36 0
22 1
21 4
40 4
37 4
25 1
30 1
20 0
43 3
25 4
26 4
42 3
4 3
9 0
15 2
10 1
44 3
11 4
36 4
9 3
14 1
27 0
22 4
12 0
17 3
23 0
43 4
41 4
40 0
13 0
11 1
0 4
27 4
0 0
36 1
27 3
23 1
1 1
15 0
28 1
43 2
18 1
28 2
12 4
0 2
25 3
33 0
42 0
14 4
24 0
1 3
38 3
11 2
37 0
6 3
6 1

100
17 0
0 0
30 0
2 4
38 1
7 4
26 3
29 4
7 2
8 1
16 3
18 3
1 2
34 3
5 4
34 0
15 4
17 4
1 4
9 3
20 0
29 0
19 3
9 4
35 2
17 3
25 2
0 3
27 0
12 2
8 0
6 0
3 4
41 2
4 1
13 4
34 4
2 3
32 1
8 4
27 2
35 0
0 1
27 4
7 0
33 0
12 4
4 4
33 4
5 1
3 1
4 0
3 3
14 4
35 4
33 3
7 3
19 0
28 2
24 2
21 3
8 3
28 4
0 4
2 1
28 0
6 4
30 3
1 3
4 2
35 3
16 4
21 0
10 3
1 1
36 4
18 4
36 0
9 1
36 3
40 1
36 1
31 0
21 1
5 2
6 1
9 2
10 4
16 2
23 3
23 0
13 0
30 4
10 0
4 3
27 3
23 1
1 0
13 3
42 1

100
5 0
3 0
2 1
1 4
44 1
29 4
15 3
7 4
8 2
36 1
43 3
30 4
11 2
3 3
2 4
42 0
27 4
31 4
34 4
25 3
36 0
7 0
18 3
16 4
41 2
13 4
15 2
39 3
28 0
6 2
8 0
43 0
0 4
4 2
3 1
12 4
17 4
20 3
40 0
35 4
44 2
33 1
41 0
5 4
44 0
8 1
33 4
4 4
43 4
4 1
7 1
37 0
4 0
3 4
8 4
42 3
17 3
32 0
3 2
36 2
4 3
9 4
28 4
6 4
25 1
27 0
36 4
24 3
9 3
16 2
41 3
14 4
6 0
8 3
32 1
18 0
18 4
9 0
9 1
27 3
0 1
29 1
38 0
5 1
0 2
40 1
9 2
10 4
13 2
37 3
40 4
29 0
37 4
33 0
0 3
5 3
21 2
0 0
12 3
37 1

