100
37 4
14 0
41 0
17 3
19 1
42 4
27 3
27 4
29 0
36 0
36 3
30 3
8 0
28 3
25 4
44 0
21 4
10 4
31 4
5 3
39 0
35 0
38 3
28 4
1 2
1 3
36 2
35 3
2 0
11 0
26 0
12 0
12 4
27 2
15 1
9 4
20 4
15 3
31 1
4 4
18 2
34 0
13 0
33 4
20 0
26 1
26 4
3 4
30 4
9 1
13 1
18 0
14 3
18 4
43 4
10 3
9 0
19 0
16 2
32 4
8 3
42 3
38 4
19 3
5 1
0 0
8 4
20 3
24 3
21 0
1 0
17 4
10 0
7 3
15 0
5 4
0 4
25 0
23 1
6 3
16 0
42 0
3 0
0 1
40 2
37 0
32 2
6 4
25 2
39 3
14 4
22 0
39 4
5 0
11 3
32 3
2 1
31 0
22 4
32 1

100
30 4
35 0
30 1
23 4
36 1
16 4
43 3
27 4
17 0
18 0
44 3
12 4
13 2
26 3
5 4
6 0
10 4
44 4
0 4
42 3
13 0
16 0
29 3
32 4
31 2
21 4
44 0
0 3
9 0
17 2
40 0
0 0
15 4
22 2
39 2
14 4
11 0
35 3
18 1
31 4
28 2
41 1
7 0
13 4
4 0
44 1
9 4
18 4
37 4
1 1
25 1
25 0
3 4
17 4
38 4
36 3
28 3
14 0
5 0
20 0
1 3
11 4
19 4
14 3
34 1
10 0
2 4
11 3
16 3
39 0
27 3
22 4
12 0
1 4
38 1
24 4
20 4
28 0
2 1
36 4
23 1
39 1
42 0
3 1
2 0
28 1
4 2
34 4
6 2
30 3
32 0
29 0
6 4
36 0
39 4
23 3
32 2
22 0
3 3
15 1

100
23 4
22 0
11 1
10 3
32 1
35 4
29 3
18 4
25 2
37 1
18 3
13 3
37 2
28 3
24 4
29 0
14 4
10 4
31 4
38 3
11 0
13 0
19 3
13 4
35 2
9 3
34 2
20 3
14 0
9 2
10 0
26 0
11 4
23 2
26 2
26 4
24 0
14 3
39 0
15 4
36 2
21 1
14 1
29 4
18 0
29 1
17 4
32 4
12 4
17 1
16 1
17 0
34 3
9 4
16 4
41 3
28 0
38 0
13 2
1 2
27 3
28 4
22 4
12 3
34 1
9 0
27 4
17 3
30 3
12 0
44 0
25 4
23 0
25 0
10 1
36 4
0 4
0 0
0 1
0 3
30 1
24 1
15 0
12 1
14 2
22 1
7 2
33 4
11 2
15 3
33 0
41 0
19 4
30 0
24 3
21 3
30 2
19 0
42 3
18 1

100
0 4
0 0
15 1
30 3
2 1
42 4
42 3
8 4
41 2
0 1
7 3
31 3
12 2
32 3
25 4
15 0
6 4
37 4
41 4
0 3
13 0
16 0
44 3
22 4
26 2
18 3
19 2
41 3
5 0
14 0
26 0
12 0
43 4
0 2
39 2
36 4
44 4
8 3
14 1
26 4
8 2
1 1
7 1
4 4
22 0
13 1
19 4
18 4
23 4
6 1
12 1
21 0
21 3
1 4
3 4
5 3
35 3
17 0
17 2
2 2
33 3
1 3
21 4
2 4
35 1
1 0
7 4
43 3
22 3
20 2
40 3
20 4
2 0
38 3
38 1
36 0
27 4
27 0
18 1
9 3
36 1
9 1
3 0
31 1
24 2
4 1
21 2
16 4
9 2
27 3
9 4
9 0
13 4
18 0
23 3
2 3
27 1
23 0
38 4
6 0

100
44 4
23 0
0 1
6 4
29 1
40 4
26 3
7 4
2 2
31 1
6 3
8 3
11 2
4 3
42 4
24 0
36 4
37 4
4 4
14 3
11 0
40 0
41 3
26 4
32 2
0 3
44 2
43 3
10 0
38 2
36 0
17 0
43 4
1 2
37 2
8 4
17 4
22 3
9 1
39 4
42 2
22 1
16 1
24 4
25 0
26 1
41 4
3 4
13 4
23 1
28 1
20 0
42 3
38 4
9 4
18 3
18 4
22 0
5 2
12 2
3 3
36 3
25 4
22 4
3 1
9 0
23 4
16 3
41 0
41 2
44 3
5 4
19 0
12 3
24 1
27 0
27 4
0 0
36 1
27 3
18 1
11 1
12 0
14 1
39 2
1 1
14 2
11 4
7 2
10 3
19 4
42 0
0 4
37 0
14 4
19 3
20 2
14 0
23 3
4 1

100
6 4
30 0
38 1
40 3
35 1
16 4
9 3
37 4
38 2
32 1
37 3
41 3
30 2
36 3
31 4
37 0
10 4
27 4
28 4
42 3
0 0
8 0
20 3
9 4
37 2
28 3
11 2
44 3
31 0
19 2
44 0
39 0
41 4
10 2
39 2
39 4
17 4
35 3
40 0
30 4
28 2
42 1
40 1
33 4
42 0
0 1
35 4
32 4
40 4
30 1
36 1
36 0
43 3
5 4
36 4
27 3
21 3
38 0
24 2
17 2
26 3
31 3
29 4
38 3
34 1
29 0
7 4
39 3
30 3
44 2
43 0
38 4
32 0
15 3
31 1
9 0
18 4
18 0
18 1
0 3
28 1
2 1
27 0
7 1
20 2
10 1
4 1
11 4
41 2
13 3
1 4
5 0
13 4
33 0
42 4
32 3
12 2
1 0
23 3
15 1

