400
19 0
0 1
43 2
36 9
14 5
6 6
36 1
21 5
24 4
25 0
3 1
34 5
35 6
12 8
14 4
20 4
33 3
31 8
0 3
31 4
34 7
26 8
41 1
13 2
5 9
33 9
20 6
24 6
9 7
42 9
36 8
4 3
37 6
34 0
1 1
6 7
0 7
10 1
23 9
5 2
42 5
36 5
43 6
43 3
38 5
34 1
10 0
22 1
6 8
40 4
28 9
11 5
34 6
23 0
5 0
28 4
0 0
40 5
39 4
18 1
30 8
43 9
25 3
29 9
37 5
39 2
8 6
9 0
21 7
20 2
14 2
27 9
2 1
25 1
19 2
30 6
32 7
30 1
13 4
5 6
38 9
1 6
0 8
3 5
29 4
21 9
18 7
16 3
1 0
41 6
29 3
23 7
1 2
6 4
15 2
28 1
28 5
11 8
2 9
6 5
42 0
36 2
24 1
32 1
42 7
11 3
37 1
22 0
25 7
9 9
4 0
14 3
39 1
37 9
15 6
3 9
41 3
41 5
30 7
35 1
2 4
4 5
27 8
14 9
29 0
23 6
9 5
6 9
40 1
28 3
1 9
4 6
25 2
13 6
36 4
13 9
2 5
1 7
18 9
10 5
21 8
2 6
44 5
36 0
21 2
18 8
37 8
27 4
2 8
7 1
37 4
34 3
16 2
0 4
10 6
14 6
28 8
8 4
27 2
21 0
33 8
16 1
7 6
41 2
16 6
19 7
24 9
15 8
33 1
41 8
4 4
10 3
11 0
38 6
23 5
13 7
0 6
16 7
5 1
9 6
43 8
38 8
30 4
43 0
33 4
0 2
17 6
13 5
20 9
18 0
15 7
22 8
21 1
22 9
40 2
36 6
31 1
12 0
28 2
6 1
23 4
34 4
26 4
11 1
15 9
34 2
24 7
31 6
22 2
20 5
0 9
37 0
15 1
36 3
20 0
1 4
20 3
44 6
13 1
15 0
21 4
24 3
4 8
32 2
15 5
19 1
2 7
38 3
8 0
34 9
12 2
30 5
6 2
40 0
1 8
5 3
26 3
40 7
9 8
23 8
7 4
31 3
7 9
18 3
6 0
34 8
7 3
9 4
22 5
25 9
11 4
3 6
39 3
2 2
24 0
29 2
12 1
37 3
4 9
43 1
29 5
9 3
27 5
42 8
18 5
31 0
5 7
16 0
33 7
27 6
39 8
11 7
28 7
12 3
18 6
3 7
40 6
41 0
9 1
10 7
12 9
4 2
41 9
3 2
19 4
14 0
42 2
24 8
18 2
24 5
12 5
31 2
32 4
7 7
25 8
16 9
3 0
7 2
2 0
43 7
14 7
22 3
0 5
13 0
38 4
33 5
7 8
41 7
31 7
19 5
9 2
23 2
20 1
23 1
30 3
18 4
15 4
19 9
7 5
22 4
11 9
19 8
39 0
12 4
14 1
5 4
26 1
41 4
42 1
5 5
40 9
5 8
43 5
28 0
27 0
37 2
10 9
10 2
32 8
32 5
33 2
12 6
16 5
19 6
14 8
8 5
37 7
39 6
11 2
35 8
36 7
38 2
20 7
24 2
15 3
30 2
32 9
21 3
23 3
25 4
42 3
27 3
13 3
6 3
13 8
3 8
27 7
10 8
3 3
21 6
43 4
2 3
31 9
32 6
4 7
25 6
20 8
29 6
39 5
3 4
42 6
39 9
19 3
40 3
22 6
10 4
1 5
1 3
42 4
12 7
32 3
33 6
38 7
16 4
25 5
16 8
28 6
29 7
40 8
30 9

