400
24 6
32 1
41 2
36 9
0 5
1 6
39 1
15 5
42 4
25 0
18 1
24 5
4 0
6 8
23 4
1 4
27 3
15 8
7 3
15 4
10 7
22 8
2 1
18 2
31 9
40 9
34 0
0 6
22 7
43 9
1 8
24 3
29 6
43 0
20 1
25 7
9 7
10 1
11 9
2 2
6 5
17 5
25 6
19 3
25 5
4 1
42 0
23 1
11 8
24 4
39 9
33 5
40 0
31 0
22 0
7 4
37 0
21 5
5 4
36 1
13 8
27 9
34 3
1 9
20 5
10 2
35 6
27 0
27 4
1 2
9 2
2 9
11 1
24 1
4 2
20 6
42 7
31 1
9 4
22 6
42 9
6 6
7 8
18 5
12 4
5 9
3 7
21 3
39 0
5 6
32 3
11 7
20 2
43 4
33 2
25 1
2 5
41 8
14 9
30 5
7 0
29 2
12 1
40 1
5 7
42 3
43 1
32 8
0 7
23 9
20 0
23 3
27 1
12 9
12 6
4 9
38 3
23 5
34 7
42 1
25 4
5 1
28 8
29 9
37 5
34 6
31 5
33 9
37 1
16 3
25 9
15 6
12 2
18 6
16 4
18 9
43 5
37 7
3 9
38 5
5 8
33 6
8 5
32 7
38 2
3 8
30 8
33 4
9 8
38 1
30 4
14 3
21 2
8 4
42 6
13 6
27 8
22 4
28 2
38 0
40 8
21 1
27 6
25 2
7 6
7 7
13 9
17 8
15 1
38 8
35 4
39 3
21 0
41 6
5 5
43 7
2 6
21 7
7 1
40 6
14 8
20 8
2 4
36 0
10 4
3 2
26 6
22 5
9 9
38 6
40 7
12 8
34 1
37 9
24 2
23 6
33 1
18 0
32 2
3 1
13 4
14 4
17 4
1 1
38 9
14 2
13 7
28 6
23 2
11 5
7 9
24 0
9 1
40 3
30 0
3 4
9 3
32 6
16 1
13 0
26 4
13 3
33 8
11 2
19 5
28 1
31 7
33 3
17 0
16 9
34 2
10 5
16 0
15 0
44 8
31 3
8 3
24 7
19 8
10 8
29 4
41 3
20 9
0 3
4 4
16 8
2 3
31 4
40 5
0 9
41 7
21 6
1 3
19 2
3 0
27 2
41 1
30 3
34 9
13 1
29 5
22 3
14 5
23 8
1 5
33 0
18 7
14 0
19 7
39 6
43 8
27 7
32 4
6 3
4 6
36 7
17 6
11 6
19 1
39 7
32 9
31 2
37 8
36 2
6 4
19 0
43 2
0 8
7 2
13 5
42 5
15 2
21 4
20 7
34 8
21 9
9 0
22 2
1 0
6 7
23 7
37 3
27 5
10 0
18 4
7 5
25 8
12 7
15 7
16 5
0 2
16 2
6 1
0 1
10 3
37 4
40 4
6 9
32 5
34 4
19 9
31 8
0 0
11 4
30 1
33 7
14 1
38 4
29 1
4 5
24 9
4 8
36 5
28 0
11 0
30 2
44 9
39 2
42 8
9 5
40 2
19 6
3 5
30 6
6 2
12 5
30 7
31 6
5 2
29 8
16 7
37 2
4 7
13 2
20 3
42 2
30 9
15 3
11 3
0 4
5 3
29 3
18 3
4 3
18 8
36 8
28 7
39 8
36 3
36 6
28 4
28 3
15 9
14 6
29 7
16 6
2 8
10 6
39 5
36 4
43 6
22 9
3 3
25 3
3 6
39 4
28 5
12 3
41 4
2 7
43 3
37 6
20 4
19 4
34 5
21 8
9 6
1 7
24 8
28 9

