400
29 6
42 1
40 2
21 9
28 5
14 6
36 1
31 5
30 4
42 0
6 1
30 5
35 0
16 8
20 4
32 4
10 3
9 8
34 3
9 4
30 7
35 8
25 1
4 2
31 9
5 9
39 0
24 6
15 7
25 9
7 8
18 3
26 6
29 0
31 1
39 7
27 7
23 1
32 9
33 2
29 5
13 5
44 6
23 3
3 5
13 1
9 0
34 1
23 8
12 4
0 9
14 5
40 0
31 0
22 0
34 4
21 0
9 5
40 4
5 1
43 8
1 9
22 3
7 9
21 5
30 2
35 6
11 0
37 7
32 2
20 2
24 9
38 1
29 1
14 2
43 6
42 7
40 1
22 4
6 6
20 9
40 6
34 8
27 5
16 4
28 9
33 7
36 3
36 0
17 6
5 3
1 7
38 2
25 4
10 2
4 1
20 5
42 8
19 9
16 5
4 0
12 2
7 1
28 1
31 7
11 3
24 1
33 0
2 7
6 9
0 0
20 3
12 1
37 4
25 6
18 9
14 3
5 5
28 7
44 3
36 4
24 5
12 8
16 9
29 7
39 6
19 5
10 9
33 1
37 3
15 9
18 6
2 2
0 6
21 4
4 9
32 5
19 7
33 9
15 5
41 8
13 6
17 5
34 0
37 2
33 8
24 8
42 4
10 8
15 1
29 4
27 3
6 2
44 4
31 6
12 6
2 8
27 4
24 2
28 0
6 8
11 1
2 6
25 2
21 6
34 7
43 9
40 8
21 1
14 8
10 4
0 3
5 6
4 6
42 5
4 7
38 6
36 7
22 1
0 1
28 8
25 8
15 4
30 0
41 4
19 2
10 6
26 5
41 9
14 0
6 7
27 8
41 1
3 9
13 2
7 6
10 1
24 0
31 2
27 1
43 4
19 4
3 4
2 1
30 9
27 2
43 7
30 6
28 2
23 5
34 9
19 0
9 1
25 3
33 6
7 4
41 3
1 6
19 1
25 0
17 4
43 3
5 8
29 2
36 5
43 1
32 7
42 3
8 8
37 9
22 2
0 5
3 0
23 0
38 8
32 3
6 3
13 7
29 8
1 8
11 4
9 3
39 9
2 3
6 0
37 8
37 6
39 4
33 5
2 9
22 7
15 6
24 3
41 2
20 0
16 2
20 1
7 3
23 9
18 1
22 5
17 3
40 5
31 8
41 5
41 0
38 7
5 0
16 7
16 6
18 8
41 7
7 7
15 3
22 6
18 7
32 6
27 0
3 1
0 7
29 9
21 2
14 9
18 2
38 4
38 0
5 2
30 8
34 2
25 5
2 5
9 2
4 4
25 7
19 8
36 9
18 0
7 2
42 6
5 7
20 7
39 3
18 5
1 0
13 4
12 5
39 8
3 7
9 7
7 5
36 2
1 2
39 1
30 1
28 3
33 4
5 4
38 9
10 5
23 4
22 9
22 8
8 6
6 4
1 1
10 7
14 1
14 4
30 3
38 5
13 9
3 8
4 5
7 0
15 0
23 2
42 9
0 2
11 8
43 5
11 2
23 6
34 5
34 6
20 8
44 5
23 7
20 6
42 2
15 8
21 3
39 2
14 7
43 2
12 3
15 2
11 9
16 3
1 3
2 4
31 3
19 3
4 3
3 3
4 8
21 8
24 7
0 8
8 3
3 6
24 4
40 3
9 9
19 6
11 7
11 6
32 8
41 6
37 5
18 4
27 6
40 9
33 3
13 3
9 6
0 4
11 5
38 3
31 4
40 7
29 3
28 6
12 7
1 4
6 5
36 8
36 6
28 4
13 8
27 9

