400
31 0
31 1
21 2
40 9
5 5
15 6
23 1
19 5
37 4
39 0
27 1
22 5
33 0
2 8
16 4
18 4
12 3
10 8
0 3
10 4
33 7
19 8
40 1
27 2
25 9
12 9
10 0
20 6
17 7
21 9
1 8
33 3
40 6
32 0
25 1
40 7
19 7
34 1
3 9
23 2
27 5
42 5
44 6
30 3
17 5
16 1
18 0
10 1
34 8
5 4
41 9
4 5
40 0
0 0
12 0
31 4
16 0
0 5
21 4
20 1
29 8
31 9
28 3
1 9
2 5
42 2
8 6
1 0
38 7
18 2
36 2
16 9
3 1
5 1
7 2
39 6
37 7
42 3
13 4
43 6
37 9
12 6
11 8
24 5
24 4
34 9
43 7
15 3
28 0
26 6
11 3
3 7
9 2
34 4
12 2
0 1
25 5
21 8
20 9
13 5
19 0
1 2
14 1
21 1
25 7
21 3
12 1
29 6
39 7
6 9
2 0
16 3
4 1
29 9
14 6
27 9
7 3
6 5
24 7
44 3
22 4
32 1
36 8
13 9
24 0
36 6
28 5
11 9
2 1
32 3
18 9
13 6
39 2
10 6
19 4
7 9
43 5
20 7
43 9
23 5
22 8
2 6
26 5
42 7
6 2
43 8
4 8
40 4
13 8
22 1
42 4
20 3
24 2
6 4
5 6
23 6
25 8
44 4
16 2
29 0
12 8
18 1
25 6
34 2
3 6
36 7
14 9
17 8
43 1
7 8
14 4
41 3
27 0
35 6
9 5
6 7
4 6
13 7
39 1
15 1
23 8
20 8
1 4
30 0
32 4
0 2
7 6
15 5
2 9
43 0
12 7
28 8
36 1
14 8
5 2
16 6
6 1
22 0
25 2
29 1
15 4
20 4
28 4
7 1
33 9
20 2
15 7
28 6
28 2
32 5
9 9
42 6
42 1
22 3
20 0
0 4
2 3
6 6
1 1
14 0
30 4
14 3
0 8
2 2
29 5
9 1
2 7
40 3
35 4
24 9
33 2
20 5
13 0
42 0
9 8
24 3
38 3
5 7
42 8
32 8
11 4
10 3
22 9
39 3
7 0
24 8
21 6
3 4
18 5
39 9
30 7
9 6
1 3
23 4
37 0
31 2
28 1
4 3
4 9
37 1
16 5
3 3
41 5
16 8
30 5
36 0
27 7
15 0
29 7
33 6
31 8
31 7
1 7
13 3
1 6
21 7
32 6
21 0
30 1
41 7
42 9
22 2
28 9
38 2
36 4
23 0
14 2
33 8
30 2
14 5
37 5
10 2
2 4
18 7
39 8
15 9
11 0
3 2
5 0
11 7
16 7
6 3
34 5
34 0
29 4
21 5
40 8
28 7
10 7
40 5
32 2
19 2
19 1
33 1
29 3
43 4
12 4
36 9
39 5
4 4
32 9
30 8
38 0
33 4
13 1
22 7
24 1
7 4
38 1
7 5
5 9
6 8
36 5
25 0
3 0
4 2
23 9
41 2
37 8
38 5
43 2
31 6
1 5
27 6
13 2
33 5
4 7
22 6
37 2
3 8
18 3
40 2
7 7
15 2
9 3
29 2
0 9
19 3
36 3
39 4
25 3
5 3
23 3
31 3
27 8
38 8
9 7
41 8
35 3
30 6
27 4
37 3
10 9
18 6
0 7
37 6
18 8
19 6
12 5
38 4
38 6
19 9
43 3
34 3
24 6
41 4
10 5
8 3
25 4
11 5
27 3
0 6
34 7
9 4
31 5
15 8
11 6
23 7
5 8
30 9

