400
9 0
13 1
4 2
36 9
7 5
22 6
9 1
12 5
29 4
15 0
7 1
27 5
24 0
19 8
33 4
31 4
0 3
7 8
25 3
7 4
25 7
1 8
27 1
34 2
14 9
0 9
22 0
4 6
3 7
23 9
16 8
10 3
44 6
43 0
21 1
27 7
11 7
1 1
16 9
21 2
2 5
5 5
17 6
32 3
17 5
28 1
32 0
25 1
43 8
15 4
40 9
37 5
1 0
12 0
36 0
18 4
20 6
1 5
21 4
31 1
4 8
18 9
23 3
31 9
21 5
15 2
8 6
10 0
24 7
32 2
11 2
28 9
6 1
39 1
22 2
33 6
41 7
11 1
2 4
11 6
39 9
15 6
24 8
39 5
10 4
6 4
38 7
9 3
30 0
7 6
29 3
13 3
19 2
1 4
0 2
19 1
18 5
41 8
2 9
33 5
3 0
12 2
12 1
41 1
13 4
40 3
36 1
5 0
1 7
13 9
4 0
38 3
32 1
4 9
34 6
37 9
22 3
38 5
6 7
17 3
27 4
43 5
28 8
11 9
30 7
42 6
31 5
29 9
15 1
14 3
27 9
12 6
1 2
41 6
12 4
21 9
32 5
13 7
38 9
19 5
26 8
1 6
15 5
15 7
18 2
38 8
37 8
41 4
40 8
2 1
24 4
2 3
3 2
35 4
10 6
3 6
18 8
3 4
28 2
7 0
0 8
30 1
13 6
27 2
6 6
19 7
42 9
6 8
37 1
22 8
23 4
36 3
18 0
5 6
13 5
21 7
18 6
9 7
4 1
22 1
2 8
25 8
39 4
29 0
38 4
16 2
25 6
23 5
6 9
21 0
0 7
5 8
24 1
34 9
14 2
37 6
23 1
38 0
17 2
29 1
42 4
20 4
4 4
0 1
24 9
2 2
39 7
14 6
40 2
22 5
25 9
21 6
33 1
5 3
27 0
16 4
6 3
19 6
5 1
33 0
8 4
42 3
12 8
30 2
20 5
14 1
35 7
41 3
35 0
10 9
25 2
4 5
14 0
31 0
44 8
4 3
8 3
14 7
3 8
13 8
30 4
30 3
43 9
1 3
34 0
10 8
38 6
32 4
41 5
1 9
42 7
16 6
15 3
33 2
20 0
38 2
34 1
33 3
5 9
42 1
14 5
3 3
6 5
14 8
25 5
19 0
34 7
40 0
40 7
27 6
11 8
18 7
16 7
21 3
0 6
2 7
24 6
20 8
10 1
36 7
15 9
23 2
22 9
39 2
19 4
28 0
20 2
29 8
6 2
42 5
34 5
7 2
43 4
20 7
33 8
9 9
0 0
41 2
25 0
31 7
33 7
18 3
10 5
16 0
14 4
40 5
27 8
4 7
7 7
3 5
9 2
31 2
18 1
16 1
12 3
37 4
0 4
19 9
36 5
5 4
32 9
42 8
42 0
25 4
43 1
23 7
38 1
22 4
40 1
16 5
33 9
21 8
11 5
31 8
39 6
37 2
20 9
36 2
30 8
29 5
13 2
28 6
0 5
23 6
10 2
8 5
37 7
29 6
24 2
23 8
12 7
5 2
22 7
42 2
28 3
43 2
30 9
7 3
11 3
9 4
20 3
24 3
34 3
19 3
34 8
39 8
28 7
36 8
39 3
31 6
28 4
31 3
7 9
2 6
32 7
30 6
32 8
43 6
30 5
40 4
32 6
3 9
37 3
27 3
36 6
36 4
24 5
16 3
34 4
29 7
43 3
40 6
43 7
11 4
9 5
9 8
9 6
10 7
15 8
12 9

