400
36 4
29 6
11 5
24 8
32 4
11 2
39 1
3 8
11 4
24 4
21 2
31 4
43 4
21 8
30 2
43 3
34 8
2 1
5 6
19 8
7 5
37 7
28 7
29 9
29 7
31 8
25 7
19 4
11 3
27 9
4 6
15 1
24 2
39 9
34 6
39 0
36 0
1 9
42 6
33 4
41 4
34 1
42 0
19 6
39 4
27 7
41 9
41 8
39 6
42 3
37 8
13 9
20 3
5 4
11 6
14 8
40 1
32 2
5 3
41 6
32 7
3 4
21 5
25 0
16 1
7 1
29 3
21 4
19 7
32 8
15 4
24 9
3 9
10 5
21 1
16 2
0 6
23 7
0 4
14 3
5 0
13 0
13 4
29 4
25 1
16 0
18 5
27 5
22 8
31 0
13 1
40 2
1 6
34 9
33 1
36 6
28 5
5 8
32 1
38 9
2 2
28 9
0 5
15 9
30 6
20 5
42 2
23 2
33 8
10 1
40 7
4 8
1 5
29 0
15 3
28 4
14 7
5 7
34 3
34 7
35 9
28 2
2 9
33 2
30 9
23 6
3 2
40 4
37 3
19 2
27 0
21 0
10 2
14 9
6 4
39 5
10 0
30 8
30 4
25 4
12 0
9 1
15 0
38 1
38 4
43 5
21 9
5 9
38 6
30 1
42 5
10 3
28 0
16 6
0 7
42 1
28 1
38 0
6 8
23 3
36 9
33 7
43 2
20 4
23 5
29 8
24 3
15 7
31 3
38 3
12 5
31 1
24 5
19 9
22 6
31 7
31 9
2 8
20 7
22 0
1 8
24 1
0 9
41 5
5 2
36 2
4 7
14 2
33 3
27 1
3 3
37 6
37 9
16 5
27 3
27 6
7 0
13 5
39 7
23 8
18 1
2 7
33 6
25 9
36 3
11 8
28 8
43 8
23 9
2 5
43 7
43 1
22 4
12 6
23 4
19 5
30 5
0 0
23 1
27 2
24 7
16 8
22 9
18 4
9 3
14 1
10 8
3 6
21 7
1 0
22 1
15 6
12 1
12 4
38 2
7 4
11 9
7 9
9 0
2 0
15 5
40 5
36 1
11 1
14 4
29 5
31 5
20 2
13 6
13 3
4 0
37 1
6 5
18 9
19 0
14 5
43 0
32 9
19 1
16 9
37 2
20 0
20 1
39 3
41 0
41 1
0 1
33 5
7 2
25 5
31 6
18 3
9 5
20 6
40 6
34 0
37 4
3 7
20 8
6 3
18 6
37 0
0 3
12 9
14 0
16 7
37 5
16 4
2 6
0 8
24 0
41 7
12 8
30 0
9 9
42 7
13 7
40 8
32 3
43 6
19 3
31 2
9 6
1 1
42 4
22 7
4 2
14 6
2 4
42 8
32 6
42 9
10 6
20 9
10 7
25 6
7 7
24 6
21 6
13 2
43 9
21 3
40 0
30 7
18 8
39 8
25 8
36 5
10 9
27 4
1 4
6 1
11 0
23 0
36 7
29 1
6 7
6 9
18 0
32 5
10 4
1 2
41 3
25 2
3 0
7 6
4 4
12 2
33 0
13 8
40 9
5 1
9 7
28 3
9 4
34 2
6 0
32 0
28 6
38 7
33 9
18 7
9 8
12 7
12 3
6 6
36 8
4 1
3 1
34 4
7 8
4 3
25 3
38 5
22 2
34 5
39 2
9 2
0 2
7 3
41 2
3 5
15 2
11 7
29 2
6 2
15 8
22 5
27 8
18 2
22 3
4 5
2 3
5 5
4 9
40 3
1 3
30 3
1 7
16 3

