400
12 4
1 6
32 5
9 8
24 6
6 2
2 4
33 5
19 4
9 4
28 2
16 4
18 4
28 5
37 4
25 3
15 8
25 1
14 9
28 8
1 8
33 7
33 3
31 6
3 7
11 5
0 7
32 4
27 3
15 4
33 9
9 1
15 2
13 6
28 4
19 0
30 0
31 9
21 9
34 4
5 1
41 0
1 0
29 9
34 6
40 7
11 9
40 8
22 9
11 3
10 5
0 8
39 3
38 4
32 6
23 8
40 1
21 2
24 3
36 4
14 7
23 4
30 8
22 0
43 0
39 0
1 3
9 0
12 7
33 8
6 4
12 9
41 6
2 5
15 1
2 2
10 9
39 7
7 4
0 3
0 2
7 0
10 4
1 1
18 1
1 2
6 5
12 8
42 8
3 0
43 1
27 2
43 9
18 9
34 1
13 4
36 8
27 5
28 0
19 6
23 2
14 6
38 5
23 9
38 9
21 5
13 9
37 8
16 5
4 1
19 3
19 5
29 8
40 2
36 3
5 4
9 7
41 7
32 7
2 7
35 0
27 0
9 9
22 2
15 9
38 6
12 1
0 4
42 3
40 6
12 0
0 0
24 0
29 6
0 1
9 5
3 1
20 8
1 4
4 4
10 1
39 4
16 0
42 4
40 4
25 8
19 1
0 6
20 9
34 0
7 8
13 7
36 2
4 9
6 7
32 3
36 1
33 6
24 8
9 3
24 9
27 7
18 2
21 4
3 8
36 5
18 7
36 9
3 3
16 3
25 5
33 1
1 5
39 9
11 8
28 7
3 4
6 8
22 3
38 0
30 6
2 1
30 9
18 5
29 2
4 2
23 7
20 0
14 4
4 3
38 3
36 0
25 4
14 5
37 3
6 9
12 6
18 8
20 7
29 5
6 1
37 7
7 6
2 6
13 3
23 5
15 5
39 5
36 6
10 8
42 7
13 1
38 1
2 9
30 4
41 8
16 8
7 9
28 1
2 8
36 7
0 5
1 9
22 1
6 3
21 1
34 5
42 9
21 3
29 0
23 1
16 1
42 1
43 4
41 2
20 6
9 6
3 9
20 1
28 6
40 5
4 5
11 1
9 2
24 1
34 9
20 5
19 2
11 4
41 3
16 9
7 1
22 5
39 6
14 1
41 5
13 0
10 6
33 4
23 6
13 2
12 2
12 3
29 3
4 0
11 0
41 1
14 8
7 2
27 8
18 6
40 3
11 7
6 0
15 6
18 0
20 4
30 7
12 5
28 3
5 9
31 0
7 7
41 9
25 9
1 7
31 5
31 4
25 0
3 5
23 0
4 7
43 8
5 3
11 6
29 7
43 7
19 8
34 3
6 6
30 3
20 2
40 9
37 1
32 1
19 7
15 0
42 2
24 4
32 8
3 6
37 6
29 1
16 6
37 5
25 6
0 9
37 9
22 6
43 2
27 6
14 3
10 0
44 7
5 5
7 5
30 1
38 8
4 6
24 7
28 9
33 0
5 0
42 0
18 3
37 0
21 7
22 4
21 0
5 8
27 4
33 2
2 3
37 2
14 0
21 6
43 6
10 2
32 0
43 5
27 9
29 4
5 7
31 3
27 1
3 2
40 0
14 2
32 9
7 3
5 6
25 7
13 5
10 3
10 7
42 6
39 8
31 1
39 1
41 4
24 2
22 7
34 7
4 8
30 2
30 5
34 2
39 2
38 2
32 2
25 2
31 8
31 2
15 7
16 2
2 0
24 5
11 2
21 8
5 2
15 3
22 8
43 3
42 5
19 9
23 3
38 7
16 7
31 7
20 3

