400
2 4
30 9
28 5
36 5
36 4
31 0
25 4
6 5
40 4
14 1
6 2
31 4
38 4
9 5
14 6
33 3
43 5
9 1
15 9
14 8
42 8
7 7
34 7
30 6
13 7
20 8
30 7
33 4
25 3
4 9
43 9
14 4
10 2
20 9
43 6
12 2
27 1
42 0
40 9
3 4
12 4
1 1
3 0
2 6
39 6
15 7
41 9
29 8
23 9
4 3
20 5
22 5
42 3
18 4
16 9
32 6
33 1
39 1
43 3
11 6
30 3
20 4
24 8
19 0
36 0
40 0
2 3
2 9
29 3
31 5
4 4
14 0
7 6
28 8
34 1
20 2
28 6
5 7
9 4
38 3
31 2
5 1
42 1
19 4
41 1
23 6
24 5
23 5
1 5
5 0
43 1
28 0
9 6
16 2
36 1
19 2
25 5
15 5
27 0
28 4
23 2
34 9
41 8
7 2
4 6
1 8
36 2
18 5
12 5
16 1
0 3
12 8
5 5
14 2
16 3
7 4
40 7
23 3
32 3
21 7
41 6
40 2
36 6
39 2
0 9
3 9
11 0
27 4
34 3
27 2
13 0
13 1
15 2
25 9
39 4
25 8
24 0
2 8
41 4
23 4
33 0
29 4
12 0
0 4
28 1
38 8
6 9
27 6
18 2
22 0
41 5
25 7
43 2
34 6
32 7
31 3
18 1
5 9
36 8
9 3
19 9
4 7
5 2
11 4
33 8
40 8
15 3
43 7
22 3
7 3
2 5
30 1
10 9
37 9
34 8
3 7
33 9
4 5
18 7
38 1
37 5
3 1
42 6
21 8
10 1
34 2
20 7
38 2
15 6
36 3
11 3
30 0
7 9
32 8
5 3
33 6
21 6
0 5
38 7
33 5
24 1
11 7
29 9
3 6
19 3
13 8
4 8
19 5
33 2
30 8
34 4
20 1
15 4
28 9
10 4
23 8
15 8
19 6
25 1
34 5
39 7
30 5
42 9
13 4
24 3
6 1
27 8
31 9
23 7
16 0
23 1
21 9
12 1
30 4
0 0
39 9
1 9
24 6
11 1
22 4
39 5
7 8
15 1
1 2
6 4
16 5
14 5
39 0
27 9
41 3
36 9
7 1
13 5
1 6
2 0
19 8
21 0
4 2
22 1
25 2
7 0
31 1
6 3
27 3
34 0
22 2
18 0
0 8
9 2
29 5
13 9
13 3
43 8
6 6
12 6
29 0
37 4
36 7
6 8
14 3
24 9
6 0
29 7
5 6
5 4
0 7
10 5
42 4
37 0
39 8
10 0
6 7
5 8
3 3
38 6
41 7
33 7
40 6
37 3
22 6
39 3
28 2
11 9
4 1
1 4
27 7
2 2
32 0
24 4
7 5
10 6
20 0
18 9
22 9
40 5
29 6
12 9
31 6
38 9
41 2
18 6
12 3
29 1
2 7
3 8
22 8
42 5
38 5
37 1
12 7
9 9
43 0
25 0
0 1
14 7
15 0
31 7
23 0
1 0
10 8
16 4
37 2
21 3
41 0
38 0
14 9
10 7
32 2
32 1
9 8
20 6
43 4
9 7
20 3
32 4
3 2
2 1
42 2
0 6
22 7
37 6
37 7
16 8
16 7
1 7
32 9
37 8
19 1
21 1
40 1
11 8
19 7
24 7
18 8
11 2
27 5
0 2
29 2
4 0
13 2
21 2
3 5
16 6
28 7
30 2
9 0
31 8
21 5
11 5
24 2
28 3
25 6
1 3
32 5
13 6
40 3
10 3
21 4
42 7
18 3

