400
5 4
28 9
12 5
6 5
36 4
15 2
38 4
23 5
32 4
20 4
36 2
21 4
16 4
31 5
20 9
24 3
1 5
13 1
42 6
15 5
20 5
23 7
11 7
40 6
2 7
20 8
40 7
7 1
7 3
0 9
25 6
31 4
30 2
2 9
38 9
13 2
10 0
39 1
9 6
24 4
13 4
41 0
27 1
27 4
37 6
33 3
12 6
29 5
13 9
0 3
43 5
27 8
41 3
22 4
0 0
3 8
22 1
14 0
1 3
9 2
5 1
9 1
38 5
6 0
7 0
36 0
14 3
25 9
23 3
25 5
6 4
41 9
31 9
7 8
41 1
16 2
5 6
1 7
11 4
40 3
37 1
34 2
19 4
42 4
23 1
3 6
4 5
10 5
21 5
27 0
43 1
6 2
7 6
40 9
19 1
24 2
36 5
37 8
19 0
6 9
19 2
41 6
43 4
21 9
24 0
18 8
43 9
22 6
34 8
15 1
3 7
7 5
28 5
37 2
9 3
37 4
25 7
33 7
3 3
0 7
2 6
37 0
21 0
20 2
10 4
29 4
10 2
34 4
38 7
32 9
42 0
40 0
31 2
18 9
40 1
22 8
10 1
5 8
18 4
33 4
0 1
38 1
16 0
7 4
33 1
24 8
5 9
30 6
21 6
33 0
33 8
15 7
33 2
42 9
15 3
28 3
31 1
24 6
38 8
42 3
23 9
37 3
27 2
28 4
30 8
21 8
24 7
9 7
38 3
6 3
0 5
21 1
39 5
22 9
40 5
34 7
12 9
16 5
12 7
34 0
9 5
14 1
11 9
9 8
14 2
16 1
28 7
32 0
32 3
39 3
29 3
3 9
23 6
42 8
18 3
33 9
38 0
15 8
31 7
12 8
4 1
14 7
34 6
14 6
16 3
23 8
24 5
34 5
30 9
41 5
6 7
3 1
4 4
13 6
25 4
28 8
42 5
27 6
30 1
23 2
20 7
40 2
39 9
41 4
25 3
28 1
30 5
27 9
30 7
39 0
25 1
4 6
29 1
0 4
28 2
29 6
11 6
43 6
15 0
1 6
14 8
36 8
32 1
5 2
23 4
32 5
40 8
18 0
16 6
22 3
3 0
24 1
2 8
36 9
31 0
22 5
2 1
7 9
1 4
36 6
43 2
32 2
11 1
19 3
11 0
11 2
30 0
27 5
18 2
6 8
33 6
20 3
10 8
16 9
38 6
25 0
3 4
5 7
11 8
20 1
4 9
23 0
21 7
18 6
24 9
42 7
13 5
39 4
0 6
19 5
36 1
10 7
18 5
4 3
2 0
13 3
32 7
39 8
2 3
9 4
5 3
39 2
28 6
18 1
12 4
22 7
2 2
21 2
42 1
19 9
20 6
19 6
15 6
14 4
31 8
1 9
11 3
6 6
31 6
22 2
37 9
34 3
5 0
17 3
4 8
25 8
11 5
1 8
15 9
27 7
43 0
9 0
13 0
6 1
37 7
20 0
19 7
10 6
4 0
2 5
30 4
7 2
27 3
28 0
1 1
29 9
13 7
3 2
12 0
41 8
14 9
2 4
4 7
36 3
15 4
29 2
1 0
42 2
10 9
36 7
34 9
21 3
0 8
43 7
30 3
9 9
37 5
34 1
12 1
40 4
29 8
7 7
16 7
13 8
41 2
16 8
1 2
25 2
29 0
10 3
38 2
5 5
39 6
41 7
12 2
0 2
43 8
32 8
3 5
4 2
43 3
33 5
12 3
19 8
32 6
22 0
18 7
29 7
39 7
31 3

