400
34 4
43 9
37 5
16 5
32 6
12 0
40 4
5 5
34 1
19 4
14 1
30 4
9 4
21 8
28 2
31 3
29 8
5 1
3 6
3 8
32 5
16 7
12 7
18 6
5 7
38 9
42 7
14 4
39 3
36 9
7 9
33 4
24 2
20 4
22 6
15 2
27 0
11 9
23 2
29 4
0 4
37 0
5 0
18 2
13 9
25 7
24 9
36 5
15 6
5 3
24 5
33 5
32 3
28 4
4 0
1 5
10 1
34 2
10 3
12 1
10 7
32 4
10 5
23 0
20 0
40 0
4 3
34 9
19 7
42 5
16 4
32 9
0 6
22 5
7 1
33 1
43 6
43 7
43 4
21 3
5 2
33 2
31 4
1 4
36 1
14 6
6 8
9 5
33 8
16 0
38 1
14 2
42 9
6 6
19 1
31 9
43 8
3 5
16 1
16 6
42 0
7 6
34 8
10 0
33 6
23 5
18 9
40 5
38 5
15 1
13 3
41 8
11 8
12 2
9 3
42 4
40 7
4 4
1 3
23 7
8 9
0 2
9 9
1 2
2 6
12 9
40 2
27 4
38 7
42 6
1 0
34 0
27 2
5 9
15 4
25 8
28 0
22 8
24 1
12 4
4 1
40 1
2 0
41 4
2 4
32 8
30 9
39 4
16 9
41 0
4 8
30 7
21 2
28 9
31 7
38 3
42 1
20 6
37 8
16 3
28 6
21 7
9 2
24 4
2 8
13 8
39 7
2 9
15 3
28 3
5 8
41 1
29 5
25 9
27 5
15 7
41 6
19 5
25 3
0 0
12 5
31 1
11 4
0 9
31 2
15 0
9 7
39 2
7 7
11 3
36 3
38 6
31 6
21 5
18 3
19 9
9 6
30 5
20 7
2 5
6 1
2 7
10 6
29 9
14 3
31 8
36 8
25 5
1 9
40 8
0 7
27 1
22 4
13 6
23 1
42 8
10 8
4 9
28 1
28 8
18 7
41 5
36 0
36 4
34 3
3 1
4 5
6 9
22 3
9 0
1 1
22 9
18 1
13 4
32 1
39 6
21 6
5 6
29 0
10 9
15 5
7 5
37 1
6 0
18 4
0 5
20 5
42 2
30 2
30 3
37 6
30 1
19 8
20 9
7 0
12 8
20 1
7 2
25 4
40 6
18 0
32 0
29 3
19 3
14 0
31 0
13 0
7 8
32 2
43 5
0 1
3 3
15 8
19 6
40 9
11 1
3 4
20 3
30 8
24 3
39 9
30 0
33 7
24 6
1 6
32 7
23 8
6 4
29 6
14 5
24 0
28 7
18 5
33 3
33 0
24 7
6 7
28 5
0 3
27 9
12 3
43 2
36 6
2 1
37 4
1 7
29 2
12 6
5 4
39 5
7 4
33 9
15 9
21 9
30 6
43 0
13 7
23 6
34 6
38 2
25 6
39 0
13 1
41 7
6 5
1 8
11 5
9 8
14 9
41 3
3 9
37 2
9 1
21 1
37 7
21 0
23 3
25 0
25 1
24 8
38 4
41 2
2 3
22 2
3 0
21 4
27 3
20 2
22 0
16 8
11 6
10 4
3 7
7 3
29 1
6 2
11 0
10 2
41 9
27 7
27 6
22 7
18 8
34 7
6 3
4 6
0 8
39 1
43 1
22 1
31 5
23 4
29 7
14 8
4 2
27 8
25 2
16 2
19 0
13 2
2 2
20 8
11 2
14 7
3 2
36 2
13 5
34 5
37 9
19 2
43 3
23 9
42 3
38 8
38 0
40 3
4 7
36 7
11 7
37 3

