1 896277 137.875000 15 2 12 1
2 917704 153.391000 6 1 5 0
3 866050 153.422000 6 1 5 0
4 974932 150.234000 15 2 11 2
5 795147 151.187000 10 0 10 0
6 403449 151.453000 16 1 14 1
7 903241 150.953000 11 1 9 1
8 756708 142.312000 15 4 10 1
9 900966 139.454000 15 5 10 0
10 727918 137.828000 14 1 13 0
11 513397 138.203000 16 2 14 0
12 949536 139.031000 7 2 5 0
13 949475 137.563000 16 5 9 2
14 761596 143.047000 8 4 4 0
15 935068 140.750000 9 1 6 2
16 618931 141.329000 6 1 4 1
1 542131 136.249000 11 1 9 1
2 910639 138.282000 13 3 9 1
3 885517 128.609000 13 0 13 0
4 920466 127.656000 8 4 4 0
