400
23 4
24 9
11 5
27 8
16 6
39 2
5 4
20 5
16 1
7 4
7 2
18 4
4 1
41 8
43 4
5 1
14 5
2 1
14 6
21 8
25 8
7 7
0 7
30 6
29 7
23 5
1 7
25 4
16 3
7 9
39 6
4 4
40 2
37 9
31 4
6 2
37 0
21 9
10 2
23 1
6 4
36 0
3 1
19 2
14 9
27 7
2 4
24 8
6 9
4 3
43 5
40 5
18 3
12 1
16 0
7 5
13 1
41 2
39 3
10 9
4 7
10 4
4 9
19 0
34 0
40 1
5 3
23 9
13 7
4 5
13 4
2 9
39 9
18 5
22 1
0 0
0 6
11 3
22 4
9 3
31 0
4 2
30 1
28 4
19 1
15 2
37 8
16 8
21 4
29 0
20 1
14 0
41 1
7 6
10 1
6 6
29 8
42 8
13 0
0 9
20 2
38 6
28 5
29 6
5 6
21 5
9 6
0 5
25 5
15 1
15 7
34 8
3 5
14 2
31 3
29 4
40 7
39 7
32 7
20 7
20 6
0 1
22 9
23 2
19 6
23 6
9 2
27 4
21 7
28 9
32 0
22 0
36 2
31 9
12 4
1 8
43 0
27 5
14 4
15 4
43 1
33 4
24 0
9 4
20 4
2 5
5 9
40 6
11 2
33 1
33 8
36 7
29 2
28 1
38 3
13 3
29 1
4 6
19 5
23 3
34 9
31 7
5 2
1 4
28 8
4 8
19 7
18 6
33 3
27 3
38 8
42 1
36 5
13 6
9 5
25 3
28 6
30 8
30 7
4 0
39 8
18 1
32 6
12 8
25 2
30 2
6 7
1 2
12 9
34 3
6 3
30 9
36 6
24 5
10 3
38 9
7 0
7 8
2 7
5 5
37 1
22 7
24 6
19 9
30 3
12 5
5 8
0 8
32 9
22 5
24 7
24 1
34 4
41 0
19 4
36 8
14 8
11 9
9 1
43 6
16 7
22 8
0 4
41 4
14 3
31 1
16 5
22 6
41 7
28 0
7 1
16 9
39 1
37 4
15 0
31 6
38 4
12 6
9 0
3 6
13 5
15 5
1 1
38 0
3 4
38 5
42 5
0 2
27 9
36 3
9 9
27 1
32 5
36 9
23 0
39 5
36 1
42 9
32 1
28 2
34 2
2 2
0 3
1 3
6 1
3 2
10 0
11 8
22 2
1 5
33 9
15 3
23 8
3 9
15 9
20 0
30 4
9 7
3 8
42 3
37 6
27 0
11 7
41 9
33 6
3 7
9 8
32 4
2 6
15 8
1 0
3 3
43 8
29 3
27 6
42 7
43 3
18 8
12 3
42 6
20 3
18 2
13 9
21 1
11 4
37 7
32 2
29 9
42 4
6 5
25 6
11 6
25 9
40 0
10 5
1 9
40 4
10 6
41 6
42 2
18 0
24 3
3 0
5 7
37 5
33 5
6 8
10 8
15 6
25 7
34 6
12 2
38 1
21 0
18 7
30 0
28 7
43 9
2 0
37 2
16 4
39 0
41 3
13 2
14 1
6 0
25 0
43 2
5 0
34 5
21 6
36 4
33 7
28 3
24 4
27 2
11 0
24 2
25 1
10 7
1 6
34 7
31 5
43 7
38 7
40 9
13 8
34 1
11 1
39 4
31 8
19 3
14 7
32 8
16 2
29 5
21 2
33 2
31 2
40 3
42 0
41 5
20 9
23 7
33 0
12 0
20 8
40 8
2 8
38 2
32 3
19 8
37 3
30 5
18 9
7 3
22 3
12 7
21 3
2 3

