400
21 4
28 6
19 5
40 5
36 6
6 2
12 4
33 8
6 4
41 1
32 2
13 4
20 4
1 5
6 9
15 3
30 9
12 1
42 6
40 6
1 8
28 7
12 7
33 0
11 7
34 5
38 3
24 4
22 3
27 6
22 9
40 1
28 2
33 6
36 9
25 2
43 0
10 6
36 2
31 1
25 4
14 0
18 0
19 2
39 9
19 4
33 4
15 8
0 9
34 1
2 8
20 5
18 3
41 4
37 9
0 8
1 1
41 2
40 3
41 6
27 3
4 1
23 8
2 1
16 0
27 0
14 3
19 9
37 7
20 8
30 4
39 0
14 6
11 5
16 1
12 2
38 6
29 7
38 4
20 3
11 2
34 0
27 1
31 4
9 1
1 4
5 5
0 5
39 5
9 0
15 1
29 2
12 9
16 6
36 1
23 2
34 8
7 5
1 0
29 6
38 2
18 9
30 8
31 9
34 9
36 8
15 6
37 5
32 5
11 1
27 7
42 8
33 5
27 2
37 1
34 4
10 3
0 7
23 4
38 7
26 9
40 2
41 9
21 2
9 9
24 0
33 1
15 4
5 3
1 9
0 0
18 1
37 2
11 9
13 1
41 5
7 0
14 5
42 1
39 4
31 0
7 4
32 0
16 4
38 1
15 5
42 4
14 9
3 6
6 0
18 8
42 7
2 2
13 0
19 3
23 3
3 1
13 6
31 8
41 3
7 9
23 7
21 0
22 4
24 5
13 5
16 7
40 7
9 3
16 3
21 8
10 1
27 8
30 6
10 8
6 7
22 6
12 5
20 7
20 0
32 8
24 1
4 9
22 8
33 2
9 2
36 3
3 0
9 7
34 3
37 3
4 6
29 9
42 2
24 3
32 6
24 6
16 8
32 7
39 8
32 1
24 7
25 6
34 6
11 3
7 8
21 5
37 8
24 2
23 5
21 7
30 1
32 4
37 6
4 4
6 5
25 5
14 4
5 1
12 8
13 7
25 8
24 9
43 4
7 3
22 1
36 5
5 9
31 7
10 0
6 1
16 9
20 1
37 4
16 2
27 9
21 6
43 9
11 0
42 9
30 5
11 8
43 1
4 2
9 4
38 5
42 5
13 2
15 9
0 3
39 6
29 1
3 8
25 9
25 0
4 5
30 0
11 6
0 4
0 6
29 0
20 2
39 3
29 3
12 0
4 0
36 0
9 8
1 2
38 8
28 9
43 3
19 8
28 4
43 6
19 0
3 4
4 7
27 5
33 3
6 6
2 0
14 7
41 0
29 4
5 7
18 5
10 4
12 6
9 5
40 0
33 7
28 8
6 3
19 6
18 7
41 7
10 5
21 3
18 6
35 3
10 2
23 9
25 1
18 4
1 7
14 2
31 6
5 4
29 5
21 9
7 6
11 4
2 4
31 5
37 0
3 3
20 9
3 9
3 2
2 6
25 3
28 0
28 3
5 8
22 5
43 5
4 8
9 6
19 7
13 9
22 2
5 0
39 1
39 7
19 1
2 7
40 9
0 1
24 8
36 4
0 2
30 3
15 0
42 0
38 9
33 9
30 2
22 0
1 6
23 0
40 4
7 7
1 3
14 1
31 2
21 1
34 2
23 6
36 7
5 6
3 7
41 8
30 7
22 7
20 6
6 8
28 1
7 1
27 4
29 8
2 3
34 7
16 5
18 2
28 5
39 2
38 0
43 2
4 3
15 2
3 5
10 9
43 7
7 2
23 1
40 8
32 9
31 3
5 2
13 3
43 8
42 3
13 8
2 9
32 3
25 7
15 7
10 7
12 3

