400
23 4
28 6
6 5
13 5
25 4
36 1
31 4
37 5
19 1
7 4
25 2
19 4
4 4
4 8
25 9
22 3
20 8
11 1
38 9
4 5
36 8
23 3
40 3
4 9
13 7
2 5
5 7
25 1
16 3
19 9
20 6
43 4
39 2
4 6
15 9
24 0
28 0
34 4
14 0
20 4
15 4
43 0
16 1
30 6
22 0
4 3
43 9
15 8
27 4
42 3
0 5
20 5
30 3
32 4
13 9
12 5
22 1
19 2
19 3
1 9
21 7
12 4
7 2
13 1
23 1
37 0
18 3
33 6
23 7
34 5
41 4
39 6
19 6
5 9
41 1
11 2
6 9
5 3
22 4
3 3
18 2
36 2
3 4
7 1
38 1
16 9
10 5
31 8
32 5
36 0
29 1
41 2
7 9
18 6
21 1
42 6
0 8
27 8
39 0
2 9
28 2
21 9
37 8
30 1
24 6
14 6
27 9
5 8
40 8
9 1
4 7
28 5
6 8
1 2
43 3
0 4
43 7
31 7
25 7
37 3
29 9
9 2
42 9
2 2
37 9
7 6
42 2
6 4
18 7
30 0
11 0
25 0
16 0
18 4
1 1
7 5
12 0
13 8
28 1
30 4
0 0
11 4
41 0
10 4
14 4
22 8
13 6
10 9
23 6
38 0
30 5
28 7
40 1
30 9
30 7
17 1
2 1
24 9
42 8
15 3
42 0
39 7
38 2
5 4
1 5
0 6
20 7
24 7
11 3
33 3
11 8
5 1
28 8
37 6
27 5
7 7
9 6
21 5
2 3
20 1
21 8
24 1
33 9
24 5
22 2
23 2
14 7
4 2
9 7
38 3
12 3
24 4
36 6
2 8
0 3
1 6
31 6
32 8
3 7
7 8
10 1
41 7
34 6
29 6
31 3
38 5
19 5
24 8
0 9
30 8
1 7
3 1
37 4
31 0
36 4
29 5
34 8
22 9
12 1
31 5
21 3
15 6
42 4
9 4
28 3
15 1
41 8
18 9
40 7
34 0
32 1
41 9
14 1
21 4
4 0
41 6
32 2
18 0
27 0
20 0
41 5
42 5
18 1
33 2
28 4
22 5
9 8
21 2
14 9
29 3
40 9
33 1
19 8
9 9
27 1
23 8
3 0
34 1
39 4
23 9
27 2
7 0
33 0
39 3
21 0
24 2
1 0
18 5
16 2
5 5
5 6
1 3
25 8
3 6
2 6
19 0
2 4
6 3
33 5
27 3
10 6
13 0
32 7
43 6
11 6
32 3
40 5
40 4
11 9
3 5
15 0
34 3
43 5
14 3
25 6
27 7
12 7
25 5
20 3
34 9
36 3
34 2
29 4
42 1
6 1
29 7
14 2
30 2
1 4
12 8
20 9
12 9
31 9
36 9
43 8
6 6
19 7
21 6
40 2
43 2
3 9
25 3
6 0
10 3
16 8
11 5
33 8
14 5
28 9
15 7
39 9
4 1
29 0
32 0
11 7
0 1
37 7
32 6
9 0
29 8
13 4
5 2
24 3
31 2
37 1
12 6
16 7
0 2
10 0
15 5
27 6
16 4
38 7
13 3
38 4
13 2
23 0
2 0
38 6
6 7
16 6
10 7
1 8
0 7
33 4
32 9
16 5
39 1
43 1
31 1
39 8
36 7
2 7
10 8
29 2
39 5
40 0
12 2
37 2
20 2
15 2
23 5
40 6
33 7
6 2
3 2
18 8
3 8
9 5
10 2
41 3
36 5
7 3
38 8
22 6
5 0
42 7
22 7
34 7
9 3

