400
6 4
3 6
19 5
7 6
33 6
18 2
36 1
10 5
10 1
37 4
32 0
36 4
7 1
29 8
22 9
16 3
23 5
16 1
23 9
9 8
27 8
27 7
22 7
28 0
32 3
43 5
23 7
14 4
31 3
9 0
16 9
20 1
5 2
40 9
43 9
16 2
0 0
39 6
21 6
40 4
15 4
4 0
7 0
15 2
40 6
6 7
22 6
19 8
38 6
9 3
18 8
25 5
7 3
13 4
10 9
40 8
29 1
11 2
24 3
28 6
7 7
33 4
14 8
18 0
0 1
14 0
6 3
9 6
42 1
31 5
19 4
2 6
23 6
32 5
9 1
9 2
16 4
30 7
43 4
12 3
18 1
27 0
42 4
9 4
37 1
28 9
12 5
6 5
16 5
43 1
24 1
19 2
22 1
37 9
30 1
39 2
33 5
9 5
3 1
30 6
40 2
25 9
21 8
15 6
34 6
12 8
21 9
31 8
22 8
32 1
4 3
10 8
4 8
6 2
43 3
34 1
0 7
28 7
14 7
11 7
26 6
30 2
5 9
37 2
37 6
31 4
34 2
21 4
39 3
29 4
29 0
15 0
25 1
18 4
34 4
38 8
1 0
42 8
30 4
10 4
34 0
20 4
23 0
32 4
38 4
34 8
42 9
33 9
14 9
37 0
42 5
34 3
25 2
20 9
4 7
27 3
33 1
43 6
15 8
19 3
39 9
28 3
7 2
12 4
0 5
6 8
37 7
38 3
42 3
36 3
7 8
15 1
11 5
3 9
39 5
33 7
25 0
13 6
31 7
3 0
5 8
11 1
13 9
38 5
6 0
33 0
20 7
41 2
36 7
5 3
29 3
39 4
36 6
20 5
14 3
25 6
2 9
37 8
41 7
43 8
12 1
41 4
6 6
4 6
33 3
13 8
28 8
37 5
0 9
20 8
1 7
19 1
3 4
6 9
31 1
1 5
30 8
19 9
2 1
28 5
19 7
5 5
7 9
23 4
11 0
17 1
33 8
29 6
21 7
38 0
41 1
9 9
6 1
2 4
21 2
0 6
12 2
36 9
4 1
24 9
3 5
18 5
1 1
28 2
24 4
4 9
7 5
1 2
4 4
20 3
18 6
27 1
24 8
42 6
36 0
2 8
20 0
32 9
1 4
27 9
36 2
42 2
1 3
37 3
13 0
42 0
21 0
36 8
31 2
23 8
14 6
30 3
27 5
19 6
24 6
38 1
7 4
32 7
1 8
3 3
12 6
39 0
13 3
32 6
27 6
12 7
15 5
27 4
1 6
41 5
2 0
40 3
25 8
41 3
1 9
9 7
42 7
30 5
21 3
10 0
39 1
3 2
18 9
40 1
5 4
29 7
19 0
0 2
11 4
2 5
20 6
11 9
15 9
31 6
22 5
25 4
10 7
11 6
22 2
22 0
41 9
2 3
40 0
5 7
12 9
13 5
14 5
3 8
41 6
15 7
16 6
43 2
12 0
31 0
43 7
30 0
2 7
34 9
16 0
4 5
13 1
2 2
18 3
4 2
23 1
30 9
24 7
24 0
43 0
24 5
38 9
28 4
16 7
0 3
5 1
27 2
5 0
29 2
31 9
13 7
5 6
25 3
34 5
34 7
11 3
10 6
41 8
28 1
21 1
0 4
0 8
18 7
3 7
36 5
10 2
40 5
13 2
20 2
23 2
10 3
33 2
32 8
38 2
39 7
14 2
32 2
11 8
29 5
16 8
24 2
23 3
25 7
14 1
21 5
22 4
41 0
40 7
15 3
38 7
22 3

