400
37 4
41 9
34 5
42 8
24 6
16 2
30 4
14 5
36 4
9 4
5 2
27 1
20 4
2 8
5 6
37 3
3 8
41 1
4 6
18 8
20 5
2 7
5 7
2 0
20 7
40 8
33 7
5 4
23 3
36 9
13 4
14 1
39 2
29 6
12 9
40 0
19 0
16 6
14 2
32 4
41 4
12 0
42 0
42 2
23 9
23 7
7 6
41 8
31 4
24 3
0 5
12 6
18 3
24 1
23 6
5 5
11 1
23 2
34 3
40 6
13 7
15 4
4 8
6 0
25 0
3 1
27 3
22 6
13 3
25 5
15 1
40 9
33 6
27 5
0 1
1 1
33 0
41 7
27 4
33 3
13 2
43 2
24 4
21 4
2 1
25 9
28 5
38 8
16 8
43 0
42 1
15 0
3 9
30 6
13 1
9 6
40 5
18 5
18 0
43 6
31 2
0 6
33 8
25 6
31 6
13 8
33 2
31 5
10 8
10 1
1 7
31 8
6 1
39 0
39 3
40 4
25 7
34 7
3 7
40 7
26 9
33 1
16 9
36 2
39 6
38 6
30 2
19 4
29 7
10 6
37 0
22 0
23 1
13 6
34 4
9 8
28 1
6 8
18 4
31 1
32 0
18 1
10 0
1 4
25 4
7 5
14 6
6 9
4 2
0 0
7 9
43 7
40 1
24 9
32 3
20 3
12 1
28 6
0 8
29 3
19 6
14 3
41 2
42 4
22 5
39 5
30 7
21 1
28 3
4 3
19 5
39 1
37 2
6 6
30 5
10 7
22 4
36 5
21 7
22 1
21 5
16 1
15 9
20 6
29 2
10 2
15 3
12 2
14 7
1 3
22 3
38 0
30 9
21 2
10 3
2 9
37 9
16 5
11 7
36 8
7 1
19 7
27 9
1 9
21 3
12 5
27 8
38 5
22 9
41 5
42 7
29 1
14 4
19 9
38 4
11 5
2 5
36 6
38 1
28 8
43 3
3 5
2 6
2 4
25 3
20 1
23 8
6 4
37 7
16 0
30 1
27 6
32 1
43 4
1 0
5 9
18 6
0 9
11 0
34 0
9 5
20 8
36 1
18 2
4 1
21 8
18 9
25 2
3 6
30 3
11 6
9 1
6 5
38 9
13 0
30 8
43 1
33 4
39 4
4 9
27 2
34 2
5 3
9 3
9 0
0 2
31 0
14 8
28 2
33 5
33 9
40 3
22 8
20 9
37 6
41 0
5 1
12 3
15 8
36 3
28 4
30 0
7 7
31 9
7 4
2 3
25 8
16 4
42 9
24 5
29 0
4 7
32 8
11 3
34 9
9 7
28 7
29 5
21 0
34 6
26 1
1 2
41 6
19 1
12 4
38 3
9 2
32 9
29 4
12 8
11 9
10 9
21 6
13 9
7 8
32 6
6 3
21 9
15 6
7 2
28 9
42 3
20 0
35 7
42 5
39 8
5 8
11 8
11 4
38 7
1 6
2 2
24 0
36 0
6 7
5 0
12 7
0 4
7 0
32 5
23 4
3 2
19 3
15 2
3 0
14 9
22 7
32 2
27 0
24 8
3 4
34 1
39 7
0 3
4 4
11 2
4 0
23 0
39 9
24 7
29 9
36 7
43 8
32 7
18 7
9 9
10 5
37 1
25 1
10 4
1 5
27 7
0 7
4 5
20 2
37 5
38 2
22 2
14 0
6 2
19 2
19 8
43 9
31 7
40 2
24 2
29 8
13 5
15 5
28 0
41 3
34 8
3 3
37 8
42 6
31 3
16 3
15 7
16 7
7 3

