400
37 4
21 0
16 5
0 8
1 6
0 2
30 4
41 5
31 4
40 4
29 2
29 1
6 1
5 8
1 9
42 3
28 5
22 1
13 9
13 8
15 8
27 3
20 7
41 6
37 7
29 5
32 7
2 4
31 3
7 9
12 9
39 1
40 2
16 6
36 6
9 2
29 0
28 9
41 9
11 4
7 4
24 0
42 0
38 6
16 9
1 7
21 6
31 5
16 4
29 3
7 8
33 5
13 3
28 4
12 6
28 8
41 1
4 1
9 3
0 6
4 7
25 4
34 5
0 0
2 0
36 0
0 3
32 9
28 7
43 5
20 4
22 6
14 9
4 5
12 1
4 0
27 6
15 7
3 4
20 3
21 2
1 0
15 4
4 4
5 1
21 9
34 8
29 8
19 9
41 0
42 1
19 1
24 6
10 2
21 1
37 2
38 8
41 8
39 0
25 9
14 2
39 6
11 8
2 9
10 6
43 8
3 9
0 5
27 5
38 1
24 7
2 8
33 8
23 0
5 3
38 4
18 7
5 7
42 7
31 7
12 4
32 2
4 6
23 2
29 6
5 9
4 2
27 4
19 7
18 2
37 0
9 1
23 1
22 9
24 1
40 6
11 0
37 5
41 4
6 4
25 0
14 4
14 0
18 1
29 4
23 8
31 6
7 0
5 2
10 1
6 5
6 7
22 2
30 9
14 7
41 3
2 1
19 6
24 8
2 3
42 6
36 3
34 2
42 4
25 5
38 5
11 7
3 7
4 3
14 3
13 5
33 1
36 8
30 6
4 8
39 7
2 6
9 8
41 7
30 0
10 5
37 1
20 9
3 5
2 2
39 2
43 7
12 2
40 7
10 3
3 3
5 0
9 6
14 5
25 3
34 6
32 0
11 5
12 7
40 5
34 1
11 3
5 6
15 6
38 3
30 5
36 5
42 5
39 4
5 5
7 7
15 1
9 4
32 6
36 4
18 5
20 5
0 1
36 1
42 8
30 7
19 8
24 9
32 4
21 3
3 1
12 8
0 9
37 3
28 0
14 1
18 9
16 1
32 1
30 2
24 4
13 6
15 9
33 0
14 6
18 8
40 8
20 1
13 1
5 4
10 8
24 5
20 2
20 6
6 3
40 9
11 1
23 6
23 9
31 1
1 5
15 0
3 2
1 4
27 2
16 2
33 2
19 3
40 3
7 1
1 2
10 0
38 2
20 0
32 8
43 6
39 3
3 8
9 9
27 9
3 0
23 4
38 7
20 8
23 3
34 9
9 0
34 7
6 0
11 6
30 3
12 5
28 1
7 6
15 5
31 0
29 7
14 8
33 3
36 9
21 7
0 7
27 8
18 3
43 9
35 3
24 2
6 9
25 1
10 4
2 7
41 2
4 9
34 4
22 8
29 9
39 9
38 9
37 6
37 8
31 9
7 3
42 9
22 4
42 2
13 4
32 3
27 0
8 4
1 8
22 5
19 5
0 4
37 9
16 7
3 6
22 0
1 1
19 0
22 3
38 0
27 7
10 9
43 0
2 5
30 1
28 2
12 3
11 2
13 0
11 9
1 3
25 2
40 0
21 8
18 6
33 4
22 7
27 1
19 4
16 0
18 0
7 2
6 6
10 7
33 6
23 7
7 5
25 7
13 7
25 6
23 5
40 1
43 1
18 4
30 8
36 7
21 4
6 8
6 2
25 8
19 2
15 2
36 2
13 2
12 0
39 5
28 6
34 3
43 2
31 2
9 5
32 5
16 8
34 0
24 3
31 8
16 3
43 4
33 9
15 3
9 7
33 7
28 3
43 3

