317
17 7
24 7
13 30
4 6
1 30
23 48
8 48
7 53
3 52
11 49
16 48
22 45
17 11
11 12
23 14
6 3
15 12
3 30
18 19
7 30
21 0
1 53
13 1
2 14
16 30
7 18
11 3
18 1
23 8
1 20
17 30
20 31
13 18
2 24
12 13
6 1
3 6
0 15
4 3
0 16
1 23
15 2
0 26
5 25
8 13
13 4
15 32
11 23
3 32
17 47
23 46
14 45
2 46
22 46
1 46
7 50
6 16
2 16
21 11
7 16
8 2
0 32
3 4
17 32
13 19
16 47
12 10
11 0
8 32
12 1
17 15
16 16
2 4
11 18
5 32
22 33
3 28
18 10
1 19
7 1
13 25
10 11
1 8
4 24
0 22
6 18
2 28
13 21
7 9
3 1
23 34
16 13
21 34
1 49
17 52
8 46
11 51
13 53
2 45
14 51
18 20
8 29
23 10
21 9
10 19
0 34
15 8
5 34
2 3
12 49
4 5
16 26
18 34
8 1
11 28
12 7
22 26
17 3
13 34
0 35
7 6
21 14
1 15
23 23
6 22
17 19
9 19
8 5
23 20
9 3
13 12
12 29
13 0
14 1
15 36
2 29
21 36
11 47
3 44
7 46
8 53
1 48
17 51
4 50
1 2
3 13
21 25
6 24
22 21
10 36
18 28
7 36
16 14
13 46
12 3
2 10
3 36
2 23
22 14
6 7
1 26
16 19
23 36
17 37
8 4
3 8
12 4
21 7
11 8
4 4
2 21
7 11
4 0
16 2
9 28
9 20
11 24
14 0
3 38
15 0
23 38
7 49
17 45
13 47
8 52
2 48
22 51
16 51
11 1
3 14
13 20
22 9
20 12
15 38
23 5
7 38
18 18
6 44
1 0
12 0
18 38
7 17
12 22
17 18
23 12
21 10
22 38
0 39
11 17
16 0
6 15
6 5
8 26
5 6
12 9
2 13
17 5
13 29
3 10
8 15
13 3
14 23
3 40
7 29
15 40
1 44
17 50
11 44
23 47
22 48
8 47
2 47
4 2
17 25
21 2
8 7
15 23
12 40
6 28
0 40
3 2
18 53
5 3
11 2
8 40
2 15
18 9
17 27
21 1
3 18
6 40
22 41
11 13
13 17
16 17
7 28
12 19
2 6
8 17
11 26
9 6
9 26
11 7
0 14
8 9
24 11
3 42
2 0
15 42
14 44
23 53
7 45
13 48
22 44
1 47
11 45
16 3
22 0
18 27
23 22
2 26
12 42
0 9
7 42
1 4
17 53
21 13
6 4
22 42
18 12
11 10
23 15
6 27
17 4
1 42
12 43
7 4
2 19
16 25
21 22
8 27
4 1
11 5
4 11
3 19
22 12
14 10
5 2
9 44
18 44
12 53
20 50
19 45
10 44
5 44
6 51
0 46

