317
6 6
24 10
22 30
16 12
11 30
2 49
13 45
8 44
17 50
1 45
7 49
20 53
13 27
17 22
12 5
6 25
22 24
2 30
18 28
7 30
1 18
11 49
16 14
21 9
18 30
0 0
13 9
7 10
22 2
1 29
21 30
2 31
16 19
8 14
12 9
6 20
17 24
15 21
3 12
0 5
0 14
5 19
4 25
18 6
7 24
24 7
20 32
6 1
1 32
11 50
8 51
16 46
22 48
13 52
23 46
17 48
13 13
23 17
21 3
22 19
2 8
10 32
12 0
7 32
16 29
18 49
6 11
1 6
3 32
8 1
22 13
17 21
21 27
7 25
23 32
10 33
13 20
16 22
0 4
18 26
2 26
0 8
2 9
5 2
7 13
6 9
5 27
16 10
6 14
16 4
23 34
1 27
8 34
11 48
2 48
12 45
7 53
22 46
21 53
17 45
3 5
1 23
0 6
17 0
20 24
18 34
13 23
5 34
2 24
23 50
10 24
8 21
22 34
6 15
11 15
23 11
1 15
7 12
21 34
17 35
8 29
2 25
3 25
12 4
16 5
4 28
1 20
2 20
4 20
2 29
0 15
2 5
2 12
20 2
23 36
6 3
8 36
22 50
7 46
12 52
13 46
16 45
21 46
11 52
16 1
13 21
21 16
11 0
22 9
3 36
18 4
0 36
12 20
17 44
8 19
6 2
11 36
8 7
3 18
13 5
2 19
22 21
16 36
17 37
7 3
6 28
21 12
12 14
1 24
6 26
6 17
3 23
3 6
17 26
1 22
4 1
7 20
24 0
12 38
2 16
20 38
6 44
8 45
22 44
1 44
11 51
23 53
16 49
12 10
21 5
2 18
3 27
22 0
10 38
17 9
7 38
13 4
18 47
1 28
6 21
0 38
1 13
8 6
11 6
7 7
12 25
23 38
15 39
22 11
2 28
6 12
18 2
3 24
14 24
3 13
4 24
2 15
5 22
7 22
0 2
2 2
24 29
20 40
1 17
8 40
23 51
11 45
6 47
13 49
7 52
16 44
17 52
16 15
13 10
2 10
12 27
20 6
22 40
1 8
5 40
11 9
3 51
18 20
8 10
16 40
3 15
23 7
6 8
8 11
13 2
2 40
10 41
17 18
7 4
21 11
18 16
1 11
7 26
0 17
4 19
5 6
0 1
0 19
9 23
17 15
13 0
8 42
2 21
20 42
6 50
12 44
16 53
22 51
7 48
11 44
1 49
3 14
8 28
1 12
11 19
17 5
22 42
2 23
5 42
16 16
12 50
14 1
0 16
2 42
2 14
11 20
3 22
6 5
18 13
12 42
22 43
7 8
1 5
16 13
8 8
21 0
22 14
9 0
5 1
5 17
5 13
4 6
1 21
4 53
19 49
5 44
10 44
3 48
18 44
0 51
14 44
15 44

