317
16 28
5 0
7 30
11 20
12 30
4 44
6 46
18 48
20 45
1 46
3 48
21 47
6 3
13 17
7 21
22 28
20 1
3 30
23 12
0 30
12 26
11 48
9 4
16 16
22 30
23 5
21 18
6 21
7 12
1 15
16 30
17 31
13 26
2 26
3 23
12 14
6 6
0 18
13 7
21 21
15 21
0 9
11 7
4 25
6 8
5 14
20 32
16 1
18 32
12 47
13 46
3 44
7 46
2 45
11 50
1 53
13 8
6 14
12 2
4 24
17 15
22 32
16 17
7 32
1 14
11 49
21 9
2 17
12 32
8 23
21 27
17 21
7 13
11 6
1 32
2 33
18 10
11 26
16 29
23 22
22 27
21 22
24 3
23 2
13 19
10 29
20 10
14 8
7 0
5 27
18 34
1 13
11 34
21 52
6 44
8 52
3 49
16 46
13 51
2 47
18 24
6 0
23 28
21 23
10 19
2 34
20 4
7 34
16 12
22 45
12 25
1 26
1 34
6 23
11 4
23 3
16 11
12 5
13 34
2 35
8 15
18 11
2 16
21 29
17 10
15 29
3 21
0 1
1 1
1 12
8 25
24 19
2 27
1 24
5 36
8 1
3 36
21 49
11 45
12 52
7 47
16 49
13 45
18 47
13 18
12 1
7 17
2 28
18 22
20 36
3 15
22 36
1 2
8 50
10 14
6 28
11 36
7 22
1 0
21 5
18 16
13 16
8 36
15 37
22 10
8 21
6 4
12 11
2 0
13 23
15 17
9 18
2 21
7 14
6 7
8 7
8 26
1 3
5 38
7 15
3 38
12 48
16 48
18 51
21 45
13 50
20 48
2 49
18 18
2 10
8 20
21 13
3 0
15 38
17 23
12 38
23 19
11 51
1 7
7 5
2 38
13 25
8 24
7 24
17 4
16 20
21 38
22 39
3 6
12 24
18 5
11 17
1 5
6 24
21 26
6 10
9 8
2 24
14 20
2 7
1 8
19 0
3 40
18 20
20 40
2 46
5 46
6 52
13 52
12 51
11 52
8 44
13 9
6 12
12 9
11 0
2 5
8 40
24 27
15 40
1 21
7 45
22 5
23 18
11 40
23 13
3 26
2 9
6 15
1 19
18 40
7 41
17 3
12 16
13 24
22 25
16 9
12 8
7 26
5 22
5 13
3 2
9 2
5 9
11 1
5 1
7 42
12 23
3 42
13 53
1 50
18 49
6 45
21 53
16 50
2 44
12 19
6 18
16 21
1 17
2 18
13 42
0 20
17 42
11 3
15 50
7 3
8 6
21 42
11 16
2 1
8 4
17 29
11 5
1 42
22 43
6 16
7 18
13 20
12 7
18 9
9 29
1 11
0 22
11 13
7 27
12 29
4 6
23 52
15 44
17 44
14 44
24 46
10 44
0 48
9 51
22 44

