317
8 20
6 1
15 30
14 16
20 30
11 44
7 46
2 49
17 49
18 52
22 51
1 53
16 20
21 15
2 18
18 12
0 27
8 30
3 4
22 30
17 29
7 44
13 0
11 15
2 30
1 1
3 2
7 8
23 10
22 0
13 30
10 31
18 14
8 24
16 3
17 3
8 2
13 11
4 18
20 16
14 17
14 27
22 20
20 4
6 25
8 0
20 32
18 0
22 32
14 46
1 50
7 49
16 45
2 44
17 44
11 50
18 24
9 0
17 27
1 28
22 17
3 32
12 19
5 32
2 4
21 48
15 8
13 5
13 32
7 29
23 24
16 25
17 1
12 13
24 32
0 33
3 1
11 9
4 0
13 2
21 0
15 3
15 5
10 6
18 1
10 22
3 29
10 13
6 12
11 10
20 34
23 7
15 34
17 47
22 50
1 44
14 45
13 46
8 50
2 45
18 9
21 14
1 18
6 29
23 26
13 34
3 23
7 34
22 10
0 48
16 23
12 21
22 34
7 10
21 19
6 16
13 3
12 4
19 34
2 35
17 11
23 29
3 5
18 26
8 29
16 0
1 29
2 2
15 25
2 7
15 16
10 21
2 13
6 20
16 36
1 0
13 36
11 51
15 44
23 45
22 53
7 45
18 44
8 47
16 17
12 25
18 10
1 4
2 8
10 36
9 9
20 36
7 4
17 53
13 28
5 2
18 36
22 24
6 14
11 29
2 28
17 10
3 36
7 37
1 10
3 15
12 15
23 28
16 12
0 10
4 1
20 22
3 17
4 27
12 6
5 6
7 12
18 5
20 38
1 22
15 38
11 46
23 53
17 46
6 52
13 44
2 47
8 49
11 4
21 25
2 15
6 0
7 19
23 38
3 19
12 38
17 26
22 44
1 9
16 19
8 38
6 8
2 12
17 16
11 28
3 7
1 38
22 39
16 6
12 8
7 1
7 17
21 20
14 24
9 28
10 24
12 29
11 6
11 23
1 13
6 26
14 14
20 40
7 5
22 40
16 53
17 51
15 46
11 52
2 52
1 45
8 53
21 18
22 11
6 2
11 12
15 10
8 40
13 20
2 40
17 8
0 53
18 6
7 20
24 40
2 9
7 18
17 12
6 7
8 25
18 40
10 41
22 1
1 15
21 17
13 9
16 7
15 29
0 2
8 27
19 26
1 12
3 6
8 26
13 21
20 5
7 42
2 23
15 42
6 45
22 45
23 48
11 53
1 49
14 44
17 52
8 7
21 5
12 23
6 5
0 21
10 42
5 14
22 42
16 24
3 50
2 14
18 25
12 42
18 15
7 25
1 11
22 18
8 11
6 42
17 43
13 22
3 14
16 28
11 24
21 7
1 25
0 17
1 17
14 11
14 13
13 27
1 23
12 47
0 45
9 44
5 44
10 49
19 51
3 49
4 44
24 48

