317
2 16
9 1
12 30
8 7
18 30
11 53
23 51
17 46
6 51
0 50
4 44
7 44
17 24
7 21
6 24
23 20
12 16
15 30
21 26
0 30
11 13
8 46
18 8
3 26
8 30
3 28
12 10
6 2
7 4
18 2
4 30
22 31
21 2
11 11
13 13
16 2
6 29
8 20
4 14
14 25
1 25
18 24
19 13
16 13
12 14
19 16
8 32
18 3
0 32
17 53
2 45
11 47
6 45
7 47
23 53
13 45
22 20
12 24
11 2
8 14
17 1
5 32
1 4
2 32
7 26
14 50
16 3
21 15
23 32
1 6
16 9
2 27
3 10
12 6
21 32
5 33
8 11
11 18
22 21
17 26
13 25
20 28
10 5
4 20
10 3
5 9
14 5
18 12
11 1
23 23
0 34
12 29
18 34
7 49
2 48
9 53
17 47
8 45
6 53
13 44
1 9
17 10
11 21
13 18
8 0
15 34
6 3
2 34
7 15
12 53
21 29
24 27
6 34
16 14
3 27
17 4
1 26
8 8
12 34
20 35
2 17
7 13
21 3
13 24
18 25
0 3
10 8
20 16
3 16
24 28
8 18
20 24
11 20
7 2
18 36
23 10
3 36
6 46
1 47
8 49
13 53
17 52
9 45
0 53
1 14
18 26
6 16
22 6
15 10
8 36
17 18
10 36
3 0
23 44
13 27
2 26
13 36
3 6
6 7
18 14
11 14
16 25
2 36
20 37
17 17
12 0
8 4
1 29
7 29
4 23
14 6
10 15
3 8
13 10
7 20
23 8
2 24
9 2
0 38
6 6
3 38
18 53
17 49
11 50
19 48
12 48
8 48
7 50
3 2
7 28
8 28
6 0
0 8
17 38
16 4
10 38
2 23
22 49
13 23
23 27
8 38
16 16
21 28
7 8
12 13
3 17
13 38
22 39
18 27
6 9
1 15
17 28
2 29
7 11
21 17
1 27
18 19
0 11
20 20
6 28
11 16
4 5
8 40
6 22
0 40
19 49
18 47
2 44
23 50
17 48
12 46
13 48
16 11
2 14
17 5
8 2
10 10
12 40
7 14
22 40
18 18
6 48
1 22
3 3
11 40
23 7
8 6
18 21
6 11
22 15
3 40
12 41
7 1
1 7
17 12
5 8
2 10
1 5
19 7
0 24
22 7
11 29
2 21
4 0
6 1
4 2
2 42
7 3
0 42
12 49
17 50
9 48
13 52
18 49
8 44
11 44
16 29
0 1
7 10
2 2
12 12
8 42
11 26
17 42
3 7
6 50
1 1
22 16
7 42
16 20
3 1
6 4
17 25
18 16
5 42
22 43
12 2
21 11
8 23
13 3
0 2
3 14
14 4
10 21
12 28
5 22
18 9
4 1
5 44
21 44
16 44
24 44
15 44
14 44
20 44
10 44
22 45

