317
21 5
6 18
18 30
3 19
1 30
11 49
4 44
8 45
5 52
13 51
12 50
9 51
17 13
2 0
7 19
11 29
18 1
22 30
16 0
12 30
1 17
8 47
3 14
10 9
3 30
2 7
7 6
1 14
13 23
12 10
11 30
22 31
21 20
8 21
17 15
16 20
6 9
2 3
16 3
20 29
0 19
15 9
2 28
0 8
12 28
13 26
5 32
2 16
18 32
8 49
16 45
3 51
1 44
4 52
9 48
21 44
16 17
8 12
1 19
6 10
17 0
20 32
24 21
10 32
3 13
14 53
2 14
7 17
17 32
3 28
12 3
6 6
8 24
18 27
1 32
20 33
23 10
7 20
16 2
2 1
11 22
18 28
6 8
22 29
4 28
4 26
0 27
4 19
3 20
19 2
11 34
4 18
20 34
2 46
13 53
8 48
16 50
1 48
18 52
6 49
2 6
6 13
1 11
8 23
17 6
3 34
11 7
22 34
16 23
21 51
7 2
12 5
17 34
21 22
22 17
23 20
6 16
16 27
13 34
7 35
11 15
1 21
0 4
2 5
18 18
8 14
13 16
5 6
1 16
4 23
16 21
13 1
2 11
21 14
5 36
20 5
18 36
16 44
11 52
12 49
1 45
3 49
13 46
8 44
13 13
8 26
7 0
12 14
10 6
15 36
6 21
2 36
22 28
23 44
1 0
18 26
23 36
22 18
13 18
3 7
8 28
7 8
11 36
15 37
2 12
1 6
18 3
12 12
6 28
5 7
16 25
9 6
2 24
1 5
2 25
24 11
21 26
5 13
3 38
12 0
8 38
11 46
18 50
16 47
1 49
13 52
2 44
6 48
6 19
7 1
11 5
18 24
13 2
20 38
3 6
0 38
17 22
12 46
8 3
23 28
7 38
1 15
3 16
12 25
16 5
21 11
13 38
17 39
11 27
8 18
22 16
6 25
2 2
20 27
24 25
10 3
10 27
0 13
5 1
5 2
16 15
5 15
3 40
21 12
18 40
6 46
2 50
11 44
12 48
13 45
8 46
1 46
13 7
3 27
12 1
17 29
15 1
10 40
23 2
7 40
1 12
22 49
21 13
18 23
21 40
16 9
2 13
6 17
3 15
17 10
13 40
22 41
7 10
8 2
1 13
12 15
11 26
1 3
13 3
15 21
1 4
14 8
5 18
3 18
3 0
9 0
20 42
11 0
18 42
6 52
1 51
2 45
16 49
12 44
8 50
4 49
3 21
17 2
8 11
22 1
18 21
23 42
14 1
5 42
11 17
21 50
2 10
13 28
1 42
1 9
18 5
21 19
2 18
7 5
17 42
22 43
11 12
13 17
3 1
12 4
6 22
4 4
19 18
20 25
1 25
12 11
11 2
10 12
23 45
14 44
7 45
24 50
22 51
17 47
10 44
0 47
15 44

