317
1 8
10 1
20 30
7 17
8 30
11 45
22 48
12 44
3 44
16 48
18 52
6 44
18 2
12 2
16 11
11 4
8 0
22 30
6 16
2 30
1 15
13 46
17 17
7 28
11 30
13 12
3 9
12 7
21 24
7 12
16 30
22 31
18 12
8 18
17 29
6 7
2 1
6 10
13 0
0 12
14 4
2 9
7 24
13 1
22 17
20 0
8 32
12 6
15 32
7 53
23 48
21 51
3 45
1 52
11 52
6 51
11 26
16 27
13 9
21 7
17 3
0 32
8 9
22 32
2 24
5 50
3 26
4 21
4 32
1 1
3 17
11 15
21 3
12 4
17 32
5 33
8 4
11 20
16 14
13 29
22 5
5 28
10 10
7 9
12 9
10 3
16 3
9 25
12 26
10 17
20 34
11 7
15 34
1 47
3 52
18 44
23 46
7 46
8 49
6 46
17 14
7 16
1 27
8 24
20 21
18 34
16 15
22 34
6 4
11 44
13 2
2 22
12 34
21 27
18 16
23 1
8 21
16 24
13 34
2 35
1 2
22 20
11 9
7 23
17 18
1 22
14 7
7 20
9 17
1 0
5 9
9 21
3 24
7 0
10 36
18 28
8 36
23 47
16 47
12 45
6 52
1 51
22 49
21 47
8 11
21 22
1 23
12 29
22 7
2 36
11 24
15 36
6 18
18 48
13 10
7 21
6 36
2 21
7 6
11 12
16 5
17 7
1 36
12 37
22 8
18 4
3 19
8 19
21 15
16 28
0 8
6 6
9 5
2 0
1 24
0 0
1 5
10 0
15 38
7 14
20 38
11 49
18 45
22 44
6 45
23 45
3 49
12 52
1 13
21 1
7 4
12 21
3 29
5 38
8 23
17 38
23 16
13 51
16 26
2 14
8 38
3 12
13 5
17 24
6 17
16 4
11 38
22 39
2 18
7 26
1 16
21 0
18 23
5 18
0 5
12 22
12 16
24 29
11 29
10 12
6 0
10 16
15 40
11 27
20 40
7 44
23 49
1 45
18 53
8 48
22 50
3 47
1 20
13 24
7 10
11 2
15 22
8 40
6 14
22 40
3 13
12 53
17 15
21 8
7 40
6 24
23 17
13 22
12 25
16 1
1 40
17 41
3 7
11 13
21 2
8 1
2 16
3 6
5 12
5 19
14 23
8 16
1 28
6 15
3 27
12 5
15 42
7 7
10 42
8 52
23 44
1 50
18 49
6 47
21 49
20 48
21 20
8 29
3 21
13 23
18 21
5 42
2 20
22 42
17 26
16 50
7 13
11 0
7 42
7 3
21 12
16 29
11 3
23 8
17 42
0 43
13 3
18 22
6 12
3 18
22 15
4 6
4 11
4 25
4 20
23 19
1 18
5 24
5 45
24 45
4 44
14 44
17 44
0 44
2 45
19 44
13 47

