317
8 20
13 20
10 30
3 17
5 30
1 44
2 49
21 52
23 49
22 46
17 51
7 48
16 3
2 14
23 29
6 1
20 20
3 30
12 18
7 30
22 16
1 47
18 10
11 0
20 30
6 10
1 6
22 13
3 3
12 11
2 30
17 31
7 16
16 22
21 23
11 15
16 26
3 26
4 21
2 26
4 23
2 22
3 28
7 5
2 8
8 8
20 32
13 2
10 32
6 45
22 50
23 50
3 50
5 44
1 45
18 52
16 2
6 17
11 11
21 14
22 10
18 32
17 7
2 32
12 2
1 53
7 0
13 15
23 32
2 20
3 16
16 24
6 12
21 16
12 32
17 33
11 20
1 10
13 4
23 23
8 18
0 16
0 5
4 2
2 18
1 20
14 27
14 14
7 10
5 0
10 34
1 22
20 34
3 48
8 44
6 51
2 52
18 45
23 44
22 47
1 7
2 19
21 9
3 29
22 25
18 34
13 28
7 34
6 3
14 51
11 14
17 11
2 34
7 3
11 17
18 25
1 4
13 6
23 34
15 35
8 3
3 8
12 23
22 23
6 29
21 22
11 25
3 6
2 27
14 29
1 29
7 1
1 23
23 11
5 36
8 26
10 36
7 50
18 53
21 51
3 52
13 51
17 52
2 51
6 5
10 3
1 15
11 12
20 25
17 36
8 7
2 36
7 27
22 44
12 12
16 18
21 36
22 22
16 8
7 19
11 24
6 9
1 36
12 37
3 1
3 23
8 24
18 0
17 12
4 8
14 16
4 20
9 22
6 14
0 3
7 14
2 11
10 27
20 38
22 9
7 38
6 52
23 51
11 44
13 44
1 48
3 45
5 45
6 19
7 21
8 23
16 0
22 26
18 38
11 10
12 38
1 25
17 50
3 24
21 12
2 38
7 11
13 26
8 4
1 17
11 6
22 38
17 39
6 0
21 8
16 12
16 10
3 7
6 18
11 9
2 21
5 14
21 13
0 21
4 15
21 27
20 23
10 40
1 21
2 40
13 49
23 47
5 52
18 50
6 48
8 49
17 53
3 0
1 16
2 25
21 17
8 0
17 40
16 17
12 40
6 24
11 52
22 28
7 7
1 40
11 4
8 13
13 3
12 9
18 28
22 40
15 41
2 12
7 15
6 13
3 4
23 4
22 7
0 4
3 9
7 24
5 21
1 24
8 11
17 18
10 0
5 42
11 16
1 42
23 52
8 53
21 44
7 46
18 51
3 44
22 48
23 28
6 21
2 10
8 6
20 26
13 42
4 13
17 42
1 27
16 49
12 29
11 13
22 42
2 7
16 13
7 18
3 20
6 20
8 42
12 43
11 19
23 6
1 26
21 6
17 0
14 9
9 25
9 7
5 1
6 7
13 29
1 28
12 44
4 44
16 44
19 44
15 44
24 44
14 44
9 44
0 48

