1 1 38.219000 25848 1515 1045 488 3000 17000 2800
2 1 35.172000 28574 1544 1059 471 7000 16500 2000
3 1 34.516000 25767 1532 1062 473 6000 15500 1200
4 1 35.905000 32687 1705 1109 473 11000 16500 1900
5 1 35.516000 28941 1393 1235 513 6000 17000 2800
6 1 34.547000 24620 1700 1150 470 5000 14000 2300
7 1 34.953000 26137 1529 1219 489 4000 16500 2400
8 1 36.406000 26462 1476 898 488 7000 14500 2100
9 1 36.391000 24184 1514 1293 477 6000 12500 2400
10 1 38.719000 28807 1579 939 489 8000 15500 2300
11 1 35.875000 31530 1574 1082 474 10000 16000 2400
12 1 37.031000 30242 1526 942 474 8000 17000 2300
13 1 38.000000 27837 1694 1197 446 9000 13500 2000
14 1 35.031000 27158 1665 1209 484 8000 13500 2300
15 1 35.438000 24032 1529 1047 456 3000 16000 2000
16 1 36.922000 25760 1560 1026 474 4000 16000 2700
17 1 37.187000 33013 1581 1181 451 11000 16500 2300
18 1 36.266000 23674 1556 950 468 4000 14500 2200
19 1 35.703000 26330 1641 1011 478 7000 14500 1700
20 1 36.218000 34780 1689 1037 454 10000 18500 3100
21 1 36.375000 25902 1719 986 497 6000 15000 1700
22 1 37.235000 23333 1551 1080 502 4000 13000 3200
23 1 37.906000 31227 1555 1188 484 9000 16000 3000
24 1 36.047000 30705 1577 1058 470 8000 16500 3100
25 1 37.702000 24171 1609 1081 481 3000 15500 2500
26 1 36.657000 26379 1610 1191 478 6000 14500 2600
27 1 37.500000 26184 1641 1280 463 6000 14000 2800
28 1 36.500000 28108 1617 920 471 7000 15000 3100
29 1 36.875000 21048 1571 1062 515 2000 14000 1900
30 1 37.015000 27108 1459 1078 471 7000 14000 3100
