317
16 8
14 13
18 30
3 0
5 30
8 44
23 50
2 52
12 53
7 48
13 45
1 46
7 9
16 0
3 20
17 22
18 25
10 30
9 14
22 30
1 21
21 48
8 27
13 12
2 30
1 1
17 15
3 9
8 3
7 21
15 30
10 31
21 11
6 3
16 17
13 19
18 29
0 13
12 7
13 17
3 4
18 2
2 5
11 22
3 24
15 4
22 32
2 17
18 32
14 45
7 44
6 46
16 45
8 52
1 47
13 52
22 4
18 27
2 14
7 28
23 16
5 32
21 13
12 32
8 15
17 51
11 0
1 20
21 32
12 17
8 6
23 13
3 1
13 15
1 32
5 33
17 16
2 13
16 3
21 24
22 10
5 7
5 0
7 17
1 23
4 4
0 10
8 26
3 7
19 22
22 34
2 8
5 34
14 47
8 51
13 48
18 44
7 49
1 45
12 44
21 12
2 23
8 16
7 4
22 19
12 34
6 29
15 34
3 6
11 44
4 27
1 5
8 34
22 15
16 7
7 22
17 27
13 4
9 34
10 35
3 18
18 6
21 0
2 21
23 29
17 28
7 27
9 26
9 12
24 13
16 12
15 11
8 14
23 10
5 36
14 1
18 36
22 45
7 52
13 51
1 44
16 49
3 50
12 46
1 28
16 22
13 10
22 7
7 29
2 36
14 26
10 36
17 24
21 53
18 14
6 2
22 36
6 5
11 17
12 0
13 5
16 10
7 36
2 37
17 8
1 2
18 4
21 7
23 3
0 15
8 21
3 27
8 8
4 12
5 3
4 10
8 7
14 0
18 38
13 11
15 38
1 50
23 51
2 46
6 49
12 51
7 46
22 46
23 0
11 4
6 10
22 27
17 13
12 38
2 4
7 38
1 10
14 44
21 23
16 18
17 38
12 24
11 15
7 26
1 26
22 13
21 38
2 39
8 4
18 15
6 8
6 25
23 27
6 1
5 10
11 5
20 17
21 25
15 18
9 18
7 12
14 25
5 40
8 0
15 40
13 44
23 48
3 44
2 45
1 48
18 46
22 44
1 8
18 28
16 9
17 7
20 2
3 40
6 27
22 40
2 29
11 45
8 25
12 18
7 40
21 4
1 19
8 9
16 26
6 26
13 40
2 41
11 3
18 16
17 1
20 11
12 9
5 17
6 0
2 16
24 2
5 8
15 28
8 28
3 23
12 27
13 42
23 20
5 42
8 50
19 49
15 44
1 52
18 53
7 51
2 44
8 10
6 20
1 4
18 17
23 14
3 42
16 24
20 42
2 0
11 47
17 21
13 8
18 42
16 23
7 10
1 25
3 2
8 5
23 42
15 43
22 16
11 12
2 12
6 22
13 22
1 22
8 17
2 19
5 12
22 5
16 14
0 12
17 45
20 51
9 47
0 45
4 44
24 46
10 50
11 49
21 49

