317
22 16
24 4
20 30
3 11
12 30
17 44
18 52
6 47
2 49
11 47
1 44
23 47
21 10
20 0
23 23
16 10
2 23
10 30
8 29
17 30
6 8
1 51
7 8
13 2
5 30
21 21
3 22
22 0
13 18
15 28
2 30
6 31
1 14
17 17
11 4
12 15
23 22
1 25
3 12
14 20
13 14
13 24
6 23
21 27
23 20
13 6
20 32
18 26
2 32
24 46
7 46
1 48
6 46
22 53
8 53
11 50
7 7
22 27
8 9
23 24
0 18
5 32
2 6
10 32
21 5
18 46
17 22
19 16
1 32
18 1
3 26
6 29
12 24
8 13
23 32
15 33
2 26
6 3
21 7
7 16
11 28
21 20
1 0
2 11
0 2
9 14
14 10
14 19
18 8
22 23
20 34
12 0
23 34
13 44
3 44
11 44
7 53
8 47
6 53
17 50
3 29
23 25
13 26
7 6
20 3
8 34
12 29
15 34
18 15
22 49
10 10
2 1
11 34
16 18
21 16
17 13
13 16
23 15
6 34
0 35
8 23
18 4
2 12
3 24
12 8
6 9
18 13
0 6
20 8
10 27
4 14
11 10
1 9
18 2
2 36
11 26
22 36
6 51
24 53
12 45
13 45
8 44
21 50
7 48
3 19
1 13
2 15
23 28
12 21
20 36
22 18
7 36
6 7
11 51
16 6
19 28
6 36
7 1
1 5
2 9
8 21
22 7
13 36
15 37
12 12
12 18
3 10
23 16
21 25
1 2
14 8
3 17
24 23
14 12
21 4
19 10
8 8
3 15
12 38
18 0
20 38
11 45
6 45
22 46
17 51
1 45
2 51
23 53
1 12
13 22
6 18
8 11
10 21
17 38
21 14
22 38
2 22
4 52
16 0
7 26
7 38
23 8
3 3
6 25
22 9
1 27
2 38
15 39
13 1
21 0
12 11
12 6
18 24
0 29
14 0
7 5
5 15
7 28
5 18
8 27
18 17
20 4
7 40
1 3
21 40
12 48
2 53
23 50
3 45
11 53
6 44
13 53
21 17
11 6
2 8
3 9
8 0
5 40
17 20
12 40
7 29
22 48
16 16
1 16
18 40
6 12
2 20
12 10
22 24
3 25
23 40
15 41
11 12
8 24
7 19
21 9
1 21
16 15
16 7
9 5
22 28
14 2
13 15
4 2
2 0
13 4
20 42
23 11
11 42
17 53
7 45
6 52
22 50
18 45
1 47
8 50
2 14
22 11
3 1
6 2
8 1
23 42
12 9
17 42
1 8
11 48
10 20
16 17
2 42
2 29
13 10
18 29
22 22
12 14
9 42
5 43
23 19
8 14
1 28
11 14
16 20
1 7
15 19
6 11
23 17
15 11
1 20
1 10
19 46
0 50
9 53
15 44
5 53
14 45
4 44
10 51
16 53

