317
17 18
24 28
12 30
3 0
20 30
23 52
18 50
7 49
6 45
11 49
0 46
1 44
23 9
2 2
6 11
1 8
12 9
10 30
22 6
17 30
7 25
16 49
21 10
3 11
23 30
12 2
11 13
2 7
6 6
1 15
22 30
7 31
21 3
18 13
3 24
16 15
13 3
22 25
14 24
3 29
14 1
14 9
22 17
20 4
12 1
20 8
0 32
16 17
17 32
6 53
13 45
21 45
3 52
11 46
10 53
7 50
1 28
2 16
7 0
3 9
10 9
15 32
8 5
12 32
17 25
22 50
23 14
18 5
2 32
21 5
18 3
17 23
11 29
1 1
7 32
22 33
12 25
17 6
6 28
3 28
13 0
22 24
10 17
11 6
1 24
16 13
0 4
5 18
12 19
20 0
10 34
13 14
0 34
23 53
21 46
7 53
17 47
16 46
6 52
18 51
1 17
21 15
7 19
11 5
17 29
23 34
8 8
2 34
16 26
22 45
15 27
13 15
18 34
11 19
2 23
1 25
7 10
16 28
13 34
22 35
8 10
12 26
17 3
6 17
21 1
15 29
5 24
24 17
21 27
13 29
24 7
18 27
20 17
7 2
12 36
21 29
23 36
3 48
6 50
10 48
18 44
1 52
11 48
17 53
3 18
4 0
6 16
17 17
12 7
18 36
23 13
0 36
22 16
21 47
16 14
8 12
22 36
21 11
6 27
1 0
16 0
2 29
11 36
17 37
12 24
23 15
3 4
8 14
7 9
2 1
24 11
14 25
16 10
0 14
9 24
7 23
17 7
24 24
12 38
1 4
20 38
7 45
0 45
16 53
23 48
6 46
11 44
10 52
12 29
6 25
22 22
23 0
20 12
10 38
19 12
15 38
2 3
8 44
18 12
1 10
8 38
17 10
16 3
13 28
21 23
18 24
22 38
2 39
12 10
6 20
23 4
7 17
1 18
19 21
5 13
15 22
19 3
20 16
4 1
7 3
6 22
20 21
23 40
11 3
0 40
18 49
16 44
17 52
13 44
7 46
21 49
3 53
21 19
17 9
18 18
16 24
7 24
5 40
2 8
12 40
3 20
11 47
1 26
23 12
9 40
16 29
7 1
12 27
11 4
22 1
18 40
2 41
8 6
1 22
21 6
17 22
6 0
21 0
16 4
12 11
1 3
22 14
1 2
21 4
17 11
20 1
0 42
7 8
12 42
16 47
23 50
6 51
21 52
24 45
3 50
18 48
21 21
7 20
12 18
22 27
3 7
8 42
2 9
17 42
13 16
1 51
11 27
16 25
7 42
1 21
18 25
13 20
11 7
8 21
6 42
22 43
0 5
12 21
21 2
16 18
2 18
5 0
7 18
24 29
12 14
6 5
3 13
7 29
9 44
2 50
22 46
14 46
4 44
5 44
8 45
19 45
15 46

