317
23 28
14 24
8 30
5 0
18 30
13 49
20 51
3 53
16 51
21 50
12 44
22 46
21 26
17 25
3 10
7 20
8 2
12 30
18 18
22 30
6 17
11 46
1 22
2 27
16 30
18 14
8 3
21 15
6 21
12 1
3 30
0 31
23 23
11 27
7 0
17 14
13 24
0 15
10 7
6 24
24 6
8 16
22 10
14 4
18 8
19 18
20 32
22 27
13 32
3 47
2 47
16 49
23 53
1 44
12 46
8 47
22 3
11 21
3 13
23 13
8 1
17 32
13 9
5 32
16 17
1 47
0 1
21 27
16 32
23 8
8 22
12 27
3 18
18 1
4 32
0 33
6 28
17 2
11 16
21 28
7 11
8 27
9 13
3 8
7 28
15 2
2 22
18 2
16 12
9 0
18 34
23 16
20 34
13 46
22 51
5 53
3 46
2 45
1 50
8 44
22 21
21 11
3 14
12 14
5 13
15 34
17 6
0 34
18 24
11 52
23 10
8 13
6 34
3 11
18 17
1 14
16 10
8 24
23 34
12 35
17 13
2 15
12 23
22 12
11 10
1 7
21 1
2 8
17 5
2 10
0 6
4 4
18 12
5 25
13 36
22 22
20 36
8 52
16 48
3 44
1 53
23 45
12 45
2 51
1 1
13 2
6 18
3 16
15 22
8 36
0 11
17 36
21 29
7 51
22 16
11 19
6 36
21 2
13 17
23 15
18 25
3 12
12 36
7 37
22 29
17 1
2 14
11 23
1 3
10 11
14 21
2 26
1 17
4 27
16 5
6 0
16 26
3 1
8 38
22 8
13 38
21 45
1 46
2 44
19 48
12 52
18 47
5 51
16 9
7 9
17 12
0 0
20 22
18 38
13 21
10 38
2 0
8 49
6 20
23 19
22 38
8 26
7 7
12 22
18 3
4 1
21 38
0 39
13 10
16 16
23 11
6 11
17 0
12 3
14 15
16 15
22 5
7 13
24 14
8 19
5 19
2 17
8 40
23 27
20 40
12 48
13 50
1 51
22 48
18 53
16 53
3 48
7 15
1 23
0 2
6 5
22 6
18 40
17 26
12 40
21 20
3 45
11 25
16 7
16 40
7 4
13 14
11 15
8 10
1 20
24 40
17 41
23 7
12 15
6 8
22 18
3 7
9 18
6 6
6 10
16 2
11 28
6 1
0 9
3 24
14 26
20 42
8 0
18 42
12 47
16 52
13 45
2 46
22 52
5 46
1 49
22 9
1 18
12 18
6 3
3 0
8 42
2 18
15 42
13 8
23 44
11 26
7 10
3 42
1 10
17 8
12 5
22 13
11 6
13 42
5 43
8 15
23 26
2 7
18 5
21 18
2 28
12 6
9 26
20 18
19 20
9 17
12 24
10 50
24 44
11 44
4 51
15 44
17 47
7 47
0 44
6 52

