317
1 25
20 0
10 30
22 18
13 30
18 52
7 48
8 51
2 44
16 44
0 45
21 50
21 6
13 23
12 3
1 10
7 0
2 30
9 12
16 30
23 20
15 46
11 6
22 10
21 30
22 19
1 23
17 0
16 1
13 11
7 30
2 31
8 28
11 11
6 27
12 24
18 20
7 14
5 28
10 21
24 29
0 24
4 1
2 8
8 17
0 21
13 32
16 6
10 32
18 50
1 44
20 53
7 46
2 51
3 44
21 49
7 1
21 15
1 4
6 17
15 0
8 32
22 14
17 32
13 29
11 53
0 22
12 23
1 32
13 21
11 9
22 29
12 29
23 14
7 32
2 33
18 18
22 12
8 10
1 26
16 14
1 0
9 22
10 15
16 20
6 4
6 9
3 0
7 9
16 21
13 34
17 13
20 34
3 46
22 46
10 47
11 50
8 50
18 53
1 47
12 0
17 11
8 22
21 23
22 5
18 34
4 0
5 34
16 11
2 46
3 24
13 10
8 34
18 11
16 9
6 14
11 25
17 3
22 34
0 35
23 11
13 4
12 6
3 1
21 26
2 21
9 9
21 13
9 0
6 28
10 25
5 16
11 15
14 0
0 36
13 19
20 36
7 44
17 50
2 47
8 47
22 51
3 50
18 48
18 4
7 23
12 16
22 26
8 1
15 36
6 7
2 36
17 28
13 47
21 1
1 20
13 36
18 14
16 29
7 5
17 7
2 5
6 36
22 37
8 9
12 4
1 16
21 2
11 5
8 4
5 9
1 17
15 14
22 24
1 27
8 8
1 15
3 16
13 38
2 16
17 38
0 47
8 46
7 50
21 45
16 53
20 50
11 47
11 20
18 7
1 22
0 3
12 8
20 38
2 26
7 38
16 22
23 47
6 23
22 2
4 38
13 13
17 14
12 17
8 14
1 18
6 38
22 39
7 13
2 28
21 3
16 2
11 1
7 27
14 29
11 0
20 13
9 13
14 17
2 14
2 13
14 24
10 40
16 15
20 40
7 47
8 44
3 52
1 45
22 49
18 51
17 44
15 22
12 5
22 7
23 3
2 15
0 40
13 20
7 40
21 19
16 45
11 17
6 12
2 40
22 13
12 11
3 2
21 11
6 6
4 40
17 41
7 21
16 5
13 2
23 29
8 3
18 2
23 25
0 28
6 26
11 10
3 3
9 3
3 6
0 16
20 42
17 1
1 42
22 48
8 53
11 46
13 46
18 45
7 45
16 51
3 7
21 8
11 19
6 11
17 24
12 42
4 14
22 42
16 23
2 53
9 20
7 28
16 42
6 0
3 17
2 19
8 16
18 28
11 42
12 43
1 24
17 26
21 5
7 29
22 22
19 11
19 3
19 10
23 27
1 19
17 2
6 8
19 44
5 44
15 44
9 47
6 46
12 51
23 44
24 46
4 51

