317
18 4
8 16
5 30
7 10
23 30
1 47
2 53
11 50
13 53
22 48
21 51
16 46
6 28
5 2
16 8
21 4
12 3
18 30
15 15
0 30
11 4
23 46
7 23
3 16
17 30
23 27
8 2
12 8
7 9
2 0
16 30
20 31
18 5
1 9
13 19
3 15
11 27
12 29
18 13
2 27
4 14
10 25
0 5
3 8
2 15
13 9
23 32
18 22
8 32
16 44
21 46
5 46
1 53
22 47
7 51
6 44
8 11
1 28
7 6
6 20
15 25
20 32
18 0
2 32
22 20
12 46
11 21
17 10
6 32
11 5
13 17
1 6
7 18
8 23
17 32
20 33
2 28
3 12
16 27
23 15
5 21
20 12
24 28
0 29
2 14
22 7
9 23
1 19
1 8
15 2
23 34
7 21
5 34
16 51
2 47
22 46
13 47
21 50
18 46
11 45
23 23
1 1
16 20
22 17
10 9
2 34
8 17
17 34
13 15
15 45
12 18
7 2
16 34
23 9
2 16
18 10
3 4
21 24
22 34
12 35
11 16
1 17
8 6
6 7
17 12
23 25
2 1
3 3
2 26
4 0
20 9
15 1
18 7
21 27
23 36
22 3
8 36
15 50
7 48
1 48
2 52
11 44
5 44
6 51
6 6
1 24
7 14
22 29
2 24
10 36
5 1
17 36
23 20
8 53
13 14
16 0
16 36
22 23
13 12
2 18
8 8
3 25
20 36
10 37
4 29
18 11
1 2
6 13
7 3
16 7
4 7
3 28
17 21
14 6
6 1
1 29
7 24
9 12
23 38
8 1
15 38
2 46
1 50
11 53
13 44
5 45
18 48
22 52
2 11
17 14
1 14
8 28
10 24
18 38
16 22
5 38
22 21
21 49
13 28
3 6
17 38
23 8
8 0
18 19
1 3
7 0
21 38
12 39
16 18
22 13
11 10
11 29
2 29
2 3
18 6
0 24
4 1
21 0
8 21
1 22
11 7
24 1
5 40
1 12
8 40
16 45
22 49
18 47
15 47
21 47
2 48
7 46
7 17
2 7
8 26
3 0
20 5
15 40
23 24
17 40
6 24
12 52
1 10
13 27
11 40
18 3
21 20
23 12
6 0
1 0
22 40
12 41
8 22
7 29
16 14
2 13
3 2
5 4
0 3
9 14
23 10
8 19
20 19
10 23
1 18
15 0
7 42
16 28
23 42
11 48
21 44
13 45
5 50
22 50
18 45
6 46
1 4
17 16
23 5
8 14
10 18
5 42
16 26
20 42
13 25
3 44
2 9
12 11
11 42
12 9
22 27
17 6
13 24
23 1
1 42
2 43
6 22
8 3
18 28
7 1
21 11
23 13
6 10
5 12
7 25
9 5
21 3
2 20
17 49
0 50
19 50
12 44
10 47
14 52
4 47
20 51
3 52

