317
2 24
13 14
8 30
6 18
15 30
7 48
1 50
21 46
23 45
17 50
18 44
3 51
7 0
21 8
8 21
17 8
18 28
0 30
16 1
2 30
23 9
11 49
6 7
12 16
17 30
2 29
8 26
15 18
21 4
11 19
7 30
22 31
3 18
1 20
16 10
12 25
18 17
0 10
5 23
20 7
0 15
16 22
5 19
1 11
12 3
13 5
8 32
17 6
15 32
7 50
1 49
18 53
23 49
6 44
2 50
3 47
17 24
1 23
8 5
18 4
15 7
22 32
0 0
5 32
2 27
21 51
11 26
10 0
3 32
12 19
18 16
2 8
11 7
7 10
17 32
22 33
16 20
7 24
8 10
3 14
1 21
17 25
0 4
9 18
9 9
17 29
2 14
8 20
2 28
23 8
15 34
1 1
3 34
13 53
18 49
7 52
21 44
12 53
17 52
8 44
11 3
2 6
7 5
6 17
15 8
20 34
5 5
12 34
1 17
3 48
9 10
22 5
0 34
6 24
12 17
1 4
21 10
13 0
8 34
17 35
7 27
22 20
18 23
3 6
2 10
8 6
7 4
1 25
7 11
10 14
2 16
4 19
6 22
4 0
15 36
7 14
8 36
3 44
13 45
1 48
23 48
17 51
21 52
12 52
21 27
16 28
6 5
12 9
2 17
22 36
11 23
17 36
1 3
7 47
10 9
8 2
11 36
13 13
17 17
3 21
18 7
21 24
7 36
22 37
6 10
7 12
2 3
12 20
1 0
9 24
10 17
3 26
5 15
22 26
5 24
1 13
18 8
4 1
8 38
12 2
15 38
17 45
2 52
1 45
13 48
6 48
23 47
3 52
17 27
13 8
16 24
12 7
5 27
2 38
21 15
22 38
1 29
19 46
11 29
7 8
5 38
18 13
23 12
22 14
7 25
17 11
6 38
0 39
12 27
8 24
11 24
11 22
16 25
18 5
2 5
0 7
10 4
6 12
17 26
12 0
17 20
2 0
3 40
23 0
8 40
7 44
15 52
13 51
21 53
18 47
1 47
6 53
1 5
17 22
6 3
0 2
23 13
18 40
16 3
11 40
3 2
2 44
22 8
7 18
1 40
4 2
8 15
0 1
6 29
3 0
17 40
20 41
11 8
16 4
7 16
23 23
5 1
10 16
15 4
9 23
7 7
9 6
3 27
1 28
7 2
12 28
3 42
13 29
8 42
6 46
16 46
21 47
23 51
1 44
2 46
18 50
16 29
22 2
2 13
1 2
23 25
20 42
13 25
5 42
18 3
17 53
8 8
11 1
22 42
21 9
12 22
6 21
23 28
1 14
11 42
17 43
13 2
7 29
3 1
2 21
8 23
5 21
1 15
23 21
5 12
19 1
6 28
15 1
11 44
24 51
10 44
20 44
5 49
14 44
22 44
0 47
19 48

