317
13 15
19 1
17 30
8 29
0 30
3 49
9 49
23 53
2 51
7 46
21 51
16 50
13 28
17 3
18 13
21 1
3 22
7 30
22 17
10 30
2 21
0 44
6 13
1 2
3 30
2 1
0 0
12 22
1 1
4 0
5 30
20 31
16 17
18 29
7 6
8 23
6 25
9 28
23 13
0 26
3 27
0 12
6 20
19 15
21 28
13 24
0 32
16 8
18 32
7 44
22 47
8 44
3 47
2 44
6 46
17 52
12 7
6 22
1 25
0 3
17 0
22 32
2 15
7 32
13 8
16 49
11 3
5 12
6 32
1 12
12 25
3 5
8 11
15 5
11 32
22 33
17 29
16 18
18 14
2 8
7 29
3 12
4 26
2 11
6 6
6 2
1 24
3 3
7 8
21 3
18 34
6 8
22 34
16 46
0 48
13 50
17 49
1 48
8 47
2 45
11 15
1 18
0 7
3 15
22 26
16 34
15 29
7 34
2 3
12 46
6 14
18 24
11 34
0 8
8 28
16 29
6 1
12 13
13 34
2 35
22 4
7 22
2 22
17 18
21 6
14 15
5 17
7 19
0 20
1 13
1 4
5 28
3 29
21 29
18 36
7 3
0 36
6 44
16 45
22 52
23 45
8 51
2 50
17 46
11 21
6 7
3 17
16 26
8 27
22 36
1 22
12 36
2 27
7 47
0 5
18 19
3 36
18 26
0 9
2 9
8 1
22 27
6 36
15 37
13 10
3 26
11 10
23 0
1 8
7 27
17 19
12 18
8 15
10 11
12 16
0 4
21 9
19 17
22 38
18 12
8 38
16 44
2 49
7 48
6 50
1 47
17 51
13 46
6 10
16 12
8 9
23 18
20 20
0 38
11 16
12 38
2 20
24 52
18 9
3 10
7 38
12 1
21 16
22 14
8 3
3 18
4 38
0 39
11 11
16 25
17 23
6 0
13 16
10 1
0 10
1 7
11 14
22 24
6 4
10 21
3 24
21 27
8 40
13 19
0 40
22 44
6 51
7 45
23 50
18 44
17 50
2 53
2 28
18 7
17 1
8 7
3 23
22 40
16 14
10 40
7 21
1 51
13 5
24 22
4 40
11 25
1 15
8 22
12 26
18 10
3 40
5 41
2 14
13 6
22 3
23 5
17 5
2 4
7 26
9 13
11 23
0 1
13 1
2 0
6 5
2 2
8 42
3 14
18 42
13 45
16 48
23 51
21 53
22 50
1 53
7 50
18 22
22 19
13 12
16 1
23 17
0 42
17 10
5 42
12 15
2 46
3 25
11 13
23 42
0 2
1 3
16 19
8 21
0 6
22 42
10 43
13 4
18 23
21 21
4 1
3 21
11 2
15 19
8 26
4 24
13 0
2 7
7 24
12 47
10 44
24 44
4 44
14 44
15 44
20 44
5 44
11 48

