317
8 2
20 0
5 30
23 4
2 30
22 44
21 51
1 46
18 45
11 49
7 53
17 46
18 27
21 23
11 10
1 2
3 13
7 30
23 21
12 30
6 12
24 45
16 7
2 15
18 30
8 20
21 2
13 13
2 20
7 10
23 30
15 31
11 2
1 11
22 5
6 1
1 25
19 23
8 14
0 20
23 16
1 9
4 14
8 13
1 12
20 22
5 32
7 2
22 32
8 52
18 49
21 46
2 53
12 47
17 44
11 51
6 27
23 29
1 13
12 22
8 1
17 32
13 29
2 32
7 25
22 53
24 7
16 15
21 32
16 12
8 6
2 24
22 8
12 5
7 32
17 33
6 2
3 12
11 13
21 28
1 17
6 11
9 4
15 11
4 9
0 12
5 26
2 21
18 23
11 28
6 34
12 2
2 34
21 50
8 51
23 44
5 52
1 48
22 52
17 47
2 3
21 3
8 12
13 6
18 19
0 34
7 0
15 34
23 25
12 46
20 3
6 13
18 34
2 5
21 6
6 4
16 22
8 4
13 34
22 35
17 21
12 12
3 22
7 6
1 3
2 18
14 2
2 11
5 7
24 8
5 16
12 14
7 13
19 7
5 36
18 26
20 36
1 47
17 52
11 47
22 46
23 50
2 50
12 49
6 0
1 24
11 25
17 2
20 20
22 36
16 1
2 36
12 3
8 46
18 13
13 9
17 36
18 24
16 19
2 23
13 25
6 25
12 36
22 37
3 9
12 29
8 19
1 21
7 21
11 29
8 5
3 0
1 5
6 3
13 3
2 0
3 8
19 18
5 38
21 4
7 38
11 48
2 44
22 49
12 44
1 51
17 48
23 49
8 23
11 14
3 29
1 18
15 0
20 38
13 20
22 38
17 18
4 47
18 12
6 21
16 38
3 24
6 9
11 21
1 7
21 0
9 38
12 39
23 10
18 29
8 3
2 7
17 15
9 19
14 4
2 26
5 6
6 28
10 9
7 11
8 0
21 25
5 40
7 1
22 40
1 45
2 51
11 46
12 51
18 47
17 49
3 49
7 22
1 10
6 23
3 28
10 17
12 40
8 16
17 40
2 1
23 46
16 4
22 2
7 40
18 3
21 17
17 29
13 24
8 28
1 40
2 41
11 18
22 6
12 1
9 11
23 27
2 6
13 10
18 22
0 2
9 12
16 9
5 25
11 0
5 0
17 42
2 29
7 42
12 50
23 48
21 49
6 48
3 51
1 49
22 45
17 23
6 17
1 19
12 28
7 18
3 42
13 12
22 42
21 21
2 52
11 3
16 27
21 42
2 27
22 28
8 21
6 19
2 4
16 42
12 43
17 28
18 9
11 27
3 1
7 5
20 21
13 19
6 8
9 15
3 21
10 6
0 23
9 46
15 47
14 46
0 49
24 50
13 44
16 51
4 46
10 46

