317
7 13
24 23
8 30
12 25
13 30
18 52
16 46
6 52
2 46
21 51
22 47
1 44
12 24
2 28
7 24
1 3
15 6
22 30
5 25
17 30
21 26
8 49
11 10
3 7
12 30
1 6
23 26
18 1
2 10
3 29
7 30
20 31
16 24
6 8
8 14
11 25
6 27
22 28
10 15
18 23
19 7
7 29
2 11
0 21
20 7
2 23
13 32
6 2
8 32
21 49
1 52
7 46
12 48
16 53
22 50
5 46
7 22
3 22
1 19
6 21
15 2
20 32
18 4
10 32
17 2
23 50
13 8
8 27
6 32
12 7
11 14
21 29
7 10
3 11
16 32
22 33
8 5
1 23
17 21
6 20
2 17
5 20
22 14
23 23
0 13
5 6
2 13
14 13
22 11
18 13
8 34
2 3
20 34
12 53
6 53
16 45
7 44
13 47
1 50
5 45
23 5
21 21
1 4
7 9
5 9
12 34
2 20
15 34
3 10
20 44
8 2
11 15
7 34
2 26
18 6
23 14
16 15
17 29
22 34
12 35
8 24
0 18
6 16
11 4
1 24
7 7
22 20
6 22
11 21
5 4
22 1
18 11
1 12
20 0
7 36
5 1
12 36
9 47
16 50
18 53
21 46
2 49
22 45
6 49
16 7
8 29
17 28
21 1
5 3
18 36
3 21
22 36
1 1
11 52
12 3
7 4
1 36
22 16
13 26
12 23
6 5
16 9
11 36
2 37
21 0
21 3
17 24
8 21
18 24
6 6
3 25
14 17
18 3
24 12
16 18
5 24
12 27
20 9
5 38
21 14
13 38
2 47
9 44
1 45
7 51
16 52
18 47
8 48
12 11
21 13
6 15
16 14
13 28
17 38
23 24
7 38
1 5
22 52
11 29
3 2
12 38
7 16
1 28
3 27
13 2
18 10
11 38
22 39
2 27
6 17
17 17
17 4
8 28
1 20
5 29
10 6
11 24
24 0
16 3
4 29
16 4
20 20
8 40
22 26
1 40
12 44
7 45
18 49
5 44
13 44
21 53
6 45
6 0
3 6
21 10
11 22
7 3
23 40
2 5
17 40
1 13
22 53
12 2
16 27
6 40
3 20
1 21
11 5
17 9
2 18
22 40
12 41
7 2
16 8
21 27
8 6
23 20
8 7
8 20
21 16
9 11
21 6
4 6
5 0
7 14
20 3
1 42
13 0
8 42
12 45
22 49
14 44
18 48
16 44
21 52
6 46
23 28
21 4
3 18
1 0
15 1
17 42
5 2
10 42
7 23
24 48
13 5
8 25
21 42
11 0
6 19
1 26
12 10
11 2
22 42
17 43
23 25
2 8
3 16
8 17
16 0
3 0
6 25
5 11
9 8
7 11
9 25
7 8
0 52
15 47
10 44
17 44
3 46
23 45
4 44
11 51
19 52

