317
17 0
19 24
22 30
3 0
1 30
11 50
6 53
18 47
5 44
8 48
15 53
12 47
21 26
1 11
17 11
13 12
2 1
8 30
0 4
5 30
22 8
24 44
16 13
10 5
21 30
8 4
6 29
2 2
1 0
18 25
16 30
12 31
0 17
23 7
3 8
11 8
7 22
7 19
0 14
2 15
0 26
16 14
9 15
17 9
3 24
15 16
5 32
2 28
18 32
22 44
16 51
11 49
8 51
12 44
17 50
1 45
6 0
3 29
1 19
2 27
16 6
10 32
13 21
22 32
8 25
0 48
20 0
18 11
8 32
1 5
3 21
6 13
17 17
21 3
16 32
10 33
13 29
6 1
2 12
8 7
22 11
12 11
5 14
4 3
1 9
16 2
3 2
0 1
15 28
2 3
18 34
22 16
23 34
6 51
17 53
12 45
1 52
5 46
11 45
3 48
1 2
23 19
3 20
6 23
17 4
13 34
4 6
10 34
22 9
21 44
16 22
8 14
17 34
13 16
12 0
1 3
22 3
8 21
16 34
5 35
18 18
21 15
7 14
3 9
11 26
15 3
9 20
16 5
8 6
11 12
2 22
12 25
8 26
24 14
22 36
12 28
18 36
2 46
1 48
3 44
16 45
6 44
17 44
5 48
21 14
12 8
3 27
0 7
1 4
8 36
11 20
15 36
13 26
22 47
6 7
23 5
1 36
11 16
22 7
3 10
8 23
18 27
12 36
5 37
13 7
1 7
23 17
2 16
16 16
0 19
0 10
1 1
13 1
5 9
0 27
20 18
12 10
17 23
15 38
11 0
5 38
23 50
18 48
3 51
24 45
2 47
8 46
1 46
1 6
7 0
18 6
8 20
2 26
23 38
16 28
12 38
21 25
22 52
6 8
11 29
18 38
1 26
12 24
2 6
11 21
3 6
7 38
20 39
6 15
23 24
8 9
8 29
16 7
5 23
6 2
7 28
4 13
0 22
7 8
0 13
6 17
5 10
17 40
2 9
15 40
3 45
12 50
8 47
23 47
22 51
11 52
1 47
0 2
2 21
6 28
11 15
17 1
8 40
16 0
12 40
1 8
3 50
21 23
7 24
1 40
21 4
8 24
6 27
18 19
13 22
3 40
22 41
2 25
16 4
11 2
17 5
7 25
1 15
3 19
16 19
13 5
1 27
1 28
23 9
3 3
15 9
5 42
8 27
18 42
16 53
11 48
23 45
22 46
1 50
2 50
17 45
7 29
8 3
22 23
13 0
3 18
10 42
21 9
0 42
16 3
12 46
6 3
18 22
22 42
8 18
6 6
21 22
18 12
8 28
23 42
12 43
11 19
2 0
3 13
17 28
1 13
1 20
11 17
5 7
2 7
17 12
12 15
4 11
13 51
0 50
21 45
14 51
4 44
10 44
20 45
7 47
9 44

