317
6 27
19 10
12 30
4 0
17 30
3 50
11 44
7 44
2 45
1 45
24 47
21 45
1 8
21 23
6 15
17 25
2 11
15 30
13 6
7 30
18 18
12 45
20 8
23 12
6 30
18 4
13 17
17 14
8 25
7 2
2 30
22 31
3 29
21 0
1 11
11 13
17 10
14 5
4 9
5 3
6 5
9 27
8 14
11 9
2 20
13 20
11 32
6 8
18 32
8 47
17 48
4 52
7 51
23 47
21 47
1 47
6 12
11 23
21 14
1 10
7 12
22 32
10 4
2 32
18 1
12 46
17 0
16 9
1 32
17 4
6 9
2 1
12 26
16 15
8 32
22 33
11 27
16 29
21 3
7 25
3 12
1 6
1 12
3 9
18 26
6 7
12 28
0 1
6 21
19 15
23 34
7 19
12 34
8 45
11 45
18 52
3 49
1 46
17 51
21 46
13 14
21 7
7 28
18 27
23 17
10 34
2 28
15 34
8 26
22 46
0 26
1 28
7 34
18 14
12 20
11 19
13 4
17 29
22 34
2 35
16 2
8 5
3 22
23 20
1 2
4 24
10 2
4 11
17 27
17 11
6 4
6 13
12 15
19 25
23 36
11 0
17 36
7 47
3 44
2 51
8 53
21 51
13 52
1 48
18 16
1 15
13 22
17 15
7 18
20 36
16 0
2 36
12 0
23 44
11 11
6 11
11 36
16 8
3 27
6 3
12 4
7 20
13 36
20 37
8 1
11 28
18 2
23 6
1 22
7 0
0 16
1 7
4 4
5 16
11 25
9 6
11 4
4 1
12 38
2 13
23 38
17 49
7 48
18 48
3 45
1 49
8 51
21 50
16 25
7 27
11 1
12 23
13 15
8 38
2 7
17 38
3 10
22 51
6 16
23 24
11 38
3 28
1 26
23 23
6 2
16 26
2 38
20 39
7 15
12 7
8 3
13 1
18 7
6 24
3 4
5 0
7 6
12 3
13 8
24 22
24 3
23 8
3 40
13 2
17 40
21 53
8 49
11 52
1 44
6 49
2 50
12 48
6 18
18 8
12 24
2 10
10 22
20 40
13 26
7 40
23 1
22 45
16 11
3 26
5 40
11 16
7 29
3 7
17 22
6 26
13 40
0 41
22 7
18 9
16 14
21 5
12 12
5 9
10 21
9 20
13 0
14 9
9 28
10 23
1 3
19 0
3 42
23 16
7 42
17 53
18 46
13 49
11 46
6 44
2 44
12 51
8 10
17 24
13 11
3 5
0 21
5 42
16 13
10 42
21 8
22 50
23 28
15 7
18 42
21 15
11 21
6 20
23 2
3 0
13 42
20 43
1 9
7 14
17 21
2 8
16 18
4 22
9 0
12 13
7 17
4 3
5 13
13 19
14 44
20 44
16 47
0 48
10 53
9 51
5 44
15 49
22 47

