317
8 5
14 9
2 30
1 17
20 30
18 52
11 46
17 45
6 44
13 53
23 52
16 45
1 24
2 2
21 3
13 23
17 13
23 30
22 3
7 30
16 18
3 49
12 25
6 8
4 30
6 15
17 4
7 26
22 13
23 0
18 30
10 31
3 22
1 13
16 5
13 21
7 24
1 11
20 25
24 6
1 16
8 6
15 9
7 23
20 6
3 7
13 32
18 21
16 32
6 47
22 52
21 45
11 50
8 49
2 46
23 49
6 24
2 1
4 17
21 13
22 19
10 32
13 17
7 32
16 7
17 53
1 26
18 28
22 32
1 25
3 24
16 27
21 12
6 14
23 32
10 33
17 27
7 8
13 0
2 19
18 15
9 27
5 5
14 19
0 10
7 14
10 3
11 28
16 28
3 10
22 34
11 0
20 34
13 49
1 53
14 46
18 45
8 45
6 52
17 44
6 20
13 25
17 26
1 23
15 1
18 34
2 20
7 34
12 20
22 51
21 17
11 5
12 34
7 11
3 18
17 14
13 2
11 29
16 34
0 35
21 15
8 14
2 11
22 0
6 13
2 3
4 26
17 12
18 14
10 4
0 8
24 1
11 6
6 11
20 36
3 0
13 36
22 44
23 47
16 51
8 48
2 51
1 44
17 46
16 12
12 24
2 15
1 6
22 4
10 36
21 2
7 36
17 0
18 49
3 26
13 9
23 36
7 7
16 29
8 2
21 22
2 24
12 36
17 37
3 25
12 3
11 4
1 4
22 1
10 20
10 13
11 17
24 13
0 14
5 11
19 27
16 0
20 17
8 38
6 6
22 38
1 49
17 48
13 52
11 44
14 50
21 47
3 47
17 3
21 23
6 3
11 19
7 1
15 38
22 22
0 38
12 27
23 46
18 27
5 9
13 38
21 7
2 28
7 21
8 13
22 10
3 38
10 39
17 9
6 21
16 10
16 19
23 23
2 29
11 2
24 5
1 21
4 1
12 8
0 25
3 6
9 0
13 40
8 11
17 40
22 50
2 44
1 45
6 45
21 46
11 51
16 50
18 16
12 10
17 1
13 11
5 17
15 40
23 8
2 40
1 2
10 50
20 29
8 15
6 40
3 9
11 14
18 24
7 2
8 18
1 40
22 41
21 29
16 22
12 17
13 26
17 7
10 26
5 4
20 21
8 7
3 15
24 8
4 2
18 12
20 11
2 42
22 7
13 42
23 51
8 44
21 44
17 52
1 46
11 49
6 46
2 5
21 25
13 4
1 28
7 20
17 42
24 9
10 42
6 18
3 50
22 25
16 9
21 42
16 6
22 26
1 27
13 27
3 29
23 42
15 43
7 9
2 18
18 7
8 22
12 14
2 26
6 23
2 8
13 18
4 10
13 16
18 10
5 44
19 50
10 53
15 46
4 44
0 49
12 44
24 51
7 48

