1 18544 9.906000 5 0 0 5
2 13350 10.109000 2 0 0 2
3 50983 10.077000 3 0 0 3
4 3950 9.735000 5 0 0 5
5 9432 9.953000 3 0 0 3
6 42101 9.766000 7 0 0 7
7 7621 9.828000 3 0 0 3
8 2543 9.969000 3 0 0 3
9 6604 10.016000 6 0 0 6
10 15497 9.765000 8 0 0 8
11 2827 10.172000 5 0 0 5
12 30299 10.219000 2 0 0 2
13 17965 10.781000 4 0 0 4
14 24521 10.937000 6 0 0 6
15 40228 10.345000 3 0 0 3
16 58432 10.843000 3 0 0 3
17 4353 10.781000 1 0 0 1
18 36203 10.813000 4 0 0 4
19 44581 10.250000 3 0 0 3
20 2097 10.749000 4 0 0 4
21 28203 10.813000 7 0 0 7
22 7233 10.875000 4 0 0 4
23 3237 10.735000 5 0 0 5
24 1494 10.734000 3 0 0 3
25 3162 10.562000 2 0 0 2
26 46009 10.515000 4 0 0 4
27 1919 10.516000 2 0 0 2
28 6564 10.703000 2 0 0 2
29 5616 10.579000 7 0 0 7
30 30535 10.812000 4 0 0 4
31 52113 10.969000 8 0 0 8
32 55193 10.796000 2 0 0 2
33 40664 10.641000 7 0 0 7
34 4895 10.282000 1 0 0 1
35 4280 10.828000 3 0 0 3
36 19028 10.687000 3 0 0 3
37 7110 10.532000 4 0 0 4
38 2128 10.578000 4 0 0 4
39 27331 10.828000 1 0 0 1
40 14597 10.422000 2 0 0 2
41 15184 10.734000 10 0 0 10
42 2383 10.719000 11 0 0 11
43 26026 10.547000 4 0 0 4
44 44157 10.797000 1 0 0 1
45 9635 10.797000 4 0 0 4
46 1083 10.125000 1 0 0 1
47 9850 10.640000 6 0 0 6
48 11834 10.750000 5 0 0 5
49 33074 10.344000 4 0 0 4
50 2281 10.624000 6 0 0 6
51 48764 10.751000 7 0 0 7
52 16354 10.999000 14 0 0 14
53 2496 10.704000 5 0 0 5
54 2456 10.687000 7 0 0 7
55 59356 10.594000 3 0 0 3
56 14257 10.672000 5 0 0 5
57 2896 10.421000 2 0 0 2
58 2558 10.376000 1 0 0 1
59 55812 10.781000 2 0 0 2
60 6338 10.828000 3 0 0 3
61 17050 10.312000 4 0 0 4
62 4963 10.656000 3 0 0 3
63 18149 10.578000 6 0 0 6
64 7143 10.719000 3 0 0 3
65 11665 10.610000 5 0 0 5
66 7700 11.031000 7 0 0 7
67 49641 10.672000 10 0 0 10
68 24415 10.765000 3 0 0 3
69 2980 10.781000 4 0 0 4
70 1105 10.360000 3 0 0 3
71 10691 10.500000 2 0 0 2
72 16961 10.750000 9 0 0 9
73 507 10.766000 3 0 0 3
74 14320 10.921000 7 0 0 7
75 43535 10.703000 3 0 0 3
76 10025 10.688000 4 0 0 4
77 4733 10.390000 3 0 0 3
78 8666 10.813000 7 0 0 7
79 3626 10.390000 3 0 0 3
80 5868 10.720000 7 0 0 7
81 11500 10.609000 4 0 0 4
82 11348 10.906000 6 0 0 6
83 23142 10.750000 7 0 0 7
84 1536 10.687000 5 0 0 5
85 15930 10.923000 7 0 0 7
86 1483 10.968000 10 0 0 10
87 4325 10.937000 4 0 0 4
88 191 10.266000 4 0 0 4
89 3910 10.484000 2 0 0 2
90 6568 10.641000 2 0 0 2
91 3004 10.703000 5 0 0 5
92 9528 10.735000 5 0 0 5
93 1251 10.406000 5 0 0 5
94 45028 10.672000 6 0 0 6
95 13147 10.624000 5 0 0 5
96 313 10.719000 3 0 0 3
97 246 10.796000 12 0 0 12
98 24427 10.501000 1 0 0 1
99 22939 10.547000 5 0 0 5
100 27269 10.781000 8 0 0 8
