317
6 2
12 2
13 30
21 25
18 30
17 47
11 45
22 52
8 50
16 51
1 45
23 47
13 29
18 2
17 8
11 11
22 20
2 30
24 25
7 30
1 27
15 50
10 16
21 12
22 30
23 15
12 6
7 2
17 15
1 28
11 30
2 31
21 27
8 18
16 19
18 5
7 12
2 12
3 4
24 22
23 8
19 23
14 2
6 20
3 18
8 5
13 32
6 12
18 32
12 51
9 53
17 51
21 46
22 48
11 44
1 48
18 9
1 7
17 5
11 29
12 4
22 32
16 8
2 32
21 0
6 50
7 11
5 0
21 32
13 6
16 26
3 17
2 1
12 10
6 32
22 33
18 6
3 3
7 29
11 17
17 2
24 7
15 10
12 15
15 18
4 9
5 5
0 5
22 21
23 7
8 34
1 21
13 34
11 53
17 45
6 53
21 51
18 46
12 45
16 46
6 13
22 18
21 18
8 1
12 12
18 34
15 6
2 34
23 6
1 51
10 14
7 16
11 34
1 19
22 16
21 11
6 19
13 19
12 34
17 35
3 16
8 27
18 28
7 28
23 1
2 14
13 23
8 25
4 3
1 29
1 1
23 21
3 24
6 10
13 36
1 8
8 36
16 48
19 44
22 45
11 49
21 53
17 53
12 52
11 16
16 7
17 7
22 8
12 1
23 36
18 11
2 36
8 15
5 47
7 8
1 0
1 36
8 9
13 22
12 18
3 13
21 20
18 36
22 37
17 13
16 6
7 20
11 15
2 28
2 4
18 26
12 13
1 12
13 8
21 26
8 13
9 7
19 10
17 38
6 5
12 38
23 48
21 52
11 51
1 52
14 51
16 44
8 45
8 26
18 0
11 25
16 24
12 27
22 38
6 9
2 38
21 28
15 51
10 2
7 6
7 38
13 9
12 17
3 28
8 0
17 22
1 38
22 39
2 23
21 5
18 25
16 9
6 29
6 26
23 27
22 7
10 10
23 3
1 10
16 29
1 15
19 13
13 40
11 8
8 40
12 50
21 49
17 52
3 47
16 45
22 46
6 51
16 25
12 22
17 14
21 3
7 23
5 40
10 5
2 40
22 25
20 50
18 14
11 14
18 40
8 14
13 26
17 6
16 5
1 20
7 40
22 41
2 27
6 22
11 10
21 14
3 23
21 2
6 25
23 0
10 9
20 24
22 15
1 16
1 13
12 25
18 42
17 25
13 42
6 52
21 44
9 52
23 46
8 49
11 46
16 47
8 21
18 19
16 21
23 22
13 20
20 42
17 20
2 42
6 4
7 44
5 3
10 4
11 42
22 3
12 16
17 17
6 6
3 2
16 42
22 43
8 29
18 22
21 10
7 19
1 4
0 28
24 4
17 26
8 4
5 10
7 9
6 17
2 47
24 45
20 49
15 44
5 53
7 52
4 51
10 51
0 44

