317
17 0
6 2
8 30
3 4
0 30
12 53
23 50
10 52
21 50
2 49
11 53
7 51
1 22
11 25
21 2
12 22
8 20
22 30
5 26
17 30
13 4
3 53
4 17
16 1
3 30
1 11
18 9
21 28
11 15
7 6
16 30
12 31
2 6
23 16
22 7
8 29
23 11
19 14
3 16
17 17
1 29
11 14
18 29
22 6
8 12
3 24
1 32
21 9
10 32
6 50
5 53
7 49
13 48
12 51
9 51
0 47
2 21
8 14
6 1
7 11
12 1
23 32
16 18
17 32
3 28
21 46
4 12
14 20
16 32
7 16
8 13
2 5
18 14
21 26
6 32
22 33
12 24
2 29
1 3
16 24
11 7
9 1
13 13
18 8
7 21
21 4
23 20
9 28
13 29
11 11
0 34
17 20
5 34
3 48
8 52
2 52
23 51
12 47
21 47
10 46
6 21
3 13
1 12
21 14
12 5
22 34
18 20
7 34
2 4
4 52
16 5
17 7
12 34
8 2
17 24
18 27
1 8
13 19
16 34
20 35
7 19
2 10
21 15
3 11
11 17
7 0
21 19
17 22
18 18
8 19
10 3
22 1
17 15
6 23
0 36
21 12
8 36
3 52
2 44
7 48
10 47
11 52
23 49
5 50
17 5
2 25
3 2
12 8
8 0
10 36
4 11
22 36
6 29
16 45
18 7
21 21
18 36
16 9
7 22
2 26
23 18
11 19
21 36
12 37
1 25
22 0
3 6
17 18
8 8
4 26
1 2
19 23
23 12
15 21
16 26
10 6
21 0
10 28
5 38
7 18
0 38
17 49
2 50
12 46
13 49
9 46
8 47
23 44
1 24
17 8
13 12
8 26
5 27
3 38
18 4
20 38
12 27
16 46
7 14
11 28
18 38
23 22
21 16
8 27
12 14
1 23
7 38
2 39
6 16
16 21
17 2
17 9
13 26
0 16
3 25
18 23
22 21
23 25
20 9
17 12
5 3
2 2
8 40
3 12
0 40
23 47
11 48
6 45
17 53
7 52
10 44
21 44
21 7
6 4
8 1
7 2
0 19
12 40
3 3
22 40
11 2
19 47
16 23
18 24
16 40
7 28
22 11
21 1
23 1
3 8
18 40
12 41
17 29
8 17
6 20
11 10
1 13
15 0
11 21
16 11
24 11
24 2
13 10
17 16
21 29
12 25
0 42
7 24
10 42
6 47
2 45
9 53
8 53
3 46
13 47
5 51
13 28
1 15
11 1
17 28
2 9
5 42
7 12
22 42
12 29
19 50
4 5
18 1
7 42
16 15
6 3
21 3
3 26
11 6
8 42
15 43
1 4
22 26
18 28
2 13
13 9
19 4
9 23
15 3
7 29
8 3
22 4
20 1
18 52
15 52
19 49
4 50
24 49
22 45
16 47
14 49
20 49

