317
2 17
8 23
0 30
6 18
13 30
23 53
16 51
22 48
20 48
7 48
12 45
3 46
3 24
7 2
2 20
1 22
22 14
15 30
24 26
10 30
8 2
6 49
18 7
21 2
23 30
22 16
13 26
7 20
12 15
1 3
18 30
15 31
21 16
6 16
2 4
3 10
7 18
0 23
0 15
11 20
24 11
23 15
11 28
7 17
2 6
3 6
13 32
1 9
15 32
8 51
20 44
12 50
6 50
23 45
11 52
0 48
11 16
2 14
12 5
16 22
17 12
7 32
21 27
22 32
6 13
1 45
10 17
4 11
18 32
17 16
1 8
22 15
23 25
6 5
12 32
7 33
2 11
21 10
11 7
16 2
3 0
20 27
9 7
10 6
11 9
7 12
13 4
24 29
8 27
3 26
13 34
11 19
0 34
16 46
23 51
20 53
6 45
15 47
2 46
12 46
16 9
1 15
2 3
6 24
12 19
23 34
17 29
7 34
3 21
21 46
11 6
18 26
16 34
2 1
8 8
7 0
11 24
18 17
6 34
22 35
1 7
12 28
22 29
13 5
17 10
7 26
15 10
7 8
6 9
11 10
10 22
3 7
8 20
6 26
13 36
2 25
0 36
12 48
3 53
22 47
7 53
16 45
23 46
20 45
1 29
22 26
23 11
16 13
12 10
3 36
21 14
7 36
17 5
2 45
11 26
18 1
2 36
3 15
6 10
21 13
13 0
18 3
12 36
15 37
22 24
11 15
23 6
1 2
8 19
13 21
13 22
19 1
14 27
12 6
20 19
9 2
14 28
20 24
15 38
12 11
7 38
23 47
1 50
0 49
11 49
6 48
13 44
22 44
11 29
8 10
7 3
6 17
22 17
17 38
12 0
2 38
16 25
5 46
10 4
21 4
12 38
2 13
22 2
23 26
8 4
16 7
6 38
17 39
7 13
1 21
11 25
11 1
3 22
11 13
6 20
6 28
2 28
19 25
3 17
8 6
6 1
14 21
7 40
11 0
15 40
20 50
1 52
3 52
12 51
0 45
13 45
23 44
1 17
6 2
7 24
13 28
20 6
22 40
5 24
2 40
12 24
11 47
17 0
18 10
13 40
8 17
2 7
1 12
3 1
6 11
12 40
22 41
17 24
16 14
7 10
18 23
21 29
1 4
20 13
16 15
4 22
19 24
10 3
8 5
12 7
0 2
15 42
6 6
2 42
11 44
7 49
14 45
20 47
8 44
1 53
13 53
21 12
2 29
3 27
22 21
7 14
12 42
5 5
17 42
23 10
6 52
4 28
10 23
6 42
7 28
2 2
16 10
13 2
17 27
1 42
22 43
11 23
18 9
8 15
12 3
21 11
14 13
21 0
12 1
12 8
16 8
9 14
23 4
17 52
9 44
5 45
18 46
24 44
21 48
10 52
4 53
19 46

