317
11 27
18 8
15 30
21 6
5 30
1 53
17 51
3 44
8 51
7 52
20 46
10 51
11 5
6 26
1 19
17 15
7 16
23 30
0 20
12 30
16 9
21 51
19 29
2 5
7 30
6 22
16 12
13 21
21 3
3 17
17 30
22 31
8 26
11 22
2 18
1 9
11 4
11 2
0 2
6 15
13 19
5 11
19 8
10 28
18 0
6 21
15 32
11 13
7 32
1 52
10 44
21 47
3 51
13 45
5 47
20 45
1 25
18 1
3 11
16 29
7 15
12 32
2 20
22 32
21 29
17 46
9 22
11 19
17 32
18 20
7 10
23 3
21 15
11 14
3 32
12 33
8 4
23 16
1 0
17 21
6 11
17 0
11 26
2 28
16 10
3 7
12 5
23 23
17 19
23 18
10 34
18 26
6 34
16 45
8 50
15 47
1 46
21 50
5 48
20 50
16 26
6 24
17 14
1 21
10 8
8 34
24 14
2 34
21 11
0 46
22 14
18 29
18 34
3 23
22 8
21 13
8 5
17 4
16 34
12 35
2 14
6 2
12 29
7 19
23 26
14 12
15 21
17 6
17 5
13 20
17 27
17 8
21 10
23 0
15 36
8 19
17 36
7 51
20 49
11 46
1 47
3 48
13 51
10 53
1 5
16 5
18 3
21 1
10 17
5 36
19 12
2 36
23 20
8 47
12 23
22 21
12 36
11 25
22 24
16 17
3 12
8 1
1 36
5 37
17 13
1 4
18 22
13 5
23 7
8 13
18 17
3 22
3 8
18 15
24 20
0 17
8 11
10 5
5 38
1 29
15 38
7 47
21 44
18 53
13 48
17 45
20 47
11 48
8 9
6 9
11 15
21 9
17 12
22 38
9 21
2 38
13 25
1 49
19 1
12 0
11 38
1 24
8 23
13 0
7 9
21 4
12 38
22 39
18 27
3 18
17 29
17 28
2 25
20 8
23 21
24 18
2 9
2 24
19 16
18 10
3 27
5 8
20 40
11 18
15 40
10 50
8 49
18 48
17 49
6 47
1 45
13 44
3 4
13 28
6 23
8 7
15 19
22 40
19 7
0 40
21 23
12 53
7 21
11 3
13 40
2 2
7 1
8 22
16 20
18 9
3 40
22 41
11 1
1 26
17 22
12 24
21 22
11 9
23 10
4 2
4 15
11 29
0 10
10 15
18 5
13 6
15 42
3 0
5 42
11 49
21 53
10 46
1 44
7 44
20 51
8 44
11 20
6 8
7 17
21 21
0 14
22 42
2 3
17 42
13 22
12 51
9 24
3 29
12 42
23 24
3 15
16 1
8 29
17 2
2 42
22 43
7 6
18 16
21 20
6 1
11 6
8 20
3 1
22 26
8 14
5 3
23 8
18 2
22 46
2 48
0 52
24 44
14 45
12 47
9 51
19 49
4 44

