r\t   0   1   2   3   4   5   6   7   8   9  10  11  12  13  14  15  16  17  18  19  20  21  22  23  24 
  0  -1  -1 286  -1  -1  -1  13  -1  -1  -1  -1  -1 210 120  -1  37  -1  -1   0  -1  -1  -1  -1  88  -1 
  1  -1  -1  -1 174  -1  -1 297 121 116  -1 216  73  -1  85  -1  -1 169  -1 249  -1  -1  -1  -1  -1  -1 
  2  -1  -1  -1  -1  -1  -1 202  -1  -1  -1  -1  -1  -1  -1  -1 126 166  -1  20  -1  -1  -1  -1  -1  -1 
  3  -1  -1 255  -1  -1  -1  76  -1  -1  -1  -1  -1  -1 198  -1  -1 201 212  -1  -1  -1 133  -1 160  -1 
  4  -1  -1  -1  -1  -1  -1 242  -1  -1  -1  -1  -1  -1  -1  -1  -1  -1 261  -1  -1  -1  -1  -1 148 148 
  5 220  -1  -1  -1  -1  -1 158 235  -1  -1 217  -1 301  -1  -1  -1  -1  -1  44  -1  -1  -1  -1 189  -1 
  6  -1  -1 155  -1  -1  -1  -1  -1 234  -1  -1  -1  -1  -1  -1  -1  -1  -1  -1 177  -1  -1 194 243  -1 
  7 259  35 111  89  -1  -1  -1  -1  27  -1  -1  57  18  -1  -1  -1  -1 219 267  -1  -1  86  -1  -1  -1 
  8  -1  -1 300  -1 106  -1  42 128  -1  -1  -1  -1  -1  -1  -1  -1  -1  -1  -1  -1  -1  -1 208 223 221 
  9  -1  -1  -1  -1  -1  82  -1  -1  -1  -1  -1  -1 170  -1  -1  -1  -1  -1  28  -1  -1  -1  -1 131  -1 
 10  -1  -1  -1 114  -1  -1  -1  -1  80  -1  -1 103  -1  -1  -1  -1  -1  15  -1  -1  -1  -1 110  -1 127 
 11 260 215 238 205  -1  -1  -1  -1 253  -1  -1  -1 147  -1  -1  -1  -1  -1  -1  22  -1  -1  -1  -1  -1 
 12  -1  12  -1  -1  -1  -1  -1  16  16  -1  -1  -1 188  -1  -1 302  -1 276  -1  -1  -1 284  -1 256  -1 
 13  -1 150  -1 145  -1  -1  -1  -1  -1  -1  -1  -1 279  -1  -1  -1  -1 108  -1  -1  -1 117  -1  -1  -1 
 14  -1  -1 124  -1  -1  -1  -1  -1 101  -1  -1  -1  -1  -1  -1  -1 199  -1  87  -1  -1 303  -1  -1  -1 
 15  -1 277  -1 290  -1  -1  -1  -1  -1  -1  -1  -1  -1  -1  -1  -1  -1  -1  78  -1  -1  -1 289  -1  -1 
 16  -1 102  66 167  -1  -1  -1  -1 291  -1  -1 211  -1  -1  -1  -1  -1  -1 209  -1  -1  91 165 214  -1 
 17  -1 191  69  -1  -1  -1  34 164  -1  -1  -1  -1  40  -1  -1  -1 306 173 196 132  -1  47  -1  -1  -1 
 18  -1 135  -1  -1  -1  -1 123 293 144  -1  -1  -1  25  -1  -1  -1  -1 172  -1  45  -1  -1  -1  -1  -1 
 19  -1  81  -1 278  -1  -1  -1  -1  -1  -1  -1  -1  83  32  -1  -1  -1 254  -1  -1  -1 298 154  -1  -1 
 20  -1  -1  -1  58  -1  -1  -1  70  -1  -1 213 113 218  -1  -1  -1 248  -1  -1 262  -1  -1  -1  72  -1 
 21  -1 115  -1  -1  -1  -1  -1  -1 159  38  -1 161  -1  -1  -1  -1 299  -1  -1  -1  -1 179  -1  -1  -1 
 22  -1 232  -1  79  -1  -1  -1  -1 305  -1  -1  14 125 152  -1  -1  -1  -1  -1  -1  -1  -1  71  -1   1 
 23  -1  -1 157  -1  -1  -1  -1  -1 264  -1  -1 246   3  23  -1  -1  -1  -1  -1  -1  -1  -1  -1 203  -1 
 24  -1 175  -1 236 236 258  -1  -1  36  -1  -1  -1  -1  -1  -1  -1  67  -1 304  -1 263  62  -1  -1  -1 
 25  -1  -1  -1  84  -1  -1 245  -1  -1  -1  -1  -1  -1  -1  -1  -1 282 296 104 104  -1 240  77  26  -1 
 26  -1  56  -1  -1  -1  -1  -1  -1  -1  -1  -1  -1  59  -1  -1  41  -1 190 122  -1  -1  -1 280 280  -1 
 27 265  -1  -1  -1  39  -1  -1  -1  -1  -1 192 192  -1  -1 307  -1  -1 168 292  -1  -1  -1  -1  43 176 
 28  -1  -1  -1  -1  -1  -1  -1  33  -1  -1  -1 146  -1 171  -1  -1 257  60  60  -1 287 130  -1 100  -1 
 29  -1  -1  29 252  -1  -1  -1  64 204  -1  -1  -1 247  -1  -1  -1  -1  -1 233  -1  -1  -1  -1 129  -1 
 30   2   2  19  19  19  -1  -1  -1   4   4  -1  24  -1  -1  -1  -1  -1  -1  -1  -1  17  17  30  -1  -1 
 31  -1  -1  -1  -1  -1  -1  -1  -1  -1  -1  -1  -1  -1  -1  -1  31  31  31  -1  -1  -1  -1  -1  -1  -1 
 32  -1  68  -1  48  48  61  61  -1  46  46  -1  -1  -1  -1  -1  -1  74  -1  -1  -1  -1  -1  63  63  63 
 33  -1  -1  -1  -1  -1  -1  -1  -1  -1  -1  -1  -1  75  75  75  -1  -1  -1  -1  -1  -1  -1  -1  -1  -1 
 34  92  92  -1  -1  -1 105 105  -1  90  90  -1  -1 107 107 107  -1  -1  -1  -1  -1  -1  -1 112 118  -1 
 35  -1  -1  -1  -1  -1  -1  -1  -1  -1  -1  -1  -1  -1  -1  -1 119 119 119  -1  -1  -1  -1  -1  -1  -1 
 36  -1 156  -1  -1  -1 151 151 151 136 136  -1  -1  -1  -1  -1  -1  -1 149 149  -1  -1  -1 162 134 134 
 37  -1  -1  -1  -1  -1  -1  -1  -1  -1  -1  -1  -1 163 163 163  -1  -1  -1  -1  -1  -1  -1  -1  -1  -1 
 38  -1  -1  -1 193 193 195 195 195 180 180  -1  -1  -1 200  -1  -1  -1 178 178  -1  -1 206  -1  -1  -1 
 39 207 207 207  -1  -1  -1  -1  -1  -1  -1  -1  -1  -1  -1  -1  -1  -1  -1  -1  -1  -1  -1  -1  -1  -1 
 40  -1 244  -1  -1  -1  -1  -1 250 224 224  -1 239 239 239  -1 237 237 222 222  -1  -1  -1  -1  -1  -1 
 41  -1  -1  -1  -1  -1  -1  -1  -1  -1  -1  -1  -1  -1  -1  -1  -1  -1  -1  -1  -1 251 251 251  -1  -1 
 42  -1  -1  -1 266 266  -1  -1 283 283 283  -1 294  -1 281 281  -1  -1  -1  -1  -1  -1  -1 288 268 268 
 43  -1  -1  -1  -1  -1  -1  -1  -1  -1  -1  -1  -1 295 295 295  -1  -1  -1  -1  -1  -1  -1  -1  -1  -1 
 44  -1 227  -1 183  -1  -1  -1  -1  -1  -1  -1 141 270  -1  -1  -1  -1  -1  -1  -1  -1 273  -1  -1  98 
 45  -1  50  -1  -1 185  -1  -1 182  -1  -1  65  95  -1  -1 241  -1  -1  -1  -1 225  -1  -1  21   8  -1 
 46 143  -1  -1  -1  -1  -1 272  -1  -1  -1  -1   6  -1  -1  -1  -1 153 137 285  97  -1  -1  -1  -1  -1 
 47  -1 181 313 231  -1 311  -1  94  -1  -1 312 187  -1  -1  -1  -1  -1  -1 142 271  -1 197  -1 186  -1 
 48  -1  -1  -1  -1 138  -1  51  -1  -1  -1  -1  -1 228  -1 316  -1  -1  10  96  -1 310   7  -1  -1  -1 
 49  -1  -1  -1  11 229  -1  -1  -1  -1  -1  -1  -1 184 314  -1  -1 315  -1  -1  -1  -1  -1  -1  -1  -1 
 50  -1  -1  -1 139  -1  -1   5   9  -1  -1  -1  53  -1  -1  -1 308  -1  55  -1  -1  -1  -1 309  -1  -1 
 51  -1  -1  -1  -1  -1  -1  -1 226  -1  -1  -1  -1  93  -1  -1  -1  -1  -1  -1  -1  -1 109  -1  -1  -1 
 52  -1 274  -1  -1  -1  -1  -1  -1  -1  -1  -1 230 140  -1  -1  -1  -1 269  -1  -1  -1  -1  -1  52  -1 
 53  54  -1  -1  -1  -1  -1  99  49  -1  -1  -1 275  -1  -1  -1  -1  -1  -1  -1  -1  -1  -1  -1  -1  -1 

r\t   0   1   2   3   4   5   6   7   8   9  10  11  12  13  14  15  16  17  18  19  20  21  22  23  24 
  0  -1  -1  -1   3  -1  -1  -1 277  -1  -1  -1  -1  -1 219  -1  -1  44  -1  -1  -1  -1  -1  -1  -1  -1 
  1  -1  57  -1  -1 172  -1  -1  -1 254  -1  -1  38  -1  -1  -1 216  -1  -1 262  -1  -1 128  -1  -1  -1 
  2  -1  -1  -1  -1 217  -1 234 242  -1  -1  -1 279  -1  -1  -1  -1  32  -1  39  -1  -1  -1 246  -1  -1 
  3 280 280  -1  -1  -1  -1 278  -1  -1  -1 220  13  -1 154  -1  16  16 305 164  -1  -1  -1  -1  76  -1 
  4 131 296  -1 260  -1  -1  -1  -1  -1  -1  -1  -1  -1  -1  -1  -1 240  -1 243  -1  -1  77  -1  -1  -1 
  5  -1  -1  -1  -1  -1  -1 261 304  -1  -1  -1  -1  -1  73  -1  -1  -1  -1  34  -1  -1 211  -1 133  -1 
  6  -1  -1  -1  -1 150  -1  -1  -1  -1  -1  -1  84 256  -1  -1  -1  -1  -1 255  -1  -1 210  -1  -1  -1 
  7 301  -1 245  -1  -1  -1 174  -1  -1  -1  -1  -1  69  -1  -1  -1 214 290  -1  -1  81  -1 208 264  -1 
  8  -1  -1  -1  -1  -1  -1  -1  -1  -1  -1  -1  -1  -1  -1  -1  -1 189  37  -1  -1  -1  -1  -1  -1  40 
  9 236 236   1  -1  -1  -1  -1  -1  -1  -1  -1  -1  -1 115  -1  -1 287 179  -1  -1  -1 135  71  33  -1 
 10  -1  -1 122  -1  -1  -1  45  29  -1  -1 125  -1  -1  -1 110  -1 124  -1 199  -1  -1  -1  -1  -1  -1 
 11  -1  -1  -1  -1  -1  -1  -1 147  -1  -1  -1  86  -1  -1  -1  -1  -1 100  -1  -1  -1  12  -1  -1  -1 
 12  -1  25  47  -1  -1  -1 205  -1 297  -1  -1  -1  -1  -1  -1  -1  64  -1  -1  -1  -1  91  -1  -1  -1 
 13  -1  -1 159  -1  -1  -1  -1 108  -1  -1  -1 306  -1  -1 126  -1  -1 194  -1  -1  -1  42  -1 247  -1 
 14  -1 190  85  -1  -1 148 148  -1  72  -1  -1  -1  -1  -1  -1  -1  -1  -1  -1  -1  -1 221  -1  -1  -1 
 15  -1  -1  -1  -1  -1  -1 248  -1 263 169  -1 298  56  15  -1  -1 209  -1 213  -1 176  -1  -1  -1  -1 
 16 155  -1  -1  -1  -1  -1  -1 215  -1  -1  -1 114  -1 235 198  -1  89  -1  -1  -1  -1 120  -1  -1  -1 
 17  -1  -1 212  26  -1  -1  -1  -1  -1  -1  -1  -1  -1  -1  -1  -1  -1  -1  -1  -1  -1  -1  -1  -1  -1 
 18  -1  -1  -1  78  -1  43 161  -1  -1  -1 177 258 157  -1  -1  -1 259  -1  -1  -1  -1  -1  -1 168  -1 
 19  -1  -1  -1  -1  -1  -1  -1 223 127  -1  -1  -1  -1  -1  -1  -1  -1  -1  -1  -1 265  -1 286  -1  -1 
 20  -1  -1  -1 299  -1  -1  80  -1  87  -1  -1 188  20  -1  -1  -1 144  -1  -1  -1  -1  -1  -1  83  -1 
 21  -1  -1 192 192  -1  -1  -1  -1 102  -1  -1  28  -1  -1  -1  -1  70  -1  -1  -1 175  -1  -1 113  -1 
 22  -1 158 173  -1  -1  -1 191 303 232  -1  66 252  -1  -1  -1  -1  -1  -1  -1  -1  -1  41 300  -1  -1 
 23  -1  14  -1  59  -1  -1 291  -1  62  -1 257  -1 152  -1  -1  -1  -1  -1 111  82 307 276  -1  -1  -1 
 24  -1 145  -1 284  -1  -1  35  -1 121  -1  -1 166  -1  -1  67 106   0  -1  -1  -1  60  60  -1  -1  -1 
 25  -1  -1  -1  -1  -1  -1 170 293  -1  -1  -1  79 104 104  -1  -1  -1  -1  -1 238  -1  -1  -1  -1  -1 
 26  -1 103  -1 253  -1  -1 101  58  -1  -1  -1 203 289  -1  -1  -1 267  -1  -1  -1  -1  -1  -1  36  -1 
 27  -1  88 302 167  23  -1 116 123  -1  22  -1  -1  -1 196  -1  -1 165  -1 117  -1  -1  27  -1  -1  -1 
 28  -1  -1 292  -1  -1  -1  -1  -1  -1 218  -1 146  -1 249  -1  -1 171  -1  18 130  -1  -1  -1  -1  -1 
 29  -1 204  -1 201  -1  -1  -1  -1 282  -1  -1 233 202  -1  -1  -1 132  -1  -1  -1 129 160  -1  -1  -1 
 30  -1  -1  -1  -1  24   4   4  17  17  -1  -1  -1  -1  -1  -1  -1  -1  30  -1  -1   2   2  19  19  19 
 31  -1  -1  -1  -1  -1  -1  -1  -1  -1  -1  -1  -1  31  31  31  -1  -1  -1  -1  -1  -1  -1  -1  -1  -1 
 32  -1  74  -1  -1  -1  -1  -1  68  -1  -1  -1  -1  48  48  -1  -1  -1  61  61  -1  46  46  63  63  63 
 33  -1  -1  -1  -1  -1  -1  -1  -1  -1  -1  -1  -1  -1  -1  -1  -1  -1  75  75  75  -1  -1  -1  -1  -1 
 34  -1  -1 105 105  -1  92  92  -1  -1  -1  90  90 118  -1  -1  -1  -1 112  -1  -1  -1  -1 107 107 107 
 35  -1  -1 119 119 119  -1  -1  -1  -1  -1  -1  -1  -1  -1  -1  -1  -1  -1  -1  -1  -1  -1  -1  -1  -1 
 36  -1  -1  -1  -1  -1 136 136  -1  -1  -1 134 134  -1  -1  -1  -1 162 151 151 151 149 149 156  -1  -1 
 37  -1  -1  -1  -1  -1  -1  -1 163 163 163  -1  -1  -1  -1  -1  -1  -1  -1  -1  -1  -1  -1  -1  -1  -1 
 38  -1  -1 180 180  -1  -1  -1 193 193  -1  -1  -1 178 178  -1  -1  -1 200 206  -1  -1  -1 195 195 195 
 39  -1  -1  -1  -1  -1  -1  -1 207 207 207  -1  -1  -1  -1  -1  -1  -1  -1  -1  -1  -1  -1  -1  -1  -1 
 40  -1 250 237 237  -1 224 224 244  -1  -1  -1  -1 222 222  -1  -1  -1  -1  -1  -1  -1  -1 239 239 239 
 41  -1  -1  -1  -1  -1  -1  -1  -1  -1  -1  -1  -1  -1  -1  -1 251 251 251  -1  -1  -1  -1  -1  -1  -1 
 42  -1  -1 268 268  -1 266 266  -1  -1  -1  -1  -1 281 281  -1  -1 294 283 283 283  -1 288  -1  -1  -1 
 43  -1  -1  -1  -1  -1  -1  -1  -1  -1  -1  -1  -1 295 295 295  -1  -1  -1  -1  -1  -1  -1  -1  -1  -1 
 44  -1  -1 225 230  -1  -1  -1  -1   9  -1 274  -1  -1  -1 310  -1  -1  -1  -1  -1 229 109  -1  -1 314 
 45  -1  -1  65  -1  -1  -1  -1  97 140  -1  -1  -1  -1  -1  -1  -1  -1 272  -1  -1  -1  -1  -1  -1  -1 
 46  -1 231  -1  -1  -1  -1  -1 270  -1  -1  -1 273  99  -1  -1  -1  -1 226  -1 309  -1  -1  -1  -1  -1 
 47  -1 137  96  -1  -1  -1  -1  -1 228  -1  -1  -1  -1  -1 241  -1 187  10  -1  -1 143 183  -1  -1  -1 
 48  -1   6  -1  21  -1  -1  -1 182  -1  -1  -1  -1 269  94  -1  -1  -1  -1  -1  -1  95 275  -1 181  -1 
 49  -1  49  -1 142 311  -1  -1  52  -1  -1  -1 227  -1  -1  -1  -1  -1  -1  -1  -1  -1  -1  -1  54  -1 
 50  -1 271  -1  -1  -1  -1  -1  -1  -1  -1  -1  53  -1  -1  -1  -1  -1  -1  -1  -1  -1  -1 153  -1 285 
 51  -1  -1  -1  -1  -1  55  -1  -1  -1 315  -1  -1 141  -1  -1  -1  -1  98  -1  -1  -1  -1  -1  -1  -1 
 52  -1 185  -1  -1  -1  -1  -1   5  93  -1   7 186  -1  -1  -1 316  -1  50 308  -1  -1  -1  -1  -1  -1 
 53 312  -1 138  51  -1 197 184  -1  -1  -1  -1   8  11  -1  -1  -1  -1 139  -1  -1  -1  -1 313  -1  -1 

r\t   0   1   2   3   4   5   6   7   8   9  10  11  12  13  14  15  16  17  18  19  20  21  22  23  24 
  0  -1  -1  -1  -1  -1 221  -1  -1  -1  -1 217  -1  -1 191  -1  -1 123  27  -1  -1  -1  73  -1 173  -1 
  1  -1 219  -1  -1  -1  -1  -1  -1  -1  -1  -1  -1  -1 103  -1  -1 279  -1 289  -1  -1 168  -1  -1  -1 
  2  -1  -1 209  -1  -1  -1 278  -1  -1  -1  -1  -1  66  72  -1  -1 256  60  60  -1  -1  -1  -1  -1  -1 
  3  40 110 135 267  -1  -1 264  79 160  -1  38  -1 170  -1  -1  -1 298  -1  -1  -1  -1  -1  -1  12  -1 
  4  -1  -1  -1 234  -1 176 196  -1  -1  -1 216  -1  -1  -1  -1  -1  -1  36  -1  -1  -1  -1  86  -1 125 
  5  -1 203 276 117  -1  -1  67  -1  57  -1  -1  56  -1  -1  -1  -1  -1  -1  -1  -1  -1  -1  -1  -1  -1 
  6  -1  -1 254  -1  -1  -1  -1  -1 204  -1  -1 210 287 255  -1  -1  -1  -1  -1  -1  -1  -1  -1  -1  -1 
  7  -1  -1  -1  -1  -1  -1 243 199  -1  -1  -1 166 236 236  -1  -1 188  -1 131  -1  -1  -1  -1  -1  -1 
  8  -1 302  -1 248  -1  -1  -1  -1 300  -1 126  28  -1 172 220  -1  -1  -1  -1  -1  -1  -1  -1  -1  -1 
  9  -1 249  32  -1 259  -1  -1  -1  -1  -1  -1  84 174  58  -1  -1  59  14  -1  -1 106  -1  -1  -1  -1 
 10  -1  -1  -1  34  -1  16  16  -1 247  -1 280 280  -1  -1  -1  -1 232  -1  -1  -1  -1  -1  -1  -1  -1 
 11  -1  -1 169 218  -1  -1  -1 238 240  -1  -1  -1  -1  -1  -1  -1  13 157  42  -1 307  -1  -1  -1  -1 
 12  -1  -1  -1  -1  -1  81   0  -1  -1  -1  -1  -1 111  -1  -1  -1  -1  -1  -1  -1  -1 128  -1 202  -1 
 13  -1 127 164 299  -1 175 122  83  -1  -1 263  41  -1  -1 214  -1  -1  -1  -1  -1  -1  -1  -1  88  -1 
 14  -1 130 155  70  -1  -1 101  -1  -1  -1 192 192  -1  -1  -1  -1  -1  -1 144  -1  -1  -1  -1 253  -1 
 15  -1 150 296  -1 129  -1  -1 158  -1  -1  -1 233 198  -1  -1  -1  -1  -1  -1  -1  -1  -1  -1  -1  -1 
 16  -1 242 165  -1  -1  -1  -1 286 277  -1  -1  -1  -1 211  -1  -1  -1  -1  -1  -1  -1  -1 121 297  -1 
 17  -1 292 235 282 213  87  -1  -1  69  -1  -1  -1 246 290  -1  -1 171 116  -1  -1  -1  -1 305  -1  -1 
 18  -1  -1  -1  -1  -1  -1  47  35  -1  -1  -1  -1  -1 114  -1  -1  -1  -1  44  -1  -1 293  -1  -1  -1 
 19  -1 306  -1  -1  -1  -1  -1  -1  -1  -1  -1  77  -1 265  -1  -1  -1  -1 108  -1  -1  -1  -1  -1 303 
 20  -1  -1  15 189  -1  -1  -1  -1 147  -1  -1 146  -1  -1  -1  -1  -1  -1  -1  -1 301  26  -1  -1  -1 
 21  -1  -1  76  -1  -1  -1 208  -1  29  -1  -1 252  -1 284  -1  -1  -1  -1  -1  -1  -1  -1  -1  -1 260 
 22  -1  62  -1  39  -1  -1  -1  -1  -1  -1  -1  -1  -1  -1  -1  45  -1 102  78  -1  -1 257 291  -1  -1 
 23  -1  -1 104 104  -1  -1 133  -1  -1  -1  -1  -1 167  -1  -1  -1  -1  -1  -1  -1 148 148 261 113  -1 
 24  -1  22  -1  -1  -1  -1  -1  -1  -1  -1  -1  -1  -1  -1  -1  -1  -1  -1   1  -1  -1  -1 245  -1  -1 
 25  -1  -1  -1 145  -1  -1  -1  -1  -1  -1  -1  71 205 152  -1  -1  91  -1  -1  -1  -1  64 201  -1  -1 
 26  -1  -1  -1  23  -1  -1 304  -1 190  -1  -1  20  -1  -1  -1  -1  -1  -1  -1  -1  -1 212  -1  -1  -1 
 27  -1  80  -1   3  -1  -1  -1 154  -1  -1  -1 100  -1  -1 262  -1  33  -1  89  -1  -1  -1  -1  -1  -1 
 28  -1 124 179 215  -1  -1  82  18 132  -1  -1 115  -1 161  -1  -1  -1  -1  -1  -1  -1  -1  25  -1  -1 
 29  -1  37 194  -1  -1  -1 223  -1  -1  -1  -1  85  -1 258  43 177 159  -1  -1  -1  -1 120  -1  -1  -1 
 30  -1  24  -1  -1  -1  -1  -1  -1   2   2   4   4  -1  17  17  -1  -1  -1  -1  -1  19  19  19  30  -1 
 31  -1  -1  -1  -1  -1  -1  -1  -1  -1  -1  -1  -1  31  31  31  -1  -1  -1  -1  -1  -1  -1  -1  -1  -1 
 32  -1  -1  63  63  63  -1  68  -1  -1  -1  48  48  -1  46  46  -1  -1  74  -1  -1  -1  -1  61  61  -1 
 33  -1  -1  -1  -1  -1  -1  -1  -1  -1  -1  -1  -1  -1  -1  -1  -1  -1  -1  -1  -1  -1  -1  75  75  75 
 34  -1  -1 112  -1  -1  -1  -1 105 105  -1  90  90 118  92  92  -1  -1  -1  -1  -1  -1  -1 107 107 107 
 35  -1  -1  -1  -1  -1  -1  -1 119 119 119  -1  -1  -1  -1  -1  -1  -1  -1  -1  -1  -1  -1  -1  -1  -1 
 36  -1 162  -1  -1  -1  -1  -1  -1  -1  -1 134 134  -1 136 136 151 151 151 156  -1  -1  -1 149 149  -1 
 37  -1  -1  -1  -1  -1  -1  -1  -1  -1  -1  -1  -1  -1  -1  -1  -1  -1  -1  -1  -1  -1  -1 163 163 163 
 38  -1  -1  -1 200  -1  -1  -1 206 178 178  -1  -1  -1 180 180  -1  -1 193 193  -1  -1  -1 195 195 195 
 39  -1  -1  -1  -1  -1  -1  -1  -1  -1  -1  -1  -1  -1  -1  -1  -1  -1 207 207 207  -1  -1  -1  -1  -1 
 40  -1  -1  -1  -1  -1  -1  -1 244  -1  -1 222 222  -1  -1  -1 224 224 237 237  -1  -1 250 239 239 239 
 41  -1  -1  -1  -1  -1  -1  -1  -1  -1  -1  -1  -1  -1  -1  -1  -1  -1 251 251 251  -1  -1  -1  -1  -1 
 42  -1  -1  -1  -1  -1  -1 288  -1  -1  -1 268 268 294  -1  -1 266 266  -1 281 281  -1  -1 283 283 283 
 43  -1  -1  -1  -1  -1  -1  -1  -1  -1  -1  -1  -1  -1  -1  -1  -1  -1 295 295 295  -1  -1  -1  -1  -1 
 44  -1  -1  -1  -1  -1  -1  -1  -1  -1  -1  -1  -1  -1  -1  -1  -1  -1  -1  -1  -1  -1  -1 308 137  -1 
 45  -1  -1 269  98  -1  55  -1  -1 229  -1  -1  -1  -1  -1  -1  -1 182  -1  -1  -1  -1 184  -1  -1  -1 
 46  -1 313  -1 187 316  -1  -1  -1  51  -1  -1  -1  -1  -1  -1  99  -1 139  -1  21  -1  97  -1  -1  -1 
 47  -1  -1  94  52  -1  -1  -1  -1  -1 225  -1  -1  -1  -1  -1  -1  -1  -1 141  -1  -1  -1  -1 183  -1 
 48 312  -1 231  -1  -1  93  -1  -1  -1  -1  -1  -1 153  -1  -1  -1   7   8  -1  -1  -1   5  -1  -1  -1 
 49  -1  -1  -1  -1  -1  -1  96 315  -1 143  -1  -1  -1  -1 271  -1  49  95  -1  -1  -1 142  -1  10  -1 
 50  -1  -1  -1  -1  -1  11  -1  65  -1 274  -1  -1  -1  -1  -1  -1  -1  -1  -1 309 241 230  -1 272  -1 
 51  -1 285   6 226  -1 138  -1  -1  -1  54  -1 181  -1 227  -1  -1  -1  -1 228  -1  -1  -1  -1  -1  -1 
 52  -1 197  -1  -1  -1 275  -1  -1 273  -1 185  -1 314  -1  -1  -1 109  50  -1  -1  -1 270  -1  -1  -1 
 53  -1  -1  -1 140  -1  -1 186  -1  -1  -1  -1  -1  -1  -1  -1   9  -1  -1  -1  -1 311  53  -1  -1 310 

r\t   0   1   2   3   4   5   6   7   8   9  10  11  12  13  14  15  16  17  18  19  20  21  22  23  24 
  0  -1 116  -1  -1 213  -1  -1 148 148  -1  -1  -1  -1 232  -1  -1 234  -1  -1  -1  -1  -1  -1  -1  -1 
  1  -1 166  -1 297  -1  -1  -1  -1 209  -1  -1  -1  -1  -1  -1  -1  79  -1  -1  -1  -1  -1 284  25  -1 
  2  -1  -1  -1  -1  -1  -1 164 260  -1 261 259  -1 154  -1  -1  -1  -1  -1  -1  -1 218  -1  67  -1  -1 
  3  -1  -1 155  -1  -1  -1  -1 194  -1  -1  -1 146  -1  -1  -1  -1  -1 208  -1  -1  -1 205  -1  -1  -1 
  4  -1  28  -1  -1  -1  -1  -1 110  20  -1  -1 113  -1  35  -1  -1  -1  -1 279  -1  -1  -1 111  -1  -1 
  5 169  -1 280 280  -1  -1  -1 248  -1  -1  -1 157  -1 152  -1  -1 122  -1  -1  -1  -1  -1  80  -1  -1 
  6  -1  -1 104 104  -1  -1  -1 262 101  -1  -1  -1  -1  -1  -1  -1  37  -1  -1  -1 236 236  -1 124  -1 
  7  -1  -1  -1 172  -1  -1 254  -1 278  -1  -1  34 135 167  -1  -1  -1  -1  -1  -1  -1  -1 117  -1  -1 
  8  -1  -1  -1  -1  -1  -1 188  64  -1  -1  -1 219 120  -1  22  -1  36 216 242  -1  -1  69 174  45 220 
  9  -1  15 212  59  -1  -1  26  -1  -1  -1  -1  -1  -1  -1  -1  -1  -1  -1  -1  -1  -1 133  -1  -1  -1 
 10  -1 128  81  -1  -1  -1  73  -1 249 257 177 196  -1  14  -1  -1  -1  -1  -1  -1  -1  -1  16  16  -1 
 11 129  -1  -1  -1  -1  -1  -1  -1 115  -1  -1  -1  -1  -1  -1  -1  -1 175  -1  -1  -1 215  -1  89  -1 
 12  -1  -1 121  -1  -1  -1 277 158 159  -1  -1  -1  -1  83  -1 302   3  -1  72  -1  -1  -1 223  -1  -1 
 13  -1 256  -1  -1 150  -1  -1  -1   1  -1  -1  88 253  -1  -1  -1  -1  -1  27  -1  -1  32  -1 131  -1 
 14 265  -1  -1  -1  -1  -1  -1  -1  -1  -1  86  -1  -1  -1 127  -1  -1 243  -1  -1  -1  -1  -1 221  -1 
 15  -1  -1  -1  -1 287  -1 114  -1  -1  -1  -1  -1  44 305  -1 106  -1  -1  -1  -1  -1 246  91  -1  -1 
 16  -1  -1  -1  -1  -1  -1 203  42  -1  -1  -1  12  -1  -1  -1  -1 258  -1  -1  -1  -1  -1  38  -1 176 
 17  -1  -1 130 145  -1  -1 233  -1  -1  -1  -1  -1  -1  -1  84  -1  58  66 165  -1  -1 198  -1  -1  -1 
 18  -1 201  62  -1  -1  -1  13  -1  -1  -1  -1  -1  -1 293  -1  -1  -1 255  -1  -1  -1 286 238  -1  -1 
 19  -1  -1  -1  -1  -1 214  -1  -1  -1  -1  85 300 191  57  -1  -1 204 160  -1  -1  -1 263 306  -1  -1 
 20  -1  -1 240 202  -1  -1 100  -1  -1  -1  -1  -1  29  -1  -1  -1  -1  -1  -1  87  -1  -1 247  -1  -1 
 21  -1  -1  -1  39  -1  -1 292 282  -1  -1  -1  -1 171 132  -1  -1  -1  -1  -1  -1  -1 168  -1  70  -1 
 22  -1  -1  -1  -1  -1  -1  -1  -1  -1  -1  -1  -1  -1  -1  -1  -1  -1  -1 289  -1  -1 179 211  -1 303 
 23  -1  -1  -1 161  -1  -1 147  -1  -1  -1  -1  -1  -1  -1 170  -1  -1 199  -1  -1  -1  -1 210  -1  -1 
 24  -1  56 291 173  -1  -1  -1  -1 190  -1  -1 245  -1  -1  -1  -1  23  -1  -1  -1  60  60  47 276  -1 
 25  -1  -1  -1  -1  -1  -1  -1  -1 296  -1  -1 103  -1  -1  -1  -1 189  -1 252  -1  -1 267 192 192 217 
 26  -1  -1  -1  -1  -1  -1  -1  -1 235  -1  -1  -1 304  -1  -1  -1  -1  -1  40  -1  -1  -1 264  -1  43 
 27  -1  -1  -1 123  -1  -1 125  82 307  -1  -1  -1  41  -1  -1  -1  -1  -1  -1 126  -1 102  -1  -1  -1 
 28  -1  78  -1  -1  -1  -1 301  -1  -1  -1  -1  -1   0  77  -1  -1 298  -1  -1  -1  -1 290  -1  -1  -1 
 29  -1 108  -1  -1  -1  -1  -1 299  -1  -1  -1  76  -1  71  -1  -1 144  33  -1  -1  -1  18  -1  -1  -1 
 30  -1  -1  17  17  -1   2   2  30  -1  -1  -1  -1  -1  -1  -1  -1  -1  19  19  19  -1  -1  24   4   4 
 31  -1  -1  31  31  31  -1  -1  -1  -1  -1  -1  -1  -1  -1  -1  -1  -1  -1  -1  -1  -1  -1  -1  -1  -1 
 32  48  48  -1  74  -1  46  46  -1  61  61  63  63  63  -1  -1  -1  -1  68  -1  -1  -1  -1  -1  -1  -1 
 33  -1  -1  -1  -1  -1  -1  -1  75  75  75  -1  -1  -1  -1  -1  -1  -1  -1  -1  -1  -1  -1  -1  -1  -1 
 34  90  90  -1  -1  -1  92  92 118  -1  -1  -1  -1 107 107 107  -1  -1 105 105  -1  -1 112  -1  -1  -1 
 35  -1  -1  -1  -1  -1  -1  -1  -1  -1  -1  -1  -1  -1  -1  -1  -1  -1 119 119 119  -1  -1  -1  -1  -1 
 36 134 134  -1  -1  -1 136 136  -1  -1  -1  -1  -1 156  -1  -1  -1 162 151 151 151  -1  -1 149 149  -1 
 37  -1  -1  -1  -1  -1  -1  -1  -1  -1  -1  -1  -1  -1  -1  -1  -1  -1  -1  -1  -1  -1  -1 163 163 163 
 38  -1  -1 195 195 195  -1  -1 200 180 180  -1  -1  -1 193 193  -1  -1  -1 206  -1  -1  -1 178 178  -1 
 39  -1  -1  -1  -1  -1  -1  -1  -1  -1  -1  -1  -1 207 207 207  -1  -1  -1  -1  -1  -1  -1  -1  -1  -1 
 40 224 224  -1 237 237  -1  -1  -1 222 222 239 239 239 250  -1  -1 244  -1  -1  -1  -1  -1  -1  -1  -1 
 41  -1  -1 251 251 251  -1  -1  -1  -1  -1  -1  -1  -1  -1  -1  -1  -1  -1  -1  -1  -1  -1  -1  -1  -1 
 42  -1  -1  -1  -1  -1  -1  -1  -1 266 266 268 268 283 283 283 281 281  -1  -1  -1  -1  -1 288 294  -1 
 43  -1  -1  -1  -1  -1  -1  -1  -1  -1  -1  -1  -1  -1  -1  -1  -1  -1 295 295 295  -1  -1  -1  -1  -1 
 44 186  -1  -1  -1  -1 225 272 313  -1  -1  93   6  -1  10  -1  -1 142  -1 308  -1  -1  95  -1  -1  -1 
 45  -1  -1 309  -1  -1  -1  -1 241  -1  -1  -1  -1  -1  -1  -1 316  -1  -1 197  -1 314 228  -1 275  -1 
 46  -1 181  -1 269  -1  -1  -1  -1  -1  97  -1  -1  -1  53  -1  -1 270  -1  65  -1  -1  -1  -1  -1  -1 
 47  -1   5  -1  -1  -1  -1  -1  -1 139 138  -1 226  -1 183  -1  -1  96  -1  -1  -1  -1  -1  -1  -1  -1 
 48  -1  -1  -1  -1  -1 185  -1  21  -1  -1  -1  -1  -1  -1  -1  -1  -1  -1  -1  -1  -1  -1  -1  -1  99 
 49  -1  -1  -1  98  -1 274  -1  -1  -1   8  -1 140  -1  -1  -1  -1  -1  -1  -1  -1 109  49  11  -1  -1 
 50  -1 273  -1  -1  -1  -1 187  -1  -1  -1   9  -1  -1 231  -1  -1  -1 311  -1  -1 285  -1  -1  -1  -1 
 51   7  -1  -1 137 310  -1  -1  -1  -1  -1  -1 184  -1  -1  -1  -1  51  -1  -1  -1 153  -1  -1  -1  -1 
 52  -1  -1  -1  50  -1  -1  -1  -1  54  -1 143  52  -1  -1  -1  -1 182  -1  -1  -1  -1  -1  -1  -1 271 
 53  -1  -1  -1  -1  -1  -1 227  -1  94  -1  -1  -1 229  -1 315  -1 230  -1  -1 312  -1  -1 141  -1  55 

r\t   0   1   2   3   4   5   6   7   8   9  10  11  12  13  14  15  16  17  18  19  20  21  22  23  24 
  0  -1  -1  -1 188  -1  -1 129 253  -1  -1  -1  -1  -1 302  -1  -1  -1  -1  -1  -1 219  -1  -1  -1  -1 
  1  -1 223  -1 256  -1  -1 201  70  13  -1 238  -1  -1  -1  -1  -1  -1  -1  -1  -1  -1 133  78  -1  -1 
  2  -1  -1  -1  34  -1  -1 127 173  32 217  -1  -1  -1  -1  -1  -1  -1  -1  -1  -1  -1 221 304  -1  -1 
  3  -1  -1  -1  -1 130  -1  -1  -1  -1  -1  -1  -1 235  -1  -1  -1  -1  -1  -1  -1  -1 277 176  -1  -1 
  4  -1  -1 154 282  -1  -1  -1 144  -1 171  -1  -1  -1  -1  -1  -1  -1  -1  -1  -1  81  -1  -1  -1  -1 
  5  -1  29  76  -1  -1  -1  -1  -1  80  -1  -1  36  -1  -1 263  -1  -1  -1 132  -1  -1  -1  -1  -1  -1 
  6  -1  -1  -1  -1  -1  -1 189  -1  -1  -1  -1  -1  -1  -1  -1  -1  -1 148 148  -1  -1 101  -1  -1  -1 
  7  -1 190  -1  -1  -1  -1 145  -1 265  -1  -1 261 284  57  -1  -1  -1 258  -1  -1  -1  -1 208  42  -1 
  8  -1 157 106 267  -1  -1  -1  -1 146  -1  -1  88  -1 306  -1  -1  -1  -1  -1  -1  -1  -1  -1  -1  37 
  9  -1  -1  -1   3  -1  -1 172  64 254  -1  -1 113  -1  -1  -1  -1  -1  -1  20  -1  -1  -1  26  -1 303 
 10  -1  -1 289  -1  -1  -1 257 236 236  -1  -1 252  -1 292  -1  -1  -1  -1  -1  -1  -1 264  -1 122 218 
 11  -1 305  -1 125  -1  -1  25  15   0  -1  -1  12  -1 255  -1  -1  -1  -1 177  -1  -1  -1  -1  -1  -1 
 12  -1  91 279  -1  -1  -1  -1  -1 205  -1  -1  -1  -1 307  -1 169 240  -1  -1  -1  -1  -1  -1  -1  -1 
 13  -1  -1  -1 301  -1  -1  -1  -1  -1 126  -1  -1  -1 280 280  -1  -1 175  -1  -1  -1  -1  -1  -1  84 
 14  -1  -1  35 167 150  -1  -1  -1 131  -1  -1  -1  -1  79  -1  -1  73  -1  -1  -1  -1  -1  -1  -1  -1 
 15  -1  -1  -1 298  87  -1  59  -1  -1  -1  -1  -1  33  -1  -1  -1  -1  -1  -1  -1  -1 179  -1  -1 243 
 16  -1 135 246  -1  -1  -1  69 110  -1  -1  -1  -1 191  27  -1  -1  85 165  -1  -1  -1  -1 290  -1  -1 
 17  -1  -1  -1  -1  -1  -1 232 164  -1  -1  -1 233 214  -1  -1  -1  -1 203 202  -1  -1  -1  58  -1  -1 
 18  -1  77  -1 211  -1  -1  -1  -1  45  -1  -1 296 120 209  -1  -1  -1  -1  -1  -1  -1  -1 276  -1  -1 
 19  -1  -1  -1  -1  -1  -1 159  -1  -1  -1 170  72  -1 103  -1  -1  47  -1   1  -1  18  56  -1  -1  -1 
 20  -1  -1  -1  71  -1  -1  -1  -1  -1  -1  -1  -1  83  -1  -1  -1 196 198  -1  -1 242  -1  -1  -1  -1 
 21  -1  -1  -1  -1  -1  -1  14 116  43  -1  -1 262  -1 192 192  -1 160  -1 124  -1  -1  -1  -1 278  -1 
 22  -1  -1  -1  -1  22  -1  -1  -1 123 287 286  44 128  -1  -1  -1  -1  -1 293  -1  -1  -1  -1  -1 174 
 23  60  60 210  23  -1  -1  -1  -1  -1  -1  -1  -1 299 152  -1  -1 117  -1  -1  -1  -1  -1 245 158  -1 
 24  -1 249  -1  -1  -1  -1  38 259 104 104  -1 147  -1  -1  -1  -1  -1 300  -1  -1  -1  -1  -1  -1  -1 
 25  -1 111  -1 213  -1  -1  -1 260  -1  -1  -1  -1  -1  -1  -1  -1  -1  -1 108  -1  -1  -1  -1  -1  -1 
 26  -1  -1  -1  -1  -1  -1  -1  -1  -1  -1  -1  -1  -1  -1  -1  -1  62  -1  -1  -1  -1 168  -1 212  66 
 27  -1  -1  -1  -1  -1  -1 121 291  -1  -1  -1  -1  41  40  -1  -1 247  -1  -1  -1  -1 199  -1  -1  -1 
 28  -1 155 194  -1  -1  -1 297  39  -1  -1  -1  -1  -1  -1  82  -1  -1  -1  -1  -1 215 204  16  16  -1 
 29  -1 115 114 100  -1  -1 248  -1 166 216  -1 161  -1 220  67  -1 102  -1  89  -1  -1  -1 234  28  86 
 30  -1  -1  -1  -1  -1   2   2  30  -1  -1  -1  -1  19  19  19  17  17  -1  -1  -1  -1  24   4   4  -1 
 31  -1  -1  -1  -1  -1  -1  -1  -1  -1  -1  -1  -1  -1  -1  -1  31  31  31  -1  -1  -1  -1  -1  -1  -1 
 32  -1  -1  63  63  63  46  46  -1  -1  -1  -1  -1  -1  68  -1  -1  -1  -1  61  61  -1  74  48  48  -1 
 33  -1  -1  -1  -1  -1  -1  -1  -1  -1  -1  -1  -1  -1  -1  -1  -1  -1  75  75  75  -1  -1  -1  -1  -1 
 34  -1  -1  -1 118  -1  92  92  -1  90  90 107 107 107  -1  -1  -1  -1 112  -1  -1  -1  -1 105 105  -1 
 35  -1  -1  -1  -1  -1  -1  -1  -1  -1  -1  -1  -1  -1  -1  -1  -1  -1  -1  -1  -1  -1  -1 119 119 119 
 36  -1  -1 156  -1  -1 134 134  -1 136 136  -1  -1  -1  -1  -1 149 149  -1 162  -1  -1  -1 151 151 151 
 37  -1  -1  -1  -1  -1  -1  -1  -1  -1  -1  -1  -1 163 163 163  -1  -1  -1  -1  -1  -1  -1  -1  -1  -1 
 38  -1 200  -1  -1  -1 180 180 206 193 193  -1  -1  -1  -1  -1 178 178  -1  -1  -1  -1  -1 195 195 195 
 39  -1  -1  -1  -1  -1  -1  -1  -1  -1  -1 207 207 207  -1  -1  -1  -1  -1  -1  -1  -1  -1  -1  -1  -1 
 40  -1  -1 239 239 239 222 222  -1 224 224  -1  -1 244  -1  -1  -1  -1 237 237  -1  -1  -1  -1 250  -1 
 41  -1  -1  -1  -1  -1  -1  -1  -1  -1  -1  -1  -1  -1  -1  -1  -1  -1 251 251 251  -1  -1  -1  -1  -1 
 42  -1  -1  -1  -1  -1 281 281  -1  -1  -1  -1  -1 268 268  -1 266 266 283 283 283  -1 288  -1 294  -1 
 43 295 295 295  -1  -1  -1  -1  -1  -1  -1  -1  -1  -1  -1  -1  -1  -1  -1  -1  -1  -1  -1  -1  -1  -1 
 44  -1   6  -1  -1  -1  -1 274  51  -1  -1  -1   5  -1  50  -1  -1 139  -1  -1 308  -1  -1  -1  -1  -1 
 45  -1  52  -1  -1  -1  -1  -1  -1  -1   9  -1  -1 231  96  -1  -1  -1 315  -1  -1  -1  -1 275  -1  -1 
 46  -1  -1  -1 140  -1  -1  -1  -1  -1  -1  -1 141 181  -1  -1 143  -1  -1  -1  -1 311  95  -1  -1  -1 
 47  -1  -1  -1  -1  -1  -1  -1 269  -1  -1  -1 273  -1  -1  -1  -1  -1  -1  -1  -1  -1   8  -1 186  -1 
 48  -1  -1  -1  -1  -1 271  -1 197  -1  -1  -1  -1  -1  -1  -1  -1  10  -1  -1  -1  -1  -1 137  -1  -1 
 49 312  -1  -1  94  -1  -1  -1  -1  -1  -1  -1 227  -1   7 310 230  -1  -1  -1  -1  -1  -1  -1  -1  -1 
 50  -1 270 313  -1 285  -1  -1  -1 183  -1 309  -1  55 182  -1  -1 226  -1  -1  -1  -1  -1  -1 272 314 
 51  -1 187  -1 184 316  -1  -1 225  -1 185 153  -1  -1  -1  -1  99  98  -1  -1  -1  -1  -1  93 229  -1 
 52  -1  -1  -1  -1  -1  -1  -1 138  -1  -1  -1  -1  -1  -1  -1  49  -1  -1  -1  -1  -1  -1  -1  97  -1 
 53  -1 241  21  -1  -1  -1  -1  11  -1  54  65  -1  -1 142  -1  -1  -1 109  -1  -1  -1  53 228  -1  -1 

r\t   0   1   2   3   4   5   6   7   8   9  10  11  12  13  14  15  16  17  18  19  20  21  22  23  24 
  0  -1  -1  91  -1  -1  -1  -1  -1  -1  -1  -1 306 122  -1  -1  -1  -1  -1  23  -1  -1  -1  -1  -1  -1 
  1  -1 255  -1 132  -1  -1  -1  -1  -1  -1  -1  -1  -1  -1  -1  -1 114   3 204  -1  -1 238  -1  -1  -1 
  2  -1  -1 123 293  -1  -1 201  -1  -1  -1  -1  -1  67  -1  -1  -1  -1 190 282  -1  -1  -1  -1  -1  -1 
  3  -1 103  -1  -1  -1  -1  -1  -1  -1  -1  -1 121  -1  -1  -1  -1  86  -1  -1  -1  -1  28  59  -1  -1 
  4  -1  -1 133  -1  -1  -1 240 218  -1  -1  -1  -1 196  16  16  -1  -1 245  -1  -1  -1 128  44  -1  -1 
  5  -1  79  84  13  -1  -1  -1 192 192  -1  -1 254  40  -1  -1 301 296  -1  -1  -1  -1  -1  -1 246  -1 
  6  -1  -1  -1 102 220  -1 135  -1  -1 131  -1  66  -1  -1  -1  -1 144  70  -1 129  -1  -1  -1  -1  -1 
  7  -1  -1 111  85  -1  -1  -1  -1  33  -1  -1 191  35  -1  -1 214  -1 299 261  -1  -1  -1  -1  -1  -1 
  8 242  -1  -1 208  -1  -1  -1 165  -1  -1  -1  -1 146  -1  -1 280 280  -1  -1  -1  -1 159  -1  -1  -1 
  9  -1 211 243  69 155  -1 284  -1  -1  -1  -1  -1  -1  -1  -1  -1  -1 160  -1  -1 265  -1  -1  -1  87 
 10  -1  -1  -1  -1  -1  -1  -1  -1  -1  -1  -1  -1  -1  -1  -1  -1  -1  -1  -1  -1 177 287  -1 278 170 
 11  -1 210 300  -1  -1  -1  -1  27  -1  -1  -1  77  -1  -1  -1  -1 307  -1 253  -1  -1  -1  -1  -1  -1 
 12  -1  -1  -1 252  -1  -1   1  -1 286  -1  -1 167  72 209  -1  -1  -1  -1  -1  -1  -1  -1  -1  -1 130 
 13  -1 217  -1  37  -1  -1  73  -1  -1  -1  -1  18  -1  58  -1  -1  -1  -1  -1  -1 221 147 277  -1  -1 
 14  -1  -1  32  -1  -1  -1 154  -1  -1  -1  -1  -1  -1 233  -1  -1   0 212  -1  -1  -1  -1  -1  -1  -1 
 15  -1  -1 168  -1  -1  -1  -1 205 267  -1  -1  -1 235  -1 174  -1  76  -1  62  -1  -1  -1  -1  57  -1 
 16  -1  -1  14  -1  -1  -1  64  -1  -1  -1  -1 127 249 166  -1  -1  -1  -1  -1  -1  -1 291  -1  39  -1 
 17  -1  -1  -1  25  -1  -1 108  -1  -1  -1  -1  -1  -1  -1  -1  -1  -1  26  -1  -1  -1  -1  -1 203 173 
 18  -1  -1  -1  -1  -1 219 290  -1 175  -1  83  -1  -1 305  -1  -1 232  22 194  -1  -1  -1  -1  -1  -1 
 19 303 157  81  -1  -1  -1 117  -1  -1  -1  41  -1 289  -1  -1  38  -1 216 126  -1  -1 199 113  -1  -1 
 20  -1 116  -1  -1  -1  -1 198  -1 164  -1  -1 106  -1 298  -1  -1  -1  -1  -1  -1  -1  -1  -1  -1  43 
 21  -1  20  -1  -1  -1  -1  -1  -1  -1  -1  -1  -1  12  -1  -1  -1 188 101  34  -1  -1  -1  88  -1  -1 
 22  -1  56 264  -1  -1  -1 179  -1  -1  -1  -1  -1  47  -1  -1  -1  -1  -1  -1  -1  -1  -1 292  -1  -1 
 23 148 148 223  -1  -1  -1  -1 124 152  -1  -1  -1  -1 145 169  -1  -1  -1 158  -1  -1 247  -1  -1  -1 
 24  -1  -1  -1  -1  -1  -1 256  -1  -1  -1  -1  -1 215 279  -1  -1 100  -1  -1  -1  -1  -1 202 297  -1 
 25  -1 234  -1  -1  89  -1  82  -1  -1  -1 257  -1  -1  71  -1  -1  -1  -1 302  -1  -1  -1 236 236  -1 
 26  -1  -1  -1  -1  -1 176  -1  -1  -1 171  -1 259  -1 248 260  -1  -1  -1  -1  -1  -1  -1 262  -1  -1 
 27  -1  -1 258  -1  -1  -1  -1 276 304  -1  -1  -1 161  -1  -1 172  15  -1  80  -1  -1  -1  78  -1  -1 
 28  -1  -1  -1 189  -1 263  -1 104 104  -1  -1  -1  -1  -1  -1  -1  -1  -1  -1  -1  -1  -1  -1  -1  -1 
 29  -1 213  60  60  -1  -1  36  -1  -1 150  -1  29  -1  42  -1  -1 125 115 110  -1  45  -1  -1 120  -1 
 30  -1  24   4   4  -1  -1  -1  19  19  19  -1  -1  -1   2   2  -1  30  -1  -1  -1  -1  -1  17  17  -1 
 31  -1  -1  -1  -1  -1  -1  -1  -1  -1  -1  -1  -1  -1  -1  -1  -1  -1  -1  -1  -1  -1  -1  31  31  31 
 32  -1  68  48  48  -1  -1  -1  61  61  -1  -1  -1  -1  46  46  63  63  63  -1  -1  -1  74  -1  -1  -1 
 33  -1  -1  -1  -1  -1  -1  -1  75  75  75  -1  -1  -1  -1  -1  -1  -1  -1  -1  -1  -1  -1  -1  -1  -1 
 34  -1  -1  -1  -1  -1  -1  92  92 112  -1  -1  -1  -1 105 105  -1  90  90 118  -1  -1  -1 107 107 107 
 35  -1  -1  -1  -1  -1  -1  -1  -1  -1  -1  -1  -1 119 119 119  -1  -1  -1  -1  -1  -1  -1  -1  -1  -1 
 36  -1  -1  -1 156  -1  -1 162 136 136  -1  -1  -1  -1 134 134  -1  -1 151 151 151  -1  -1 149 149  -1 
 37  -1  -1  -1  -1  -1  -1  -1  -1  -1  -1  -1  -1  -1  -1  -1  -1  -1  -1  -1  -1  -1  -1 163 163 163 
 38 193 193  -1 178 178  -1  -1  -1 206  -1  -1  -1  -1 180 180  -1 200  -1  -1  -1  -1  -1 195 195 195 
 39  -1  -1  -1  -1  -1  -1  -1  -1  -1  -1 207 207 207  -1  -1  -1  -1  -1  -1  -1  -1  -1  -1  -1  -1 
 40  -1  -1 244  -1  -1 222 222 237 237  -1  -1  -1 224 224  -1  -1 250 239 239 239  -1  -1  -1  -1  -1 
 41  -1  -1  -1  -1  -1  -1  -1 251 251 251  -1  -1  -1  -1  -1  -1  -1  -1  -1  -1  -1  -1  -1  -1  -1 
 42  -1  -1 283 283 283  -1 266 266 294  -1 281 281  -1  -1  -1  -1  -1  -1 288  -1  -1  -1 268 268  -1 
 43  -1  -1  -1  -1  -1  -1  -1  -1  -1  -1 295 295 295  -1  -1  -1  -1  -1  -1  -1  -1  -1  -1  -1  -1 
 44  -1  49  -1  -1  50  97  -1  -1  -1  -1  -1 309  -1  -1 228  -1 270  -1  -1  -1 143  -1  -1  -1  -1 
 45  -1  -1  -1  -1  -1   8  -1  -1  -1  -1  -1  -1  -1  -1  -1  -1  -1  -1  -1  -1  -1  -1  -1 227  -1 
 46  -1   5  -1  95  -1  -1  -1  -1  -1  -1  -1 241  -1  -1  -1  -1  -1  -1  -1 316  -1 315  -1  -1  -1 
 47  -1  -1  -1  -1  -1  -1  -1 186  94  -1  -1  -1  -1  96  -1  -1  -1 275  -1  -1  -1  -1 226  -1  -1 
 48  -1  -1  -1  -1  -1 138  -1  -1 230  -1  -1  -1  11  -1  -1 312  -1  -1  -1  -1  -1  -1 142  55  -1 
 49 314 229  -1 225   9  -1  51  -1   6  -1  -1 153  -1  -1  -1  -1  -1  -1  -1  -1  98  21  -1  -1  -1 
 50  -1  99  -1  -1  -1  -1  -1  52  -1 285  -1  -1 137 272  -1  -1  -1  -1  -1  -1  -1 109 183  -1  -1 
 51  -1 141  -1  -1  -1 271  -1  -1 182  -1  -1  -1 185  -1 274  -1 139 187  -1  -1   7  -1  -1  -1  -1 
 52  -1 273 197 269  -1  -1  -1  -1  -1 311  -1  -1  93  -1  -1  -1 184  53 313  -1  -1  65  -1  -1  -1 
 53  -1 181  -1  -1  -1  54  -1  -1  -1  -1 310  -1  -1  -1  -1  -1 231 140  -1  -1  -1  -1  -1  10 308 

r\t   0   1   2   3   4   5   6   7   8   9  10  11  12  13  14  15  16  17  18  19  20  21  22  23  24 
  0  -1  -1  27  -1  -1  -1 238 215 120  -1 259  -1  73 117  -1  -1  -1  -1  -1  -1  -1  -1  -1  -1  -1 
  1  -1  14  -1 252  -1  -1  -1  -1  76  -1  -1  35  -1  41  -1 127  -1  -1  -1  -1  -1  -1  -1  -1  -1 
  2  -1  -1  -1  -1  -1  -1  -1  -1  -1  -1 280 280  -1  -1  -1  -1  57  -1  44  -1  -1  -1  -1  28  -1 
  3  -1  62 101  -1  -1  -1  -1 300  23  86  -1  -1 167  -1  -1  -1  -1  -1  -1  -1  -1 221  -1   0  -1 
  4  -1 191 256 154 155  -1 125  -1  -1  -1  -1  -1 148 148  -1  -1 264  -1  -1  -1  -1 246  -1  -1  -1 
  5  -1  -1 196  34  -1 150  -1  77  -1  -1  -1  -1 254  69  -1  -1  81 115  72  -1  -1  -1  -1  42  -1 
  6  -1  33 260 299  -1  -1  -1  -1  -1  -1  -1  59  60  60  -1  -1  -1  -1  -1  -1  -1  -1  -1  -1  -1 
  7  -1  -1 277  56  -1  -1  -1 213  -1  84  -1 233  -1 258  -1  -1  26  -1  -1  -1  -1  -1 164  -1  -1 
  8 217 232  -1  88  -1  -1 113 194 219  -1  -1  -1  -1  -1  -1  -1  -1  -1  -1  -1  -1  64  -1  -1  -1 
  9 282 152  -1 278  -1  -1 161  -1  -1  -1  -1  -1  -1  -1  -1  85  -1  -1  -1  -1  -1 240 174  -1  -1 
 10  -1  -1  -1  -1  -1  -1 245 242  -1 262  -1 248  -1  -1  -1 110  -1 159 211  -1  -1 145  -1  -1  -1 
 11  -1  -1 130  -1  -1  -1 212  -1  -1  -1  -1  -1  -1  -1  -1  -1  -1  80  -1  -1  -1  -1 279  -1  -1 
 12  -1 168  -1  -1  -1  -1  -1  -1  -1  -1  -1  79  -1  -1  -1  -1  -1  -1 297  -1  -1  -1 307  -1  -1 
 13  -1  47 296  -1  -1  -1  -1  -1  -1  -1  -1  -1 236 236  -1  -1 158  -1 210 216  -1  20  -1  -1  -1 
 14  -1 292  -1  82  -1 257  -1 147 234  -1  -1  -1  -1 208  -1  -1  -1  -1 304 173  -1 122 289  -1  -1 
 15  -1 133  -1  13  -1  -1  25 306 276  -1  -1 124  -1 102  -1  -1  -1  -1  -1  -1  -1  -1 146  -1  -1 
 16  -1  -1  -1  -1  -1  -1  -1 170  -1  -1  -1  -1  16  16  -1  -1 243  -1 214  -1  -1  -1 235  -1 171 
 17  -1 249  -1  -1  -1  -1 198 286  -1  -1  -1  -1  -1  -1  -1  -1  -1  -1  -1  -1  -1  -1  -1  -1  43 
 18  -1 261  -1  -1  -1  -1  -1 305  -1  -1  18  91  -1  -1  -1  -1  -1  -1 114  -1  -1  -1  -1  -1  -1 
 19  -1  -1  -1 121  -1  -1  -1  66 201  -1  -1 111  -1  -1  -1  -1 223  -1 189  -1  -1  -1  -1 302  -1 
 20  -1 205 160  -1  -1  -1  -1 301  -1  -1  -1  -1 290  -1 220  -1  -1 104 104  -1  -1  -1  -1 298  -1 
 21  -1  -1  78  -1  -1  -1  -1  -1  -1  -1  -1  -1 284  -1  -1  22  -1  -1   1  -1  -1 103 202  70  -1 
 22  -1 100  -1  -1  -1  -1  -1  -1 255  39  -1  -1  -1  -1  -1  -1  -1  -1  -1  -1  -1  -1  -1  -1  45 
 23  -1  -1  36  38  -1  67  -1  32  -1  -1 263  -1 203 287  -1  -1 179  -1  -1  -1  -1  -1 192 192  -1 
 24 126 116  37 175  -1 106  -1 131  -1  -1  -1  -1  -1 253  -1  -1  12  -1  -1  -1  -1  -1 176 247  -1 
 25 303  -1 123  -1  -1  -1  -1  71  -1  -1  -1 157  -1  29  -1  -1 169  -1  -1  -1  -1  -1  -1  -1  -1 
 26  -1  -1  -1 135  -1  -1  -1  83  -1  40  -1  -1  -1  -1  -1  -1  -1  -1 132  -1  -1 190  -1 204 177 
 27  -1 129  15  -1  -1  -1  -1 209 188  -1  -1  -1 265 166  89  -1 293  -1  -1  -1  -1  -1  -1 144  -1 
 28  -1  -1  -1  -1  -1  -1  -1  87  -1  -1  -1  -1  -1 267  -1  -1 199 291  -1 128  -1 165  -1  -1  -1 
 29  -1  -1  58 108  -1  -1  -1  -1   3  -1  -1  -1  -1  -1 172  -1  -1  -1  -1  -1  -1  -1  -1  -1 218 
 30  -1   4   4  -1  -1  19  19  19  30  -1  -1  -1  -1   2   2  -1  -1  24  -1  -1  -1  -1  17  17  -1 
 31  -1  -1  -1  -1  -1  -1  -1  -1  -1  -1  -1  -1  -1  -1  -1  -1  -1  -1  -1  -1  31  31  31  -1  -1 
 32  -1  -1  -1  74  -1  -1  -1  -1  48  48  -1  -1  -1  46  46  -1  68  63  63  63  -1  -1  61  61  -1 
 33  -1  -1  -1  -1  -1  -1  -1  -1  -1  -1  -1  -1  -1  -1  -1  -1  -1  -1  -1  -1  75  75  75  -1  -1 
 34  -1  90  90  -1  -1  -1 107 107 107  -1  -1  -1 112  -1  -1  -1 118  -1  92  92  -1  -1 105 105  -1 
 35  -1  -1  -1  -1  -1  -1  -1  -1  -1  -1  -1  -1  -1  -1  -1  -1  -1  -1  -1  -1 119 119 119  -1  -1 
 36  -1  -1  -1 156  -1  -1  -1  -1  -1  -1 149 149 134 134  -1  -1  -1 151 151 151  -1 162  -1 136 136 
 37  -1  -1  -1  -1  -1  -1  -1 163 163 163  -1  -1  -1  -1  -1  -1  -1  -1  -1  -1  -1  -1  -1  -1  -1 
 38  -1  -1  -1 193 193  -1  -1  -1 178 178  -1 206 195 195 195  -1 200  -1 180 180  -1  -1  -1  -1  -1 
 39  -1  -1 207 207 207  -1  -1  -1  -1  -1  -1  -1  -1  -1  -1  -1  -1  -1  -1  -1  -1  -1  -1  -1  -1 
 40  -1  -1 239 239 239  -1  -1 250 224 224  -1  -1  -1  -1  -1  -1 244  -1 237 237  -1  -1  -1 222 222 
 41  -1  -1  -1  -1  -1  -1  -1  -1  -1  -1  -1  -1  -1  -1  -1  -1  -1 251 251 251  -1  -1  -1  -1  -1 
 42  -1  -1 266 266  -1  -1  -1  -1 288  -1  -1  -1  -1 294  -1  -1  -1 283 283 283 281 281  -1 268 268 
 43  -1  -1  -1  -1  -1  -1  -1  -1  -1  -1  -1  -1  -1  -1  -1  -1  -1  -1  -1  -1 295 295 295  -1  -1 
 44  -1  -1  -1  -1  -1  -1  -1  -1  -1  -1  -1  -1  -1  -1  -1  -1  -1  -1  -1  -1  -1  -1  -1 186  -1 
 45  -1  -1  -1 230  -1  -1  -1  -1 269  -1 109 184  94 229 271  -1  -1  -1  -1   8  -1  -1 225  -1  -1 
 46  -1 226  -1  51  -1  -1  -1  -1  -1 274  -1   6  -1  -1  -1  -1  -1  -1  -1  -1  -1  -1 140  -1  -1 
 47 311  -1  -1   5  -1  -1 153  -1 142  -1  -1  -1  11  -1  -1  -1  93  21  -1  -1 241  -1  -1  -1  -1 
 48  -1  -1  -1  -1  -1  -1 285  -1  -1  98  -1  -1  -1 181  -1  -1 141  -1  -1  -1 309  -1  52  -1  -1 
 49  -1  -1  -1  -1  -1  -1  -1 315  -1  -1  -1 138  -1  99 143  -1  53 197 231  -1  -1 185  -1  50  -1 
 50  -1 272  -1 187  -1  -1  65  -1  -1   9  -1 227 228  -1  -1  -1  -1 313 273  -1  -1 270  -1  -1  -1 
 51  -1 182 137  -1 312 316  -1  -1  -1  -1  -1 275 183  -1  -1 314  -1  -1  -1  -1  -1  95  -1  96  -1 
 52  -1  -1  -1  -1  -1  -1  -1  -1  -1  -1  -1  55  -1  -1  -1  -1  10  -1  -1  -1  -1  -1  -1  -1  97 
 53  -1  -1  49  -1  -1  -1 308  -1  -1  -1 310  -1  54  -1  -1  -1  -1  -1  -1  -1  -1 139  -1  -1   7 

r\t   0   1   2   3   4   5   6   7   8   9  10  11  12  13  14  15  16  17  18  19  20  21  22  23  24 
  0  -1  -1  88 150  -1  -1  -1  -1  14  -1  -1 152  -1  -1  -1  -1  -1  81  -1  -1  -1 132  -1 278  -1 
  1  -1  -1  82 248  -1  -1 253  73  29  -1  -1  -1  27  -1  -1  -1 287  -1  -1  -1  -1 100  -1  -1  -1 
  2  -1  -1  -1  -1  -1  -1 264  77  -1  -1  -1 214  -1  -1  -1  -1 172  -1  -1  -1 238 144  -1  -1  -1 
  3  -1 124 279  -1  -1  -1  -1 189  -1  -1  -1 198  -1  -1  -1  -1  -1  -1  -1 302  -1 202 196  -1  -1 
  4  -1  28  -1  -1  -1  -1  89  -1  38  -1  -1  -1 111  -1  -1  -1  -1   0  -1  -1  -1  -1  16  16  86 
  5  -1  -1  -1  -1  -1  -1  -1  -1  -1  -1  -1 223  -1  -1  -1  -1 211  -1  -1  -1  -1  -1  -1  -1  -1 
  6  -1 304 247  -1  -1  -1   3  -1  -1  -1  -1  -1  -1  -1  -1  -1  -1  -1  -1  -1  -1  -1  -1 292  -1 
  7  22  -1  -1  -1  -1  -1 147  -1  -1  67  -1  -1  -1  -1  -1  -1 122  -1  -1  -1  -1 166 120 159  -1 
  8  -1  -1 171 115  -1 306  -1  57  -1  -1  -1  -1  -1 249  -1  -1  -1  -1  70  -1  -1  47  -1  84  -1 
  9  -1  -1  -1  -1  -1  -1 169  -1  -1 263 257  -1  78  -1  -1  -1  -1 213  -1  -1 199  -1  60  60  -1 
 10  -1  -1  -1  -1  39  -1  -1 252  -1  -1  -1  -1  56  -1  -1  -1  -1  -1 125  -1  -1  -1  -1  -1  -1 
 11  -1  -1 217  -1  -1  -1  40  -1  -1  -1  -1 300  -1  -1 128 130 155  -1  -1  -1  -1  -1  34  -1 220 
 12  -1 296  -1  -1  -1  -1  -1  -1  -1  -1  -1 307  -1  -1  -1  -1 188  -1  -1  -1  18 240  -1 113  -1 
 13 280 280  -1  -1  -1  -1  -1  13 232  -1  -1  -1 265  33  -1  -1 210  -1 208  -1  -1 117  71  72  -1 
 14  -1  91  -1  -1 303  -1 114  -1 191  -1  -1  -1 234  -1  -1  85  -1  -1  -1  -1 174  -1 291 204  -1 
 15  -1  -1 154  -1 170  -1  -1  -1  -1  -1  -1  36  -1 293  -1  -1  80  26 256 243 301  -1 148 148  -1 
 16  -1  12  -1  -1 219  -1  -1  -1  -1  -1  -1  -1 259  -1  -1  -1  -1  -1  -1  -1  -1  -1  -1  -1  -1 
 17  -1 260  -1  -1  -1  -1  -1  35  -1  -1  -1 103  -1 235  -1  -1  -1  -1 289  -1  -1 173 164  -1  -1 
 18 127 145  -1  76  -1  -1 194  -1  -1  -1  -1  -1 284 276  -1  -1  62 175  -1  -1  -1  79  -1  -1  -1 
 19  -1 246 135 282  -1  -1  -1  -1  45  -1  -1 267 158  -1  -1  -1  -1 160  42  -1 129  43  -1  -1  -1 
 20  -1 205  -1 157  -1 236 236  -1  -1 258  -1 254 192 192  -1  -1  -1  -1  25  -1  -1  -1  -1  -1  -1 
 21  -1 110 101  15  37  -1  -1  -1 255  -1  -1  59  -1 201  -1  -1  -1  -1  -1  -1  -1  66 177 190  -1 
 22  -1  -1  -1  -1  -1 176 108  -1  -1  -1  -1 242 245 168  -1  -1  -1  -1  -1  -1  -1 277  44  -1  -1 
 23  -1  -1  -1  -1  -1  -1  -1  -1  -1  -1  -1  -1  -1  58  -1  -1 106  -1  -1  -1  -1  -1  -1 221  -1 
 24  -1 179  -1  -1  -1  -1  -1 261 305  -1  -1  -1  20  -1  -1  -1 165  -1  -1  -1  -1  -1 131  -1  -1 
 25  -1 167  64  -1  -1  -1 161  -1 290  -1  -1  -1 209 146  -1  -1  -1  -1  -1  -1  -1  -1 233  -1  -1 
 26  87  -1  -1  -1  -1  -1  -1 116 203  -1  -1  -1  -1 102  -1  -1  23  -1 215  -1  -1  -1  -1  -1  -1 
 27  -1  -1  83  -1  -1  -1  -1  -1  -1  -1  -1 212 216  -1   1  -1  -1  69  -1  -1  -1  -1 104 104  -1 
 28  -1 262  -1 299  -1  -1  -1  -1 121  -1  -1  -1  -1  -1  -1  -1 298  -1  -1  -1  -1  -1  -1  32  -1 
 29 218  -1  -1  -1  -1  -1  -1  -1  -1  -1  -1  -1 133 123  -1 126  41  -1  -1  -1  -1 297 286  -1  -1 
 30  -1  -1  -1  -1  -1  -1  -1  -1  -1  -1  17  17   4   4  -1  -1  24  19  19  19  -1  30  -1   2   2 
 31  -1  -1  31  31  31  -1  -1  -1  -1  -1  -1  -1  -1  -1  -1  -1  -1  -1  -1  -1  -1  -1  -1  -1  -1 
 32  -1  -1  -1  61  61  -1  68  -1  -1  -1  -1  74  -1  48  48  -1  -1  63  63  63  -1  -1  -1  46  46 
 33  75  75  75  -1  -1  -1  -1  -1  -1  -1  -1  -1  -1  -1  -1  -1  -1  -1  -1  -1  -1  -1  -1  -1  -1 
 34  -1  -1 112  -1  -1  -1  -1 107 107 107  -1 118  -1  90  90  -1  -1 105 105  -1  -1  -1  -1  92  92 
 35  -1  -1  -1  -1  -1  -1  -1  -1  -1  -1  -1  -1  -1  -1  -1  -1  -1 119 119 119  -1  -1  -1  -1  -1 
 36  -1  -1 156  -1  -1  -1  -1 149 149  -1  -1  -1  -1 136 136  -1 162 151 151 151  -1  -1  -1 134 134 
 37  -1  -1  -1  -1  -1  -1  -1 163 163 163  -1  -1  -1  -1  -1  -1  -1  -1  -1  -1  -1  -1  -1  -1  -1 
 38  -1  -1  -1 193 193  -1 206 200  -1  -1  -1  -1  -1 180 180  -1  -1 195 195 195  -1  -1  -1 178 178 
 39  -1  -1 207 207 207  -1  -1  -1  -1  -1  -1  -1  -1  -1  -1  -1  -1  -1  -1  -1  -1  -1  -1  -1  -1 
 40  -1  -1 239 239 239 222 222 224 224  -1  -1  -1  -1  -1  -1  -1  -1 237 237  -1  -1 250 244  -1  -1 
 41  -1  -1  -1  -1  -1  -1  -1  -1  -1  -1  -1  -1  -1  -1  -1 251 251 251  -1  -1  -1  -1  -1  -1  -1 
 42  -1  -1 288  -1  -1  -1 294 283 283 283  -1  -1  -1 266 266  -1  -1 281 281  -1  -1  -1  -1 268 268 
 43  -1  -1  -1  -1  -1  -1  -1  -1  -1  -1  -1  -1  -1  -1  -1  -1  -1 295 295 295  -1  -1  -1  -1  -1 
 44 316  -1  -1  -1  -1  99  -1  -1  -1  -1  -1 285  -1  -1  -1  -1  -1  -1 230  -1  -1  11 229  -1  -1 
 45  -1 141  -1  -1  -1 271  -1 269 184  -1 153   8  -1  -1  -1  -1  -1  -1  -1  -1  -1  93  -1  -1  -1 
 46 241  -1  -1  -1 310   9  -1   5  -1 315  -1  -1  -1  -1  -1  -1 308  -1  -1  -1  -1  -1 143  -1  -1 
 47  -1  -1  -1 109  -1  -1  -1 137   7  -1 312  -1  51 227  -1  -1  -1  96  98  -1  -1  -1  -1  -1  -1 
 48  -1  54 185  -1  -1  55  -1  -1  -1  -1  -1  -1  -1  -1  -1  -1  -1 270 275  -1 314  -1   6  -1  -1 
 49  -1  10  -1  -1  -1 138  -1  -1  -1  -1  -1  95  -1  -1  -1  -1  -1 182 181  -1  -1 228  97  -1  -1 
 50  -1 197  -1 313  -1  -1 139  -1  -1  -1  -1  50  -1  -1  -1  -1  -1 142  52  -1  -1  -1  -1  -1  -1 
 51  -1  -1  49  -1  -1  -1  65  -1  -1  -1  -1  -1  -1  -1  -1  -1  -1  -1  -1 309  -1  -1  -1  -1  -1 
 52  -1 272  -1  -1  -1  -1  -1  53  94  -1  -1 140 187  -1 225 311  -1  -1  -1  -1  -1 186  -1  -1  -1 
 53  -1 226 273  -1  -1  -1  21 183  -1  -1  -1  -1 231  -1  -1  -1  -1  -1  -1  -1  -1 274  -1  -1  -1 

r\t   0   1   2   3   4   5   6   7   8   9  10  11  12  13  14  15  16  17  18  19  20  21  22  23  24 
  0  -1 203  -1  -1 127  -1  -1 111 278  -1  23 298  -1  57  -1  -1 166  -1  -1  -1  -1  -1  -1  -1  -1 
  1  -1  -1  -1  -1  -1  -1  -1  66 152  -1  -1  20  -1  15  -1  -1  85  -1  -1  -1  -1  -1  -1  18  -1 
  2  -1  -1 104 104  -1  -1 267  -1  39  -1  -1  -1  -1  -1  -1  -1 256 277  36  -1 125  91  29  -1  -1 
  3  -1  -1 148 148 257  -1  -1  -1  -1  -1  -1  -1  -1  -1  -1  -1  -1 263  -1  -1  -1  -1  -1  -1 261 
  4  -1  -1  -1  -1  -1  -1  -1 282  -1  -1  -1 205  58 164  -1  -1  -1 172  -1  -1  -1  -1  -1  -1  -1 
  5  -1 110  14  -1  -1  -1 161  -1  -1  -1 301  89  -1  -1  -1  -1 291  -1  -1  -1  -1  -1  -1   3  -1 
  6  -1  32  -1  -1 176  -1  -1  -1  -1  -1  -1 214  -1 279  -1  41  -1  -1  -1 258  43  -1  -1 303  -1 
  7  -1  -1  -1  25  -1  -1 103  -1  -1  -1  -1  -1  -1  -1  -1  -1 120 113  -1  -1  -1  -1 122  83  -1 
  8  -1  -1  -1  -1  -1  -1  -1  -1  64  -1  -1 240  -1 247  -1  -1 100  -1  -1 306  -1  -1  -1  -1  -1 
  9  -1  62 223 276  -1  22  28  -1 292  -1  -1  -1  -1  -1  -1  -1  -1  -1 297  -1  -1 209  -1  -1  -1 
 10  -1  77 238  76  -1  -1  45  -1  -1  -1  -1  -1  -1 101  -1  -1  56  -1 167  -1  -1  -1  -1  -1  -1 
 11  -1  -1 117  -1  -1 155  -1 299 204  -1  -1  82 145 289  -1 174  69  -1  -1 217  -1  -1 253 219  -1 
 12 259  -1  -1 233  84  -1 135  -1  -1  -1  -1  -1  -1  -1   1  38  -1  -1 202 302  -1  -1 300 245  -1 
 13  -1  -1 248 168  -1 236 236 252  -1  -1  -1 146  -1  78 213  -1  -1  -1  27  -1  -1  -1 191  47  -1 
 14 287 243  -1  -1  -1  -1 215  -1  -1  -1  -1 165  -1  -1  -1  -1 144 188  -1  -1  -1  -1  -1  -1  -1 
 15 175 290  -1  -1  -1  -1 131  -1  -1  -1  -1 246  26  -1  -1  -1  -1  16  16  -1  -1  -1 305  87  -1 
 16  -1  -1  -1  -1  -1  -1 296  -1  -1 130  -1  -1  -1  -1  -1  -1 232  -1  -1  -1  -1  -1  -1  35  -1 
 17  -1  -1  -1 124  -1 260  -1 242 255  -1  -1 114  -1  -1  -1  -1  -1 169 194  -1  -1 293 158  -1  -1 
 18  -1  71  81  -1  -1  -1 154  -1 123  -1  -1  -1 235  -1  -1  -1  12  60  60  -1  -1  -1  -1  -1  -1 
 19  -1  -1 265  -1  -1  67  -1  -1 126  -1  -1  -1  -1  -1  -1  -1  -1 157  -1  -1  -1  -1  -1  -1  -1 
 20  -1  -1  -1 177  -1  -1  -1  -1  -1  -1 150  59 211 115  -1  -1  33  -1  -1  -1  -1  -1  -1  -1  -1 
 21  -1  -1 189 254 171  -1  80  -1  -1  -1  -1  -1  -1 218  -1  -1  -1  -1  -1  -1  -1  -1  -1  -1  -1 
 22  -1 199  -1  -1  -1  37  -1  -1  -1  -1  -1 170  -1  86  -1  -1  -1  -1  -1  -1  -1 106  -1 159  -1 
 23  -1  -1 160  -1  -1  -1 173  -1  -1  -1  -1  -1  -1 234  -1  -1  -1   0 129  -1  -1 133  -1  73  -1 
 24  -1  -1  -1 307  -1  -1 116  -1  44 220  -1  -1  -1  -1  -1  -1 190  -1 179  -1  -1 264  -1  -1  40 
 25  -1 147  -1  -1 132  -1  -1  -1  -1  -1  -1  -1  -1  -1  -1  -1  -1  72 216  -1  -1  -1  -1  -1  -1 
 26  -1  -1  -1  -1  -1 262  -1  -1  70  -1  -1  -1 192 192 221  -1  -1 201  79  -1  -1 196  -1  -1  -1 
 27  -1  -1 284  -1  -1  -1  -1 208 102  -1  -1  -1 210  -1  -1 304 128  -1  -1  -1  -1  -1  -1  -1  -1 
 28  -1 249  -1  13  -1  -1  -1 121  -1  -1 198  -1  -1  -1  -1  -1 212  -1 280 280  -1  -1  -1  -1  -1 
 29  42 286  -1  -1  -1  -1  -1  -1  -1  -1  -1 108  -1  88  -1  -1  -1  34  -1  -1  -1  -1  -1  -1  -1 
 30  -1  -1  24   4   4  -1  -1  17  17  -1  -1  -1  -1  30  -1   2   2  -1  -1  -1  19  19  19  -1  -1 
 31  -1  -1  -1  -1  -1  -1  -1  31  31  31  -1  -1  -1  -1  -1  -1  -1  -1  -1  -1  -1  -1  -1  -1  -1 
 32  -1  -1  63  63  63  -1  -1  68  -1  -1  -1  74  48  48  -1  46  46  -1  -1  -1  61  61  -1  -1  -1 
 33  -1  -1  -1  -1  -1  -1  -1  -1  -1  -1  -1  -1  -1  -1  -1  -1  -1  -1  -1  -1  75  75  75  -1  -1 
 34  -1 112  92  92  -1  -1  -1  -1  -1  -1  -1  -1 118  -1  -1  90  90 107 107 107  -1  -1  -1 105 105 
 35  -1  -1  -1  -1  -1  -1  -1  -1  -1  -1  -1  -1  -1  -1  -1  -1  -1  -1  -1  -1  -1  -1 119 119 119 
 36  -1 156  -1  -1  -1  -1  -1  -1  -1  -1  -1  -1 162 136 136 134 134 149 149  -1  -1  -1 151 151 151 
 37  -1  -1  -1  -1  -1  -1  -1 163 163 163  -1  -1  -1  -1  -1  -1  -1  -1  -1  -1  -1  -1  -1  -1  -1 
 38  -1  -1 200  -1  -1  -1 206 195 195 195  -1  -1  -1 180 180 178 178  -1  -1  -1  -1  -1  -1 193 193 
 39  -1  -1  -1  -1  -1  -1  -1  -1  -1  -1  -1  -1  -1  -1  -1  -1  -1  -1  -1  -1  -1  -1 207 207 207 
 40  -1  -1  -1 222 222  -1 244  -1  -1  -1  -1  -1  -1  -1  -1 224 224 237 237  -1  -1 250 239 239 239 
 41  -1  -1  -1  -1  -1  -1  -1  -1  -1  -1  -1  -1  -1  -1  -1  -1  -1 251 251 251  -1  -1  -1  -1  -1 
 42  -1  -1  -1 294  -1  -1  -1  -1 266 266 281 281  -1  -1  -1 268 268 288  -1  -1  -1  -1 283 283 283 
 43  -1  -1  -1  -1  -1  -1  -1  -1  -1  -1  -1  -1 295 295 295  -1  -1  -1  -1  -1  -1  -1  -1  -1  -1 
 44  -1  -1  52 137  97  -1  -1  -1  -1  -1  -1 181  -1  -1  99  -1  -1  -1  -1  -1  -1 182  -1  65  -1 
 45  -1  -1 142  -1  -1  -1 231 313 141  -1 109  -1 183  -1  50  -1  -1 140  -1  -1  -1  -1 309  -1  -1 
 46  -1  21  -1  -1  -1  -1  96  -1 227  95  -1  -1   7  -1  -1  -1  -1  -1  11  -1  -1  49  -1 274  -1 
 47 311  -1  -1  -1  -1  -1 285  -1  -1  -1  -1   6  -1 229  -1  -1  -1  -1 143  -1  -1  -1  -1 228  -1 
 48  -1  -1  -1 269  -1  -1  -1  -1 187  -1  -1 270  -1  -1  -1  -1  -1  51  54  -1  -1 230  -1  -1  -1 
 49  -1 308  -1  -1 271  -1 184  -1  -1  -1  -1  -1 272  -1  -1  -1  -1  -1  -1  -1 241  -1  -1  -1  -1 
 50  -1  -1 186  -1  -1  -1  -1  -1  -1  55  -1 138 225  -1  -1  -1  -1  -1  -1 314  -1  -1  -1  -1  -1 
 51  -1  -1  -1  -1  -1  -1  -1  -1  93  -1  -1  53  94  -1  -1  -1  -1 185  -1  -1 310  -1  -1  -1  -1 
 52  -1  -1   5  -1  -1  -1   8  -1  10  -1  -1 226 139  -1  -1  -1  -1 275  -1  -1  -1  -1  -1  -1  -1 
 53 197  -1  -1  -1  -1 312  -1  -1  -1  -1 315  -1  -1   9  -1  -1  -1  -1 273 153  -1  -1  -1  98 316 

r\t   0   1   2   3   4   5   6   7   8   9  10  11  12  13  14  15  16  17  18  19  20  21  22  23  24 
  0  -1 152 252  -1  -1  -1  81  -1 122  -1  -1  -1  -1  -1  -1  -1  -1 164 123  -1  -1  -1 198  -1 175 
  1 155 264  -1  -1 176  -1  -1  -1 215  -1  -1 115  -1  -1  -1  -1  -1  -1  -1  -1  -1 190  29  -1  -1 
  2  39 133 208 101  -1  -1  -1  -1  -1  -1  -1  -1  -1  -1  -1  -1  -1  -1  -1  -1  -1  -1  -1   3  -1 
  3  -1 124  -1  -1  -1  -1  -1 293  -1  -1  -1  -1  -1 146 130  -1 219  -1  -1  -1  -1  -1  -1 204  -1 
  4  -1 278  -1  -1  -1  -1  -1  -1  -1  -1 177 147  56  -1  -1  -1 205  -1  -1  -1  -1 242  -1  -1  -1 
  5  -1  -1  -1  -1  -1  -1 298 267  -1  -1  -1 100  -1  -1  -1  -1  -1  -1  -1  -1  -1  -1  -1  -1 171 
  6  -1  -1  -1  -1  -1  -1 161  -1  -1  -1  -1 168 211  -1  -1  -1 158 121  -1  -1 265  -1  -1 167  -1 
  7  -1 203  -1 292  -1  -1  -1  -1 263  -1  86  -1  -1  69  -1  -1 290  -1  -1  -1  -1  -1  -1  -1  -1 
  8  -1  78 277  -1  -1  -1  -1 307 289  -1  -1  -1  -1  -1  -1 172  -1  -1 234  -1  -1  64  -1  -1  -1 
  9  -1  -1 165  36  -1  -1 194  -1  25  -1  -1 202  -1 114  -1  42  -1 104 104  -1  -1 300 150 221  -1 
 10  -1  -1  -1 276  -1  -1 209 282  -1  -1  -1  -1  -1  58  -1  -1 196  -1  -1  -1  -1  14  -1 113  43 
 11  -1  -1  -1  -1 218  -1  -1  -1  -1  -1  -1  -1 179  -1  -1  -1  -1  -1  -1  -1  -1  80  85  18  -1 
 12  -1  33  45  71 216  -1  -1  -1  -1  -1 306  -1  -1  -1  -1 236 236  -1  72  -1  -1 170  -1  -1  -1 
 13  -1  -1 235  12  -1  -1  -1  -1 232  -1  -1  -1  -1 303  -1 257  -1 280 280  -1 173  -1  -1  -1  -1 
 14  -1  -1  27 131  -1  -1  -1  -1 106  -1  -1 191  -1  -1  -1 220 144  -1  -1  -1  -1  -1  -1  -1  -1 
 15  -1  -1  -1  -1  -1  -1  73  -1 248  -1  -1 240 145  -1  -1  -1  -1  -1  -1  -1  -1  -1 128  -1  -1 
 16  87  -1  -1  77  -1  -1  -1 304  -1  -1  -1  -1  -1 189  -1  -1 108  34  60  60  -1  -1  -1  40  -1 
 17  -1  -1  -1 255  -1  -1  -1   0  23  -1  -1  28 110  -1  -1  -1  -1  -1  -1  -1  -1  -1 243  -1  -1 
 18  -1  -1 154  -1  89  -1  22  -1 286  -1  -1  -1  -1  -1  -1  -1  -1  -1 245  -1  -1  -1  -1  -1  -1 
 19  -1  -1  -1  -1  -1  -1  -1 246  -1  -1  -1  -1  -1  -1  -1 214  13  -1  -1 287  -1 279 201  -1  -1 
 20  -1  -1  -1  -1  -1  -1  -1  -1  37  -1  -1  -1  -1  -1 169  -1  -1 254  -1  -1  -1 103  -1  88  -1 
 21  -1  -1  -1  -1  -1  -1  -1  15 260 261  -1  -1  -1  -1  -1 302  26  79 259  -1  -1  -1 120  76 238 
 22  -1 233  -1  -1  -1 213  62  -1  -1  -1  -1  82 297  -1  -1  -1  -1  -1 159  -1  -1 157  -1  -1  -1 
 23  -1  -1  -1 117  -1  -1  -1  -1  -1  -1  -1  47  -1  -1 129  -1  67  -1  44  -1  -1 256  -1 148 148 
 24  -1  57 299  -1  -1 301  -1  32  -1  -1   1  66  -1 210  -1  -1  -1  16  16  -1  84 212 249 192 192 
 25  -1  -1  41  59  -1  -1  -1  -1  -1  -1  -1  20  -1 111 258  -1  -1 126  -1  -1  -1 223  -1  83  -1 
 26 262  -1 135 160  -1 305  -1  -1 127  -1  -1  -1  -1 291  -1  -1  -1  -1  -1  -1  -1  -1  -1  -1  -1 
 27  -1 296  -1  -1  -1  -1  -1 188 199  -1  -1  -1  91  -1  -1 174 116  -1  38  -1 132  -1  -1  35  -1 
 28  -1  -1  -1  -1  -1  -1  -1  -1  -1  -1  -1  -1  -1  -1  -1  -1 284 125  -1  -1  -1  -1  -1 217  -1 
 29  -1 253 102  -1  -1  -1 247  -1  -1  -1  -1  -1  70 166  -1  -1  -1  -1  -1  -1  -1  -1  -1  -1  -1 
 30  19  19  19   4   4  -1  24  -1  -1  -1  -1  -1  -1  17  17  -1  -1  -1  30  -1   2   2  -1  -1  -1 
 31  -1  -1  -1  -1  -1  -1  -1  -1  -1  -1  -1  -1  31  31  31  -1  -1  -1  -1  -1  -1  -1  -1  -1  -1 
 32  -1  -1  -1  48  48  -1  -1  61  61  -1  -1  74  46  46  -1  -1  68  -1  -1  -1  -1  -1  63  63  63 
 33  -1  -1  -1  -1  -1  -1  -1  75  75  75  -1  -1  -1  -1  -1  -1  -1  -1  -1  -1  -1  -1  -1  -1  -1 
 34  -1  -1 112  -1  -1 105 105  -1  -1  -1  90  90 118  -1  -1  -1  -1  92  92  -1  -1  -1 107 107 107 
 35  -1  -1  -1  -1  -1 119 119 119  -1  -1  -1  -1  -1  -1  -1  -1  -1  -1  -1  -1  -1  -1  -1  -1  -1 
 36  -1  -1 162  -1  -1  -1  -1  -1 149 149  -1  -1 136 136  -1 134 134 151 151 151  -1  -1 156  -1  -1 
 37  -1  -1  -1  -1  -1  -1  -1 163 163 163  -1  -1  -1  -1  -1  -1  -1  -1  -1  -1  -1  -1  -1  -1  -1 
 38  -1 195 195 195  -1  -1  -1 206 200  -1  -1  -1  -1  -1  -1 178 178 193 193  -1 180 180  -1  -1  -1 
 39  -1  -1  -1  -1  -1  -1  -1  -1  -1  -1  -1  -1  -1  -1  -1  -1  -1 207 207 207  -1  -1  -1  -1  -1 
 40  -1 224 224 222 222 239 239 239  -1  -1  -1 244 237 237  -1  -1 250  -1  -1  -1  -1  -1  -1  -1  -1 
 41  -1  -1  -1  -1  -1  -1  -1  -1  -1  -1  -1  -1 251 251 251  -1  -1  -1  -1  -1  -1  -1  -1  -1  -1 
 42  -1  -1  -1 266 266  -1  -1  -1  -1  -1  -1  -1 283 283 283 268 268 288 294  -1  -1  -1  -1 281 281 
 43  -1  -1  -1  -1  -1  -1  -1  -1  -1  -1  -1  -1  -1  -1  -1  -1  -1  -1  -1  -1  -1  -1 295 295 295 
 44  65  -1  -1 137  -1  -1  -1  -1  -1  -1  54  -1  -1  -1  -1  -1  -1  -1  -1  -1  -1 270  -1  -1 310 
 45  -1  -1   5  -1  -1  -1  -1  -1  -1  -1 143  -1  -1  -1  -1  55  -1   7  -1  -1  -1  -1  -1  -1  -1 
 46 312 109  -1  -1  -1  -1  -1 182  -1  -1  -1 226 197  10  -1  -1  11  -1  -1  -1 225 141  -1  -1  -1 
 47  -1  -1  -1  -1  -1  -1  -1  -1  -1  -1  -1   8  -1  -1  -1  -1  -1 229  -1  -1  97  -1  -1  -1  -1 
 48  -1 184  -1  -1  -1  -1 153 142 308  -1 269  -1  -1 186  -1   9  98 181 227  -1  -1  93  -1  -1  -1 
 49  -1  -1  94  -1 138 309  -1  -1  -1  -1 231 185  -1 272  -1  99  -1  53  -1 314  -1  -1 315 140  -1 
 50 241  -1  -1  95  -1  -1  -1  52  -1 316  -1  -1  -1  -1  -1  -1  -1  -1 271  -1  -1  -1  -1  -1  -1 
 51  -1  -1 274  -1  -1  -1  -1  -1  -1  -1  -1 139  -1  -1 313  -1  -1  -1   6  -1  -1  51  21  -1  -1 
 52  -1  -1  -1 187  -1  -1 311 230  -1  -1  -1 273  -1  -1  -1  -1 228 275  -1  -1  -1  -1  -1  -1  -1 
 53  -1  50  -1  -1  -1  -1 285  96  -1  -1  -1  -1  -1  -1  -1  -1  -1  -1  -1  -1  49  -1  -1 183  -1 

