317
11 20
18 2
0 30
23 10
2 30
12 51
8 45
16 44
7 51
21 48
22 49
17 50
8 18
16 26
17 7
6 26
2 8
20 30
9 13
12 30
18 26
23 47
19 17
4 26
17 30
13 21
18 23
2 3
8 26
22 29
11 30
5 31
12 17
1 2
3 1
23 22
2 18
14 28
24 14
6 15
1 4
9 15
21 23
18 3
2 10
13 10
22 32
21 21
17 32
4 45
7 46
8 47
3 47
11 48
16 53
12 53
16 19
8 14
12 10
6 6
22 5
10 32
21 4
0 32
3 2
9 53
19 3
15 18
8 32
11 9
12 22
23 13
22 3
1 29
16 32
5 33
2 13
3 14
17 6
8 2
21 27
4 12
16 0
22 7
19 9
15 1
23 7
19 13
21 11
16 25
7 34
4 18
0 34
2 45
11 52
18 47
13 52
22 44
17 46
3 49
8 21
17 0
18 25
21 18
2 28
12 34
9 17
22 34
16 14
14 44
4 3
6 9
2 34
23 17
8 0
7 1
18 20
3 22
6 34
10 35
21 22
13 11
11 3
17 26
1 26
3 0
5 15
6 29
2 12
6 12
18 19
8 5
23 8
22 0
12 36
21 17
0 36
3 48
2 49
8 50
11 49
17 48
18 45
7 53
8 23
12 19
11 10
7 29
18 6
5 36
20 1
2 36
13 28
21 52
16 13
24 17
18 36
16 15
2 27
1 28
23 20
8 6
21 36
5 37
3 13
21 28
13 26
17 19
11 25
4 6
18 28
13 15
4 29
5 7
23 21
15 0
4 1
3 5
11 38
23 15
16 38
18 52
1 44
2 50
22 51
13 46
0 47
8 46
18 14
16 1
2 9
11 22
0 11
20 38
14 6
7 38
13 22
23 46
15 23
6 13
18 38
8 24
2 0
16 7
13 20
7 2
6 38
20 39
12 0
23 3
11 27
17 21
1 19
7 9
15 25
12 2
9 3
6 24
21 0
19 7
12 27
2 14
3 40
8 16
0 40
7 49
23 50
11 46
16 51
13 49
18 44
21 44
23 11
18 29
1 9
3 19
12 18
10 40
19 18
5 40
2 22
8 44
24 19
17 18
13 40
6 14
3 26
1 16
17 5
16 28
8 40
20 41
11 24
7 18
18 15
12 4
23 9
7 11
12 6
10 4
17 15
21 20
18 22
17 29
2 24
23 16
0 42
13 25
16 42
7 45
8 51
22 52
11 51
12 49
21 47
18 48
12 7
22 20
11 21
7 10
15 24
20 42
13 23
2 42
17 10
5 49
19 5
6 2
13 42
7 6
23 14
16 27
1 14
18 16
22 42
7 43
12 24
17 22
6 18
11 23
3 20
6 3
7 13
9 29
4 7
13 14
20 23
2 11
24 53
15 45
10 53
14 47
9 46
6 47
19 48
20 52
5 50

