317
1 20
18 20
15 30
7 2
12 30
21 50
2 51
23 44
17 47
10 51
11 53
8 48
1 4
16 17
17 11
8 3
12 17
22 30
14 19
2 30
18 21
6 44
20 11
7 26
11 30
12 24
18 0
3 24
21 27
8 12
17 30
22 31
13 2
2 6
6 25
7 25
1 13
23 10
12 26
2 14
0 27
14 22
0 8
0 3
16 24
13 10
3 32
8 17
10 32
7 49
23 50
2 53
21 48
17 53
1 46
15 53
11 9
1 0
7 4
21 11
2 9
22 32
8 20
17 32
16 5
6 48
12 25
14 3
16 32
17 24
12 12
2 26
3 26
23 6
7 32
20 33
11 22
1 11
8 6
16 16
13 7
0 26
24 5
19 14
19 20
5 4
19 11
20 29
13 5
23 5
3 34
11 2
15 34
12 50
18 49
8 53
21 46
17 44
7 47
1 48
3 14
16 10
18 29
6 3
20 26
7 34
11 15
0 34
17 18
10 44
22 9
14 11
17 34
2 1
3 28
1 28
13 20
18 26
21 34
5 35
22 5
12 16
6 2
11 13
16 7
16 0
11 7
18 9
12 18
11 18
5 21
19 27
7 12
1 25
3 36
8 19
10 36
16 53
2 45
18 50
13 47
21 53
23 52
15 51
23 25
7 0
16 22
17 17
2 27
20 36
6 6
12 36
18 15
22 51
8 7
0 28
6 36
7 7
3 16
13 27
21 3
11 28
23 36
17 37
12 3
22 1
2 13
8 11
16 13
11 27
9 24
7 23
9 11
7 14
18 10
3 8
15 1
10 6
7 38
16 19
3 38
21 52
18 46
12 48
13 53
1 52
11 51
2 50
2 20
7 1
3 25
11 23
12 8
17 38
6 18
22 38
1 2
16 49
14 8
5 11
11 38
2 22
1 18
22 20
12 23
7 5
21 38
17 39
23 26
16 6
6 9
6 12
13 3
18 6
9 19
15 6
0 29
17 0
17 14
24 29
15 13
2 21
3 40
1 3
10 40
21 45
8 47
16 44
7 50
12 46
23 47
18 52
8 13
11 1
7 15
3 19
15 8
23 40
17 25
12 40
21 16
0 46
6 8
1 1
17 40
13 6
2 12
3 20
12 20
6 27
18 40
20 41
8 5
11 26
16 12
23 20
7 3
5 14
15 3
6 11
11 20
8 1
14 13
18 2
8 24
13 29
3 42
12 6
10 42
15 52
21 51
2 44
18 44
16 46
7 44
23 49
11 21
8 10
7 28
21 21
2 17
22 42
0 7
17 42
13 22
12 44
6 20
1 23
7 42
23 14
11 19
18 25
1 10
16 11
6 42
22 43
2 18
17 19
8 4
3 0
12 19
24 9
7 11
0 12
18 7
21 13
9 16
7 6
6 52
22 48
24 53
0 45
9 49
19 47
5 51
14 45
20 50

