317
23 6
24 5
7 30
16 3
0 30
3 44
12 51
17 45
13 51
5 44
21 47
6 52
1 6
8 1
6 11
21 22
2 19
12 30
16 20
17 30
7 19
11 52
20 16
22 6
2 30
3 14
22 12
17 3
11 22
8 3
23 30
12 31
1 26
16 25
7 10
6 10
18 27
16 7
5 26
2 27
4 24
5 28
4 15
19 27
12 4
0 23
13 32
3 17
5 32
16 51
23 45
22 44
17 46
8 52
21 50
1 47
1 20
12 0
21 25
13 23
15 21
22 32
18 7
7 32
6 22
11 50
3 10
2 11
16 32
13 7
1 7
7 9
17 8
12 24
21 32
22 33
2 20
8 9
6 4
11 23
18 19
6 17
20 17
12 3
15 23
13 11
3 18
4 21
0 22
6 1
16 34
21 20
13 34
7 48
12 47
22 52
1 52
5 48
23 49
8 45
1 24
17 25
12 7
13 12
7 17
23 34
21 26
2 34
16 9
19 52
18 25
11 10
12 34
1 21
6 5
7 18
17 20
13 13
11 34
22 35
2 9
16 19
23 27
18 28
8 0
3 20
10 8
24 24
14 7
23 3
20 13
13 29
13 8
7 28
0 36
22 9
23 36
6 47
5 52
8 44
21 53
17 53
12 44
14 50
1 29
23 18
21 5
6 28
12 18
2 36
22 23
15 36
7 25
9 48
11 0
18 2
13 36
11 26
18 16
17 0
6 21
1 17
8 36
2 37
16 22
8 26
22 10
12 28
21 29
23 22
10 1
19 3
18 17
13 22
1 11
19 25
1 0
17 26
23 38
22 8
13 38
8 46
3 50
7 45
6 49
12 50
21 48
16 44
16 4
23 17
8 14
6 14
13 10
20 38
18 20
0 38
7 20
22 53
19 23
11 14
16 38
3 5
2 25
18 15
12 8
21 28
11 38
5 39
13 21
8 24
23 2
22 7
1 14
12 23
9 7
6 19
20 15
5 7
23 7
2 12
0 27
14 22
23 40
17 27
12 40
8 47
7 53
22 51
16 50
1 50
3 48
6 48
23 0
1 28
3 11
16 13
12 5
7 40
2 13
20 40
6 9
17 52
11 9
18 12
2 40
13 20
23 10
21 24
22 19
17 17
1 40
5 41
18 26
12 25
11 2
8 16
16 1
24 20
3 27
8 21
15 20
6 7
0 2
13 1
21 4
0 18
5 42
7 23
13 42
23 48
1 48
24 51
16 48
22 47
8 49
3 52
3 16
8 13
6 23
17 22
22 15
18 42
7 15
10 42
1 2
4 46
2 6
20 27
3 42
18 10
2 16
11 1
6 25
23 19
1 42
17 43
7 0
12 13
16 18
8 12
22 0
16 5
15 10
8 11
13 24
24 0
18 23
8 19
20 52
18 49
15 49
2 45
10 53
11 47
4 49
9 44
19 50

