317
21 13
6 22
7 30
16 19
3 30
11 53
17 44
18 48
20 47
19 44
2 51
5 51
21 2
7 16
8 24
11 19
2 25
17 30
9 25
22 30
12 14
16 46
10 11
1 4
2 30
1 19
6 13
23 15
7 9
18 16
11 30
12 31
3 3
21 6
17 14
16 22
21 27
22 10
4 24
22 9
21 17
14 15
6 27
0 12
21 12
19 5
16 32
23 29
3 32
13 50
5 49
7 50
11 50
6 49
18 47
20 48
21 8
13 18
6 3
11 26
17 19
7 32
22 14
0 32
3 21
12 47
15 9
23 4
21 32
16 6
1 28
12 22
23 6
18 3
6 32
7 33
2 20
13 15
11 10
21 9
3 14
1 11
11 23
20 19
11 18
14 29
14 19
10 7
11 4
16 13
3 34
13 2
5 34
2 44
18 46
20 44
21 49
17 47
8 46
19 53
11 22
21 5
2 12
3 15
17 18
22 34
13 19
7 34
6 25
1 45
15 29
12 28
17 34
8 9
3 18
1 16
13 26
18 10
2 34
22 35
7 0
12 15
22 25
11 9
16 10
23 3
4 28
10 3
2 2
12 29
19 14
14 8
4 19
3 22
20 36
16 9
18 36
6 52
5 52
8 52
17 51
2 48
11 47
7 49
18 29
6 10
7 19
2 5
20 7
22 36
9 24
12 36
3 16
1 53
16 27
15 5
7 36
6 11
12 19
11 17
18 0
21 26
16 36
22 37
13 14
16 4
1 7
8 18
3 7
18 8
6 28
19 3
14 7
18 13
8 28
17 5
5 1
20 13
2 38
6 5
18 38
11 52
13 44
16 51
7 48
4 44
8 53
21 53
18 25
2 24
16 21
11 28
7 29
13 38
17 22
22 38
3 27
10 52
6 24
1 3
17 38
2 18
22 26
8 2
23 14
11 7
7 38
12 39
6 26
3 9
16 16
18 15
1 22
4 4
15 27
2 23
4 17
2 27
23 21
11 5
13 29
21 11
3 40
5 6
17 40
20 51
6 44
2 50
8 47
23 46
11 51
16 53
2 11
11 3
3 8
13 21
15 15
23 40
19 15
7 40
22 13
5 48
1 1
12 10
16 40
3 6
7 15
6 19
8 14
11 27
2 40
22 41
17 13
1 23
13 3
18 2
21 25
10 20
18 28
15 7
12 0
15 6
19 22
7 18
3 5
20 24
18 42
11 15
7 42
6 53
21 46
5 45
13 48
2 53
17 52
4 46
13 17
2 15
3 20
21 19
7 12
22 42
12 2
15 42
6 14
11 48
1 14
9 27
6 42
7 20
17 27
2 22
13 7
16 3
3 42
22 43
11 21
1 8
8 26
12 12
21 3
6 12
0 15
10 5
10 23
17 29
13 16
1 2
1 52
12 51
10 53
0 51
24 47
22 51
9 52
15 45
14 52

