317
11 14
15 28
18 30
23 25
0 30
2 52
16 44
21 52
22 44
3 53
6 50
5 51
11 11
1 14
18 6
16 22
2 23
7 30
20 12
12 30
6 19
23 48
24 4
17 19
22 30
23 7
13 29
18 20
1 16
6 12
11 30
7 31
21 19
16 18
2 27
3 29
18 17
11 18
0 10
20 21
1 3
24 20
20 6
16 3
6 8
15 22
18 32
16 16
0 32
2 45
8 51
11 46
21 49
23 46
3 51
5 44
6 18
21 18
8 10
1 15
2 2
12 32
16 12
22 32
11 26
17 48
7 19
20 25
16 32
18 23
2 29
22 20
21 12
11 5
8 32
12 33
3 3
22 9
6 22
16 17
1 27
20 20
5 1
13 20
8 19
3 22
19 14
3 25
3 7
16 4
1 34
21 3
5 34
23 50
15 52
22 49
11 49
14 47
8 45
0 46
11 4
2 1
3 17
1 23
5 4
18 34
13 17
22 34
16 20
21 53
7 29
12 22
8 34
22 12
2 11
1 24
11 15
6 10
3 34
17 35
23 17
13 0
18 16
12 3
7 6
13 18
1 8
5 26
11 13
24 27
16 14
14 13
6 3
19 7
0 36
2 21
22 36
18 48
15 53
16 49
3 49
14 49
8 49
21 47
3 6
22 5
1 12
12 26
17 21
15 36
20 1
5 36
11 19
13 47
2 12
24 10
21 36
22 8
17 24
3 28
7 26
13 3
8 36
10 37
1 19
8 15
2 3
23 0
16 23
4 7
1 7
6 13
1 0
6 23
15 6
17 2
15 11
3 0
0 38
2 16
5 38
22 53
11 44
14 46
16 47
23 44
8 47
21 45
6 11
21 5
8 29
12 7
22 18
10 38
7 0
17 38
1 29
13 50
4 15
2 13
8 38
21 16
3 5
2 18
18 4
22 16
23 38
10 39
17 10
13 6
6 6
6 25
16 28
8 4
10 17
6 28
5 21
7 22
22 1
17 1
0 20
14 14
18 40
1 13
15 40
2 53
21 46
3 45
5 45
6 45
11 48
22 51
6 7
11 21
18 14
16 19
2 8
23 40
1 28
7 40
21 28
12 53
17 16
13 16
11 40
1 1
17 29
18 28
16 6
6 0
12 40
22 41
7 15
3 18
2 24
21 15
8 25
0 12
22 25
4 19
6 16
7 5
7 1
20 7
16 10
14 17
0 42
18 15
5 42
21 48
22 48
19 48
11 47
2 47
8 44
15 51
21 24
8 22
6 24
11 27
15 7
12 42
7 24
2 42
23 11
20 52
17 28
18 27
18 42
22 19
13 8
7 11
6 26
3 20
11 42
22 43
17 22
8 17
21 11
16 11
2 7
7 21
19 29
5 25
7 16
8 27
20 0
7 14
13 45
9 48
4 47
12 52
20 50
24 45
7 52
17 53
10 51

