317
1 5
8 3
10 30
6 25
20 30
0 45
5 51
19 47
24 51
9 51
23 51
15 47
11 7
23 1
21 11
1 9
5 3
16 30
7 12
12 30
18 29
22 50
3 12
2 8
23 30
22 6
8 25
13 21
12 20
2 29
7 30
16 31
21 5
11 10
3 15
1 0
13 0
19 2
20 3
18 7
4 13
4 12
19 6
15 2
21 25
19 0
8 32
6 27
10 32
5 48
15 50
23 47
1 48
12 47
24 49
20 47
8 24
21 29
23 6
12 24
10 29
5 32
17 22
0 32
3 27
22 52
16 19
18 6
17 32
21 20
16 29
1 22
3 10
22 11
7 32
12 33
11 2
2 13
8 22
23 16
18 9
8 1
20 26
5 20
5 4
4 2
24 21
7 22
12 17
19 19
23 34
9 26
5 34
13 50
8 48
15 44
1 47
11 49
0 51
10 46
1 20
6 28
16 25
22 25
11 28
20 34
17 23
2 34
8 21
9 49
7 6
18 3
7 34
1 21
12 25
13 1
18 0
8 2
11 34
20 35
3 29
2 3
21 21
16 24
6 23
22 4
23 22
0 22
2 22
20 23
10 13
20 19
15 24
6 21
0 36
9 4
12 36
24 46
5 46
8 45
10 45
23 45
11 52
19 52
13 15
12 26
1 19
3 5
8 20
10 36
16 26
20 36
2 19
17 51
7 18
18 19
18 36
16 3
6 8
11 25
21 13
1 11
23 36
2 37
13 4
22 24
12 19
17 3
7 28
21 8
1 7
3 0
14 17
2 5
6 29
12 3
19 3
10 18
23 38
12 12
5 38
21 49
1 52
8 44
11 44
9 52
13 45
15 46
8 26
16 10
13 29
23 17
11 13
20 38
18 18
0 38
6 14
17 53
7 24
3 4
8 38
12 16
1 12
18 17
3 19
11 8
17 38
20 39
16 21
23 2
6 16
7 0
13 28
20 18
7 21
8 18
8 16
3 13
17 20
16 2
0 12
20 15
23 40
10 9
12 40
9 50
6 46
21 46
11 46
1 51
8 47
15 45
13 14
1 25
23 25
21 14
11 6
6 40
2 21
17 40
8 10
16 47
22 26
3 2
3 40
12 29
23 3
1 23
2 16
18 22
21 40
5 41
17 5
11 1
13 25
8 23
16 0
3 7
6 9
11 3
18 15
8 29
12 4
17 9
21 24
0 20
12 42
8 14
10 42
9 48
1 50
5 47
6 49
23 48
20 48
15 49
1 13
6 2
7 27
13 7
11 14
18 42
8 13
22 42
17 11
3 50
2 20
16 18
7 42
12 15
3 8
22 1
21 4
12 27
16 42
17 43
8 19
23 4
13 18
6 22
2 4
19 26
12 9
17 2
21 26
13 12
14 2
2 1
22 53
3 52
2 46
14 51
18 47
16 44
17 47
7 52
4 51

