317
1 14
20 28
22 30
16 26
10 30
13 46
3 53
15 53
9 52
12 47
8 46
18 44
22 10
11 13
12 24
13 19
3 3
7 30
2 24
17 30
6 22
21 51
24 3
16 8
2 30
3 26
13 7
18 27
8 25
23 19
12 30
5 31
1 16
17 6
11 2
22 16
16 29
14 25
13 11
6 12
16 10
2 15
8 4
9 3
3 17
20 9
8 32
21 10
15 32
23 52
11 50
12 50
1 52
17 52
10 49
13 52
8 1
17 26
16 13
11 26
12 15
22 32
7 2
0 32
3 8
18 47
21 20
6 16
13 32
11 14
21 17
7 3
8 26
18 25
3 32
22 33
2 29
16 1
17 17
13 4
6 29
8 5
14 27
14 6
18 14
15 16
12 0
11 24
23 28
16 19
8 34
18 18
10 34
21 53
17 53
1 46
3 44
20 47
22 53
15 45
8 21
1 21
17 13
11 11
22 6
2 34
19 21
12 34
21 8
7 47
6 14
18 13
17 34
11 3
23 27
22 0
6 27
18 2
21 34
2 35
13 12
7 20
2 3
8 17
16 4
24 16
2 20
1 13
12 5
22 26
1 8
1 0
9 16
23 18
12 36
21 0
15 36
22 49
20 53
3 49
11 53
1 48
8 48
10 47
13 22
12 13
3 20
2 10
7 12
10 36
4 23
17 36
22 2
24 52
21 12
6 17
6 36
8 0
18 22
17 23
21 14
3 10
22 36
0 37
16 14
22 21
13 16
7 23
11 27
5 15
1 7
7 9
17 19
0 2
23 17
10 20
10 2
3 24
22 38
12 16
15 38
21 48
8 52
18 49
11 49
20 50
13 48
1 44
13 27
1 20
21 22
11 0
22 23
18 38
12 1
7 38
16 9
2 45
4 10
6 11
13 38
7 22
6 10
22 9
1 17
16 24
21 38
17 39
23 16
12 19
11 19
11 20
2 14
24 19
17 7
21 18
21 27
6 8
16 5
13 2
12 11
20 5
10 40
1 29
15 40
3 51
21 46
13 51
18 46
9 47
8 47
17 47
18 6
11 4
17 29
8 13
12 3
22 40
19 15
2 40
21 19
1 47
7 8
6 0
18 40
13 21
1 24
3 25
2 9
17 10
12 40
22 41
8 10
11 5
16 2
7 19
21 24
8 24
16 12
4 4
17 28
2 17
10 3
16 15
17 9
13 29
20 42
8 23
10 42
18 48
1 53
15 47
3 52
12 46
16 53
9 51
11 15
17 24
12 25
1 3
15 25
2 42
7 21
22 42
13 26
8 51
19 25
6 18
6 42
6 28
12 27
16 3
22 22
18 19
1 42
2 43
23 8
17 18
8 3
21 3
13 1
23 13
7 18
0 25
5 17
7 14
22 3
8 28
7 51
5 50
24 50
6 48
4 46
2 46
14 47
19 48
0 44

