317
23 7
14 5
15 30
11 24
5 30
1 48
13 46
21 45
22 48
12 47
2 49
7 49
16 25
23 5
22 26
7 13
12 0
2 30
11 7
17 30
21 27
0 48
9 10
8 24
7 30
8 13
22 22
18 28
1 11
12 4
21 30
2 31
6 28
17 22
23 9
11 20
17 19
4 26
6 12
3 14
19 14
0 26
7 10
16 10
21 2
15 21
5 32
7 4
13 32
12 52
23 49
16 49
2 44
1 44
11 45
22 45
6 22
21 14
16 8
22 27
12 13
17 32
7 5
2 32
1 17
20 52
10 17
8 5
22 32
21 9
2 14
8 18
6 1
16 12
12 32
17 33
3 12
7 12
13 10
23 16
1 26
5 7
5 16
10 0
10 7
9 2
10 21
17 3
1 14
11 23
13 34
7 16
5 34
3 48
18 44
16 50
21 46
2 46
22 52
12 46
6 3
21 11
12 12
13 20
2 15
22 34
15 4
17 34
16 22
10 49
8 14
7 23
1 34
16 6
11 26
13 27
8 27
2 23
3 34
22 35
18 13
6 15
22 21
7 19
12 10
24 0
1 9
16 16
3 17
7 27
2 5
23 6
22 19
21 28
5 36
23 22
12 36
7 48
14 49
16 44
18 48
1 49
3 52
15 51
7 29
6 23
13 26
22 29
3 13
15 36
20 20
17 36
12 28
11 47
8 11
23 24
11 36
13 3
17 5
16 11
23 20
3 24
22 36
0 37
18 29
22 17
8 0
12 29
6 20
3 25
3 20
19 9
7 1
4 22
2 27
9 22
7 6
15 6
5 38
18 24
13 38
23 50
2 50
12 49
3 50
11 53
16 51
22 53
6 17
7 2
11 3
22 16
12 21
20 38
8 25
0 38
23 3
17 44
19 6
18 3
17 38
7 26
2 8
3 8
18 27
6 21
8 38
20 39
13 8
23 1
11 8
11 15
16 23
20 3
20 11
4 21
3 29
24 8
8 9
16 13
5 21
21 3
2 40
6 18
13 40
15 50
16 53
22 44
11 46
1 51
23 48
12 45
1 10
11 14
13 19
12 7
15 14
17 40
4 17
7 40
23 4
6 48
0 10
20 27
12 40
7 3
21 24
23 21
3 3
1 24
6 40
17 41
11 9
8 6
2 17
13 7
16 5
6 19
2 0
18 8
14 19
5 9
1 8
10 13
2 19
13 6
5 42
18 16
15 42
12 51
3 47
14 46
23 51
21 44
11 44
1 46
16 9
12 20
11 29
21 16
2 1
22 42
17 21
7 42
1 20
18 53
10 3
0 0
11 42
22 20
16 2
6 13
1 19
7 18
18 42
22 43
2 28
8 4
21 22
3 10
12 27
23 13
19 12
15 12
18 17
4 28
24 21
12 15
20 48
24 51
0 53
4 46
19 50
17 51
8 47
10 50
9 52

