317
6 3
1 20
8 30
2 26
15 30
21 52
23 53
22 47
12 45
3 45
18 53
7 44
16 8
7 18
6 6
12 14
3 8
22 30
2 5
17 30
8 2
11 50
20 22
13 0
13 30
12 0
1 24
7 21
21 23
17 1
3 30
22 31
11 15
6 26
8 3
16 19
6 19
19 29
14 9
9 26
5 16
10 13
0 9
21 12
6 20
8 19
18 32
7 10
15 32
1 52
22 44
21 51
3 46
12 44
17 48
9 50
6 11
3 15
12 26
16 24
17 11
22 32
13 22
0 32
21 25
11 45
7 17
5 20
21 32
6 9
7 11
11 21
13 27
2 17
17 32
22 33
3 3
1 26
18 8
21 16
12 10
11 3
10 6
14 24
12 24
13 4
9 11
8 8
23 26
6 18
16 34
9 6
18 34
12 47
7 53
15 47
1 47
21 50
22 52
8 49
1 8
17 8
18 14
13 3
22 0
7 34
9 0
2 34
16 29
0 53
10 4
11 18
21 34
2 16
6 4
8 14
16 16
22 12
23 34
12 35
3 24
17 7
11 19
18 23
7 6
1 10
16 26
23 5
23 27
22 11
2 19
17 18
1 9
7 28
18 36
21 8
8 36
23 51
22 45
17 44
6 46
12 49
2 52
15 45
1 1
18 1
17 15
2 7
8 7
3 36
11 12
22 36
12 22
16 52
13 6
21 2
13 36
11 0
6 2
17 17
23 15
1 19
21 36
2 37
18 7
22 7
16 18
12 19
7 25
23 20
17 19
10 17
20 23
12 3
20 26
24 29
22 19
17 25
18 38
1 7
15 38
7 51
8 52
9 47
12 46
23 47
21 53
3 44
18 24
3 6
16 25
6 17
22 18
7 38
2 23
12 38
17 13
1 53
24 24
11 20
1 38
21 17
17 12
13 26
16 0
8 17
11 38
5 39
12 18
22 28
2 11
3 11
23 28
4 23
4 1
7 15
21 19
0 12
22 1
0 4
2 10
1 5
8 40
7 20
15 40
6 50
22 49
3 48
12 48
23 46
21 49
17 50
16 28
6 29
12 5
8 5
2 29
22 40
0 22
17 40
21 27
7 50
11 17
13 24
12 40
7 22
1 28
11 29
18 29
2 14
6 40
22 41
17 21
16 4
8 28
21 9
3 7
20 21
21 28
15 15
18 4
18 17
15 6
13 29
8 26
17 5
6 42
21 14
18 42
1 44
3 47
15 50
12 51
2 51
9 51
16 53
16 3
2 13
3 27
18 22
7 1
23 42
5 14
12 42
17 24
21 47
0 23
11 23
16 42
22 5
6 14
11 26
3 26
13 9
8 42
22 43
1 6
12 27
21 7
2 0
18 9
20 14
2 4
12 29
12 17
9 4
1 13
16 5
4 49
20 46
10 45
24 46
0 51
11 49
13 44
5 45
14 49

