317
13 9
0 19
20 30
7 14
2 30
18 44
22 50
6 53
19 45
9 49
8 44
23 53
13 24
18 1
2 12
17 6
22 4
5 30
24 21
10 30
16 13
7 45
4 5
1 27
22 30
21 14
12 11
3 18
8 12
18 8
13 30
15 31
23 29
1 11
7 29
6 21
2 10
6 18
17 24
23 26
10 17
13 18
7 17
5 21
22 25
13 12
20 32
23 24
8 32
12 51
6 48
2 51
18 46
16 47
7 49
3 48
6 8
22 21
7 8
16 12
10 26
17 32
5 14
0 32
3 6
23 52
14 19
24 28
7 32
11 18
13 2
3 27
6 1
16 11
23 32
17 33
2 4
3 11
22 15
7 10
12 18
6 25
19 24
2 20
0 24
23 7
11 24
22 8
21 3
19 17
8 34
18 11
12 34
6 47
3 49
7 44
22 49
0 52
20 53
16 51
7 25
8 21
16 14
21 16
12 6
2 34
17 20
22 34
6 24
1 45
11 4
18 27
11 34
21 11
18 16
17 11
7 21
12 22
16 34
2 35
22 11
8 17
3 13
6 19
13 3
10 16
4 9
14 2
21 27
5 25
14 27
5 17
3 7
23 20
18 36
2 23
20 36
8 46
6 46
7 53
22 52
13 44
12 53
0 53
18 25
3 26
21 29
17 21
12 17
15 36
1 19
7 36
22 3
2 48
11 6
24 17
13 36
12 24
22 22
2 26
8 23
18 17
6 36
15 37
1 15
6 17
3 15
11 3
21 7
19 29
3 21
14 3
9 14
15 16
22 28
7 19
0 7
19 13
8 38
16 9
20 38
6 50
2 52
3 47
12 44
7 48
18 53
13 45
7 9
2 25
3 4
8 29
17 14
12 38
11 8
22 38
6 27
1 44
4 10
16 2
2 38
18 20
23 19
3 8
21 12
11 27
1 38
12 39
8 2
17 22
6 5
7 0
16 28
21 1
7 13
2 16
2 5
21 20
2 28
6 23
0 15
12 9
8 40
7 23
20 40
6 49
18 52
3 45
13 50
22 44
2 47
16 48
16 21
13 23
3 10
2 15
5 16
23 40
7 3
17 40
21 23
14 51
1 8
11 21
3 40
7 7
12 16
11 13
2 13
16 22
1 40
22 41
18 18
6 13
8 27
21 28
17 15
21 9
22 12
4 20
3 24
0 12
21 13
22 24
13 16
0 0
8 42
22 20
20 42
2 49
16 49
6 44
3 50
18 49
7 51
23 49
7 22
2 29
3 3
8 16
23 23
17 42
15 28
12 42
6 10
22 48
1 2
11 0
22 42
18 23
21 25
12 13
6 14
1 29
23 42
17 43
8 26
13 19
16 25
7 2
2 9
15 0
19 20
24 18
22 27
22 14
15 10
10 15
1 47
24 50
15 50
4 45
10 45
17 49
11 46
5 46
14 50

