317
18 11
13 7
5 30
2 3
7 30
16 50
21 53
1 47
11 45
20 45
22 52
3 48
18 17
6 15
8 28
3 6
15 22
22 30
17 12
10 30
21 18
9 50
0 22
2 15
17 30
18 28
7 6
12 23
6 1
2 10
21 30
22 31
16 16
11 0
8 9
3 14
11 16
15 10
0 12
20 8
6 23
23 12
15 17
3 1
13 29
20 26
8 32
1 26
5 32
23 44
3 52
16 45
22 47
11 47
7 48
18 50
6 12
16 5
11 9
2 18
7 0
22 32
21 14
17 32
3 2
1 50
12 5
14 23
12 32
18 19
21 29
13 27
11 2
1 28
7 32
2 33
23 11
13 10
6 6
16 10
22 7
10 3
7 22
5 19
9 4
11 5
24 6
13 25
13 1
16 17
8 34
23 17
5 34
11 46
21 45
1 52
2 44
20 53
7 51
22 44
22 23
1 22
13 8
11 25
7 14
3 34
24 19
17 34
16 7
15 49
23 8
12 22
12 34
17 7
23 0
21 25
7 24
11 4
22 34
2 35
18 12
6 22
1 4
8 17
13 11
14 28
3 4
13 0
21 15
4 11
13 2
21 21
2 13
1 18
5 36
7 21
8 36
22 53
20 51
21 44
3 53
18 51
13 48
23 49
21 23
8 7
6 24
17 18
2 5
22 36
19 21
10 36
18 3
24 44
7 2
4 13
21 36
8 11
1 7
3 21
23 24
18 29
13 36
15 37
12 20
11 23
6 29
7 12
22 19
5 8
24 3
23 2
7 5
10 11
18 21
14 17
21 5
20 0
5 38
13 23
8 38
11 51
18 47
16 53
23 45
7 47
3 45
1 48
3 16
6 0
1 20
12 21
7 15
10 38
2 4
17 38
21 8
13 51
24 1
22 17
3 38
21 12
22 28
2 9
17 27
7 8
1 38
10 39
16 24
13 28
6 26
8 2
18 9
14 19
4 12
2 2
9 26
6 10
20 19
8 21
16 13
5 16
2 40
6 21
8 40
1 53
21 49
18 44
13 46
7 52
20 49
11 52
7 20
11 19
8 8
13 24
2 26
22 40
0 8
17 40
21 27
15 50
6 20
12 9
7 40
11 20
2 1
1 14
3 10
16 28
6 40
22 41
17 21
13 26
12 0
21 2
18 26
11 21
23 6
20 10
12 26
22 10
8 6
16 11
18 0
6 3
1 42
9 21
7 42
11 50
23 52
5 52
21 51
16 47
3 46
13 44
18 25
2 27
1 24
22 22
7 23
20 42
0 2
12 42
16 0
17 45
19 22
9 9
18 42
2 7
7 3
11 29
12 28
1 23
23 42
20 43
16 15
13 15
3 27
17 16
8 26
3 0
4 0
15 24
10 27
1 15
18 13
0 13
17 49
0 45
19 45
15 45
4 49
12 46
10 48
24 45
14 52

