317
11 14
8 29
23 30
7 0
3 30
13 50
21 48
2 53
18 48
10 52
17 45
22 49
11 18
3 16
2 24
16 4
22 23
17 30
20 4
12 30
8 8
1 46
7 19
6 9
2 30
1 16
8 15
12 24
23 14
18 22
6 30
15 31
3 13
13 9
22 0
21 18
12 23
17 1
15 22
3 11
0 15
0 4
13 23
7 1
18 6
2 6
23 32
21 10
3 32
22 51
1 51
13 48
12 46
17 48
8 51
7 46
23 25
7 6
22 9
8 13
3 28
12 32
16 13
17 32
11 11
6 50
21 25
0 12
7 32
3 2
1 1
18 11
8 7
13 3
21 32
10 33
17 15
16 19
22 24
7 24
2 8
13 20
11 9
11 22
5 16
6 11
13 28
17 20
2 18
7 13
10 34
1 14
23 34
17 52
22 52
8 52
18 49
3 52
21 44
4 53
21 28
11 21
8 17
13 21
22 1
3 34
16 12
17 34
12 4
9 48
6 18
1 11
2 34
8 14
17 3
18 26
22 18
1 7
16 34
12 35
6 10
23 22
12 5
21 4
3 29
0 14
20 8
17 5
20 5
10 21
19 28
23 24
8 12
23 27
3 36
18 23
10 36
1 48
2 45
21 45
22 48
7 50
13 52
24 52
1 0
13 2
11 27
22 8
2 22
15 36
20 23
7 36
23 12
12 47
18 28
6 13
12 36
13 5
23 26
7 5
3 3
6 16
1 36
15 37
8 20
1 25
22 5
11 29
18 21
3 20
17 22
2 17
2 4
17 8
20 29
11 23
3 27
10 4
11 38
23 13
17 38
22 53
1 50
21 50
7 47
24 46
13 44
2 52
12 8
18 3
11 20
22 21
20 27
7 38
16 25
2 38
13 14
6 44
23 17
19 17
23 38
2 19
11 8
22 14
13 17
6 4
21 38
7 39
18 24
1 22
16 16
16 3
3 5
1 12
7 27
3 18
2 0
23 11
7 29
2 15
4 3
21 29
12 40
11 2
23 40
10 46
8 44
3 53
22 50
2 50
1 49
18 46
8 5
13 11
22 16
12 0
2 26
0 40
9 29
17 40
6 25
16 49
20 6
11 28
16 40
2 11
13 8
17 25
18 29
11 10
3 40
5 41
22 28
1 20
12 10
23 29
8 6
3 19
0 0
18 18
4 21
15 9
24 23
21 15
17 4
4 23
12 42
3 1
23 42
1 53
8 49
10 47
18 51
7 52
11 46
2 46
1 4
13 12
11 17
12 6
18 4
8 42
16 17
20 42
2 29
3 51
0 8
6 27
1 42
11 7
21 17
3 4
17 18
13 22
6 42
7 43
16 15
2 7
12 12
18 1
22 7
10 19
7 22
6 22
18 25
17 7
19 6
24 11
6 47
9 50
5 52
0 53
14 44
16 45
19 50
20 51
15 49

