r\t   0   1   2   3   4   5   6   7   8   9  10  11  12  13  14  15  16  17  18  19  20  21  22  23  24 
  0  -1  -1  -1  -1  -1  -1  -1  -1 128  -1  -1 191  60  60  -1  -1 256  -1  -1  -1  -1  -1  -1  -1  -1 
  1  67  -1  -1  -1  -1  -1  -1 116  56  -1  -1  -1  -1  -1  -1  -1  -1 199  -1  22  -1  -1 192 192  -1 
  2  -1 254  86  -1  -1  -1  35  -1  -1  -1  -1  -1  34  -1  -1  -1  -1 305  -1  -1  -1 108 210  -1  -1 
  3  -1  -1  -1  -1  -1  -1  -1  -1  -1  -1  -1  79  69  -1  -1  -1  -1  -1 304  -1  -1  -1  -1 211  -1 
  4  -1  -1  -1  -1  -1  -1 175  -1  -1  -1  -1  -1  -1  -1  -1  -1  -1  -1 276  -1  -1  -1  25 253  -1 
  5  -1 161  -1  -1  -1  -1  -1  85 160  82  38 233  14 300  -1  -1 296  -1  -1  -1  -1  -1 122 110  -1 
  6  -1 203  -1 214 216  -1  78  -1  -1  -1  -1 246 236 236  -1  -1 257 164  -1  -1  -1  -1 220  -1  -1 
  7  -1 117  -1 124  -1  -1 219  29  -1  -1  -1  20  -1  -1  -1  -1 100  -1  -1  -1  -1  71 132  91  18 
  8  -1  -1  -1  -1  -1  -1  23  -1  -1  -1  -1 260  -1  -1  -1  -1  -1  -1 302  -1  -1 205  -1  -1  -1 
  9  -1 232  -1  -1  -1 282  -1  -1 261  -1  -1  -1 145  -1  -1  -1  -1  -1  -1  42  -1 168  -1  -1  -1 
 10  -1  -1 173 188  66  -1  -1  -1  -1  -1  -1  59  -1  -1  -1  -1 277  -1  72  -1  -1 135  -1  -1 129 
 11  -1  -1  -1  -1  -1  -1  -1  -1 123  -1  -1  -1  -1  -1  -1  -1  77 120  -1 127 221  32  -1  -1  -1 
 12  -1  -1  -1  -1  -1  -1  -1 172  -1  -1  -1  -1 130 247 198  -1  43 170  -1  -1  -1  -1  -1 223  -1 
 13  -1 147  -1 258  -1  -1 169  -1  -1  -1  -1  -1  -1 280 280  -1  -1 249  -1  -1  -1 235  -1 292  -1 
 14  -1  -1  -1  -1  -1  -1  -1  -1 279  -1  -1  33 167  -1  -1  -1  -1 179  -1  -1  -1  -1 291  -1  -1 
 15  -1  -1  -1  -1  -1  -1 209  -1  -1  -1  -1  -1 174  -1  -1  -1  -1  -1 299  -1 125  -1 263 133  37 
 16  -1  -1  -1 240  -1  -1 106  -1  84  -1  -1  -1 265  73  -1  -1  -1  15 303  -1  -1  -1  -1  -1  -1 
 17  -1 101 208  -1  -1  -1 121 111  -1  -1 287 146  -1  -1  -1  -1 190  -1  -1  -1  -1  -1  16  16  -1 
 18 176 298 238 293  -1  -1  -1 165  -1  -1  81  -1 104 104  -1  83  -1 204 194 177  -1  -1 131  -1  -1 
 19  47  -1  -1  -1  -1  -1  58  -1 218  -1  -1  -1  -1  -1  -1  -1 166  88   1  -1  -1  64 152  -1  -1 
 20  41  -1 255  -1  -1  -1  -1  -1  -1  -1  -1  -1  -1  -1  -1  -1  -1  -1 252  -1  -1  -1 234 307  -1 
 21  -1 264  39  -1  -1  -1  -1  -1  -1  -1  -1  -1  -1 217  -1  -1  -1  -1  -1  -1  -1  -1  -1  -1 306 
 22  -1  -1  -1  70  -1  -1 171  -1 102  -1  -1  -1 114  27  -1  -1  -1  26 159  -1  -1 278  -1  -1  -1 
 23  -1  -1  -1  -1  -1  -1  -1  -1  -1  -1  -1 126 196  -1  -1  -1 144 267  -1  -1  -1 245 103  -1  -1 
 24  89  28  -1  -1  -1  -1  -1  -1  -1  -1  -1  -1 248  -1  -1  -1 301  -1  44  -1 150  -1  -1  -1  -1 
 25  -1   3 289  45  -1  -1  -1  -1  -1  -1  -1 157  -1  36 213  -1  57  -1 113  -1  -1 297  -1  -1  -1 
 26  -1  -1  -1  -1  -1  -1  -1 201 212  -1  -1  -1  -1  -1 215  -1  -1 286  -1  -1  -1 154  -1  -1  -1 
 27  -1  -1  -1  -1  -1  -1 243  -1  -1  -1  -1 290  -1  13  -1  -1 202  -1  -1  -1  -1 189  87 242  -1 
 28  -1  -1  -1  -1  -1  -1 155  -1  -1  -1  -1  -1  -1 115  -1  -1  -1 148 148  -1  -1  -1 158  -1  -1 
 29  -1  -1  80  -1  -1  -1 259  62   0  -1  -1  -1 284  40  -1  -1  12  76  -1  -1  -1 262  -1  -1  -1 
 30  -1  -1  -1  17  17  -1  -1  19  19  19  -1  -1   4   4  -1  -1  30  -1  -1  -1   2   2  -1  24  -1 
 31  -1  -1  31  31  31  -1  -1  -1  -1  -1  -1  -1  -1  -1  -1  -1  -1  -1  -1  -1  -1  -1  -1  -1  -1 
 32  -1  68  -1  -1  -1  -1  -1  -1  74  -1  -1  -1  48  48  -1  46  46  63  63  63  -1  -1  61  61  -1 
 33  -1  -1  -1  -1  -1  -1  -1  -1  -1  -1  -1  -1  -1  -1  -1  -1  -1  -1  -1  -1  -1  -1  75  75  75 
 34  -1  -1 112 105 105  -1  -1  -1  -1  -1  -1 118  92  92  -1  90  90 107 107 107  -1  -1  -1  -1  -1 
 35  -1  -1  -1  -1  -1  -1  -1  -1  -1  -1  -1  -1  -1  -1  -1  -1  -1  -1  -1  -1 119 119 119  -1  -1 
 36 134 134 149 149  -1  -1 162 151 151 151  -1  -1  -1 156  -1 136 136  -1  -1  -1  -1  -1  -1  -1  -1 
 37  -1  -1 163 163 163  -1  -1  -1  -1  -1  -1  -1  -1  -1  -1  -1  -1  -1  -1  -1  -1  -1  -1  -1  -1 
 38 193 193  -1 206  -1 195 195 195  -1  -1  -1  -1  -1 200  -1 180 180  -1  -1  -1  -1  -1 178 178  -1 
 39  -1  -1  -1  -1  -1  -1  -1  -1  -1  -1 207 207 207  -1  -1  -1  -1  -1  -1  -1  -1  -1  -1  -1  -1 
 40 224 224  -1 244  -1  -1  -1 237 237  -1  -1  -1 222 222  -1  -1  -1 239 239 239  -1  -1 250  -1  -1 
 41  -1  -1  -1  -1  -1  -1  -1 251 251 251  -1  -1  -1  -1  -1  -1  -1  -1  -1  -1  -1  -1  -1  -1  -1 
 42  -1  -1 283 283 283  -1 294  -1  -1  -1  -1  -1  -1  -1  -1 266 266 288  -1  -1 268 268 281 281  -1 
 43  -1  -1  -1  -1  -1  -1  -1 295 295 295  -1  -1  -1  -1  -1  -1  -1  -1  -1  -1  -1  -1  -1  -1  -1 
 44  -1  54  -1  -1  -1  -1  -1  -1  -1 316  -1  51  -1  -1  -1  -1  -1  -1 140  -1  -1  -1  -1 272 310 
 45  -1  -1  -1 228  -1  -1 308  -1  -1  -1  -1 141  -1 153  -1   9  -1  -1  -1  -1  -1  -1 273  -1  -1 
 46 269  -1  -1 143  -1  -1  -1  -1  50  -1  -1  94  -1  -1  -1  -1  -1  -1  -1  -1  -1 225  -1  53  -1 
 47  -1  -1 197  95  -1  -1  -1  -1  -1  -1  -1  -1  -1  -1  -1 229  -1  10  99  -1  -1  97  -1  -1  -1 
 48   8  -1  -1  -1  -1 241  -1  -1  -1  -1  -1 270  -1  -1  -1  -1  -1  -1  -1 271  -1 186  -1  -1  -1 
 49  -1  93 313 183 314  -1 285  -1  98  -1  -1 231  -1 275  -1  -1  -1  55 227 138  -1  -1   5  -1  -1 
 50  -1  21  -1  -1  -1  -1  -1  -1 139  -1  -1  -1  -1  -1  -1  -1 226 137  -1  -1 185  -1  -1  -1  -1 
 51  -1 181  65  -1  -1  -1  -1 315 184  -1  -1   7  -1  -1  -1  -1  -1  -1  -1  -1  49  -1  -1  11  -1 
 52  -1  -1 109  -1  -1  -1  -1  -1 230  -1 311  -1  -1 182  -1  -1   6  -1 274  -1  -1  -1  -1  -1  -1 
 53  -1  -1  -1  -1  -1 309  -1  -1  -1  -1  -1 187 142  -1 312  -1  -1  -1  -1  -1  -1  52  96  -1  -1 

r\t   0   1   2   3   4   5   6   7   8   9  10  11  12  13  14  15  16  17  18  19  20  21  22  23  24 
  0  -1  -1  -1 157  -1  -1  -1  -1 217  -1  -1  12  -1  -1  -1  -1  -1  60  60  -1  -1  -1 242  -1  -1 
  1  -1  -1 127  -1  -1  -1  -1  -1  -1  -1  -1  -1  -1 256  -1  -1  -1 276  -1  -1  -1  -1  -1  -1  -1 
  2  -1 247  35  20 262  -1  -1 168 103  -1  -1  86  -1  -1  -1 286  28 165  -1  -1 170  -1  -1 289  -1 
  3  -1  -1  -1 280 280 259  -1  -1  77  -1  -1 191 129  -1  -1  -1  -1  37  -1  -1  -1  33 111  27  -1 
  4  -1 292 166  -1  -1  -1  -1  89  -1  -1  -1 220  -1  -1  -1  -1  -1  -1  82  -1  -1  -1  -1 254  -1 
  5  -1 232  -1 248  -1  -1  -1  -1  -1  -1  -1  -1 104 104  -1  -1  -1  -1  84  -1 265  -1  -1  -1  -1 
  6  -1  -1  -1 304  -1  -1  -1  -1  -1  -1  -1 121   0  73  -1  -1  -1 114  -1  -1  -1  -1  -1  76  -1 
  7  -1  -1  -1  29  -1  -1  -1  16  16  40  -1  -1  -1  -1  -1 305  -1  -1 300  -1 214  36 117  -1  -1 
  8  42 219  -1  -1  -1  -1  64  -1 201  -1  -1  -1  -1 236 236  -1 164 203  -1  -1  -1 218 246  -1  -1 
  9  -1  -1  -1  -1 172  -1  -1 108  -1  -1  -1  -1  26  -1  -1  -1 245  -1  -1  -1  -1  -1  -1  -1  -1 
 10  -1  -1 253 204  -1  -1 102  -1  -1 150  -1 158  -1  -1  -1  -1  87  -1  -1  -1  -1  -1  -1  -1  -1 
 11  -1  -1 208  -1  -1  -1  -1  -1  43  -1  -1 291 192 192  -1  -1 202  -1 115  -1  -1  -1  -1 293  -1 
 12  -1  -1  -1  -1  -1  -1 223  -1  -1  -1  -1 144  -1  -1 216  -1  -1  -1  -1  -1  -1  -1  -1 234  -1 
 13 302  -1  -1 260  -1  -1  32  -1  -1  -1  -1  -1 210  -1  -1  -1  -1 255 135  -1  -1  -1  -1  91  -1 
 14  -1 167  47  -1  -1  -1  -1  -1  81  -1  -1  -1 240 171  -1  -1  -1 307  -1  -1  -1  -1  34 161  -1 
 15  -1  -1  -1  45  -1  -1  -1 133 306  -1  -1  39  -1  -1  -1  -1  62  -1  -1  -1  -1  15  -1  -1  -1 
 16 261  -1  14  -1  -1 215  -1  -1 132  -1 287  -1 264  -1 198 106  -1  78 128  -1  -1 209  -1  -1  22 
 17  -1  -1  -1  80  -1  -1 243 279 284  -1  -1  58  56 297  -1  -1  -1 233  -1  -1  -1  59  -1 263  -1 
 18  -1 213  -1 101  -1  -1  71  -1 160  -1  -1  79  -1  -1  -1  -1 199 290 267  -1  -1  -1  -1  -1  -1 
 19  -1  -1 296  -1  67  -1   3  -1  -1  -1  -1  -1  -1  85  -1  -1  -1 189  -1 169  -1 147 125  -1  38 
 20  -1  -1  -1  -1   1  -1 174  -1  44  -1  -1  -1  -1  -1  -1  -1  -1 175 235  -1  -1 124  -1  -1  -1 
 21  -1  -1  -1  -1  -1  -1 188  -1 190  -1  83  -1 249  -1  -1  -1  -1  -1  -1  -1  -1  -1  -1  -1 238 
 22  -1  70  -1 145  -1  -1  18  -1  -1  -1  -1  -1  -1  -1  -1  -1  -1  -1 282  -1  -1  -1  -1 110  -1 
 23 257  -1  -1 299  -1  -1 278 179  -1  -1  -1  -1 211  88  66  -1  -1  -1 177  -1  -1  -1  -1 173  -1 
 24  -1  -1 277 122  -1  -1  -1  -1  -1  -1  -1  -1 159 116  -1  -1  -1  -1  -1  -1  -1  -1 196 131  -1 
 25 126  57  -1  -1  -1  -1 205  -1 152  41  -1  -1  -1  -1  -1  -1  -1  -1 155  -1  -1 221  23  -1  -1 
 26  -1 212  -1  -1  -1  -1  -1  25 176  -1  -1  -1 123  -1  -1  -1 258  -1  -1  -1  -1  -1  -1  -1  -1 
 27  -1 154 146  -1  -1 303 120  72 113  -1  -1 252  69  -1  -1  -1  -1  -1  -1  -1  -1 100  -1  -1  -1 
 28  -1  -1  -1 301  -1  -1 130  -1  -1  -1  -1  -1 148 148  -1  -1  -1  -1  -1  -1  -1 298  -1  -1  -1 
 29  -1  13  -1  -1  -1  -1  -1 194  -1  -1  -1  -1  -1  -1  -1  -1  -1  -1  -1  -1  -1  -1  -1  -1  -1 
 30  -1  -1   4   4  -1  -1  -1  -1  24  -1  -1  30  19  19  19  -1  -1  17  17  -1   2   2  -1  -1  -1 
 31  -1  -1  -1  -1  -1  -1  -1  -1  -1  -1  -1  -1  -1  -1  -1  -1  -1  31  31  31  -1  -1  -1  -1  -1 
 32  46  46  68  -1  -1  -1  -1  63  63  63  -1  -1  -1  -1  -1  -1  74  48  48  -1  -1  -1  61  61  -1 
 33  -1  -1  -1  -1  -1  -1  -1  -1  -1  -1  -1  -1  -1  -1  -1  -1  -1  -1  -1  -1  75  75  75  -1  -1 
 34 105 105  -1  90  90  -1  -1  -1  -1  -1  -1  -1  -1  -1  -1  -1 118 107 107 107  92  92  -1 112  -1 
 35 119 119 119  -1  -1  -1  -1  -1  -1  -1  -1  -1  -1  -1  -1  -1  -1  -1  -1  -1  -1  -1  -1  -1  -1 
 36  -1  -1  -1 134 134  -1 156  -1  -1  -1  -1  -1 136 136  -1 151 151 151 162  -1  -1  -1 149 149  -1 
 37  -1  -1  -1  -1  -1  -1  -1  -1  -1  -1  -1  -1  -1  -1  -1  -1  -1  -1  -1  -1 163 163 163  -1  -1 
 38 178 178 195 195 195  -1  -1 206  -1  -1  -1 200 180 180  -1  -1  -1  -1  -1  -1  -1  -1  -1 193 193 
 39  -1  -1  -1  -1  -1  -1  -1  -1  -1  -1  -1  -1  -1  -1  -1  -1  -1  -1  -1  -1  -1  -1 207 207 207 
 40 224 224 239 239 239  -1 244 237 237  -1  -1  -1 222 222  -1  -1  -1  -1 250  -1  -1  -1  -1  -1  -1 
 41  -1  -1  -1  -1  -1  -1  -1 251 251 251  -1  -1  -1  -1  -1  -1  -1  -1  -1  -1  -1  -1  -1  -1  -1 
 42  -1 266 266 268 268  -1 294  -1  -1  -1  -1  -1 288 281 281  -1  -1  -1  -1  -1  -1  -1 283 283 283 
 43  -1  -1  -1  -1  -1  -1  -1 295 295 295  -1  -1  -1  -1  -1  -1  -1  -1  -1  -1  -1  -1  -1  -1  -1 
 44  -1  -1  -1  -1  -1  -1  -1  -1  -1  -1  -1  -1  -1  -1  -1  -1  -1  95  -1  -1  -1  -1  -1  -1  -1 
 45  -1  -1  -1  -1  -1 153 182   7 270 311  -1 140  -1  -1  -1  -1  -1 187 225  -1  -1  -1  -1  -1  -1 
 46   9  -1 138  -1  -1  -1 137  51  -1  -1  -1 186  -1  -1  -1  -1 241  -1  -1  -1  -1  -1 315   6  -1 
 47  -1  -1  -1  -1  -1 314  -1 228  99  -1  -1  -1  97  -1  -1  -1  -1  -1  -1 316  -1 274  -1 141  -1 
 48  -1  -1  65  -1  -1  -1  55  -1  -1  -1  -1   5  -1  -1  -1  -1  -1  -1  96  -1  -1  -1  -1  -1 308 
 49  -1  -1  -1  -1  -1  -1  -1  -1  -1  -1  -1  -1  49  -1  -1  -1 285 231  -1  -1  -1 184  -1 227  -1 
 50 143  94 185  -1  -1  -1  -1  -1 230  -1 310  -1  -1 273  -1  -1  21  -1  10  -1 183  53  -1  50  -1 
 51  -1  -1 226  -1  -1  -1  93  -1  -1  -1  -1  54  -1  -1  -1  -1 313 269  -1  -1  -1 142  -1  -1  -1 
 52 271  -1  -1  -1  -1  -1  -1  -1  -1  -1  -1  98  -1  52  -1 312 109 139  -1  -1  -1  -1  -1 181  -1 
 53  -1   8  -1  -1  -1  -1 272  -1  11  -1  -1 275  -1  -1 309  -1  -1  -1  -1 197 229  -1  -1  -1  -1 

r\t   0   1   2   3   4   5   6   7   8   9  10  11  12  13  14  15  16  17  18  19  20  21  22  23  24 
  0  -1  69  -1  -1  -1 262  -1 148 148  -1  -1  -1  -1  -1  -1  -1  -1  -1  26  -1 106  -1  -1  -1  -1 
  1 220  -1 154 284  -1  -1 233  -1  -1  -1  -1  -1  -1  88  -1  -1 202  -1 290  -1  -1  -1  -1  -1  -1 
  2  42  -1  -1  -1  -1  -1 165  -1  -1  83  -1 124  -1 100  -1  -1 238  -1 108  -1  -1  -1  -1  -1  -1 
  3  -1 145  -1 188  -1  -1 286  -1  -1  -1  -1  -1  -1 135  -1  -1  -1  -1 232 214  -1  -1 179  -1  -1 
  4  -1  -1  -1  -1  -1  82  -1  71  -1  -1  -1  66  -1  13  -1  -1  -1  -1  -1 171  -1  -1 114  16  16 
  5  -1 277  70  -1  -1  -1  -1 160  -1  -1  -1  -1  -1 196 125  -1 198  -1  -1  -1  -1  -1  -1  -1  -1 
  6  -1 292  -1 300  -1 169 101  -1  -1  -1  -1  -1  -1  -1  -1  -1 158  59  -1  -1  45  -1   0  -1  -1 
  7  -1 157 104 104  -1  -1  67  -1 258 257  -1  -1  -1 174  -1  -1  -1  -1  -1  -1  -1  28 147  -1  -1 
  8  -1  -1 190  25  -1  -1  -1  -1  -1  -1  -1  -1  60  60  -1  -1  -1 234  -1  -1  -1  -1  -1  -1  -1 
  9  -1  15  -1 249  -1  -1 121  -1  -1 287  -1 289  33  -1  -1  -1  -1 102  -1  -1  -1  -1  -1 264  -1 
 10  -1 113   3 213  -1  -1  -1  -1  -1  -1  -1  -1  78  -1  -1  81  -1  14  -1  -1  -1 150 293 152  -1 
 11  -1  -1  -1  -1  -1  -1  -1 296  -1  -1  -1 279 103  -1  -1  -1  -1 260   1  -1  -1  -1  72  -1  -1 
 12  -1  -1  -1  -1  -1  -1 204 208 259  -1  -1  -1  -1  -1  -1  -1  -1  -1  -1 301 263  62  -1  -1  -1 
 13  84  -1 211 146  -1 127 256  77  -1  -1  -1  -1  -1 161  -1  -1  -1 276  -1  -1  -1  -1  -1  56  -1 
 14  -1  -1 278  -1  -1  -1  -1  -1  -1 175  -1  -1  -1  -1  -1 306  -1  -1  73  -1  -1  -1 166  -1  -1 
 15  -1  32  -1  -1  -1  -1  -1  -1  -1  -1  -1  -1  -1 298  -1  -1  -1 255  -1 130  -1  -1  -1 168  -1 
 16  -1 254  -1  -1  -1 129  47 303  -1  -1  -1  -1  -1  27  -1  -1  -1  -1  -1  -1 221  18  -1  -1  -1 
 17  -1  -1  -1  -1  -1  -1  -1  -1  -1  -1  -1  -1  41  -1  -1  -1  -1 201 164  -1  43  -1  -1  35  -1 
 18  -1  -1 210 126  -1 307 144  44 299  -1  -1  -1  -1  -1  -1  -1  -1 305  -1  -1  -1  -1 246  -1  -1 
 19  -1 205 236 236  -1  -1  -1  -1 240  -1  -1 194  -1  -1  -1  -1 155  -1  -1 282  -1 247  34 297  -1 
 20  -1  -1  -1  80  -1 131  -1  -1  -1  -1  -1  -1  -1  -1  -1  -1  -1  -1  -1  -1  -1  -1  -1  -1  -1 
 21  -1 223  -1 120 216  -1  20 280 280  -1  -1  -1  -1 117  -1  -1  -1 192 192  -1  -1  -1  -1  -1  -1 
 22  -1  -1 170  22  -1  -1 267  -1  -1  -1  -1  -1  86  -1  -1  -1  -1  -1  89  -1  -1 243  -1  -1  -1 
 23  -1  -1  38  40  -1  -1  -1 235 122  -1  -1  36  39  -1  -1  -1 173  -1 132  -1 177 209  -1  -1 304 
 24 265 261  23  -1  37 172  -1  -1 219  -1  -1  -1  85  -1 215  -1 116  -1  -1  -1  -1  -1  -1 133  -1 
 25  -1  -1  -1  -1  -1  -1  76  -1  -1  -1  -1  -1  -1  -1  -1  -1  -1  -1  -1  -1  -1 199 203  -1  -1 
 26  -1  -1  -1  -1  -1  -1  29  -1  -1  -1  -1 111 217 128  -1  -1  -1 159  -1  -1  -1  -1  12 115 242 
 27  -1  -1 167  -1  -1  -1  -1  -1  -1  -1  -1  -1 245 218  -1  87  -1  -1  57  -1  -1 291  -1  79  -1 
 28  -1  64 248  -1  -1  -1  -1  -1 176 302  91  -1 191  -1  -1  -1  -1 123 252  -1  -1  -1  -1 189  -1 
 29  -1  -1  -1  -1  -1  -1  -1  -1  -1  -1  -1  -1  -1 253  -1  -1 110  -1 212  -1  -1  -1  58  -1  -1 
 30   4   4  24  -1  -1   2   2  17  17  -1  19  19  19  -1  -1  -1  -1  30  -1  -1  -1  -1  -1  -1  -1 
 31  -1  -1  -1  -1  -1  -1  -1  31  31  31  -1  -1  -1  -1  -1  -1  -1  -1  -1  -1  -1  -1  -1  -1  -1 
 32  -1  -1  63  63  63  -1  -1  -1  61  61  -1  74  48  48  -1  -1  -1  -1  -1  -1  -1  68  46  46  -1 
 33  -1  -1  -1  -1  -1  -1  -1  -1  -1  -1  -1  -1  -1  -1  -1  75  75  75  -1  -1  -1  -1  -1  -1  -1 
 34  90  90  -1  -1  -1  92  92 105 105  -1  -1  -1 112  -1  -1  -1  -1  -1  -1  -1  -1 118 107 107 107 
 35  -1  -1  -1  -1  -1  -1  -1 119 119 119  -1  -1  -1  -1  -1  -1  -1  -1  -1  -1  -1  -1  -1  -1  -1 
 36 136 136  -1 156  -1  -1 134 134 162  -1 149 149  -1  -1  -1  -1  -1 151 151 151  -1  -1  -1  -1  -1 
 37  -1  -1  -1  -1  -1  -1  -1  -1  -1  -1 163 163 163  -1  -1  -1  -1  -1  -1  -1  -1  -1  -1  -1  -1 
 38 193 193 180 180  -1 195 195 195 206  -1  -1  -1  -1  -1  -1  -1  -1 178 178  -1  -1  -1  -1 200  -1 
 39  -1  -1  -1  -1  -1  -1  -1  -1  -1  -1  -1  -1 207 207 207  -1  -1  -1  -1  -1  -1  -1  -1  -1  -1 
 40 237 237  -1  -1  -1 222 222  -1  -1  -1  -1 250 239 239 239  -1 244  -1  -1  -1  -1  -1 224 224  -1 
 41  -1  -1  -1  -1  -1  -1  -1 251 251 251  -1  -1  -1  -1  -1  -1  -1  -1  -1  -1  -1  -1  -1  -1  -1 
 42  -1  -1  -1  -1  -1  -1 288 268 268  -1  -1  -1 281 281  -1  -1 294 266 266  -1  -1 283 283 283  -1 
 43  -1  -1  -1  -1  -1  -1  -1  -1  -1  -1 295 295 295  -1  -1  -1  -1  -1  -1  -1  -1  -1  -1  -1  -1 
 44  50  -1 225  -1 312  -1  -1  -1  97  -1  -1  -1  -1 273 310  -1  -1  -1  -1  -1  -1  -1  96  -1  -1 
 45  -1 181  95  -1  -1  -1  -1 228  -1  -1  54  -1 141  -1  -1  -1  -1  98  -1  -1  -1 109  -1  -1  -1 
 46  -1  -1  -1  -1  -1 271  -1  -1  -1  -1 229  -1 182   8  -1  -1  -1 230  -1 311 140  -1  -1  -1  -1 
 47  -1  -1  -1  -1  -1  -1  -1  11  -1  -1 183 313  -1 153  -1  -1  -1  10  -1  -1  -1  -1  -1  -1  -1 
 48  -1  -1  -1  99  -1  -1 187  -1  49  -1  -1 241  -1 227  -1  -1 308 142  -1  -1 274  -1 197  -1  -1 
 49  -1  -1  -1  -1  -1  -1  -1  -1  -1 314  -1  -1  93  -1  -1  -1  21  -1  -1  -1  -1  -1  -1   7  -1 
 50  -1 275  -1 231  -1  -1  -1  -1  -1  -1  -1  -1 270  -1  -1  -1  -1  -1  -1  -1  -1  -1  -1  -1 309 
 51  -1  51  -1 137  -1 143  -1  -1   6  -1  -1  -1  -1  -1  -1  -1  -1  -1  -1  -1  -1  -1 139  94  -1 
 52 185  -1 269 272  -1  -1  -1  -1  -1  -1  -1  -1   5  -1  -1  -1  -1  -1 226  65   9  -1  -1 186  -1 
 53  -1  -1  52  -1  -1  55  -1 184 138  -1  -1  -1  -1  -1  -1 316 285  -1  53  -1  -1 315  -1  -1  -1 

r\t   0   1   2   3   4   5   6   7   8   9  10  11  12  13  14  15  16  17  18  19  20  21  22  23  24 
  0  -1 297 202 179  -1  -1  -1  -1 166  -1  -1  -1 121  -1  -1  -1 243  -1 122  -1  -1  47  -1 232  -1 
  1  -1  -1 145  -1  -1  -1  -1 248 277  -1  -1 116 152 127  -1  -1  -1  -1  -1  -1 307  -1 234 217  -1 
  2  -1 253  -1 115  89  -1  -1  -1 113  -1  -1  27  -1 190  -1  -1 154 108  -1  -1  -1  12  -1  25  -1 
  3  -1 223 100  -1  -1  -1  -1 189  -1  -1  -1  -1  -1 301  -1  -1  83 240  -1  -1 305  -1  -1  -1  -1 
  4  -1  -1 293  -1  -1  -1  -1  -1  -1  -1  -1  -1  -1 299  -1  -1  -1  -1  -1  -1  -1  -1 159  -1  -1 
  5  -1  -1  -1 204 265  -1 300  -1  -1  -1  -1  -1 258 131  -1  -1  -1 255  -1  -1  -1 249  -1 117  -1 
  6  45  -1 124 245  -1  -1  -1  -1  -1  -1  -1  -1  -1  36  -1  -1  -1  -1  -1  -1  -1  -1 104 104  40 
  7  -1  56  -1 291   1  -1 286  -1  -1  -1  -1  -1  -1 123  -1  -1 103  78  -1  -1  -1  -1  -1  59  -1 
  8  -1 242  -1 173  -1  86 129 128  -1  -1  -1 147  85  33  -1  82  -1  -1  -1  -1  -1  -1 280 280  -1 
  9  -1 157  -1 155  -1  -1  -1  -1  -1  -1  -1  -1 203 146  -1  -1  -1  -1  -1  -1  -1 161  64 298  -1 
 10  -1  13  -1 101  -1  -1  41  -1  72  -1  -1  -1  34 208  -1  -1  -1  -1 252  -1  -1 213  -1  -1  -1 
 11  -1  35 167  -1  -1  -1 214  -1  -1  -1  -1 188  -1  -1  -1  -1  -1  -1  -1  -1  -1  -1  -1  -1  -1 
 12  -1  -1  -1  -1  -1  -1  -1  -1  37  -1  -1 256  -1  -1  -1  -1  -1  -1  26  -1  -1 289  -1  -1  22 
 13  -1  91 264  -1  -1  -1  -1 216  -1  -1 126 276 306  -1  -1  -1  -1  -1  -1  -1  -1  -1  -1  -1  -1 
 14  -1  -1  70  -1  -1  -1  20  -1 290  -1  -1  -1 296  -1 176 170  71  -1  -1  -1  -1  32  -1  -1  -1 
 15 220  -1  -1  -1  -1  -1  76  -1  28  -1  -1  -1  -1  -1  -1  -1 191 148 148  -1  -1  -1  -1 135  -1 
 16  -1  -1 177  -1  -1  -1 302 133  -1  -1  -1 233 111  -1  -1  -1  -1 196  -1  -1  -1  66  -1 261 259 
 17  -1  -1  -1  -1  -1  -1  -1  -1  42  -1  -1  -1  16  16  -1 218  -1  -1 165  -1  -1  -1  -1  -1  -1 
 18  -1 110  -1 267  -1  -1  -1 205 211  -1  -1  -1  -1  -1  38  -1  -1  -1 125  -1  -1  -1  -1  81  -1 
 19  -1  -1 262  -1  -1  -1  -1  -1  -1  -1  60  60  69 168  -1  -1 130  -1   0  -1  -1  -1  -1  -1  -1 
 20  -1  -1  -1  -1  -1  -1 199  -1  -1  -1  -1  -1 282 171  -1  -1 215  57  -1  -1  -1  88  -1  -1  -1 
 21  -1 114  14 198  -1  -1  -1 278 247  -1  87 292  -1  -1  -1  -1  -1  -1 169  -1  -1  -1   3  -1  -1 
 22  -1  -1  -1 287  -1  -1 158  -1  -1  -1  -1  -1  -1  -1  -1  -1  23  -1  -1  -1  -1 235 254 246  -1 
 23  -1 172  -1  15  -1  -1  -1 120  -1  -1  -1  -1 194  -1  -1  -1  -1 279 102  -1  -1 257  -1 164  -1 
 24 192 192  -1  -1 221  -1  -1  -1  -1  -1  18  -1  -1 303  -1  -1  -1  -1  77  -1  -1  -1  -1  -1  -1 
 25  -1  -1 236 236  -1 106  62  -1  -1  -1  -1  -1  -1  -1  -1  -1 260  -1  -1  -1  -1  -1 132  -1  -1 
 26  -1  -1  -1  80  -1  -1  43  -1  -1  -1 175  -1  -1  -1  -1  -1  -1  -1  -1  -1  -1  -1  -1 212  -1 
 27  -1  -1 263  29  -1  -1  39  -1 210  -1  -1  73  67  -1  -1  -1  -1  -1  -1  -1 174 284  -1  -1 219 
 28 150  -1  -1  -1  -1  -1 238  -1  -1  -1 304  -1  -1  79  -1  -1  -1 160  58  -1  -1  -1 201 144  -1 
 29  -1  -1  -1  -1  -1  84  -1  -1  -1  -1  -1  44  -1  -1  -1  -1  -1  -1  -1  -1  -1 209  -1  -1  -1 
 30  -1   4   4  -1  -1  -1  -1  17  17  -1  -1  -1  -1   2   2  -1  30  19  19  19  -1  -1  24  -1  -1 
 31  -1  -1  -1  -1  -1  31  31  31  -1  -1  -1  -1  -1  -1  -1  -1  -1  -1  -1  -1  -1  -1  -1  -1  -1 
 32  -1  68  61  61  -1  -1  -1  63  63  63  -1  -1  -1  46  46  -1  -1  -1  48  48  -1  74  -1  -1  -1 
 33  -1  -1  -1  -1  -1  -1  -1  -1  -1  -1  -1  -1  -1  -1  -1  -1  -1  -1  -1  -1  -1  -1  75  75  75 
 34  -1  -1  -1  -1  -1  -1  -1 107 107 107 105 105  -1  92  92  -1  -1  -1  90  90  -1 118 112  -1  -1 
 35  -1  -1  -1  -1  -1  -1  -1  -1  -1  -1  -1  -1  -1  -1  -1 119 119 119  -1  -1  -1  -1  -1  -1  -1 
 36  -1 136 136 156  -1  -1  -1  -1 149 149  -1  -1  -1  -1  -1  -1 162 134 134  -1 151 151 151  -1  -1 
 37  -1  -1  -1  -1  -1  -1  -1  -1  -1  -1 163 163 163  -1  -1  -1  -1  -1  -1  -1  -1  -1  -1  -1  -1 
 38 178 178  -1  -1  -1  -1 200 180 180  -1  -1 206  -1  -1  -1  -1  -1  -1 193 193  -1  -1 195 195 195 
 39  -1  -1  -1  -1  -1  -1  -1  -1  -1  -1  -1  -1  -1  -1  -1  -1 207 207 207  -1  -1  -1  -1  -1  -1 
 40  -1  -1 250  -1  -1  -1 244 239 239 239  -1  -1 237 237  -1  -1  -1  -1 222 222  -1  -1 224 224  -1 
 41  -1  -1  -1  -1  -1  -1  -1  -1  -1  -1  -1  -1 251 251 251  -1  -1  -1  -1  -1  -1  -1  -1  -1  -1 
 42 283 283 283  -1  -1  -1  -1 266 266  -1  -1  -1  -1 268 268 281 281  -1 294  -1  -1  -1 288  -1  -1 
 43  -1  -1  -1  -1  -1  -1  -1  -1  -1  -1  -1  -1  -1  -1  -1 295 295 295  -1  -1  -1  -1  -1  -1  -1 
 44  -1  -1  -1  -1  -1  -1  -1  -1  -1  -1  -1 273  -1  -1  -1  -1  -1  -1  -1 183  -1 272  21  -1  -1 
 45  -1  54  50  -1  -1  -1 153  52   7 310  -1  94  -1  -1  -1 314  -1  -1  -1  -1  -1 137  -1  -1  -1 
 46  -1  -1  -1  -1  -1  -1  -1  -1 141  -1  -1 186  -1  -1  -1  -1  -1 230  -1 271  -1  -1  98  -1  -1 
 47   9  -1  97  49  -1  -1  -1  -1  -1  -1  -1  -1  -1 184  -1  -1 315 270  -1  -1  -1  -1  -1  -1  -1 
 48  -1  -1  -1  -1 185 316  -1 226  -1  -1 285  11  -1 227  -1  -1  -1  -1  -1  -1  -1 182  -1  -1  -1 
 49  -1  -1  -1 229 138  -1  -1  -1  -1  -1  -1  -1  -1 139 143  -1  -1  53  -1  -1 311  -1 275  -1  -1 
 50  -1  -1 225   8  55  -1 309  -1  -1  -1  -1  -1 313  -1  -1  -1  65  -1 269  -1  -1 228  51  10 308 
 51  99  -1  -1  -1  -1  -1  -1  -1  -1  -1  -1  -1  -1  -1  -1  -1  -1  -1  -1  -1  -1   6  -1  93  -1 
 52  -1  -1  -1  -1  -1  -1  -1   5  -1 197 312 142  -1  -1  -1  -1  -1 181  -1  -1  -1  -1  -1 274  -1 
 53  -1  -1  -1  95  -1  -1 109  -1  96  -1 241 231  -1  -1  -1  -1  -1  -1  -1 140  -1  -1 187  -1  -1 

r\t   0   1   2   3   4   5   6   7   8   9  10  11  12  13  14  15  16  17  18  19  20  21  22  23  24 
  0  -1  -1  -1  -1  -1  -1  -1  62  -1  37  -1 157  -1  -1  23  -1  -1  -1  -1  -1  -1 101  -1  -1  -1 
  1 307  -1  -1  -1  -1  -1  -1  36  -1  -1  -1  -1  59  -1  -1  -1  -1  -1  -1 199  -1  80 287  -1  -1 
  2  91 189 233  -1  -1  -1 190  -1  -1  -1  -1 146  -1  -1  -1  -1  -1  -1  -1  -1  -1  67  -1 161 129 
  3  -1  -1  -1 111  -1  -1  -1  -1 166  -1  -1  -1 144 249  -1  -1  -1  -1  40  -1  -1  -1  -1 302  -1 
  4  -1  -1 208  -1 126  -1  -1 246  -1  -1  -1  -1  -1  -1  -1  -1  -1  -1  -1 130 236 236  -1  70  -1 
  5  -1  -1  -1 243  -1  -1  56  -1  27  -1 174  -1 293 242  -1  -1 175  -1  14  -1  -1  -1 147  -1  -1 
  6  -1  -1  -1 284  -1  -1  -1  -1 264  -1  -1  -1  -1 154  -1  -1  -1 282 128  -1  -1  47  -1  42  -1 
  7  -1 253 254  -1 150  -1  -1  -1  -1  -1  -1 260 132  -1  -1 106 220 191  -1 261  -1  -1  -1  87  -1 
  8  -1  -1 158  -1  -1 221  -1  33 211  -1  -1  -1   1  -1  -1  -1  32  60  60  -1  -1  -1  -1  -1  -1 
  9  -1 277  -1  -1  -1  -1  -1  -1 188  -1  -1  -1  -1  -1  -1  18  44 296 276 238  -1  -1  83  -1  -1 
 10  -1 298  -1  -1  -1  -1  -1  -1   0  85  -1 252 104 104  -1  -1  -1  -1 248  -1  -1 213  -1  -1  -1 
 11  -1 262  -1  -1  -1  -1  -1  -1  58  -1  -1  -1  -1  15  -1  -1  -1  -1  -1  66  -1  -1  -1 131  -1 
 12  -1  -1  -1  -1  -1  -1  28 159  -1  -1  -1  -1  -1  -1  -1  -1  -1  84  -1  -1  -1  -1  -1  -1  -1 
 13  -1  -1  -1  -1  -1  -1  -1  -1  -1 155  -1 235  -1  -1  -1  -1  -1   3  -1  -1  -1 201  34  29 257 
 14  -1  -1 102 168  -1  -1 116  -1  76  -1  -1 300  -1  -1  -1  -1  -1  -1  -1 259  -1  -1  -1 202  -1 
 15  -1  -1  -1  -1  -1  -1  -1 110 247  -1  -1  -1 192 192  -1  -1  -1  -1  -1  -1  -1  -1 173  -1  -1 
 16  -1  -1  -1  -1  -1  -1 290  -1  -1  -1  -1  -1 234  -1 214  -1 108 267  -1  -1  -1  -1 170 122  -1 
 17 176  64  -1  -1  -1  -1  -1 148 148  -1  -1  -1  -1  -1  -1 301  -1  -1  -1  -1  -1 215  -1  -1  -1 
 18  -1  -1  -1  82  -1  -1  -1  -1  -1  -1  -1  -1  20 113  -1  -1  -1  -1 177  -1  -1  -1  -1  -1  -1 
 19 218 303  -1  -1  -1  -1  -1  -1 100  -1  43  57  -1 265  -1  -1 278  -1  -1  -1  -1  -1 292  -1  -1 
 20 133  86 289 203  -1  -1 164  -1  -1  -1 198  -1  -1 135  -1 172  -1 127 299  -1  -1  -1  -1  -1  -1 
 21  -1 145  -1  -1  -1  -1  -1  -1  -1  -1  -1  13  78  -1  -1  -1  79  -1 232  -1  -1  -1  -1  -1  -1 
 22  -1  -1  -1  -1  -1  -1  -1  -1 125  -1  -1  89  -1 204  -1  -1 196  -1  72  -1  -1 255  -1 304  -1 
 23  -1 219 117 245  22  -1  -1 121  -1  -1  -1  -1  -1 167  -1 305  -1  -1  25  -1  -1 152  -1  -1  -1 
 24  -1  -1  -1  -1  -1  -1  -1 205  -1 306  -1 217  -1 179  -1  -1  -1  -1  -1  -1  -1  35  16  16  -1 
 25  -1 124  -1  -1  -1  -1  -1  77  -1  -1  -1  -1 209  -1  -1  -1  -1 160  -1  -1  -1  39  81  -1  -1 
 26  -1 103 279  -1  -1  -1  41 194  -1  -1  -1  -1 120 169  -1  -1  -1  -1 115  -1  -1 297  -1 291  -1 
 27 258  -1  88  -1  -1  -1  71  -1 123  -1  -1  -1 216  45  -1  -1 240  -1  -1  -1  -1  -1 171  -1  -1 
 28  -1  -1  -1  -1  -1  -1  -1 263  -1  -1  -1  -1  26 223  -1  -1  -1 114 165  -1  -1  38 212 280 280 
 29  -1  73  -1  -1  -1  -1 210  -1  -1  -1  -1  -1 256  -1  -1 286  -1  -1  -1  -1  -1  12  69  -1  -1 
 30  -1  -1  17  17  -1  -1  19  19  19  -1  -1  -1  -1  30  -1  -1  -1  24  -1  -1   2   2  -1   4   4 
 31  -1  31  31  31  -1  -1  -1  -1  -1  -1  -1  -1  -1  -1  -1  -1  -1  -1  -1  -1  -1  -1  -1  -1  -1 
 32  46  46  61  61  -1  48  48  -1  -1  -1  -1  74  -1  -1  -1  -1  -1  68  -1  -1  -1  -1  63  63  63 
 33  -1  -1  75  75  75  -1  -1  -1  -1  -1  -1  -1  -1  -1  -1  -1  -1  -1  -1  -1  -1  -1  -1  -1  -1 
 34  -1  -1  -1 112  -1  92  92  -1  -1  -1  -1  -1  -1  -1  -1  -1 118 107 107 107  90  90  -1 105 105 
 35  -1  -1  -1  -1  -1  -1  -1  -1  -1  -1  -1  -1  -1  -1  -1  -1  -1  -1  -1  -1  -1  -1 119 119 119 
 36  -1 136 136  -1  -1 134 134  -1  -1  -1  -1  -1 156  -1  -1  -1 162 151 151 151  -1  -1  -1 149 149 
 37  -1  -1  -1  -1  -1  -1  -1  -1  -1  -1  -1  -1  -1  -1  -1  -1  -1  -1  -1  -1 163 163 163  -1  -1 
 38  -1 206 193 193  -1 178 178  -1  -1  -1  -1 200  -1  -1  -1  -1  -1  -1  -1  -1 180 180 195 195 195 
 39  -1  -1  -1  -1  -1  -1  -1  -1  -1  -1  -1  -1  -1  -1  -1 207 207 207  -1  -1  -1  -1  -1  -1  -1 
 40 224 224  -1  -1  -1  -1  -1 239 239 239  -1  -1  -1  -1  -1  -1 250 244  -1  -1 222 222 237 237  -1 
 41  -1  -1  -1  -1  -1  -1  -1  -1  -1  -1  -1  -1  -1  -1  -1  -1  -1  -1  -1  -1  -1  -1 251 251 251 
 42  -1  -1  -1  -1  -1 283 283 283 294  -1 281 281  -1  -1  -1  -1 288  -1  -1  -1 266 266  -1 268 268 
 43  -1  -1 295 295 295  -1  -1  -1  -1  -1  -1  -1  -1  -1  -1  -1  -1  -1  -1  -1  -1  -1  -1  -1  -1 
 44  -1  -1  -1  -1  -1   8  -1  -1 181  -1  -1 269  97  -1  -1  -1  -1  52  49  -1  -1  -1  -1  53  -1 
 45  -1  -1  -1  -1  -1  -1  -1 313  -1  -1  -1  -1  -1   6  -1  -1  -1 187  -1  -1  -1  -1  -1  -1  -1 
 46  -1  -1  -1  -1  -1  -1  -1  -1  -1  -1  -1  50  51  -1  -1  -1  -1  -1  -1  -1  -1 137  -1  -1  -1 
 47  -1 184  -1 309  -1  -1  -1  -1  -1 109  -1 140  -1  -1  -1  -1  96  -1  -1  -1  55  -1  -1  -1 138 
 48  -1  -1  -1  -1 197  -1  -1  -1  -1  -1  -1  -1  -1  99  65  -1 141 225  -1  -1  -1  -1  -1  -1  -1 
 49  -1  98  -1  -1 310  -1  -1  -1  54  -1  -1 182 185  -1  -1  -1  -1 142  -1  -1  -1  -1 315 183  -1 
 50  -1 272  -1  -1  -1  -1 229  -1  -1  -1  -1  -1  -1  -1  -1  -1   7  -1  94  -1  -1  -1  -1  93  -1 
 51  -1  -1 186  -1  -1  -1  -1  -1  -1  -1  -1  -1 226  -1  -1  -1  -1  -1  11  -1  -1  -1  -1 139  -1 
 52 274  -1 228  -1 241  -1 273  -1 143  -1 308  10 271  -1 285 316 275  -1 270 312  -1  -1  -1 227  -1 
 53   9   5  -1 153  -1  -1  -1  -1  95 314  -1 230  -1  -1 311  -1  -1  21 231  -1  -1  -1  -1  -1  -1 

r\t   0   1   2   3   4   5   6   7   8   9  10  11  12  13  14  15  16  17  18  19  20  21  22  23  24 
  0  -1 202  -1  -1  -1  -1  -1  -1  -1  -1 104 104  -1  -1  -1  -1 199 179  -1  -1  -1   0  -1  67  -1 
  1  -1  73  -1 177 263  -1  -1  -1 259 217  -1  -1  -1 212  -1  -1 210 248  -1  -1  -1  13  -1  -1  -1 
  2  -1  -1  -1  -1  -1  -1 161  -1 130  -1  39  -1 147  -1  -1  -1 150  43 165  -1  -1  25  -1 209  -1 
  3  -1 157 190 196 262  -1  -1 267  -1  -1  -1  -1  -1  -1  -1  -1 115  -1 277  -1 303  -1  -1 221  -1 
  4  -1 108 264  -1  -1  -1  -1  -1  -1  -1  -1  76 159  -1  -1  -1  -1  -1 261  -1  -1  -1  -1  -1  -1 
  5  -1 154  59  -1  -1  -1  -1 201  83  -1  -1 204  -1 144  -1  -1 243 103  -1  -1  -1  -1  -1  -1  -1 
  6  -1  -1 300  -1  -1  -1 298  -1  -1  -1  -1  -1  -1 170  -1  -1  -1  -1  -1  -1  -1  -1  -1 302  -1 
  7  -1  -1  -1  -1  -1  -1  -1  79 127  -1  -1  -1  -1  -1  -1  -1  -1 297  -1  -1  -1 191  -1  14  -1 
  8  -1 116  -1  -1  -1  -1  12 234 215  -1 218  -1  -1  -1  -1  -1  -1 114  -1  -1  -1  -1 292 284  -1 
  9  -1 188  -1  -1  -1  -1  -1  -1 176  -1  -1  -1  -1  77  -1  -1 111  -1 102 220  -1 276  -1 168  -1 
 10  -1  -1 203  -1  -1  86  -1  -1 260  -1  -1  -1  -1  -1  -1  -1  28  -1  -1  -1 286  -1  -1 131  -1 
 11  -1  -1  -1 254  -1  -1  -1  36  40  -1  -1  81  -1  -1 307  -1 293  -1 235  89  -1  -1  -1  -1  -1 
 12  -1  -1  18 132  -1  -1  -1 289  72  -1 175  20  -1  -1  38  -1  -1 194  -1  -1  -1 133  -1 113  -1 
 13  -1  -1  -1  -1  -1  -1  -1 173  -1  -1  -1  -1 208  -1  -1  -1  -1  -1 189  -1  -1 299  -1  32  -1 
 14  -1 246  -1  -1  -1  -1 198 252  -1  -1  -1  -1  -1  -1  -1  -1 282 214  -1  -1  -1  -1  -1  -1  -1 
 15  -1  -1 101  -1  -1  -1  -1 192 192  87  -1 279  -1  -1  -1  45  -1  -1 213  -1  -1  -1  -1  -1  -1 
 16  -1  -1 249  -1  -1  -1 287  -1  27  -1  -1  88 128  -1  -1  -1  -1 160 124  -1  -1  -1  -1  -1  -1 
 17  -1 290  -1  -1  -1  -1  -1  -1 122  -1  -1  85  -1  -1  -1  -1  80 172  -1  -1  -1  -1  78  -1  -1 
 18  -1 125 257 100  -1  -1  -1  -1 205  -1  -1  -1  -1  -1  -1  -1 211 146  -1  -1  -1  -1  -1  -1  -1 
 19  -1  -1 121  16  16  -1  -1  -1 255  -1  -1  -1  -1  71  -1  -1 258 278  34  37  42  -1  -1  -1  -1 
 20  -1  -1 169 167  -1  -1  -1  -1 301  -1  -1  -1  -1  -1  -1  -1  22  -1  -1  -1 106 306  -1  -1  -1 
 21   1  -1  -1  -1  -1  -1 238 305  -1  -1  -1  -1  -1 110  -1  -1  -1  -1  69  -1  -1  -1 158  -1  -1 
 22  -1  -1  -1  26  -1  -1  41  -1  56  -1  -1 166 245 164 155  -1  -1   3  60  60  -1 304  -1  47  -1 
 23  -1  -1  -1 123  -1  -1  62  58  -1 126  -1  29  -1 117  -1  -1  -1  35  -1  -1  -1  -1  -1  -1  -1 
 24  -1  -1 148 148  -1  -1  -1  -1 171  -1  -1  -1  -1  84  -1  -1  -1  -1  15  -1  -1  -1  -1 296  -1 
 25  -1  82  -1  -1  -1  -1  -1  -1 242  -1  -1  64  -1  -1  -1  -1  -1 233 247  -1  -1  57  -1 256  -1 
 26 265 232 236 236  -1  -1  -1  33 223  -1  -1 152 219  91  -1  -1  -1  23 145  -1  -1  -1  -1  -1  -1 
 27  -1 135  -1  -1  -1  -1  -1  -1  44  -1  -1  -1  -1  -1  -1  -1  -1  -1  -1  -1  -1  -1  -1  -1  -1 
 28  -1  -1  -1 129  -1  -1  -1 280 280  -1  -1  -1  -1  -1 174  -1  66  70 291  -1  -1  -1 120  -1  -1 
 29  -1  -1  -1  -1  -1  -1 216  -1  -1  -1  -1  -1  -1 253  -1  -1  -1  -1  -1  -1  -1  -1 240  -1  -1 
 30  -1  -1  24  -1  -1  -1  -1  19  19  19  -1  -1  17  17  -1  -1  -1  -1   4   4  -1  -1  30   2   2 
 31  -1  -1  -1  -1  -1  -1  -1  -1  -1  -1  -1  -1  31  31  31  -1  -1  -1  -1  -1  -1  -1  -1  -1  -1 
 32  46  46  -1  61  61  -1  68  -1  -1  -1  -1  -1  63  63  63  -1  -1  -1  48  48  -1  -1  -1  74  -1 
 33  -1  -1  75  75  75  -1  -1  -1  -1  -1  -1  -1  -1  -1  -1  -1  -1  -1  -1  -1  -1  -1  -1  -1  -1 
 34  -1  -1  90  90  -1  -1  -1 105 105  -1  -1 112 118  -1  -1  -1  -1  92  92  -1  -1  -1 107 107 107 
 35  -1  -1  -1  -1  -1  -1  -1 119 119 119  -1  -1  -1  -1  -1  -1  -1  -1  -1  -1  -1  -1  -1  -1  -1 
 36  -1  -1 156  -1  -1  -1  -1 149 149  -1  -1  -1 136 136  -1  -1 162  -1 134 134  -1  -1 151 151 151 
 37  -1  -1  -1  -1  -1  -1  -1 163 163 163  -1  -1  -1  -1  -1  -1  -1  -1  -1  -1  -1  -1  -1  -1  -1 
 38 178 178  -1  -1  -1  -1 206  -1  -1  -1  -1  -1 195 195 195  -1  -1 200 180 180  -1  -1 193 193  -1 
 39  -1  -1  -1  -1  -1  -1  -1  -1  -1  -1  -1  -1  -1  -1  -1  -1  -1  -1  -1  -1 207 207 207  -1  -1 
 40 224 224 222 222  -1  -1  -1  -1  -1  -1  -1 250 239 239 239  -1 244  -1  -1  -1 237 237  -1  -1  -1 
 41  -1  -1  -1  -1  -1  -1  -1  -1  -1  -1  -1  -1  -1  -1  -1  -1  -1  -1  -1  -1 251 251 251  -1  -1 
 42  -1  -1 283 283 283  -1  -1  -1 288  -1  -1 294 281 281  -1  -1  -1  -1 266 266  -1  -1  -1 268 268 
 43  -1  -1  -1  -1  -1  -1  -1  -1  -1  -1  -1  -1 295 295 295  -1  -1  -1  -1  -1  -1  -1  -1  -1  -1 
 44  -1 275 186  -1  -1  -1 313  -1  -1  -1  -1  -1  -1  -1  -1  -1  -1  -1  -1  -1  -1  -1  -1  -1  55 
 45  -1  -1  -1  -1  -1  -1  -1 187  -1 312  -1 141  -1  -1  -1   9  -1  -1  -1  -1  -1  -1  -1 184  -1 
 46  -1  -1  -1  -1  -1  -1 153 142 269  -1  -1 231  -1 181  -1 271  -1  54 227  -1  -1  96  -1 137  -1 
 47  -1  -1  53  -1  -1  -1  -1  -1   6  -1  -1  -1  98  -1  -1  97  -1  -1  -1  -1  -1 183 285  -1  -1 
 48  -1  95  -1  -1  -1  -1  -1  -1  -1  -1  -1  -1  -1  -1  -1 229  -1  -1  -1  -1  -1  -1 315  -1 228 
 49  -1  -1  -1  -1 314  -1  -1   8  -1  -1  -1  49 226  -1  -1  -1 311  -1  -1  -1  -1  -1  -1  -1 197 
 50  99  -1  -1  -1  -1  -1 109  -1  -1  -1 309 273   7 270  -1 138  -1  -1  -1  -1  -1  -1  65  -1  -1 
 51  -1  -1  -1  -1  -1  -1  -1  50  93  -1  -1 182  52  -1  -1  -1  -1 272  -1  -1  -1  51  -1  -1  -1 
 52  -1  10 140  11  -1  -1  -1  94  -1  -1 241  -1  -1  -1  -1  -1  -1 139  -1  -1 308 274  21  -1  -1 
 53 143  -1  -1  -1  -1 316  -1 225  -1  -1  -1   5  -1  -1 310 185  -1 230  -1  -1  -1  -1  -1  -1  -1 

r\t   0   1   2   3   4   5   6   7   8   9  10  11  12  13  14  15  16  17  18  19  20  21  22  23  24 
  0  -1 103  -1  62  -1 126  69  -1  -1  -1  -1  -1 129  -1 307  -1 205  -1 284  -1  -1  -1  -1  -1  -1 
  1  -1  -1  -1  47  -1  -1  -1  -1  -1  -1  -1  -1  -1 302  -1  -1 264  -1 169  -1  -1 122 252  -1  -1 
  2  -1  -1 102 145  -1  84  -1  73 114  -1  -1  -1  -1  -1  -1 303  -1  -1  -1  -1  -1  81 291  -1  -1 
  3  -1  -1  -1  -1  -1  -1  -1 111 147  -1  -1  -1  -1  -1  -1  67  -1  -1  -1  -1  -1 238  -1  -1  -1 
  4 265  56  -1  -1  -1  -1  -1  -1 219  38  -1 161  -1  -1  -1  -1 108  66  -1  -1  -1  -1  -1 297  -1 
  5  -1 299  58 234  -1  -1 125  -1 171  -1  -1  -1  -1  -1  -1  -1  -1  -1  -1  -1  -1  -1  -1  -1  -1 
  6  -1  42 190 208  -1  -1  -1  -1  -1  -1  -1 113  -1 201  -1  -1  45  -1  -1  -1  -1 223  -1  -1  -1 
  7  -1  -1 254  -1  -1  -1  -1  -1  -1  -1 170  -1 242  -1  -1  -1  20 245  -1  -1  -1  71 192 192 176 
  8  -1  -1  -1 174  -1  -1 240  -1  -1  -1  -1 298  -1  -1  -1  -1  80  -1   3  -1  -1  -1  -1  -1  -1 
  9  -1  -1 146  -1  -1  -1  -1  -1 287 110  -1  -1  36  -1  -1  -1  -1  -1 293  -1  -1  -1  -1  -1  -1 
 10 220  -1  -1  13  -1  -1  -1  -1  -1  -1  -1  -1  -1  -1  -1  -1 218  -1  29  -1  -1  -1  -1  -1  -1 
 11  -1  -1  87  -1  -1  -1  -1  -1 168  22  -1  -1 247  -1  -1  -1  -1  -1 117  -1  -1  26  -1  -1  -1 
 12  -1 233  -1  -1  -1  -1  -1  41  -1  -1  -1  -1  -1  -1  -1  -1 215  -1 232 261  -1  -1 236 236  -1 
 13  -1  12 160 132  -1  -1 290  91  -1 217  -1 204  -1  -1  -1  -1  -1 167  -1  -1  -1 189 216  -1 260 
 14  -1 133 127  -1  -1  -1  -1  -1  -1  -1  -1  -1 212  -1  -1  -1 157  -1  -1  -1  -1  -1  -1  -1  -1 
 15  -1  -1 121  34  -1  40  -1  -1 100  -1  -1  76  -1  -1  -1  -1  -1  -1  -1  -1  -1 306  -1  -1  -1 
 16  -1  -1  28  -1  -1  -1 130  -1  -1  -1 177  23  -1  33  -1  -1 124  -1  -1  -1  16  16 301  57  -1 
 17  -1  -1  -1 214  -1  -1 202 304  32  -1 148 148  -1  -1  -1  -1  -1  -1  -1  -1  -1  -1  -1  -1  -1 
 18  -1 123  -1 101  -1  -1  37 166 203  -1  -1  82  27 131  -1  -1  89 154  88  -1  -1  -1  -1  -1  -1 
 19  -1 249  -1 116  -1  -1  -1  60  60  -1  -1 246  -1  -1  -1 257 150  -1  -1  -1  -1 278  44  -1  -1 
 20  -1  -1 296  -1  -1  -1  -1  25  79  -1  -1  -1  43  -1  -1  -1 276  -1  -1  -1 175  77  -1  -1  -1 
 21  -1  -1 280 280  -1  -1  59  83  -1  -1  -1  -1 152  -1  -1  -1 196  -1  -1  -1 258 209 277  18  -1 
 22  -1  -1  -1 292  -1  -1  -1  -1 267  -1  -1 199  -1 243  -1  -1  -1 104 104  -1  -1  -1  86  -1  -1 
 23  -1  -1  -1 248  -1  -1 194  -1  -1  -1  -1 279 198  -1 221  -1  -1  -1  -1  -1 286 259  72  -1 172 
 24  -1  -1 213 165  -1  -1  -1  -1  -1  -1   0  -1  -1  -1  -1  -1 135  -1  70  -1  -1  -1  -1  -1   1 
 25  -1  35  -1  39 282  -1  -1  -1  85  -1  -1  -1 289  -1  -1  -1  -1 300  -1  -1  -1 159 158 255  -1 
 26  -1  -1 235  -1  -1  -1  -1  -1 256  -1  -1  -1 120  -1  -1  -1  -1  -1  -1  -1  -1  -1  -1  -1  -1 
 27  -1  78 128 188  -1  -1 115  -1  -1  -1  -1  -1  -1  -1  -1  -1  -1  -1  -1  -1  -1  -1  -1 164 305 
 28  -1 191  14  -1  -1  -1  -1  -1  -1  -1  -1  -1  -1 263  -1  -1 253  15  -1  -1  -1  -1  -1  -1  -1 
 29  -1 211 210  -1  -1  -1 179 144  -1  -1  -1  -1  -1  -1  -1 155  -1 262  64  -1 106 173  -1  -1  -1 
 30   2   2  -1   4   4  -1  24  17  17  -1  -1  -1  19  19  19  -1  -1  -1  -1  -1  -1  -1  30  -1  -1 
 31  -1  -1  -1  -1  -1  -1  -1  -1  -1  -1  -1  -1  -1  -1  -1  31  31  31  -1  -1  -1  -1  -1  -1  -1 
 32  46  46  -1  74  -1  -1  -1  48  48  -1  -1  -1  61  61  -1  -1  -1  68  -1  -1  63  63  63  -1  -1 
 33  -1  -1  -1  -1  -1  -1  -1  -1  -1  -1  -1  -1  75  75  75  -1  -1  -1  -1  -1  -1  -1  -1  -1  -1 
 34  90  90  -1  92  92  -1  -1 118  -1  -1  -1  -1 107 107 107  -1  -1 112  -1  -1  -1  -1 105 105  -1 
 35  -1  -1  -1  -1  -1  -1  -1  -1  -1  -1  -1  -1  -1  -1  -1  -1  -1  -1  -1  -1  -1  -1 119 119 119 
 36  -1  -1  -1 162  -1 149 149 136 136  -1  -1  -1  -1  -1  -1  -1  -1  -1 156  -1 151 151 151 134 134 
 37  -1  -1  -1  -1  -1  -1  -1  -1  -1  -1  -1  -1 163 163 163  -1  -1  -1  -1  -1  -1  -1  -1  -1  -1 
 38 178 178  -1 180 180  -1  -1 195 195 195  -1  -1  -1  -1  -1  -1  -1 193 193  -1  -1  -1 200 206  -1 
 39  -1  -1  -1  -1  -1  -1  -1  -1  -1  -1  -1  -1  -1  -1  -1  -1  -1 207 207 207  -1  -1  -1  -1  -1 
 40  -1  -1  -1 222 222  -1  -1 237 237  -1  -1  -1  -1  -1  -1 239 239 239 250  -1  -1 244  -1 224 224 
 41  -1  -1  -1  -1  -1 251 251 251  -1  -1  -1  -1  -1  -1  -1  -1  -1  -1  -1  -1  -1  -1  -1  -1  -1 
 42  -1  -1 266 266  -1 283 283 283 294  -1  -1  -1 281 281  -1  -1  -1  -1  -1  -1  -1 288  -1 268 268 
 43  -1  -1  -1  -1  -1  -1  -1  -1  -1  -1  -1  -1 295 295 295  -1  -1  -1  -1  -1  -1  -1  -1  -1  -1 
 44  -1 225  11  -1 143 312 138  -1 187  -1 229 314  -1 315  -1 310  -1  -1  21  -1  -1  -1 181  -1  -1 
 45  -1  -1 227  -1  -1  -1  -1  -1  -1  -1  53  -1  -1  -1  -1  -1  -1 285 270  -1  -1 186  -1 182  50 
 46  -1  -1 142  -1  -1  -1   6 231  -1 316  -1  65  -1  -1  -1  -1 184  -1 230  -1  -1  -1  96  -1  -1 
 47  -1  -1 185  -1  -1  -1  49   5 226  -1 275  -1  -1  -1  -1  -1  -1  -1  -1  -1  -1 139  -1  98  -1 
 48  -1  -1  51  -1  -1  -1 272  -1  -1  -1  93 109  -1  -1  -1  -1  -1  -1 137  -1 309 273  -1  -1  -1 
 49  -1  -1  95  -1  -1  -1  -1  -1  94  -1  -1  -1  -1  -1  -1  -1  -1  -1  -1  -1  -1  -1 271  52  -1 
 50  -1  -1  -1  -1  -1  -1  -1 269   9  -1  -1  -1  -1  -1  -1  -1  -1  -1  -1  -1  -1  97 228  -1  -1 
 51  -1 274  -1  -1  54  -1  -1  -1  -1  -1 140  -1  -1 197 183  -1  10  -1  55 311  -1  -1  -1  -1  -1 
 52  -1  -1  -1  -1  -1  -1  -1  -1  -1  -1  -1 241 313  -1  -1  -1  -1 308  -1  -1  -1   7   8  -1  -1 
 53 153  -1  -1  -1  -1  -1  99  -1  -1  -1  -1  -1  -1  -1  -1  -1  -1  -1  -1  -1  -1  -1 141  -1  -1 

r\t   0   1   2   3   4   5   6   7   8   9  10  11  12  13  14  15  16  17  18  19  20  21  22  23  24 
  0  -1 278 122  -1  -1  -1  -1  37  -1  -1  -1  59  57  -1  40  -1 289  -1 261  -1  16  16  -1  -1  -1 
  1 238  -1  -1  -1  -1 214  -1 108 209  -1  -1  -1  -1  -1  -1  -1  88  -1  -1  -1  -1  -1  -1  -1  -1 
  2  -1 205  -1 304  87  -1  15 296 305  -1  -1 172 233  -1  -1  -1  -1  -1  -1  -1  -1  -1 198  -1  -1 
  3  -1  -1  25 100 169  -1 191 307  -1  -1  -1  -1  27  -1  -1  -1   3  -1 111  -1 132  -1 279 194  -1 
  4  -1  -1  66  -1 286  -1 147  -1  -1 216  -1  36 152  -1  84  -1 306  77  -1  -1  -1  -1  -1  -1  -1 
  5  -1 234  -1  -1  -1  -1  -1  -1  -1  -1 258 235  -1  -1 175  -1  22  -1  -1  -1  -1 221  -1  -1  -1 
  6  -1  -1 297  -1  -1  -1  -1  -1  43  -1  -1  -1  -1  79 303  -1  -1  -1  -1  -1  -1 246  -1  -1  -1 
  7  -1 196  78  -1 262  -1 101 280 280  -1  -1  -1  -1  -1  -1  -1  -1  -1 160  -1  -1  81  -1  23  -1 
  8  -1 219  -1  -1  -1  -1  -1  -1 164  -1  -1  -1  -1 154  -1  -1  -1 123  -1  -1  -1  -1 117 168  -1 
  9  -1  -1  -1  -1  -1  -1  -1  -1  -1  -1  -1  80  -1 212  -1  -1  -1 267  -1  -1 104 104  -1  -1  -1 
 10 170  -1  -1  -1  -1  -1  -1 165  -1  -1  -1 155  -1  -1  -1  -1 173  -1  85  38  -1 188  -1  -1  -1 
 11  -1  -1  -1  -1  -1  -1  64 253  -1  -1  -1  -1  -1  -1  -1  -1  -1  -1  -1  -1  -1  -1  -1 242  -1 
 12  -1  -1 232  -1  -1  -1 248  -1  -1  -1 223 254  -1  -1  -1  -1  -1 298 150  -1  -1  -1  -1  -1  -1 
 13  -1   0  -1 161  -1  -1  -1  -1 102  -1  -1  -1  -1 171  -1  -1  -1 202 116  -1  -1  -1  -1  -1  -1 
 14  -1  -1 252  -1  -1  -1 213 124 218  -1  -1  -1  -1 129  -1  -1  -1  -1  -1  -1  86  -1  -1  73  83 
 15  -1  -1  -1  -1  -1  -1 292  -1 264  -1  -1 103 174  -1  -1  -1  28  71  62  -1  -1 133  18  -1   1 
 16  -1  -1  -1  -1  -1 176 159  -1  69  -1  -1 204  13  -1  -1  -1  -1 127  -1  -1  -1  -1  -1  26  -1 
 17  -1  -1  -1  -1  -1  -1  -1  -1 131  -1  -1  -1  -1  -1  -1  -1  -1  -1 199  -1  -1  -1 249  -1  -1 
 18  -1  -1  -1 260  -1  -1  35  12  -1  -1  -1 135  -1  34  -1  -1  -1  -1  -1  -1  -1 210 110  -1  -1 
 19 302  -1  -1  -1  -1  -1  -1  -1 299  -1  -1  -1  -1  -1  -1  -1 145  -1  -1  -1  -1 240  -1  -1  -1 
 20  -1 255  -1  45  -1  -1  -1 130  14 287  -1 157 245 293  -1  -1  -1  -1 282  -1  -1  -1  -1  -1  -1 
 21  -1  -1  -1 125  -1  -1  -1 190 115  -1  -1 113  -1  -1  -1  -1  56 146  -1  -1  -1  -1  -1  -1  -1 
 22  -1  -1  -1 126  -1  -1  -1  -1 192 192  -1  -1 201  -1  -1  -1 179  42  72  -1  -1 300  -1  -1  -1 
 23  -1  -1  -1 291  -1  -1  76  29  -1  -1 177  -1  -1  -1  -1  -1 256  -1  -1  -1  -1  -1  -1  -1  -1 
 24  60  60 277  -1  -1  -1  -1  -1  -1 215  -1  33  -1 301  -1  -1  -1 257 203  -1 220  -1  82  67  -1 
 25  -1  -1  -1  -1 106  -1  -1  44  -1  41  -1  -1 120  -1  -1 236 236  -1  -1 217 265  -1  -1  -1  -1 
 26  -1  -1  -1  -1  -1  -1 284  -1  -1  -1  -1  -1  -1 263  -1  -1  -1 189  -1  -1  -1  -1 243  -1  91 
 27  -1  -1  -1  32  -1  -1  -1  89  -1  -1  -1  -1  -1  -1  -1  -1 276 166  -1  -1  -1 211 158  -1  -1 
 28  -1  -1  47  -1 259  -1  -1 148 148  -1  -1  20  70 167  -1  -1  -1  -1  -1  -1  -1  -1  -1 208  -1 
 29  -1  -1  -1 144  -1  -1 114  39 247  -1  -1 290 128  -1  -1  -1 121  58  -1  -1  -1  -1  -1  -1  -1 
 30  -1  24  19  19  19  -1  -1   4   4  -1   2   2  -1  -1  -1  -1  -1  -1  17  17  -1  -1  30  -1  -1 
 31  -1  -1  -1  -1  -1  -1  -1  -1  -1  -1  -1  -1  -1  -1  -1  -1  -1  31  31  31  -1  -1  -1  -1  -1 
 32  -1  74  -1  -1  -1  46  46  63  63  63  -1  -1  -1  68  -1  -1  48  48  -1  -1  61  61  -1  -1  -1 
 33  -1  -1  -1  -1  -1  -1  -1  -1  -1  -1  -1  -1  -1  -1  -1  -1  -1  -1  -1  -1  75  75  75  -1  -1 
 34  -1  -1  -1  -1  -1  92  92  -1  90  90  -1  -1 107 107 107 105 105  -1  -1  -1  -1 112  -1 118  -1 
 35 119 119 119  -1  -1  -1  -1  -1  -1  -1  -1  -1  -1  -1  -1  -1  -1  -1  -1  -1  -1  -1  -1  -1  -1 
 36 149 149  -1  -1  -1 134 134 162 136 136  -1  -1 156  -1  -1  -1  -1  -1  -1  -1  -1  -1 151 151 151 
 37 163 163 163  -1  -1  -1  -1  -1  -1  -1  -1  -1  -1  -1  -1  -1  -1  -1  -1  -1  -1  -1  -1  -1  -1 
 38  -1  -1 193 193  -1  -1 206 200 178 178  -1  -1 195 195 195  -1  -1  -1  -1  -1 180 180  -1  -1  -1 
 39  -1  -1 207 207 207  -1  -1  -1  -1  -1  -1  -1  -1  -1  -1  -1  -1  -1  -1  -1  -1  -1  -1  -1  -1 
 40  -1 224 224 244  -1 239 239 239 222 222  -1  -1  -1 250  -1  -1  -1 237 237  -1  -1  -1  -1  -1  -1 
 41  -1  -1  -1  -1  -1  -1  -1  -1  -1  -1  -1  -1  -1  -1  -1  -1  -1 251 251 251  -1  -1  -1  -1  -1 
 42  -1 294  -1  -1  -1 266 266  -1  -1  -1 268 268 283 283 283  -1 288  -1  -1  -1  -1  -1  -1 281 281 
 43  -1  -1  -1  -1  -1  -1  -1  -1  -1  -1  -1  -1  -1  -1  -1  -1  -1  -1  -1  -1  -1  -1 295 295 295 
 44 311  -1 137 228 153  -1  -1  -1  -1  -1  -1  -1  -1  -1  -1  -1  -1  -1  -1  -1  -1  99  -1  -1  -1 
 45  -1  -1  -1  -1  -1  -1  -1  -1  -1  11  -1  -1  -1  -1 312  -1  -1 226 309  -1   8 273 313  -1 229 
 46  -1 183  -1  -1 314  -1 186  -1  -1  -1  95  94   6  -1  -1 316 141 139  -1  -1  -1  -1  -1 109  -1 
 47  -1 270  -1  93  -1  -1  -1 184  -1  -1  -1  -1  50  21  -1  -1 230 285  -1 310  -1  -1  -1  -1  -1 
 48  -1  -1  96  -1  -1  -1  -1  -1  -1  -1  -1  -1 231 315  -1  -1  -1  -1  -1  -1  -1  -1  -1 308  54 
 49  -1  -1  -1  -1  -1  -1  -1 271  -1  -1  -1  -1 274  -1  -1  -1  -1 181  -1  -1  97  52  -1  -1 185 
 50  -1  -1 275 269  -1  -1   5  -1  -1  -1 143 225 140  65  -1  -1  -1  98  -1  -1  -1  -1  -1  -1  -1 
 51  -1  -1  -1  -1  -1  -1 227  -1  -1  -1  -1 187  -1  -1  -1  -1 197  -1  -1  -1  -1  -1  -1  -1  -1 
 52  -1  -1  -1 142  -1  -1  -1  -1  49  -1  -1  -1  -1 241  -1  -1  -1   7  -1  -1  -1  -1  -1  -1  -1 
 53  -1  53  -1 182  -1   9  -1 138  -1  -1  55  51  -1  -1  -1  -1 272  -1  -1  -1  -1  10  -1  -1  -1 

r\t   0   1   2   3   4   5   6   7   8   9  10  11  12  13  14  15  16  17  18  19  20  21  22  23  24 
  0  -1 292  -1  85  -1  -1 121  44  -1  -1  -1 262  -1 245  -1  -1  -1  88  -1  -1  -1 209  -1 253  -1 
  1  -1  -1 248 159  -1  -1  -1  -1  -1  -1  -1 188  73 265  -1  -1  -1  -1  -1  -1  -1  -1  -1 170  -1 
  2  -1  -1 120 260  -1  -1  78 165  -1  -1  -1 278 104 104  66  -1  -1  -1 297  82  -1  -1  -1  -1  -1 
  3  41 287  -1 299  -1  -1 276  -1  -1  -1  -1  25  -1  37  -1 236 236 291  -1  -1  38  -1  -1 161  -1 
  4  -1  -1  72  -1  -1  -1  -1  -1  -1  -1  -1  -1  -1  -1  -1  -1  29  -1  -1 221  -1  -1 122 238  -1 
  5  -1  -1  13  -1  -1  -1  -1   3  -1  -1  -1  56  -1  -1  -1  42  -1  -1 115  -1  -1  20  -1  -1  -1 
  6  -1  -1  -1 264  -1  -1  -1  -1  -1 286  -1  -1  26 290  -1  -1  87  -1 168  -1  -1 233  -1  -1  -1 
  7  -1 247  -1  -1  -1  -1 133  -1  -1  -1 258 166 117  -1  -1  -1  -1  -1 232  -1  -1  28  -1  -1  -1 
  8  -1 110  -1  -1  -1  -1  -1  -1  -1  -1  -1  -1  -1 144  -1  -1  79 307  -1  -1  -1  -1  -1  -1  -1 
  9  -1  -1  32  57  -1  -1  -1  -1 129  -1  -1 211  -1 176  -1  -1  -1  -1  -1  -1  -1 189  -1  -1  -1 
 10  -1  -1  -1 202 215  -1  -1 217  -1  67  -1  -1  -1  45  -1  -1  -1  -1  -1  -1  -1  64 147  -1  -1 
 11  -1  77  39  -1  -1  22  -1  23  -1  -1 169  69 267  -1  -1  -1  -1  35  -1  -1  -1  -1 201  -1  -1 
 12  -1  -1  -1  -1  -1  -1  15 204  -1  -1  -1  -1 282 171  -1  -1 196  -1  -1  -1  -1 152  -1 199  -1 
 13  -1 203 296  -1  -1  -1  -1  60  60  -1  -1  -1  -1  -1  -1  -1   0  -1  -1 128  -1 306 252  -1  -1 
 14  -1  -1  59 246  -1  -1  -1  -1  -1  -1  -1 220 254  -1 175  -1  47  -1  -1  -1  -1 218  -1  -1  -1 
 15  -1  -1 173  14  -1  -1 256  27 293  -1  86 235 167 261  -1  -1 132  -1 127  -1  -1  -1  -1  -1  -1 
 16  -1  -1  -1 191  -1  -1  -1 135  -1  -1  -1  -1 223  -1  -1 130  -1  -1  -1  -1  -1  -1  -1  -1  -1 
 17 192 192 158  -1  -1  -1  -1  -1 146  -1  -1  -1  -1  12  -1  -1  -1  -1  -1  -1 301  -1  -1 289  -1 
 18  -1  -1  -1 172  -1  -1  83  -1 277  -1  -1  -1  -1 234  -1  -1 205  -1  -1  -1  -1  -1  -1 126  -1 
 19  40  -1 280 280  -1  -1  -1  -1 160  -1  -1 249  -1  -1  -1  -1  -1  -1  -1  -1  -1 101  -1  -1  -1 
 20  -1 154 259  -1  -1  -1  -1 103 123  -1  43  89  58  -1  -1  18  -1  -1  -1  -1  -1 279  70  -1  -1 
 21  -1  -1  -1 111  -1  -1 240  -1  -1  -1  -1 210 145  -1  -1  -1  -1  -1  -1  -1 125  80  -1  -1  -1 
 22  -1  -1  -1  34  -1  -1  -1  81  -1  -1  -1  -1  -1  -1 198 106  -1  -1  -1  -1  -1  -1  -1  -1  -1 
 23  -1  -1  -1  -1  -1  -1  -1  -1  84  -1  -1  -1  -1  -1  -1  -1 108  -1  -1 304  -1 298 257 150  -1 
 24  -1 214  -1  -1  -1  -1  -1 116   1  -1  -1  -1 194  -1  -1  -1  -1  -1  -1  -1  -1  -1  -1 212  -1 
 25  -1  -1 148 148  -1  -1  -1  -1  -1 155  -1  -1  -1  -1  -1  -1 131 114  -1  -1 177 255  -1 174  -1 
 26  -1  -1 190  -1  -1  -1 300  36  -1  -1  -1  -1  -1 113  -1  -1  -1  16  16 263  -1  -1  -1  -1  -1 
 27  -1  -1  -1  -1  -1 305  33  -1  -1  -1  -1  -1 179 157  -1  -1  -1  -1  -1  -1  -1  -1  -1  -1  -1 
 28  -1 216  -1 302  -1  -1 102 284  -1  -1  -1  -1 242  -1  -1  -1  62  -1  -1  -1  -1  -1  -1  76  -1 
 29  -1  71 100  91  -1 213  -1  -1 208 303  -1 124  -1  -1  -1  -1  -1 164  -1  -1  -1 219 243  -1  -1 
 30  -1  24  -1   4   4  -1  -1  -1  -1  -1  19  19  19  30  -1  -1  -1  -1   2   2  -1  -1  17  17  -1 
 31  -1  -1  -1  -1  -1  -1  -1  -1  -1  -1  -1  -1  -1  -1  -1  -1  -1  -1  -1  -1  -1  -1  31  31  31 
 32  -1  -1  -1  48  48  -1  -1  -1  74  -1  -1  -1  -1  -1  -1  -1  68  -1  61  61  46  46  63  63  63 
 33  -1  -1  -1  -1  -1  -1  -1  -1  -1  -1  -1  -1  -1  -1  -1  -1  -1  75  75  75  -1  -1  -1  -1  -1 
 34  -1  -1  -1 112  -1  -1  -1  90  90  -1  -1  -1  -1  -1  -1  -1 118 107 107 107  92  92 105 105  -1 
 35  -1  -1  -1  -1  -1  -1  -1  -1  -1  -1  -1  -1  -1  -1  -1  -1  -1  -1  -1  -1  -1  -1 119 119 119 
 36  -1  -1  -1 134 134  -1  -1 162  -1  -1 149 149 136 136  -1  -1 156 151 151 151  -1  -1  -1  -1  -1 
 37  -1  -1  -1  -1  -1  -1  -1  -1  -1  -1  -1  -1  -1  -1  -1  -1  -1  -1  -1  -1 163 163 163  -1  -1 
 38  -1  -1  -1 180 180  -1 206 195 195 195  -1  -1 200  -1  -1 178 178 193 193  -1  -1  -1  -1  -1  -1 
 39  -1  -1  -1  -1  -1  -1  -1  -1  -1  -1  -1  -1  -1  -1  -1  -1  -1 207 207 207  -1  -1  -1  -1  -1 
 40  -1  -1 239 239 239  -1  -1 237 237  -1  -1  -1  -1  -1  -1 224 224 244 250  -1 222 222  -1  -1  -1 
 41  -1  -1  -1  -1  -1  -1  -1 251 251 251  -1  -1  -1  -1  -1  -1  -1  -1  -1  -1  -1  -1  -1  -1  -1 
 42  -1  -1  -1  -1  -1  -1  -1 268 268  -1  -1 294 288  -1  -1 266 266 283 283 283  -1  -1 281 281  -1 
 43  -1  -1  -1  -1  -1  -1  -1  -1  -1  -1  -1  -1  -1  -1  -1  -1  -1  -1  -1  -1  -1  -1 295 295 295 
 44  -1  -1  -1  -1  -1  -1 181  -1  -1  -1  -1  -1  -1   7  -1  50  -1  -1  -1  -1  -1  -1  -1  -1 316 
 45  -1  -1   9  -1 271  -1  95  -1  -1  -1  -1 186  94  -1  -1  -1  -1 138 228  -1  -1  10  -1  -1  -1 
 46  -1  -1 140  -1  -1 109  -1 231  -1  -1  -1  -1  49  -1  -1  -1  -1 184  -1  -1   6  -1 311  -1  -1 
 47  -1 315  53  -1  -1  -1 273  -1  -1  -1  -1 275  -1  -1  -1  -1  -1  11  -1  -1  -1  -1  -1 308  -1 
 48  -1  -1 183  -1  -1 312  -1  -1  52  -1  -1  -1  -1  -1  -1  -1  -1  -1 139  -1  -1  -1 197  -1  -1 
 49  -1  -1  -1  -1  -1  -1  -1  -1 185  -1  -1  -1  -1  -1  -1 143  -1  -1  -1  -1 274  -1  -1  -1  -1 
 50  -1  65 269 226  -1  -1  -1 187  -1 313  -1  54  -1  -1 310  -1  -1 225  96  -1  -1  -1  -1  -1  -1 
 51  -1  -1 230  -1  -1  -1  55  -1 137  -1 309   5  -1  98  -1  -1  97  -1  -1  -1  -1 142  -1  -1  -1 
 52  -1 241  93  -1  99  -1 227  -1  -1  -1  -1 141  -1 229 285  -1  -1  -1  -1  -1  -1 272  -1  -1  -1 
 53 314  21  -1  -1  -1  -1   8 153  -1  -1  -1  -1  -1  -1  -1  -1  -1  51 270  -1  -1 182  -1  -1  -1 

r\t   0   1   2   3   4   5   6   7   8   9  10  11  12  13  14  15  16  17  18  19  20  21  22  23  24 
  0  -1 209 194  -1  -1  -1  -1  -1  -1 214  -1  -1 155 116  -1 132  -1  -1  -1  -1  -1 199  80  76  87 
  1  -1 100  -1 188  -1  38  -1  -1  -1  -1  -1 254  -1  -1  39  -1  -1  -1  36  -1  -1  -1  -1  -1  -1 
  2  -1  -1  -1  -1  -1  -1 218  -1 213  -1  -1  -1 165  -1  -1  -1 101  -1  -1  -1  -1  -1  -1  -1 219 
  3  -1  -1 164 299 282  -1 211  -1  83  -1 177 306 233 265  -1  -1  -1  -1  -1  -1 260 215  -1 247  -1 
  4 220  -1  -1 171  -1  -1 133 189  -1 286  -1  73  -1  -1  -1  -1  -1  -1 255  -1  -1 111  -1  12  -1 
  5  -1 256 234  59  -1 221 168  40 276  -1  -1  -1  -1  -1  81 175 240  27  -1  -1  -1  -1  14  -1  -1 
  6  -1  -1  13 235  -1  -1  57 291  -1  -1  82  15  -1  -1 128  -1 122  -1  -1  -1  -1  -1  -1 124  -1 
  7  -1  20  -1  -1  -1  -1  -1  -1  -1 174  -1  -1  -1  -1  -1  -1  -1  -1  -1  -1  -1  -1  91  29  -1 
  8  -1 223  69  -1  -1  -1  -1  -1  -1  -1  -1 300 121  -1  -1  42  -1  -1 243  -1  -1  -1  -1  -1  43 
  9  -1 242  -1 102  -1  -1  -1 267 249  -1  -1  -1  -1 290  -1  -1   1  -1  -1  -1  -1 161 301  89  -1 
 10  -1  -1  -1 257 172  -1 284  72 131  -1  -1  -1  -1  -1  -1  -1  -1  -1  -1  -1  -1  -1 212  -1  -1 
 11 262  -1 292  -1  -1  -1 297 246 190 305  -1 160  -1  -1  -1  -1 196  -1  33  -1  -1  -1  35  -1  -1 
 12 176 296  -1  -1  -1  -1 130  -1 113  -1  -1  -1  -1  -1  85  -1  -1  -1  -1  -1  -1  67 110  -1  -1 
 13  -1  -1  -1 264  -1  -1  -1 210  -1  -1  -1 123  -1  -1  -1  -1  -1  -1  -1  -1 303  -1  -1 201  -1 
 14  -1  -1  -1 114  -1  -1  -1   0  -1  -1  -1  -1 253  -1  -1  -1  -1  -1  -1  -1  37 238  -1  -1  -1 
 15  -1  79  -1  -1  -1  -1  71  -1  -1 198  -1  -1 135 173  -1  -1  -1  -1  -1  -1  -1  -1 248  -1  -1 
 16  -1  56 277 159  -1  -1  -1  -1  23  -1  -1 103  -1  -1  -1  -1  -1  -1  -1  -1  -1  -1  60  60 106 
 17  41 259  -1  -1  -1  -1  32 104 104  -1  -1  -1  -1  -1  -1  -1  -1  -1  -1  -1  -1  -1 117  -1 261 
 18  -1  -1  -1 252  -1  -1  -1 146  -1 127  -1  -1  -1  -1  -1  -1 205  -1  -1  -1  -1  -1 307  -1  -1 
 19  -1  -1 216  -1  -1  -1  -1  25 293  -1  -1  -1  -1  -1  -1  -1 258  -1  -1  -1  -1  -1 279  -1  -1 
 20  -1  34  -1  -1  -1  -1  -1  -1  -1  -1  -1  86  -1  -1  -1 304  -1  -1 289  -1  -1  -1  -1  44  -1 
 21  -1 191  -1  -1  -1  -1  -1  -1 208  -1  -1  -1  -1  -1  -1  -1 144 280 280  -1  -1  70 236 236  -1 
 22  -1  84  62  -1  -1  -1  -1  -1   3  -1  -1  -1 202  -1  -1  -1  58  -1  -1  -1  -1  -1  -1 179  -1 
 23  -1 158  -1  -1 126  -1 120  -1  -1  -1  -1 170  -1  -1  -1  -1  -1 298 167  -1  -1  -1  -1  -1 217 
 24  -1  -1  -1  26  -1  -1  -1  -1 147  -1  -1  -1  -1 245  -1  -1  -1 154  -1  -1  -1  -1 192 192  -1 
 25  -1 115  47 278  -1  -1  -1  -1  -1  -1  -1  -1  -1 145  -1  -1  -1  -1  -1  -1 148 148  -1  -1  -1 
 26  -1  -1  -1  -1  -1 125  -1  -1  -1  -1  -1  -1  -1  -1  -1  -1  -1 129  66  -1  -1  -1  -1  -1 302 
 27  -1  -1  -1 169  -1  18 152 263  -1  22  -1  -1  -1  -1 150  -1  -1  -1  -1 287  -1 204  -1 108  -1 
 28  -1  -1  -1  -1  -1  -1  -1  -1 166  -1  -1  64  -1  -1  -1  -1  -1 157  -1  -1  -1  -1  -1  -1  -1 
 29  -1  -1  88  16  16  -1 232  -1  77  -1  -1 203  -1  28  -1  45  -1  78  -1  -1  -1  -1  -1  -1  -1 
 30   2   2  30  -1  -1  -1  -1  -1  24  -1  -1  -1  17  17  -1  -1  -1  19  19  19  -1  -1   4   4  -1 
 31  -1  -1  -1  -1  -1  -1  -1  -1  -1  -1  31  31  31  -1  -1  -1  -1  -1  -1  -1  -1  -1  -1  -1  -1 
 32  46  46  -1  68  -1  48  48  63  63  63  -1  -1  61  61  -1  -1  74  -1  -1  -1  -1  -1  -1  -1  -1 
 33  -1  -1  -1  -1  -1  -1  -1  -1  -1  -1  -1  -1  75  75  75  -1  -1  -1  -1  -1  -1  -1  -1  -1  -1 
 34  -1  -1 118  -1  -1  -1  -1  90  90  -1  92  92 107 107 107  -1  -1 105 105  -1  -1 112  -1  -1  -1 
 35  -1  -1  -1  -1  -1  -1  -1  -1  -1  -1  -1  -1  -1  -1  -1  -1  -1 119 119 119  -1  -1  -1  -1  -1 
 36 134 134 151 151 151  -1  -1 136 136  -1  -1  -1 162  -1  -1  -1 156  -1  -1  -1  -1  -1 149 149  -1 
 37  -1  -1  -1  -1  -1  -1  -1  -1  -1  -1  -1  -1  -1  -1  -1  -1  -1  -1  -1  -1  -1  -1 163 163 163 
 38  -1  -1 200 206  -1  -1  -1 180 180  -1  -1  -1 195 195 195 178 178  -1 193 193  -1  -1  -1  -1  -1 
 39  -1  -1  -1  -1  -1  -1  -1  -1  -1  -1  -1  -1  -1  -1  -1  -1  -1 207 207 207  -1  -1  -1  -1  -1 
 40  -1  -1 250  -1  -1  -1  -1 239 239 239 237 237 222 222  -1  -1  -1  -1  -1  -1  -1 244 224 224  -1 
 41  -1  -1  -1  -1  -1  -1  -1  -1  -1  -1  -1  -1  -1  -1  -1 251 251 251  -1  -1  -1  -1  -1  -1  -1 
 42  -1 266 266  -1  -1 268 268  -1  -1  -1 283 283 283  -1  -1  -1  -1  -1 288  -1 281 281  -1 294  -1 
 43  -1  -1  -1  -1  -1  -1  -1  -1  -1  -1  -1  -1  -1  -1  -1  -1  -1  -1  -1  -1 295 295 295  -1  -1 
 44  95 184  11  49  -1  -1   6  -1  -1  -1  -1 231 186  -1  -1  -1  -1  -1  -1 310  -1  -1 142  -1  -1 
 45  -1  93  -1 229  -1  -1 230  -1  51  -1  -1  -1  -1 143 313  -1  96  -1 153  -1  -1  -1  -1 137 309 
 46  -1  -1  -1  -1  -1 197  -1  -1  -1  -1 225   5  -1  53  -1 274  -1  -1  -1  -1  -1  -1 182  -1  -1 
 47  -1  -1  -1  -1  -1  -1  -1  -1  -1  -1 138  -1 269  -1  -1  -1 270  -1  -1  -1  -1  -1  -1  -1  -1 
 48  -1  -1  -1   7 109 140  94  -1 228  -1  -1  -1  -1  -1  -1  -1  -1 308  -1  -1  -1  -1  -1  -1  -1 
 49  -1  -1  -1  -1  -1  -1  -1  -1  -1  -1  -1  -1  -1  -1  -1  -1  -1  65  -1  -1  -1  -1  50  -1  -1 
 50  -1  -1  -1  98  -1  -1  -1 285  -1  -1  -1  52  -1  -1  -1  97 141  -1 315  -1  -1  -1  -1  -1  -1 
 51  -1  -1 227 187  -1  99  -1  -1 273  -1  -1  -1  -1  -1  -1  -1  -1  -1  -1  -1  -1 314 275 272  -1 
 52 271  -1  -1  -1 312  -1  -1  -1  -1  -1  54 139   8 183 241   9  55  -1  -1  -1  -1  21  -1  -1  -1 
 53  -1  -1  -1  -1  -1  -1 185  -1  -1 311  -1 181  -1  10  -1  -1 226  -1  -1  -1 316  -1  -1  -1  -1 

