317
16 3
2 6
0 30
7 23
22 30
18 44
3 53
9 50
21 44
20 45
13 51
8 47
18 20
3 9
1 7
8 15
22 5
12 30
24 25
15 30
2 28
11 49
6 24
7 20
6 30
16 0
17 4
3 1
11 0
22 23
18 30
12 31
7 14
1 24
8 18
21 11
3 4
16 14
22 0
12 24
16 21
21 4
19 14
13 29
1 20
20 16
13 32
16 10
8 32
18 48
7 44
21 49
23 44
3 47
15 46
0 53
7 2
23 23
21 5
17 14
0 8
5 32
12 18
2 32
18 0
11 51
16 15
22 15
7 32
21 18
22 26
1 28
8 3
16 1
12 32
17 33
3 24
1 5
13 26
6 7
23 17
6 16
19 13
16 24
5 22
3 25
5 5
4 19
23 27
14 19
20 34
18 11
0 34
13 45
2 48
7 50
16 51
3 45
8 52
9 49
1 29
6 22
13 20
21 12
2 11
7 34
19 26
22 34
17 2
12 45
11 16
18 17
11 34
22 1
8 25
7 10
3 0
12 5
6 34
15 35
23 25
2 17
16 27
1 16
13 25
17 17
15 17
8 29
23 7
18 15
21 26
9 18
15 6
2 23
13 36
21 13
8 36
22 52
20 47
3 49
1 50
7 49
18 45
0 49
1 18
7 26
8 14
3 13
12 4
22 36
6 6
16 36
2 1
21 45
11 12
4 6
1 36
13 8
17 26
18 21
3 5
21 29
6 36
22 37
8 24
8 2
12 21
11 4
2 10
13 27
7 0
18 1
15 1
24 7
15 7
7 16
0 7
18 18
15 38
2 15
20 38
13 48
8 49
14 44
3 46
23 52
1 45
22 44
3 16
16 19
21 6
1 27
22 21
13 38
2 7
7 38
12 20
17 52
19 18
6 11
3 38
17 27
16 18
2 24
7 7
22 7
1 38
10 39
6 18
13 3
21 19
21 28
8 16
2 25
11 13
9 20
1 23
5 15
22 22
0 25
15 12
23 13
20 40
16 16
7 40
22 53
3 50
0 50
14 47
9 48
13 53
1 52
13 23
21 3
11 9
22 17
0 14
2 40
16 25
17 40
7 3
24 46
12 16
6 23
12 40
17 23
23 12
21 17
7 17
6 19
16 40
2 41
11 1
18 24
8 28
13 6
1 2
0 23
4 11
15 14
6 9
13 11
6 25
17 0
16 22
0 3
13 42
7 12
20 42
1 48
8 53
22 49
23 46
18 51
15 47
9 52
18 22
21 10
22 6
23 18
7 1
10 42
19 8
2 42
13 14
17 46
5 21
6 8
7 42
7 4
22 29
1 12
18 25
2 9
23 42
10 43
16 8
3 3
6 1
17 13
13 10
20 20
6 27
8 7
6 12
6 2
6 20
13 1
17 53
5 46
19 45
24 44
11 44
4 44
12 44
6 51
10 51

