317
23 22
2 13
18 30
6 2
0 30
7 46
17 48
8 50
20 49
3 53
11 51
10 49
1 11
8 20
7 20
18 23
3 15
12 30
21 8
22 30
11 12
6 49
15 16
16 14
8 30
6 28
18 19
21 25
11 21
1 2
16 30
12 31
7 26
23 20
17 16
3 4
23 19
17 8
11 9
5 29
18 28
13 9
22 1
9 10
23 26
3 2
0 32
2 29
7 32
18 50
6 50
11 50
17 52
12 52
15 52
20 51
7 5
23 5
6 16
1 21
20 24
10 32
13 21
17 32
16 5
2 52
9 3
22 22
21 32
2 17
3 19
16 10
23 15
13 4
6 32
10 33
17 18
16 28
7 8
21 29
1 13
24 0
22 13
19 29
7 14
7 0
15 22
16 22
8 13
19 0
0 34
3 18
10 34
12 47
18 49
2 47
6 48
17 47
20 48
15 48
2 16
1 4
11 6
6 26
17 1
22 34
21 6
7 34
12 28
3 45
16 4
13 12
12 34
3 21
8 11
7 29
17 5
13 6
6 34
22 35
2 26
1 26
22 7
18 9
11 18
13 17
10 2
11 19
2 28
20 25
1 23
11 24
11 11
12 19
18 36
6 9
1 36
20 45
15 53
17 49
0 49
7 49
3 50
10 45
2 15
17 28
18 15
8 28
10 7
3 36
16 17
22 36
7 28
6 44
13 20
21 27
16 36
17 11
13 13
1 25
23 7
6 14
21 36
7 37
2 3
22 8
3 3
18 16
11 22
23 18
1 19
17 14
23 3
2 23
0 3
11 17
19 27
3 5
0 38
17 2
7 38
12 45
20 47
11 47
18 51
10 52
15 51
6 47
1 29
18 6
6 18
22 25
7 6
23 38
16 15
12 38
3 17
21 50
2 21
17 7
18 38
7 1
8 0
12 6
1 18
21 18
11 38
22 39
13 29
17 0
16 11
16 9
3 23
6 29
15 25
6 20
9 20
15 12
14 9
6 23
8 4
20 17
18 40
7 15
0 40
17 50
11 45
3 46
2 46
6 51
23 48
10 53
1 27
17 19
18 22
6 17
2 0
23 40
7 13
12 40
8 16
15 50
16 13
21 3
3 40
6 4
13 22
11 10
12 29
16 18
7 40
22 41
2 22
8 18
18 27
1 28
21 7
17 13
7 16
6 19
8 12
7 25
12 15
7 24
8 10
20 18
1 42
23 27
10 42
17 53
18 45
0 45
6 52
12 51
3 48
15 44
23 6
1 17
2 18
3 8
10 13
17 42
16 25
7 42
12 4
22 53
21 10
13 26
12 42
18 26
2 11
6 24
22 11
7 22
3 42
17 43
13 24
8 5
16 24
11 23
23 16
15 15
3 1
10 8
2 8
0 16
7 27
0 21
22 50
5 51
9 52
21 49
4 46
13 53
14 50
16 53
24 49

