317
8 21
24 28
10 30
22 19
17 30
16 49
13 44
21 53
15 52
20 45
1 49
12 50
18 29
12 15
11 22
1 17
20 5
15 30
23 12
5 30
13 25
3 47
4 28
22 8
21 30
11 1
23 5
8 15
22 10
3 1
13 30
0 31
16 7
6 24
18 25
17 25
7 14
10 17
3 29
0 10
17 3
18 8
18 26
16 8
8 25
13 4
20 32
22 14
10 32
15 45
12 51
16 53
2 44
17 48
24 50
7 50
23 29
12 10
21 13
11 9
7 7
0 32
22 0
17 32
16 21
14 52
6 8
3 11
6 32
23 19
18 12
8 24
7 24
3 18
12 32
0 33
16 26
8 23
11 11
21 23
17 15
7 1
2 6
9 24
24 16
2 20
0 7
19 25
17 23
7 15
15 34
21 1
10 34
13 46
22 48
8 44
1 45
20 50
12 45
24 51
22 24
1 26
8 1
16 15
12 11
2 34
21 16
17 34
11 27
9 44
6 9
23 0
12 34
16 14
8 3
6 11
22 2
11 10
13 34
2 35
18 13
21 2
3 19
23 24
7 18
0 15
3 21
4 12
14 24
0 25
14 2
23 16
13 20
2 7
15 36
8 27
20 36
7 51
24 49
1 50
22 46
12 47
18 48
10 46
21 24
13 8
1 19
16 23
22 28
18 36
14 0
5 36
2 1
11 47
3 4
8 6
22 36
1 15
12 27
13 26
21 21
16 6
8 36
17 37
6 26
7 22
3 6
11 19
23 1
8 29
22 4
14 19
20 11
14 9
2 29
14 6
22 23
20 7
10 38
13 28
15 38
8 47
18 47
1 46
21 47
12 48
7 46
2 47
8 0
7 12
11 15
1 16
18 0
3 38
6 19
22 38
12 22
0 51
17 16
13 0
8 38
22 7
18 22
11 14
16 29
1 2
13 38
2 39
12 28
23 6
7 23
7 8
21 15
7 19
19 21
2 15
15 19
19 9
2 19
19 23
13 3
20 9
10 40
2 11
15 40
1 47
21 48
12 49
17 49
22 45
8 50
18 53
21 6
17 24
1 23
22 16
12 29
18 40
14 11
7 40
23 11
6 47
3 17
2 3
17 40
7 26
13 18
18 24
16 19
11 21
6 40
22 41
2 9
8 20
12 14
1 11
21 4
17 14
11 18
11 7
18 19
19 18
18 23
1 18
21 17
20 14
15 42
17 22
10 42
2 50
8 48
13 53
1 48
7 45
18 45
12 46
16 27
11 12
18 11
8 10
2 16
13 42
17 1
22 42
6 0
9 45
0 11
4 1
3 42
1 1
22 20
11 24
18 27
12 13
8 42
5 43
17 12
13 14
2 23
16 5
21 26
17 8
14 21
19 24
14 1
7 3
9 13
5 20
6 52
9 53
5 46
19 45
4 52
3 48
14 45
23 48
0 48

