317
2 24
24 18
0 30
7 12
18 30
11 48
6 47
8 53
16 53
13 52
23 48
21 52
1 6
6 15
8 27
18 10
20 29
12 30
22 1
2 30
16 22
7 46
10 5
17 9
6 30
8 20
21 1
1 28
11 1
16 9
22 30
12 31
7 6
2 3
17 8
18 16
1 22
12 25
16 19
6 3
16 17
16 14
10 6
2 12
2 0
6 29
22 32
1 9
18 32
17 44
7 52
21 49
8 47
11 51
24 51
0 44
21 7
18 19
22 22
17 4
7 28
12 32
1 27
2 32
11 10
16 49
20 1
5 24
7 32
3 1
6 8
22 17
23 0
17 19
1 32
12 33
11 22
16 25
18 3
21 19
8 3
3 19
16 27
15 20
18 7
20 14
18 27
20 9
11 4
7 22
17 34
22 8
23 34
21 53
6 46
16 48
1 44
0 48
8 49
19 48
11 12
1 25
21 14
23 7
17 21
3 34
9 26
12 34
7 20
10 47
5 4
22 16
6 34
21 11
13 3
12 3
18 12
8 0
11 34
2 35
23 28
16 3
2 11
17 25
7 15
0 9
2 25
4 11
17 7
12 16
17 27
1 1
2 16
21 25
23 36
6 25
17 36
16 45
19 45
1 45
22 46
8 46
11 44
0 46
11 7
2 9
18 9
16 23
22 9
13 36
4 3
7 36
17 29
3 45
20 12
6 23
2 36
1 16
6 10
8 2
18 23
11 2
16 36
12 37
7 25
16 21
22 23
3 15
23 12
13 4
11 27
18 15
7 27
13 6
12 8
13 2
8 9
19 1
23 38
7 7
0 38
22 44
17 49
11 52
13 50
21 44
6 51
16 52
8 16
6 12
21 28
12 26
22 13
10 38
7 13
2 38
17 26
14 46
15 12
18 8
6 38
23 3
18 14
16 20
3 17
22 18
21 38
10 39
2 15
13 18
7 14
7 11
1 5
5 14
14 13
5 18
9 1
21 18
15 6
22 12
13 21
23 8
18 40
11 16
7 40
17 51
1 48
16 51
24 46
6 53
2 51
21 46
6 24
18 0
13 26
2 22
7 26
15 40
9 2
20 40
1 0
3 48
11 5
12 2
6 40
16 0
23 29
21 8
13 27
11 29
17 40
0 41
7 0
18 11
12 19
8 24
3 29
2 8
10 16
14 9
11 15
0 18
17 1
14 8
1 19
13 11
6 42
8 19
18 42
23 45
2 47
16 44
22 48
21 45
17 50
11 49
11 3
7 4
6 19
21 2
17 6
23 42
15 17
0 42
13 19
12 48
8 15
3 20
16 42
21 12
11 25
2 4
8 25
3 28
17 42
22 43
7 9
1 24
18 24
6 26
12 20
22 26
6 27
22 25
18 4
6 21
10 25
6 17
4 52
5 53
14 53
9 46
15 49
12 45
20 46
3 51
10 48

