r\t   0   1   2   3   4   5   6   7   8   9  10  11  12  13  14  15  16  17  18  19  20  21  22  23  24 
  0  40  -1 111  -1  -1  -1 132  -1  -1  -1  -1 235  -1 243  -1  -1  -1  -1 122  -1  -1  -1  59  -1  -1 
  1 263  -1  -1  58  -1  -1  -1  -1  -1  -1  -1  -1  -1  27  -1  -1  -1 257  -1  -1  -1  -1  -1  -1  -1 
  2  -1 204 158 159  -1  -1  -1  -1 202  -1  -1 171  -1  -1  -1  -1  -1  -1  84  -1  -1  -1 104 104  -1 
  3  -1  -1  -1  -1  -1  -1 165  16  16  -1  -1  -1  -1 175 129 303  -1  -1 194  -1  -1 238 298  -1  -1 
  4  -1  79  -1  69  -1  -1  -1 103  -1  -1  -1  -1 192 192  -1  -1 264  -1  -1  -1 219  -1  23  -1  -1 
  5  -1  -1  -1  -1  -1  -1 101  -1 196  -1  -1  81  33  78  -1  -1  -1  -1  76  -1  -1  -1  -1  -1  -1 
  6  -1 144  -1  -1  -1  -1  -1 301  -1  -1  -1  36  -1  -1  -1  -1  -1 189  -1  -1  -1 282  -1  -1  -1 
  7  -1 255  -1  -1  -1  -1  -1  47  -1  -1  -1  -1  -1 113  -1  -1  -1  -1  -1 218  -1  -1 233 173  -1 
  8  -1  -1  -1 199  -1  -1  -1 279 262  -1  -1 253 168 245  -1  -1  64 213  -1  -1  -1 249  -1 116  -1 
  9  -1  -1 117  12  -1  -1  -1  35  -1  -1  -1  -1  -1 166  -1  -1  -1  -1 201  -1  -1 127  -1  -1  -1 
 10  -1 164  43  91  -1  -1  -1  -1  71  -1  -1  -1  -1  -1   1  -1  -1  -1  -1  -1  -1 110 135  57  -1 
 11  -1 297 291  87  -1  -1  -1  -1  -1  -1 286 278 211  -1  -1  -1 247  -1  -1  -1  -1  -1  -1 276  -1 
 12  -1  -1  -1  -1  45  -1  -1  -1  -1  -1  -1  -1  -1 277 221  -1 209 248  -1  -1  -1  -1 150  -1 214 
 13  -1  -1  -1  -1  -1  -1  -1 240  -1  -1  -1  13 265  -1  -1  -1  -1  -1  -1  -1  -1  -1  -1  -1  -1 
 14  -1  -1  -1  -1  -1  -1 146  -1  -1  -1  -1  -1  -1  -1  -1  -1 188  -1  -1  -1  -1  -1  25 157  -1 
 15 260 232  -1 293  -1  -1  -1  -1 115  -1  -1 190 234  44  -1  -1 161 280 280  -1  -1 154  -1  -1  -1 
 16  -1  -1 208  -1  -1  -1 302  -1 102  -1  -1  88  -1 210  -1  -1  -1  -1 242  -1  -1  -1  -1  -1  -1 
 17  -1  26  -1  -1  -1  41  34  42  -1  -1  66  -1 148 148  -1  -1  -1  70  -1 287  -1  22   3  -1  -1 
 18  -1  -1  -1  -1  -1  -1 289  -1  28  -1  18 300  -1  -1  -1 305 284 212  -1  -1  -1  -1  -1  -1  -1 
 19  -1  -1  -1  -1  -1  -1  -1 133  -1  39  -1  -1  -1 223  -1 236 236 299  -1  -1  -1  -1  -1 172  -1 
 20  -1  -1  -1 220  -1  -1  72  67  -1  -1  -1  -1  -1  -1  -1  -1  -1  -1  -1  -1  -1  82  -1  -1  -1 
 21  -1  -1  -1 179  86  -1  -1  -1  -1  -1  -1  -1  -1 131  -1  83  -1  -1 292  -1  -1  -1 125  -1  -1 
 22  -1  -1  -1  -1  -1  -1 114  -1  -1  -1  -1 217  -1  -1  -1  -1  -1 169  -1  -1  -1  -1  -1  -1  -1 
 23  -1  -1  -1 306  -1  -1 191 152 126  -1  -1  -1  -1  -1  -1  -1  85  -1  -1  -1  -1  -1 123  32  -1 
 24  -1  -1  62 106  89  -1 203  -1 177  -1  -1  -1  -1  -1  -1  -1  37  -1  -1  -1  -1 258  -1  -1  -1 
 25  -1 100  -1 124  -1  -1  -1  -1 259  -1  -1  -1 307 290  -1  -1  38  -1  29  -1 304  -1 267  15  -1 
 26  -1  -1  -1 174  -1  -1  -1  -1  -1  -1 128 108  60  60 130 215 296  -1  -1  -1  -1 261 254  -1  -1 
 27  -1  -1  -1  -1  -1 198  -1  77 256  -1  -1 120  -1  -1  -1  -1  -1  -1  -1  -1  -1 121 167 145  -1 
 28  -1  -1  -1 252  -1  -1  20  -1 160 176 155  -1  14  -1  -1  -1  80  -1  -1  -1  -1  -1 170  73  -1 
 29  -1  56  -1   0  -1  -1  -1  -1  -1  -1  -1 216  -1  -1  -1  -1 147  -1  -1  -1  -1 205  -1 246  -1 
 30  19  19  19  30  -1  -1  -1  -1   4   4  -1   2   2  -1  -1  17  17  -1  -1  -1  -1  24  -1  -1  -1 
 31  -1  -1  -1  -1  -1  -1  -1  -1  -1  -1  -1  -1  -1  -1  -1  31  31  31  -1  -1  -1  -1  -1  -1  -1 
 32  -1  68  -1  -1  -1  61  61  -1  46  46  -1  74  -1  -1  -1  48  48  63  63  63  -1  -1  -1  -1  -1 
 33  -1  -1  -1  -1  -1  -1  -1  -1  -1  -1  -1  -1  -1  -1  -1  -1  -1  -1  -1  -1  75  75  75  -1  -1 
 34  -1 112  -1  -1  -1  -1  -1 118  90  90  -1  -1 107 107 107  92  92  -1 105 105  -1  -1  -1  -1  -1 
 35  -1  -1  -1  -1  -1  -1  -1  -1  -1  -1  -1  -1  -1  -1  -1  -1  -1 119 119 119  -1  -1  -1  -1  -1 
 36  -1  -1 151 151 151  -1 162  -1  -1  -1  -1  -1 136 136  -1 134 134 149 149  -1  -1 156  -1  -1  -1 
 37  -1  -1  -1  -1  -1  -1  -1  -1  -1  -1  -1  -1  -1  -1  -1  -1  -1 163 163 163  -1  -1  -1  -1  -1 
 38 195 195 195 206  -1  -1  -1  -1  -1  -1  -1 200  -1 180 180 178 178  -1  -1  -1  -1  -1 193 193  -1 
 39  -1  -1  -1  -1  -1  -1  -1  -1  -1  -1  -1  -1  -1  -1  -1  -1  -1  -1  -1  -1  -1  -1 207 207 207 
 40  -1  -1 239 239 239 237 237  -1 222 222  -1  -1 250  -1  -1  -1  -1  -1 244  -1  -1  -1 224 224  -1 
 41  -1  -1  -1  -1  -1 251 251 251  -1  -1  -1  -1  -1  -1  -1  -1  -1  -1  -1  -1  -1  -1  -1  -1  -1 
 42 283 283 283 266 266 281 281  -1  -1  -1  -1  -1  -1 268 268  -1  -1  -1  -1  -1  -1 288  -1 294  -1 
 43  -1  -1  -1  -1  -1  -1  -1 295 295 295  -1  -1  -1  -1  -1  -1  -1  -1  -1  -1  -1  -1  -1  -1  -1 
 44  -1  54  -1  -1  -1 153  94  -1  -1  -1 109  -1  -1  -1  -1  -1  -1 227 313  -1  -1  -1  97  -1  65 
 45  -1  95  -1  52  -1 315  -1 184 140  -1  -1  -1  -1  -1  -1  -1  -1  -1  -1  -1  -1  -1  -1  -1  -1 
 46  -1  -1  -1  -1   7  -1 183   5  -1  -1  -1  -1  -1  -1  -1  -1  -1  -1  -1  -1  -1 308  -1  -1  -1 
 47  -1  -1  -1  -1  -1  -1  -1 270  -1  -1  -1 187  -1  -1  -1  -1   8  -1  -1  -1  -1  -1  -1  -1  -1 
 48 310  -1  -1  -1  -1  -1  -1 226  -1  -1  -1 139  51  -1  -1 271  -1 273  -1 314  -1  -1  -1   6  -1 
 49  -1 230  -1  -1 186  -1  -1  -1 272 143  -1 274  -1  -1  -1  -1 231  -1  -1  -1  -1  -1  -1  -1  -1 
 50  -1  -1  -1  -1  -1  -1  49  -1  -1  -1  -1  50  -1  -1 138  -1  -1 181  -1  -1  -1 197 182  53  -1 
 51  -1 142  -1  -1  -1  -1   9  -1  -1  -1  -1  -1 185  96  -1 228  -1  93  -1  -1  -1  -1  -1 137 241 
 52  -1  -1  -1 141  -1  -1 269  99  -1  -1 312 225  -1  11  55  -1  -1  -1  21  -1 316  -1  -1 275  -1 
 53  -1  -1 309  -1  -1  -1  -1  -1  -1  -1  -1  -1 229  -1  -1  -1  -1  10  -1  -1  -1  -1 285  98 311 

r\t   0   1   2   3   4   5   6   7   8   9  10  11  12  13  14  15  16  17  18  19  20  21  22  23  24 
  0  -1 235 175  12  -1  -1 209  -1  -1  18  -1  -1  -1  -1  22  -1  -1  -1  -1  -1  -1  -1 146  -1  -1 
  1  -1  -1 234  -1  -1  -1  84 245  -1  -1  -1  41  -1  -1  -1 177  -1  -1  -1  -1  -1  59  -1  -1  -1 
  2  -1  -1  -1  -1  -1  -1 264  -1  58  -1  -1  -1  -1 164  -1  -1  -1 303  -1  -1  -1  -1  -1  -1  -1 
  3  -1  -1  -1  -1  -1  -1  78  -1  -1  -1  -1 278  62  -1  67  -1  -1  -1 298  -1  -1  -1  -1  -1 106 
  4  -1 130  -1  -1  -1  -1 213 104 104  -1  -1  56  -1  -1  -1 302  -1  -1 150  -1  -1  -1  -1  -1  -1 
  5  -1 290  -1 208  -1  89  -1 194  14  -1 221  -1  -1 115 242  -1 157 258  -1  -1  -1 205  -1 168  -1 
  6  -1  -1 148 148  -1  -1  -1 238  -1  -1  -1  -1 219 304  -1  -1  64  -1  83  -1  -1  81  -1 284  -1 
  7 126 306  -1  -1  -1  -1  -1 179  -1  -1  -1 204 212  -1  -1  -1  -1  -1   0  -1  -1 166  -1 123  -1 
  8  66 218 255  -1  -1  82 188 223 287  -1  -1  -1 236 236  -1  -1  -1  29  35  -1  -1  -1  -1  -1  -1 
  9  -1  42  -1 252  -1 217  -1 293  -1  -1  -1  72  38  -1  -1  -1 196  -1  -1  -1  -1  -1  -1 128  -1 
 10  -1  -1  -1  -1  -1  -1  -1  -1  -1  -1  -1  -1  71  80  -1 127  -1  -1  -1  -1  -1  -1  -1  -1  -1 
 11  -1 262  -1  -1  -1  -1  -1  -1  -1 169  -1  -1 159  -1  -1  -1  -1  -1 203  -1  -1  -1  -1  -1  -1 
 12  -1  -1  -1  -1  -1  -1  -1  -1  -1  -1  -1  -1  -1  45  -1  86  -1  -1  -1  -1  -1  -1  -1 261  -1 
 13 155  -1  -1  -1  -1  -1  57  -1 144  -1  -1  -1  -1  -1  -1  -1 125  -1 191  -1  -1  -1   3  70  -1 
 14  -1  -1  -1 122  -1  -1  -1  -1 243  -1  -1  -1 249 101  -1 132  -1  -1  -1  -1  -1  -1  -1  -1  -1 
 15  -1  -1  -1  -1  -1  -1  -1  -1 267  -1  -1  -1  -1 256  -1  -1  -1  16  16  -1  -1  -1 174  -1  -1 
 16  -1  -1  -1  -1  -1  -1  -1  -1  -1  -1  -1  -1  -1 296  -1  -1  -1 120  -1  -1  -1 116  25  -1  -1 
 17  -1 108 192 192  -1  -1 232 214 190  -1  -1 158  -1  -1  -1  -1  -1  -1  -1  -1  -1  -1 121  -1  -1 
 18  -1  -1  -1 233  -1  -1  -1 124 215  -1  -1  -1  -1  -1  -1  -1  79  -1  -1  -1  -1  -1  -1  15  -1 
 19 282  36  43  -1 265  -1  -1  -1  -1  -1  -1 114  -1  -1  -1  -1  -1  -1 113  -1  -1  -1  -1  88  -1 
 20  -1 253 280 280  -1  -1  -1  -1  85  -1  -1  -1  -1  28 131  -1 289  -1  -1  -1  -1  -1  -1 133  -1 
 21  -1  -1  -1 160 171 307  -1  47  -1  -1  -1  -1 292 201  -1  -1 103  -1  -1  -1  -1 199 276 100  -1 
 22  -1  -1 260  -1  -1  -1 257  -1  26  -1  -1  -1  -1  -1  -1  -1  -1  -1 167  -1  40 246  -1  32  -1 
 23  -1 210  -1  -1 216  -1 110  -1  -1  -1  -1  -1  -1 277  -1  -1  -1 279  77 259 301  23  -1  -1  -1 
 24  87  33  69  -1  -1  -1 254  -1  -1  -1  -1  -1  -1  -1  -1  -1  20  -1  73  -1  -1 305  -1 247  -1 
 25  -1  -1 165  -1  -1  37  91 147  -1  -1  -1 299 286  -1  -1  -1 173 154 135  -1  -1  -1 297 291  -1 
 26  -1 189  -1  -1  -1  -1 117  34  -1  -1 176  -1  -1  -1  -1  -1 145  -1  -1  -1  -1 111 248  -1  -1 
 27  -1  -1  39  60  60  -1  -1  -1 300  -1  -1  -1  -1  -1  -1  -1 240  -1  -1  -1  -1  -1  -1  -1  -1 
 28  -1  -1 220  27  -1  -1  13  -1 161  -1  -1 102  -1  -1  -1  -1   1 198 170  -1  -1  -1  -1 129  -1 
 29  -1 211  -1  76  -1  -1 263  -1  44  -1  -1  -1  -1  -1  -1 172 202  -1  -1  -1  -1  -1  -1 152  -1 
 30  19  19  19   4   4  -1  30   2   2  -1  -1  -1  17  17  -1  -1  -1  -1  -1  -1  -1  24  -1  -1  -1 
 31  -1  -1  -1  -1  -1  -1  -1  -1  -1  -1  31  31  31  -1  -1  -1  -1  -1  -1  -1  -1  -1  -1  -1  -1 
 32  -1  48  48  -1  -1  46  46  74  -1  -1  -1  -1  -1  -1  -1  -1  68  63  63  63  -1  -1  61  61  -1 
 33  -1  -1  -1  -1  -1  -1  -1  -1  -1  -1  -1  -1  -1  -1  -1  -1  -1  -1  -1  -1  75  75  75  -1  -1 
 34  -1  -1 105 105  -1  -1  -1  -1 112  -1  92  92 118  -1  -1  90  90 107 107 107  -1  -1  -1  -1  -1 
 35  -1  -1 119 119 119  -1  -1  -1  -1  -1  -1  -1  -1  -1  -1  -1  -1  -1  -1  -1  -1  -1  -1  -1  -1 
 36  -1 162  -1 134 134 149 149  -1  -1  -1 136 136 151 151 151  -1  -1 156  -1  -1  -1  -1  -1  -1  -1 
 37  -1  -1  -1  -1  -1 163 163 163  -1  -1  -1  -1  -1  -1  -1  -1  -1  -1  -1  -1  -1  -1  -1  -1  -1 
 38  -1  -1  -1 178 178 180 180 206 200  -1  -1  -1 195 195 195  -1  -1  -1  -1  -1  -1  -1 193 193  -1 
 39  -1  -1  -1  -1  -1  -1  -1  -1  -1  -1  -1  -1  -1  -1  -1  -1  -1  -1  -1  -1  -1  -1 207 207 207 
 40  -1  -1  -1 222 222 224 224  -1 250  -1  -1  -1  -1  -1  -1  -1 244 237 237  -1  -1  -1 239 239 239 
 41  -1  -1  -1  -1  -1  -1  -1  -1  -1  -1  -1  -1  -1  -1  -1  -1  -1 251 251 251  -1  -1  -1  -1  -1 
 42  -1  -1 294  -1  -1 283 283 283  -1  -1 266 266  -1  -1  -1 281 281  -1  -1  -1  -1 288 268 268  -1 
 43  -1  -1  -1  -1  -1  -1  -1  -1  -1  -1  -1  -1  -1  -1  -1 295 295 295  -1  -1  -1  -1  -1  -1  -1 
 44  -1 274 185  -1  54  -1  11  -1  99 309  -1  -1  -1 272  -1 230 140  -1  -1  -1  -1  -1  -1 225  -1 
 45  -1  -1  -1  93  -1  -1  -1  -1  -1  -1  -1  -1  -1  98  -1  -1  51  -1 183  -1  -1 285  -1  -1  -1 
 46  -1  -1  -1  -1  -1  -1  -1 137  -1  -1  -1   8  -1  -1  -1  -1  -1  -1  -1 308  -1  -1  -1  -1  -1 
 47  -1  97 143  -1  -1  -1  -1  -1  -1  -1  -1 182 311  10  -1  -1  -1  -1  -1  -1  -1 241  -1  52  -1 
 48  -1 138  -1  -1  -1  -1  -1  95  -1  -1  55 228  -1 229  -1  50 273  -1  -1  -1  -1  -1  -1  -1  -1 
 49  -1  -1  -1  -1  -1   7  -1  -1  -1  -1  -1  -1  -1  -1  -1  -1  -1  -1  -1  -1  -1  -1 142  -1  -1 
 50  -1 227 269  -1  -1  -1  -1  -1  -1  -1  -1  -1  -1  -1  -1   9 184  -1  -1  -1 197 153  96   6  -1 
 51  -1  -1  94  49  -1  -1  -1  65 186  -1  -1  -1  -1  -1  -1  -1 226  -1 270  -1 316 313  -1  -1  -1 
 52 310  -1  -1  -1  -1  -1  -1  -1  -1  -1  -1  53 109  -1  -1  -1  -1 315  -1  -1  -1  -1 231 187 312 
 53  -1 181   5 271  -1  -1 141 275 139  -1  -1  -1  -1  -1 314  -1  -1  -1  -1  -1  -1  -1  21  -1  -1 

r\t   0   1   2   3   4   5   6   7   8   9  10  11  12  13  14  15  16  17  18  19  20  21  22  23  24 
  0  -1 190  -1  -1  -1  -1  66  -1 209  -1  -1  -1  -1  -1  -1 106 205  -1  -1 131  -1  32  -1  -1  -1 
  1  -1  -1 101  -1  -1 223 232 104 104  -1  -1 246  -1  -1  -1  -1  12 234  -1  -1  -1  -1 179  -1  -1 
  2  -1  81  -1  -1  -1  -1  -1 145 216  -1  -1  69  23  -1  -1  82 253  -1 122  39  -1 210  -1 113  -1 
  3 265  -1 279  -1  -1  -1 254  -1  -1  -1  -1  -1  -1  -1  -1 242  -1 159  47  -1 215 291  -1 240  -1 
  4  -1  -1 203  89  -1  -1  -1 256  13  -1  -1 100  -1  -1  -1  -1 188  85 171  -1  -1  83 252  -1  -1 
  5  -1  -1  -1  -1  -1 176 121  14 146  -1  -1  -1  -1  -1  -1  -1  -1  -1  -1  -1  -1   3  -1  -1  -1 
  6  -1 307  -1  -1  -1  -1  -1  -1  -1  -1  -1  -1  62  -1  -1 306  57  -1 286  -1 128  -1  -1 255  -1 
  7  -1  -1  -1  -1  -1  -1  -1  70 290  -1  -1  -1  -1  -1  -1  -1  -1 191  -1  -1  -1  -1  -1  -1  -1 
  8  -1  -1 199 124  -1  -1 172  60  60  -1  -1  -1  -1  26  -1  -1  -1 299  -1  84  -1 161  -1  -1  -1 
  9 175  20 174  -1  -1  -1  -1  -1 260  -1  -1  -1  73  -1  -1  -1 158  -1 217  -1  -1  -1  -1  -1  -1 
 10  -1  -1  -1  -1  -1  -1 165 164  -1  -1  -1   1  -1 220  -1  -1  -1  -1  -1  -1  -1  71  -1  -1  -1 
 11  -1  29  -1 168  -1  -1 110 212  -1  -1  -1 166  -1 115  -1  -1  -1  -1  -1  -1  -1  59  -1  -1  -1 
 12  -1  -1  -1 177  -1  -1  -1  -1  -1  -1  -1  -1  -1  88  -1  -1  -1  -1  -1  -1  -1  -1  -1  -1  86 
 13  -1  64  -1  -1  -1  -1  -1  -1  -1  -1  -1  -1  -1 248  -1  -1  -1  78  87  -1  -1  91  -1 127  -1 
 14  -1 102  -1 133  -1  -1  80 192 192  -1  -1  -1  35 167  -1  -1  -1 284  -1 214  -1  18  -1  -1  -1 
 15  -1  -1  -1 233  -1  -1 198  -1  -1  -1  67 301 261 213  -1  -1 132  -1   0  -1  -1  -1  -1  -1  -1 
 16  -1 298  -1 196  -1  -1 201 277  36  -1  -1 218 208  -1  -1  -1 276  -1  25  -1  -1 221  -1  -1  -1 
 17  -1  -1  -1  -1  -1  -1  -1 173  27  45  -1  56  -1  -1  -1  -1  -1  -1  -1  -1  -1  -1  -1  -1 238 
 18  -1 147  -1 152  -1  -1 154  -1  -1  -1  -1  -1 292 204  -1 194  -1  -1  -1  -1  -1  -1  43  -1  -1 
 19  -1  -1 155  76  -1  -1  -1  -1 278  -1  -1  -1 114  -1 219  -1  -1 245  -1  -1  -1  -1  -1 129  -1 
 20  41  -1  -1 108  -1  -1  -1 258 123  -1  -1  -1  -1  -1  -1  -1  -1  -1  -1 287  -1  -1 293 280 280 
 21  -1  77  -1  -1 150  -1  -1 116  -1  -1  -1  -1  -1  -1  -1  -1  -1  -1  -1  -1  -1 305  -1  -1  -1 
 22  -1  -1  72 289  -1  40  -1 236 236  -1  -1 263 148 148  -1  -1 296  58 267  -1  -1 135  -1 297  -1 
 23  -1 202  -1  -1  -1  -1  -1  -1  -1  -1  -1 264 303  -1  -1  -1  -1  -1  -1  -1  -1  -1  16  16  -1 
 24  -1  -1  -1  -1  -1  -1  -1  -1  -1  -1  -1  -1  -1  -1  -1  -1  -1  -1  -1  -1 243  -1  -1 130  -1 
 25  -1 117  -1  -1  -1  -1  34  33 259  -1  -1  -1 125  15  -1  -1  -1  -1  -1 126  -1  -1  -1  28  -1 
 26  -1  -1  -1  -1  -1  -1 262  -1 249 170  -1  -1 247 103  -1  -1  -1  -1  -1  -1  -1  -1  -1 211  -1 
 27  -1  -1  -1  -1  -1  -1  -1  -1  -1  -1  -1  -1 157  79  -1  -1  -1  -1 302  -1 282 304  -1  -1  -1 
 28  -1  -1  42  -1  -1  -1  -1  -1  -1  -1  -1 144 111 169  -1  -1  -1  -1 257  -1  -1  -1  -1  -1  -1 
 29  -1  -1 160  -1  -1  -1  -1  -1  44  38  22  -1  -1 300  -1  -1 235  -1  -1  -1  -1  37 120 189  -1 
 30  -1  -1  17  17  -1  -1  -1   4   4  -1  -1  -1  -1   2   2  -1  30  19  19  19  -1  -1  24  -1  -1 
 31  -1  -1  31  31  31  -1  -1  -1  -1  -1  -1  -1  -1  -1  -1  -1  -1  -1  -1  -1  -1  -1  -1  -1  -1 
 32  46  46  63  63  63  -1  -1  -1  68  -1  -1  -1  -1  48  48  -1  74  -1  -1  -1  -1  -1  61  61  -1 
 33  -1  -1  -1  -1  -1  -1  -1  -1  -1  -1  -1  -1  -1  -1  -1  -1  -1  -1  -1  -1  -1  -1  75  75  75 
 34  92  92 112  -1  -1  -1  -1  -1  90  90  -1 118  -1  -1  -1  -1  -1 105 105  -1  -1  -1 107 107 107 
 35  -1  -1  -1  -1  -1  -1  -1  -1  -1  -1  -1  -1  -1  -1  -1  -1  -1 119 119 119  -1  -1  -1  -1  -1 
 36  -1 156  -1  -1  -1  -1 162  -1 136 136  -1  -1  -1 134 134  -1  -1 151 151 151  -1  -1  -1 149 149 
 37  -1  -1  -1  -1  -1  -1  -1  -1  -1  -1  -1  -1  -1  -1  -1  -1  -1  -1  -1  -1  -1  -1 163 163 163 
 38 180 180  -1  -1  -1  -1  -1  -1 178 178  -1 206 195 195 195  -1  -1  -1  -1  -1 193 193 200  -1  -1 
 39  -1  -1  -1  -1  -1  -1  -1  -1  -1  -1  -1  -1  -1  -1  -1  -1  -1 207 207 207  -1  -1  -1  -1  -1 
 40 237 237  -1 244  -1  -1  -1  -1 222 222  -1  -1 239 239 239  -1  -1  -1 250  -1  -1  -1 224 224  -1 
 41 251 251 251  -1  -1  -1  -1  -1  -1  -1  -1  -1  -1  -1  -1  -1  -1  -1  -1  -1  -1  -1  -1  -1  -1 
 42  -1  -1  -1 281 281  -1 294  -1 266 266  -1  -1 283 283 283  -1  -1  -1 288  -1  -1 268 268  -1  -1 
 43  -1  -1 295 295 295  -1  -1  -1  -1  -1  -1  -1  -1  -1  -1  -1  -1  -1  -1  -1  -1  -1  -1  -1  -1 
 44  -1  -1  -1  -1 312 271  -1 185  -1  -1  -1  -1  -1  -1  -1  -1  10  -1 142  -1 309  -1  -1  -1  -1 
 45  -1  -1  -1  -1  -1  -1  -1  49  -1  -1  -1  53  -1 183  -1  -1  -1  -1  -1  -1  -1  -1  -1  -1  -1 
 46  -1 139  -1 226  -1 138 285  -1  -1  -1  -1  -1  -1  -1  -1  -1  -1  54 227  -1  -1 153  -1  -1  -1 
 47  -1  -1  -1  -1  -1  55  -1 274  -1  -1  -1  -1  -1 270  97 311  -1  -1  65  -1  -1  -1  -1  50  -1 
 48  -1  -1  -1  -1  -1  -1  -1  -1  -1  -1  -1  -1  -1  -1  -1  -1  -1  -1  -1  -1  -1  -1   7 141 316 
 49  11  -1  -1  -1  -1  -1  -1  -1  -1   9  -1  93  -1  -1  -1  -1  51  -1  -1  -1  -1  52  -1   6  -1 
 50  -1  -1 313  -1  -1  -1  -1  94  -1  -1  -1  -1  -1  -1  -1  -1  96 230  -1  -1  -1  -1 197 186  -1 
 51 143 231  -1  -1  -1  99  21  -1  -1  -1 310 184  -1  -1  -1  -1 187  -1  -1 308  -1 109  98  -1  -1 
 52  -1   5  -1  -1 241   8 315 225  -1  -1  -1 140  -1  -1  -1  -1 228  -1  95  -1  -1  -1  -1  -1  -1 
 53  -1 269  -1  -1  -1  -1  -1 137  -1  -1  -1 229 314  -1  -1  -1 275 272 182  -1  -1 181  -1 273  -1 

r\t   0   1   2   3   4   5   6   7   8   9  10  11  12  13  14  15  16  17  18  19  20  21  22  23  24 
  0  -1  77 189  -1 217  22  34 130  -1  -1  -1  -1  -1  -1  -1  -1 188 196  -1  -1  -1 199 236 236  -1 
  1  -1  -1  -1  76  -1  -1  -1  20  -1  -1  -1  78  -1  12  -1  -1  40 303 108  -1  -1 150 208  -1  -1 
  2  -1 287  -1  -1  -1  -1  64  -1 205  -1  -1  -1  -1  -1  -1  -1  -1 220  -1  -1  -1 157  -1  -1  -1 
  3  -1  84 263  -1  -1  -1 191  -1 129  -1  -1  -1 198  -1 214  -1 204  -1 233  -1  -1 252  -1 132  -1 
  4  -1  -1  44  -1  -1  -1  -1  -1  -1  -1  -1  -1  -1 127  -1  -1  -1  -1  -1 260  -1  -1 135  -1  -1 
  5  -1 110  -1 113  -1  -1  -1  -1  -1  -1  -1  58  -1  -1  -1 302  -1 292  -1  37  -1  -1  -1  -1  -1 
  6  -1 298  -1  -1  -1  -1  -1  -1 170  -1  -1  -1 158  -1  -1  -1 168  -1  26  -1  -1  -1  -1  -1  -1 
  7 213 243  -1  -1  -1  -1  -1  88  15  -1  -1 123 121  -1  -1  -1 245 202  39  -1  -1  -1  38 267  -1 
  8 301  -1  -1  23  -1  -1  -1  -1  69  -1  -1 219  -1  -1  -1  -1  -1  -1  -1  -1  -1  -1  -1  -1  -1 
  9  -1 154 128 169  -1  -1  -1  85  -1  -1  -1  -1  -1 277  -1  -1 296  -1  -1  -1  -1  -1  59  -1  -1 
 10 238  -1  -1 194  -1  -1  -1 257  -1  -1  -1 174  -1 300  -1  -1  -1  -1  -1  -1  56  -1  -1  -1  -1 
 11  -1  -1  -1  -1  -1  -1  -1  -1  27  -1  -1  -1  -1  -1  -1  -1  -1  -1  -1  91  -1  -1  -1  -1  -1 
 12  -1  -1  -1  32  -1  -1 247  -1 265  -1  -1  -1  -1  -1  -1  -1  -1  -1   0  -1  -1 126  -1  -1  -1 
 13  -1 165  -1 179  -1  -1  -1 297  -1  -1  -1 278 209 100  -1  -1  47 235  -1  -1  -1  73  -1  -1  86 
 14  -1  -1  -1  -1 307  -1  -1  33  -1  -1 175  -1 240  -1  -1  -1  -1 284  -1  -1  -1 232  -1  -1  -1 
 15  -1 210  -1  -1  -1  -1  -1  -1  -1  -1  -1 255  -1  -1  -1  -1 124  79  89  -1  -1  62  -1 290  -1 
 16  -1  -1 242  -1  -1  -1  80  -1  -1  -1  -1  -1  -1  -1  -1  -1  -1  -1  -1  45 172  -1 167 125  -1 
 17  -1  66  -1  -1  -1  -1  -1  -1  -1  -1  -1  -1  -1  -1  -1  -1 101  -1 299  -1 131 122  -1  -1  -1 
 18  -1  -1  -1  -1  -1  -1 161  -1 117  -1  -1 212  -1  -1  -1  -1  -1 115  -1  -1  -1  -1  -1  -1  -1 
 19 155  -1  71   3  -1  -1  13  -1 253  -1  -1  -1  -1  -1  -1  -1 279  42 114  -1  -1  -1  -1  -1  -1 
 20  -1  -1 211 289  -1  -1  -1 104 104  -1  -1  -1  -1  -1  -1  -1  -1  -1  -1  -1  -1  -1  -1 145  -1 
 21  -1  -1  -1 246 176  -1 291 248  -1  -1  -1  29 293 116   1  -1  67  -1 254  -1  -1  -1  -1  -1  -1 
 22  -1  -1  60  60  -1  -1  -1  -1  -1  -1  -1  14 111  -1  -1  -1  -1 264  -1  -1  -1  -1 280 280  -1 
 23  -1  -1  -1 160  -1  -1  -1  -1  -1 259  -1  -1  18  -1  -1  -1 152  -1  -1  -1  -1  -1  -1 203  -1 
 24  -1 120 256 173  -1 215  -1  -1  -1  -1  -1  -1  35  -1 218  -1 133 177 190 261  83  82  -1  -1 106 
 25  16  16 223  -1  -1  -1  -1  -1  -1  -1  -1  -1  -1  -1  87  -1  -1  -1  -1  -1  -1  -1  -1 258  -1 
 26  -1  -1  25  43  -1  -1 171  -1  36  -1  -1 159  -1  57  -1  41  -1 102  72  -1  -1  -1  -1  -1  -1 
 27  -1  -1  -1 221  -1  -1 306  -1  -1  -1 192 192  -1 164  -1  -1 234 166 276  -1  -1  28  -1  -1  -1 
 28  -1 249 147  -1  -1  -1  -1  70  -1  -1  -1 103 216 201 262  -1  -1 148 148 304 286  -1 146  81  -1 
 29  -1  -1  -1  -1  -1  -1 144  -1  -1  -1  -1  -1 282  -1  -1  -1  -1 305  -1  -1  -1  -1  -1  -1  -1 
 30  -1  24  -1  -1  -1  -1   4   4  -1  -1   2   2  -1  -1  -1  -1  30  19  19  19  -1  -1  17  17  -1 
 31  -1  -1  -1  -1  -1  -1  -1  -1  -1  -1  -1  -1  -1  -1  -1  -1  -1  -1  -1  -1  -1  -1  31  31  31 
 32  -1  -1  -1  46  46  -1  -1  63  63  63  48  48  -1  74  -1  -1  68  61  61  -1  -1  -1  -1  -1  -1 
 33  -1  -1  -1  -1  -1  -1  -1  -1  -1  -1  -1  -1  -1  -1  -1  -1  -1  -1  -1  -1  -1  -1  75  75  75 
 34  -1  -1 107 107 107  -1 118 112  -1  -1  90  90  -1  92  92  -1  -1  -1  -1  -1  -1  -1 105 105  -1 
 35  -1  -1  -1  -1  -1  -1  -1  -1  -1  -1  -1  -1  -1  -1  -1  -1  -1  -1  -1  -1 119 119 119  -1  -1 
 36  -1  -1 162 134 134  -1  -1 149 149  -1 136 136 151 151 151  -1  -1  -1  -1  -1  -1  -1  -1 156  -1 
 37  -1  -1  -1  -1  -1  -1  -1 163 163 163  -1  -1  -1  -1  -1  -1  -1  -1  -1  -1  -1  -1  -1  -1  -1 
 38  -1  -1  -1 200  -1  -1  -1 193 193  -1 178 178  -1  -1  -1  -1  -1  -1 180 180  -1 206 195 195 195 
 39  -1  -1  -1  -1  -1 207 207 207  -1  -1  -1  -1  -1  -1  -1  -1  -1  -1  -1  -1  -1  -1  -1  -1  -1 
 40  -1  -1  -1  -1  -1  -1  -1 239 239 239 224 224  -1 237 237  -1  -1  -1 222 222  -1  -1 244 250  -1 
 41  -1  -1  -1  -1  -1  -1  -1  -1  -1  -1  -1  -1 251 251 251  -1  -1  -1  -1  -1  -1  -1  -1  -1  -1 
 42  -1  -1  -1 281 281 283 283 283  -1  -1 268 268  -1  -1  -1  -1  -1  -1 266 266  -1 288 294  -1  -1 
 43  -1  -1 295 295 295  -1  -1  -1  -1  -1  -1  -1  -1  -1  -1  -1  -1  -1  -1  -1  -1  -1  -1  -1  -1 
 44  -1  -1  -1  -1 225 241  51  -1 182  -1  -1  -1  -1 274  -1  -1  -1  -1  -1  -1  -1 308  -1 228  -1 
 45 312  -1  -1  -1  -1  -1  -1  -1  -1  -1  -1  -1  -1 140  -1  -1 273  49  -1  -1  -1  -1  -1  -1  -1 
 46  -1 197 269 270  -1  -1 141  -1  52  -1  -1  -1  -1  -1  -1  -1  -1  -1  -1  -1 310 285 272  -1 316 
 47  -1  -1  -1  -1  -1  -1  -1  -1   8  -1  -1  -1  65  11 185  -1 186  -1  -1  -1  -1  -1  -1  93  -1 
 48  -1  -1 139  -1  -1  -1  -1 226  97 311  -1  -1  -1  -1  -1  -1  -1  -1  55  -1  -1  21 183  -1  -1 
 49  -1  -1   7  -1  -1 309  -1  -1  -1  -1  -1  -1  -1  -1  54  -1  -1 138 137  -1  -1  -1   6   5  -1 
 50  -1  -1  -1  -1  -1  -1 275  -1 142  -1  -1  -1 315 231  -1 314  95  99  -1 143  -1  -1  -1  -1  -1 
 51 109  -1  -1  94  -1 153 230  -1  -1  -1  -1  -1  -1  -1  -1  -1 229  -1  -1  -1  -1  -1  -1  -1  -1 
 52  -1 313 187  -1  -1  -1  -1  -1  -1  -1  -1  -1  -1 181  -1  -1  10  -1  -1  -1  -1  -1  -1  53  -1 
 53  -1  -1  96  -1   9  -1  98  -1  -1  -1  -1  -1  -1  50 271  -1  -1  -1  -1  -1  -1  -1 227 184  -1 

r\t   0   1   2   3   4   5   6   7   8   9  10  11  12  13  14  15  16  17  18  19  20  21  22  23  24 
  0  -1  -1  -1  -1  -1  -1  -1 279 284  -1  -1  -1 147  -1  -1  -1  -1  -1  66  -1  86 210  -1  -1 238 
  1  -1 103  -1  -1 173  -1  -1  62 204  -1  -1  -1  -1  -1  -1  -1  -1 305  35  -1  -1 120  -1  -1  -1 
  2  -1  -1 304 111  43  -1  13 122  -1  -1  -1  -1 248  -1  -1  -1 102   3 159  -1 286 157 211 280 280 
  3  -1  -1  -1  -1  -1  87  -1 302 126  -1  -1 247  -1  -1  -1  -1  -1  91  -1  -1  -1  12  -1  -1  -1 
  4 243 264  -1  -1  -1 221  -1  -1  -1  -1  -1  -1  -1  -1  -1 303 277  -1  -1  -1  -1 189 306  -1  -1 
  5 128  -1  -1  -1  -1  -1  32  -1  -1  -1  -1  -1 129 202  -1  -1  -1  -1  -1  -1  -1  -1 145  -1  -1 
  6  -1  -1 192 192  -1  -1  -1  -1  -1  -1  -1  -1  -1  -1  -1  -1  -1  -1  -1  -1  -1  72  -1  -1  -1 
  7  -1  -1  -1  -1  -1  -1 101  16  16  -1  -1  -1 282  -1  -1 260  -1  -1 249  -1  40  -1 176  79  -1 
  8  -1 144  -1 257 171  -1 146  -1 246  -1 169 123  -1  -1  -1  -1 256 115  -1  -1  -1  -1 216  88  -1 
  9 219 255  -1  -1 198  -1  -1 201  -1  -1  -1  -1  -1   1  -1  -1  -1 196 114  -1  -1  -1  -1 113  -1 
 10  -1  -1 117  -1  -1  -1 232 133  -1  -1  -1  -1  -1  -1  -1  -1  -1  58  89  -1  -1 267  60  60  -1 
 11  -1  -1  37  76  -1  -1  -1  -1 190  -1  -1  -1 110 292  -1  -1  38 297 259  18 174  -1  -1  -1 155 
 12  -1  -1  -1  -1  -1  -1 212  69  -1  -1  -1 265  83  -1  -1  -1 293  -1  14  -1  -1  -1  -1  -1  -1 
 13  -1  -1 160  -1  -1  -1  -1  -1  80  -1  -1  -1  -1 235  22  -1 188 148 148  -1  -1  59  -1  -1 307 
 14  -1  -1 100  -1  -1  -1  -1 152  -1  -1  -1 135  23  -1  -1  -1  -1  84  -1  -1  -1  -1  -1  -1  -1 
 15  -1  -1  -1  -1  -1  -1  -1  -1  -1  -1  -1  -1  -1 116  -1  -1 205  -1 291  -1  -1 220  -1  -1 172 
 16  -1  -1 301  -1  -1  -1 276  -1 289  -1  -1 300  -1  -1  -1  -1  -1  -1  -1  -1  -1 262  26  -1  -1 
 17  -1  -1  -1  -1  -1  -1 215 213  45  -1 177  -1  -1  -1  -1  -1  34 164 191  -1  -1  -1  -1  -1  -1 
 18  -1  71  -1  -1  -1  -1 168 236 236  -1  -1 234 242 127  -1  -1  -1  -1  -1  -1  -1 287 245  -1  -1 
 19  85  20  -1  -1  -1  -1 298  -1  -1  -1  -1  -1 121  -1 125  -1  -1  -1  -1  -1 150  39  -1 208  -1 
 20  -1 124  -1  -1  -1  -1  -1  -1  -1  -1  -1  64  -1  -1  -1  -1  -1  29  -1  -1  -1  -1  81  -1  -1 
 21  -1 130  -1  -1  -1  -1  -1  -1  -1 199 104 104  -1  -1  -1  -1  -1  -1  -1  -1 106 254  -1  -1 258 
 22  -1  28  -1  -1  -1  -1  -1  -1  -1  -1  -1  -1  -1  -1  -1  -1 166 214  47  -1  -1 296  -1   0  -1 
 23  -1  -1  -1 290  41  -1  70  -1  -1  -1  -1 161  -1  -1  -1  -1  -1 252 223  -1 175  -1  -1 253  -1 
 24  -1  -1  77  -1  -1  -1  -1  -1  -1  -1  -1  27  33  -1  -1  -1  -1  -1  -1  -1  -1  -1  -1  -1  -1 
 25  -1  -1  -1  -1  -1  -1 194  -1  -1  -1  -1 154  -1  -1 261  -1  78  -1 108  -1  -1  -1  82  44  -1 
 26  -1  57  -1  -1  -1  -1  -1  -1  -1  -1  -1  -1  36  -1  -1  -1  -1  -1  -1  -1  -1  -1 170 233  -1 
 27  -1  -1 209  -1  -1  -1  -1 158  -1  -1  -1  73  -1  -1  -1  42  56  -1  -1  -1  -1  -1  -1  -1  -1 
 28  67  -1  -1 165 263  -1  -1  25  -1  -1  -1  -1 203 278  -1  -1  -1 217  -1  -1  -1  -1  -1 132  -1 
 29  -1  -1  -1  -1  -1  -1 179  -1 218  -1  -1  15 131  -1  -1  -1  -1  -1  -1  -1  -1 240 167 299  -1 
 30  -1  -1  17  17  -1   4   4  -1  24  -1  -1  -1  -1  -1  -1   2   2  -1  -1  -1  -1  30  19  19  19 
 31  -1  -1  31  31  31  -1  -1  -1  -1  -1  -1  -1  -1  -1  -1  -1  -1  -1  -1  -1  -1  -1  -1  -1  -1 
 32  -1  -1  63  63  63  48  48  -1  -1  -1  -1  -1  61  61  -1  46  46  74  -1  -1  -1  -1  -1  68  -1 
 33  -1  -1  -1  -1  -1  -1  -1  -1  -1  -1  -1  -1  75  75  75  -1  -1  -1  -1  -1  -1  -1  -1  -1  -1 
 34  -1  -1  -1 112  -1  92  92  -1 105 105  90  90  -1  -1  -1  -1 118  -1  -1  -1  -1  -1 107 107 107 
 35  -1  -1  -1  -1  -1  -1  -1 119 119 119  -1  -1  -1  -1  -1  -1  -1  -1  -1  -1  -1  -1  -1  -1  -1 
 36  -1 162 151 151 151 136 136  -1  -1  -1  -1  -1  -1  -1  -1 149 149 134 134  -1  -1  -1  -1 156  -1 
 37  -1  -1  -1  -1  -1  -1  -1  -1  -1  -1  -1  -1 163 163 163  -1  -1  -1  -1  -1  -1  -1  -1  -1  -1 
 38  -1 206  -1 200  -1  -1  -1 180 180  -1  -1  -1 195 195 195 178 178  -1  -1  -1  -1  -1 193 193  -1 
 39  -1  -1  -1  -1  -1  -1  -1  -1  -1  -1  -1  -1  -1  -1  -1  -1  -1 207 207 207  -1  -1  -1  -1  -1 
 40  -1  -1 237 237  -1  -1 250 224 224  -1  -1  -1  -1 244  -1 239 239 239  -1  -1  -1  -1 222 222  -1 
 41  -1  -1 251 251 251  -1  -1  -1  -1  -1  -1  -1  -1  -1  -1  -1  -1  -1  -1  -1  -1  -1  -1  -1  -1 
 42  -1 294 283 283 283 266 266  -1  -1  -1  -1  -1  -1  -1  -1 268 268  -1 281 281  -1  -1 288  -1  -1 
 43  -1  -1  -1  -1  -1  -1  -1 295 295 295  -1  -1  -1  -1  -1  -1  -1  -1  -1  -1  -1  -1  -1  -1  -1 
 44  -1  10  -1  -1  -1  -1  -1  -1  -1  -1  -1  -1  -1  -1  -1 138 137  21  -1  -1 309   7 139  -1  -1 
 45  -1  53  -1  -1  -1  -1  -1  -1 140  -1  -1 187  -1 269  -1  -1  -1 226  -1  -1  -1 141  55  -1 310 
 46  -1  -1 272  -1 314  -1  -1  -1  94  65  -1  -1  -1  -1 285  -1  -1  51  -1  -1  -1 186  -1  -1  -1 
 47  -1 181  -1  -1  -1  -1  -1  -1  -1  -1   8  52  -1  -1  -1  -1  -1 182  11  -1  -1  -1  -1  -1  -1 
 48  -1 228  49  -1  -1  -1  -1  -1  -1  -1 143  -1  -1  -1  -1  -1  97  -1  -1 311  -1  50  -1  -1  -1 
 49  -1  -1  -1  -1  -1  -1 229  -1  -1 153  -1  -1  -1  95  -1  -1  -1  -1  -1  -1  -1  -1  -1  -1 197 
 50  -1 142  93  -1  -1  -1  -1  -1  -1  -1 271 231  -1  -1 312  -1  -1 109 274  -1  -1  -1  -1 270  -1 
 51  -1  -1  -1  -1  -1  -1  -1  -1   9  -1  -1  -1 313  -1  -1  -1 230  -1  -1  -1  -1  -1  -1  -1  -1 
 52 316  -1  -1 308  -1 185  -1  -1  -1 315 225   6  -1  -1  -1  -1  -1  -1 241  -1  -1  96  -1 184  -1 
 53  -1  98 183  -1  -1  -1  -1   5  -1  -1  54  -1  -1 227  -1  99  -1 273  -1  -1  -1  -1 275  -1  -1 

r\t   0   1   2   3   4   5   6   7   8   9  10  11  12  13  14  15  16  17  18  19  20  21  22  23  24 
  0  -1  -1 218  -1  -1 213 167  -1 307  -1  -1 165  -1  -1  -1  -1  -1 158  32  -1  -1  20 114  -1  -1 
  1  -1  -1 124  -1  -1  -1  -1  -1  -1  -1  -1  -1  -1  -1  -1  -1  -1  -1  -1  -1  -1 100 146 210  -1 
  2  -1  -1  -1 249  -1  -1  -1  -1 247  -1  -1 174  -1  -1  -1  -1  -1  -1  -1 220  -1  -1  -1 216  -1 
  3  -1  -1  -1  45 131  -1  -1  -1 276  -1  -1 304  -1  -1  -1  -1  -1  -1  -1  -1  -1  77  -1  -1  -1 
  4  -1  33  18  -1  -1 258 284 286  -1  -1  -1 171 282  -1  -1  -1 253  -1 232  -1  -1  -1 236 236  -1 
  5  -1  -1  -1 301  -1  -1 145  -1 157  -1  -1  66  -1  -1  -1  -1 298  23  62  -1  -1 133  16  16  -1 
  6  -1  -1  -1  -1  -1  -1 130  -1  -1  -1  -1  25  -1  -1  -1 306  -1  -1  15  -1  -1  -1 208  -1  -1 
  7  -1 161  -1  86  -1  -1 123  -1  -1 172  -1  -1  -1  -1  -1  -1  83  -1  -1  -1  -1  -1  60  60  -1 
  8  -1 257  -1  -1  -1 287  69  -1  -1  -1  -1 111  -1  -1  -1  -1  -1  -1  -1  -1  -1  -1  -1 115  -1 
  9  -1 305 126 108  -1  -1  -1  -1 188  -1  -1  82  -1  -1  -1  -1 113  -1 289  -1  -1 221  -1  -1  -1 
 10  -1  -1  -1  -1  -1 106  -1  -1  -1  -1  -1  -1  -1  79  -1  -1  -1  -1  -1  -1  -1  -1 280 280  -1 
 11  -1 233  -1  -1 260  -1 190  -1  76  -1  -1  -1  -1  -1  -1  -1  -1  -1 159  -1  -1 296 192 192  -1 
 12  -1 256 291  -1  -1  -1  -1  -1 121 169  -1  -1  -1  -1  -1  -1  -1  -1  -1  -1  -1  -1  -1  -1  -1 
 13  -1  57  -1  -1  -1  -1  -1 116 132  -1  -1 199  -1  -1  -1  -1  -1  27 214  -1  -1  -1 292  -1  -1 
 14  -1  -1  -1  14  -1  -1  -1  -1  -1  -1  -1  -1 148 148  -1  -1 164  -1  89  -1  -1 198  -1  -1  -1 
 15  -1  -1  59 202  -1  -1  -1  -1  64  -1 263 243  -1  -1  -1  -1  -1 279  -1  -1  -1 217 104 104  -1 
 16  -1 203  -1 127  -1  -1  -1  -1  29  -1  -1  -1 122  58  -1  -1  -1  -1  -1  -1  -1  -1  -1  -1  -1 
 17  -1 191  34  -1  -1  -1  -1  -1  -1  -1  -1 204  -1  -1  -1  -1  -1  -1 219  -1  -1 179  -1 211  -1 
 18  -1  78  -1  -1  -1 261  -1 155  -1  -1  -1  -1  -1  -1 302  -1  -1  -1  -1  -1  -1  26 176  -1  -1 
 19  -1  -1   3 117  -1 170  -1  -1  -1 150  -1  -1  56  44  -1 262  -1  -1  47  43  -1  -1  85 166  -1 
 20  -1  -1 252  -1  -1  -1  -1  -1  -1  -1  -1 290  80   0  -1  -1  -1  87  -1  -1  -1  -1  -1  -1  -1 
 21  -1  13 147  37  -1  -1  -1 300  -1  -1  -1  -1  -1 303  -1  -1  -1  -1  -1  -1  -1 128  71 264  -1 
 22  -1  -1 101 234  40  -1 209  -1  -1  -1  -1  -1  -1  -1  -1  -1 103  -1  -1  81  84 246  -1  -1   1 
 23  -1 144  -1  -1  -1  -1  -1  -1 293  -1  -1  -1 160  12  -1  -1 205 245  -1  -1  -1 277  -1  72  -1 
 24  -1 102  -1  -1  -1  -1  -1  -1  88  22  -1  70  -1 201  -1  -1  -1  -1  -1  -1  67  -1  -1  -1  -1 
 25  -1  -1  -1 177  -1  38  91  -1 223  -1  -1 255 267  -1  -1  -1  -1  -1  73  -1  -1  -1 254  -1  -1 
 26  -1  -1 189  -1  42  -1  -1 194  -1  -1  -1 154  -1  -1  -1  -1  -1  -1  -1  -1  -1 168  -1 299  -1 
 27  -1 297  -1  35  -1  -1 265  -1  -1  -1  -1  -1  -1  -1  -1  -1  36 196  -1  -1  -1 240  -1  28  -1 
 28  -1  -1  -1 129  -1  -1 175  -1 242  -1  -1 215 212 278  -1 173  -1 120  -1  -1 125  -1  -1  -1  -1 
 29  -1 259 235  39  41  -1 248 238  -1  -1  -1  -1  -1  -1  -1  -1  -1 110  -1  -1  -1 152  -1 135  -1 
 30   2   2  -1  -1  -1  -1  -1  17  17  -1  19  19  19  30  -1  -1  -1  -1   4   4  -1  -1  24  -1  -1 
 31  -1  -1  -1  -1  -1  31  31  31  -1  -1  -1  -1  -1  -1  -1  -1  -1  -1  -1  -1  -1  -1  -1  -1  -1 
 32  48  48  74  -1  -1  63  63  63  -1  -1  -1  -1  -1  68  -1  61  61  -1  -1  -1  -1  -1  -1  46  46 
 33  -1  -1  -1  -1  -1  -1  -1  -1  -1  -1  -1  -1  -1  -1  -1  75  75  75  -1  -1  -1  -1  -1  -1  -1 
 34  -1 112  92  92  -1  -1  -1 107 107 107  -1  -1 105 105  -1  -1  -1  -1  -1  -1  -1 118  90  90  -1 
 35  -1  -1  -1  -1  -1  -1  -1  -1  -1  -1  -1  -1 119 119 119  -1  -1  -1  -1  -1  -1  -1  -1  -1  -1 
 36  -1  -1  -1 149 149  -1  -1 156  -1  -1  -1 162 134 134  -1 151 151 151 136 136  -1  -1  -1  -1  -1 
 37  -1  -1 163 163 163  -1  -1  -1  -1  -1  -1  -1  -1  -1  -1  -1  -1  -1  -1  -1  -1  -1  -1  -1  -1 
 38 180 180  -1  -1  -1  -1  -1 206 200  -1  -1  -1 195 195 195  -1  -1  -1 193 193  -1  -1  -1 178 178 
 39  -1  -1  -1  -1  -1  -1  -1  -1  -1  -1  -1  -1  -1  -1  -1  -1  -1 207 207 207  -1  -1  -1  -1  -1 
 40  -1  -1 222 222  -1  -1  -1 244  -1  -1  -1  -1 237 237  -1 239 239 239 250  -1  -1  -1 224 224  -1 
 41  -1  -1  -1  -1  -1  -1  -1  -1  -1  -1  -1  -1 251 251 251  -1  -1  -1  -1  -1  -1  -1  -1  -1  -1 
 42 266 266 283 283 283  -1  -1  -1  -1  -1  -1  -1 294 288  -1 268 268  -1 281 281  -1  -1  -1  -1  -1 
 43  -1  -1  -1  -1  -1  -1  -1  -1  -1  -1  -1  -1  -1  -1  -1  -1  -1 295 295 295  -1  -1  -1  -1  -1 
 44  -1  -1 185  -1  -1  -1  -1  -1  -1  -1  -1  -1  -1 272 316  -1  51  -1 270  -1  -1  -1  -1 153 143 
 45  -1 227  -1 137  -1  -1  -1  -1  -1 309  -1  -1  -1  -1  -1   9  -1  -1  -1  -1  -1  93  -1  -1  -1 
 46  -1  -1  -1  -1  65 310 141  -1 186  -1  -1  -1  53  -1  -1  -1  21  -1  -1  -1  -1  49  -1  -1 271 
 47  -1  -1 274  -1  -1  -1 109  -1 273  -1  -1 313  -1  -1  -1  -1 142  -1  -1  55  -1   7  54  -1  -1 
 48  98  -1  -1  -1 197  -1 182 311   5  -1  -1 285  -1  -1  -1  -1 184  -1  -1  -1  -1  -1   8  -1  -1 
 49 225  -1  -1  -1  -1  -1  10  -1  52  -1  -1  -1  -1  -1  -1  -1  94  -1  -1  -1  -1 275 140  -1  -1 
 50  -1  -1  50  -1  -1  -1 230  -1  -1 241 308  -1 183 181  -1  -1  -1  -1 229  -1  -1  -1 269  -1  -1 
 51  -1  -1  -1  -1  -1  -1  -1  -1  -1  -1  -1  -1  -1 226  -1 187  -1  -1  -1  97 314  -1  -1  -1 228 
 52  -1 139  -1   6  -1  -1  -1  -1  -1  -1  -1  -1  -1  -1  -1  99 231 312  -1  -1  -1  -1  -1  11  -1 
 53 138  96  -1  -1 315  -1  -1  -1  -1  -1  -1  -1  -1  -1  -1  -1  -1  -1  -1  -1  -1  -1  -1  -1  95 

r\t   0   1   2   3   4   5   6   7   8   9  10  11  12  13  14  15  16  17  18  19  20  21  22  23  24 
  0  -1  -1  -1 292  -1  -1 101  -1  -1  -1  -1  -1 304 291  -1  -1  -1  -1  -1  -1  -1  -1  -1 264  -1 
  1  -1  -1  -1  -1  -1  67  -1 261  47  -1  -1  -1 248  -1  -1  -1  41  -1  -1  -1  -1  -1 145  -1  -1 
  2 263 216  -1  -1  -1  -1 121  77 123  -1  -1  -1 293 260  -1  -1  -1  -1  -1  -1  -1  -1  -1  -1  -1 
  3 217 296  -1  -1  -1  -1  -1  -1  -1  -1  85 170  -1  -1 175  -1  -1  -1  -1  -1  -1 202 290 243  -1 
  4  -1  32 135  80  -1  -1  -1 215  -1 199  -1  -1  -1  -1  -1 282  -1  -1  -1  -1  -1  -1 277  79  -1 
  5  -1 278 259  -1  -1  -1  88  -1  84 218  -1  -1  -1  -1  -1  -1 147  -1  -1  -1  -1 168 130  -1  -1 
  6  -1  -1  -1  -1 132  -1  -1  -1 235  -1 125  -1  -1  -1  -1  -1  -1 306  29  -1  -1 188  -1 279  -1 
  7  -1  -1  60  60  -1  -1  -1  -1  -1  -1  -1 297 124  -1  -1  -1  35  -1  40  -1  -1  -1  -1  -1  -1 
  8  -1  -1 299  -1  -1  -1  -1 160 165 286  -1  -1 169  -1  -1  -1  39 191  -1  -1  -1  58  -1 131  -1 
  9  -1  -1  -1  25  -1  -1  -1  -1  -1  -1  -1  -1 192 192  -1  -1  -1  -1 257  -1  -1  -1  -1  -1  -1 
 10  -1  -1 276  -1  -1  -1  -1  -1 194  -1  -1  -1 100  -1  -1  -1  -1 152  -1  -1  -1 300 158  57  -1 
 11  -1 209 240  -1  -1  -1  -1  -1  -1  -1 173  -1 148 148  -1  -1  -1  -1  -1  -1  -1  -1  -1 255  -1 
 12  -1 115 212  -1  -1  -1  -1 211  -1  86  -1  -1 301  -1  -1 104 104  -1  -1  -1  -1 252  -1  -1  -1 
 13  -1  -1 249 284 106  -1  -1 210  78  -1  -1  -1  -1 117  -1  -1   0  -1  -1  -1  -1  -1  -1 103  -1 
 14  -1  -1  -1  -1  -1 128  -1 189 179  -1  -1  -1 204  -1 303  -1  -1  -1 161  -1  -1  -1  -1  33  -1 
 15  -1  -1 154 167  -1  -1  -1  -1  -1  -1  -1  -1  -1 166  -1  -1  -1  -1 129  -1  -1 133  -1 223  -1 
 16 220  -1  70  -1  -1  -1  -1  -1  62  -1  -1 242  -1  -1 219  -1  -1  -1  -1  -1  -1  -1  -1 127  -1 
 17  -1  66  -1  89  -1 238  43  42 258  -1  -1 198  -1  72  -1  -1 205  -1  -1  -1  -1  -1  -1  82  -1 
 18  -1  -1  -1 144  -1 302  22  -1  -1  -1  -1  -1  -1  -1  -1  -1  12 245  -1  -1  -1  27  -1 190  -1 
 19  -1  -1  -1  13  -1  -1  -1  26  -1  -1  -1 110 236 236 172  -1 253  -1  -1  -1  -1 267  -1 262  -1 
 20  -1 108 102 201  -1  -1  -1  71  -1  -1  -1  -1  -1 208  -1  -1  -1  -1  -1  -1  -1  -1  59 146  -1 
 21  45 246  -1 232  -1  -1  -1  -1  -1  -1  -1  -1  -1  -1  -1  -1  -1  -1  -1 305  -1  -1  23 203  -1 
 22  -1 155  -1  -1  -1  -1 307 116 126  -1  -1  -1  -1 111  -1  -1  -1  -1 150  -1  -1  -1  -1  -1 221 
 23 265  -1  18 254  -1  -1 233  -1  -1  -1  -1 287  -1  -1  -1 213  -1  -1  -1  -1  -1  -1  -1  -1  -1 
 24  -1  -1  -1  -1  -1  -1   3 280 280  -1  -1 159  -1  -1  -1  -1  -1  -1  -1  -1  -1  -1 196 120  -1 
 25  -1  -1  -1  38  -1  -1  56 289  -1  -1  -1  -1 164  -1  -1  -1  -1  64  -1  -1  16  16 177  36   1 
 26  -1  -1 157 114  -1  -1 174  -1  34  -1  -1  -1  -1  -1  -1  -1  -1  -1  -1  -1  -1  -1  -1  -1  -1 
 27  -1  -1  -1  -1  -1  -1  -1  20  15  -1  -1  28  76  -1  -1  -1 122  -1  -1  -1  -1  -1 113  81  -1 
 28 176 234  -1  -1  -1  -1 256  -1 171  -1  -1  -1  -1 247  37  -1  -1  -1  -1  -1  -1  69  73  -1  -1 
 29  -1  14  -1  -1  -1  -1  -1  -1 298  -1  -1  -1  44  91  -1 214  87  -1  -1  -1  -1  -1  -1  -1  83 
 30  -1  -1  24   4   4  -1  30   2   2  -1  -1  -1  17  17  -1  -1  -1  19  19  19  -1  -1  -1  -1  -1 
 31  -1  -1  -1  -1  -1  -1  -1  -1  -1  -1  -1  -1  31  31  31  -1  -1  -1  -1  -1  -1  -1  -1  -1  -1 
 32  -1  68  -1  48  48  -1  -1  -1  -1  -1  -1  -1  63  63  63  -1  74  -1  61  61  -1  -1  -1  46  46 
 33  -1  -1  -1  -1  -1  -1  -1  -1  -1  -1  -1  -1  -1  -1  -1  -1  -1  75  75  75  -1  -1  -1  -1  -1 
 34  92  92 118  -1  -1  -1  -1  -1 105 105  -1 112  -1  -1  -1  -1  -1  -1  -1  -1 107 107 107  90  90 
 35  -1  -1  -1  -1  -1  -1  -1  -1  -1  -1  -1  -1  -1  -1  -1  -1  -1 119 119 119  -1  -1  -1  -1  -1 
 36  -1 156  -1  -1  -1 151 151 151 162  -1 149 149 136 136  -1  -1  -1  -1  -1  -1  -1  -1  -1 134 134 
 37  -1  -1  -1  -1  -1  -1  -1  -1  -1  -1  -1  -1  -1  -1  -1 163 163 163  -1  -1  -1  -1  -1  -1  -1 
 38  -1  -1 195 195 195  -1 200  -1  -1  -1  -1 206 180 180  -1  -1  -1  -1 193 193  -1  -1  -1 178 178 
 39  -1  -1  -1  -1  -1  -1  -1  -1  -1  -1  -1  -1  -1  -1  -1  -1  -1 207 207 207  -1  -1  -1  -1  -1 
 40  -1  -1  -1 222 222  -1  -1  -1  -1  -1  -1 244 224 224  -1 239 239 239 250  -1 237 237  -1  -1  -1 
 41  -1  -1  -1  -1  -1  -1  -1 251 251 251  -1  -1  -1  -1  -1  -1  -1  -1  -1  -1  -1  -1  -1  -1  -1 
 42  -1  -1  -1 266 266  -1 288 268 268  -1  -1  -1 283 283 283  -1 294  -1 281 281  -1  -1  -1  -1  -1 
 43  -1  -1  -1  -1  -1  -1  -1  -1  -1  -1  -1  -1  -1  -1  -1  -1  -1 295 295 295  -1  -1  -1  -1  -1 
 44  -1  -1  -1  -1  -1  -1 273 186  98  -1  -1  21  -1   7  -1 197  -1  11  -1  -1  -1  99 228  -1  -1 
 45  -1  -1  -1 184  -1  -1  -1  -1  -1  -1  -1  -1  96  -1  -1  -1  93  -1  -1  -1 311 229  -1  -1  -1 
 46  -1 271  50  -1  -1  -1 226  -1 230 309  -1  65  -1  -1  -1  -1  -1 183  -1 314  -1 185 140  -1  -1 
 47 138 225  94  -1  -1  -1 182  49  -1  -1 312  -1  -1  55  -1  -1  53  -1  -1  -1  -1  -1  54  -1 275 
 48  -1   5  -1  -1  -1  -1  -1  97  -1  -1  -1  -1   6  -1 316  -1  -1 227  -1  -1  -1  51  -1   8  -1 
 49  -1  -1 274  -1  -1 109  -1  -1  -1  -1  -1  -1  -1  -1  -1  -1 272  -1  -1  -1 153  10  -1  -1  -1 
 50   9  -1 231  -1  -1  -1  -1 142 141  -1  -1  -1  -1  -1  -1  -1 181  -1 241  -1  -1  -1  -1  -1  -1 
 51  -1  -1  -1 137  -1 310  52  -1  -1  -1  -1  -1  -1  -1  -1 308  -1  95  -1  -1  -1  -1  -1  -1  -1 
 52  -1  -1  -1  -1  -1  -1  -1  -1  -1  -1  -1 315  -1  -1  -1  -1 143  -1  -1  -1  -1 285 269  -1  -1 
 53  -1 187  -1  -1  -1  -1  -1  -1  -1  -1  -1  -1  -1 270  -1  -1  -1 139 313  -1  -1  -1  -1  -1  -1 

r\t   0   1   2   3   4   5   6   7   8   9  10  11  12  13  14  15  16  17  18  19  20  21  22  23  24 
  0  -1  -1  -1  22  -1  -1  -1  -1  -1  -1  -1  -1 157  -1  41  -1   3  -1  77  -1  -1 293  -1  -1  -1 
  1 176  -1  58  -1  -1  -1 164  -1  -1  -1  -1  -1  -1  -1  -1  -1  -1 286 305  -1  -1  -1  -1  -1  -1 
  2  -1 234  -1  -1  -1  -1  20  -1  -1  -1  -1  27  60  60  -1  -1  -1  -1  -1  -1  -1 257  -1  35  -1 
  3  -1  -1  -1 204  -1  -1 253 194  -1  -1 238  -1  16  16  -1 125  -1  -1  -1  -1  -1  -1  -1 209  -1 
  4  -1 174  -1  -1  -1  -1 190 100 202  -1  -1 198 145  -1  -1  -1 215  -1 267  -1 150 258  -1 120  -1 
  5  -1  -1  -1  -1  -1  -1  -1 299  -1  -1  -1 214 247  -1  -1 173 276  -1 130  -1  -1  -1  -1  -1  -1 
  6  -1 133  -1  -1  -1  -1   1  -1  -1 259  -1 282  -1  -1  -1 131  -1  -1  -1  -1  -1  -1 113  -1  -1 
  7  -1  -1 101  -1  -1  -1  -1  69 232  -1  -1  83 242  -1  -1  -1  -1 298  -1  -1  -1 161 307 297  -1 
  8  -1 279  -1 159  -1  -1  -1 115  26  -1  -1  -1  -1  44  -1  -1  -1 168 260  -1  -1  73 201  23  -1 
  9  -1  -1  -1  -1  -1  67 292 128 188  -1  -1  -1 121  -1  -1  -1  28  71  -1  -1  -1  -1  -1  -1  -1 
 10  -1  -1  70  -1  -1  -1  -1  -1 114  -1  -1 167  -1  -1  -1  -1  -1  -1 233  84  -1 304  -1  -1 126 
 11  -1  -1  -1 289  -1  -1  -1  -1 103  -1  -1 123  86  -1  -1  -1  -1 122 205  -1  -1  -1  -1  -1  -1 
 12  -1  -1  15  -1  -1  -1  -1  -1  -1  -1  -1  -1 223  -1  -1  -1  -1  -1  -1  -1  -1 179 291  -1  -1 
 13  -1  -1  -1  -1  -1  -1 203  -1  -1 171  -1  -1 210  -1  -1 175  -1  -1 284  -1  -1  -1 261  -1  -1 
 14  -1  -1 132  -1  -1  -1  -1  47  -1  -1  -1 243 290 192 192  -1  57  -1  -1  42  -1  85  -1  -1  -1 
 15  -1 263 208 144  -1  -1 111  62  72  -1  -1  18  -1 278  -1 106  -1  -1  -1  -1  -1  -1  -1  -1  -1 
 16  45  80  -1  -1  -1  -1  -1  -1  13  -1  -1  82  -1  -1  -1  -1  -1  -1 160  -1  -1  64  -1  -1  -1 
 17  -1  -1 246  -1  -1  -1  -1  -1 296 220  -1  -1  -1  -1  -1  -1  76  -1 248 217  -1  -1  -1  -1  -1 
 18  -1 117  -1  -1 216  -1  -1  -1 172  -1 127  -1  -1 166  -1  -1  -1  -1  -1  38  -1 147  -1  -1  -1 
 19  -1  12  -1 252  -1  -1 165 148 148  -1  -1  -1  36  -1  -1  -1  -1  -1  -1  -1  -1  -1 189  -1  -1 
 20  -1 102  -1  -1  -1  -1  91  -1  -1  -1  -1  -1  -1  -1  -1  -1  -1 196  -1  -1  -1  -1  -1  -1  -1 
 21  -1  -1  39  -1  -1 219  -1  -1  56  -1  -1  78 211  -1  -1  -1  -1  -1  -1  -1 262 212  -1 152  -1 
 22  -1 302  25  -1  -1  -1  43 280 280  -1  -1  -1  33 146  -1  -1 249  -1  -1  -1  -1 240   0  -1  -1 
 23 155  59  -1  -1  66  -1  -1  -1  -1 129  -1 300  -1  34  -1  -1  -1  -1  -1  -1  -1  -1  -1 169  -1 
 24  -1  -1 236 236  -1  -1  79  -1 170  -1  -1  -1  -1 116  -1  -1  -1  -1  -1  -1 303  88  29  -1  -1 
 25  -1 255  -1  -1 218  -1  -1  14  -1  -1  -1  -1  -1  -1  -1  -1  -1 254  -1  -1  -1  37  -1  -1 177 
 26 301 158  -1 108  40  -1  -1  -1  -1  -1  -1  -1 306  81  -1  -1  -1  -1  -1 287  -1 256  -1 110  -1 
 27  -1  32  -1  -1  -1  -1 277 245  -1  -1 213 154 191  -1  -1  -1 235  -1  -1  -1  -1  -1  -1  -1  -1 
 28 135  -1  -1  89  -1  -1  -1  -1  -1  -1  -1  -1 265  -1 221  -1  -1  -1  -1  -1 104 104 264  -1  -1 
 29  -1  -1  -1 124  -1  -1  -1  -1  -1  -1  -1  -1  -1  -1  87  -1  -1  -1  -1  -1  -1  -1  -1 199  -1 
 30   4   4  -1  24  -1  -1  -1  30  -1  -1  -1  -1   2   2  -1  -1  -1  17  17  -1  19  19  19  -1  -1 
 31  -1  -1  -1  -1  -1  -1  -1  -1  -1  -1  -1  -1  -1  -1  -1  -1  -1  31  31  31  -1  -1  -1  -1  -1 
 32  -1  48  48  68  -1  -1  -1  -1  46  46  -1  -1  74  -1  -1  -1  -1  63  63  63  -1  -1  61  61  -1 
 33  -1  -1  -1  -1  -1  -1  -1  -1  -1  -1  -1  -1  -1  -1  -1  -1  -1  -1  -1  -1  -1  -1  75  75  75 
 34  92  92 112  -1  -1  -1 118  -1  90  90  -1  -1 107 107 107  -1  -1 105 105  -1  -1  -1  -1  -1  -1 
 35  -1  -1  -1  -1  -1  -1  -1  -1  -1  -1  -1  -1  -1  -1  -1  -1  -1 119 119 119  -1  -1  -1  -1  -1 
 36  -1  -1  -1  -1  -1 149 149 162 136 136  -1  -1 134 134  -1  -1 156 151 151 151  -1  -1  -1  -1  -1 
 37  -1  -1  -1  -1  -1  -1  -1  -1  -1  -1  -1  -1  -1  -1  -1  -1  -1  -1  -1  -1  -1  -1 163 163 163 
 38  -1 206 195 195 195  -1  -1  -1 178 178  -1 200  -1 180 180  -1  -1  -1 193 193  -1  -1  -1  -1  -1 
 39  -1  -1  -1  -1  -1  -1  -1  -1  -1  -1  -1  -1  -1  -1  -1 207 207 207  -1  -1  -1  -1  -1  -1  -1 
 40 224 224 222 222  -1 239 239 239 250  -1  -1  -1  -1 244  -1  -1  -1  -1  -1  -1  -1  -1 237 237  -1 
 41  -1  -1  -1  -1  -1  -1  -1  -1  -1  -1  -1  -1  -1  -1  -1  -1  -1  -1  -1  -1  -1  -1 251 251 251 
 42 266 266 281 281  -1  -1  -1  -1 268 268  -1  -1  -1  -1  -1  -1 294  -1 288  -1  -1  -1 283 283 283 
 43  -1  -1 295 295 295  -1  -1  -1  -1  -1  -1  -1  -1  -1  -1  -1  -1  -1  -1  -1  -1  -1  -1  -1  -1 
 44  -1  -1  -1  50  -1  -1  -1  -1 231  -1  -1  -1  -1 269 271  -1  -1  -1  -1  -1  -1 139 141  -1  -1 
 45  -1  -1  -1 270  -1 312  -1 227  -1   9  -1  -1  -1  -1  54  -1  51  -1  -1  -1  -1  -1  -1  -1  -1 
 46  -1  -1  94  -1  -1  -1  -1  99  -1  -1  -1 109  95  -1  11  -1 187  -1  10  -1 310 273 186  -1  -1 
 47  -1  -1  -1  -1  -1  -1 137  -1  -1  -1  -1  65  -1  -1  -1  -1  96  -1  -1  -1  -1 197 229 309  -1 
 48  -1 184 183 140 153  -1  49  -1  -1  -1 285  -1  -1  -1  -1  -1 142  -1 182  -1  -1  -1  53  -1  97 
 49  -1  -1  -1  -1  -1  -1  -1   6  -1  -1  -1  -1  -1 225 143  -1 230  -1  -1  -1  -1 226  -1  -1   5 
 50  -1  -1  -1  -1  -1  -1  -1  -1  -1  -1  -1  -1  55  -1  -1  -1  -1  -1  -1  -1  -1  52  -1  -1  -1 
 51  -1  -1   7  -1  -1  -1 185 274  -1  -1  -1 313  -1  93  -1  -1  21 241  -1 311  -1  -1  -1  -1  -1 
 52  -1  -1  -1  -1  -1  -1  -1 138  -1  -1 314  -1  -1  -1  -1  -1 272  -1 228  -1  -1  -1  98  -1  -1 
 53  -1  -1  -1  -1 315  -1 275  -1   8  -1  -1  -1 181  -1  -1 316  -1 308  -1  -1  -1  -1  -1  -1  -1 

r\t   0   1   2   3   4   5   6   7   8   9  10  11  12  13  14  15  16  17  18  19  20  21  22  23  24 
  0  -1  -1  -1  -1  -1  -1  -1  -1 176 130  -1  -1  -1 289  -1  -1  -1  -1 257  -1  -1 243 215  -1  -1 
  1  -1  -1 201  -1  -1  -1  15 303  -1  -1  -1 298 242 245  -1  -1  -1 148 148  -1  -1 209  -1  -1  -1 
  2  -1  -1 104 104  -1  -1 276  -1  -1  -1 173  67  -1 160  -1  -1  -1  -1  -1 263  -1  -1  -1  -1  -1 
  3  -1  -1  -1  -1  -1  -1 120  -1  41  -1  -1  -1  -1  -1  -1  66  -1  -1 203  -1  -1  -1  -1  -1 129 
  4  -1  -1  -1 264  -1  -1  -1 205  -1  -1 301  -1  62  -1  -1  -1 133  -1 218  -1  -1 292  -1  -1  -1 
  5  -1  -1  -1  -1  -1  -1  -1  -1 188  -1  -1  79  -1  -1  -1  -1  -1  -1   1  -1  -1  -1 152  -1  -1 
  6  -1  20  -1 235  -1 214  -1  72  -1  -1  -1  -1 204  56  -1  -1  -1 126  -1  -1  -1 117 278  -1  -1 
  7  -1 169 240  16  16  -1 196  -1 144  -1  -1 174  -1  73  -1  -1 122  -1  -1  -1  -1 223  -1 259  -1 
  8  -1  -1  -1  -1  -1 261 210  -1  57  -1  -1 165  -1  -1  -1  -1  -1  -1 262  -1  -1 179  -1  -1  -1 
  9  -1  -1  -1  -1  -1  -1 211  -1  -1  -1  -1 287 254  88  -1  -1  -1  58  -1  -1  -1  -1 296  -1  -1 
 10  -1 202 246 177  89  -1  -1  -1  14  37  -1 194  -1  -1  -1  -1  12  44 101  -1  -1  -1 110  -1  -1 
 11  -1 233  -1  -1  -1  -1  -1  -1 267  -1  -1  -1 154  -1 307  -1 103  -1  -1  -1  -1 255  -1  -1  -1 
 12  -1  59 221 157  -1  -1  -1  -1  -1  -1  -1  -1  -1 116  -1  -1  -1 290  -1  -1  -1  -1  -1 299  -1 
 13  -1 135  -1  25  -1  -1  87 159  -1  -1  -1  -1  -1  -1  82  -1  -1 252  -1  -1  -1  -1  91  -1  -1 
 14  -1  -1  32  -1  -1  85  -1  23   0  -1  -1  -1  -1 145  -1  -1  -1  -1  -1  -1  -1 168  -1  -1  -1 
 15  -1  -1 300  -1  -1  -1  42  -1 216  -1  -1  -1  -1 189  -1  -1  -1  -1  -1  45  -1  -1  -1  -1  -1 
 16  -1  -1  -1  -1  -1  -1 291  -1  -1  -1  -1  -1  -1  -1  -1  -1  -1  -1  -1  -1  -1 146  -1  -1 171 
 17  -1  -1  76  -1  -1 236 236  34  -1  -1  -1 234  -1  -1  -1  -1 158 265 192 192  -1  64  -1  -1  -1 
 18  -1  -1  -1 132  -1 128  -1  -1  -1  -1  -1  -1 284  -1  -1  -1  -1 108  26  -1  -1 175  -1  -1  -1 
 19  -1  -1 167 248  -1 260 125 238  39  -1  -1 123  -1 232  -1  -1  -1  43 279  -1  -1  -1  -1 258  -1 
 20  84  -1  -1 305 219  -1  80 106 282  -1  -1  29  -1  -1  -1  18  -1  -1  -1  -1  -1  -1  -1  -1 304 
 21  83 102  -1 124  -1  -1  -1  -1 249  -1  -1  -1 199  -1  -1  -1  -1  -1  -1  -1  -1  40  -1 111  -1 
 22  -1 115  -1  -1  -1 220  -1  -1  -1  -1  -1  22  -1 172  -1  -1 190  -1 217  -1  -1  33  -1  -1  -1 
 23  -1 293  13  -1  -1  -1 131  -1 302 213  -1  -1  -1  77  -1 155  47 166  -1  -1  -1 100  27  -1  -1 
 24  -1  -1  -1  -1  -1  86  -1 198 164  -1  -1  -1  -1  -1  -1  -1  -1  -1  -1  -1  -1  -1  -1 127  -1 
 25  -1  38  60  60  -1  -1  -1  -1  -1  -1  -1  -1 121  -1  -1 280 280  -1  -1  -1  81  -1 191 147  -1 
 26  -1  69 306  -1  -1  -1  -1 256  35  -1  -1  -1  -1  -1  -1  -1  -1   3  -1  -1  -1 277  -1  -1  -1 
 27  -1 247 114  -1  -1  -1 161 297  -1  -1  -1  -1  -1 208  -1  -1  -1  -1  -1  -1  -1  70  -1  36  -1 
 28  -1  -1  -1  -1  -1  -1  28  -1 113  -1  -1 150  -1  -1  -1  -1  -1  78  -1  -1  -1  -1  -1  -1  -1 
 29  -1 170  -1 212  -1  -1  -1  -1  71  -1  -1  -1  -1  -1  -1  -1  -1  -1 253  -1  -1  -1  -1 286  -1 
 30  -1  24  -1   4   4  -1  -1  -1  -1  -1  -1  -1  17  17  -1  -1  30  -1  -1  -1   2   2  19  19  19 
 31  -1  -1  -1  -1  -1  -1  -1  -1  -1  -1  -1  -1  31  31  31  -1  -1  -1  -1  -1  -1  -1  -1  -1  -1 
 32  -1  -1  -1  46  46  63  63  63  48  48  -1  -1  68  -1  -1  -1  74  -1  -1  -1  -1  -1  61  61  -1 
 33  -1  -1  -1  -1  -1  -1  -1  -1  -1  -1  -1  -1  -1  -1  -1  -1  -1  -1  -1  -1  -1  -1  75  75  75 
 34  -1  -1  -1  -1  -1 105 105  -1  90  90  -1  -1 107 107 107  -1  -1  -1  -1  -1  92  92 118 112  -1 
 35  -1  -1  -1  -1  -1  -1  -1  -1  -1  -1  -1  -1  -1  -1  -1 119 119 119  -1  -1  -1  -1  -1  -1  -1 
 36  -1 156 149 149  -1 151 151 151 136 136  -1 162  -1  -1  -1  -1  -1 134 134  -1  -1  -1  -1  -1  -1 
 37  -1  -1  -1  -1  -1  -1  -1  -1  -1  -1  -1  -1  -1  -1  -1  -1  -1  -1  -1  -1  -1  -1 163 163 163 
 38 195 195 195  -1  -1 178 178  -1  -1  -1  -1 206  -1  -1  -1  -1 200 180 180  -1  -1  -1  -1 193 193 
 39  -1  -1  -1  -1  -1  -1  -1  -1  -1  -1  -1  -1  -1  -1  -1  -1  -1  -1  -1  -1  -1  -1 207 207 207 
 40  -1  -1  -1 222 222  -1 244  -1 224 224  -1  -1  -1  -1  -1  -1 250 239 239 239  -1  -1 237 237  -1 
 41  -1  -1  -1  -1  -1  -1  -1  -1  -1  -1  -1  -1  -1  -1  -1  -1  -1  -1  -1  -1  -1  -1 251 251 251 
 42  -1  -1 283 283 283 268 268  -1 288  -1  -1  -1  -1 281 281  -1  -1  -1 294  -1 266 266  -1  -1  -1 
 43  -1  -1  -1  -1  -1  -1  -1  -1  -1  -1  -1  -1 295 295 295  -1  -1  -1  -1  -1  -1  -1  -1  -1  -1 
 44  -1 272  -1  -1  -1  99  -1  -1  -1  -1  -1  -1  -1  -1  -1  -1  -1  -1  -1  -1  -1 197  -1  -1  -1 
 45  -1  52  -1  -1 187  -1  -1  -1  -1  -1  -1  -1  -1 226 312  -1  -1  -1  49  94  -1  53  -1  -1  -1 
 46  -1 153  54  -1  -1  -1  -1  -1  -1   7  -1  -1  -1  -1  -1  -1 275  -1  -1 271 186  -1  -1  -1  -1 
 47 309  -1  -1  -1  -1  -1 227  -1  -1  -1 316  -1  -1 270  -1  -1  -1  -1 269  -1 143  -1  -1  -1  -1 
 48  -1   8  -1  -1  -1  -1  -1  -1  -1 185  -1  -1  -1  -1  -1 241 181  -1  -1  -1 229  -1 273  -1  -1 
 49  -1 225  98  95  -1  -1  50  -1  -1  -1  -1  -1  -1  -1  -1  -1 231  -1 230 140  -1  -1 184 313  -1 
 50  -1  97 139  -1 138  -1   6  -1  -1  -1  -1 311  -1  -1  -1  -1  65 228  -1 183  -1  -1  -1  -1 310 
 51  -1  -1  -1  -1  -1  -1 137 315  -1 274  -1  -1  -1 142  -1  -1  -1  -1  -1   9  -1  -1  -1  -1  -1 
 52  -1  -1   5  -1  -1  -1  -1 285  -1  -1  -1  -1  -1  51  -1 314  10  -1  -1  -1  55  -1  -1  -1  -1 
 53  -1  -1  -1  -1  -1  11  93  -1  -1  -1  -1 109 308 182  -1  -1  -1  21  96  -1  -1 141  -1  -1  -1 

r\t   0   1   2   3   4   5   6   7   8   9  10  11  12  13  14  15  16  17  18  19  20  21  22  23  24 
  0  -1  -1  -1  -1  -1  -1 133 108  71  -1  -1  -1  -1  -1  -1  -1  -1 279 202  -1  -1  79  -1  -1  -1 
  1  -1  -1  -1  -1  -1  -1  -1  -1  -1  -1  -1  -1  -1  -1  -1  -1 164 259  -1  -1  -1  -1  28  -1  -1 
  2  -1 167 289 256  -1  -1 168 120  -1  -1  -1  -1  -1  -1  -1  -1  13  -1 135  -1  -1  56  -1 116  -1 
  3  -1  62 246  -1  -1  -1  -1 166 176 286  -1  -1  -1  -1  -1  -1  -1 114  -1  -1  -1 305  -1  -1  -1 
  4  -1  70 148 148  -1  -1  -1  -1  -1  -1  -1 252  -1  -1  -1  -1  76 127  -1  -1  -1  -1  -1  -1  -1 
  5  -1  -1  -1  32  45  -1 292 254 218  -1  -1  -1  -1  -1  -1  -1  -1  -1  -1  -1  -1  -1  -1  -1  -1 
  6  -1  -1  -1  -1  -1  -1 128 146 258  -1  -1 165 284  -1  -1  -1  -1  -1  -1  -1  -1 123  -1 217  -1 
  7  18  -1  -1  -1  -1  -1 191  -1  85  -1  -1 204  78 255  -1  -1  -1  -1 177  -1  -1  -1  -1  -1  -1 
  8  -1 287  -1  -1  -1  -1 277 296 152  42  -1  -1  -1  -1  -1  -1  -1  -1 302  -1  -1  91  -1  -1  -1 
  9  -1 243  -1 298  -1  -1  -1  -1  -1  -1  -1  -1 265 172  -1  -1  -1  -1  -1  -1  -1  -1  -1  34  86 
 10  -1  -1  -1  89  -1  -1  -1  -1 235  -1  -1  -1  -1  -1 150  -1 189  -1  -1  -1  -1  37  -1  -1  -1 
 11  -1  -1  -1  -1  -1  -1  57  -1  -1  -1  -1  15  -1  -1  -1  -1  -1 104 104 126  -1 129  -1  -1  -1 
 12 171  -1 196 264  -1  -1  -1  -1 211  -1  -1  -1  -1 240  -1  -1 263  -1  20  -1 261 144  -1  66  -1 
 13  -1  -1  -1  -1  -1  -1  36 210  -1 198  -1  -1  -1 145  -1  -1  88 179 159  -1  -1 205 248  22  -1 
 14  -1 154  -1 209  -1  -1  -1  -1  -1  -1  -1 278  -1  -1  -1  -1  -1  -1  -1  -1 106 161  -1  -1  -1 
 15  -1  -1 117  -1  -1  -1 208  -1  -1  -1  -1  -1  -1 276  -1  -1 115  -1  -1  -1  -1  -1  73  -1  -1 
 16  -1 170  -1  -1  -1  -1  -1 238  33  -1 220 300 216 173  -1 236 236  -1  -1  -1  -1 188 214  -1  -1 
 17 242  -1  -1  -1  -1  -1 247 192 192  -1  -1  -1 147  -1  -1  -1  -1 194 155  -1  67  -1  44  -1  -1 
 18  -1  -1  -1  -1  87  -1  -1  -1 101  -1  -1  -1  -1  -1  -1  -1  -1  -1  -1  -1  -1  -1 262  -1  -1 
 19  -1 249  16  16  -1  -1  -1   0  -1  -1  -1 234  -1  -1  -1  -1  -1  -1  -1  -1  -1  -1 121  -1  -1 
 20 130  -1  25  47  -1  -1  27  -1 245  -1  -1  -1  -1  -1  -1  -1 267  -1  26  -1 260  35  -1  -1  -1 
 21  -1  -1 221 157  -1  -1  -1  72  -1 303  -1  59 201  -1  39  -1  -1   3  -1  -1  -1  -1 291  69  -1 
 22  -1 111  -1  -1  -1  -1 102 304  -1  -1  -1  -1  -1 125  -1  -1  -1 203   1  -1  -1  -1  -1  -1  40 
 23  -1  -1  -1 124  -1  -1 307  -1  -1  -1  -1  82 290 213  -1  -1 100  -1  -1  -1  -1 293  14  -1  -1 
 24  -1  -1  80  -1  -1  -1  -1 223 299  -1  -1 219 232  -1  -1  -1 282  -1  -1  -1  -1  -1  -1  -1  -1 
 25  -1  -1  -1  -1  -1  -1  77  -1 113  -1  -1  -1 306 212  -1  -1  -1  -1  -1  -1  -1 253  -1  -1 257 
 26  -1  -1  58  -1  -1  -1  -1  -1  -1  -1  -1  84  -1  -1  -1  -1  43  -1  81  -1  -1  12  -1  -1  -1 
 27  -1  -1 103  -1 301  -1 233  -1  -1  -1  -1  29  60  60  -1  -1  64 158  -1 169  -1  -1  38 297  -1 
 28  -1 199  -1 190  -1  -1 131 280 280  -1  -1 122 160  -1  -1  -1  -1  -1  -1  -1  -1  -1  -1  -1  -1 
 29 110  23 132  -1  -1  -1 215  -1  -1  -1  -1 174  -1  -1  -1  -1 175  -1  -1  -1  83  41  -1  -1  -1 
 30  -1  24  -1   4   4  -1  -1  19  19  19   2   2  17  17  -1  -1  30  -1  -1  -1  -1  -1  -1  -1  -1 
 31  -1  -1  -1  -1  -1  -1  -1  -1  -1  -1  -1  -1  31  31  31  -1  -1  -1  -1  -1  -1  -1  -1  -1  -1 
 32  -1  -1  -1  68  -1  48  48  63  63  63  -1  74  46  46  -1  -1  -1  61  61  -1  -1  -1  -1  -1  -1 
 33  -1  -1  -1  -1  -1  -1  -1  -1  -1  -1  -1  -1  -1  -1  -1  -1  -1  75  75  75  -1  -1  -1  -1  -1 
 34  -1 112  -1  -1  -1  -1  -1  90  90  -1  92  92  -1 105 105  -1  -1  -1 118  -1  -1  -1 107 107 107 
 35  -1  -1  -1  -1  -1  -1  -1  -1  -1  -1  -1  -1 119 119 119  -1  -1  -1  -1  -1  -1  -1  -1  -1  -1 
 36  -1  -1 156  -1  -1  -1  -1 136 136  -1 134 134  -1 162  -1 151 151 151  -1  -1  -1  -1 149 149  -1 
 37  -1  -1  -1  -1  -1  -1  -1  -1  -1  -1  -1  -1  -1  -1  -1  -1  -1  -1  -1  -1  -1  -1 163 163 163 
 38  -1 206 200 180 180 178 178  -1  -1  -1  -1  -1 195 195 195  -1  -1  -1  -1  -1  -1  -1 193 193  -1 
 39  -1  -1  -1  -1  -1  -1  -1  -1  -1  -1  -1  -1  -1  -1  -1  -1  -1  -1  -1  -1  -1  -1 207 207 207 
 40  -1  -1  -1  -1  -1 224 224  -1  -1  -1  -1  -1 222 222  -1  -1 244 237 237  -1 239 239 239 250  -1 
 41  -1  -1  -1  -1  -1  -1  -1  -1  -1  -1  -1  -1  -1  -1  -1  -1  -1 251 251 251  -1  -1  -1  -1  -1 
 42  -1 288 281 281  -1  -1  -1 266 266  -1 268 268  -1  -1  -1  -1 294  -1  -1  -1  -1 283 283 283  -1 
 43  -1  -1  -1  -1  -1  -1  -1  -1  -1  -1  -1  -1  -1  -1  -1  -1  -1 295 295 295  -1  -1  -1  -1  -1 
 44  -1  -1  -1 228  -1 138 270  -1  -1  -1  -1 227  -1  -1  -1  -1  -1  21  -1 312  -1  -1 181  -1  -1 
 45 314 311  10 137  99  -1  -1  -1  -1  -1  -1  -1  -1  -1 308 285  -1  -1  -1  -1 310  -1  -1 241  -1 
 46  -1  -1 275  -1 229   9  -1  -1  -1 315  -1  54  -1 273  -1  -1  -1 269 226  -1  -1  -1  -1  -1  -1 
 47  -1  -1  96  -1  -1  -1   6  -1  -1  -1  -1 184  -1  -1  -1 313 187  -1  -1  -1  -1  -1   7  -1  -1 
 48  -1  -1  -1  -1 143  -1  -1  -1  -1  -1  -1  -1 140  -1  -1  -1  -1  94  -1  -1  -1  50  -1  -1  -1 
 49  -1  -1 182  -1  -1  -1  -1  49  -1  -1 183  -1  -1  -1  -1  -1  -1  -1  -1  -1  -1 109  -1  -1  -1 
 50  -1  -1  53  -1 271 274  -1  -1  -1  -1  -1  -1  -1 139  -1  -1 231  -1  97  -1  -1   5  98  -1  -1 
 51  -1  -1  -1  -1  -1  -1  -1  -1  -1  -1  -1  -1  -1  -1  -1 197   8  -1  -1  -1  -1 141  -1  -1  -1 
 52  -1  -1  -1  -1  -1  93  95  -1  -1  -1  -1  -1  -1  11  -1  -1  -1 142  -1  -1  -1 186  -1 309 316 
 53  -1  -1  -1  65  -1  -1  -1 185 225 153  55  -1  -1  -1  -1  -1  51  -1  52  -1  -1 230 272  -1  -1 

