317
23 6
10 23
18 30
2 4
0 30
5 47
16 47
12 53
21 51
3 52
6 46
15 46
21 19
1 6
3 26
12 8
15 2
7 30
17 21
22 30
6 29
2 49
11 27
13 28
17 30
16 13
12 18
23 16
6 25
2 7
11 30
7 31
18 21
22 19
1 28
3 6
21 29
8 2
6 9
6 23
16 19
21 8
22 3
12 0
1 13
15 8
18 32
2 2
5 32
16 46
10 51
3 49
21 53
23 52
24 51
0 50
1 21
21 18
3 21
16 1
17 22
12 32
2 27
7 32
6 6
22 47
20 3
11 4
23 32
3 14
11 28
6 28
21 12
2 21
16 32
12 33
8 13
6 11
18 12
1 0
22 23
6 7
4 14
8 8
21 13
23 13
13 8
7 0
6 4
16 3
23 34
1 10
18 34
2 48
21 44
3 47
10 45
5 48
15 53
0 45
21 28
17 6
18 5
6 14
2 5
12 34
20 2
7 34
16 14
11 52
1 25
22 29
17 34
7 12
22 18
23 20
3 29
18 0
21 34
12 35
6 13
2 13
12 4
1 3
16 8
3 27
4 16
14 20
7 29
14 29
13 14
11 6
23 26
2 10
5 36
1 22
15 36
3 45
0 47
21 48
10 50
18 53
12 52
24 50
6 27
21 23
23 7
16 29
12 17
17 36
11 24
7 36
2 8
22 50
1 11
4 27
12 36
11 13
7 14
8 6
21 10
16 18
23 36
17 37
6 12
22 27
1 26
13 2
2 22
19 19
11 9
8 29
13 24
7 16
14 10
6 20
0 27
10 5
23 38
2 0
5 38
18 49
16 49
15 48
3 44
21 49
1 50
12 49
21 17
3 17
23 0
16 6
12 20
18 38
22 15
7 38
17 9
4 50
11 3
2 1
11 38
8 26
7 26
12 24
21 26
1 23
22 38
17 39
23 27
16 10
2 28
2 29
6 8
4 28
1 8
15 24
8 19
0 23
23 28
1 5
0 17
5 8
2 40
7 6
18 40
6 52
21 45
1 51
15 45
16 51
10 46
23 45
1 16
18 11
6 19
16 20
2 18
23 40
17 15
12 40
21 27
11 44
8 27
7 27
16 40
3 4
13 15
12 5
11 15
6 18
17 40
22 41
18 24
2 25
1 7
21 25
8 21
22 10
0 18
20 23
3 1
15 22
14 6
23 25
16 21
0 14
5 42
7 3
23 42
18 44
12 48
19 47
1 46
21 47
15 44
10 48
6 10
22 8
23 10
21 14
18 6
2 42
17 29
12 42
1 18
7 45
8 14
11 20
22 42
23 5
8 7
12 7
18 2
11 21
1 42
2 43
17 28
13 13
21 0
16 0
7 21
8 17
18 25
22 28
20 18
22 0
10 24
14 11
8 46
13 44
11 47
9 47
20 44
22 44
4 49
17 44
14 49

