317
11 12
24 4
8 30
18 24
3 30
16 44
17 48
15 53
7 45
20 48
21 47
5 50
13 1
7 17
8 11
3 27
16 3
20 30
18 2
10 30
23 5
6 46
1 24
2 7
16 30
11 16
12 22
6 16
17 8
2 5
13 30
21 31
18 4
8 13
7 8
3 17
6 17
16 19
8 20
14 9
19 28
19 19
2 14
17 22
17 1
3 9
23 32
18 29
20 32
16 51
4 52
11 53
7 44
8 45
9 50
15 51
17 2
23 22
16 10
21 25
13 22
6 32
1 14
10 32
8 29
2 49
18 7
22 13
17 32
23 0
8 19
13 28
18 16
22 17
1 32
5 33
11 26
13 6
2 28
21 29
16 9
8 24
21 12
12 11
22 2
19 7
6 13
22 0
11 18
4 29
20 34
5 12
16 34
7 48
23 48
8 47
3 52
15 44
18 47
9 46
8 15
21 28
3 7
7 27
16 17
23 34
13 3
10 34
18 5
1 45
2 2
6 2
6 34
2 15
16 5
17 15
11 19
8 22
18 34
22 35
1 29
12 5
22 10
13 15
7 0
7 1
22 27
16 28
18 27
7 22
1 4
2 20
10 15
3 11
20 36
9 20
7 36
18 50
4 45
23 45
5 51
16 53
11 50
24 53
8 25
21 20
23 4
7 24
18 17
15 36
22 3
12 36
3 16
6 50
1 21
2 21
1 36
21 4
6 22
7 11
2 18
18 0
11 36
15 37
13 20
11 11
22 23
8 6
3 25
21 13
6 21
19 1
5 21
21 21
8 28
14 8
24 17
15 2
10 38
17 24
8 38
3 47
23 47
21 49
18 52
5 53
16 45
7 47
18 9
11 15
8 14
16 22
6 23
3 38
12 6
20 38
2 19
1 53
17 7
13 29
7 38
18 22
22 22
23 3
11 1
1 11
13 38
2 39
12 28
17 13
8 0
6 27
16 20
9 1
4 24
4 18
8 9
8 16
19 14
8 12
15 4
21 15
10 40
17 14
23 40
20 47
3 51
8 51
16 52
4 53
18 46
9 47
8 3
18 20
3 1
16 21
23 12
13 40
22 16
5 40
11 23
17 45
2 11
1 17
17 40
3 5
22 9
18 6
16 16
6 28
1 40
12 41
7 29
2 22
23 19
11 24
8 21
11 17
10 28
8 17
6 12
18 19
24 20
2 12
16 27
17 18
20 42
3 10
23 42
9 48
11 48
15 45
7 50
8 44
18 45
4 49
1 15
18 12
16 1
8 5
23 25
6 42
3 2
10 42
17 19
2 47
22 29
13 25
2 42
2 4
17 12
11 6
21 26
13 17
8 42
5 43
22 19
12 3
3 19
23 11
16 15
13 4
1 22
12 7
14 26
24 28
1 28
17 9
12 52
2 50
14 52
1 47
13 45
6 53
19 44
22 51
0 53

