317
17 11
14 11
5 30
22 0
10 30
12 48
8 45
2 46
3 53
13 48
16 45
0 50
17 28
12 9
13 19
11 14
22 2
7 30
21 19
2 30
6 8
18 45
15 3
1 13
22 30
23 3
16 10
3 4
6 27
11 1
18 30
7 31
21 9
2 29
17 6
12 22
1 14
7 13
22 1
18 10
24 7
5 8
6 19
3 28
14 5
3 17
12 32
2 17
7 32
0 49
9 50
11 46
16 51
6 44
10 44
5 44
7 29
8 12
6 29
11 3
12 27
22 32
15 18
17 32
21 18
2 45
1 11
4 17
6 32
2 4
3 2
18 9
7 28
23 9
11 32
20 33
16 12
18 8
13 24
6 26
1 4
14 16
23 18
10 19
18 13
24 14
2 10
16 0
22 26
7 18
8 34
16 23
13 34
6 49
11 52
2 48
3 50
0 53
17 46
5 51
22 6
1 10
13 6
12 17
8 22
2 34
15 14
17 34
11 7
16 53
23 19
21 14
22 34
3 1
1 25
6 23
16 22
2 15
23 34
10 35
17 15
18 3
21 26
13 14
7 27
19 1
20 6
1 21
22 25
10 24
17 21
22 11
2 11
3 0
11 36
0 5
13 36
8 46
5 53
6 52
16 44
22 44
17 51
10 50
12 16
13 17
11 19
6 9
22 28
7 36
4 4
17 36
2 2
1 49
21 6
0 3
23 36
21 22
17 19
16 13
1 5
6 13
2 36
7 37
18 29
2 5
13 5
22 21
11 27
13 9
23 8
16 16
12 4
20 16
9 23
13 29
9 4
10 4
7 38
17 25
2 38
16 50
11 48
22 45
6 45
0 44
5 52
14 46
2 20
16 1
6 16
3 11
7 20
12 38
18 27
22 38
11 25
17 49
1 7
21 24
17 38
7 7
1 26
23 5
3 12
8 0
21 38
11 39
22 5
16 14
18 22
18 15
6 15
4 28
7 6
5 13
3 22
7 8
7 9
21 25
14 3
5 17
8 40
17 18
10 40
7 50
22 48
6 48
16 48
12 47
0 51
13 47
16 25
6 25
8 14
7 22
10 9
13 40
17 1
2 40
21 17
1 48
18 28
23 26
16 40
3 25
8 9
6 0
11 23
12 12
1 40
20 41
17 27
2 9
13 20
18 26
23 22
0 11
16 2
14 10
0 21
15 27
20 1
4 27
6 7
0 24
2 42
8 18
10 42
9 47
22 53
14 53
16 46
17 45
12 52
13 51
13 10
16 6
12 15
17 9
3 16
22 42
21 8
5 42
11 28
18 46
1 18
8 3
18 42
18 7
3 10
6 3
12 0
8 5
1 42
22 43
13 4
7 24
17 8
11 6
21 12
11 15
21 20
24 18
14 23
5 26
5 28
4 23
21 51
19 51
20 51
24 53
4 53
1 45
18 48
23 47
15 49

