317
1 3
14 6
5 30
7 21
18 30
23 47
3 53
24 53
16 44
11 46
12 50
8 53
3 8
6 24
8 22
11 12
15 21
22 30
17 13
0 30
21 15
7 47
10 27
13 18
3 30
1 1
12 2
17 4
23 27
6 6
13 30
20 31
2 26
16 4
18 12
8 13
17 11
19 29
9 14
20 10
9 28
24 2
0 22
19 1
11 13
24 24
0 32
23 22
5 32
22 45
16 49
12 51
18 52
8 52
3 48
14 52
22 19
12 5
11 22
1 6
8 4
3 32
7 11
17 32
16 23
13 49
21 6
23 18
7 32
16 7
1 5
11 1
12 12
6 28
23 32
2 33
17 5
8 14
21 25
7 20
13 12
19 18
10 20
0 9
8 9
8 0
4 2
17 7
12 15
16 9
23 34
18 1
0 34
22 47
8 48
3 47
11 45
7 44
19 50
6 47
1 18
3 18
23 28
6 0
10 29
7 34
21 14
12 34
22 23
2 48
18 2
17 21
17 34
2 27
12 8
13 28
23 14
18 21
11 34
5 35
3 21
21 18
6 10
22 25
16 5
23 13
7 24
0 24
13 1
13 15
18 28
14 8
12 18
7 17
23 36
16 12
5 36
8 46
19 53
18 51
0 50
1 49
11 51
14 45
23 15
6 12
8 26
22 18
10 15
20 36
15 11
2 36
7 8
17 51
13 25
16 24
18 36
16 28
1 21
2 11
6 27
23 6
8 36
20 37
3 7
8 24
12 23
17 1
13 22
21 0
15 14
21 9
15 13
22 29
0 23
8 23
14 27
0 10
18 38
12 6
5 38
23 51
22 49
8 47
11 49
7 45
16 50
3 49
11 9
18 15
6 23
3 2
7 10
15 38
13 10
22 38
2 2
17 45
12 21
21 3
8 38
17 29
18 0
12 22
6 17
22 15
13 38
1 39
11 5
7 25
21 7
21 13
16 22
20 0
14 5
19 7
17 22
8 20
9 19
3 15
5 3
24 9
22 40
6 3
0 40
18 50
12 47
11 52
14 46
7 51
16 47
3 51
3 14
11 3
1 26
12 27
15 3
18 40
2 9
7 40
22 21
6 45
13 26
21 12
2 40
8 11
21 17
23 29
11 26
13 20
6 40
17 41
3 25
7 16
12 25
1 12
16 8
17 26
18 24
17 8
4 7
17 20
23 16
15 4
23 26
0 0
5 42
16 0
11 42
22 53
1 46
24 50
18 44
8 51
14 51
19 52
18 9
11 18
12 16
1 2
22 1
2 42
13 6
7 42
16 27
17 49
15 16
21 20
18 42
16 17
8 8
12 24
21 19
11 0
1 42
2 43
22 24
13 7
17 12
23 25
7 2
20 7
23 2
10 13
9 25
23 24
16 1
11 16
10 48
17 52
9 49
21 46
4 49
2 50
20 48
13 53
15 48

