317
21 14
18 16
15 30
8 7
12 30
11 47
3 46
0 50
2 47
10 45
6 48
17 48
21 20
17 3
16 26
13 22
2 2
5 30
19 26
22 30
12 6
8 45
14 24
1 3
11 30
13 1
18 10
21 5
1 23
8 11
17 30
5 31
12 28
23 1
2 10
3 25
23 12
21 24
12 15
6 0
12 20
24 25
8 25
10 0
2 15
6 9
15 32
3 3
10 32
17 45
0 45
18 50
21 49
13 50
7 46
8 50
8 20
11 25
7 1
16 6
17 12
22 32
1 14
12 32
21 22
3 52
9 9
4 22
2 32
8 0
6 19
13 29
3 6
21 19
17 32
22 33
12 11
13 25
18 13
1 22
7 8
2 21
1 7
3 1
18 27
13 12
6 11
24 11
7 25
2 14
15 34
21 9
10 34
8 52
3 44
17 53
12 48
6 44
22 52
0 51
22 23
16 28
3 19
11 8
7 15
17 34
23 15
12 34
2 13
1 45
5 4
21 18
3 34
23 24
8 22
7 29
13 7
1 9
6 34
17 35
22 28
12 9
18 28
11 0
2 16
22 17
18 5
5 8
21 27
20 19
0 16
24 5
7 23
0 23
15 36
2 5
10 36
6 47
8 53
3 48
12 47
21 48
22 47
17 47
3 16
12 22
16 20
18 7
7 6
5 36
14 12
22 36
17 9
13 45
2 24
1 20
13 36
12 14
22 19
21 12
1 12
16 29
2 36
17 37
23 2
2 7
7 9
11 19
6 29
16 13
7 5
23 26
6 15
22 4
11 10
7 28
12 13
17 20
10 38
22 9
15 38
2 50
7 44
3 45
8 46
0 52
21 47
18 45
18 26
2 9
3 4
16 17
20 16
8 38
19 2
12 38
6 23
22 46
23 5
1 28
3 38
21 17
16 3
18 24
13 26
8 12
23 38
5 39
12 8
22 12
2 11
1 27
11 3
22 8
5 3
3 14
20 26
1 19
19 22
24 20
17 0
3 0
10 40
2 28
15 40
12 46
7 53
13 44
18 48
0 53
6 53
21 51
6 28
11 2
18 15
17 24
12 5
22 40
4 14
7 40
16 8
20 45
2 0
1 11
1 40
6 21
13 3
21 25
8 17
11 18
2 40
22 41
18 9
7 22
12 26
17 1
3 22
6 17
24 3
6 1
11 21
8 9
18 25
11 20
6 25
13 0
15 42
8 1
17 42
12 50
3 50
10 53
21 52
0 47
11 51
7 51
7 14
12 2
11 15
23 16
17 14
20 42
8 27
2 42
16 4
5 48
14 20
1 25
11 42
22 24
2 27
17 10
6 3
16 22
1 42
22 43
7 16
18 21
21 23
8 4
12 27
21 15
5 5
18 3
15 20
21 4
17 6
21 26
5 52
23 50
20 49
9 52
4 50
1 46
19 50
14 53
24 44

