317
23 28
8 13
10 30
3 1
5 30
16 47
2 52
1 44
22 52
7 50
18 47
13 47
6 27
16 16
7 2
18 8
22 18
0 30
21 25
12 30
17 19
3 49
9 8
15 1
21 30
22 12
3 3
12 3
16 26
6 16
2 30
17 31
23 7
13 5
1 9
7 9
11 14
18 6
16 5
18 25
23 6
1 28
23 20
10 1
3 0
2 26
5 32
16 9
17 32
10 44
1 51
8 51
12 50
11 53
22 47
23 45
1 12
8 15
3 26
6 4
17 20
12 32
21 18
22 32
11 3
7 49
4 7
16 29
1 32
7 23
3 6
23 27
21 27
6 21
16 32
12 33
11 19
22 28
17 15
8 29
2 27
16 12
5 21
9 0
15 21
24 12
1 24
19 17
13 17
11 2
7 34
23 17
17 34
10 52
16 53
22 49
1 50
6 46
3 52
5 47
22 21
17 26
1 11
3 24
7 22
15 34
23 8
12 34
11 21
0 52
9 23
21 6
21 34
6 15
12 16
13 1
18 24
22 29
23 34
2 35
7 13
17 6
3 28
16 7
11 22
4 21
17 4
7 24
15 7
7 1
20 15
21 10
2 21
23 10
10 36
16 6
5 36
22 48
1 52
3 44
7 48
18 45
8 53
13 53
6 13
7 21
11 10
12 25
2 29
8 36
4 13
17 36
23 11
20 47
21 0
16 2
7 36
6 19
23 29
3 22
17 12
11 29
16 36
12 37
2 17
18 29
1 2
8 18
21 26
2 2
4 8
3 7
17 8
7 16
17 27
4 9
12 1
10 16
7 38
1 19
17 38
6 51
23 48
16 52
13 46
5 45
11 45
3 48
6 9
7 4
16 28
22 1
17 2
12 38
21 20
2 38
23 13
14 49
9 16
1 0
11 38
7 10
8 28
12 15
3 12
18 9
1 38
22 39
2 11
21 29
17 5
17 9
6 20
16 11
5 15
21 4
1 8
8 11
20 24
18 23
12 0
10 11
5 40
1 25
17 40
2 53
23 47
8 48
13 49
11 52
3 45
16 45
6 17
2 9
17 14
16 10
12 27
22 40
14 5
7 40
21 22
0 46
15 25
1 23
13 40
18 27
7 8
6 10
8 21
12 29
2 40
20 41
3 13
1 16
17 16
23 0
11 18
5 7
23 4
6 28
0 16
7 0
9 12
8 5
22 24
17 7
5 42
18 12
10 42
13 51
3 50
7 51
1 47
12 46
8 46
16 49
6 22
7 28
16 4
1 5
12 19
2 42
18 13
22 42
11 12
19 47
9 13
21 8
12 42
7 7
16 24
21 16
22 4
6 25
1 42
2 43
13 0
23 9
8 23
11 20
17 13
8 0
0 8
8 6
5 17
4 27
24 20
19 23
24 46
0 48
14 46
15 50
9 47
21 46
20 49
19 52
4 53

