317
13 21
24 3
0 30
6 6
17 30
16 48
21 47
8 51
20 45
15 47
11 51
3 47
8 7
18 2
17 1
16 7
20 14
3 30
22 13
12 30
1 28
7 47
6 23
23 21
16 30
13 19
12 0
22 12
1 12
8 10
11 30
2 31
18 16
21 17
17 13
6 17
22 26
11 0
3 28
18 28
8 3
12 21
24 4
3 22
13 20
15 5
0 32
2 29
20 32
3 52
24 48
17 44
6 44
11 46
18 52
16 49
1 5
11 17
21 12
17 17
18 11
7 32
2 24
12 32
6 26
23 44
22 20
4 20
23 32
11 19
21 26
1 4
2 13
6 15
16 32
7 33
12 9
1 21
18 22
23 14
22 1
8 27
8 2
14 7
14 15
5 1
19 3
8 26
1 10
16 1
20 34
11 16
17 34
2 48
15 48
12 48
6 49
0 52
8 48
3 45
8 13
17 29
18 9
6 5
2 4
22 34
11 3
12 34
16 19
10 49
4 14
7 19
8 34
13 27
3 6
1 17
18 27
6 27
2 34
22 35
11 10
21 16
23 20
17 0
7 18
2 28
2 18
5 23
8 6
14 3
13 25
6 2
11 4
24 16
12 36
6 24
0 36
16 45
15 44
8 53
3 53
21 49
18 47
2 47
1 26
13 11
11 15
16 21
2 5
18 36
10 10
20 36
8 29
6 53
7 20
23 4
6 36
1 22
22 15
23 23
7 26
16 10
11 36
17 37
13 5
11 6
3 25
2 12
8 17
8 0
19 14
2 20
2 14
5 19
23 13
20 18
8 15
18 25
15 38
2 6
0 38
11 45
13 52
12 45
21 46
17 46
6 52
20 50
21 1
1 16
17 27
11 20
12 15
23 38
2 10
7 38
18 14
3 46
10 9
19 15
2 38
1 9
12 24
7 1
16 9
21 28
6 38
22 39
8 25
3 15
13 23
11 12
18 12
13 1
11 23
10 7
12 2
23 8
14 23
0 2
18 1
2 1
15 40
6 16
0 40
8 46
21 45
11 44
13 48
12 44
17 52
20 51
21 0
18 23
8 11
1 11
15 16
12 40
6 19
22 40
11 29
4 45
7 14
3 16
3 40
8 12
21 18
22 19
23 29
1 29
18 40
10 41
17 18
16 29
7 7
13 26
2 7
9 10
11 26
8 23
8 18
22 0
14 21
5 26
13 8
12 13
1 42
8 9
15 42
20 46
21 52
0 53
6 47
11 53
3 51
18 50
11 18
1 6
16 28
21 10
2 2
22 42
17 9
5 42
12 20
19 53
14 16
8 8
18 42
23 9
12 19
7 13
6 4
3 14
13 42
22 43
16 17
8 16
21 20
17 24
2 15
22 28
21 13
4 29
18 29
4 16
0 23
10 26
14 53
7 51
5 51
19 51
22 50
23 47
10 46
4 50
9 47

