317
13 28
24 6
22 30
2 5
8 30
6 44
11 51
3 47
7 48
5 53
18 49
1 51
11 13
1 6
3 29
23 27
7 20
17 30
2 10
12 30
6 22
16 47
20 28
21 26
1 30
13 25
12 8
23 5
16 27
6 26
11 30
17 31
2 28
21 29
3 13
7 7
21 12
16 8
15 20
17 25
9 2
4 18
15 17
19 16
22 15
6 23
23 32
1 24
2 32
5 45
13 51
18 53
11 47
8 49
14 44
17 53
11 8
2 18
13 19
3 27
22 8
17 32
12 16
7 32
6 10
1 44
21 28
16 25
1 32
8 7
7 24
13 24
3 21
16 20
21 32
17 33
11 15
13 15
22 10
1 8
6 2
0 22
1 16
14 11
4 6
3 14
7 29
24 21
18 20
23 23
8 34
7 13
2 34
1 48
24 51
11 53
13 49
14 47
6 48
5 46
13 8
3 4
2 24
11 11
5 15
20 34
15 4
17 34
1 21
16 45
7 21
12 29
1 34
7 23
18 16
17 17
13 3
3 7
16 34
20 35
8 10
11 26
22 0
12 28
2 27
18 28
9 20
0 24
12 20
13 23
8 3
10 22
1 29
23 3
2 36
11 17
5 36
22 53
24 53
7 49
8 48
13 47
17 52
9 53
6 20
3 8
2 25
22 28
7 2
18 36
4 4
12 36
23 12
16 44
21 22
11 3
22 36
1 18
13 6
11 21
21 4
16 29
8 36
17 37
7 22
7 27
2 21
3 15
23 9
15 21
2 8
3 17
3 3
9 8
17 9
4 0
24 3
3 2
22 38
18 19
8 38
1 50
2 51
6 51
11 50
5 48
17 48
13 50
8 8
17 8
24 28
6 24
22 25
12 38
7 11
0 38
11 22
16 46
21 1
18 8
6 38
17 11
3 25
1 23
22 26
11 10
21 38
12 39
23 6
16 23
7 26
8 13
18 17
19 21
14 5
19 15
22 21
9 7
4 25
1 15
6 29
5 0
8 40
2 3
13 40
7 45
22 48
11 48
1 52
3 49
18 46
23 49
13 4
3 26
7 17
8 27
10 25
17 40
4 19
22 40
6 28
21 53
12 25
2 9
12 40
23 20
7 6
8 15
2 29
1 26
21 40
15 41
11 24
22 4
3 22
13 13
18 14
14 26
14 25
18 15
20 1
3 10
7 14
9 19
1 20
13 9
8 42
17 3
5 42
11 44
23 52
14 50
2 45
18 48
7 50
24 47
11 14
8 18
6 13
7 25
17 0
22 42
12 12
2 42
21 2
10 47
16 17
15 5
16 42
22 29
11 27
17 2
8 9
2 16
12 42
20 43
7 10
18 24
23 4
6 4
1 12
5 27
20 26
8 19
6 1
17 18
19 5
4 22
16 50
15 49
19 49
4 44
10 51
12 51
0 53
21 48
20 47

