r\t   0   1   2   3   4   5   6   7   8   9  10  11  12  13  14  15  16  17  18  19  20  21  22  23  24 
  0  -1 210  -1  -1  89  -1  -1  -1  -1  -1  -1  -1  -1  -1  -1  -1  -1  -1 205  -1 148 148  -1  -1  -1 
  1  -1  71  -1  -1  -1  -1  -1  -1 252  -1  -1  -1  -1  -1  -1  -1  -1  -1 145  -1  -1 165  -1 219 198 
  2  -1  -1 297 240  -1  -1  -1  -1  -1  -1  -1  -1  -1  -1 307 305  42 301  69 131 106 108  -1  84  -1 
  3  -1  -1  -1  60  60  -1  -1  -1  -1  -1  -1 204  -1  -1  -1  41  36 263  -1  -1  -1 164  35 150  -1 
  4  -1  -1  -1  -1  -1  -1 267 255  -1  -1  -1  -1  -1  -1  -1  -1  -1  -1  -1  -1  -1  -1  -1  -1  -1 
  5  -1  -1  -1  -1  -1  -1  29  -1  -1  -1  -1  -1  -1 212  -1  -1  -1 233 249  -1  -1  28  -1  -1 214 
  6  -1  -1  -1  -1  -1  38  20  -1  -1  -1  -1  37  -1 253  -1  -1  -1  79  -1  -1  66  88  -1  43  -1 
  7  -1 235  -1  -1  -1  -1  -1 203 208  -1  -1  -1 147  14  -1 258  -1  -1  -1  -1  -1  -1  -1  -1  -1 
  8  -1 115  -1  -1  -1 221  -1 111  -1  -1  -1  -1  -1  -1  -1  -1  -1  -1  -1  -1  -1  -1  -1  18  -1 
  9  -1  -1 159  15  -1  -1 232 289  -1  -1  -1  -1 245  -1  -1  -1  -1 104 104  -1  -1  -1  -1  -1  -1 
 10  -1  -1 190  78  -1  -1  -1  -1  -1  -1 130  -1  32  -1 257  -1  56  -1  85  -1  -1 128  -1  -1  -1 
 11  -1  -1 248  -1  -1  -1 179  -1 160  -1  -1 101  72  -1  -1  -1  -1  -1 292  -1  -1  -1  -1  -1  -1 
 12  -1  -1  -1  -1  -1  -1  64 168  -1  -1  -1 277  -1 189  -1 287 196 280 280  -1 236 236 174  -1  -1 
 13  -1 158  -1  -1  -1  -1  -1  -1  -1  -1  -1 191  -1  -1  -1  -1  73  -1  -1  -1  16  16  -1  -1  -1 
 14  -1 169 218  -1  -1  -1 175  -1  -1  -1  -1  57  -1  40  -1  -1 264 123  -1  -1  -1  -1  -1  -1  -1 
 15  -1   3  -1 304  -1  -1 146 242  -1  -1  -1  -1  -1  -1  -1  -1 166 167 261  -1  -1 256  -1  -1 170 
 16  -1  59  23 188  -1 125  -1  -1  -1  -1  -1  -1  -1  -1  -1 302  -1 296 217  -1  -1  -1  -1  34  -1 
 17  -1 246  -1 247  -1  -1  -1  82  -1  -1  -1  -1  -1 265  -1  -1 254  -1 215  -1  -1  -1 209  -1  -1 
 18 132  77  -1 102  -1 126  -1  -1 124  -1  -1 290 122 161  -1  -1  -1  -1  47  -1  -1  -1  44  -1  -1 
 19  -1  -1  91  -1   1  -1 199  -1 155 262  -1  -1  -1  -1  -1  -1  33  -1 176 286  -1  -1  39  -1  -1 
 20  -1  -1  -1  -1  -1 127 100 154 298  -1  -1  -1  -1  25  -1  -1  -1  58  12  -1  -1  80  -1  -1  -1 
 21  -1  -1  -1  -1  -1  -1  -1  -1  -1  -1  -1 260 278  -1  -1  -1  -1 129 243  -1  -1 216  -1  -1  67 
 22  -1  -1  -1 114  -1 133  -1  -1 110  -1  -1  -1  -1  -1  -1  -1  -1  -1  62  -1  -1 279  -1  -1  -1 
 23 194 103 234 291  -1  -1  -1  -1  -1  -1  -1  -1  -1  -1  -1  -1 223  -1  -1  -1 303 201 192 192  -1 
 24  -1  26  45 202  -1  -1  -1  -1  -1 220  -1  76  -1  -1  -1  -1  -1 144  -1  -1  -1 120  -1 306  -1 
 25  -1 211  -1  -1  -1  -1  83  -1  -1  -1  86  -1  81  -1  -1  -1 238  -1  -1  -1  -1 171  -1  -1  -1 
 26 172  -1  -1  -1  -1  -1 117  -1  -1  -1  -1  -1 177 135  87  -1 121  -1  -1  -1  -1  -1  -1  -1  -1 
 27  -1  -1  -1  -1  -1  -1 276  -1  -1  -1  -1  13  -1  -1  -1  -1  -1   0  27  -1 173 299  -1  70  -1 
 28  -1  22  -1  -1 213  -1  -1 282  -1  -1  -1 152  -1 284  -1  -1 259  -1 157  -1  -1  -1  -1 113  -1 
 29  -1 293  -1  -1  -1  -1  -1  -1  -1  -1  -1  -1 300  -1  -1  -1  -1  -1 116  -1  -1  -1  -1  -1  -1 
 30  -1  -1  30  -1  -1   2   2  -1  17  17  -1  24   4   4  -1  19  19  19  -1  -1  -1  -1  -1  -1  -1 
 31  -1  -1  -1  -1  -1  -1  -1  31  31  31  -1  -1  -1  -1  -1  -1  -1  -1  -1  -1  -1  -1  -1  -1  -1 
 32  46  46  -1  48  48  -1  74  61  61  -1  -1  -1  63  63  63  -1  -1  -1  -1  -1  -1  -1  68  -1  -1 
 33  -1  -1  -1  -1  -1  -1  -1  75  75  75  -1  -1  -1  -1  -1  -1  -1  -1  -1  -1  -1  -1  -1  -1  -1 
 34  92  92 118  -1  -1  -1  -1 112  -1  -1  -1  -1 105 105  -1  -1  -1  90  90  -1  -1  -1 107 107 107 
 35  -1  -1  -1  -1  -1  -1  -1  -1  -1  -1  -1  -1 119 119 119  -1  -1  -1  -1  -1  -1  -1  -1  -1  -1 
 36  -1 151 151 151  -1  -1 156  -1  -1  -1  -1  -1  -1  -1  -1 149 149 134 134  -1  -1 136 136 162  -1 
 37  -1  -1  -1  -1  -1  -1  -1  -1  -1  -1 163 163 163  -1  -1  -1  -1  -1  -1  -1  -1  -1  -1  -1  -1 
 38  -1 180 180 178 178  -1 206 195 195 195  -1  -1  -1  -1  -1  -1  -1 193 193  -1  -1  -1  -1 200  -1 
 39  -1  -1  -1  -1  -1  -1  -1  -1  -1  -1  -1  -1  -1  -1  -1 207 207 207  -1  -1  -1  -1  -1  -1  -1 
 40 224 224  -1 222 222  -1  -1  -1  -1  -1  -1 250 239 239 239  -1  -1 244  -1  -1  -1  -1 237 237  -1 
 41  -1  -1  -1  -1  -1  -1  -1  -1  -1  -1  -1  -1  -1  -1  -1  -1  -1  -1  -1  -1  -1  -1 251 251 251 
 42  -1  -1 283 283 283  -1  -1 288  -1  -1  -1 268 268  -1  -1  -1 294 266 266  -1  -1  -1  -1 281 281 
 43  -1  -1  -1  -1  -1  -1  -1  -1  -1  -1  -1  -1  -1  -1  -1  -1  -1  -1  -1  -1  -1  -1 295 295 295 
 44  -1  -1  -1  -1  -1  99  -1  -1 241  97  21  96 140 185  -1  -1  -1  -1  -1  -1  -1  -1 181  -1  -1 
 45  -1  -1  -1  -1  -1  -1  -1  -1 285 143  -1  -1  -1  -1  -1  -1  51  55  -1  -1  -1 229  -1  -1  -1 
 46  -1  -1  -1  -1  -1  -1  -1 315  -1 274  -1  52  -1  -1  -1  -1 186  -1  -1  -1  -1  49 228  -1  -1 
 47  -1  -1  -1 141  -1  -1  -1  -1  -1  -1  -1  -1  95  -1  -1  -1 137  -1  -1  -1  -1 182  -1  -1  -1 
 48 269  -1  -1 273  -1 271  94  -1  -1  -1  -1  -1  -1  -1  -1  -1   7  -1  -1  -1  -1  -1  -1 309  -1 
 49  -1 272 109  10  -1  -1  50  -1 308  -1  -1  -1  53  -1  -1  -1  -1  -1  -1  -1  -1  -1  -1  65  -1 
 50   9  -1  -1  -1 138  -1 142  -1  -1  -1  -1 139  -1  -1 312  -1  -1  -1  -1  -1 310   6  -1  -1 316 
 51  -1  -1  -1  98  -1  -1  -1  -1  -1  -1 313 187 226  -1  -1 314  93 230  -1 311  -1  -1   5  -1  -1 
 52  -1  -1 225  -1  -1 183  -1  -1  -1  -1  -1 231  -1  -1 197  -1  -1 184  -1  -1  -1 275  -1  -1  -1 
 53  -1  -1  -1  -1  -1  54 227  -1  -1  -1  -1   8  -1 153  -1  -1  -1  -1  11  -1  -1  -1 270  -1  -1 

r\t   0   1   2   3   4   5   6   7   8   9  10  11  12  13  14  15  16  17  18  19  20  21  22  23  24 
  0  -1 168 254  -1 238  -1  -1  -1  44  -1  -1  81  -1 179  -1  -1  -1  87  29  -1  -1  -1 278 306  -1 
  1  -1  -1  80  32  -1  -1  -1  -1  -1  -1  -1  -1  -1 232  -1  -1 100  -1 299  -1  -1  -1  -1  -1  -1 
  2  -1  -1  -1  -1  -1  -1 284  78  -1  -1  -1  -1  -1  -1  -1  -1  -1 292  23  -1  -1  62  -1  -1  -1 
  3  -1  -1  -1  -1 174 221 190  -1  -1  -1  -1  -1  -1  -1  -1  -1 296  -1  -1 261  -1  -1  60  60  -1 
  4  -1  37  -1  -1  40 302 160  -1  -1  -1  -1  -1  -1 194  -1  -1  -1 124  -1  -1  -1 247  -1 290  -1 
  5  -1  -1 236 236  -1  84  -1 101 264  -1  -1  -1  -1  73  -1  -1 144  91  -1  -1  -1  -1  -1  -1  -1 
  6  -1  -1 300  -1  66  -1  -1 209  -1  -1  -1  89  -1  -1  -1  -1  -1  -1 117  -1  -1  -1  -1  -1  -1 
  7  -1 293  -1  -1  -1 171  -1 279 102  -1  -1  -1  -1 161  67  -1  -1  -1 286  22  -1  -1  26  -1  -1 
  8 129  70  -1  -1  -1  -1  -1 145  -1  -1  -1  -1  -1  -1  -1  -1   0  71  -1  -1  -1 204 234 121  -1 
  9  -1  -1 122  -1  -1  -1  56 115  -1  -1  -1  -1  -1 135  38  -1 235  -1  -1  -1  -1  -1  -1  -1  -1 
 10  -1  -1 125  -1  -1  -1  -1  -1  36  -1  -1  86 210  -1  -1 223  -1  -1  -1  -1 219  -1  -1  -1  -1 
 11  -1  -1  -1 148 148  -1  -1  27  -1  -1  -1  -1  -1  -1  -1  -1  -1  -1  -1  -1  -1  -1 202  -1  -1 
 12  -1  -1  45 301 215  -1  -1 165  -1  42  -1 265 297  -1  -1 176 203  -1  -1  -1  -1  -1  -1  -1  -1 
 13  -1  88  -1  -1  -1  -1  -1  13 298  -1  -1   3  -1  -1  -1  -1  -1  -1  -1  -1  -1 243  -1  -1  -1 
 14  -1  -1  12  -1  -1 303  -1  -1 150  -1  -1  -1 110  -1  -1 280 280  -1  -1  41 282 159  -1  -1   1 
 15  -1  -1  -1  -1  -1  -1  -1  -1  -1  -1  -1  -1  -1 154 155  -1  -1 287 169  -1  -1  -1  -1  -1  -1 
 16  -1  -1  -1 220  -1  -1 262  -1  33  -1  -1 188 253  -1  -1  -1  -1 267  -1  -1  -1  -1 216  -1  -1 
 17  -1  -1  -1  76 263 128  -1  -1  -1  -1  -1  -1  -1 291  -1  -1  77  15  -1  -1  -1 113  -1 103  -1 
 18  -1  -1  25  -1  -1  -1  -1  -1  -1  -1  -1  28  -1  -1  -1  -1  -1 252 167  -1  -1  -1  -1  -1  -1 
 19  -1 205 307  -1  -1  -1 201  -1  -1  -1  -1  -1 214  -1  -1  -1  -1 106  -1  -1  -1  -1  -1  -1  -1 
 20  18  14  -1  -1  -1  -1 240  -1 276  -1  -1  -1  -1  -1  -1  -1  -1 189  -1  -1  -1  -1 131  -1  -1 
 21 260 133  -1 246  -1  -1  -1  -1  -1  -1  -1 245  -1 116  -1  -1 175  -1 255  -1  -1  -1  -1  -1  -1 
 22  -1  -1  -1  -1  -1  -1  -1  59 212 170  -1  -1  -1  -1  -1  -1  64 233  72  -1  -1  -1 120 158  -1 
 23 218  -1 259 166  -1  -1  34  -1  -1  -1  39  -1  -1  -1  -1  -1  -1  -1 257  -1 242  -1  -1  83  -1 
 24  -1  58 147  -1  -1  -1 146  -1  20  -1  -1  -1 217  -1  -1  -1  35 157  -1  -1  -1 199  -1  -1  -1 
 25  -1 249  -1  47  -1  -1 256  -1  -1  -1  -1 152 123  -1  -1  -1  -1  -1 172 126  -1  -1  -1  -1 127 
 26 258  -1 277 196  -1  -1 108  -1  -1  -1  82  -1  -1 211 213  -1 304  -1  -1  -1  -1  -1 164 248  -1 
 27  -1 191  -1  -1  -1  16  16  -1  -1  -1 130 208  -1  -1  -1  -1  -1 132  -1  -1  85  79  -1  -1  -1 
 28  -1  -1  -1  -1  -1 177 114 289  57  -1  -1  -1 198  -1  -1  -1  -1  43 111  -1  -1  -1  -1  -1  -1 
 29  -1  -1  -1 305  -1  -1  -1 192 192  -1  -1  -1 173 104 104  -1  -1  -1  -1  -1  -1  -1  -1  69  -1 
 30  -1  24   4   4  -1  -1  -1  -1   2   2  -1  -1  -1  17  17  -1  -1  -1  -1  -1  19  19  19  30  -1 
 31  -1  -1  -1  -1  -1  -1  -1  -1  -1  -1  -1  -1  31  31  31  -1  -1  -1  -1  -1  -1  -1  -1  -1  -1 
 32  -1  -1  -1  -1  -1  -1  -1  -1  74  -1  -1  -1  61  61  -1  46  46  63  63  63  -1  68  48  48  -1 
 33  -1  -1  -1  -1  -1  -1  -1  -1  -1  -1  75  75  75  -1  -1  -1  -1  -1  -1  -1  -1  -1  -1  -1  -1 
 34  -1  -1 105 105  -1  92  92  -1 118  -1  -1  -1  -1  -1  -1  -1 112  -1  -1  -1 107 107 107  90  90 
 35  -1  -1 119 119 119  -1  -1  -1  -1  -1  -1  -1  -1  -1  -1  -1  -1  -1  -1  -1  -1  -1  -1  -1  -1 
 36  -1  -1 134 134  -1 136 136 162  -1  -1  -1  -1  -1  -1  -1  -1 156 149 149  -1 151 151 151  -1  -1 
 37  -1  -1  -1  -1  -1  -1  -1  -1  -1  -1 163 163 163  -1  -1  -1  -1  -1  -1  -1  -1  -1  -1  -1  -1 
 38  -1  -1  -1  -1  -1  -1 178 178 180 180  -1  -1  -1  -1  -1 193 193 200 206  -1  -1  -1 195 195 195 
 39  -1  -1 207 207 207  -1  -1  -1  -1  -1  -1  -1  -1  -1  -1  -1  -1  -1  -1  -1  -1  -1  -1  -1  -1 
 40  -1 222 222  -1  -1  -1  -1  -1 237 237 239 239 239 250  -1  -1  -1  -1  -1  -1  -1  -1 244 224 224 
 41  -1  -1  -1  -1  -1  -1  -1 251 251 251  -1  -1  -1  -1  -1  -1  -1  -1  -1  -1  -1  -1  -1  -1  -1 
 42 281 281 266 266  -1  -1  -1  -1  -1  -1  -1  -1 283 283 283  -1  -1  -1  -1  -1  -1 288 294 268 268 
 43  -1  -1  -1  -1  -1 295 295 295  -1  -1  -1  -1  -1  -1  -1  -1  -1  -1  -1  -1  -1  -1  -1  -1  -1 
 44  -1   5 186  -1  -1  -1  -1  -1  -1 138  -1  -1  -1  -1  -1  -1 139  -1  -1  -1  -1  -1  -1  -1  -1 
 45 309 273  96  -1  -1  -1  50  -1  -1  -1  -1  -1  -1  -1  -1  -1  -1  -1  -1  -1  -1  -1  -1  -1 140 
 46  -1  49  -1  -1  -1  -1  -1 141  -1  -1  -1  21  -1 230 311  -1 269 185  -1  -1  -1  -1  -1 142  -1 
 47  -1  -1  -1  -1 310   9  -1  -1  -1  -1  -1 227 308  -1  -1 143  -1 225  -1  -1 314  -1 274  -1  -1 
 48  -1  -1  -1  -1  -1  -1   6  -1  -1  -1 316  -1  -1  -1  -1   8  -1  -1 197 153  -1 315  -1  -1  -1 
 49  -1  -1  -1  65  -1  -1  -1  51  -1  97  -1  -1  -1  99  -1  -1  93  -1 241  -1  -1  -1 228  -1  53 
 50  -1  -1  -1  -1  -1  54 229  11  -1  55  -1 182  -1  -1  -1 271 187  -1  -1  -1  -1  -1  -1  -1  -1 
 51  -1 181  -1  -1  -1  -1  -1 226  -1  -1  -1  -1  -1 272  -1  -1  -1  -1  -1  -1  -1  -1  -1  10  -1 
 52 109  -1  -1  -1  -1  -1 270  -1  -1  -1  -1 137  -1  52  -1  -1  -1  -1 313  -1  -1  -1 183  -1  -1 
 53  -1  -1  -1  -1  -1  -1  -1  94  98 275  -1  -1  -1  -1  -1  95 231   7  -1 312  -1 285  -1 184  -1 

r\t   0   1   2   3   4   5   6   7   8   9  10  11  12  13  14  15  16  17  18  19  20  21  22  23  24 
  0  -1 235  -1  -1  -1  -1  -1  -1 146  -1  -1 101  -1  -1  -1  -1 276  23  -1  -1 265  -1 116  -1  -1 
  1  -1  -1 210 176  39  -1  -1  -1  -1  -1  -1  -1  -1 157  -1 175  15  -1  -1  -1  -1 165  -1  -1  -1 
  2  -1  -1  -1  -1  -1 125 113 296  -1  -1  81  -1 286  -1  -1  -1 161 282  -1  -1  -1  -1  25  -1  -1 
  3  -1  -1 264 208  -1  -1 299 120  -1  -1  -1  29  -1  -1  -1  -1  -1 110 297  -1  -1 205  -1  -1  -1 
  4  -1  -1  -1 104 104  -1  -1  -1  58  -1  -1 167  87  -1 129  -1  -1  -1  -1  -1  -1 196 213  -1  -1 
  5  -1  -1 214  -1  -1  -1  -1 194 278  -1  -1  -1  -1 262  -1  -1  47  -1 245  -1  -1  -1  -1  -1  -1 
  6  -1  32  16  16 128  -1  -1  78  -1  -1  -1  -1  -1  -1  -1  -1 189 254  -1  89 221 246  -1  88  -1 
  7 303  86 290  -1  -1  -1 223  -1  -1  -1  -1 258  -1  -1  -1  -1  -1 291  22  -1  -1 267  -1 103  -1 
  8  -1  -1  -1  -1  -1  42  -1  -1  -1  -1 171 122  -1  -1  -1 150  -1  -1  -1  -1  -1  -1  -1  -1  -1 
  9 259 211  -1 300  -1  -1  -1  -1 108  -1  -1  -1  -1 219  -1  -1  -1 199  -1  -1  -1  -1  -1  -1  -1 
 10  -1  -1  -1  70  -1  -1 145 133  27  18  -1  -1 148 148  -1  -1  62  -1 111  -1  -1  -1 289 135  -1 
 11  -1  -1  -1  -1  -1  -1  28 179 168  -1  -1 204  -1  -1  -1  -1  -1  -1  -1 177  -1  -1 263 123  -1 
 12  -1  80  -1  38  -1  -1  -1  -1  -1  -1  -1 255  -1 216 301  -1   0  -1  -1  -1  -1  -1  -1  -1  -1 
 13  -1 191  -1  -1  -1  -1 188  56  -1  -1  -1  14  -1  -1  -1  -1  -1  -1  -1  -1  -1  -1  -1 126  -1 
 14  -1  -1  -1  -1  -1  -1  40  -1  -1 215  -1  -1  -1  -1  -1  -1  -1  -1  -1 173  -1 144  -1  -1  -1 
 15  -1  -1 117  -1  -1  -1 217  13 190 130  -1  -1  -1  -1  -1  -1  -1  -1  -1 220  -1  12  -1  -1 172 
 16  -1  -1  -1  -1  -1  -1  -1  -1  -1  -1  -1 298 306 284  -1 236 236 152  26  -1  43  64 155  -1  -1 
 17  -1  20  -1  -1  -1  -1  -1 256  -1  -1  60  60  66 212  -1  -1 253  -1  -1  -1  -1  -1  85  -1  -1 
 18  -1  -1 248  -1  -1  -1  59  35  -1  -1  -1  -1  84  -1  -1  -1 293  36  -1  -1  -1  -1  -1  -1  -1 
 19  -1  -1  34  45  -1  -1 202  -1  -1  -1  -1 261 201  -1  -1  -1 147  82 174  -1  -1 132  -1 234  -1 
 20  -1 158  -1  -1 198  -1  -1  -1  -1  -1  -1  -1  -1  -1  -1  -1  -1  -1  -1  -1  -1 232  -1  -1  -1 
 21  -1 124  76  -1  -1  -1  83  -1  -1  -1  -1  -1  -1  -1  -1  -1  -1  -1  -1  -1  -1  -1 242  72  -1 
 22  -1  -1  -1  -1  -1  -1 279 277  44  -1  -1 169  69  -1  -1  -1  -1  -1  -1   1  -1  37  -1  -1  -1 
 23  -1  57 192 192  -1  -1  41  -1  -1 305  -1  -1  -1  -1  -1  -1 218 238  -1  -1  -1 121  -1  -1  -1 
 24  -1  -1  -1  -1  -1  -1  -1  -1  -1  -1  -1  -1  -1 127  -1  -1 100 209  -1 307  -1  -1  -1  -1  -1 
 25  -1  -1 159 243  -1  -1  -1  -1  -1 106  -1  -1  -1  -1  -1  -1  -1  -1  -1  -1  -1 287  -1 154  -1 
 26  -1  -1  -1  -1  -1 302 166 203  -1  -1 304 240  -1  -1  -1  -1  33 114  -1  -1  91  -1  -1  -1  -1 
 27  -1 247  -1  -1  -1  -1   3  -1 252  -1 280 280  -1  -1  -1  -1 260  -1  -1  -1  -1 102  -1 249  -1 
 28  67  -1  -1 164  -1  -1 131 257  -1  -1  -1  -1  -1  -1  -1  -1  73  -1 115  -1  -1  71  -1  -1  -1 
 29  -1  -1 233  -1  -1  -1  -1  -1 292  -1  -1  -1  -1  79  -1  -1  -1  -1  -1  -1  -1  77  -1 160 170 
 30   4   4  -1  24  -1  -1  -1   2   2  -1  -1  -1  17  17  -1  -1  -1  -1  -1  -1  -1  30  19  19  19 
 31  -1  -1  -1  -1  -1  -1  -1  -1  -1  -1  -1  -1  31  31  31  -1  -1  -1  -1  -1  -1  -1  -1  -1  -1 
 32  -1  46  46  -1  -1  -1  -1  -1  74  -1  48  48  -1  68  -1  -1  -1  61  61  -1  -1  -1  63  63  63 
 33  -1  -1  -1  -1  -1  -1  -1  -1  -1  -1  -1  -1  -1  -1  -1  -1  -1  75  75  75  -1  -1  -1  -1  -1 
 34  92  92  -1 112  -1 107 107 107  -1  -1  90  90 105 105  -1  -1 118  -1  -1  -1  -1  -1  -1  -1  -1 
 35  -1  -1  -1  -1  -1  -1  -1  -1  -1  -1  -1  -1 119 119 119  -1  -1  -1  -1  -1  -1  -1  -1  -1  -1 
 36 134 134 151 151 151 136 136  -1  -1  -1 149 149 156  -1  -1  -1  -1  -1  -1  -1  -1  -1 162  -1  -1 
 37  -1  -1  -1  -1  -1  -1  -1  -1  -1  -1  -1  -1  -1  -1  -1  -1  -1 163 163 163  -1  -1  -1  -1  -1 
 38 178 178  -1  -1  -1 180 180  -1  -1  -1  -1  -1 195 195 195  -1 200  -1 206  -1  -1  -1 193 193  -1 
 39  -1  -1  -1  -1  -1  -1  -1  -1  -1  -1  -1  -1  -1  -1  -1  -1  -1  -1  -1  -1  -1  -1 207 207 207 
 40 224 224  -1 244  -1  -1 250 239 239 239 222 222  -1 237 237  -1  -1  -1  -1  -1  -1  -1  -1  -1  -1 
 41  -1  -1  -1  -1  -1  -1  -1  -1  -1  -1  -1  -1 251 251 251  -1  -1  -1  -1  -1  -1  -1  -1  -1  -1 
 42 266 266 283 283 283  -1  -1 268 268  -1  -1  -1 288 294  -1  -1  -1  -1  -1  -1  -1  -1 281 281  -1 
 43  -1  -1  -1  -1  -1  -1  -1  -1  -1  -1  -1  -1  -1  -1  -1  -1  -1  -1  -1  -1  -1  -1 295 295 295 
 44  -1  -1  -1  98  -1  -1 241  -1  -1  -1  -1   6  -1  -1 316  -1  -1  -1  -1  -1 143  99  -1  -1  -1 
 45  -1  -1 228   5  65 271  -1  -1  -1 312 138  -1  -1 269  -1  -1 270  -1  -1  -1  54  -1  -1  -1  -1 
 46  -1  -1 181  -1 314 229  -1  51  -1  -1 183 182  -1  -1  -1  -1  -1  -1  -1  -1 187  -1  -1  -1  -1 
 47  -1  -1  -1  -1  -1  -1  -1  -1  -1  -1   7  -1  -1 225  -1  -1  -1  -1 285  -1  -1  -1 109  -1  -1 
 48  -1  -1 141  -1  -1  -1 273  97 185  -1  -1  -1  -1  -1  -1  -1 142  -1  -1  -1  -1  10  -1  53  -1 
 49  -1  -1   9  -1  -1  -1  21  -1  -1 153  -1 272  -1  49  -1  -1  -1  -1 311  -1  -1  52  -1  -1  -1 
 50  -1  -1  -1  -1  -1  55  -1  -1  -1  -1 274 139  -1  -1  -1  -1  -1  -1  -1  -1  -1  -1  -1  -1 308 
 51  -1  -1  -1  -1  -1  -1  50 226  -1  -1  -1  -1  -1  -1  -1  -1  96  -1  -1  -1  -1 227  -1  -1  -1 
 52  -1  -1  -1  -1  -1  11  95  -1  94  -1  -1  -1 315  -1  -1  -1 230 309 197 275  -1  -1  -1  -1  -1 
 53  -1  -1  93  -1  -1  -1  -1  -1 140  -1  -1  -1  -1 137  -1 310 186  -1  -1  -1   8 184 313 231  -1 

r\t   0   1   2   3   4   5   6   7   8   9  10  11  12  13  14  15  16  17  18  19  20  21  22  23  24 
  0 220  -1  -1  -1  66  -1  -1 234  -1  -1  -1 264  -1  -1  -1  -1 190  16  16 150  -1  -1 286  -1  -1 
  1 177  20 114  -1  -1  22 164  -1 209  -1  -1  -1  -1 260  -1 262  -1  -1  -1  -1  -1  -1 199 299  -1 
  2  -1  -1  -1  -1  -1  -1 258 216  -1  -1  40 211  -1  -1  -1  -1 205  -1  -1  -1  -1 161  -1  -1  -1 
  3  -1  -1  -1 300  -1  -1  -1  -1  -1  -1  -1  -1  -1  -1  -1  -1  64 173  -1  -1  -1 249  -1 217  -1 
  4  -1 290 192 192  -1 131 111  15  88  -1  -1  -1  -1  41  -1  -1  80 301 196  -1  -1  -1  -1 189  -1 
  5 257  -1  -1  -1  -1 172 169 279 261  -1  -1  -1  -1  32  -1  -1  -1  -1  -1  -1  18 179 254 221  -1 
  6 265  -1  -1  -1  -1  -1  -1 171  -1  -1  -1  -1 123  -1  -1  -1 307  34  27  83  -1  -1  -1  -1  -1 
  7  -1  -1 168 248  -1  -1  -1  -1 235  -1  -1  -1  -1 159  -1  -1 127  -1  -1  -1  -1 194  -1  -1  -1 
  8  -1  -1  -1  -1  -1  -1  -1  -1  -1  -1  -1  -1 245 116  -1  -1  13  -1  -1  -1  -1  -1  -1  -1  -1 
  9  -1 198  -1  -1 106 218 135 252  -1  -1  -1  -1  -1 267  -1  -1  -1  -1  -1 125  -1 202 243  -1  -1 
 10  -1 287  -1  -1  -1 130 212  79 113  -1  -1  -1  -1  -1  -1  -1  -1  -1  -1 304 170  -1  -1  -1  -1 
 11  -1  -1  -1  -1  -1  -1  62  -1   1  -1 305  -1  -1  -1  -1  -1 240  -1  -1  -1  -1  -1  -1  -1  -1 
 12  -1  -1  -1  28  -1  -1 121 201  -1  -1  -1 306 208  -1  -1  -1  -1  -1  -1  -1  -1  -1 296  -1  37 
 13 133  -1  -1  -1  -1 213  47  -1  -1  -1  -1 289  -1 298  -1  -1  -1  -1  81  -1  -1  72  67  -1  -1 
 14  -1  56  78  -1 155  -1  91  -1  -1  -1  -1  -1  25 253  82  86  -1  -1  76  -1  -1 144 214 101  -1 
 15 175 259  -1 236 236  -1  26  -1  -1  -1  -1   3  -1  -1  -1  -1  33  70 157  -1  -1  35  -1  60  60 
 16  -1  -1  -1  -1  -1  -1 233  -1 145  -1  -1  23  -1  -1  -1  -1  -1  -1  -1  -1  -1  87  -1  71  -1 
 17  -1  -1  -1  -1  -1  -1 188  -1  -1  -1  -1  -1  -1  -1  -1  -1  36 104 104  -1  -1  -1  -1  77  -1 
 18  -1 147  58  -1  -1  -1  -1  -1 284  -1  -1  -1 110  -1  -1  -1  -1  -1  -1  -1  -1 174  -1  -1  -1 
 19  -1  -1  -1  -1  -1  -1  -1 176  -1  -1  -1  89  -1  -1  -1  -1  -1  -1 297  -1  -1 242  -1 129  -1 
 20  -1 263  -1  45  -1  -1  -1  -1 102  -1  -1  -1  -1   0  -1  -1  -1 293  -1  -1  -1  -1  -1  29  -1 
 21  -1  -1  -1 152  -1  -1  -1 103  -1  -1  -1  73  -1  -1  -1  -1  -1 148 148  -1 238  -1  -1  -1  -1 
 22  -1  -1  -1 160  -1  -1  -1  -1 165  -1  -1 278  -1  -1  39  -1 291  -1 117  -1  -1  44  -1  -1  -1 
 23  -1  -1  -1  -1  -1  -1  -1 146  -1 302  -1  -1  -1  -1  -1  -1  -1 167  -1  -1  -1 215  -1  -1  -1 
 24  -1  -1  -1  -1  -1  -1 154 120 255  -1  -1  -1  -1  -1  -1  -1 256  -1  -1  -1  -1  85  -1 277  -1 
 25  -1  -1 280 280  -1  -1  -1 132  84  -1  -1 158  59  -1  -1 126  -1 191  -1  -1  -1 292  -1  -1  -1 
 26  -1 115  -1  -1  -1  -1  -1  -1  -1 128  -1  -1  -1 100  -1  -1 124  -1  -1  -1  -1  -1  -1  -1  -1 
 27  -1  -1 247  -1  -1  -1  14  -1  69 219  -1  57  43  -1  -1  -1  -1 303  -1  -1  -1 223  -1 246  -1 
 28  -1  -1  -1 108  -1  -1 276  -1  -1  -1  -1  -1  -1  42  -1  -1  38  -1  -1  -1  -1  12  -1 204  -1 
 29  -1 232  -1 203  -1  -1  -1  -1  -1  -1  -1 210  -1 282  -1  -1 166  -1  -1  -1  -1  -1 122  -1  -1 
 30  -1  -1  17  17  -1  -1  -1  24  -1  -1  -1  30  19  19  19   4   4  -1  -1  -1  -1  -1  -1   2   2 
 31  31  31  31  -1  -1  -1  -1  -1  -1  -1  -1  -1  -1  -1  -1  -1  -1  -1  -1  -1  -1  -1  -1  -1  -1 
 32  -1  74  -1  -1  -1  -1  68  61  61  -1  -1  -1  -1  -1  -1  48  48  63  63  63  -1  -1  -1  46  46 
 33  -1  -1  -1  -1  -1  -1  -1  -1  -1  -1  -1  -1  75  75  75  -1  -1  -1  -1  -1  -1  -1  -1  -1  -1 
 34 107 107 107 118  -1  -1  -1  -1  -1  -1  -1  -1  -1  -1  -1  92  92 112  -1  -1 105 105  -1  90  90 
 35  -1  -1  -1  -1  -1  -1  -1  -1  -1  -1  -1  -1  -1  -1  -1  -1  -1  -1  -1  -1 119 119 119  -1  -1 
 36  -1 156 134 134  -1  -1  -1  -1 162  -1 151 151 151  -1  -1 136 136  -1  -1  -1  -1  -1 149 149  -1 
 37  -1  -1  -1  -1  -1  -1  -1  -1  -1  -1  -1  -1  -1  -1  -1  -1  -1  -1  -1  -1  -1  -1 163 163 163 
 38  -1 206 200  -1  -1  -1  -1 193 193  -1  -1  -1 195 195 195 180 180  -1  -1  -1  -1  -1  -1 178 178 
 39  -1  -1  -1  -1  -1  -1  -1  -1  -1  -1  -1  -1  -1  -1  -1  -1  -1 207 207 207  -1  -1  -1  -1  -1 
 40  -1 244  -1  -1  -1  -1 222 222  -1  -1  -1 250 239 239 239 224 224 237 237  -1  -1  -1  -1  -1  -1 
 41  -1  -1  -1  -1  -1  -1  -1  -1  -1  -1  -1  -1  -1  -1  -1  -1  -1 251 251 251  -1  -1  -1  -1  -1 
 42  -1  -1  -1  -1  -1  -1 294  -1  -1  -1  -1 288  -1  -1  -1 266 266 283 283 283 281 281  -1 268 268 
 43  -1  -1  -1  -1  -1  -1  -1 295 295 295  -1  -1  -1  -1  -1  -1  -1  -1  -1  -1  -1  -1  -1  -1  -1 
 44  -1  94 269  99  -1  -1 186  -1 140  -1  -1 228  -1  -1  -1  -1  -1 138 143  -1  -1  -1  -1  -1  -1 
 45  -1 229 230  -1  -1  -1   8 270  -1  -1  -1  -1 285 181  -1  -1  -1 226  -1  -1 312  -1  -1  -1  -1 
 46  -1 137  -1 227  -1  -1  -1  -1  -1  -1  65  -1  -1  -1  -1  -1  -1  -1   5 315  -1  11  -1  -1  -1 
 47  -1  51  -1  -1  -1 310  -1   7  -1  -1 241  -1  -1  -1 316  -1  -1  -1  -1  -1  -1  -1  -1  -1  -1 
 48  -1  -1  10  -1  -1  -1  -1  96  -1  -1  -1  -1  -1  98  -1  -1  -1  93  -1  -1  -1  -1  -1  -1  -1 
 49  -1  -1  54 272  -1  -1 273  -1  52 197 109  53  -1  -1  -1  -1  -1  -1  -1  -1  -1  -1  -1 139  -1 
 50  -1  -1  -1  -1  -1  -1  -1  -1  -1  -1  -1  -1  -1  -1  -1  -1  -1  -1  -1  -1 153  -1  -1  -1 225 
 51  -1  -1  97  -1  -1  -1  -1  -1 185 309 314  -1  -1 142  -1  -1  -1 274 183  -1  -1  -1  -1  -1  -1 
 52  -1  -1 182 187  -1  -1  -1  -1 231  -1  -1  -1 308  -1  -1  -1  -1  -1  95  -1  -1 271 313  -1  -1 
 53  55  -1  -1   6 311  -1  -1  49 275  -1  -1 184  -1  -1  -1  -1  -1   9  50  -1  -1 141  21  -1  -1 

r\t   0   1   2   3   4   5   6   7   8   9  10  11  12  13  14  15  16  17  18  19  20  21  22  23  24 
  0  -1  -1  -1 133  -1  -1 247  -1 205  -1  -1  -1 292  -1  -1  -1  87  -1  -1  -1  -1  -1   3  -1  -1 
  1  -1  -1  -1 113  -1  -1  -1  -1  -1  -1  -1  29  -1  -1  -1  -1 189 238  -1 125 262  -1  38  -1  -1 
  2  -1  -1 152  70  -1  -1  -1  -1  -1  -1  -1  -1  -1  -1  -1  -1 258  -1  -1  -1  -1  -1  16  16  -1 
  3 155  -1  -1  -1  -1  -1 291  -1 287  -1  -1  59  -1  -1 220  22  -1  -1 121  -1  -1  -1  -1  25  -1 
  4  -1  80  69  27 150  -1  -1  -1  -1 176 177  -1 172 296  -1  -1  -1  -1  -1  -1  -1  -1  -1  -1  -1 
  5 135 160 165  -1  -1  -1  -1  -1 293  -1  -1  -1  -1 166  44  -1  -1  -1  -1  -1  -1  -1 208 203  -1 
  6  -1  -1  -1  -1  -1  -1  -1 214  -1  -1  -1 299  -1 102  -1  -1 277  34  -1  -1 126 154 100  -1  -1 
  7  -1 198  -1  -1  -1  -1 264 201  -1  -1  -1 108  -1  -1  -1  -1  -1  -1 289  -1  -1  -1  -1  -1  40 
  8  -1  -1  -1  -1  -1  41  20 217  -1  -1  -1  -1  -1  -1  -1  -1  -1 298  77  -1  -1 282  -1 170  -1 
  9  -1  -1 253  -1  -1  -1 147 218 246  -1 236 236  13 169  -1  -1  -1 279  71  -1  -1  32  -1  73  -1 
 10  -1 101  86 290  -1  -1  -1  -1  -1  -1  -1  -1  -1 276 259  -1  26  -1  39  -1  -1  -1  -1  -1  -1 
 11 257  66 132 191  -1  -1  -1  -1  -1  -1  -1  -1  -1  -1   1  -1  -1   0  -1  -1  -1  -1 131  -1  -1 
 12  -1  -1  -1 204  -1  -1  -1  -1  57  -1  -1  -1 249  -1  -1  -1  76  -1  -1  -1  -1 300  -1  -1  -1 
 13  -1  23  -1  -1  -1 215 161  37  -1  -1  -1  -1  -1  -1  -1  -1 159  -1  84  -1  -1  -1  -1  -1  -1 
 14  -1  36  -1  -1  -1  -1  -1  -1 234  -1  -1  15  -1 123  -1 106 209  -1  -1  -1  -1 111  -1  -1  85 
 15  -1  -1 117  -1  -1  -1 212  -1  -1  -1  -1 301 278  -1  -1  -1  -1 120 211  -1  -1  -1  -1  -1  -1 
 16  -1  -1  -1 280 280  -1 190  -1  -1  -1  -1  -1 144  -1  81  -1 171  -1  -1  -1 173  -1  -1  -1  -1 
 17  -1  -1  47  45  67 221  -1  -1  -1  -1  -1  -1 103 145  -1  -1  -1  -1  -1  -1  -1 240  -1  -1  -1 
 18  -1 286  -1  -1  -1  -1  -1  89 267  -1  -1  -1  -1  -1  -1  62  -1 223  -1  -1  -1  64  -1  82 303 
 19  -1  -1  -1  -1  -1  -1  42  -1  -1  -1  83 146  -1  14  -1  -1  -1 158  -1  -1  -1  18  -1 110  -1 
 20  -1  -1 188  -1  -1  -1  -1 192 192  -1  -1  -1  -1 254  -1  -1  -1  -1  -1  -1  -1 302  -1  -1  -1 
 21 260 127  -1  -1  -1  -1  -1  -1  -1  -1  -1  -1  -1  -1  -1  -1  -1 130  -1  -1  -1  -1 167  -1  -1 
 22  -1  -1  -1 216  -1  -1  -1 235 104 104  -1  -1  35  -1  -1  -1 116  -1 210  -1  -1 157  -1 256  -1 
 23  -1  -1  -1  -1 307  -1 115  -1  -1 174  -1 248  -1  -1 304  -1  91  -1  -1  -1  -1  -1  -1  -1  -1 
 24 265  -1  -1  -1  -1  -1  -1 297  -1  -1 129  -1  -1  78  -1  -1  -1  -1  -1  -1  -1 199  -1  -1  -1 
 25  -1 114  -1 245  -1  -1 233  -1  -1  -1  -1 196  -1  -1  -1  -1 232 179  -1  -1  -1 219 128  -1  -1 
 26  -1 202  -1  -1  -1 305  79  -1  -1  -1  -1  -1  -1  -1  -1  -1  -1  -1 255  -1  -1 122  88 243  -1 
 27  -1  -1  -1  -1 263  -1  28 124  -1  -1  -1 168  60  60  -1 261  -1 252 194  -1  -1  -1  -1  -1  -1 
 28  -1  -1  -1  43 213 306  -1  72  -1  -1  -1 284  -1  -1  -1  -1  -1  12 242  -1  -1  -1 148 148  -1 
 29  -1  -1  33  -1  -1  -1  58  56  -1  -1  -1  -1  -1 175  -1  -1  -1  -1 164  -1  -1  -1  -1  -1  -1 
 30  -1  -1  19  19  19   2   2  17  17  -1   4   4  -1  -1  -1  -1  -1  -1  30  -1  -1  -1  24  -1  -1 
 31  -1  -1  -1  -1  -1  -1  -1  31  31  31  -1  -1  -1  -1  -1  -1  -1  -1  -1  -1  -1  -1  -1  -1  -1 
 32  -1  -1  -1  -1  -1  -1  68  48  48  -1  -1  74  46  46  -1  -1  -1  63  63  63  -1  -1  61  61  -1 
 33  -1  -1  -1  -1  -1  -1  -1  -1  -1  -1  -1  -1  -1  -1  -1  -1  -1  -1  -1  -1  75  75  75  -1  -1 
 34  -1  -1 105 105  -1  -1  -1  -1  90  90  -1  -1  -1  92  92  -1  -1 107 107 107  -1  -1 112 118  -1 
 35  -1  -1  -1  -1  -1  -1  -1  -1  -1  -1 119 119 119  -1  -1  -1  -1  -1  -1  -1  -1  -1  -1  -1  -1 
 36  -1  -1 162  -1  -1  -1  -1 149 149  -1  -1 134 134 136 136  -1  -1 151 151 151  -1  -1  -1 156  -1 
 37  -1  -1  -1  -1  -1  -1  -1 163 163 163  -1  -1  -1  -1  -1  -1  -1  -1  -1  -1  -1  -1  -1  -1  -1 
 38  -1  -1 180 180  -1  -1  -1 178 178  -1  -1  -1 193 193  -1  -1  -1 200  -1  -1  -1 206 195 195 195 
 39  -1  -1  -1  -1  -1  -1  -1  -1  -1  -1  -1 207 207 207  -1  -1  -1  -1  -1  -1  -1  -1  -1  -1  -1 
 40  -1 250 239 239 239  -1  -1  -1 222 222 224 224  -1 237 237  -1 244  -1  -1  -1  -1  -1  -1  -1  -1 
 41  -1  -1  -1  -1  -1  -1  -1  -1  -1  -1  -1  -1  -1  -1  -1  -1  -1  -1  -1  -1 251 251 251  -1  -1 
 42  -1 294 266 266  -1 283 283 283  -1  -1 268 268  -1  -1  -1  -1  -1  -1 288  -1  -1  -1 281 281  -1 
 43  -1  -1  -1  -1  -1  -1  -1  -1  -1  -1  -1  -1  -1  -1  -1  -1  -1  -1  -1  -1  -1  -1 295 295 295 
 44 185  -1  -1  -1  -1  55  53  -1  -1  -1  54  -1  -1  -1  -1  -1 140  -1  -1  -1  -1  -1 141  -1  -1 
 45  -1 313  65  -1  -1  -1 184  -1   6  -1  -1  -1  -1  -1  -1  -1  10 273  21  -1  -1  -1 183  -1  -1 
 46  -1  -1   7  -1  -1  -1  -1  -1 137  -1  -1  51  -1  -1 187  -1 272  98 285  -1  -1  -1  -1  -1  -1 
 47  -1  -1  -1  -1  -1  -1  -1  -1  -1 269  -1  -1 229 231  -1  -1  -1  -1  -1  -1  -1  -1  -1 315  -1 
 48  -1 241  95  -1  -1  -1 227  -1  -1  -1  -1 182   5   9  -1  -1 228  -1 314  -1  -1  -1 226  -1  -1 
 49  49 153  -1  -1  -1  -1  93  -1  -1  -1  -1  -1  -1  -1  -1 316  -1 197  -1  -1  -1  -1  -1  -1  -1 
 50  11  -1  -1  96  -1  -1  -1 225  -1  50 143  -1  -1  -1  -1  -1 181  -1  -1  -1  -1  -1  -1  -1  -1 
 51 230  -1  -1  -1  -1  99  -1  -1  -1  -1  -1  -1  -1 275  -1  -1  52 142  -1 309 310 308  -1  -1  -1 
 52  -1  -1  -1  -1  -1 186 139  -1  -1  -1  -1  94 274  -1  -1  -1  -1  -1  -1  -1  -1  -1  -1  -1  -1 
 53  97  -1  -1   8 312 138  -1  -1  -1  -1  -1  -1  -1  -1 271  -1 109  -1  -1  -1  -1  -1 270  -1 311 

r\t   0   1   2   3   4   5   6   7   8   9  10  11  12  13  14  15  16  17  18  19  20  21  22  23  24 
  0  60  60  -1 254  -1  -1  -1  13  -1  -1  -1 144  16  16  -1  -1  -1  -1  -1  -1  -1  -1  -1  -1  -1 
  1  -1  -1  -1  -1  -1  -1  -1  -1 264 174  -1  64  -1  -1  -1  -1  -1  -1  -1  -1  -1 210  -1  -1  -1 
  2  -1 120  -1  39  -1 215  -1 299  58  -1  -1  -1  -1  -1  -1  -1 220  -1  -1  -1  -1  87  -1 211  -1 
  3  -1 209  -1  -1  -1  -1  -1  -1 277  -1   1  69  -1  -1  -1  40  -1  -1  43  -1  -1 218 297  -1  -1 
  4  -1  -1  -1  -1  -1  -1  -1  -1 203  -1  -1 252  -1  -1  -1  -1 172  -1  -1  -1  -1  -1  -1  89  -1 
  5  -1 108  -1  -1  -1  -1  91  -1  -1  -1  -1  -1  -1 243  -1  -1  -1 267  -1  -1  44 133  73  47  -1 
  6  -1  -1  -1  -1  -1  -1  -1  -1  -1  -1 306  -1 284  -1  -1  -1  -1  -1  -1  -1  -1  -1  -1  -1  -1 
  7  -1  71  -1 199  -1  -1  -1  -1 103  -1  -1 169  -1  -1  -1  -1  76  29  -1 126  -1 217  -1 146  -1 
  8  -1  84 279  -1  -1  -1  -1  -1  -1  -1  -1  -1  -1 256  -1  -1  -1  -1 213  -1  -1  -1  -1 262  -1 
  9  -1 179  -1  -1 257  -1  -1  -1 191 301  -1 276  56  -1  -1  67 101  -1  22  85  -1  79 154  -1  83 
 10  -1 232  -1 212  -1  -1  -1  -1  -1  -1  -1  -1  -1  70  -1  -1  -1  -1  -1  -1  -1  -1  62  -1 106 
 11  -1  -1 258  -1  -1  -1  -1 198 255  -1  -1  -1 265 260  -1  -1 164 159  -1  -1  -1  -1  -1  -1  -1 
 12  -1  -1 145  -1 216  -1 147  -1 292  -1  -1  -1  -1 290  -1  -1 129 204  -1  -1  -1 131  -1 304  -1 
 13  -1  -1 130  -1  -1  -1  -1  -1  -1  -1  -1  -1 148 148  -1  82  -1 238  -1 261  -1  -1  -1  -1  -1 
 14  -1  -1  33  80  -1  -1  57 100 240  -1  -1 176 300  45  18  38  -1 286  -1 219  -1 152  -1 190  -1 
 15  -1  -1  -1  -1  -1  -1 296  59  -1  -1  -1  -1  -1 116  66  -1  34 173 307  -1 303  -1  -1  -1  -1 
 16  -1  27 234 150  -1  -1 114  -1  -1  -1  -1  -1 235 263  -1  -1 132  -1  -1  -1  -1  -1  -1  -1  -1 
 17  -1  -1 167  -1  -1  -1  -1  -1  14  -1  -1 259 123  -1  -1 236 236  -1  -1  -1  -1   3  -1  -1  -1 
 18  -1  36  -1 242  -1  -1 128 282  -1  -1  -1  -1  -1  -1  -1  -1  12 298 287  -1  -1 168 246  77  -1 
 19  -1  -1  -1  -1  -1  -1  -1  -1  -1  -1  -1  -1  -1 175  -1 280 280  -1  -1  -1  -1  28 194  -1  -1 
 20  -1 135   0  23  -1  -1 161  -1  -1  -1  -1 233 165  -1  -1  -1 305  -1  -1  -1  -1  -1 111 247  -1 
 21  -1  -1 189  -1  -1  -1  -1  32  -1  -1  -1 196  -1  -1  -1  -1 122  81  -1  -1  -1  -1  -1  -1  -1 
 22  -1  88  -1  -1  -1 192 192  -1  -1  -1  -1  -1  -1  -1  -1  -1  -1  -1  -1  -1  -1 293  -1  -1  -1 
 23  -1  -1 113  -1  -1  -1  -1  -1  -1  -1  -1 121 249 170  -1  -1  -1 223 155  -1  -1  -1  -1  -1  -1 
 24 125  -1  -1  -1  -1  -1 110  -1 115  -1  -1  -1 104 104  -1  -1 202  -1  -1  -1  -1 188  -1  -1  -1 
 25  -1 253  -1  -1  -1  -1 278  78  -1  -1  -1 160  -1  -1  -1  -1  -1  15 158 302  -1 117  42  -1  -1 
 26  -1 157  -1  -1  -1  -1  20 171  25  41  -1  -1  -1  -1  -1  -1  -1  -1  -1  -1  -1  -1  -1 166  86 
 27  -1  -1 201 127  -1  -1 208  -1  -1  -1  -1  -1  26  -1  -1  -1  -1  -1 248  -1  -1 102  -1 291  -1 
 28  -1  -1  72  -1  -1  -1  -1  -1  -1  -1 177  -1  -1  -1  -1  -1 289  -1  -1  -1  -1  -1  -1 124 214 
 29  -1  -1 245  -1  -1  -1  -1  -1  37  -1  -1 205  -1  -1  -1  -1  -1  -1  35  -1  -1 221  -1  -1  -1 
 30  19  19  19  -1  -1  -1  24  -1  -1  -1  -1  30   2   2  -1  -1   4   4  -1  -1  -1  -1  17  17  -1 
 31  -1  -1  -1  -1  -1  -1  -1  -1  -1  -1  -1  -1  -1  -1  -1  -1  -1  -1  -1  -1  -1  -1  31  31  31 
 32  -1  -1  63  63  63  -1  74  -1  46  46  48  48  -1  -1  -1  -1  -1  -1  61  61  -1  68  -1  -1  -1 
 33  -1  -1  -1  -1  -1  -1  -1  -1  -1  -1  -1  -1  -1  -1  -1  -1  -1  75  75  75  -1  -1  -1  -1  -1 
 34  -1  -1 107 107 107  -1  -1 118  90  90  92  92  -1  -1  -1  -1  -1 105 105  -1  -1  -1 112  -1  -1 
 35  -1  -1  -1  -1  -1  -1  -1  -1  -1  -1  -1  -1  -1  -1  -1  -1  -1 119 119 119  -1  -1  -1  -1  -1 
 36  -1  -1  -1 156  -1 134 134 149 149  -1 136 136 162  -1  -1 151 151 151  -1  -1  -1  -1  -1  -1  -1 
 37  -1  -1  -1  -1  -1  -1  -1 163 163 163  -1  -1  -1  -1  -1  -1  -1  -1  -1  -1  -1  -1  -1  -1  -1 
 38  -1  -1  -1  -1  -1  -1  -1 206 178 178  -1  -1 193 193  -1  -1  -1 195 195 195 180 180 200  -1  -1 
 39  -1  -1  -1  -1  -1  -1  -1  -1  -1  -1  -1  -1 207 207 207  -1  -1  -1  -1  -1  -1  -1  -1  -1  -1 
 40  -1  -1  -1  -1  -1 237 237  -1 222 222 224 224  -1  -1  -1  -1 250 244  -1  -1  -1  -1 239 239 239 
 41  -1  -1  -1  -1  -1 251 251 251  -1  -1  -1  -1  -1  -1  -1  -1  -1  -1  -1  -1  -1  -1  -1  -1  -1 
 42  -1 294  -1 281 281 266 266  -1  -1  -1 268 268  -1  -1  -1  -1 288  -1  -1  -1  -1  -1 283 283 283 
 43  -1  -1 295 295 295  -1  -1  -1  -1  -1  -1  -1  -1  -1  -1  -1  -1  -1  -1  -1  -1  -1  -1  -1  -1 
 44  -1 275  -1 311  -1  -1 225 227  -1  -1  -1   6 182  -1  -1  -1  -1  -1  -1  -1  -1  -1  -1  -1  -1 
 45  -1 197  -1  -1 310  -1  -1  99  -1  -1  -1  -1  -1  -1 285  -1 272 142  -1  -1  10 273  -1 183  -1 
 46  -1  -1  -1  -1  -1  -1  -1  -1  -1  -1  -1  -1  -1  -1  -1  -1  -1  -1  -1  -1 143  -1  -1  -1  -1 
 47  -1  -1  -1  -1  -1  55   8   5  -1  -1  -1  -1 231 138  -1  -1  -1  -1  -1  -1 229  -1  -1  -1  -1 
 48  -1  -1 141  -1  -1  97  -1  54  -1  11  -1  -1  98 274  -1  -1  -1  -1  -1 312 269  -1  -1  65  -1 
 49  -1 226 186  -1  -1  -1  51  -1  -1  -1  -1  -1  -1  -1  -1 316  -1  -1  -1  -1  93  95  -1  -1  -1 
 50 109  52 230  -1  -1 185  -1  -1  -1  -1  -1  -1  -1  -1  -1  -1  -1  -1 241  -1  -1  21  -1  -1  -1 
 51  -1  -1 270  -1  -1  -1 181  -1  -1 271  -1  -1  50  94  -1  -1  96  -1  -1  -1  -1  -1  -1 140 314 
 52  -1 153  -1  -1  -1  -1  -1 139   7  -1  -1  -1 137  -1 315  -1 187 184  -1  -1  -1  53 313 228  -1 
 53 309  -1  -1  -1  -1   9  -1  -1  -1  -1  -1  -1  -1  -1  -1  -1  49  -1 308  -1  -1  -1  -1  -1  -1 

r\t   0   1   2   3   4   5   6   7   8   9  10  11  12  13  14  15  16  17  18  19  20  21  22  23  24 
  0  -1  56 240 279 176  -1  -1  -1  13  -1  -1  -1 157  -1 303 106 161  -1  -1  -1  -1 172  62 164  -1 
  1  -1  73 202 160  -1  -1  -1  -1 190 171  -1  86 208  -1  -1  -1  -1  -1  -1  -1  -1  -1  18  -1  -1 
  2  -1  -1  -1 264  -1  -1  14 280 280  -1  -1  -1  -1  -1  -1  -1  -1 173  -1  -1  -1  87  -1 252  -1 
  3 213  -1  -1  42  -1  -1  -1  57 255  -1  -1 167  85  -1  -1  91  -1  -1  -1  -1  -1  -1  -1  -1  -1 
  4  -1  38  -1 219  -1  -1 144  -1 307  -1  -1  -1  -1  72  -1  -1  -1  -1  -1  -1  -1  -1  -1  -1  -1 
  5  -1  -1 101  79  -1  -1  -1  -1  -1  -1  -1  -1  -1 223  -1 265  -1 286  -1  -1 218 159 189 128  -1 
  6  -1  -1  -1  -1  -1  -1 245  -1  78  -1  -1  -1  -1 248  -1  -1  -1 196  -1  -1  -1  -1  80  -1  67 
  7  -1 299  -1  -1  -1  -1 188  -1  -1 259  -1  -1 146 204  -1  -1  -1 300  -1  -1 192 192 104 104  -1 
  8  -1  -1 221 292  -1 170  -1 155  -1  -1 150 235  -1  -1  -1 220  -1  -1  76  -1  -1 211  -1  -1  -1 
  9  -1  -1 129  -1  -1  -1  -1  -1  -1  -1  -1  -1 233  64 301  -1 123  27  -1  -1  -1 293 256  -1  -1 
 10  -1  -1  -1  -1  -1 261  -1  -1  -1  -1  -1  -1 253 298  -1  -1  -1  -1  -1  -1  -1 232  88  -1  -1 
 11  -1  -1 165 147  -1  -1  -1  -1 135  -1  -1  84  -1  -1  -1  -1  -1  -1  -1  -1 126  -1  47  -1  -1 
 12  -1 133  -1  -1  -1 306  -1 201 166  -1  -1  -1 132  -1  -1  -1  -1  -1 121  -1  -1  -1   3 210  -1 
 13  -1 242  -1  -1  -1  -1  -1  -1  -1  -1  -1  -1  -1  -1  -1  -1 199  36  -1  -1  -1  -1  -1  -1  -1 
 14  -1  -1  -1  26  -1  -1  -1  -1  -1 216  -1 114  -1  -1  -1  -1  -1  -1  -1  -1  -1  -1 291 131 174 
 15  23 113  -1 247  -1  -1  -1 236 236  -1  -1  -1  -1  -1  -1  -1 205  -1  -1  -1  45  70  -1  -1  -1 
 16  -1 277  34  -1  -1  -1  -1  -1  -1  -1  -1  28 115  -1  -1 148 148  -1  -1 125  -1  -1  -1  -1  -1 
 17  -1  -1  -1  -1  -1  -1  -1  -1  44  -1 257 254  71  -1  -1  -1  -1  -1   1  -1  -1 249  -1  -1  -1 
 18  -1  -1  -1  -1  -1 169  58  15  -1 238  -1  -1  -1  -1  -1  -1 276 116 267  -1 304 260 158 297  -1 
 19  -1 175  -1 234  -1  -1  -1  -1  -1  -1  -1  -1  -1  -1  -1  -1 243  -1 290  -1  -1  -1 305 287  -1 
 20  -1  43  16  16  -1  -1 284  -1  59  -1  -1  20  -1 102  -1  -1  -1  -1  81  -1  -1  32  -1  25  -1 
 21  -1 100 246  -1  -1  83  -1  -1  -1  -1  -1 289  -1  -1  -1  -1  -1  -1  -1  -1  -1  -1 117  -1  40 
 22 110 179 296  -1  37  -1  -1 168 122  -1  -1  77 103  -1  -1  -1  -1  -1  -1  -1  -1  -1  -1  41  -1 
 23  -1  -1 215  -1  -1  -1  -1  -1  35  -1  -1 263  -1  -1  -1  -1  -1 127  -1  -1  -1  -1  -1 198  -1 
 24  -1 152 278  -1  -1  -1  -1  -1  -1 194 111  -1  -1  -1  -1 177  33  -1  -1  -1  -1  12  -1 124  -1 
 25  -1 203  -1  -1  -1  -1 212  -1  -1  -1  -1  -1  -1  -1  -1  -1  -1  -1  -1  66  -1  -1  -1  -1  -1 
 26  -1  -1  60  60  -1  -1  29  -1  -1  22  -1 258  -1  -1 282  -1  -1  -1  -1  -1  -1  -1  -1 262  -1 
 27  -1  -1  69  -1  -1  -1  -1 217  -1  -1  -1  -1  -1 145  -1  -1  -1  -1  -1  -1  -1  -1  -1  -1  -1 
 28  -1 302  -1 108  -1  -1  -1  -1 209  -1  -1  -1  -1  -1  -1  -1  -1  -1 191  -1  -1  -1  -1  -1  -1 
 29  -1  -1 120  -1  39  82  -1   0 154  -1  -1  89  -1  -1  -1  -1  -1  -1  -1  -1 214  -1 130  -1  -1 
 30  -1  30  -1   4   4   2   2  -1  -1  -1  -1  -1  17  17  -1  19  19  19  -1  -1  -1  -1  24  -1  -1 
 31  -1  -1  -1  -1  -1  -1  -1  -1  -1  -1  -1  -1  31  31  31  -1  -1  -1  -1  -1  -1  -1  -1  -1  -1 
 32  -1  48  48  -1  -1  46  46  74  -1  -1  63  63  63  -1  -1  -1  -1  61  61  -1  -1  -1  -1  68  -1 
 33  -1  -1  -1  -1  -1  -1  -1  -1  -1  -1  -1  -1  -1  -1  -1  75  75  75  -1  -1  -1  -1  -1  -1  -1 
 34  -1  90  90  92  92  -1  -1 105 105  -1  -1  -1  -1 118  -1  -1  -1 107 107 107  -1 112  -1  -1  -1 
 35  -1  -1  -1  -1  -1  -1  -1 119 119 119  -1  -1  -1  -1  -1  -1  -1  -1  -1  -1  -1  -1  -1  -1  -1 
 36  -1  -1 162 134 134 136 136  -1  -1  -1  -1  -1  -1 156  -1  -1  -1  -1 149 149  -1  -1 151 151 151 
 37  -1  -1  -1  -1  -1  -1  -1  -1  -1  -1  -1  -1  -1  -1  -1  -1  -1 163 163 163  -1  -1  -1  -1  -1 
 38  -1  -1 193 193  -1 178 178 180 180  -1  -1 206 195 195 195  -1  -1  -1  -1  -1  -1  -1 200  -1  -1 
 39  -1  -1  -1  -1  -1  -1  -1  -1  -1  -1  -1  -1  -1  -1  -1  -1  -1 207 207 207  -1  -1  -1  -1  -1 
 40  -1  -1  -1 222 222 224 224 250  -1  -1  -1  -1  -1  -1  -1  -1 244  -1 237 237  -1  -1 239 239 239 
 41  -1  -1  -1  -1  -1  -1  -1  -1  -1  -1  -1  -1  -1  -1  -1  -1  -1 251 251 251  -1  -1  -1  -1  -1 
 42  -1 266 266  -1  -1 268 268 294 288  -1  -1  -1 281 281  -1  -1  -1  -1  -1  -1 283 283 283  -1  -1 
 43  -1  -1  -1  -1  -1  -1  -1  -1  -1  -1 295 295 295  -1  -1  -1  -1  -1  -1  -1  -1  -1  -1  -1  -1 
 44  -1  -1  -1  -1  -1  -1  96  55  -1  -1  -1 187  -1  95  -1  -1  -1 308  -1  -1 185   5  -1  -1  -1 
 45  -1  -1   8  -1  54  -1  -1 227  -1  -1  -1 231  -1 241 312  -1  -1  -1 142  -1 229  49  -1  -1 310 
 46  -1  -1 153  -1  -1  -1  -1  -1  11  -1  -1  -1  94 273  -1  -1 311  -1 230  -1  -1  -1  -1  -1  -1 
 47  -1   7  -1  -1  -1  -1  -1  -1 275 309  -1  -1 225  52  -1  -1  -1  -1  -1  -1   9  93 272  21  -1 
 48  -1  -1  -1  -1  -1  -1  -1  -1  -1  -1  -1   6  -1  -1  -1  -1 109  -1 285  -1 138  -1 183  65  -1 
 49  -1  -1  -1  50 271  -1  -1  -1  -1  -1  -1 140  53  -1  -1  -1  -1  -1  99  -1  -1 181 141  -1  -1 
 50 314  -1  -1  -1  -1  -1  -1  -1 228  -1  -1  -1  -1  -1  -1  -1  -1  -1  -1  -1  -1 226  -1 315  -1 
 51  -1 197 184  -1  -1  -1  -1  -1  -1  -1  -1 269  -1  10  -1  -1  -1  -1  -1  -1  -1 270  -1  -1  -1 
 52  -1  -1  -1  -1  -1  98  -1  -1  -1  -1  -1  -1 182 139  -1  -1  -1  -1  -1  -1  97 137  -1  -1  -1 
 53  -1  -1  -1 186  -1  -1  -1 274  -1  -1 313  -1  -1  -1  -1 143  -1  -1  51 316  -1  -1  -1  -1  -1 

r\t   0   1   2   3   4   5   6   7   8   9  10  11  12  13  14  15  16  17  18  19  20  21  22  23  24 
  0  -1 102  -1  26  -1  -1  -1  -1  -1  -1  -1  59  -1  -1  -1  -1  -1  -1  -1  -1  -1  -1 101  -1  -1 
  1  -1  79 123  -1  -1  -1  -1  -1  -1  -1  -1 171  -1  -1  -1  -1  -1  -1  -1  -1  -1  -1  -1  -1  -1 
  2  -1  -1  -1  -1  -1  -1  -1  -1  -1  -1  -1  27  -1 194  -1  -1  -1 148 148  39  -1  -1  77  -1  -1 
  3  -1   0  -1 131  -1  -1  -1  -1  -1  -1  -1 248  36 249  -1  -1  -1  -1  -1  -1  -1  64  29  73  -1 
  4  -1  -1  72 199  -1  -1 287  -1  -1  -1  -1 196  -1 170  -1  -1  -1 252 217  -1  -1 257 128 276  -1 
  5  -1  -1  -1  -1  -1  -1 240  16  16  -1  -1  -1 305 220  -1  84  -1  -1  -1  -1 127  -1   3  -1  -1 
  6  -1 201 307  -1  -1  -1  40  -1  -1 126  -1  -1  -1  -1  -1  -1  -1 125 292  -1  -1  -1  -1  -1  -1 
  7  -1  -1 291  -1  -1  -1  -1  -1  -1  -1  -1  -1  14  -1 304  -1  -1  -1  -1  -1  -1 190 246 100  22 
  8 173  -1  -1  58  -1  -1  -1  -1  -1  -1  -1  -1 254 233  -1  -1 211 115 208  -1  -1 168  -1  -1  -1 
  9  -1  82 245  -1  -1  -1  -1  -1 122  -1 219  -1 235  -1  81  -1  -1  -1  -1  -1 215  -1  -1  -1  -1 
 10  -1  -1 264 164  -1 262  70  -1  34  -1  -1  -1  -1 203  -1  -1  -1  88  43  -1  -1 278 129  -1  -1 
 11  -1  -1  -1  -1 259  -1 214 289  80  -1  -1  -1  -1  86  -1  -1  -1 157  -1 216  -1  -1  -1 113  -1 
 12  -1  -1  -1  -1  -1  -1 298 303  -1  -1 177 263  33  76  -1  -1 169 189 188  -1  -1  -1  -1  -1  -1 
 13  37 155  -1  -1  -1  38  -1  -1  -1  -1  -1  -1 144 300  -1 174  -1  -1  41  -1  -1  -1 166  -1  -1 
 14  -1  -1  25  -1  -1  -1  -1 147  -1  -1  -1  -1  -1  -1  -1  -1 243  -1 255  -1 176  -1 267 204  -1 
 15  -1 302  -1  -1  -1  -1  -1  -1 161  -1  -1 165  -1  -1  -1  -1  -1  -1  -1  -1  -1 108  -1 152  -1 
 16  -1 260 242  -1  -1  -1  -1  -1  -1  -1  -1 234 293 179  -1  -1  -1  44  -1  85  -1  -1 202  -1  -1 
 17  -1 116 103 218  -1  -1  -1  -1  -1  -1  -1  -1  -1  -1 301  -1  -1  -1  78  -1  -1  35 120  -1  -1 
 18 236 236  47 212  -1  -1  -1 279 232  -1 175  -1  -1  -1  -1  -1  -1  20  -1  -1  -1  69 146  -1  -1 
 19  42  -1 159  -1  -1  -1  -1  -1 258  -1  -1  13  -1 124  -1  -1  -1 210 114  -1  -1  -1  -1  -1  -1 
 20  -1  -1  -1 253  -1  -1  -1  -1  -1  -1  -1 130  -1  -1  -1  -1  -1 296 213  -1  -1  -1  -1 133  -1 
 21  -1  87 280 280  -1  -1  -1  -1 256  -1  89 154 117 160  -1  -1  66  60  60  -1  -1  -1  -1  -1  -1 
 22  -1  -1  62 238  -1  -1  -1  -1  57  -1  -1  91  -1   1  -1  -1  -1  -1 167  -1  -1  -1  -1  -1  -1 
 23  -1 158  -1 111  -1  -1  -1  -1  -1  -1  -1  -1  -1  -1  -1  -1 198  -1  -1  -1  -1  15  -1  -1  -1 
 24  -1 135  -1  -1  -1  -1  18  -1 284  -1  -1  -1  -1  -1  -1 106  -1  -1  -1  -1  -1  -1  -1  -1  -1 
 25  -1 172  -1  -1  -1  -1  67  -1  -1  -1  -1  83  -1  -1  -1  -1  -1  -1 277 221  -1  -1 192 192  -1 
 26  -1  -1 223  71  -1  -1  -1  -1  -1  -1  -1  -1  -1 145  -1  -1  -1  -1  -1  -1  -1  -1  23  -1  -1 
 27  -1  12 132  -1  -1  -1  -1  -1  -1  -1  -1  -1  -1  -1  -1  -1 299  -1  -1  -1 265  -1 286  -1  -1 
 28 282  56 261 121  -1  -1 205  32  -1  45  -1 110 191 104 104  -1 150  -1  -1  -1  -1 290  -1  -1  -1 
 29  -1 297 209  -1  -1  -1  -1  -1  -1  -1  -1  -1  -1  -1  -1  -1 306  -1  28  -1  -1 247  -1  -1  -1 
 30  -1  30  19  19  19  -1  24  -1  -1  -1  -1   2   2  -1  -1  17  17  -1   4   4  -1  -1  -1  -1  -1 
 31  -1  -1  -1  -1  -1  -1  -1  -1  -1  -1  -1  -1  -1  -1  -1  31  31  31  -1  -1  -1  -1  -1  -1  -1 
 32  -1  -1  -1  -1  -1  -1  -1  68  -1  -1  -1  -1  61  61  -1  -1  74  -1  46  46  48  48  63  63  63 
 33  -1  -1  -1  -1  -1  -1  -1  -1  -1  -1  75  75  75  -1  -1  -1  -1  -1  -1  -1  -1  -1  -1  -1  -1 
 34  -1  90  90  -1  -1  -1  -1 105 105  -1  -1 112  -1  -1  -1  -1 118 107 107 107  -1  -1  92  92  -1 
 35  -1  -1  -1  -1  -1 119 119 119  -1  -1  -1  -1  -1  -1  -1  -1  -1  -1  -1  -1  -1  -1  -1  -1  -1 
 36  -1  -1 151 151 151 149 149  -1 136 136  -1  -1 162  -1  -1  -1 156  -1  -1  -1 134 134  -1  -1  -1 
 37  -1  -1  -1  -1  -1 163 163 163  -1  -1  -1  -1  -1  -1  -1  -1  -1  -1  -1  -1  -1  -1  -1  -1  -1 
 38 195 195 195  -1  -1  -1  -1  -1 193 193  -1 200 206  -1  -1  -1  -1  -1 180 180  -1  -1 178 178  -1 
 39  -1  -1  -1  -1  -1  -1  -1 207 207 207  -1  -1  -1  -1  -1  -1  -1  -1  -1  -1  -1  -1  -1  -1  -1 
 40  -1 250  -1  -1  -1  -1  -1  -1  -1  -1 222 222  -1  -1  -1  -1 244 237 237  -1 224 224 239 239 239 
 41  -1  -1  -1  -1  -1 251 251 251  -1  -1  -1  -1  -1  -1  -1  -1  -1  -1  -1  -1  -1  -1  -1  -1  -1 
 42  -1  -1  -1 294  -1  -1  -1  -1  -1  -1 268 268 283 283 283 281 281  -1 266 266  -1  -1 288  -1  -1 
 43  -1  -1  -1  -1  -1  -1  -1 295 295 295  -1  -1  -1  -1  -1  -1  -1  -1  -1  -1  -1  -1  -1  -1  -1 
 44  -1  -1  -1  -1  -1 185  -1  -1  -1  -1  -1  -1 141  -1  -1  -1  -1 183  -1  -1  -1  -1  -1  -1 314 
 45  -1  -1  -1  -1  -1  -1  -1 312 187  95  -1  -1  -1  53  -1  -1  -1  -1  -1  -1   9 271  -1  -1  -1 
 46  -1  -1  -1  -1 285  -1  -1  -1 270 229  -1  52  49 273  -1  -1  -1 274  -1  -1  97  10 140  -1  -1 
 47  -1 272  -1  -1  -1  55  -1  -1  -1  -1  -1  -1  -1  -1  -1  -1  -1 139  -1  -1  -1 181  -1  51  -1 
 48  -1  50  -1  -1  -1 269  -1  -1  54  -1 143  -1 227  99 310  -1  -1  -1  -1  -1  -1  -1  -1 228  -1 
 49 309 226  -1  -1 311  -1  -1  -1  -1  -1  -1  -1  -1  -1  21  -1  -1  -1  98  -1  -1  -1  -1 275  -1 
 50  -1  -1  -1  -1  -1   7  -1  -1   6   8  -1  -1  -1  -1  -1  -1 109 225  -1  -1  -1  93  -1  -1  -1 
 51  -1  -1 182  -1  -1  -1 197  -1 231  -1  -1 184  -1  -1  -1  -1  -1  -1  -1  -1  -1  -1  -1  -1  -1 
 52  -1  -1  -1 308  -1  -1  -1  65  -1  -1  11  -1 186  -1 241 316  -1  -1 230 138  -1  -1  -1  -1  -1 
 53  -1  -1  -1  -1  -1  -1 313  -1  96  -1  -1  -1  94 142  -1  -1 315  -1 137  -1  -1  -1  -1   5 153 

r\t   0   1   2   3   4   5   6   7   8   9  10  11  12  13  14  15  16  17  18  19  20  21  22  23  24 
  0  -1 188 286  -1  -1  -1 296  -1  -1  -1  -1  64 280 280  -1  -1  -1  69  -1  -1  -1  -1  -1  27  -1 
  1  -1  -1  -1  -1  89  -1 108  -1  15  -1  -1  25  -1  -1  -1  -1  -1 264  -1  -1  -1  -1  -1 146  -1 
  2  -1 145 302 102  -1  -1  -1  -1  -1  -1 214 125  32  -1  -1  -1   3  -1  -1  -1  -1  -1  -1  -1  -1 
  3  -1 289  -1 203 220  -1  -1  -1 212  -1  -1  -1 257 210  -1  -1 144  -1  35  -1  -1  -1  -1  -1  -1 
  4  -1  -1  -1  -1  -1  -1 155 158 114  -1  -1  -1  -1  -1 198  -1 103  -1 234  -1  -1  -1  -1 300  -1 
  5  -1  -1  -1  56  -1  -1  -1  -1 267  22  -1  -1  -1  -1  -1  -1 205  -1  -1  -1  -1 199  -1  -1  -1 
  6  -1  -1  -1 167 176  -1  -1  -1  -1  -1  -1 290  -1  -1  -1  -1  28 120 297  -1  -1  57  -1  -1  -1 
  7  -1  38 209 116  -1  -1  -1  -1  -1  -1  -1  -1  -1  -1  -1  -1  80  -1  -1  -1  -1 221  -1  -1  -1 
  8  -1  29  -1  -1  -1  -1  -1  -1  -1  -1  -1  73 192 192  -1 172 293 160  70  -1  -1  -1 179  -1  -1 
  9  -1  -1 242  -1 216 306 135  -1  -1  -1  -1 284  -1  -1  -1 177  -1  -1  83  -1  -1  -1  -1  37  -1 
 10 238 217  -1  -1  -1  -1 276  -1  79  -1  -1 265 211  -1  -1  -1 130 148 148  -1  -1  -1  -1 223  -1 
 11  -1  20  -1 303  -1  -1  -1  72  81 263  -1 129  -1  -1  85  -1 126 218  -1  -1  -1  -1  36  -1  -1 
 12  -1 249  -1 254 171  -1 204  -1 215  -1 104 104  -1  -1  -1  -1  -1  -1  -1  -1  -1  -1 174  -1  -1 
 13  -1  -1  -1  -1  -1  -1  -1  -1  -1  -1  -1  -1  -1 117 287  -1  -1 291  -1  -1  -1  -1 152  -1  -1 
 14  -1 101  -1  -1  -1  -1  59  -1  26  -1  -1  -1  -1  -1  -1  -1  -1 233  84  -1  -1  -1  -1 175  -1 
 15  -1  58  -1  -1  -1  -1  -1 245 259  -1 170 208  -1  -1  -1  -1 260  34 113  -1  -1  -1 255 189  -1 
 16  87  -1  -1  -1  -1  -1 159 201 164  -1 127 124  -1  -1  -1  -1  18  -1  -1  -1  -1 133  33  -1  -1 
 17  -1  -1  -1  -1 262 106  -1  -1 253  -1  -1  -1  -1  14  -1  43  -1  -1 247  -1  -1  -1 194 168  -1 
 18  41  -1  42  -1  -1  -1  -1  -1  -1  -1  -1  -1  -1  -1  -1 128  -1  16  16  -1  -1 131 240  -1  -1 
 19  -1  -1 154 298  45  -1  -1  -1  62  -1  -1  -1  -1  -1  -1  -1 305  -1 196  -1  -1  -1 202  -1  -1 
 20  -1 123  -1  -1  -1  -1  88  -1 282  -1  -1  -1  -1  -1  -1  -1 121  -1 219  -1  -1  77  -1  12  -1 
 21  -1  -1  -1  -1  -1  -1  -1  -1  -1  -1  -1 161 110  -1  -1  -1 165  -1  -1  67  -1   0  -1 243  -1 
 22  -1  78 173  -1  -1  -1 261  -1  -1  -1  -1  -1  -1  -1  -1  40  -1  -1 100  -1  -1  -1 122  -1  -1 
 23  -1  -1  66 232  -1  -1  -1 115  -1  -1  -1  -1  -1  -1  -1  -1 190  -1  -1  -1  -1 279  -1  76  -1 
 24  -1 277  -1 278  -1  -1   1  -1  47  -1  86 256  -1  -1  -1 304 248  60  60  -1  -1  -1  -1  -1  -1 
 25 169 132 246  -1  -1  -1  -1 299 301  -1 307  13  -1  -1  -1  -1  -1 191  -1 258  -1  -1 166  -1  -1 
 26 150 157  -1  -1  -1  -1  -1  -1  -1  -1  -1  -1 147  -1  -1  -1  -1  -1  -1  -1  -1  -1  44 252  -1 
 27  -1  -1  -1  -1  -1  -1  -1  -1 292  -1 236 236  -1  -1  -1  -1 235 111  -1  -1  -1  -1  -1  -1  -1 
 28  -1  -1  -1  -1  -1  82  -1  23  -1  -1  -1  -1  -1  -1  -1  -1  -1  -1  -1  -1  -1  -1  -1  -1  -1 
 29  -1  -1  -1  -1  -1  -1  -1  -1  -1  -1  -1 213  -1  -1  -1  -1  -1  91  -1  -1  -1  -1  71  39  -1 
 30  -1  -1  17  17  -1  -1  -1  30  -1  -1  -1  -1  -1  24  -1  -1  -1   4   4  -1  19  19  19   2   2 
 31  -1  -1  31  31  31  -1  -1  -1  -1  -1  -1  -1  -1  -1  -1  -1  -1  -1  -1  -1  -1  -1  -1  -1  -1 
 32  -1  -1  -1  74  -1  -1  -1  -1  68  -1  48  48  61  61  -1  46  46  -1  -1  -1  -1  -1  63  63  63 
 33  -1  -1  -1  -1  -1  -1  -1  -1  -1  -1  -1  -1  75  75  75  -1  -1  -1  -1  -1  -1  -1  -1  -1  -1 
 34  -1  -1  -1  -1  -1  -1 118 107 107 107  92  92 112  -1  -1  90  90  -1  -1  -1  -1  -1 105 105  -1 
 35  -1  -1  -1  -1  -1  -1  -1  -1  -1  -1  -1  -1  -1  -1  -1  -1  -1  -1  -1  -1  -1  -1 119 119 119 
 36  -1  -1 156  -1  -1  -1  -1 151 151 151 149 149  -1  -1  -1 134 134  -1 162  -1  -1  -1  -1 136 136 
 37  -1  -1  -1  -1  -1  -1  -1  -1  -1  -1  -1  -1 163 163 163  -1  -1  -1  -1  -1  -1  -1  -1  -1  -1 
 38  -1 200 193 193  -1  -1  -1 195 195 195 178 178  -1  -1  -1  -1  -1  -1  -1  -1  -1 206  -1 180 180 
 39  -1  -1  -1  -1  -1  -1  -1  -1  -1  -1  -1  -1  -1  -1  -1  -1  -1 207 207 207  -1  -1  -1  -1  -1 
 40  -1  -1  -1  -1  -1  -1 250 239 239 239 222 222 237 237  -1 224 224 244  -1  -1  -1  -1  -1  -1  -1 
 41  -1  -1  -1  -1  -1  -1  -1  -1  -1  -1  -1  -1 251 251 251  -1  -1  -1  -1  -1  -1  -1  -1  -1  -1 
 42  -1  -1 288 268 268  -1  -1  -1  -1  -1  -1  -1  -1 294  -1 266 266 283 283 283  -1  -1 281 281  -1 
 43  -1  -1  -1  -1  -1  -1  -1  -1  -1  -1  -1  -1  -1  -1  -1  -1  -1  -1  -1  -1 295 295 295  -1  -1 
 44  -1  95  -1  94  -1 241  51  -1  -1  -1   7   5  -1 269  -1  -1  -1  54  49  -1 153  -1  -1  -1  -1 
 45  -1  53  -1  10  -1  -1 272  -1  -1  -1  -1  -1  -1  93  -1  -1  -1  -1  -1  -1  -1  -1  -1  -1 229 
 46  -1 274  -1 142  -1  -1  -1  -1   6  -1  -1  -1  -1  -1  -1  -1 186  -1 228  -1  -1  -1  -1  -1  -1 
 47  -1  -1  -1  -1  -1 311 226  -1 181  -1  -1  -1  -1  -1  -1  -1  -1  -1  -1  -1  -1  -1  -1  96  -1 
 48  -1  11  -1  -1 143  -1  -1  -1  -1  -1 137  -1  -1  -1  -1  -1  -1 183 138  -1  -1  -1  -1  -1  -1 
 49  -1  -1 109 184  -1  -1 182 308  -1  -1  -1  -1  -1   8  -1  -1  -1  -1  -1  -1  -1  50 225  52  -1 
 50 312 230  -1  -1  -1  -1  -1  65  -1  -1  -1 141  -1  -1  -1  -1  -1  -1  99 315  -1  -1  97  -1  -1 
 51  -1 187  -1  55  -1  -1  -1  -1  -1  -1  -1  -1  -1  -1  -1   9  -1 139  -1  -1  -1  98  -1  -1  -1 
 52  -1  -1  -1 231  -1  -1  -1 285  -1  -1  -1  -1 313 185 310  -1  -1  -1  -1  -1 309  -1 273  -1 275 
 53 197  -1 314  -1  -1  -1  -1  -1  -1 316 271  -1  21  -1  -1  -1  -1 227  -1  -1  -1  -1 140 270  -1 

r\t   0   1   2   3   4   5   6   7   8   9  10  11  12  13  14  15  16  17  18  19  20  21  22  23  24 
  0  -1  -1  -1 146  -1  -1  -1  47  34  -1  -1 243  84  -1  -1  43  -1  -1  -1 262  -1  -1  -1  -1  67 
  1  -1  29 174  -1  -1 287  -1 121 188  -1  -1  -1  -1  -1  -1  -1  -1  -1 215  -1  -1  -1   0  73  86 
  2  -1 198  -1 216  -1  -1  -1  -1  14  -1  -1  69  -1 160  -1  -1  -1 242  -1  -1  -1  -1  -1 201  -1 
  3  -1  -1  -1  -1  -1  -1  -1  -1 123  -1  -1  -1  -1  -1  -1  -1  -1  -1  64  -1  -1  -1 113  -1  -1 
  4  -1  -1  -1  -1  -1  -1  -1  -1  -1  -1 155 252  36 114  -1  -1  -1 117  89  -1  -1  -1  -1  -1  -1 
  5  -1  -1  -1  -1  -1  -1 101 299  -1  -1  -1  -1   1 276  -1  -1 257  77  83  -1  -1  -1  -1  -1  -1 
  6  -1 103  -1  -1  -1  -1  -1 108  78  -1  -1  -1 133  -1  -1  -1  -1 111  -1  -1  -1 125  -1  -1  -1 
  7  -1  -1  -1  76  -1  -1 190 240  -1  -1  -1  -1  60  60  -1 110  -1  -1  -1  -1  -1  -1 104 104  -1 
  8 260  -1  -1  -1  -1  -1  -1 208  -1  -1  -1  -1  -1  -1  -1  -1  -1  91  -1  -1  40 204  -1  -1  -1 
  9  -1  -1 194 253  -1  -1  -1  -1 246  -1 127 106  -1 263  -1  87 277 278  -1  -1  -1 298 289  -1  -1 
 10  -1  42  -1  -1  -1  -1  -1  -1  -1  -1  -1 165  -1  -1  -1  -1  -1  -1 192 192  -1  -1  -1  -1  -1 
 11  -1  -1  -1  -1  -1 218  -1  -1  -1  -1  -1  -1  -1 233  -1  -1  37  -1  -1  -1  -1  -1  -1  -1  -1 
 12 259  -1  -1 161  -1  -1 116  -1 102  -1  -1  -1  -1  27  -1  -1  -1  -1  -1  -1 236 236  -1  -1  -1 
 13  -1  -1  -1 264  -1  -1  35 305  -1 221  -1 154 235  -1  -1  -1  18  -1 168  -1  -1 255 158  -1  -1 
 14  -1  -1  -1  -1  -1  -1 232  28 148 148  -1  33  -1  88  -1  -1 135  -1 293  -1  -1  -1  -1  -1  -1 
 15  -1  -1 147  -1  81  -1 175  -1  -1  45  -1  -1 265  -1  -1  -1  -1 245  25  -1  -1 120  -1  -1  -1 
 16  -1  -1  -1 130 220  -1  -1  13  -1  -1  -1  -1 202  85  -1  -1  32  71 279  -1  -1 282  26  -1  -1 
 17  -1  20  70  -1  -1  -1 144 280 280  -1  22  -1 290  -1  -1  -1 131  -1 124 301  -1  -1  -1  -1  -1 
 18  -1  -1  -1  57  -1  -1  -1 256  56  -1  -1 286 115  -1  -1  -1  -1  -1  72  -1  -1  -1  -1  -1  -1 
 19  82 307 209  -1  -1  -1  -1  -1  -1  -1  -1 199 152  -1  -1  -1  -1  -1  -1  -1  -1  -1  -1  -1  -1 
 20  -1  -1  -1 189 219  -1 292  -1 296  -1  -1  66 213  -1  -1  -1   3  -1 254  -1  -1 164 212 159  -1 
 21  -1  -1  -1  -1  -1  -1  -1  -1 157  -1  -1 128 284  15  -1  -1  -1 191  -1  -1  -1  -1  -1  -1  -1 
 22  -1 247 306 122  -1 238  -1 129 170  -1  -1  -1  -1  -1  -1  -1  -1  -1  -1 214  -1 267  -1  -1  -1 
 23  -1  59  -1  -1 176  -1  -1 169  -1  -1  -1  -1  -1  -1  -1  -1 100 300  -1  -1 303  -1 177  -1  -1 
 24  -1 179 248  -1  -1  -1  58  -1  -1  -1  -1  -1  -1  -1  -1  -1  -1  16  16  -1  -1  -1 171  -1  -1 
 25  -1  -1  -1  -1  -1  -1  -1  -1  -1  -1  -1  -1  44  79  -1 258 234 145  -1  -1  -1  -1  -1  -1  -1 
 26  -1  80  -1 173  -1  -1  -1 167 211  -1  -1  -1  -1 132  -1  -1 166 223 205  -1  -1  12  -1  -1  -1 
 27  -1 297 291  -1  -1  -1 249 196 210  -1  -1  23  -1  -1  -1  -1  -1  -1  -1  -1  -1  -1  -1  -1  -1 
 28  -1 126  -1  38  -1  39  -1  62 302  -1 217  -1  -1  -1  -1 150  -1  -1  -1  -1  -1  -1  -1  -1  -1 
 29  -1  -1  -1  -1  -1  -1 304  -1  -1  -1  -1  -1  -1 203  -1  -1  -1 261 172  -1  -1  41  -1  -1  -1 
 30  -1  -1  17  17  -1  -1  -1  -1   4   4  -1  -1  -1  -1  -1  -1  -1  24   2   2  -1  30  19  19  19 
 31  -1  -1  31  31  31  -1  -1  -1  -1  -1  -1  -1  -1  -1  -1  -1  -1  -1  -1  -1  -1  -1  -1  -1  -1 
 32  -1  -1  -1  46  46  -1  74  -1  -1  -1  -1  -1  -1  68  -1  63  63  63  48  48  -1  -1  61  61  -1 
 33  -1  -1  -1  -1  -1  -1  -1  -1  -1  -1  -1  -1  -1  -1  -1  -1  -1  -1  -1  -1  75  75  75  -1  -1 
 34  -1  -1 105 105  -1  -1  -1  -1  90  90  -1 118 107 107 107  -1 112  -1  -1  -1  -1  -1  92  92  -1 
 35 119 119 119  -1  -1  -1  -1  -1  -1  -1  -1  -1  -1  -1  -1  -1  -1  -1  -1  -1  -1  -1  -1  -1  -1 
 36  -1  -1  -1  -1  -1  -1 156 136 136  -1  -1 162  -1  -1  -1  -1  -1  -1 134 134 149 149 151 151 151 
 37 163 163 163  -1  -1  -1  -1  -1  -1  -1  -1  -1  -1  -1  -1  -1  -1  -1  -1  -1  -1  -1  -1  -1  -1 
 38  -1 200  -1 206  -1  -1  -1  -1 180 180  -1  -1 195 195 195  -1  -1  -1 178 178 193 193  -1  -1  -1 
 39  -1  -1  -1  -1  -1  -1  -1  -1  -1  -1  -1  -1  -1  -1  -1 207 207 207  -1  -1  -1  -1  -1  -1  -1 
 40 239 239 239  -1  -1  -1  -1 224 224  -1  -1  -1 250 244  -1  -1  -1  -1 222 222  -1  -1 237 237  -1 
 41  -1  -1  -1  -1  -1  -1  -1  -1  -1  -1  -1  -1  -1  -1  -1  -1  -1  -1  -1  -1  -1  -1 251 251 251 
 42 283 283 283 294  -1  -1  -1  -1 266 266  -1 288  -1  -1  -1  -1  -1  -1 268 268  -1  -1  -1 281 281 
 43  -1  -1  -1  -1  -1  -1  -1  -1  -1  -1  -1  -1  -1  -1  -1  -1  -1  -1  -1  -1  -1  -1 295 295 295 
 44  -1  -1  -1  -1 275  -1  55 183  -1  -1  -1 308  -1 272  -1  -1  -1  -1  -1  -1  -1 230  -1 186  -1 
 45  -1  -1  65  96  -1  -1  95  -1  -1  -1 109  -1  -1  -1  -1  -1 269  -1  -1  99  -1  -1  -1  -1  -1 
 46  -1  -1  -1  -1 143  -1   9  -1  49  -1 285  -1  -1  -1  -1 241  -1  -1  -1  -1  -1   5  -1  -1 197 
 47  -1  54  -1 139  -1  -1 228  -1  -1  -1  -1  -1  -1 182  -1 315  -1 140  -1  -1  -1  -1  -1  -1  -1 
 48  -1  -1 313  -1  -1  -1  -1  -1  -1  -1  -1  -1  -1  50 309  -1  -1  -1  -1  -1  -1 184  -1  -1  -1 
 49 314   8  -1  -1  97  -1 185   7  -1  -1  -1  -1 229  -1  -1  -1 153  -1  -1  -1  -1  52 141 226  -1 
 50  -1  -1  -1 181  -1  -1  -1  -1  -1 138  -1  -1 187  -1  -1  -1 225  -1  -1  -1  -1  -1  -1  53  -1 
 51  -1  -1  -1  10  -1  -1 137 274  -1  -1 316  -1  -1   6  -1  -1  -1 273  -1  -1 310  93  -1 270 311 
 52  -1  -1  -1  -1  -1 312  -1  -1  -1  -1  -1  -1  -1  -1  -1  -1  51  11  -1  -1  -1  -1  -1  -1  -1 
 53  -1  -1  -1 231  -1  21 271  98  -1  -1  -1  -1  -1 227  -1  -1  94  -1  -1  -1  -1 142  -1  -1  -1 

