317
3 20
16 22
5 30
18 24
20 30
12 52
17 44
23 44
8 52
15 50
1 53
7 51
1 3
21 3
23 24
17 5
7 29
13 30
22 10
2 30
6 5
11 45
19 7
18 9
18 30
21 22
16 17
3 29
17 25
11 7
23 30
12 31
8 15
1 10
7 8
6 8
3 15
10 19
13 14
2 0
1 24
12 17
19 8
20 10
17 4
20 4
15 32
8 23
3 32
12 49
2 45
18 49
21 52
6 51
1 50
23 50
21 26
16 3
18 22
1 15
2 16
12 32
8 18
5 32
11 20
19 44
22 9
24 20
21 32
17 8
23 12
8 14
6 19
16 15
2 32
12 33
11 26
7 0
3 12
18 15
22 4
13 25
0 18
11 24
9 3
16 10
11 28
0 0
20 27
2 20
15 34
21 5
3 34
7 52
6 49
17 48
12 45
5 47
1 52
8 44
12 23
1 26
3 18
16 7
7 3
17 34
21 28
22 34
2 12
0 52
11 14
13 8
12 34
3 13
22 6
23 7
8 16
13 6
21 34
17 35
1 7
6 10
17 13
7 16
11 15
11 25
14 24
17 3
9 4
9 1
11 1
22 1
6 29
17 6
3 36
1 2
15 36
23 45
2 53
8 53
18 48
12 46
21 49
7 49
21 18
3 5
2 14
12 25
18 25
23 36
1 9
5 36
17 14
20 45
13 7
11 21
11 36
13 23
7 14
8 2
16 28
21 6
18 36
22 37
6 9
18 3
3 17
12 7
1 28
22 3
24 28
0 16
4 12
0 6
24 16
22 29
4 13
3 21
15 38
1 14
20 38
8 45
23 49
7 47
12 51
5 48
2 47
17 52
7 19
2 29
8 21
17 23
12 3
18 38
6 16
22 38
16 27
0 51
11 27
1 8
11 38
2 2
23 26
22 24
1 27
16 1
13 38
17 39
6 3
12 24
8 8
7 21
3 14
16 11
7 5
11 18
7 13
17 28
7 26
17 21
1 13
5 26
3 40
16 8
7 40
15 46
21 50
2 51
6 45
20 47
18 46
17 45
1 16
21 7
3 19
22 23
7 9
17 40
0 17
12 40
23 29
11 49
9 12
16 19
16 40
12 18
7 10
8 1
6 13
18 18
11 40
22 41
3 25
13 11
17 26
2 24
21 27
20 0
4 11
20 19
15 13
3 3
18 21
6 7
6 22
20 11
1 42
8 26
16 42
18 45
21 45
4 51
12 48
3 46
15 53
23 48
21 24
18 5
16 18
11 2
2 7
12 42
0 13
5 42
23 11
22 51
19 23
8 17
18 42
16 16
22 7
6 12
3 26
8 11
11 42
12 43
1 22
7 28
17 17
2 18
23 4
19 27
15 20
15 26
6 0
16 2
6 15
4 2
11 46
13 49
14 48
24 46
19 46
9 49
0 45
22 47
10 51

