317
16 13
4 5
5 30
8 10
23 30
21 45
1 51
3 50
2 46
20 50
11 47
7 46
16 19
1 15
2 16
6 6
22 7
12 30
0 1
17 30
21 27
14 47
9 23
8 27
16 30
7 1
18 16
3 28
17 13
23 4
8 30
11 31
6 16
2 15
22 21
21 23
3 7
18 25
20 10
8 23
24 25
10 4
20 8
3 0
18 4
2 19
5 32
7 20
3 32
8 50
1 46
16 45
21 48
11 53
20 53
17 45
6 14
1 27
21 3
3 19
17 8
22 32
7 12
12 32
11 11
0 49
19 12
9 18
1 32
16 7
21 4
13 15
3 4
18 7
7 32
22 33
11 2
13 8
8 28
17 14
2 13
15 25
21 29
22 13
6 17
20 23
7 26
4 14
23 2
3 2
7 34
4 4
5 34
21 51
1 44
11 49
17 53
20 45
16 44
2 53
11 5
1 1
2 25
21 9
7 13
17 34
15 19
22 34
3 6
0 52
13 29
12 10
1 34
7 5
22 12
23 10
13 24
2 21
21 34
17 35
8 5
11 16
18 0
12 13
3 9
23 20
8 20
24 4
6 11
13 22
4 9
15 29
16 1
1 5
2 36
21 13
5 36
18 45
7 49
23 51
20 51
11 52
17 49
8 46
16 16
6 22
7 24
2 6
17 28
22 36
0 10
12 36
1 4
9 46
21 2
4 23
7 36
6 20
13 17
11 17
17 29
21 22
18 36
22 37
12 0
18 26
2 27
8 0
3 5
24 20
20 15
24 14
6 15
24 12
18 15
8 26
2 8
18 22
3 38
1 16
20 38
8 51
16 52
7 52
11 46
5 47
17 46
6 47
17 1
2 23
6 21
11 24
7 21
15 38
10 3
22 38
12 1
0 51
9 22
1 14
6 38
22 22
17 6
7 4
16 28
11 1
8 38
12 39
3 25
21 0
1 9
2 12
23 21
20 4
6 28
24 0
8 8
13 11
6 3
13 23
4 24
2 10
5 40
16 9
17 40
20 47
21 47
3 46
11 51
1 49
8 44
23 48
1 0
17 25
11 27
18 19
5 0
7 40
0 0
22 40
3 20
16 53
13 5
12 20
13 40
3 24
21 20
6 5
18 9
22 15
1 40
7 41
11 9
16 8
17 10
12 24
23 16
20 18
8 18
24 2
18 12
14 12
8 6
10 9
2 9
20 17
5 42
11 14
23 42
21 44
16 46
8 53
3 51
1 47
7 45
18 51
13 3
23 26
21 8
16 3
7 22
17 42
12 23
2 42
6 23
11 44
22 16
9 27
11 42
7 29
23 27
1 11
3 17
8 1
16 42
17 43
13 18
2 4
6 29
12 3
21 25
8 15
5 17
2 18
4 26
18 10
3 21
10 16
12 48
19 48
0 50
15 53
9 51
13 46
10 47
22 49
14 52

