317
2 28
6 7
23 30
22 6
18 30
16 45
1 50
3 50
10 48
15 46
11 51
21 45
16 1
11 23
18 6
12 11
23 9
2 30
20 16
7 30
13 10
17 49
4 29
22 13
17 30
16 26
6 19
3 10
8 10
22 11
11 30
12 31
18 5
1 21
2 22
21 26
1 12
20 0
4 20
20 28
18 9
12 18
22 23
13 5
1 23
8 12
23 32
2 16
10 32
3 47
16 48
22 44
18 52
6 51
15 50
7 52
6 8
3 0
7 25
1 27
10 11
17 32
12 6
20 32
23 3
2 51
9 13
13 12
6 32
2 21
16 10
21 29
7 1
3 26
12 32
17 33
23 8
21 12
11 15
1 14
8 1
10 28
3 22
3 20
4 13
19 21
10 6
7 6
3 29
7 14
23 34
22 20
10 34
8 52
16 49
6 45
1 53
18 53
2 47
15 47
23 1
3 11
2 20
11 7
8 27
17 34
22 24
12 34
1 17
4 48
5 29
21 24
8 34
11 5
3 18
1 11
22 27
6 14
2 34
17 35
13 15
21 25
17 17
23 28
7 20
2 19
20 27
2 8
4 7
20 4
10 21
24 25
1 24
6 5
2 36
7 16
18 36
8 53
15 52
11 47
16 46
21 52
23 46
10 50
16 12
8 22
18 23
12 20
2 3
10 36
9 9
22 36
13 29
7 50
17 24
0 6
17 36
16 16
23 21
21 8
7 22
11 6
8 36
12 37
22 5
8 14
3 2
18 19
2 6
1 9
13 20
16 25
0 0
3 14
8 23
20 23
2 17
10 24
15 38
3 21
7 38
23 50
22 53
11 50
18 47
6 44
1 48
21 49
2 29
11 0
1 16
17 3
7 17
18 38
3 15
22 38
16 11
12 50
9 2
13 28
1 38
12 13
23 10
3 28
22 18
16 7
2 38
17 39
6 27
13 8
7 7
7 24
11 3
5 10
3 24
23 18
5 27
20 24
14 17
4 2
3 25
24 12
18 40
1 28
10 40
15 49
23 51
16 53
8 50
2 50
7 51
6 50
16 19
11 8
18 29
12 26
5 6
8 40
4 0
20 40
13 1
17 44
0 4
1 2
7 40
2 14
22 9
23 7
21 0
8 9
3 40
12 41
17 29
1 19
6 23
18 25
11 14
18 15
15 20
9 16
2 12
14 25
16 2
17 23
11 13
15 18
1 42
3 16
23 42
16 52
22 45
19 48
7 45
6 53
18 49
10 45
6 22
1 7
2 5
7 12
10 22
18 42
3 12
20 42
8 24
17 45
13 3
12 28
13 42
12 15
17 28
23 13
1 18
22 29
6 42
7 43
2 1
21 5
11 2
3 8
18 21
8 5
8 20
7 9
13 21
23 23
14 8
6 12
13 44
0 48
4 50
5 52
20 48
12 53
9 51
17 52
14 45

