317
3 13
14 13
20 30
1 2
16 30
18 44
6 48
7 47
8 49
19 47
13 53
5 47
21 28
8 13
6 21
3 4
17 5
12 30
15 19
22 30
11 14
9 44
2 10
1 10
6 30
8 19
17 0
22 17
13 23
2 23
18 30
10 31
7 26
23 13
16 24
3 27
22 20
6 15
8 21
22 29
7 29
1 26
22 7
5 4
5 10
3 24
16 32
22 19
20 32
23 47
13 52
18 50
8 48
6 53
19 48
1 53
23 26
16 18
1 11
21 25
17 29
13 32
22 0
7 32
6 8
2 52
4 4
11 15
23 32
17 28
1 17
8 5
21 5
16 27
11 32
12 33
2 4
8 0
6 1
18 12
22 27
16 12
24 28
20 24
9 22
19 3
12 27
24 2
22 14
16 20
17 34
21 4
5 34
23 49
8 47
19 52
3 50
7 53
13 48
20 50
22 26
8 6
6 5
7 9
17 13
13 34
4 14
0 34
3 25
11 46
24 11
21 18
23 34
1 21
16 29
17 11
7 19
21 17
22 34
12 35
3 9
6 14
11 23
8 26
18 24
8 10
20 3
7 27
6 7
1 12
18 10
13 8
14 17
1 6
22 36
21 0
18 36
16 50
17 53
7 52
20 52
8 46
13 51
5 46
13 27
18 19
17 24
12 15
7 16
10 36
6 12
2 36
23 11
15 45
21 21
24 21
17 36
16 3
3 23
23 23
8 20
13 21
6 36
10 37
21 14
7 5
22 22
18 23
1 25
7 18
18 1
13 11
21 26
20 22
19 16
2 7
1 18
5 22
13 38
7 28
20 38
16 46
3 44
23 45
18 48
8 51
6 51
17 47
16 0
6 16
13 18
8 3
2 17
0 38
12 17
22 38
18 26
7 46
15 26
11 10
2 38
21 27
7 17
8 4
13 5
16 16
12 38
17 39
11 27
22 28
3 29
1 24
23 21
16 7
15 29
13 1
10 8
22 23
23 6
18 20
7 0
19 5
5 40
1 8
20 40
16 53
17 44
8 44
3 48
18 53
13 47
23 53
18 25
6 29
7 4
8 2
15 13
2 40
10 26
22 40
13 28
9 50
11 17
1 22
17 40
2 1
7 2
6 11
8 29
23 16
16 40
12 41
21 29
3 2
1 1
11 7
22 12
12 0
13 26
4 2
4 6
8 14
8 1
4 25
3 20
13 13
7 42
5 23
18 42
1 45
22 47
17 52
23 48
6 50
16 44
14 53
8 17
12 21
11 0
22 15
17 21
20 42
15 11
2 42
6 26
10 50
9 5
5 19
12 42
21 7
11 4
16 10
6 10
2 2
17 42
20 43
7 20
18 3
23 24
8 11
3 0
5 17
18 11
6 24
17 9
8 28
5 0
17 6
11 44
10 52
0 48
2 51
15 51
9 53
12 44
24 46
4 44

