317
8 5
16 17
0 30
2 25
20 30
23 46
18 53
15 48
9 53
22 52
11 49
3 53
8 1
3 8
18 13
1 6
22 28
12 30
19 8
5 30
21 7
17 45
10 3
2 26
22 30
21 2
16 0
7 7
11 28
3 11
18 30
12 31
23 14
8 10
2 3
1 23
6 0
14 5
22 3
2 28
4 3
7 12
14 16
7 21
3 23
20 1
8 32
11 26
22 32
2 47
21 51
12 47
1 46
16 49
7 48
15 50
22 15
3 26
21 27
23 6
7 19
17 32
13 23
0 32
16 18
11 50
6 28
10 10
13 32
22 12
23 21
1 22
2 27
12 4
7 32
17 33
16 20
11 2
8 28
13 15
3 25
19 24
5 14
15 11
2 13
6 14
22 2
0 7
3 22
18 27
0 34
16 22
20 34
22 48
7 44
8 46
11 44
12 44
15 52
9 48
1 11
11 9
22 5
21 13
8 13
12 34
16 28
2 34
18 17
23 52
6 3
17 26
17 34
3 19
21 19
22 16
8 18
16 23
23 34
12 35
1 15
7 4
12 8
6 22
18 7
2 12
8 8
3 16
2 7
23 24
12 0
7 20
7 18
1 13
22 36
11 19
20 36
12 49
15 46
3 51
0 44
16 46
8 50
9 49
22 23
23 17
3 24
16 12
7 6
17 36
6 19
12 36
1 5
24 44
2 22
11 1
7 36
8 26
11 6
13 13
2 24
23 4
3 36
16 37
12 7
3 18
21 10
6 23
22 22
19 16
22 25
13 3
23 7
6 10
16 6
20 4
21 26
20 17
8 38
7 15
0 38
18 46
11 48
12 53
22 47
15 49
23 50
16 48
12 1
11 17
21 18
22 21
23 25
17 38
13 14
2 38
16 21
7 47
5 29
6 25
13 38
22 24
6 7
7 5
3 13
21 25
23 38
17 39
1 12
16 25
11 24
12 19
2 0
3 15
13 21
1 4
12 26
5 11
13 4
22 8
0 26
9 23
20 40
1 18
15 40
3 47
11 45
7 52
18 44
8 48
2 45
23 44
21 11
18 25
16 5
11 23
2 6
7 40
1 14
22 40
12 16
13 49
17 2
6 21
3 40
17 10
7 25
6 18
2 19
23 18
18 40
10 41
21 15
16 13
1 9
13 11
22 1
14 10
15 17
12 10
16 24
19 13
13 7
5 17
1 20
12 25
8 42
11 5
15 42
20 48
21 52
7 49
3 48
22 45
2 50
18 49
8 25
16 11
7 23
21 4
18 5
23 42
17 1
0 42
12 12
11 47
6 12
13 17
18 42
22 18
11 7
1 27
8 20
2 2
13 42
22 43
7 28
3 2
21 24
6 1
17 14
7 2
9 8
6 2
1 19
22 26
0 23
21 9
13 44
17 50
10 45
14 46
5 49
6 48
24 46
4 52
19 51

