317
13 19
24 1
5 30
11 11
0 30
3 49
23 44
15 53
21 45
4 45
18 46
19 47
1 12
21 22
23 23
18 14
2 6
7 30
11 15
12 30
6 16
22 47
17 27
16 22
2 30
3 9
12 8
17 2
6 17
23 6
11 30
7 31
1 3
16 9
18 16
22 23
17 8
3 12
16 25
1 17
13 22
5 7
2 1
6 28
21 20
19 29
23 32
3 15
5 32
4 48
7 46
1 52
12 50
13 44
15 51
18 52
6 24
18 5
7 27
21 11
22 28
12 32
8 17
0 32
11 0
16 51
17 10
3 4
8 32
18 2
17 21
2 2
7 4
13 4
21 32
10 33
3 13
2 4
23 11
8 9
16 14
10 6
13 6
6 9
3 0
9 18
0 10
1 7
13 28
3 1
23 34
7 15
0 34
18 53
6 45
21 46
12 49
19 45
5 53
4 49
6 25
23 17
1 8
18 26
13 13
20 34
8 20
15 34
3 16
22 44
2 10
7 28
2 34
21 23
8 12
7 11
17 11
1 23
6 34
10 35
23 20
16 26
11 22
18 29
3 11
14 29
14 15
9 17
23 7
12 0
23 8
19 9
15 6
7 9
23 36
18 18
5 36
1 44
0 50
3 52
19 53
12 51
13 53
4 44
3 3
16 11
18 25
1 2
23 5
20 36
17 0
10 36
7 10
2 51
8 13
9 20
16 36
17 12
11 10
13 17
3 5
23 26
1 36
20 37
12 29
2 19
8 7
18 22
7 23
19 1
2 11
22 1
0 3
21 2
0 12
24 10
5 13
15 10
18 38
6 23
3 38
23 46
13 50
1 47
11 47
0 53
7 47
21 51
7 20
3 27
21 1
23 4
18 3
0 38
6 8
12 38
22 10
2 50
17 18
8 16
8 38
12 4
18 19
16 6
13 8
21 12
7 38
22 39
1 28
6 26
2 8
3 25
11 7
7 6
9 12
11 3
9 7
22 29
21 7
19 10
15 26
23 19
3 40
21 18
6 40
0 48
12 52
18 49
5 44
24 53
13 52
1 46
1 15
6 29
8 23
7 14
3 17
12 40
2 13
17 40
11 12
16 45
22 15
21 21
21 40
2 15
7 29
8 24
6 22
18 28
22 40
10 41
17 16
1 21
3 7
13 29
16 18
11 4
6 15
5 4
2 23
8 25
2 26
4 20
18 11
0 8
11 42
23 9
5 42
21 52
1 49
24 49
3 45
13 47
7 53
15 47
6 0
21 25
23 1
1 6
12 23
3 42
14 10
17 42
7 21
8 44
22 21
16 0
8 42
7 18
18 0
23 15
12 1
21 19
1 42
2 43
13 18
22 25
6 1
11 23
16 4
9 3
20 0
19 21
9 16
14 23
24 13
11 18
17 52
8 45
14 53
10 51
20 45
22 48
16 50
2 44
9 48

