317
3 27
6 0
13 30
23 21
18 30
2 52
7 51
8 44
17 46
5 51
21 44
20 45
3 24
13 19
17 13
11 4
7 1
15 30
9 2
0 30
12 13
23 50
24 21
22 20
8 30
18 7
6 5
2 12
7 18
13 5
17 30
10 31
3 23
22 23
23 10
21 6
2 24
19 7
13 12
12 26
20 13
10 9
10 16
16 7
11 22
19 29
13 32
1 17
5 32
2 50
18 46
21 49
3 52
8 49
17 51
20 51
11 23
2 17
13 20
21 18
17 2
22 32
12 8
7 32
6 24
1 53
16 21
4 7
16 32
12 17
18 15
3 17
6 11
13 11
21 32
22 33
8 17
2 19
1 20
11 11
17 11
6 20
13 1
6 12
7 21
9 20
2 9
4 3
3 15
18 18
20 34
2 2
5 34
11 51
17 52
1 45
8 52
14 53
13 47
19 50
1 23
6 16
17 0
21 24
12 23
7 34
4 0
22 34
11 6
15 47
16 26
2 4
2 34
21 5
18 25
17 16
13 21
3 20
16 34
7 35
22 6
12 29
7 11
11 12
1 14
5 20
8 26
12 14
21 7
5 15
5 13
11 13
18 17
23 12
20 36
17 18
5 36
11 44
14 46
13 49
8 47
2 48
1 48
19 49
6 25
13 2
11 24
21 15
18 5
7 36
22 10
2 36
23 24
12 49
16 8
17 22
11 36
13 18
22 26
16 2
2 23
6 6
1 36
7 37
18 19
3 12
17 21
12 12
21 29
17 14
9 5
10 26
15 12
6 23
12 1
4 12
14 27
20 24
18 38
23 3
5 38
2 47
21 47
3 51
13 51
17 50
1 52
11 49
17 24
1 4
13 28
12 11
2 14
15 38
22 25
7 38
11 8
24 50
4 23
23 9
3 38
23 7
21 26
2 13
6 9
17 1
1 38
10 39
7 16
13 10
18 0
16 4
8 4
1 5
11 7
10 1
5 26
13 8
18 16
3 13
3 18
21 12
5 40
2 28
7 40
20 48
17 44
23 45
14 44
1 51
13 46
18 53
6 3
3 21
16 20
17 3
7 0
0 40
24 4
10 40
21 21
2 49
15 2
22 19
2 40
12 24
21 1
22 18
23 11
1 10
13 40
17 41
7 4
11 17
3 22
8 19
16 25
14 12
16 23
4 6
10 0
18 20
3 10
11 27
18 13
11 19
20 42
13 15
7 42
17 49
1 46
19 45
3 49
6 45
5 50
14 51
21 23
6 19
1 0
3 0
7 8
17 42
16 14
22 42
2 21
13 44
10 14
12 27
13 42
3 28
11 26
17 5
6 13
22 14
16 42
2 43
7 6
18 6
1 22
8 7
21 0
8 22
15 0
7 19
21 25
5 25
1 15
12 20
22 53
4 50
0 49
24 51
15 49
16 53
12 44
9 49
10 51

