317
6 22
20 24
10 30
16 10
23 30
18 45
12 49
8 44
21 52
22 49
2 49
7 46
6 25
23 13
21 22
2 12
12 12
7 30
14 26
17 30
22 10
3 46
4 12
16 17
16 30
18 3
7 12
23 14
3 0
11 3
6 30
0 31
21 19
17 20
8 27
12 10
23 16
13 11
1 8
17 9
8 21
2 27
7 7
18 2
2 28
6 9
23 32
1 10
10 32
8 45
12 45
22 53
16 48
17 53
20 53
7 48
11 6
22 8
7 14
23 21
12 23
17 32
1 9
2 32
16 25
21 51
5 4
9 26
1 32
8 26
7 22
13 5
12 15
3 5
21 32
17 33
16 19
13 19
22 24
1 3
6 19
18 25
17 13
14 1
20 22
1 7
10 27
2 19
1 19
21 21
17 34
6 12
22 34
16 49
12 53
8 50
11 53
24 47
20 46
7 45
7 13
17 27
16 18
1 20
22 27
10 34
13 9
2 34
18 23
0 47
9 18
6 2
7 34
1 25
22 14
23 8
17 0
13 22
6 34
10 35
2 22
18 29
8 12
16 6
21 2
0 8
17 3
11 11
16 15
12 11
4 27
23 11
11 5
6 29
20 36
17 15
7 36
16 44
10 51
23 47
18 47
12 52
2 48
1 53
11 16
16 8
7 20
21 5
0 14
22 36
19 3
12 36
8 20
9 49
17 2
3 29
2 36
1 15
6 8
17 4
13 0
21 20
11 36
22 37
16 23
11 24
18 27
3 26
7 5
19 25
16 1
22 21
15 24
22 4
16 28
24 26
10 14
20 16
23 38
2 3
6 38
1 49
16 51
18 48
11 44
22 45
21 46
8 47
8 3
6 3
21 8
18 28
22 15
15 38
2 10
12 38
17 28
0 45
5 0
3 13
1 38
13 15
23 17
22 25
11 25
18 6
3 38
15 39
6 1
2 26
7 4
7 8
12 4
11 22
0 25
9 19
12 3
8 4
1 27
20 29
22 7
2 11
23 40
6 15
20 40
11 45
17 47
7 53
1 51
10 44
16 52
12 47
21 4
1 21
11 9
12 29
22 26
18 40
4 10
7 40
16 2
6 53
13 10
3 9
13 40
7 25
1 26
3 2
21 25
22 23
6 40
17 41
11 15
8 23
23 6
12 5
16 9
12 13
10 16
9 21
10 28
24 4
17 26
4 6
2 20
20 2
10 42
18 8
23 42
6 47
8 52
22 52
17 45
16 45
7 52
1 48
16 11
8 18
6 18
12 14
22 0
13 42
5 5
2 42
17 6
19 49
18 5
21 0
21 42
13 6
22 6
7 1
17 10
3 27
8 42
12 43
16 21
6 20
11 19
18 20
2 16
5 1
6 6
9 11
7 16
18 9
14 25
18 22
9 44
14 48
19 50
15 49
5 48
3 47
4 53
13 44
0 50

