317
6 23
13 10
18 30
11 22
3 30
1 44
21 49
12 51
7 45
0 44
23 48
16 53
18 4
12 15
7 26
6 14
3 13
22 30
2 9
15 30
13 18
11 48
24 16
8 8
7 30
8 21
13 9
1 12
23 14
17 14
11 30
20 31
6 4
2 28
3 26
18 0
1 24
0 22
23 20
24 9
1 21
5 5
16 17
6 21
3 28
6 1
18 32
16 3
0 32
17 50
20 51
21 46
12 52
11 46
7 47
4 49
17 2
3 1
7 4
1 8
10 25
22 32
8 10
12 32
21 20
2 51
16 20
15 8
7 32
13 22
6 24
18 19
17 29
2 11
21 32
22 33
11 15
3 2
1 20
16 4
8 26
20 2
18 11
23 1
4 16
13 0
12 13
10 14
6 15
16 1
0 34
12 26
18 34
7 44
17 52
13 47
23 53
4 52
21 48
3 49
13 2
17 24
18 25
21 29
3 25
22 34
12 10
5 34
16 23
8 53
2 0
11 1
12 34
3 24
6 8
7 10
17 19
11 7
8 34
20 35
1 5
23 29
22 14
18 7
13 26
4 6
1 13
0 12
11 29
8 22
19 22
21 9
16 28
1 6
3 36
6 6
12 36
20 52
0 46
18 52
7 49
21 52
11 44
17 49
16 7
7 17
3 0
21 3
12 21
22 36
6 19
17 36
1 16
8 46
2 13
14 10
7 36
8 17
16 5
18 14
13 23
21 26
11 36
22 37
17 7
11 11
2 15
6 7
3 15
7 24
9 3
13 4
7 28
15 0
22 6
19 11
16 22
20 1
18 38
21 14
0 38
6 52
3 53
7 53
12 44
17 44
23 47
11 53
23 4
6 2
16 19
1 10
18 23
3 38
21 28
12 38
2 20
8 45
5 19
22 20
6 38
21 22
22 22
12 20
8 14
18 27
11 38
2 39
13 29
1 22
17 27
16 27
7 20
8 6
18 13
11 27
15 27
17 11
11 4
12 29
11 3
4 28
18 40
16 2
20 40
0 45
1 51
12 45
17 51
3 45
13 44
6 45
13 5
17 25
3 22
1 14
5 3
7 40
14 20
22 40
11 18
15 50
2 8
16 26
11 40
18 20
2 27
12 24
13 14
1 25
17 40
7 41
23 2
16 16
3 23
21 0
6 28
9 15
14 22
5 20
22 13
9 8
0 8
19 5
18 1
0 17
20 42
23 16
3 42
16 52
11 52
19 53
6 50
12 47
1 47
17 46
1 1
6 12
21 24
7 3
15 18
17 42
23 17
12 42
3 16
5 48
2 17
22 11
1 42
8 4
21 19
12 23
17 21
11 17
23 42
7 43
16 21
13 15
6 11
18 5
3 17
21 7
18 16
5 23
24 12
6 22
4 24
12 9
14 49
24 49
5 50
22 53
10 53
8 51
15 49
2 49
9 47

