317
1 22
24 12
10 30
13 9
15 30
18 48
7 50
21 48
0 49
20 50
6 52
23 46
1 12
7 22
6 15
11 14
20 29
17 30
22 7
2 30
16 4
8 47
13 27
12 10
8 30
7 21
22 19
1 27
12 1
16 21
23 30
17 31
6 12
2 0
13 23
11 20
1 23
17 1
19 14
7 24
9 18
4 5
3 23
10 0
21 7
20 22
0 32
3 2
17 32
13 50
15 46
6 44
11 52
23 52
10 45
24 52
1 20
23 3
21 11
11 5
17 20
12 32
2 25
7 32
6 17
22 50
16 10
3 12
16 32
21 1
22 26
7 20
18 13
11 21
3 32
12 33
8 23
6 14
1 6
16 8
23 2
0 26
14 19
4 15
0 10
15 2
7 3
10 26
13 5
23 22
10 34
0 23
20 34
3 44
18 46
1 52
6 47
16 45
24 50
15 52
11 9
16 19
3 17
13 1
20 2
17 34
8 21
5 34
1 13
2 44
22 16
12 9
22 34
13 28
6 23
7 6
1 2
21 27
8 34
17 35
12 8
3 28
17 11
2 24
23 24
6 3
0 12
16 25
7 26
3 1
7 5
11 8
3 6
21 19
10 36
6 1
15 36
24 46
20 52
23 49
18 44
1 45
17 51
0 52
3 0
23 19
11 23
12 11
15 14
18 36
4 13
7 36
13 7
2 52
22 24
6 21
22 36
17 10
7 28
8 8
23 6
11 17
3 36
12 37
2 6
1 16
16 13
18 23
21 13
7 19
11 26
0 1
16 12
15 6
8 10
19 3
20 9
10 24
23 38
13 24
0 38
16 44
6 46
7 48
21 49
15 53
11 49
17 44
21 21
6 26
23 7
16 18
12 6
18 38
22 25
2 38
17 3
9 49
14 13
8 26
6 38
2 5
12 26
8 11
11 6
16 28
7 38
17 39
22 8
1 10
21 5
23 13
3 16
8 7
9 9
9 13
2 28
19 20
13 2
13 15
10 10
23 16
17 40
15 21
20 40
16 50
1 48
11 44
6 50
13 53
7 45
0 48
6 13
18 2
21 15
17 4
0 11
2 40
24 20
7 40
13 16
15 49
22 0
12 3
12 40
7 25
22 5
21 14
16 5
18 24
6 40
2 41
11 11
8 20
17 19
13 12
1 8
17 2
11 12
12 22
16 1
1 21
13 26
21 4
6 10
20 24
0 42
11 15
23 42
17 45
18 52
15 45
7 51
16 49
21 44
10 53
16 6
6 0
18 11
21 9
22 15
12 42
11 22
2 42
17 0
9 44
8 13
19 26
6 42
12 5
21 22
16 26
3 4
18 29
22 42
12 43
8 25
17 22
11 24
7 0
1 24
0 6
9 2
1 28
9 14
16 2
2 26
9 20
8 53
12 47
14 52
9 52
19 47
2 49
4 45
22 51
5 46

