317
12 27
6 1
15 30
1 26
3 30
11 51
7 49
8 50
0 49
5 51
21 48
2 49
21 13
2 25
3 9
12 18
7 18
18 30
9 19
22 30
17 10
1 47
14 15
13 13
11 30
12 16
1 8
23 24
16 29
7 8
2 30
17 31
13 22
21 3
3 23
8 25
23 23
17 29
11 16
17 11
0 20
11 27
23 20
11 6
7 25
6 26
3 32
22 27
1 32
8 48
15 51
21 47
12 47
16 46
0 52
5 47
8 8
1 5
16 24
7 7
2 29
17 32
13 21
10 32
6 6
23 52
22 6
24 5
16 32
2 22
12 10
7 11
8 12
1 25
23 32
17 33
13 15
7 29
21 17
3 18
11 26
15 2
17 7
13 1
20 1
23 10
8 29
1 27
16 26
4 23
11 34
6 13
2 34
15 50
8 45
1 45
21 46
5 49
0 51
7 47
12 26
1 2
2 27
11 25
7 10
20 34
19 8
16 34
3 22
23 47
6 11
13 16
7 34
16 20
1 12
2 1
13 17
8 26
6 34
20 35
17 28
12 20
21 24
11 3
3 21
22 11
11 1
13 6
17 14
9 23
1 4
2 16
0 8
1 10
2 36
11 21
15 36
7 48
5 46
6 47
4 52
12 49
21 49
18 49
21 7
16 2
18 8
6 24
2 4
22 36
17 16
7 36
12 3
20 50
13 25
11 9
11 36
12 14
3 25
16 28
7 1
21 2
6 36
22 37
18 16
8 28
17 5
13 18
1 3
21 26
10 3
21 1
11 15
5 13
23 3
23 0
0 7
18 0
5 38
16 14
7 38
12 50
21 51
22 46
3 51
15 45
11 50
1 50
6 5
1 29
8 22
22 13
10 24
20 38
17 17
2 38
7 15
23 45
13 28
16 19
23 38
3 1
18 2
17 22
12 19
6 7
13 38
20 39
11 22
2 8
7 26
8 17
1 9
12 7
11 29
24 23
4 0
8 9
4 19
19 22
11 12
5 6
3 40
7 14
0 40
8 44
21 44
16 49
2 47
6 51
12 48
18 53
8 5
1 24
6 2
21 4
2 24
10 40
20 20
17 40
23 2
15 52
7 13
13 26
13 40
1 14
8 2
12 0
11 10
6 0
16 40
22 41
17 0
18 27
3 12
21 11
7 3
1 11
23 19
11 14
11 19
19 1
16 6
0 24
22 23
0 13
5 42
16 22
3 42
15 53
11 45
2 48
8 47
21 52
1 53
12 52
6 20
21 0
1 6
7 6
2 0
10 42
13 10
17 42
8 11
20 47
23 4
16 15
21 42
8 19
18 4
11 20
1 16
12 17
16 42
7 43
22 20
13 3
6 25
23 21
3 28
21 23
13 2
24 27
14 20
24 19
9 3
11 8
23 51
13 47
10 44
20 49
19 50
17 46
24 51
9 50
14 53

