317
6 25
14 28
12 30
3 12
17 30
1 49
21 52
5 45
23 47
10 53
16 49
11 44
6 29
12 4
11 27
1 5
17 13
22 30
19 1
7 30
13 26
3 47
20 8
2 3
1 30
2 19
13 15
7 17
21 29
18 5
11 30
22 31
3 10
6 27
17 19
16 18
8 10
21 19
0 13
0 26
17 21
2 27
12 13
5 22
3 19
23 17
13 32
21 20
8 32
11 50
17 52
18 44
16 48
6 49
10 45
1 51
13 3
17 1
16 7
18 4
0 22
5 32
12 22
2 32
7 2
22 47
21 8
20 29
1 32
21 27
23 5
17 12
2 5
8 6
11 32
5 33
16 8
17 23
12 28
1 26
22 28
4 6
5 7
19 29
17 27
9 6
10 25
10 16
21 11
16 12
13 34
18 8
5 34
11 45
8 46
17 50
1 50
9 44
12 46
10 44
8 14
1 6
17 17
6 10
12 17
2 34
20 24
22 34
21 23
19 47
18 29
7 27
18 34
7 25
11 25
13 0
22 8
17 29
12 34
2 35
8 8
23 18
2 20
21 5
16 5
1 13
8 3
0 6
10 20
12 23
21 21
5 25
3 26
1 3
5 36
11 0
13 36
23 48
9 48
8 52
12 50
16 50
18 49
21 45
16 19
8 11
6 19
12 0
3 29
17 36
10 2
22 36
13 10
7 53
2 29
11 22
12 36
8 0
1 25
2 26
11 18
16 28
21 36
17 37
23 29
21 10
7 26
6 9
13 1
14 4
16 13
14 16
14 19
21 17
20 0
2 14
8 20
17 28
5 38
18 17
13 38
21 46
16 45
23 52
1 52
9 46
3 53
11 48
8 1
16 27
6 5
12 26
2 16
10 38
7 29
22 38
13 20
19 45
0 7
18 20
18 38
23 23
7 4
2 13
6 0
21 22
1 38
10 39
3 28
13 24
16 16
16 29
22 0
24 14
1 1
11 7
1 4
2 7
13 11
9 8
14 25
5 9
12 40
16 22
8 40
11 46
18 48
3 50
1 47
10 46
17 51
21 51
21 4
3 9
8 13
1 2
12 9
10 40
6 7
22 40
18 23
2 49
7 11
16 21
1 40
8 18
22 4
23 10
21 9
2 12
7 40
17 41
11 28
6 15
3 3
13 18
16 23
2 22
18 0
3 4
22 12
0 1
21 14
0 24
21 12
12 3
8 42
11 13
13 42
16 51
18 47
5 53
1 46
3 52
6 53
23 44
23 6
6 1
8 2
13 12
0 20
2 42
7 28
15 42
21 13
11 47
22 11
10 14
22 42
22 6
11 3
16 9
8 5
17 14
1 42
2 43
6 24
18 19
21 18
7 15
12 2
16 17
9 11
16 6
7 0
7 13
24 26
14 13
2 51
4 48
0 45
15 50
19 52
22 52
20 46
7 46
24 53

