317
16 7
13 19
8 30
23 23
3 30
1 50
6 48
17 47
11 53
2 48
21 51
7 52
1 8
7 26
6 14
11 26
2 12
20 30
18 17
15 30
8 9
23 49
10 5
12 11
12 30
8 14
11 24
17 5
23 4
1 5
7 30
20 31
6 3
16 2
2 20
3 3
16 0
22 25
24 15
8 1
7 3
17 19
20 19
18 16
13 12
8 19
22 32
1 26
6 32
17 44
11 48
2 44
3 51
16 49
21 48
9 48
23 0
6 19
7 28
21 3
10 1
17 32
1 9
2 32
22 7
5 48
12 2
19 13
13 32
7 11
8 10
2 22
11 18
18 21
21 32
15 33
3 1
1 27
22 10
13 1
6 12
19 25
19 7
20 1
3 24
18 13
22 15
0 22
13 25
3 19
8 34
21 27
15 34
7 49
2 52
6 44
11 44
4 44
23 47
1 47
11 2
13 29
2 9
16 25
7 17
23 34
20 4
17 34
1 22
0 46
12 28
21 12
1 34
16 3
8 29
7 16
13 23
2 5
6 34
22 35
18 8
12 26
22 1
11 9
3 5
7 19
21 8
13 14
11 8
7 18
23 29
3 9
16 16
6 17
21 36
17 3
8 36
3 46
7 47
13 48
15 49
11 49
1 46
23 45
1 4
23 22
21 22
2 28
8 27
3 36
18 2
12 36
7 7
20 52
17 7
19 22
16 36
18 0
13 5
11 13
21 1
1 28
23 36
2 37
12 6
22 19
7 15
17 25
6 22
14 14
24 29
10 19
16 23
2 4
22 26
6 1
7 4
15 19
8 38
21 16
3 38
17 46
23 51
1 53
11 45
2 49
16 44
13 46
2 14
11 15
3 26
1 13
7 20
18 38
12 9
22 38
16 24
14 50
6 29
21 20
2 38
22 29
6 15
3 23
8 21
16 26
1 38
17 39
13 7
23 14
12 14
11 23
21 18
20 20
6 21
9 4
2 10
1 3
12 22
13 26
4 7
21 7
2 40
8 0
15 40
6 53
13 51
1 51
17 53
9 53
7 46
11 46
7 23
17 18
16 11
11 27
2 21
0 40
5 13
22 40
13 13
14 48
8 4
18 19
7 40
1 24
21 0
23 15
22 28
2 23
8 40
10 41
17 11
6 18
3 10
18 6
13 17
8 24
17 16
14 25
7 29
13 11
15 28
17 28
17 20
13 0
8 42
16 12
22 42
2 53
11 50
4 53
3 50
21 47
7 45
15 46
11 17
21 2
17 9
3 29
23 24
0 42
16 28
5 42
13 28
18 53
14 15
12 5
21 42
21 17
13 16
7 9
17 26
6 0
3 42
0 43
16 13
8 26
22 4
18 29
11 29
1 7
24 14
3 22
18 15
17 24
22 22
7 25
20 48
18 48
19 45
0 44
10 48
12 44
24 52
5 52
14 44

