317
6 26
8 17
18 30
16 19
20 30
22 52
1 53
0 49
13 47
23 47
11 47
17 49
11 0
18 3
17 21
6 18
22 29
2 30
24 26
12 30
1 23
16 53
5 6
7 4
23 30
22 12
18 13
12 16
1 0
6 15
17 30
2 31
21 16
13 5
16 6
7 18
13 9
22 22
0 18
24 28
10 4
19 25
24 16
11 19
16 20
6 28
18 32
17 28
20 32
1 49
3 52
2 52
11 46
13 45
0 52
8 52
18 2
21 1
8 24
16 24
2 10
12 32
17 6
22 32
11 6
7 48
5 20
4 17
8 32
7 14
2 18
21 29
23 20
11 20
16 32
12 33
3 6
22 25
17 0
8 3
1 15
21 22
16 12
12 24
24 25
15 13
12 25
12 20
8 22
16 14
20 34
0 9
18 34
11 49
2 45
3 45
13 49
6 44
17 47
1 45
6 23
1 19
2 21
21 14
17 22
12 34
5 23
22 34
3 28
10 53
15 20
7 12
7 34
21 15
16 27
17 10
3 0
8 16
6 34
12 35
23 8
2 19
11 27
1 9
18 20
14 28
1 21
5 1
8 14
2 0
1 6
1 29
8 8
16 2
20 36
2 4
0 36
18 51
19 45
11 52
13 48
6 47
23 44
17 50
13 21
1 3
8 15
21 2
17 25
22 36
3 3
10 36
16 0
2 46
7 0
9 23
18 36
7 17
12 4
13 8
17 7
21 4
3 36
22 37
1 16
3 12
6 17
8 2
16 13
5 15
23 19
3 14
7 16
5 8
24 9
24 20
11 8
3 17
22 38
1 1
20 38
6 46
17 48
8 49
16 48
0 47
2 50
13 44
11 22
13 15
21 26
6 12
22 28
7 38
12 5
17 38
2 13
9 53
4 7
1 5
13 38
1 14
3 18
11 24
17 17
21 11
12 38
5 39
16 21
8 6
23 21
23 6
18 17
18 29
11 2
18 1
13 17
15 21
23 4
12 11
2 17
23 12
18 40
17 14
0 40
16 44
6 48
3 46
11 48
22 49
21 47
13 46
1 17
18 9
21 27
16 28
2 8
7 40
20 10
12 40
6 21
10 46
24 18
17 20
2 40
13 16
23 15
22 8
17 27
18 11
11 40
7 41
3 27
12 9
16 15
1 2
6 14
6 13
6 2
7 1
1 4
15 10
15 0
13 26
16 8
6 19
0 42
18 10
20 42
13 51
8 47
19 53
11 53
22 50
23 51
17 52
16 5
21 0
17 29
13 12
7 11
22 42
18 26
2 42
11 17
10 49
5 2
9 8
18 42
22 9
6 1
2 27
1 18
21 17
11 42
12 43
17 18
3 26
23 16
16 3
7 29
15 15
18 18
1 10
23 5
14 24
2 24
22 15
7 47
9 45
5 53
24 51
4 51
12 44
10 50
15 53
14 50

