317
2 17
24 15
5 30
16 14
10 30
12 47
8 46
1 52
23 46
15 46
17 45
3 47
17 27
1 7
2 13
23 23
5 19
7 30
16 1
12 30
3 29
18 48
21 0
22 28
17 30
18 29
3 0
13 2
6 23
22 20
1 30
7 31
16 28
12 14
2 10
23 8
13 22
15 9
0 25
19 2
1 22
10 22
2 19
16 19
17 19
3 23
15 32
1 26
5 32
7 53
2 49
11 49
13 51
23 48
8 51
10 47
17 2
21 5
16 25
6 3
7 20
12 32
18 0
22 32
11 25
1 48
4 17
0 6
8 32
1 28
3 15
21 2
6 18
11 22
17 32
12 33
23 14
21 7
18 6
7 21
2 18
10 25
11 2
14 27
18 26
8 11
5 24
5 5
6 26
7 19
23 34
15 26
2 34
13 48
12 46
16 53
8 50
10 44
1 47
11 50
2 20
1 29
8 0
23 2
12 12
18 34
15 7
20 34
6 14
4 51
0 19
5 4
1 34
21 23
13 24
12 25
6 4
2 2
11 34
17 35
22 13
23 6
18 4
8 16
3 13
12 23
13 28
18 13
14 6
22 6
8 25
23 13
7 12
24 5
10 36
17 17
15 36
13 46
5 46
3 50
2 50
6 44
23 50
1 49
6 6
16 3
11 17
1 11
22 21
2 36
18 22
7 36
13 26
17 46
12 5
21 25
6 36
17 7
23 11
21 11
7 24
3 27
13 36
0 37
12 13
11 9
16 12
18 21
8 12
14 20
3 9
5 15
7 22
14 8
14 4
1 3
1 5
17 29
10 38
13 10
15 38
8 44
2 46
7 47
6 52
12 51
3 45
23 47
12 21
16 21
1 9
11 5
2 25
7 38
13 4
22 38
6 9
18 53
19 29
21 24
1 38
22 18
17 16
16 7
23 20
8 2
3 38
5 39
13 8
2 15
12 20
12 9
21 3
1 18
13 19
5 17
24 21
10 23
17 23
17 20
8 24
24 13
5 40
11 19
15 40
10 51
2 44
7 49
3 51
1 53
12 45
23 44
6 17
1 25
16 2
17 28
7 7
2 40
20 19
12 40
18 23
11 45
22 1
21 9
1 40
13 20
23 0
21 15
6 27
8 13
11 40
17 41
2 5
12 6
7 27
3 19
16 27
18 25
15 14
9 9
2 27
5 13
2 26
16 11
6 0
12 16
15 42
7 9
23 42
13 49
1 45
10 45
8 52
3 46
11 52
5 52
11 20
8 15
6 15
2 14
23 12
0 42
7 26
17 42
12 8
14 49
21 14
22 26
21 42
23 18
12 11
18 5
8 27
16 24
3 42
0 43
6 13
17 0
22 15
7 6
13 1
0 11
4 24
24 4
5 1
6 8
11 0
6 5
19 47
0 48
9 53
14 53
22 50
21 46
4 52
18 50
20 49

