317
7 22
18 23
23 30
1 27
20 30
10 49
6 49
2 49
16 50
0 51
11 50
3 45
11 23
7 27
6 12
16 19
20 0
2 30
8 26
12 30
18 7
1 52
19 17
22 25
6 30
8 0
3 24
13 13
12 6
23 10
1 30
15 31
7 20
11 11
2 4
22 22
13 20
11 13
0 24
2 19
4 25
1 20
7 3
14 7
16 18
20 24
0 32
6 0
10 32
23 48
7 51
2 53
22 51
13 46
24 49
18 48
11 21
16 20
13 1
18 13
22 21
8 32
12 25
2 32
1 7
17 53
21 5
6 3
17 32
1 6
6 6
21 1
23 11
16 29
12 32
7 33
2 0
16 14
13 10
17 17
22 14
5 16
6 5
0 5
14 4
4 14
3 28
4 4
1 28
7 16
10 34
2 11
23 34
3 51
21 47
18 46
16 53
22 52
6 44
0 50
1 25
11 25
6 28
16 26
23 15
13 34
4 8
17 34
7 7
8 47
20 29
2 16
6 34
21 26
3 8
1 10
18 21
8 25
2 34
12 35
22 23
17 24
11 7
16 10
7 4
1 22
23 20
13 3
20 12
12 20
19 12
19 1
18 27
21 10
0 36
11 19
23 36
13 48
20 53
7 52
2 46
6 52
16 48
10 45
16 7
6 17
23 24
12 4
10 17
18 36
5 0
2 36
21 11
17 50
22 8
8 1
7 36
6 25
1 16
2 2
18 16
11 22
16 36
12 37
3 13
17 5
23 12
8 23
22 1
12 15
15 16
19 25
9 9
18 19
8 7
15 25
10 19
20 14
23 38
13 17
0 38
6 50
7 45
2 47
18 52
22 49
11 52
16 46
7 18
11 14
6 4
17 15
22 27
18 38
8 15
2 38
16 24
12 52
21 12
13 15
8 38
12 17
23 6
2 22
11 20
18 25
22 38
15 39
3 15
7 12
6 15
6 20
13 29
12 27
5 5
7 19
3 0
7 8
24 3
23 18
10 8
23 23
20 40
18 8
0 40
24 53
16 52
22 47
6 48
11 44
13 52
7 49
6 18
11 18
22 18
13 9
20 9
2 40
19 7
7 40
1 18
12 47
17 29
18 22
6 40
13 11
18 4
8 6
7 6
16 22
12 40
2 41
22 17
11 16
17 19
21 8
1 21
2 15
4 5
5 26
15 19
8 12
13 19
6 9
13 7
0 0
20 42
2 21
23 42
1 49
16 51
10 50
6 45
18 51
22 45
11 46
6 23
1 8
13 25
22 15
23 1
10 42
12 21
17 42
8 11
3 49
2 14
5 25
12 42
7 1
1 2
17 23
21 27
16 16
3 42
7 43
13 28
18 0
6 11
11 10
22 24
19 5
7 25
18 1
18 14
15 13
24 17
24 9
15 49
9 47
14 53
12 45
19 49
17 44
8 51
4 44
5 44

