317
11 3
19 2
8 30
16 20
0 30
21 52
23 47
18 48
10 50
17 47
13 50
7 51
1 14
17 10
18 2
8 13
13 18
22 30
12 14
2 30
21 19
16 48
5 24
6 24
13 30
11 20
18 12
3 17
21 0
6 17
16 30
22 31
12 23
2 4
7 14
8 8
1 23
21 23
11 18
13 8
4 24
11 8
21 15
7 21
16 1
0 2
23 32
2 14
8 32
1 50
7 46
11 48
18 51
17 45
10 48
21 45
23 16
16 29
1 17
21 11
8 21
12 32
22 16
17 32
11 22
3 45
2 0
6 25
6 32
21 17
22 15
17 9
18 25
7 25
3 32
12 33
11 4
16 5
2 28
6 9
23 25
7 12
23 24
22 2
7 2
9 6
4 13
5 25
11 2
18 21
8 34
17 13
0 34
24 44
16 46
7 49
23 53
10 51
2 51
19 46
7 18
2 16
1 26
11 15
15 19
22 34
5 28
12 34
21 25
3 53
17 18
6 2
16 34
6 1
13 15
12 29
1 7
17 14
11 34
20 35
7 23
2 7
21 27
3 10
18 5
2 9
4 19
0 6
3 14
4 25
23 10
13 6
1 18
2 8
18 36
13 4
10 36
23 44
17 44
16 44
9 45
8 51
21 53
0 47
8 5
16 9
1 25
7 20
17 15
5 36
14 28
22 36
2 1
13 49
3 15
12 12
12 36
13 10
3 24
18 1
23 7
8 23
21 36
5 37
17 2
21 12
16 8
11 16
1 13
16 12
11 14
8 7
14 24
24 21
11 26
11 21
0 23
19 11
10 38
2 6
7 38
18 45
23 52
16 53
1 47
9 53
17 50
21 51
17 27
1 27
16 23
22 23
7 3
20 38
3 20
12 38
23 1
2 48
15 6
6 8
16 38
12 8
13 13
17 19
1 1
7 9
2 38
22 39
3 18
21 7
8 29
6 3
11 5
6 14
5 6
14 16
14 25
13 0
19 6
11 23
17 0
19 19
23 40
8 4
0 40
9 46
7 48
10 44
2 44
18 50
21 48
11 44
2 15
11 29
21 4
23 21
0 5
17 40
3 0
12 40
7 15
16 50
22 20
8 6
2 40
21 16
13 26
12 24
11 25
3 25
22 40
5 41
17 23
23 19
1 12
18 9
8 27
14 5
21 9
0 4
12 19
8 9
11 7
3 22
2 24
23 29
0 42
11 19
17 42
9 48
8 52
19 50
21 46
10 53
16 45
24 52
2 12
17 16
1 28
13 14
18 23
20 42
3 26
5 42
12 25
11 50
15 5
22 14
16 42
16 2
23 8
7 8
3 12
8 15
11 42
12 43
1 15
6 0
17 24
2 13
22 19
2 19
0 15
5 14
15 7
9 0
2 10
6 26
14 44
5 52
15 48
22 46
20 50
12 48
3 47
6 52
4 48

