317
6 12
14 12
1 30
21 7
3 30
18 51
11 48
13 51
7 50
12 48
23 44
22 47
1 0
23 13
22 16
3 18
12 24
17 30
10 21
5 30
16 28
21 48
0 28
8 28
22 30
6 8
7 0
3 9
18 12
11 6
8 30
15 31
21 24
2 12
23 22
12 8
1 21
0 19
20 17
8 17
9 27
16 14
23 24
14 21
13 16
2 13
3 32
21 15
5 32
18 45
11 50
12 44
22 46
23 48
1 44
14 51
1 1
18 26
3 23
11 11
12 29
22 32
21 8
7 32
6 20
17 48
0 13
16 6
18 32
1 14
2 0
7 18
17 1
21 12
11 32
22 33
8 7
7 25
13 22
18 22
3 16
23 19
15 29
7 8
12 26
19 16
1 11
21 17
22 17
23 0
3 34
12 22
5 34
2 52
13 46
1 48
21 46
11 44
18 50
14 53
13 21
21 16
22 28
6 26
2 5
17 34
19 24
7 34
23 23
20 47
10 7
12 25
22 34
2 1
11 17
12 4
7 1
21 25
13 34
15 35
3 27
8 12
18 2
6 2
23 8
7 17
15 28
16 27
1 4
1 7
11 26
16 7
1 16
6 19
11 36
7 23
13 36
2 50
0 51
3 47
5 44
21 44
18 44
4 50
1 24
21 2
11 10
22 6
12 7
3 36
20 10
17 36
6 29
7 47
8 23
16 11
2 36
1 8
7 16
11 12
17 2
21 26
16 36
22 37
13 27
18 25
12 11
3 21
8 13
15 20
2 24
17 23
17 28
13 25
13 4
10 15
14 1
18 21
3 38
23 5
5 38
1 50
21 47
12 53
13 52
0 47
2 46
11 52
6 14
11 29
1 5
22 20
2 28
12 38
23 16
7 38
21 21
16 51
15 2
17 6
17 38
8 6
6 18
12 14
16 23
2 23
11 38
20 39
13 28
23 2
1 26
1 25
18 10
9 9
20 18
12 18
12 27
9 13
12 13
0 2
0 4
21 20
3 40
23 9
1 40
5 50
11 47
6 47
22 53
7 48
18 48
13 45
6 3
1 27
2 8
3 22
15 13
17 40
20 0
12 40
22 7
9 53
8 20
23 18
6 40
22 4
13 10
16 1
3 12
11 5
23 40
17 41
8 27
2 3
1 9
7 13
12 16
9 1
2 27
11 1
4 16
14 25
17 16
20 12
23 3
13 1
0 42
18 17
3 42
6 45
12 50
5 47
21 51
7 44
14 47
11 53
11 0
6 11
7 22
12 19
3 13
15 42
18 28
20 42
1 3
10 48
8 24
2 19
11 42
11 24
3 15
23 11
8 0
22 27
18 42
15 43
6 23
21 29
12 1
7 26
1 28
20 7
3 10
20 8
9 12
15 11
1 13
1 10
17 52
16 47
15 50
24 44
9 51
8 46
20 48
10 52
19 52

