317
21 0
0 21
23 30
17 22
18 30
11 53
8 47
12 50
7 49
15 45
1 52
3 52
6 8
21 1
23 7
18 24
3 19
12 30
2 12
7 30
11 12
22 52
16 20
17 26
2 30
21 2
3 22
8 16
16 10
11 23
22 30
12 31
23 13
7 26
18 19
17 23
7 11
19 19
14 12
10 2
8 11
6 22
20 19
17 2
8 27
15 15
0 32
23 22
18 32
11 49
7 51
21 51
12 51
2 47
17 46
24 44
8 22
21 25
7 23
2 5
18 22
3 32
6 23
12 32
11 25
22 50
16 28
23 0
6 32
18 21
17 28
13 19
8 12
1 1
23 32
2 33
11 4
13 9
22 17
7 7
16 17
11 11
1 25
8 5
13 24
11 17
5 10
9 15
11 16
19 11
2 34
13 26
17 34
8 51
7 52
1 48
21 46
15 47
12 47
0 50
3 18
2 15
18 9
17 5
10 0
7 34
20 20
22 34
1 4
6 50
13 21
16 9
11 34
23 12
17 8
16 3
1 8
13 23
12 34
7 35
22 28
2 19
8 17
3 23
18 16
1 18
9 23
8 7
12 16
3 28
8 2
23 10
3 12
21 12
18 36
1 27
12 36
23 46
15 50
17 52
2 52
11 45
7 46
0 53
13 5
18 26
17 18
12 2
2 24
7 36
16 2
22 36
11 26
6 46
1 5
14 22
2 36
1 3
22 21
12 4
17 16
6 2
16 36
7 37
13 22
18 2
11 22
3 20
23 9
2 20
13 6
8 24
17 17
7 13
14 28
10 12
8 9
3 1
0 38
17 0
18 38
13 46
11 51
21 47
23 45
15 53
2 44
7 45
1 9
18 13
2 3
21 7
7 15
22 38
17 12
12 38
3 3
24 49
6 14
16 0
17 38
7 5
1 0
2 10
11 5
8 18
6 38
20 39
12 13
23 2
16 1
16 18
13 1
18 15
17 14
8 8
6 29
9 1
10 8
12 26
19 9
23 3
2 40
8 26
0 40
7 53
12 49
18 46
24 48
15 48
17 53
11 46
1 26
17 25
7 8
18 11
2 26
20 40
6 21
12 40
22 29
10 52
8 25
16 5
16 40
12 22
1 14
18 25
17 1
2 16
11 40
20 41
7 14
13 29
3 11
8 19
23 25
2 18
16 19
8 1
8 10
18 4
4 3
4 1
2 4
0 26
18 42
7 3
23 42
8 46
13 50
15 46
17 51
11 50
21 52
1 44
21 9
18 3
17 19
11 15
7 28
12 42
16 14
2 42
23 8
22 47
20 10
6 16
8 42
7 12
1 17
18 28
22 8
16 11
11 42
12 43
23 24
17 7
6 6
21 13
2 6
8 20
23 6
20 3
21 22
7 21
21 20
14 11
20 52
10 50
14 53
16 49
9 45
6 44
4 49
22 48
5 53

