317
16 9
11 19
12 30
7 6
3 30
2 45
23 44
15 48
22 52
0 51
8 51
1 46
16 17
1 8
8 14
12 26
2 23
22 30
7 27
17 30
13 4
6 46
24 26
10 5
6 30
8 28
17 18
3 17
23 25
12 18
16 30
20 31
7 19
2 10
1 21
13 10
3 18
18 3
24 10
3 9
8 22
21 26
14 17
4 9
22 10
8 23
3 32
11 22
15 32
17 49
23 52
2 44
13 51
7 46
1 47
0 52
7 3
2 20
1 29
3 29
22 20
12 32
21 2
17 32
16 12
11 45
6 22
5 7
7 32
3 13
2 11
16 28
6 19
11 10
23 32
12 33
17 4
16 19
21 21
7 4
1 7
18 0
24 6
19 2
2 18
14 20
2 1
10 21
11 8
18 25
15 34
7 28
0 34
22 46
23 50
8 47
13 49
4 46
3 46
2 52
8 7
1 20
16 10
13 5
23 4
3 34
19 18
10 34
21 17
6 53
7 20
17 14
2 34
8 5
11 11
12 7
16 6
1 1
13 34
20 35
6 10
23 18
22 28
17 28
3 24
11 26
3 21
8 26
3 6
2 4
23 10
23 0
2 16
7 8
3 36
13 23
15 36
8 44
1 48
23 47
17 44
11 47
22 53
0 46
1 0
16 23
8 29
17 22
2 28
22 36
18 8
10 36
7 5
21 46
6 9
13 9
18 36
16 15
7 13
1 14
11 23
21 11
13 36
22 37
2 17
12 24
3 11
17 10
8 8
18 4
23 9
17 19
18 20
10 23
2 5
7 11
18 23
17 26
15 38
7 26
3 38
22 45
8 45
23 46
12 48
1 53
11 50
2 46
23 23
8 16
16 14
22 15
3 1
20 38
6 24
12 38
17 16
7 48
0 8
19 27
8 38
3 4
17 15
18 17
12 23
2 19
11 38
20 39
13 15
23 22
7 24
7 7
1 10
2 15
0 18
2 3
2 13
10 20
20 19
24 5
12 3
2 24
7 40
11 29
0 40
23 51
16 52
3 48
4 52
13 45
15 45
22 51
16 2
12 16
3 25
1 18
7 10
22 40
10 18
17 40
2 2
11 53
6 13
21 3
3 40
12 29
7 14
1 27
13 17
18 21
6 40
22 41
17 27
11 15
8 17
21 18
16 7
18 1
12 1
9 29
8 2
19 4
7 22
19 0
7 18
13 11
3 42
11 16
15 42
23 53
18 52
2 47
22 47
8 50
1 51
12 51
12 21
22 7
23 24
3 16
7 9
0 42
21 4
17 42
13 3
11 51
10 14
6 3
21 42
1 15
13 24
16 22
8 6
18 24
23 42
0 43
7 15
17 8
22 19
6 5
12 0
1 26
7 29
8 18
24 27
4 0
15 11
11 27
6 52
14 51
10 51
5 52
24 49
21 50
9 52
19 50
20 53

