317
16 13
24 26
5 30
12 4
3 30
1 52
11 53
21 46
23 46
2 45
13 45
15 52
16 29
11 10
13 6
21 22
2 27
8 30
0 14
17 30
6 10
12 46
20 10
22 14
1 30
3 25
21 4
17 2
12 5
6 5
22 30
7 31
2 17
16 21
11 6
13 20
17 3
18 8
4 16
10 24
15 26
4 24
2 4
18 17
12 16
15 13
5 32
11 2
2 32
4 45
16 49
13 49
21 52
23 51
18 52
24 47
21 17
6 8
2 24
23 12
12 24
17 32
22 28
7 32
16 1
11 48
1 23
0 11
13 32
11 19
1 15
8 17
6 24
16 0
23 32
17 33
3 9
7 1
22 16
13 14
2 0
3 12
23 21
14 26
4 12
11 25
19 26
7 2
23 24
11 12
3 34
21 23
15 34
24 46
1 51
18 48
7 49
5 50
13 46
6 46
23 16
7 22
3 13
1 26
13 7
5 34
22 6
17 34
16 5
8 50
12 19
21 1
8 34
18 0
11 18
13 23
22 18
6 27
12 34
0 35
17 9
23 7
1 24
21 29
7 28
8 1
0 9
9 9
22 4
9 25
2 11
15 16
12 20
1 27
3 36
6 15
15 36
7 48
5 53
2 49
21 47
23 48
11 46
18 49
11 17
7 11
18 21
21 0
2 18
22 36
6 6
12 36
16 11
17 46
8 21
0 2
7 36
8 8
12 29
11 0
16 10
21 6
18 36
22 37
13 22
18 3
3 6
6 1
1 17
23 27
8 27
17 25
13 3
16 22
15 12
19 19
1 22
18 12
3 38
16 27
5 38
13 50
23 52
21 50
2 52
7 51
15 53
11 49
11 3
6 26
1 0
12 3
2 28
13 38
8 19
22 38
18 25
9 44
17 1
16 28
8 38
23 15
18 6
16 18
1 25
11 1
2 38
12 39
3 23
22 15
7 5
6 21
21 7
8 12
9 21
13 25
2 22
7 15
9 22
16 9
12 26
5 4
3 40
2 26
15 40
1 44
6 48
13 53
21 51
7 52
11 44
23 47
1 10
12 9
3 24
11 27
7 16
17 40
9 28
22 40
16 17
20 49
10 8
2 23
6 40
11 4
22 25
23 19
21 27
8 28
12 40
17 41
2 12
13 12
7 14
1 13
16 12
0 7
11 11
19 17
1 18
14 28
23 5
0 4
6 3
13 2
15 42
11 9
23 42
1 47
3 53
18 47
2 50
21 53
12 45
5 48
12 18
21 15
23 13
3 10
15 23
0 42
14 11
7 42
18 16
11 45
22 0
17 23
21 42
3 3
16 14
7 3
11 8
6 23
18 42
2 43
22 23
8 3
1 3
23 10
12 15
9 15
21 11
16 16
7 10
7 9
14 21
2 19
10 47
9 50
20 44
8 46
19 47
17 45
22 50
0 47
14 53

