317
8 21
14 10
10 30
12 4
2 30
18 45
22 45
0 52
21 49
4 50
7 49
13 48
8 5
2 12
3 24
11 5
22 10
17 30
20 24
5 30
13 5
1 44
16 27
12 11
1 30
2 2
23 20
6 15
16 9
13 29
21 30
17 31
3 2
7 12
22 18
12 24
8 14
1 8
15 14
24 29
1 15
0 24
19 22
6 3
21 13
6 5
2 32
7 8
10 32
4 51
22 53
8 44
18 46
13 52
0 45
5 47
3 26
21 20
2 26
22 1
18 11
13 32
7 25
15 32
12 8
23 47
1 25
9 17
21 32
3 22
2 5
18 22
23 14
11 14
8 32
12 33
17 27
16 17
7 13
21 3
1 29
18 8
23 5
18 6
4 7
2 25
2 10
10 23
7 27
0 29
13 34
18 9
3 34
8 51
11 50
22 52
21 46
6 53
2 52
5 49
21 11
13 20
2 7
3 15
7 26
10 34
16 2
22 34
6 23
18 49
17 11
1 3
2 34
18 25
22 21
23 21
7 11
3 25
21 34
10 35
17 26
6 28
11 28
8 1
1 2
11 4
18 7
14 15
21 25
9 24
3 3
21 14
4 24
6 20
10 36
7 0
12 36
8 50
14 53
2 53
5 53
22 51
3 46
0 49
11 1
13 0
8 17
12 28
2 6
17 36
16 12
20 36
6 13
7 48
1 26
23 26
7 36
12 26
22 16
21 19
8 27
16 16
2 36
17 37
3 0
3 1
11 12
13 13
6 18
2 11
2 24
17 23
21 23
23 7
20 7
5 16
4 3
3 17
10 38
13 8
5 38
18 53
2 48
0 44
22 46
14 51
12 48
21 44
12 20
11 26
2 17
6 2
18 4
7 38
13 21
22 38
3 20
17 47
16 21
1 22
16 38
2 9
1 7
18 14
23 27
11 29
21 38
7 39
22 11
17 29
12 2
13 14
3 23
7 3
15 0
13 25
20 25
15 3
13 4
23 17
13 1
5 12
10 40
14 1
6 40
22 44
2 49
12 50
8 52
0 47
18 48
21 51
7 20
18 18
21 21
22 17
10 25
12 40
16 22
2 40
6 26
1 45
20 18
17 14
21 40
18 21
2 0
1 18
3 28
6 21
17 40
22 41
11 22
12 15
16 18
13 15
7 17
12 17
19 23
0 14
10 9
1 23
18 24
3 8
8 7
12 3
5 42
3 19
10 42
22 47
4 48
14 46
21 45
18 44
7 51
13 50
8 22
6 7
7 18
16 11
13 7
17 42
24 24
0 42
12 14
20 45
23 19
3 16
21 42
16 1
23 8
8 16
1 6
13 17
22 42
15 43
2 14
6 22
18 16
3 4
11 10
21 28
9 14
3 27
22 25
5 7
20 12
18 20
16 47
15 45
19 45
9 52
20 44
23 51
17 50
1 46
24 49

