317
3 25
8 12
23 30
13 2
17 30
16 46
12 52
14 44
1 53
5 47
6 46
21 48
1 8
23 6
12 2
21 12
17 26
5 30
19 3
2 30
22 22
13 52
7 7
11 13
11 30
12 19
8 10
2 22
16 18
23 1
7 30
20 31
13 1
1 25
17 23
18 14
2 5
3 23
12 6
3 9
0 24
1 27
21 21
15 3
12 9
3 15
13 32
17 11
5 32
18 52
16 52
23 52
21 50
8 47
1 44
22 53
16 1
6 17
1 19
18 21
12 11
22 32
17 28
7 32
21 9
11 51
2 25
4 23
21 32
11 16
18 10
6 3
7 4
12 24
1 32
22 33
17 4
8 0
2 27
13 4
16 26
5 26
19 2
20 27
6 28
5 18
9 12
14 17
17 15
21 5
12 34
1 22
5 34
22 47
8 46
23 50
18 46
24 53
14 48
3 51
6 0
13 5
12 4
2 15
22 26
17 34
16 9
7 34
3 21
11 52
20 28
1 18
22 34
8 21
12 27
13 12
18 20
23 9
11 34
2 35
7 8
17 17
2 2
16 13
21 23
13 9
0 27
0 19
18 18
10 20
15 8
3 2
17 13
16 20
13 36
21 20
23 36
6 50
7 52
8 44
22 44
1 47
18 48
5 44
6 7
22 2
13 19
11 12
17 25
7 36
20 4
2 36
12 29
9 45
21 24
19 8
6 36
7 19
17 2
1 14
21 11
2 8
22 36
10 37
3 3
22 0
18 29
8 20
13 23
0 26
14 9
11 3
9 29
23 17
24 17
19 18
14 24
18 22
23 38
16 29
5 38
22 46
13 47
8 53
1 45
7 46
21 53
17 48
6 29
21 14
7 15
8 22
22 14
2 38
9 24
10 38
1 5
19 51
15 6
16 25
16 38
13 27
12 22
17 5
6 9
21 10
7 38
2 39
8 26
1 26
22 18
22 25
11 6
13 26
24 18
8 27
8 15
22 20
10 13
23 22
22 24
21 26
23 40
1 29
13 40
18 50
3 52
6 45
8 49
12 50
7 44
16 44
16 7
3 10
23 11
22 28
12 13
7 40
2 20
17 40
21 3
9 50
11 27
1 3
12 40
17 22
21 6
23 27
2 12
3 7
16 40
5 41
11 8
18 4
1 9
13 15
8 6
11 26
9 14
1 17
2 18
11 11
1 4
17 20
23 10
8 1
13 42
3 12
5 42
21 49
17 53
7 53
1 51
22 51
12 51
16 49
6 10
12 0
13 7
17 29
0 15
18 42
11 14
22 42
8 16
9 47
2 13
3 20
7 42
18 8
6 24
11 17
3 24
22 16
12 42
17 43
2 4
13 18
16 2
1 7
23 23
10 29
11 4
20 0
21 17
3 17
18 3
12 21
4 52
10 53
20 45
0 44
19 49
2 52
9 46
11 47
15 45

