317
21 21
6 24
23 30
16 2
17 30
11 44
8 46
10 44
13 49
15 51
3 45
1 48
23 20
11 25
13 17
8 1
17 18
2 30
16 16
20 30
1 11
12 53
9 5
7 28
13 30
11 1
8 14
23 0
16 6
1 8
7 30
2 31
12 2
22 16
17 15
18 3
22 11
23 9
1 7
23 29
15 22
0 18
2 18
15 17
22 26
4 19
15 32
8 24
10 32
18 44
21 49
6 44
23 49
1 45
17 44
3 51
3 5
21 6
1 15
6 14
17 24
12 32
8 19
22 32
11 0
7 50
2 23
19 21
8 32
17 0
18 8
22 29
7 11
11 8
3 32
12 33
23 23
21 20
1 22
8 10
16 7
8 11
5 28
18 9
18 14
14 11
10 24
0 16
6 20
4 1
15 34
17 29
10 34
13 45
3 44
1 44
23 47
22 50
21 51
18 50
18 22
1 14
3 2
16 4
10 12
22 34
5 17
7 34
6 1
2 49
12 21
17 27
12 34
18 15
8 4
7 23
3 7
13 13
6 34
22 35
17 6
16 20
22 22
1 20
11 16
11 2
16 11
10 16
15 18
11 11
16 10
21 18
1 25
21 16
15 36
6 9
23 36
10 48
18 48
17 51
22 53
11 50
3 46
4 48
16 3
1 2
23 1
12 26
17 10
10 36
0 26
7 36
22 13
20 44
2 19
6 4
2 36
1 26
7 4
6 16
17 8
11 21
18 36
12 37
8 16
16 21
22 25
3 6
23 17
0 25
10 15
4 12
15 8
2 22
22 12
23 14
4 6
15 9
10 38
22 8
23 38
8 47
6 49
17 48
3 49
13 52
16 46
1 51
1 0
23 15
16 23
17 25
12 8
2 38
22 17
7 38
18 19
0 53
14 4
21 5
1 38
7 16
22 19
3 3
6 12
16 5
21 38
17 39
11 15
2 7
13 3
12 10
8 3
11 29
10 2
8 12
4 9
1 10
17 11
18 20
4 3
21 7
10 40
23 10
15 40
22 49
6 47
17 53
18 46
24 45
1 50
3 52
3 23
17 14
18 4
16 27
10 27
12 40
0 10
7 40
22 18
5 44
2 9
23 21
17 40
7 15
2 25
18 17
16 24
1 12
6 40
12 41
23 26
8 17
3 12
22 15
11 24
12 3
19 25
8 15
16 15
6 22
4 17
9 11
17 1
11 10
15 42
8 5
3 42
13 44
23 53
10 53
6 45
22 52
1 46
24 52
6 10
1 24
3 24
21 23
12 0
22 42
8 20
17 42
11 9
7 52
2 0
14 13
2 42
1 3
11 6
17 13
8 27
16 8
13 42
20 43
6 0
18 6
3 19
7 25
23 4
8 25
2 2
3 11
15 24
16 19
5 9
10 25
7 49
20 52
14 52
5 47
0 50
12 52
2 53
19 50
9 53

