317
3 20
12 12
5 30
11 15
17 30
2 51
22 51
13 46
19 47
4 44
23 49
1 48
6 8
23 17
1 23
13 23
17 22
2 30
16 27
7 30
22 7
24 51
10 16
11 26
1 30
2 21
12 14
6 23
16 9
23 4
11 30
20 31
3 14
7 11
18 15
17 11
7 15
15 18
18 21
0 3
4 8
23 25
14 19
8 7
6 15
20 4
3 32
13 1
18 32
11 48
22 52
17 46
12 46
2 47
23 48
5 46
3 9
6 7
17 4
1 10
10 20
22 32
16 4
7 32
2 5
15 47
13 6
21 6
6 32
21 22
22 18
11 7
8 22
3 10
16 32
0 33
13 8
11 9
17 8
6 2
23 29
14 27
0 19
8 8
15 2
9 18
18 13
24 24
13 20
11 29
18 34
12 21
5 34
17 53
3 47
20 46
23 47
1 46
8 51
2 50
8 12
18 2
16 11
1 21
13 3
2 34
9 23
22 34
17 29
21 48
12 27
7 4
8 34
13 10
22 29
23 21
17 2
6 12
21 34
2 35
12 17
16 28
2 6
18 5
7 28
0 22
7 6
23 27
16 29
3 12
16 17
9 12
5 14
6 4
3 36
18 10
22 36
17 47
19 50
8 49
1 50
12 49
11 49
20 51
17 1
3 22
11 23
12 8
22 14
15 36
21 27
0 36
6 9
18 49
7 7
9 5
18 36
16 26
1 18
3 25
7 22
11 4
8 36
12 37
2 22
8 19
23 18
17 23
22 25
18 19
20 25
17 6
16 8
2 3
1 20
5 2
4 21
19 10
5 38
1 6
12 38
22 44
18 52
23 53
3 51
11 51
2 46
17 48
12 18
17 5
11 28
21 25
2 11
22 38
16 19
7 38
13 12
24 47
1 16
15 19
11 38
3 28
18 18
16 12
7 0
1 12
2 38
20 39
8 2
23 15
13 18
13 22
6 29
4 29
1 1
4 22
8 28
1 25
19 9
8 16
2 20
23 9
3 40
22 6
18 40
20 47
11 47
1 44
17 52
5 53
13 47
6 44
6 26
1 4
17 16
18 17
2 27
13 40
21 10
7 40
23 22
10 52
16 1
22 8
17 40
1 13
23 6
21 3
18 3
6 28
16 40
12 41
7 12
3 29
2 16
11 22
8 0
5 19
1 11
14 11
1 9
7 8
19 11
16 25
12 20
20 9
5 42
11 8
3 42
23 46
17 50
1 53
18 45
22 47
8 45
2 53
6 16
2 28
8 27
17 19
22 10
0 42
7 9
12 42
18 25
16 48
21 21
11 2
23 42
22 22
6 20
12 10
3 21
13 7
16 42
17 43
2 4
11 24
21 0
1 15
7 10
15 12
4 25
15 14
3 5
3 4
17 10
2 12
9 49
14 51
10 51
16 49
24 48
21 52
0 52
7 51
15 50

