317
6 2
12 16
0 30
7 3
20 30
22 47
15 52
11 45
10 46
23 44
16 50
2 44
1 3
16 2
11 18
18 8
22 20
5 30
24 3
2 30
17 20
7 47
8 21
13 25
11 30
21 7
12 24
2 12
13 28
16 28
22 30
17 31
6 29
1 29
7 18
8 22
2 22
6 15
9 2
24 12
21 20
2 7
1 18
18 24
16 26
6 3
20 32
7 6
0 32
22 53
10 50
11 46
18 51
2 49
23 45
15 46
18 27
1 14
16 21
21 4
22 10
12 32
17 17
2 32
11 29
8 46
7 19
5 10
7 32
22 2
6 16
2 3
17 21
23 5
11 32
12 33
18 25
3 19
1 12
21 15
8 19
18 9
18 26
16 5
20 28
18 23
21 18
16 24
11 1
3 11
15 34
10 5
20 34
23 50
1 52
12 48
7 51
2 52
22 45
0 49
22 3
23 19
2 9
1 27
10 17
17 34
9 6
5 34
21 23
8 50
13 14
4 2
23 34
6 22
3 23
1 4
13 0
21 1
22 34
17 35
8 28
11 20
18 2
12 28
2 19
12 9
10 2
6 12
14 29
14 4
21 8
1 23
11 5
23 28
0 36
22 12
20 36
3 44
10 45
18 48
16 46
12 47
6 53
15 49
12 4
6 24
1 19
3 14
15 3
10 36
17 26
7 36
23 9
13 48
22 24
24 25
16 36
18 18
7 17
8 12
21 25
1 22
22 36
2 37
6 21
22 18
12 0
17 15
13 1
17 11
13 18
6 26
16 16
6 27
3 8
3 13
0 10
3 18
10 38
7 14
20 38
16 47
6 47
23 52
2 45
22 49
1 46
15 50
16 14
6 18
2 21
21 27
22 14
17 38
7 0
12 38
3 29
8 52
24 24
4 1
8 38
12 1
1 17
2 15
13 22
16 17
6 38
17 39
22 16
7 28
21 10
21 19
11 25
21 6
5 2
8 25
12 12
12 17
7 15
19 20
0 12
23 16
21 40
1 21
15 40
20 48
2 47
11 51
12 45
10 49
6 49
18 52
12 29
22 27
11 27
21 11
15 4
7 40
1 8
2 40
6 11
24 46
17 5
13 7
6 40
16 25
22 9
21 5
11 4
3 22
17 40
7 41
2 17
12 25
13 10
18 1
1 15
15 8
6 20
7 2
18 12
3 15
23 17
12 20
11 24
20 4
0 42
6 14
15 42
23 53
2 48
21 46
7 49
12 46
22 52
10 47
7 5
21 16
22 15
23 26
15 1
10 42
8 27
2 42
17 28
6 48
5 4
13 20
13 42
18 5
21 28
8 20
3 10
6 0
22 42
17 43
12 26
7 8
16 10
11 2
1 1
5 5
19 13
13 9
13 13
18 29
13 19
10 11
8 45
14 51
4 45
5 48
19 45
17 49
13 44
24 50
9 46

