317
12 17
24 10
8 30
11 27
3 30
16 45
21 46
22 52
2 52
20 45
17 45
1 52
8 19
1 24
12 13
16 6
2 6
20 30
13 27
5 30
17 28
11 49
23 21
18 24
13 30
12 5
21 22
7 23
18 28
1 16
23 30
15 31
11 21
8 26
2 21
3 10
8 0
8 1
11 23
0 3
8 23
10 23
14 24
10 15
22 20
20 7
3 32
6 27
1 32
7 48
21 44
8 46
16 47
11 45
9 47
24 50
7 26
2 28
8 22
1 14
15 20
12 32
6 13
17 32
21 3
23 46
0 5
10 16
6 32
1 5
3 13
18 14
7 11
11 8
23 32
12 33
17 23
18 3
21 5
6 28
2 7
2 27
6 1
7 3
15 8
12 3
10 27
0 19
1 0
7 7
8 34
22 1
11 34
6 50
21 53
16 46
3 47
24 44
17 50
20 49
21 2
8 13
16 25
17 1
12 21
5 34
15 23
2 34
1 6
0 47
23 17
22 3
23 34
2 10
12 15
11 16
8 20
22 21
13 34
17 35
1 23
3 20
17 8
6 8
21 24
0 25
21 8
10 9
10 0
1 22
0 23
4 21
1 29
21 23
2 36
11 7
8 36
22 49
7 52
12 47
20 52
6 51
16 52
4 44
6 2
3 11
2 19
17 5
7 21
15 36
0 2
12 36
21 4
24 49
23 12
11 9
11 36
1 19
22 13
23 29
12 18
16 24
6 36
17 37
8 4
8 10
2 12
3 7
13 6
4 18
2 4
2 23
14 27
18 15
6 6
19 12
24 21
20 5
8 38
22 22
3 38
7 46
16 50
2 45
11 52
6 48
21 45
1 45
21 11
2 25
6 25
1 12
7 9
18 38
22 9
12 38
17 6
0 44
5 2
23 20
1 38
13 13
21 7
22 27
12 28
16 21
2 38
17 39
8 12
3 27
7 14
6 9
11 18
18 9
5 24
8 28
9 9
16 28
5 26
9 11
6 29
24 7
8 40
16 8
20 40
12 52
1 50
7 49
22 46
3 51
17 52
11 46
1 7
12 26
7 29
6 20
22 26
18 40
13 3
2 40
21 16
10 46
5 16
16 3
16 40
13 12
1 21
3 3
2 8
6 4
11 40
17 41
23 14
12 27
8 2
22 2
7 1
1 27
6 24
3 28
12 1
18 13
0 8
3 22
12 6
20 20
8 42
16 12
3 42
21 49
22 47
2 46
17 51
6 49
7 45
1 51
22 16
2 13
1 26
3 19
7 5
18 42
16 27
10 42
6 18
24 52
23 23
13 18
1 42
8 3
23 28
13 20
11 3
7 28
16 42
17 43
2 1
12 9
6 26
3 2
22 23
15 7
4 26
8 14
0 0
19 18
15 6
9 2
18 44
19 45
5 53
15 50
14 48
13 51
0 52
23 51
10 47

