317
3 24
6 28
23 30
8 21
13 30
4 53
9 53
12 48
11 46
5 51
16 45
21 47
3 1
13 2
11 21
16 16
22 0
20 30
8 13
0 30
12 20
7 49
19 29
18 7
11 30
13 6
21 10
1 26
18 18
8 28
22 30
15 31
12 16
2 17
23 29
7 5
3 16
0 1
20 10
16 12
3 3
24 9
14 19
17 14
21 9
2 29
23 32
12 17
5 32
8 46
11 50
13 53
1 51
16 53
4 50
14 47
1 13
11 26
6 21
13 1
23 2
7 32
22 20
16 32
2 0
12 51
3 17
19 24
3 32
1 15
16 25
23 6
21 21
6 2
12 32
7 33
18 8
23 18
11 12
3 13
17 26
21 2
22 18
10 17
21 7
6 13
7 28
18 21
8 16
16 0
23 34
5 7
3 34
6 53
2 51
21 52
12 45
11 53
13 45
1 49
21 8
23 4
17 17
6 15
2 23
13 34
15 15
7 34
1 27
10 44
22 8
18 1
18 34
2 22
22 15
23 14
8 20
17 29
21 34
12 35
1 28
7 22
12 19
6 1
16 26
7 24
22 17
8 15
7 8
6 11
23 9
12 12
1 25
23 12
5 36
21 19
11 36
2 49
14 45
13 44
8 52
16 51
3 44
24 45
1 10
16 14
11 24
6 12
12 3
7 36
17 28
2 36
23 16
18 52
21 14
22 1
16 36
18 17
22 25
3 14
2 8
6 0
21 36
7 37
1 11
1 20
12 9
17 16
13 25
0 3
10 18
4 2
12 24
14 22
20 24
20 28
14 10
3 22
23 38
16 20
1 38
12 52
11 48
5 48
6 52
4 45
13 50
21 44
21 1
23 24
2 20
17 6
12 22
18 38
22 4
7 38
1 3
16 46
10 12
0 6
22 38
13 9
2 14
23 17
1 18
16 10
21 38
17 39
8 18
12 0
6 25
6 9
11 11
17 13
12 11
6 8
24 7
19 17
15 16
11 13
11 22
5 1
13 40
4 19
23 40
2 53
8 50
12 47
16 50
3 45
1 50
6 46
1 6
12 25
11 28
13 12
2 19
7 40
19 21
20 40
6 14
10 50
17 10
18 26
1 40
18 6
22 12
2 2
3 12
21 20
17 40
7 41
11 9
12 26
16 3
13 17
6 17
21 28
3 15
10 15
0 26
13 13
4 21
0 5
6 24
2 21
8 42
16 11
12 42
4 44
21 48
14 50
3 46
1 47
5 47
11 45
1 29
8 25
6 5
3 4
12 21
18 42
16 6
22 42
11 23
0 46
7 4
10 2
11 42
18 28
1 21
8 29
23 11
7 20
3 42
17 43
13 0
6 19
16 22
12 10
22 13
24 17
9 15
23 23
11 2
23 7
20 25
19 14
18 47
10 49
19 44
0 47
20 50
22 45
17 49
7 53
15 50

