317
18 12
14 21
10 30
3 19
6 30
23 49
22 49
2 49
8 47
4 53
16 52
13 47
13 1
6 19
11 22
8 7
0 25
22 30
12 23
17 30
7 1
21 48
5 0
3 8
1 30
2 26
18 6
8 11
21 27
11 21
16 30
22 31
3 12
7 14
6 0
12 24
8 26
19 5
22 7
18 7
16 1
15 26
17 19
3 26
2 4
19 16
3 32
16 13
10 32
17 45
13 53
6 44
8 46
23 52
14 49
18 48
20 10
13 26
11 5
22 9
2 22
17 32
21 15
7 32
6 2
12 47
1 17
16 21
16 32
8 8
7 28
2 19
18 26
21 13
13 32
22 33
3 1
1 0
11 1
17 15
6 16
23 28
21 24
20 24
1 3
7 9
24 13
14 25
7 7
18 15
10 34
19 11
13 34
23 47
3 51
16 50
2 53
8 48
6 53
17 50
13 13
16 17
17 26
11 28
7 20
22 34
24 24
2 34
18 1
0 51
1 5
12 22
7 34
3 5
18 19
17 18
13 21
8 18
6 34
20 35
1 24
12 7
21 17
11 7
16 15
23 16
21 12
13 4
2 9
8 3
7 0
20 17
23 3
16 24
3 36
22 4
10 36
18 49
17 49
2 48
13 45
6 46
8 50
19 50
6 29
23 20
22 28
2 28
17 28
7 36
21 1
12 36
16 23
5 51
1 9
0 19
23 36
21 2
12 6
11 26
3 23
6 18
2 36
7 37
13 27
1 13
17 27
22 16
16 6
3 9
8 6
6 26
20 16
3 24
11 10
10 14
4 21
17 24
10 38
3 13
18 38
13 52
8 44
22 48
23 53
14 47
16 47
2 52
16 0
2 0
18 24
6 3
10 27
7 38
3 10
22 38
17 0
1 46
12 3
21 0
3 38
13 28
17 7
23 23
16 3
8 2
21 38
5 39
22 1
12 13
1 15
2 20
11 18
0 7
14 3
5 24
12 28
4 0
14 24
11 8
17 2
3 27
18 40
2 25
10 40
4 44
7 48
22 53
23 44
16 51
6 51
13 50
21 14
18 3
16 27
17 13
22 0
13 40
0 10
7 40
12 14
5 44
2 16
1 7
22 40
16 7
3 21
6 12
7 21
1 28
23 40
12 41
21 3
8 19
18 21
11 15
2 24
7 10
23 25
9 23
19 4
19 24
14 28
2 3
17 22
8 12
18 42
23 7
10 42
2 46
3 46
14 53
22 46
16 45
13 44
6 50
18 27
13 9
11 13
16 19
22 22
3 42
12 29
5 42
17 14
21 46
20 28
1 2
21 42
3 20
23 15
6 21
17 5
12 21
22 42
2 43
16 9
7 13
1 6
18 17
13 10
0 8
15 5
17 1
19 28
17 29
6 27
4 14
21 44
5 49
20 46
9 48
0 45
1 52
15 50
12 50
24 46

