317
2 11
14 9
20 30
16 11
5 30
17 47
22 47
13 48
12 45
7 45
3 46
0 50
2 29
13 8
12 10
3 10
7 29
22 30
9 24
17 30
21 17
11 51
1 24
16 28
7 30
6 22
12 16
3 18
21 21
17 13
13 30
22 31
8 25
1 1
2 10
16 22
1 7
9 20
21 5
0 28
15 27
23 8
9 1
6 1
12 11
0 23
5 32
11 27
20 32
13 44
14 45
18 48
16 45
3 50
7 50
2 47
16 8
7 15
6 11
17 5
12 20
2 32
15 19
22 32
21 8
8 46
11 0
1 12
12 32
1 19
3 22
13 18
22 5
16 25
8 32
17 33
23 25
13 2
7 3
11 18
2 25
14 29
10 18
12 4
8 0
24 28
16 19
5 19
6 23
3 7
20 34
5 15
13 34
0 51
12 46
2 50
17 46
11 45
16 44
7 46
12 21
11 24
2 2
21 1
5 27
18 34
15 26
22 34
13 23
4 50
8 19
1 26
11 34
21 25
23 1
22 3
8 20
13 4
2 34
17 35
1 25
6 0
17 23
7 18
12 26
21 3
8 7
12 22
22 8
22 20
21 0
2 12
3 4
6 2
20 36
12 3
13 36
2 48
0 53
7 48
11 53
17 45
16 52
5 44
21 4
13 22
11 2
22 2
2 3
23 36
1 9
17 36
7 10
12 47
8 26
9 29
3 36
13 6
6 21
7 24
1 10
21 9
16 36
22 37
17 17
18 24
12 5
11 21
2 6
15 20
23 10
17 9
15 12
2 14
2 1
0 8
0 5
20 16
17 38
6 16
12 38
2 51
3 52
5 46
21 53
14 52
16 53
11 47
17 14
16 29
21 16
23 21
12 14
2 38
19 15
7 38
22 6
1 50
10 3
6 25
11 38
3 25
2 4
8 23
13 16
16 12
6 38
22 39
7 25
12 12
18 15
18 17
1 2
1 22
1 3
5 22
1 13
0 27
12 8
4 8
0 7
14 10
5 40
7 21
12 40
22 52
16 51
2 44
11 52
3 45
18 45
21 51
12 15
2 28
11 4
3 24
23 18
20 40
9 15
17 40
13 11
1 51
7 9
8 9
1 40
17 15
11 12
13 26
7 0
8 21
16 40
20 41
3 19
18 3
6 18
2 27
23 2
1 20
2 7
15 1
2 9
8 3
22 23
9 21
2 18
0 25
5 42
7 19
13 42
20 47
16 49
3 47
21 45
17 53
11 46
18 51
6 7
2 0
3 17
16 24
10 11
17 42
8 27
22 42
13 10
7 49
1 11
12 25
2 42
3 5
22 11
7 5
12 18
8 4
16 42
17 43
11 22
6 5
1 5
13 5
21 27
23 26
7 8
19 11
5 20
20 29
24 16
12 1
9 44
15 52
19 48
1 46
10 53
23 51
4 45
8 48
24 52

