1 20467 437.396000 13980 1532 729 419 3000 6500 1800
2 39736 446.334000 13475 1588 655 432 4000 4500 2300
3 3764 436.039000 17053 1615 888 450 5000 7000 2100
4 1912 453.073000 11685 1570 664 451 4000 3000 2000
5 1916 435.524000 17289 1540 919 430 7000 5000 2400
6 3516 445.695000 14366 1562 658 446 6000 4000 1700
7 4897 437.255000 11899 1403 1038 458 3000 4000 2000
8 16003 428.940000 17572 1577 769 426 4000 8500 2300
9 5534 443.075000 15753 1435 878 440 6000 5000 2000
10 5701 443.417000 15635 1570 727 438 4000 6500 2400
