317
13 4
18 25
15 30
11 21
0 30
22 49
23 44
7 44
3 45
19 50
6 47
17 47
6 14
1 12
3 17
7 10
15 4
22 30
2 25
12 30
18 27
21 46
8 0
11 1
8 30
6 2
12 5
3 9
21 6
16 1
11 30
22 31
7 14
2 22
1 28
17 18
3 14
7 9
8 8
13 29
1 23
7 25
22 29
0 20
22 26
3 8
0 32
6 11
15 32
14 52
7 49
17 52
11 53
13 52
18 52
23 50
13 27
16 13
7 26
12 4
0 4
22 32
8 9
17 32
11 13
6 44
2 11
21 16
21 32
1 24
16 22
23 7
22 22
13 24
6 32
10 33
17 26
23 2
7 20
2 26
18 4
24 2
8 1
10 7
16 25
7 1
6 24
4 0
11 24
19 27
22 34
13 13
15 34
7 46
18 44
0 44
1 49
14 50
6 46
12 46
21 4
22 19
16 20
18 6
10 25
2 34
9 13
5 34
23 19
8 50
13 2
17 27
11 34
21 26
6 8
7 22
16 17
12 26
8 34
2 35
23 29
22 3
3 19
17 15
13 6
0 8
11 9
6 22
11 23
20 2
14 21
24 20
6 20
16 10
17 36
7 6
12 36
11 48
14 48
3 53
19 44
23 49
1 48
15 53
6 27
17 7
18 21
1 17
12 7
10 36
4 8
22 36
2 2
8 52
7 8
21 22
7 36
8 20
17 23
11 15
23 13
3 11
21 36
0 37
13 3
21 24
12 1
6 13
18 5
21 27
8 16
2 19
9 26
9 20
23 26
10 28
18 24
19 9
15 38
7 21
0 38
6 45
23 48
22 52
12 53
3 44
17 44
11 50
6 23
3 20
16 2
1 9
17 8
13 38
8 13
22 38
11 10
2 47
7 27
21 13
2 38
23 18
18 14
16 5
21 1
11 0
3 38
12 39
8 4
1 5
6 7
6 29
22 21
7 12
7 7
2 4
4 4
3 0
9 3
19 7
0 15
14 22
18 40
6 18
15 40
17 51
13 53
1 47
23 47
12 52
22 45
3 51
16 6
3 24
17 9
18 29
22 24
12 40
4 3
7 40
11 16
6 49
21 5
2 27
23 40
16 12
3 15
22 0
17 21
8 2
1 40
10 41
7 17
18 3
2 1
13 18
6 25
5 0
4 22
8 28
21 20
7 28
6 3
3 21
6 17
19 16
13 42
23 11
15 42
1 52
3 52
17 50
22 44
7 53
11 49
18 45
7 0
16 24
22 10
12 15
17 13
10 42
23 28
0 42
6 6
21 50
5 12
8 27
21 42
12 19
22 9
2 24
8 18
18 11
3 42
10 43
6 10
1 7
13 19
7 29
17 2
21 14
11 8
5 27
6 4
3 13
4 14
9 7
8 51
9 49
24 48
21 49
4 53
2 48
5 44
10 47
20 47

