317
18 0
6 23
1 30
3 19
12 30
23 49
21 48
22 46
20 45
10 51
11 47
5 50
21 5
1 8
2 27
22 15
12 22
7 30
14 23
17 30
6 16
3 46
24 4
16 19
21 30
18 8
17 7
11 21
22 7
3 3
16 30
7 31
23 20
13 26
12 14
1 23
13 25
2 15
23 16
18 12
11 2
14 8
13 1
0 17
3 1
13 24
20 32
18 19
10 32
23 44
12 51
7 45
1 48
6 52
22 44
2 44
1 11
12 10
2 22
11 20
22 4
3 32
8 0
15 32
7 28
14 52
24 11
18 28
1 32
11 3
12 9
16 21
2 20
8 4
23 32
5 33
17 25
16 26
22 8
1 3
13 10
6 6
6 7
19 28
16 0
2 28
16 4
17 5
21 20
6 20
17 34
1 15
10 34
13 50
7 44
22 49
2 49
20 49
12 47
5 46
21 18
11 9
7 17
2 0
18 27
12 34
9 22
22 34
3 24
1 44
16 10
8 19
7 34
21 27
17 29
18 20
13 19
8 8
16 34
2 35
23 10
11 27
1 22
12 24
6 11
4 15
14 13
3 6
20 12
0 8
17 4
14 16
18 26
6 21
2 36
1 21
22 36
13 51
20 48
11 46
10 44
21 46
17 44
5 49
21 10
13 17
11 15
7 12
22 6
8 36
0 16
15 36
6 13
12 49
1 0
4 9
12 36
13 14
3 14
2 21
17 3
23 8
18 36
7 37
1 18
18 21
22 13
11 26
6 4
17 21
13 3
12 12
22 29
1 12
20 14
19 2
7 6
20 6
5 38
22 26
12 38
1 47
3 47
11 51
18 47
10 49
21 51
23 46
12 25
13 11
6 9
1 24
7 24
2 38
22 16
17 38
21 21
0 49
14 18
16 8
11 38
16 28
22 2
6 5
23 17
1 7
8 38
2 39
7 8
17 17
12 13
13 7
18 7
5 11
0 22
6 0
19 15
14 15
14 3
17 22
3 0
21 6
5 40
10 29
17 40
11 53
23 50
7 53
13 53
20 53
1 52
12 44
1 5
17 10
7 7
22 24
10 28
12 40
9 17
2 40
23 22
19 50
8 15
16 25
11 40
17 0
2 1
1 16
3 8
16 29
7 40
22 41
8 20
6 24
18 16
13 23
21 2
8 13
8 2
8 7
0 27
14 20
20 13
5 2
2 7
13 29
20 42
7 2
10 42
18 51
1 45
23 53
17 46
6 50
22 50
5 48
23 7
21 1
22 10
17 8
10 17
5 42
12 0
2 42
18 23
16 48
7 4
8 9
12 42
18 14
11 11
2 19
23 1
6 29
1 42
17 43
22 5
3 18
16 18
21 24
7 25
21 13
17 26
0 13
24 10
18 11
4 8
11 8
16 51
0 44
4 53
19 51
24 48
8 47
9 51
14 45
15 45

