317
2 8
13 1
0 30
21 6
17 30
6 53
12 47
11 46
16 45
20 52
8 51
3 52
6 12
1 1
17 4
11 0
2 6
15 30
21 18
7 30
12 17
22 48
14 3
23 4
21 30
7 23
22 29
2 19
23 11
18 22
6 30
10 31
8 17
1 28
3 18
16 14
1 5
2 12
23 8
1 21
21 5
7 21
21 7
15 8
13 23
6 25
1 32
12 0
20 32
11 47
9 45
3 53
18 46
8 45
0 46
10 44
8 18
21 25
13 25
1 13
2 26
17 32
7 22
22 32
16 11
12 53
14 10
5 13
12 32
7 18
8 20
21 21
13 5
18 12
3 32
15 33
23 23
22 16
1 26
11 10
6 29
3 16
2 18
12 7
13 16
23 27
13 27
22 11
8 14
16 6
0 34
6 4
20 34
13 46
12 45
11 53
17 49
10 50
9 51
18 52
21 19
11 11
1 2
2 15
17 23
12 34
5 16
22 34
8 10
15 50
6 24
7 0
6 34
23 25
16 27
17 21
11 2
7 10
8 34
2 35
22 27
13 13
3 29
12 6
18 25
8 0
1 23
14 29
9 2
7 7
10 19
12 2
13 0
6 13
16 36
11 15
1 36
12 48
10 52
21 50
0 51
8 49
18 49
20 48
21 26
18 3
17 0
2 3
12 22
22 36
4 2
7 36
1 10
19 46
11 29
3 27
3 36
1 19
6 11
17 1
12 20
21 2
11 36
22 37
18 11
11 25
16 13
2 25
7 2
0 17
12 27
16 8
14 17
14 5
1 20
12 10
9 17
20 9
0 38
16 12
2 38
13 53
8 44
11 49
17 50
10 49
6 51
21 46
2 21
6 23
3 28
1 3
7 28
13 38
16 24
17 38
12 3
22 49
24 17
23 19
23 38
18 24
7 11
8 21
16 18
11 27
21 38
12 39
1 25
22 25
2 0
3 8
17 27
4 24
1 24
9 23
2 10
1 14
6 26
12 23
10 23
21 28
8 40
12 24
0 40
13 49
18 47
2 44
20 45
11 48
6 47
3 50
1 27
18 0
8 7
17 6
2 9
10 40
5 14
22 40
16 1
19 44
7 19
12 28
3 40
8 3
21 29
23 0
13 6
11 19
7 40
15 41
2 17
6 17
12 16
1 17
18 17
19 9
7 26
2 20
8 1
11 1
14 7
0 18
16 3
0 21
8 42
13 15
10 42
3 49
21 45
1 51
6 49
18 50
17 51
12 50
11 14
8 11
12 11
22 8
17 19
5 42
13 3
2 42
16 15
23 47
7 24
24 13
13 42
21 17
17 17
7 25
2 13
6 5
18 42
20 43
11 5
8 9
23 2
12 12
3 19
21 27
15 15
6 20
16 7
23 6
17 9
11 9
15 44
5 50
19 47
7 47
14 52
22 45
23 49
4 47
24 48

