317
21 24
2 22
13 30
12 6
0 30
16 51
7 47
20 51
19 50
3 47
8 51
11 47
21 26
3 25
1 8
17 7
7 13
10 30
6 2
22 30
16 5
12 46
4 19
18 24
21 30
22 7
11 20
3 1
18 9
7 18
12 30
15 31
23 25
1 2
13 20
8 5
3 21
10 11
13 12
16 15
23 26
6 10
8 22
2 3
7 6
15 7
0 32
16 26
20 32
13 52
8 49
3 53
11 50
12 44
2 48
24 46
21 16
3 26
2 20
1 22
8 15
17 32
22 23
12 32
11 18
16 52
6 16
23 15
7 32
2 13
1 5
23 16
6 26
16 18
3 32
17 33
13 26
23 11
22 25
8 3
12 18
3 9
5 3
7 20
1 18
23 28
9 26
1 17
3 23
19 4
20 34
15 22
12 34
24 47
11 45
2 49
1 47
14 52
8 52
16 45
16 14
21 14
22 5
6 18
12 7
7 34
4 5
0 34
3 24
23 45
17 28
18 10
18 34
1 26
21 11
22 27
13 18
16 1
23 34
5 35
2 10
11 13
7 12
12 19
17 9
21 21
8 20
9 5
20 20
7 24
16 10
23 2
19 14
1 24
2 36
7 5
13 36
12 47
11 51
8 50
24 48
16 53
21 51
0 49
8 21
12 25
11 11
17 2
2 14
15 36
10 22
20 36
1 12
18 50
6 0
7 27
11 36
13 25
1 21
23 1
7 19
21 23
8 36
15 37
22 26
6 19
3 18
12 17
18 0
6 3
19 2
11 24
13 22
24 11
16 21
8 9
14 9
19 9
15 38
1 23
20 38
8 46
7 45
11 53
13 45
0 51
12 45
3 46
7 1
16 24
11 27
8 14
12 1
3 38
6 25
22 38
2 6
1 51
17 20
18 12
12 38
17 4
18 28
11 22
21 25
7 16
13 38
2 39
22 6
1 10
6 4
6 17
23 23
0 5
14 1
20 11
13 13
2 5
14 17
12 21
12 28
2 12
13 40
1 16
20 40
3 45
16 44
11 44
8 47
0 48
7 51
15 47
21 15
12 27
3 5
11 21
7 23
17 40
6 6
22 40
16 16
10 45
4 27
1 9
16 40
13 23
2 9
1 15
3 8
23 4
11 40
17 41
8 7
21 13
12 26
7 4
22 18
16 20
6 29
6 21
23 14
14 25
24 21
4 4
3 11
12 8
0 42
8 26
20 42
19 44
11 48
14 51
7 50
16 47
2 53
13 47
18 18
13 3
11 28
17 13
7 25
2 42
4 24
22 42
16 13
9 48
10 7
6 24
7 42
16 17
8 24
22 17
2 21
13 8
6 42
15 43
1 19
23 27
18 6
3 13
12 13
9 21
3 15
21 8
22 16
18 4
9 9
3 20
6 47
9 46
10 47
22 51
4 46
18 49
17 45
23 44
5 51

