r\t   0   1   2   3   4   5   6   7   8   9  10  11  12  13  14  15  16  17  18  19  20  21  22  23  24 
  0  -1 240  -1 132 223  -1  -1  -1  -1  -1  -1   3  41  -1  -1  -1  -1  -1 217  -1  -1  -1  -1 131  -1 
  1  -1  -1  -1  45  -1 304  56  -1 305 129  -1 100  -1  -1  39  -1  15  -1  -1  -1  -1 154  -1  -1  -1 
  2  -1 289  -1  80  -1 126  78  -1  -1  -1  -1  -1  -1 145  87  83 299  -1  -1  -1  -1  -1 234  -1  -1 
  3  -1  25 221  -1  -1  -1  -1  -1  -1  -1  -1  -1  -1 211  -1  -1  -1 192 192  -1  -1  -1  -1 232  -1 
  4  -1 102 148 148  -1  -1  -1  -1  -1  -1  -1  -1  -1 263  -1  -1  -1 203  72  -1  -1  -1  -1 147 173 
  5  -1 117  -1  -1  -1  -1  -1  82 213  -1  -1  -1  35  -1  -1  -1  88 174  -1  -1  -1 242  -1  -1  -1 
  6  -1 152 246  -1  -1  -1  -1  -1 110  -1  -1  -1  -1  59  -1  -1  -1 307  -1  -1  -1  -1  -1  -1  -1 
  7  -1  -1  -1  89  -1 218  -1 248  -1 260  -1  -1 104 104  -1  -1  -1  -1  -1  -1  -1  -1  -1 253  -1 
  8 176  -1  -1  -1  -1  -1  -1  -1  -1  -1  -1 116  -1  -1  -1  -1 277  -1  -1  -1  -1  -1  -1 204  -1 
  9  -1  -1  -1  64  -1  -1  -1  62  -1  -1  -1  -1  -1 123  -1  -1  -1  -1 111  -1  -1 300  -1  -1  -1 
 10 214  -1 306 124  -1  22  -1  23 209  -1 286  -1 125  73  -1  -1  -1 280 280  -1  -1  37  60  60  -1 
 11  -1 196 101  -1  -1  -1  -1  -1 127 301  -1  -1  12  -1  -1  -1 120  -1 113  -1  -1  -1  36  -1  -1 
 12  -1  -1 168  -1  -1  -1  -1  -1 165  -1  -1  -1  -1  -1  -1 257  -1 296 292  -1  -1  77 115  -1  -1 
 13  -1 179  -1  -1  -1  -1  -1 291 287  -1 150  -1 265 159 171  86  -1 215  -1  -1  -1  -1  33  -1  -1 
 14  -1  -1  -1  32  -1  -1 201  -1  -1  -1  -1 199  -1 189  -1  -1 191  -1  81 261  -1  66  -1  -1  -1 
 15  -1  -1  -1  -1  -1  -1 233  -1  -1  -1  -1  -1  -1  -1  -1  -1  -1 169  42  -1  -1 282  -1 219  -1 
 16  -1  -1  -1  -1  -1 175  -1  -1  -1  -1  -1 166  38 210  -1  -1  -1  -1  -1  -1  -1  -1  -1  -1  -1 
 17  -1 133  13  -1  -1  -1  -1  -1  -1  -1 259  -1  -1 278  -1  -1 161  -1 256  -1  -1  -1  44   0  -1 
 18  -1  -1  -1  20  -1  -1 122 212  -1  -1  -1  -1 172  29  -1  -1  -1  -1  -1  -1  -1  -1 144  -1  -1 
 19  -1  -1  -1  -1  -1  -1  84 103  -1  -1  -1  -1 164  14  -1  -1  -1 216  -1  -1  -1  -1  -1  76  -1 
 20  -1 284 298  -1  -1 303   1  -1  58  -1  -1  -1  -1  -1  -1  67 170  -1  -1  -1  -1  -1 190 188  -1 
 21 220  40  -1  -1  -1  -1 264 243  -1  -1  -1  -1 177  -1  -1  -1  28  -1  -1  -1  -1 106  -1  -1  -1 
 22  -1 247  -1  -1  -1  -1 108 160  -1  -1  -1  -1 121  -1  -1  -1 208  -1  -1  -1  -1  71  -1  27 262 
 23  -1 158  -1  -1  -1  -1  -1  -1  -1  -1  -1  34  -1 255  -1  -1  -1 252  91  -1  -1 302  -1  -1  -1 
 24  -1  -1  -1  -1  -1  -1  26  -1  -1  -1  -1  -1 290  -1  -1  -1  -1  -1  57  -1  -1  85 254  -1  -1 
 25  -1  -1  70 267  -1  -1  -1  -1  -1  -1  -1 146  -1  -1 130  -1 249  -1  -1  -1  -1 167  -1  -1  -1 
 26  -1  69  -1  -1  -1  -1 258  -1 297  -1  -1  -1  -1  -1  -1 128  -1  47  -1  -1  -1 245  -1 157  -1 
 27  -1 205  -1 276  -1  -1  -1  -1 238  -1  -1  18  -1 236 236 198  -1  -1  -1  -1  -1  -1  -1  -1  -1 
 28  16  16 279 235  -1  -1  -1  -1  -1  -1  43  -1  -1  -1  -1  -1  -1  79  -1  -1 155 194  -1 114  -1 
 29  -1  -1  -1  -1  -1  -1 293  -1  -1  -1  -1  -1  -1  -1  -1  -1 135  -1  -1  -1  -1 202  -1  -1  -1 
 30  -1  -1  24   4   4  -1  -1  -1  30  -1  -1  -1   2   2  -1  -1  -1  17  17  -1  -1  19  19  19  -1 
 31  -1  -1  -1  -1  -1  -1  -1  -1  -1  -1  -1  -1  -1  -1  -1  -1  -1  31  31  31  -1  -1  -1  -1  -1 
 32  63  63  63  -1  -1  -1  -1  74  -1  -1  61  61  -1  48  48  -1  -1  68  -1  -1  -1  -1  -1  46  46 
 33  -1  -1  -1  -1  -1  -1  -1  -1  -1  -1  75  75  75  -1  -1  -1  -1  -1  -1  -1  -1  -1  -1  -1  -1 
 34  92  92 112  -1  -1  -1  -1  -1  -1  -1  -1  -1  -1  90  90 105 105  -1  -1  -1  -1 118 107 107 107 
 35  -1  -1  -1  -1  -1 119 119 119  -1  -1  -1  -1  -1  -1  -1  -1  -1  -1  -1  -1  -1  -1  -1  -1  -1 
 36  -1  -1  -1  -1  -1  -1 162 151 151 151  -1  -1  -1 134 134  -1  -1 149 149  -1  -1  -1 156 136 136 
 37  -1  -1  -1  -1  -1  -1  -1  -1  -1  -1  -1  -1  -1  -1  -1  -1  -1 163 163 163  -1  -1  -1  -1  -1 
 38  -1  -1 193 193  -1  -1  -1 195 195 195  -1 200  -1 180 180  -1  -1  -1 206  -1  -1  -1  -1 178 178 
 39  -1  -1 207 207 207  -1  -1  -1  -1  -1  -1  -1  -1  -1  -1  -1  -1  -1  -1  -1  -1  -1  -1  -1  -1 
 40  -1  -1  -1  -1  -1  -1 250  -1 244  -1 237 237  -1 222 222  -1  -1 239 239 239  -1  -1 224 224  -1 
 41  -1  -1  -1  -1  -1  -1  -1  -1  -1  -1 251 251 251  -1  -1  -1  -1  -1  -1  -1  -1  -1  -1  -1  -1 
 42  -1  -1  -1 288  -1 283 283 283  -1  -1  -1 294  -1 268 268  -1 266 266  -1  -1  -1  -1 281 281  -1 
 43  -1  -1  -1  -1  -1  -1  -1  -1  -1  -1  -1  -1  -1  -1  -1  -1  -1  -1  -1  -1  -1  -1 295 295 295 
 44 271  -1   8  -1  -1  -1  95  -1  -1  -1  -1  -1 140  -1  -1 310 181  -1  51  -1  -1  -1  -1  -1  -1 
 45 143  -1 275  -1 274  -1  -1  -1  -1  -1 197 285  99  -1  -1  -1  -1  93  10  -1  -1  -1  -1 273  -1 
 46  -1   6  -1  -1  -1  -1 142  -1  -1  -1  -1  97 231  -1  -1  -1 153  -1 272  -1  -1  -1  -1  -1  -1 
 47  -1 269  -1  -1  -1  -1 228  -1  -1  -1  -1  -1  -1  -1  -1  -1   5 226  -1  -1 309  -1 185  -1  -1 
 48  -1  -1  94 227  -1  -1  53  -1 308  -1  -1  -1  -1  -1  -1  -1 230  -1  -1  -1  -1  -1 270  -1  -1 
 49  -1 225 186  -1 241  -1  -1  -1  -1  -1  -1  -1  49  -1  -1  -1  -1 182  -1 311  -1  -1  -1  -1 229 
 50  -1  -1  -1  -1  -1  -1  -1  -1  -1  -1 312  -1  -1  -1  -1  -1  -1  -1  -1  -1  -1 315  -1  -1   7 
 51  -1  -1  -1  -1  54  -1  -1  -1  -1  -1  -1  -1  -1  -1  -1  -1  55  65  -1  -1  -1  -1  -1  98  -1 
 52   9  -1  52  -1 109  -1  -1 313  -1  -1  -1 139  -1  -1  -1  -1  -1  -1 183  -1  -1  -1 141  -1  -1 
 53  -1  50 137 184 138 314 187  -1  21 316  -1  -1  -1  -1  11  -1  -1  -1  -1  -1  -1  -1  96  -1  -1 

r\t   0   1   2   3   4   5   6   7   8   9  10  11  12  13  14  15  16  17  18  19  20  21  22  23  24 
  0  -1  -1 110 146  -1  -1  -1  -1  -1  -1  -1  -1  -1  85  -1 173  -1  -1  35  -1  -1 255  -1  -1  -1 
  1  -1 276  -1  57  -1  -1  45  -1  -1  -1  -1 111  -1  -1  -1  -1  89  -1 264  -1 177  -1  -1  83  -1 
  2  -1  -1  -1  77  -1  -1 189  -1  -1  -1  -1  -1  -1 100  -1  -1 223  56  -1  -1  81  -1  -1 252  -1 
  3  -1  -1  -1  -1  -1 236 236 279  -1 170  -1 220  -1  -1  -1  -1  47  -1  -1  -1  -1 147  -1  -1  -1 
  4  -1  -1  -1  -1  -1  -1  32  58 289  -1  -1 218  -1 171  -1  -1  79  -1  12  -1  -1  -1  -1 188  -1 
  5  -1 120  -1  -1  -1  41  -1  -1  -1  -1  -1  -1  -1 232  -1  -1 158  -1 299 263  -1  -1  -1  -1  -1 
  6  -1 133  -1  -1 125  -1 135  -1 213  -1  -1  -1  -1  -1  -1  -1  -1  -1  -1  -1  -1  -1 174  -1  -1 
  7  -1  -1  -1  -1  -1  -1 167  -1  -1  -1  -1 117  -1  -1  -1  -1 144 164 123  -1  -1 301  -1  -1  -1 
  8 262  59 242  -1  -1  -1 114  -1  23 261  -1  -1  -1  -1  -1  67  -1  -1  -1  -1  -1  -1  -1  -1  -1 
  9  -1  -1  18  -1  -1  -1  -1  -1  -1  -1  -1  -1 307  26  -1  -1  -1  -1  -1  -1  -1 131  -1  -1  39 
 10  -1 191  -1  -1  -1  -1  -1 115  62  -1  -1  -1 106   1 155  -1  -1  -1  -1  -1  -1  -1  -1  -1  -1 
 11  -1  -1  73  -1  -1  -1 298  -1  -1  -1  -1 165  -1  -1  -1  -1  -1 217  82 175  -1  -1 287  -1  -1 
 12 127  27  -1  -1  -1  -1 277  -1  -1  -1  -1  -1  -1  -1  -1  -1  -1  -1  -1  -1  -1  -1  -1  -1 304 
 13  -1 126 154  16  16  -1  -1  -1  -1  -1  -1  -1  86  -1  -1  -1  -1  -1 214  -1  -1  -1 260  -1  -1 
 14  -1 235  -1  -1  -1  -1  15  -1 204  -1  87  -1  -1 248  -1  -1  -1  29 159  -1  -1 179 122  28  -1 
 15  -1  -1 166 168  -1  -1  88  -1  -1 257  -1  76  13 297  -1  -1  -1  -1  -1  -1  -1  -1  -1  -1  -1 
 16  -1 152  -1 284  84  -1  -1  -1  -1  -1  -1  -1  -1  -1  -1  -1 253  -1 302  -1  -1  -1  -1 267  22 
 17 265  -1 286 300  -1  -1  -1 145 157  -1  -1 293  -1  -1  -1  -1  42  -1  -1  -1  -1  -1  -1 282  -1 
 18  -1  -1  -1  -1  -1  -1  -1  -1  -1  -1  -1 240  -1  20  -1 280 280  -1  -1  -1  -1  -1  -1  -1  -1 
 19  -1  -1  -1  -1  -1 198 150  -1  -1  -1  -1  -1  -1  -1  -1  -1 190 116  71  -1  -1 290  -1  -1  -1 
 20  -1  78 196  -1  -1 259  -1 212  -1  -1  -1  -1 203  -1 238  -1  66  -1 245  -1  -1  64 199  38  -1 
 21  -1  40  -1  -1  -1  -1  43  -1  25  -1  -1  -1 148 148  -1  -1 296 292  -1  -1  -1  -1  -1  -1  -1 
 22  37 209  -1 234  -1  -1 305  -1 129  -1  -1   3  -1  69 258  -1 176  -1  -1 130  -1 201 202  -1  -1 
 23  -1  -1  -1 254  -1 303   0  -1  -1  -1  -1  -1 291 160  -1  -1 108  -1 192 192  -1  -1  -1  -1  -1 
 24  -1  36  -1 113 306  -1  70 169  -1  -1  -1  -1 247  -1  -1  -1  -1 101  -1  -1  -1 278  -1  -1  -1 
 25  -1 249  -1 104 104  -1  -1  -1  -1  -1  60  60  -1  -1  -1  -1  -1 233 102  -1  -1  -1  -1  -1  -1 
 26  -1  -1  -1  34  -1  -1  -1  14  80  -1  -1  -1  91 124  -1  -1 243  -1  -1  -1  -1 161  -1  -1  -1 
 27  -1  -1 246  -1  -1  -1  -1  -1  -1  -1  -1 215  -1  -1  -1 216 211 210 205  -1  -1  -1  -1  -1  -1 
 28  -1  -1  33  44 221  -1 256 172  -1  -1  -1  -1  -1  -1  -1  -1 132  -1  -1  -1  -1 194  -1  -1  -1 
 29  -1  -1  -1  -1  -1  -1  -1  -1  -1  -1  -1 128 219 208  -1  -1  -1  72  -1  -1  -1 103  -1 121  -1 
 30  -1  -1  -1   4   4  -1  -1  24  -1  -1  -1  30  -1  -1  -1  19  19  19   2   2  -1  -1  17  17  -1 
 31  -1  -1  -1  -1  -1  -1  -1  -1  -1  -1  -1  -1  -1  -1  -1  -1  -1  -1  -1  -1  31  31  31  -1  -1 
 32  48  48  -1  -1  -1  -1  -1  68  -1  -1  -1  -1  63  63  63  -1  -1  -1  46  46  -1  74  61  61  -1 
 33  -1  -1  -1  -1  -1  -1  -1  -1  -1  -1  -1  -1  -1  -1  -1  -1  -1  -1  -1  -1  -1  -1  75  75  75 
 34  90  90  -1  -1  -1 107 107 107 118  -1  -1  -1 112  -1  -1  -1  -1  -1  92  92  -1  -1 105 105  -1 
 35  -1  -1  -1  -1  -1  -1  -1  -1  -1  -1  -1  -1  -1  -1  -1  -1  -1  -1  -1  -1 119 119 119  -1  -1 
 36  -1  -1  -1 134 134  -1  -1 156  -1  -1  -1 162 136 136  -1  -1  -1 151 151 151  -1  -1 149 149  -1 
 37  -1  -1  -1  -1  -1  -1  -1  -1  -1  -1  -1  -1  -1  -1  -1  -1  -1  -1  -1  -1  -1  -1 163 163 163 
 38 180 180  -1 193 193  -1 200  -1  -1  -1  -1 206 195 195 195  -1  -1  -1 178 178  -1  -1  -1  -1  -1 
 39  -1  -1 207 207 207  -1  -1  -1  -1  -1  -1  -1  -1  -1  -1  -1  -1  -1  -1  -1  -1  -1  -1  -1  -1 
 40  -1  -1  -1  -1  -1  -1  -1 237 237  -1  -1 244  -1  -1  -1  -1  -1 250 222 222 224 224 239 239 239 
 41  -1  -1  -1  -1  -1  -1  -1 251 251 251  -1  -1  -1  -1  -1  -1  -1  -1  -1  -1  -1  -1  -1  -1  -1 
 42  -1 288  -1 268 268  -1  -1  -1  -1  -1  -1  -1 283 283 283  -1  -1 281 281  -1 266 266  -1 294  -1 
 43  -1  -1  -1  -1  -1  -1  -1 295 295 295  -1  -1  -1  -1  -1  -1  -1  -1  -1  -1  -1  -1  -1  -1  -1 
 44   9   5  -1  -1  -1  -1  -1  93  -1  -1  -1 142 184 230  -1  -1  -1 185  -1  -1  -1  -1  -1  -1  -1 
 45 225  -1  -1 229  -1  -1 231   8 197  -1  -1  -1 227  -1  -1  -1  -1  -1  -1  -1  -1  -1  -1  -1  -1 
 46 138  -1  -1  -1  -1  -1  -1  -1 153  -1  -1  53  -1  -1  -1  -1  -1 275  -1  -1  -1  51  -1  -1  -1 
 47  -1 274  -1  -1  -1  -1  -1  54  -1 316  -1  -1 273  95  -1  -1  -1  -1  -1  -1  -1  -1  -1 186  -1 
 48  -1  -1  -1  -1  -1 285  -1  -1  -1  -1  -1  21  -1  -1  -1  -1  -1  -1  -1  -1  -1  98  -1  10  -1 
 49  -1  -1 315  99  55  -1  -1 140  -1  -1  -1  -1  -1  -1 308 314  -1 143  -1  -1  -1   6  -1  -1 309 
 50  -1  -1  -1  -1  -1 310 272  -1  -1  -1  -1  -1  -1  -1  -1 241  -1  49  -1  -1  -1  -1  -1  -1  -1 
 51  -1 226  65  -1  -1  -1  -1  -1 313  -1  -1  -1   7  -1  -1  -1  -1 228  -1  -1  50  -1  -1  -1  -1 
 52  -1  -1  -1  -1  97  -1 181  -1  -1  -1  -1 270  52  -1  -1  -1 269  94 139  -1 137 141  -1  -1  -1 
 53  -1  -1  -1 182  -1  -1  -1 183 109  -1 312 187  -1  -1  -1  -1  11  -1  -1 271  -1  -1 311  96  -1 

r\t   0   1   2   3   4   5   6   7   8   9  10  11  12  13  14  15  16  17  18  19  20  21  22  23  24 
  0 127  -1  -1  -1  -1  -1  -1  -1  26 261  -1 102 169 171  -1  -1  -1  -1  -1  -1  -1  -1  -1  -1  -1 
  1 305 203  -1  -1  -1  -1  45  -1 279  -1  -1  -1  -1  -1  -1  -1  -1  -1 113  -1  -1  -1 262  -1  -1 
  2  -1  -1  -1  -1  -1  -1  42  -1  -1  -1  -1  -1  -1  -1  -1  -1  -1  -1 246  -1  -1  14  -1  -1  -1 
  3  -1  -1 304  -1  -1  -1  -1  -1  -1  -1 307 248  -1  -1  -1  -1 235 292  -1  -1  -1 284  -1  -1  -1 
  4  -1  84 164  -1  -1  -1 302  -1  -1  -1  -1  13  -1  -1  -1  -1  -1 254 233  -1  -1  37  72  -1  -1 
  5  -1  -1  71  25  -1  -1 301  -1  -1  -1  -1 189  -1  -1  -1  -1 215  -1  -1  -1  -1  -1  34 158  -1 
  6  -1  -1  -1  -1  -1  -1  70  -1 298  66  -1  -1 175  -1  -1  -1  59  -1  -1 213  -1  79  -1  89  -1 
  7  -1  -1  -1  -1  -1  -1  -1 160  -1  -1  -1  -1  -1  -1  -1  -1  -1  -1  44  -1  -1  -1  -1  -1  -1 
  8  86 300  -1  39  -1 236 236  -1  69  -1  -1  -1  -1  -1  -1  -1 190  -1  -1  -1 148 148  -1  36  -1 
  9  -1 264  -1  -1  -1  -1   1  80  -1  -1  -1  -1  15  -1  -1  -1  -1 234  78  -1  -1  -1  -1 133  -1 
 10  -1 232  -1  -1  -1  67 209  -1  -1  -1  -1  73 176  -1  -1  -1 249  -1  -1 170  -1  -1 202  -1  -1 
 11  -1  -1  -1  -1 130  -1  -1  -1  -1  -1 260 263 106 172  -1  -1 120  -1  -1  -1  -1 290 267  -1  -1 
 12  -1  64 198  -1  -1  -1  -1  -1 122  -1  -1  56  -1 214  83  -1 129  16  16  41  -1  -1 168 201 286 
 13  -1   3  -1  -1  -1  -1  -1  -1  -1  -1  -1  -1 121  -1  -1  -1 205 192 192  -1  -1  -1 135  -1  -1 
 14  -1  -1  -1 145  -1  -1  -1 289  -1  -1  -1 306  91  -1  -1  -1  -1  -1  -1  -1  -1  -1  -1  -1  -1 
 15  -1  88  32 196  -1  22 245  -1  -1  -1  -1 204  -1 243  -1  -1  -1  -1 211  -1  87  33   0  27  -1 
 16  -1 188  -1 103  -1  -1  -1  -1  62  -1  -1 123 147  -1  -1  -1  -1 179  -1  -1  -1  -1  -1 124  -1 
 17  -1  -1  -1  -1  -1 104 104 253 132  -1  -1  -1  -1  -1  -1  -1  -1 100  -1 217  -1  -1  82  -1  -1 
 18  -1 115  -1  -1  -1  -1  -1  -1  -1  -1  -1 167  -1 116 150  -1 291  -1  -1  -1  -1 212  -1  -1  -1 
 19  -1  -1  -1  -1  -1  -1  -1  -1  -1  -1  -1  28 299 128 257  -1  -1  -1 258  -1  -1 240  58 276  85 
 20  -1  40  -1 159  -1  -1  -1  -1  47  -1  -1  -1  -1  20  -1  -1  35 280 280  -1  -1  -1  -1  -1  -1 
 21  -1  -1  -1 252  -1  -1  -1  -1  -1  -1  -1  -1 173 194  -1  -1  -1  60  60  18  -1  -1 154  -1  -1 
 22  -1 166  -1  -1  -1  -1 191  -1  -1  -1  -1  -1  -1 157  -1  -1  -1  -1 110  -1  -1  -1  -1  -1  -1 
 23  -1  -1 114 293  -1  -1  -1  -1  -1  -1  -1  -1  -1 208 199  -1 144 220 210  -1 131 256  -1  -1  -1 
 24  -1  77  -1  -1  -1  -1  -1  -1 238  -1 242 152  -1 282  -1  -1 161  -1  -1  -1  -1  -1  -1  -1  -1 
 25  -1  -1  -1 177  -1  -1 303  -1  12  -1  -1  -1  -1 125  -1  -1 277  -1 126 218  -1  -1  -1  -1  -1 
 26  -1  81  -1  76  -1  -1 165 174  -1  -1  -1  -1  -1 247  -1  43  -1  -1  -1  -1  -1 117  -1  -1  -1 
 27  -1 146  -1  -1  -1  -1  -1  -1  -1  -1  -1  -1  -1 111  -1  -1  -1  -1  29  -1  -1  57 287  -1  -1 
 28  -1 255  -1  -1  -1  -1  -1 108  -1  -1  -1 278  -1 155  -1  -1  -1  -1  -1  -1  -1 221 219  -1  -1 
 29  -1  23  -1  -1  -1  -1  -1 259 223  -1  -1 296 216  -1  -1  -1 101  -1 297  -1 265  -1  -1  38  -1 
 30  -1  24  19  19  19  -1  -1  30  -1  -1  -1  -1  -1  -1  -1   2   2   4   4  -1  -1  -1  17  17  -1 
 31  -1  -1  -1  -1  -1  -1  -1  -1  -1  -1  -1  -1  31  31  31  -1  -1  -1  -1  -1  -1  -1  -1  -1  -1 
 32  -1  -1  63  63  63  -1  -1  -1  -1  -1  -1  -1  61  61  -1  46  46  74  -1  -1  48  48  -1  68  -1 
 33  -1  -1  -1  -1  -1  -1  -1  -1  -1  -1  -1  -1  75  75  75  -1  -1  -1  -1  -1  -1  -1  -1  -1  -1 
 34 107 107 107 118  -1  -1  -1  -1  -1  -1  92  92  -1  -1  -1  90  90  -1  -1  -1 105 105 112  -1  -1 
 35  -1  -1  -1  -1  -1  -1  -1 119 119 119  -1  -1  -1  -1  -1  -1  -1  -1  -1  -1  -1  -1  -1  -1  -1 
 36  -1  -1  -1  -1  -1  -1 162 151 151 151 136 136 156  -1  -1 134 134 149 149  -1  -1  -1  -1  -1  -1 
 37  -1  -1  -1  -1  -1  -1  -1  -1  -1  -1  -1  -1  -1  -1  -1  -1  -1 163 163 163  -1  -1  -1  -1  -1 
 38  -1  -1 200  -1  -1  -1  -1 193 193  -1 178 178 206  -1  -1 180 180  -1  -1  -1  -1  -1 195 195 195 
 39  -1  -1  -1  -1  -1  -1  -1 207 207 207  -1  -1  -1  -1  -1  -1  -1  -1  -1  -1  -1  -1  -1  -1  -1 
 40  -1  -1 239 239 239  -1 222 222 250  -1  -1  -1 244  -1  -1 224 224  -1  -1  -1  -1  -1 237 237  -1 
 41  -1  -1  -1  -1  -1  -1  -1  -1  -1  -1  -1  -1  -1  -1  -1  -1  -1  -1  -1  -1  -1  -1 251 251 251 
 42  -1  -1 283 283 283 281 281  -1  -1  -1 268 268  -1 288  -1 266 266  -1  -1  -1  -1  -1  -1 294  -1 
 43  -1  -1  -1  -1  -1 295 295 295  -1  -1  -1  -1  -1  -1  -1  -1  -1  -1  -1  -1  -1  -1  -1  -1  -1 
 44  -1  -1  -1 142  -1  -1  96  -1 272  -1  -1  -1  -1  -1  -1  -1  -1  55 185  -1  -1   6  -1  -1  -1 
 45  -1 140 153  -1  -1 197 181  -1  -1  21  -1  10 227  -1 308  -1  -1  -1  -1 314 225  -1  -1   7  -1 
 46  -1  52  -1  -1  -1  -1  -1  -1  -1  -1  54  -1 273  -1 241  -1  -1  -1  -1  -1  -1 184  -1 269  -1 
 47  -1  -1  -1  -1  -1 310  -1  -1  -1  -1  -1  -1  -1 313  -1  -1  -1  -1 228  -1  -1  -1  -1  65  -1 
 48  -1 230 311  -1  -1  -1 270  -1   8 309  -1  -1 139  -1  -1  -1  -1 143 271  -1   9 137  -1  -1  -1 
 49  -1  -1  -1  -1  -1  -1  -1   5  -1  -1  -1 226  -1  -1  -1  -1  -1 274  -1  -1  -1 275  49  -1  -1 
 50  -1  -1  -1  93  -1  -1  -1  -1 182  -1  -1  -1  -1  -1  -1  -1  -1  -1  -1  -1  -1  -1  -1  -1  -1 
 51  -1  -1  -1 231  -1  -1  -1  98  -1  -1  -1  53  -1  -1  -1  -1  -1  -1  -1  -1  99  -1 109  -1  -1 
 52 312  -1  -1  -1 316  -1 141  50  97  -1  -1  -1  -1  -1 285  -1  -1  95  -1  -1 186  94 183  -1 315 
 53  -1 187  -1  51  -1  -1  -1  -1  -1  -1  11  -1  -1  -1  -1  -1  -1  -1  -1  -1 138  -1 229  -1  -1 

r\t   0   1   2   3   4   5   6   7   8   9  10  11  12  13  14  15  16  17  18  19  20  21  22  23  24 
  0  -1 199  -1  -1  -1  -1  -1  -1  37  -1  -1  82  -1  -1  -1  -1 189 223 253 131  -1 205  -1  -1 263 
  1  -1  -1  14  -1  -1  16  16  -1  -1  -1  -1  -1  43  -1  -1 236 236  -1 297  -1  -1 243  -1  -1  84 
  2  -1 179  -1 121  -1  -1 214 108 160  -1  -1  -1  -1  -1  -1  -1 172  58  -1  -1  -1  -1  -1  -1  -1 
  3  -1  -1  -1 202  -1  -1  -1  -1  80  -1  -1  -1 262  -1  -1  -1 159  -1  44  -1  -1  -1  -1  -1 260 
  4  67  -1  60  60  -1  -1  -1  -1  -1  -1  -1 282  -1  -1  -1  -1 144 291  -1  -1  -1  -1  -1 259  -1 
  5  -1 240 196  23 174  -1  -1 284 232  -1  -1  -1  -1  -1  -1  -1  33  -1 209  -1  -1  18  -1  -1  -1 
  6  -1  -1 129 177  -1  -1 204  89 101  -1  -1  -1  -1  -1  -1  -1  -1  -1  -1  -1  -1  -1  -1  76  -1 
  7  -1  -1  -1  -1  -1  -1 152  -1  -1  -1  -1  -1  -1  -1  -1  -1 120  88  59  -1  -1  -1  -1  -1  -1 
  8  -1  -1   0  -1  -1  -1 102 165  -1  -1  -1  -1  -1 293  -1  -1  56  -1  -1  -1  -1  -1  -1  26  39 
  9  -1  57  -1 125  -1  -1  -1 147 304  -1  -1 194  -1  -1  -1  -1  -1  -1  -1  -1  -1  -1  -1 233  -1 
 10  81  -1  -1  -1  -1  -1  -1  -1  -1 175  -1  22  -1  -1  -1  -1  -1  27  -1  -1 307  -1  -1  -1  -1 
 11  -1  -1 290  -1  -1  -1  -1  -1  -1  -1  -1  -1  -1  -1  -1  -1 212 238  -1  -1  -1  -1  -1  -1  -1 
 12  -1  -1  -1 157  -1  -1 190  20  -1  -1  -1  -1  -1  -1  -1  -1  -1 164  -1  -1  -1  -1  -1  -1  -1 
 13  41  79 145  25  -1  -1  -1  -1  -1  -1 218  73  -1  -1  -1  -1  -1  -1  -1  -1  -1  -1 111  -1  -1 
 14 198 116  -1  -1  -1  -1  -1  -1  -1  40  -1 155 148 148  -1  -1  -1 261  -1  -1  -1  -1  -1 255  -1 
 15  -1  -1  72  -1  -1  -1  -1 192 192  -1  -1  -1  86  -1  -1  -1 248  -1 216  -1 127  -1  -1  -1  -1 
 16 150  -1 130  -1  -1  -1 234  29 278  -1  -1  66 249  -1  -1  -1  -1 201  -1  -1  -1  -1  -1  -1  -1 
 17  -1  42  -1  -1 265  -1  45  47  -1  -1  -1  -1  -1  -1  -1  -1  -1  -1  -1  -1  -1  -1  34 128 213 
 18  -1  -1  -1  -1  -1  -1  -1 242 146  -1  -1  -1 211  -1  -1  -1 303 173  -1  -1  -1  -1 235  -1 301 
 19  -1  91  -1  -1  -1  -1  35  -1 296  -1  -1  -1  -1  -1  -1  -1 103  -1  -1  -1  -1 306 258  64  -1 
 20  -1 110  -1 219 169  -1 133  69  -1  -1  -1  -1 188 256  -1  -1  -1  -1  -1  -1  -1  -1  -1  -1  -1 
 21  -1 132  -1 154  -1  -1  -1  -1  -1  -1  -1 246  -1 166  -1  83  -1  -1  -1  -1 257  -1  -1  12  -1 
 22  -1 167 280 280  -1  -1  70  -1  -1  -1  -1  -1 264  -1  -1  85  -1  -1  -1  -1  -1 298  -1  -1  -1 
 23  -1 247  -1 135  -1 221  -1 299  -1  -1  -1 300  -1  -1  -1  -1  -1  -1   1  -1  -1 161  -1  -1  -1 
 24  -1 126 123   3  -1  87 114  -1  -1  -1  -1 122  -1  -1  -1  -1  -1  -1  -1  -1  -1  -1 117  -1  -1 
 25  -1 203  32  -1  -1  -1 220  62  -1  -1  -1  -1 168  -1  -1  -1  78 254  -1  -1  -1  -1  71 289  -1 
 26 286  -1  -1  -1  -1  -1 276 208  13  -1  -1  -1 210  -1  -1  -1  -1  -1 158  -1  -1  -1  77  -1  -1 
 27  -1  -1  -1  -1  -1  -1  -1  -1  -1 176  -1  -1  -1  -1  -1  -1 287 113  -1  -1  -1 277  -1 279  -1 
 28  -1  -1  -1  -1 170 302 292 245 115  -1  -1  28  -1  -1 171  -1 267  -1  -1  -1  38 106 252 100  -1 
 29  -1  15 104 104  -1  -1  -1 124  -1  -1 217  -1 305 191  -1  -1  -1  -1  36  -1 215  -1  -1  -1  -1 
 30  -1  24  -1  -1  -1  -1  -1   2   2  -1  -1  -1  -1  17  17  19  19  19  -1  -1  -1  30  -1   4   4 
 31  -1  -1  -1  -1  -1  -1  -1  -1  -1  -1  -1  -1  31  31  31  -1  -1  -1  -1  -1  -1  -1  -1  -1  -1 
 32  -1  68  -1  -1  -1  -1  -1  -1  48  48  -1  -1  61  61  -1  -1  -1  74  -1  -1  63  63  63  46  46 
 33  -1  -1  -1  -1  -1  -1  -1  -1  -1  -1  -1  -1  75  75  75  -1  -1  -1  -1  -1  -1  -1  -1  -1  -1 
 34  -1  -1  -1  90  90  92  92  -1  -1  -1  -1  -1  -1 105 105  -1  -1 107 107 107  -1 118  -1 112  -1 
 35  -1  -1  -1  -1  -1  -1  -1  -1  -1  -1  -1  -1 119 119 119  -1  -1  -1  -1  -1  -1  -1  -1  -1  -1 
 36  -1  -1 156  -1  -1  -1  -1 162 136 136  -1  -1 134 134  -1  -1  -1 151 151 151  -1  -1  -1 149 149 
 37  -1  -1  -1  -1  -1  -1  -1  -1  -1  -1  -1  -1  -1  -1  -1  -1  -1  -1  -1  -1  -1  -1 163 163 163 
 38  -1  -1  -1  -1  -1 178 178  -1 206  -1  -1 200 180 180  -1  -1  -1 195 195 195  -1  -1 193 193  -1 
 39  -1  -1  -1  -1  -1  -1  -1  -1  -1  -1  -1  -1  -1  -1  -1  -1  -1  -1  -1  -1  -1  -1 207 207 207 
 40  -1  -1 237 237  -1  -1 250  -1 222 222  -1  -1 239 239 239  -1  -1  -1  -1  -1  -1 244  -1 224 224 
 41  -1  -1 251 251 251  -1  -1  -1  -1  -1  -1  -1  -1  -1  -1  -1  -1  -1  -1  -1  -1  -1  -1  -1  -1 
 42  -1  -1  -1 288  -1 268 268  -1 266 266  -1  -1 281 281  -1  -1 294 283 283 283  -1  -1  -1  -1  -1 
 43  -1  -1  -1  -1  -1  -1  -1  -1  -1  -1  -1  -1  -1  -1  -1  -1  -1  -1  -1  -1  -1  -1 295 295 295 
 44  -1  -1  99  -1  55  65  -1  -1  -1  -1  -1  -1  -1  95  -1  -1  -1  -1  -1  -1  -1  -1  21  -1  -1 
 45  -1  -1 137  -1  -1  -1  -1  -1 185  -1  -1 109  -1 227  -1  -1  -1 142  -1  -1 285  -1  -1 272  -1 
 46  -1 230  -1  -1 186  -1  -1  -1  -1  -1  -1  -1  -1  -1  -1  -1 139  -1  -1  -1  -1  -1  -1  -1  -1 
 47  -1  50  -1  51  -1  -1  -1 181  93  97  -1  -1  52  -1  -1  -1  53  49 187  -1  -1 315  -1  -1  98 
 48  -1  -1  -1  -1  -1  11  -1  -1  -1  -1  -1  -1  -1  -1  -1  -1 183 270  -1 312  -1  -1  -1  96  -1 
 49  -1  -1  -1  -1  -1  -1  -1 140  -1  -1  -1 308 226  -1 310  -1  94  -1 229  -1 316 153 309 182  -1 
 50  -1 271 269 231  -1  -1  -1 274  -1   8  -1  -1  -1 273  -1  -1  -1  10  -1  -1  -1 197  -1 141  -1 
 51 314  -1  54  -1 138 143  -1  -1  -1  -1  -1  -1  -1   5  -1 313 225  -1  -1  -1  -1  -1  -1  -1  -1 
 52  -1  -1 184  -1   9  -1  -1  -1  -1  -1 311  -1  -1  -1  -1  -1  -1  -1  -1  -1  -1  -1  -1  -1  -1 
 53  -1   7 228 275  -1  -1   6  -1  -1  -1  -1 241  -1  -1  -1  -1  -1  -1  -1  -1  -1  -1  -1  -1  -1 

r\t   0   1   2   3   4   5   6   7   8   9  10  11  12  13  14  15  16  17  18  19  20  21  22  23  24 
  0  18  34  -1  -1  -1  -1  -1  -1  -1  -1  -1  -1  -1  -1  -1  -1  -1  -1  47  -1 220  -1  -1  79  -1 
  1  -1  -1  -1  -1  -1  -1  -1  25 152  -1  -1  84  -1  -1  -1  -1  -1  -1 256  -1  -1  -1 284  36  -1 
  2  -1  -1 103  -1  -1  -1  -1  -1  -1  -1 130 252  -1  29  -1  -1  -1  -1 218  -1  -1 159  -1  -1   1 
  3 260  -1  -1  -1  -1  -1  -1 129  13  -1 303  -1  -1  -1  -1  -1 106  -1 120  -1  -1 267  -1 202  -1 
  4  -1  -1 144  -1  -1  -1  -1  -1  -1  -1  -1 243  44  -1  -1  -1  -1  -1  -1  -1  -1 300  -1  -1 242 
  5  -1 296  60  60  -1  -1  -1  -1  -1  43 257  -1  -1  -1  -1  -1  -1 147 100 215  -1 123 203  -1  -1 
  6  -1 133  -1  -1  -1  -1  -1 154  -1  -1  -1 199  -1  -1  -1  -1  -1  -1  -1  -1  -1 286  -1 158  -1 
  7  -1  -1  72  -1  -1  -1 155  -1  -1 304  81 127  -1  -1  -1  -1  23  -1  -1  -1  -1  -1  -1  -1  -1 
  8  -1  -1  -1 249  -1  -1  -1  -1 245  -1  -1 150  -1  -1  -1  -1  -1  -1  -1  -1 177  -1  -1  56  -1 
  9  -1  -1 277  -1  -1 171 135  71  -1  -1  -1  -1  -1 301  -1  -1  -1  -1  -1  -1  -1  -1  -1  -1  -1 
 10  -1  -1  -1  82 302 282  -1  77  -1  -1  -1  -1  37 146  -1  -1  -1 111  -1  -1  -1  -1  -1  -1  -1 
 11  -1 238 192 192  -1  -1 232 280 280  -1  -1  -1  -1  91  -1  -1  -1 258  70 128  -1 235 164 191  -1 
 12  66 279 248  -1  -1  -1  -1  -1  88  -1  -1  -1 114  -1  -1  -1 113  -1 188 176  -1  -1  -1  87  -1 
 13  -1  -1 122 292  -1  -1  -1  -1  -1  -1  -1  -1 174  -1  -1  -1  -1  -1  -1  -1  -1  -1  -1 276  -1 
 14  -1 168  -1  -1  -1  -1  57 160  83  -1  -1 287 157 255  -1  -1  -1  -1  -1  -1  22  12 116  86  -1 
 15  -1 217  -1  -1  -1  -1  -1  -1  -1  -1  -1  -1 201 306  -1 307  -1  -1  -1  -1  -1  -1 247 101  -1 
 16  -1  -1 236 236  -1  -1  -1 117  -1  -1  -1  -1 291 110  -1  -1  -1  -1  -1  -1 265  -1  73  -1  -1 
 17  -1  -1  -1 214  -1  -1  -1  -1 124  -1  -1 204  -1 167  -1  -1  -1  -1 289  -1  -1  69  62 262  -1 
 18 261  -1  -1  -1  -1  -1  -1  -1  -1  -1  -1  -1 145  78  -1  -1 131 240  -1  -1  -1  -1  -1  -1  -1 
 19  -1  -1  28 102  41  -1  -1  -1  -1  -1 104 104  -1  -1  -1  -1  -1  59 173  45  -1 246 179  -1  -1 
 20  -1  80  -1  -1  40  -1  -1 253  -1  -1  -1  -1 233  -1  -1  -1  -1 305 161  -1 175 189  -1  -1  -1 
 21  -1 219  -1  -1  89  -1  76  -1 169  -1  -1  -1  -1  -1  -1  -1  -1 209  -1  39  -1  -1  -1 221  -1 
 22  -1 190  -1  -1  -1  -1  -1  -1  -1  -1  -1  -1 170  -1  -1  -1 194  -1  -1  -1  -1  -1 234  15  -1 
 23  -1  -1  16  16  -1  -1  14  -1 205  -1  -1  -1 216  -1  -1  -1  -1  -1  -1  -1  -1  -1  -1  -1  -1 
 24  -1 254  -1 211  -1 259  -1   3  -1  -1  -1  -1  -1 212  85  -1  -1  -1   0  -1  -1  -1  -1  -1  -1 
 25  -1  -1 299  35  -1  -1  -1  -1  -1  -1 263  20  -1 115  -1  -1  -1  -1  -1  -1  -1  -1  33  -1  -1 
 26  -1  -1 166  -1  -1  -1 196  -1 165  -1  -1 126  -1 264  -1  -1 298  -1 148 148  -1  -1  -1  27 125 
 27  -1 223 210  -1  -1  -1  -1 172  32  -1  -1  -1  38  -1  -1  -1  -1  26  42  -1  -1  -1  -1  -1  -1 
 28  -1 208  -1 278  -1  -1  -1  -1 290  -1  -1  -1  -1  -1  -1  -1  -1 198  -1  -1  -1  -1 293  -1  -1 
 29  -1  -1  -1  -1  -1 213 108  -1  -1  -1  -1  67 132 297  -1  -1  64  -1  -1  -1  -1  58  -1 121  -1 
 30  -1  -1  -1   4   4  -1  24  -1  -1  -1  -1  -1  17  17  -1  -1  30  19  19  19  -1  -1   2   2  -1 
 31  -1  -1  -1  -1  -1  -1  -1  -1  -1  -1  31  31  31  -1  -1  -1  -1  -1  -1  -1  -1  -1  -1  -1  -1 
 32  -1  -1  -1  68  -1  -1  -1  63  63  63  -1  74  -1  61  61  -1  -1  -1  -1  -1  48  48  -1  46  46 
 33  -1  -1  -1  -1  -1  -1  -1  -1  -1  -1  -1  -1  -1  -1  -1  75  75  75  -1  -1  -1  -1  -1  -1  -1 
 34  -1  -1  -1  -1  -1  -1 112 107 107 107  -1 118  -1  -1  -1  -1  -1  -1  90  90 105 105  -1  92  92 
 35 119 119 119  -1  -1  -1  -1  -1  -1  -1  -1  -1  -1  -1  -1  -1  -1  -1  -1  -1  -1  -1  -1  -1  -1 
 36  -1  -1  -1 149 149  -1 162  -1  -1  -1  -1 156  -1  -1  -1  -1  -1  -1 134 134 136 136 151 151 151 
 37  -1  -1  -1  -1  -1  -1  -1  -1  -1  -1  -1  -1  -1  -1  -1 163 163 163  -1  -1  -1  -1  -1  -1  -1 
 38  -1 180 180  -1  -1  -1  -1 193 193  -1  -1  -1 195 195 195  -1 200  -1 206  -1  -1  -1  -1 178 178 
 39  -1  -1  -1  -1  -1 207 207 207  -1  -1  -1  -1  -1  -1  -1  -1  -1  -1  -1  -1  -1  -1  -1  -1  -1 
 40  -1  -1  -1 224 224  -1 250 239 239 239  -1  -1 244  -1  -1 237 237  -1 222 222  -1  -1  -1  -1  -1 
 41  -1  -1  -1  -1  -1  -1  -1  -1  -1  -1  -1  -1  -1  -1  -1 251 251 251  -1  -1  -1  -1  -1  -1  -1 
 42  -1  -1 266 266  -1  -1  -1 288  -1  -1  -1 294 283 283 283  -1  -1  -1 281 281  -1  -1  -1 268 268 
 43  -1  -1  -1  -1  -1  -1  -1  -1  -1  -1  -1  -1  -1  -1  -1  -1  -1 295 295 295  -1  -1  -1  -1  -1 
 44 315 274  -1  -1 271 310  97  -1  -1  -1  -1  -1  -1  -1  -1  -1  -1 314  -1  -1  -1 186 275  -1  -1 
 45  -1  -1 139  -1  -1  -1 182  21  -1  -1  -1  -1  -1  -1  -1 312  -1  -1  -1  -1  -1  -1  -1 137  -1 
 46  -1  -1  -1  -1  -1  -1  -1  -1 141  -1  -1  -1  -1  -1  -1  -1  -1  -1  -1  -1  -1 227 197  -1  -1 
 47  -1  -1  -1 183  -1  -1  53  -1  -1  -1  -1  -1  98  -1 316  -1  -1  -1 187  -1  -1  95  -1  -1  -1 
 48  -1  -1  -1 140  -1  -1  -1 272 230  -1  -1  -1  -1 142  -1  -1  -1  -1  -1  -1  -1  -1  -1  -1  -1 
 49  -1  51  49  96  -1  -1   7  52 273  -1  -1  -1  -1  -1  -1  -1 313  -1  65  -1  -1  -1 138  -1  -1 
 50 153  -1 225  55 143  -1  -1  93  -1 311  -1  -1  10   8  -1  -1  -1  -1 270  -1  99  -1  -1  -1  -1 
 51  -1  -1   9  -1  -1 109 226  -1 184  -1 309  -1 181  -1  -1  -1 285  -1  -1  -1  -1  -1  -1  -1  -1 
 52  -1   5  -1  -1 185  -1  -1  -1  11  -1  -1 308 228 231 241  -1  -1  -1  -1  -1  -1   6 229  -1  -1 
 53  -1  -1  -1  -1  54  -1 269  -1  -1  -1  -1  -1  -1  50  -1  -1  -1  -1  -1  -1  -1  -1  94  -1  -1 

r\t   0   1   2   3   4   5   6   7   8   9  10  11  12  13  14  15  16  17  18  19  20  21  22  23  24 
  0  -1  -1  -1  -1  -1  -1 100  -1  77  -1  -1  -1 277  -1  -1  -1  -1  -1  -1  -1 303  -1 165  -1  -1 
  1  -1  -1  -1  -1  -1  -1  -1  -1 265  -1  -1  -1  -1  32  -1  -1  56  -1  -1  -1  -1  -1  -1  29  -1 
  2  -1  -1 122 131  -1  -1  -1  -1  -1  -1  -1  -1  14   3  -1  -1 298 158  -1  82  -1  -1 145  -1  -1 
  3  -1 243  -1 164  -1  -1  71  -1  -1  -1  -1 171  -1  -1  -1  43  -1  -1 306  18  -1 240  -1  -1  -1 
  4  -1 262 296  -1  -1  -1  -1  72  -1  -1  -1 302 102  79  -1  -1  -1  76 253  -1 150  -1  -1  -1  -1 
  5  -1 196  36  -1  -1  -1  -1  -1  -1  -1  -1  -1  -1 101  -1  -1  -1 203  -1  -1  -1  89  -1  -1  -1 
  6  -1  -1  -1  -1  -1  -1  -1  -1 256  -1  -1 212  38  -1  -1 198  -1  -1  -1  -1  -1 246  -1  13  -1 
  7  -1 299  -1 249  -1  -1 144  22  -1  -1  -1  -1  -1 278  -1  -1 232  -1  -1  -1  -1  -1  -1  -1  -1 
  8  -1  12 161  -1  -1  -1  -1 120  -1  -1  -1 252  -1  -1  -1 130  -1  -1 289 155  -1  -1  -1  -1  -1 
  9  -1 254  -1  39  -1  -1 204  -1  -1  -1  -1  -1  44 125 170  -1 106  -1  -1  -1  -1  64  -1 117  -1 
 10  -1  -1  -1 233  -1  -1 276  -1  26  -1  -1  -1  -1  -1  -1  -1  -1  -1  70  -1  -1 205  -1 264  -1 
 11  -1  -1  -1  -1  -1  -1  -1  -1  -1  -1  -1 261  60  60  -1  -1  -1  47  -1  -1  -1 160  -1 234  -1 
 12  -1  -1 248 267  -1  -1  -1  -1   1  86  -1 147  -1 115  -1  -1  -1  -1  -1  -1  -1  15  -1  -1  -1 
 13  -1  -1 286  -1  -1  -1  -1  -1  -1  -1 218  23 236 236  -1  -1 123 132  -1  -1  -1  -1  -1  -1  -1 
 14  -1 159  -1  -1  -1  -1  -1  -1  -1 258  -1 282  -1  -1  -1  -1  -1  -1  35  -1  -1 189 192 192  -1 
 15 280 280 103  45  -1  -1  -1 190 216  -1  -1  -1  -1 255  -1  -1  -1  88  -1  -1  -1  -1  -1  -1  -1 
 16  -1  -1  -1  -1  -1  -1  -1  -1 284  -1  -1  69  -1  -1  -1  -1  -1  -1  -1  -1  -1  -1 293  -1  -1 
 17  -1 259  -1 305  -1  -1  57  -1  -1  -1  -1 291  -1  -1  87  -1  -1 121  -1  -1  -1 304  -1 173 174 
 18  -1 111 260  -1  -1  85  -1  -1  -1  -1  -1  -1  -1 297  -1  -1  28  -1 128 175  -1  -1 210  -1 214 
 19 127  58  -1  -1  -1  -1  -1 157  -1  -1  -1  -1  25 146  -1  -1  -1  -1  -1  -1  -1  -1  -1  -1  -1 
 20  -1  -1 238 287  -1  -1  -1  -1 167  -1 129  -1  -1  -1  -1  -1 133 263 116  -1  -1 135 217  -1  -1 
 21  -1  -1  -1 108  -1  -1  -1  -1 113  -1  -1  -1 307  -1  -1  -1  -1  -1  59  -1  -1  42  -1  -1  -1 
 22  -1  91  27  -1  -1  -1  -1  -1 191  -1  -1  -1 202  -1  -1  -1  -1 245 177  -1  -1  -1  20 219  -1 
 23  -1  -1  -1  37  67  -1  -1  -1  -1  -1  -1  -1  -1 168  -1  -1  -1  34  -1  -1  -1 124  -1 300  -1 
 24  40  -1  -1 292  -1  -1 290  -1  -1 194  -1  -1  73  -1 176  -1  -1  -1  -1  -1  -1 154 220  -1  -1 
 25  -1  33  66   0  -1  -1  -1  -1  -1  -1  -1  -1  -1  -1  -1  -1 199 148 148  -1  -1  -1 211  -1  -1 
 26 169 209  -1  -1  -1  81  -1  -1 208  -1  -1 257  -1 213  -1  -1  80  16  16  -1  -1 221 104 104  -1 
 27 126  41  78  -1  -1  -1  -1  -1 215  -1  -1 242 114 201  -1  -1  -1  -1  -1  -1  83  -1  -1 247  -1 
 28  -1  -1  -1  -1  -1  -1  84  -1  -1  -1  -1  -1  -1  -1  -1  -1  -1  62  -1  -1 110  -1 235  -1  -1 
 29  -1 223  -1  -1  -1  -1 188  -1  -1 172 301  -1 152  -1  -1  -1 179 279 166  -1  -1  -1  -1  -1  -1 
 30  -1  -1  19  19  19  17  17  30  -1  -1  -1  24  -1  -1  -1  -1  -1   4   4  -1  -1  -1  -1   2   2 
 31  -1  -1  -1  -1  -1  -1  -1  -1  -1  -1  -1  -1  -1  -1  -1  -1  -1  -1  -1  -1  31  31  31  -1  -1 
 32  -1  74  -1  -1  -1  48  48  63  63  63  -1  -1  -1  46  46  -1  -1  -1  -1  -1  -1  68  61  61  -1 
 33  -1  -1  -1  -1  -1  -1  -1  -1  -1  -1  -1  -1  -1  -1  -1  -1  -1  -1  -1  -1  -1  -1  75  75  75 
 34  -1  -1  -1  -1  -1  92  92 107 107 107  -1 118  90  90  -1  -1  -1 105 105  -1  -1  -1 112  -1  -1 
 35  -1  -1 119 119 119  -1  -1  -1  -1  -1  -1  -1  -1  -1  -1  -1  -1  -1  -1  -1  -1  -1  -1  -1  -1 
 36  -1  -1 151 151 151  -1 156 149 149  -1  -1  -1  -1 134 134  -1  -1  -1  -1  -1  -1  -1 162 136 136 
 37  -1  -1  -1  -1  -1  -1  -1  -1  -1  -1 163 163 163  -1  -1  -1  -1  -1  -1  -1  -1  -1  -1  -1  -1 
 38  -1  -1 193 193  -1 180 180 206  -1  -1 195 195 195  -1  -1  -1 200  -1  -1  -1  -1  -1  -1 178 178 
 39  -1  -1 207 207 207  -1  -1  -1  -1  -1  -1  -1  -1  -1  -1  -1  -1  -1  -1  -1  -1  -1  -1  -1  -1 
 40  -1  -1  -1  -1  -1  -1  -1 237 237  -1  -1  -1 244 224 224  -1 250 239 239 239  -1  -1  -1 222 222 
 41  -1  -1  -1  -1  -1 251 251 251  -1  -1  -1  -1  -1  -1  -1  -1  -1  -1  -1  -1  -1  -1  -1  -1  -1 
 42  -1  -1  -1  -1  -1 268 268 288  -1  -1  -1  -1 294 266 266  -1  -1  -1 281 281  -1  -1 283 283 283 
 43  -1  -1  -1  -1  -1  -1  -1  -1  -1  -1  -1  -1  -1  -1  -1  -1  -1 295 295 295  -1  -1  -1  -1  -1 
 44 311  54  -1  -1  -1 143  -1 230 139  -1  -1  -1  -1  -1   7  -1 231  -1  -1  -1  -1  -1 140  -1  -1 
 45  -1 184  -1  -1  -1  -1 227  -1  -1 153  -1  -1  -1  -1  -1 316  -1  -1  -1  -1 310  -1  -1  -1  -1 
 46  -1  -1  -1  -1  -1  -1  10 185  94 314  -1  -1  -1  -1  -1  -1   5  -1  96  -1  -1  -1 181  -1  -1 
 47  -1 141  -1  -1  -1   9  -1  -1  53 285  -1 315  -1 182  -1  -1  -1  -1  -1  -1  -1  -1  93  -1  -1 
 48  -1  -1  -1  -1  -1  -1  -1  -1  -1  -1  -1  -1  -1  -1  98  -1  -1 187 142  -1  -1  11  -1  -1  -1 
 49  -1  -1  -1  -1  -1  -1  -1  -1 228  -1  -1  -1  -1  -1  -1  -1 275  -1  -1 312  -1 269  -1  -1  -1 
 50  -1  -1  -1  -1  -1  -1 137  -1  -1 241  -1  -1 229  -1  -1  -1  -1  -1 225  -1  -1  52  -1  95  -1 
 51  -1 272  -1  99  -1  -1  -1  -1  -1  -1  -1  65 274  -1  -1  -1  -1  -1  -1 197  -1  -1 273  -1  -1 
 52  -1  -1 313 226 308  -1  -1 138  -1  -1  -1 109   6  21  -1  -1  50  -1  49  -1  -1  -1  -1  51  -1 
 53  -1   8  -1  -1  -1  -1  -1 271 183  -1 309  -1  -1  -1  -1  -1  -1 270  -1  -1  -1 186  55  -1  97 

r\t   0   1   2   3   4   5   6   7   8   9  10  11  12  13  14  15  16  17  18  19  20  21  22  23  24 
  0 238 232  -1  43  -1 236 236  -1 167  -1  -1  -1 164  -1  -1  -1  -1  -1 122  -1  -1 209  -1  -1 215 
  1  18 101  -1  -1  -1  -1  -1  25 293  -1  -1 205 196  -1  -1  -1 132 188  -1  -1  -1  -1  -1  -1  -1 
  2  -1  -1  -1  89  -1  -1  -1  -1  -1  -1  -1  76  -1  -1  -1  -1  -1  -1  -1  -1  -1 154  -1  88 259 
  3  -1  -1  -1  -1  -1  -1 218  -1  -1  -1 194  -1 299 276  -1  -1 279  -1  -1  -1  -1  58  -1  -1  -1 
  4  -1 152 297  72  91  -1  -1 203  -1  -1  41  -1  -1  -1  -1  -1  -1  -1  44  -1 213  70  -1  29 127 
  5  -1 133  -1 168   1  -1 247 113 120  -1  -1 100  -1 242  -1  -1  -1  -1  -1  -1  -1  -1  -1  -1  -1 
  6  -1  -1 147 108  -1  -1  15  -1 262  -1  -1  -1  -1  -1  -1  -1  -1 202  -1  -1  -1  -1  -1  -1  -1 
  7  -1  -1  -1  36  -1  -1  -1  -1  -1  -1  -1  -1  -1  -1  -1  -1  69  -1  73  -1  -1  -1  16  16  -1 
  8  -1  -1 176  -1  -1  -1  -1  -1 216  -1  -1  -1  -1  77  -1  -1 253  60  60  -1  42 278  -1  -1  -1 
  9  -1 210 264 124 130  -1  -1  -1  -1  -1 263 252  -1  -1  -1  -1 223  -1 248  -1  -1 103  -1  -1  -1 
 10 150  -1 221  -1  -1  -1  -1  -1   3  -1  -1  -1 111  -1  -1  -1  -1 254 305  -1  38  -1  -1 115  -1 
 11  -1 291  -1  -1  -1  -1 128  -1  -1  -1  -1  64  -1 217  -1  -1  -1  -1  -1  -1  -1  -1  -1  -1  -1 
 12  -1  -1 211  -1  -1  -1  -1  62  -1  -1  -1  -1  -1  -1 261  -1  -1  -1 260  66  -1  -1 114  -1 173 
 13  -1  -1  80  -1  -1  -1  -1 104 104  -1  -1  -1 123  -1  -1  -1   0  28  -1  -1  -1 135  83  -1  -1 
 14  -1 199  -1  -1  87  -1  56  -1  -1  -1  -1 267  -1  -1  -1  -1  -1  79  -1  -1  -1  -1  -1  -1 171 
 15  -1  13  33  -1  -1  -1 172  -1 301  -1  -1  -1  -1  71  -1  -1  -1  -1 174  -1 170  -1 249  -1  -1 
 16  -1 179  14  -1  -1  -1  32  -1  -1  -1 307 121  -1  -1  -1  -1 144  -1  26  -1  -1  -1 286 256  -1 
 17  -1  -1  -1 292  -1 302  84  -1  -1  -1  -1 159  -1 158  -1  -1  -1  -1  -1  -1 265  -1  -1  -1  -1 
 18  -1  -1 303  -1  -1  -1  -1  -1 258  67  -1  -1  -1 296  -1  -1  -1  -1  -1  -1 257  -1  -1  -1  -1 
 19  -1  -1  45  59  -1  -1  -1  -1  -1  -1  -1  -1  -1  -1  -1 106  12  -1 235  -1  -1  -1  -1  -1  -1 
 20  -1  -1  -1 240  -1  -1 157  47 126  -1  -1  -1 243  -1  -1  -1  -1  -1  -1  -1  -1 246  -1 125 169 
 21  -1  -1 117 306  -1  -1 190 192 192  -1  -1  -1  -1  -1  -1  -1  -1  -1  -1  -1  -1  -1  34 212  -1 
 22  -1  -1  -1  -1  -1  -1 145 280 280 198  -1  -1  -1 129  -1  -1  -1  -1 177  -1  -1 161 201  -1  -1 
 23  -1  -1 189  -1 155  -1 284  -1  39  22  -1  -1 282 219  -1  -1  -1  -1  -1  -1  85  35  -1  -1  -1 
 24  -1  -1  -1 245 220  -1  -1 146  -1  -1  -1 191 255 116  -1  -1  -1  -1  -1  -1  -1  -1  -1  -1  -1 
 25  -1  -1 102 208  -1  -1  -1  -1  -1  -1  -1  -1  -1  -1  -1  81  -1 233  37  -1  -1 300  -1  -1  40 
 26  -1  -1  -1  -1 304  -1  -1  86 175  -1  -1  -1  -1  -1  -1  -1  -1  -1 165  -1  -1  -1  -1 277  -1 
 27  -1  57 166  -1  -1  -1  -1  -1  23 287  -1 234  -1  -1  -1  -1  -1  -1  -1  -1  -1  20  -1 290  -1 
 28  -1  -1  -1  27  -1  -1 214  -1  78  -1  -1  -1  -1  -1  -1  -1 204 148 148  -1  -1  -1  -1  -1  -1 
 29  -1  -1  -1  -1  -1  -1 298 289  -1  -1  -1  -1  -1 110  -1 131  -1 160  -1  -1  -1  82  -1  -1  -1 
 30  -1  -1  -1  -1  -1   2   2  -1  30  -1  -1  -1  17  17  -1  -1  24  19  19  19  -1  -1  -1   4   4 
 31  -1  -1  -1  -1  -1  -1  -1  -1  -1  -1  -1  31  31  31  -1  -1  -1  -1  -1  -1  -1  -1  -1  -1  -1 
 32  -1  68  -1  48  48  46  46  74  -1  -1  -1  -1  63  63  63  -1  -1  -1  -1  -1  -1  -1  61  61  -1 
 33  -1  -1  -1  -1  -1  -1  -1  -1  -1  -1  -1  -1  -1  -1  -1  -1  -1  -1  -1  -1  -1  -1  75  75  75 
 34  -1 112  -1  -1  -1  92  92  90  90  -1  -1  -1  -1  -1  -1  -1  -1 105 105  -1  -1 118 107 107 107 
 35  -1  -1  -1  -1  -1  -1  -1  -1  -1  -1  -1  -1  -1  -1  -1  -1  -1 119 119 119  -1  -1  -1  -1  -1 
 36  -1  -1 134 134  -1 136 136 156  -1  -1  -1  -1 151 151 151  -1  -1  -1 162  -1  -1  -1 149 149  -1 
 37  -1  -1  -1  -1  -1  -1  -1  -1  -1  -1  -1  -1  -1  -1  -1  -1  -1  -1  -1  -1  -1  -1 163 163 163 
 38  -1  -1  -1 178 178  -1 200  -1 206  -1  -1  -1  -1  -1  -1 193 193  -1  -1  -1 180 180 195 195 195 
 39  -1  -1  -1  -1  -1  -1  -1  -1  -1  -1  -1  -1 207 207 207  -1  -1  -1  -1  -1  -1  -1  -1  -1  -1 
 40  -1 250  -1  -1  -1 222 222 237 237  -1  -1  -1  -1 244  -1  -1  -1 224 224  -1  -1  -1 239 239 239 
 41  -1  -1  -1  -1  -1  -1  -1 251 251 251  -1  -1  -1  -1  -1  -1  -1  -1  -1  -1  -1  -1  -1  -1  -1 
 42  -1  -1 283 283 283 266 266  -1  -1  -1  -1 288  -1  -1  -1  -1 294 281 281  -1  -1  -1  -1 268 268 
 43  -1  -1  -1  -1  -1  -1  -1  -1  -1  -1  -1  -1  -1  -1  -1  -1  -1 295 295 295  -1  -1  -1  -1  -1 
 44  -1  94  -1  -1  -1  -1  -1  -1 230  -1  -1 285  -1  -1  -1  -1  98  -1  -1  -1  -1 269  -1  -1  -1 
 45  -1  -1  -1  -1  -1  -1  -1 274  -1  -1  -1  -1  -1  -1  -1  -1  51  55 137  -1  97   5  -1  -1  -1 
 46  -1  50   8 227  -1  -1  -1  11 143 153  -1 184  -1 313  -1  -1 270 186  -1  -1  -1  -1  -1  -1  -1 
 47  -1 273  -1  -1  -1 185 187  -1  -1  -1 314  10  -1  -1  21  -1  -1  -1  -1  -1 225 226  -1  -1  -1 
 48  -1  -1  -1  -1  -1  -1  -1  -1  -1  -1  -1  -1 308  -1  -1  -1  -1  -1  -1 309  -1  52  -1 231  -1 
 49  65 229  -1  -1  -1  -1  -1 138  -1  -1  -1  95  -1  -1  -1  -1  -1 142  -1  -1  -1  -1 315  -1  -1 
 50 310  -1  -1   7  -1  -1  -1  -1  49  -1  -1  -1  -1  -1  -1  -1  -1  -1  -1  -1   9  -1  -1  -1  -1 
 51 197   6  -1 272  -1  -1  -1  -1 181 312  -1 228  -1  -1  -1  -1  -1  -1 275  -1 140  93  -1 139  -1 
 52 109  -1  -1  -1  -1  -1  -1 183  -1  -1  -1 141  -1  -1 316  -1 182  -1  -1  -1  -1  -1  -1  -1  -1 
 53  -1  -1  99  -1  -1  -1  -1  -1 271  -1  -1  53  -1  -1  -1 311 241  96  -1  -1  54  -1  -1  -1  -1 

r\t   0   1   2   3   4   5   6   7   8   9  10  11  12  13  14  15  16  17  18  19  20  21  22  23  24 
  0  -1  -1  -1  -1  -1  -1 144  -1  -1  -1  -1  -1 282  -1  -1  -1 132  -1  -1  -1  -1  -1  -1  -1 238 
  1  -1  -1 257  -1  -1  -1  80  -1  -1  -1  -1  -1  -1 289 150  -1  -1  -1  -1  -1  -1  -1  -1  -1  -1 
  2  -1  -1  -1  -1  -1  -1 115 170 205 286  -1  -1  -1  -1  -1  -1  -1  44  77  -1  -1 235  -1  -1  -1 
  3  -1 240  -1 157  -1  -1 287  70 126  -1  -1  -1 159  -1  -1 262 234  22  -1  -1  -1  -1  -1  -1  -1 
  4  -1  -1  -1  -1  -1 265  -1  -1  88  -1  -1 189 117  -1  -1  -1  69  -1  26  -1  -1 304  36  -1  -1 
  5  -1  -1  -1  -1  -1  -1 161  -1  -1  -1  -1  -1  -1  -1  -1  -1  67  -1  -1  -1  -1  -1 223  58  -1 
  6  -1  57  -1  -1  -1  -1  -1  -1  -1  -1 175  -1  -1 194  -1  -1 108  -1  -1  -1  -1  -1  -1  -1  -1 
  7  -1  25 297  -1  -1  -1 171  -1  -1  -1  -1  14 260  -1  -1  -1  -1  34 199  -1  -1  79  -1  -1  -1 
  8  -1  -1 203  -1  -1  -1  28 196 188  -1  -1 252  -1 145  -1  -1 246  -1 110 177  -1 299  62 158  42 
  9  -1 111  -1 291  -1  -1  -1  -1 124  -1 169 114  -1 211  -1  -1  -1 101  18  -1  -1  -1 216  -1  -1 
 10  -1  -1  -1 261  -1 174  -1 248  -1 259  -1 166  -1  -1  -1  -1  13  -1 131  -1  87 168  33 122  -1 
 11  -1 173  -1  -1  -1  -1  -1  -1  -1  -1  -1  -1  -1  -1  -1  -1  -1  -1  -1  -1  -1  -1  -1  -1  -1 
 12  -1  -1  -1  -1  -1  -1  -1  -1 300  -1  -1  -1  -1  -1  -1  -1  -1 135 306  -1  -1 201  -1  -1  -1 
 13  -1  -1  -1  -1  -1  -1 267  -1  -1  -1  -1 298  -1 276  -1  -1  47  -1  -1  -1  -1  -1  -1 302  -1 
 14  -1  81  -1  -1  -1  -1  -1  -1  -1  -1  -1  76  -1  -1  -1  -1 172   3  -1  -1 176  -1  -1  -1  -1 
 15  -1  -1  -1  -1  -1  -1  -1  -1  -1  -1  -1  -1  -1  -1  -1  -1 152  -1 160  -1  -1  -1  -1 209  -1 
 16  -1  78 148 148  43  -1  -1  -1  -1  66  -1 100  -1 129  -1  -1  -1  -1 204  -1  85  -1  -1  -1  -1 
 17  -1 167  -1 121 125  -1 232  -1  -1  -1  -1  -1 255  -1  -1  -1 165 279  -1  39  -1  -1 243 264  -1 
 18  -1  -1  23  16  16  -1  -1  41  -1 198  -1  -1 236 236  -1  -1  89 154  -1  -1  -1  -1  72 221  -1 
 19  -1 116  -1  59 130  -1 253 147  -1  -1  -1  35  -1  -1  -1  -1  -1  -1  -1  -1  -1 103 212 256 217 
 20  -1  91 123  -1  -1  -1  -1  -1  -1  -1  -1  -1  29 213  -1  -1  -1 218  -1  -1  -1  12 192 192  -1 
 21  -1 293 258  -1  -1  -1 290  -1  -1  -1  -1 278  -1   1  -1  -1 263  -1 254  -1  -1 277  -1 133  -1 
 22  -1  -1  32  38  -1  -1  -1  -1  -1  -1  -1  86  -1 128  -1  -1  40  73 242  -1  -1  -1  82  -1  -1 
 23 307  -1  -1  -1  -1  -1  -1  -1  -1  -1  -1  -1  -1 164  -1  -1  -1 249  -1  -1  -1  -1  83  -1  -1 
 24  -1 303 106  -1 215  -1  -1  -1  -1  -1  -1 233 210  -1  -1  -1 202  -1  -1  -1  -1  -1 292  71  -1 
 25  -1  15  -1  -1  -1  -1  -1 104 104  -1 214  -1  -1 179  -1  -1 190  -1  -1 220  -1  -1  -1 296  -1 
 26  -1   0  -1  -1  -1  -1  20  -1 245  -1  -1  -1  -1  -1  -1  -1  -1  -1  -1  -1  -1  56  -1 219  -1 
 27  -1 208  -1 102  -1  -1  45 280 280  37  -1 305  -1  -1  -1  -1 284 191 155  -1  -1  -1  -1  -1  -1 
 28  -1  -1  -1  -1  -1  -1  -1  60  60  -1  -1  64  -1 113  -1  -1  -1 120  -1  -1  -1  -1  -1  27  84 
 29  -1 146 127 247  -1  -1  -1  -1  -1  -1  -1 301  -1  -1  -1  -1  -1  -1  -1  -1  -1  -1  -1  -1  -1 
 30  -1  -1  -1  24  -1   4   4  17  17  -1  -1  -1  -1  -1  -1  -1  30  -1  -1  -1   2   2  19  19  19 
 31  -1  -1  -1  -1  -1  -1  -1  31  31  31  -1  -1  -1  -1  -1  -1  -1  -1  -1  -1  -1  -1  -1  -1  -1 
 32  -1  -1  -1  74  -1  -1  -1  -1  68  -1  48  48  61  61  -1  -1  -1  63  63  63  46  46  -1  -1  -1 
 33  -1  -1  -1  -1  -1  -1  -1  -1  -1  -1  -1  -1  75  75  75  -1  -1  -1  -1  -1  -1  -1  -1  -1  -1 
 34  -1  -1  -1  -1  -1  -1  -1 112  -1  -1  92  92 107 107 107  -1  -1  -1 118  -1  90  90 105 105  -1 
 35  -1  -1  -1  -1  -1  -1  -1  -1  -1  -1  -1  -1  -1  -1  -1  -1  -1  -1  -1  -1  -1  -1 119 119 119 
 36  -1  -1 156  -1  -1 136 136  -1 149 149 134 134  -1  -1  -1  -1 162  -1  -1  -1 151 151 151  -1  -1 
 37  -1  -1  -1  -1  -1  -1  -1 163 163 163  -1  -1  -1  -1  -1  -1  -1  -1  -1  -1  -1  -1  -1  -1  -1 
 38 195 195 195 206  -1  -1  -1  -1  -1  -1  -1 200  -1  -1  -1  -1 180 180  -1  -1 193 193 178 178  -1 
 39  -1  -1  -1  -1  -1 207 207 207  -1  -1  -1  -1  -1  -1  -1  -1  -1  -1  -1  -1  -1  -1  -1  -1  -1 
 40  -1  -1 237 237  -1 222 222 239 239 239 224 224  -1 244  -1  -1  -1  -1  -1  -1  -1 250  -1  -1  -1 
 41 251 251 251  -1  -1  -1  -1  -1  -1  -1  -1  -1  -1  -1  -1  -1  -1  -1  -1  -1  -1  -1  -1  -1  -1 
 42  -1  -1 283 283 283  -1  -1  -1  -1  -1 268 268  -1 288  -1  -1  -1  -1 294  -1 266 266 281 281  -1 
 43  -1  -1  -1  -1  -1  -1  -1  -1  -1  -1  -1  -1  -1  -1  -1 295 295 295  -1  -1  -1  -1  -1  -1  -1 
 44  -1  -1  -1  52  -1  -1 187  -1  -1  -1  -1  -1 153  -1  -1  -1  -1  94  -1   8  -1  -1 271  -1  -1 
 45  -1  -1  65 141  -1  -1  -1  -1 184  -1  -1 183  -1 270  -1  -1  -1  -1  -1 143 228 225  -1  -1  -1 
 46  -1 272  -1  -1  -1  54  -1  -1 275  -1   9  -1  -1  96  -1  -1  -1  -1  -1  -1  -1  -1  -1  11  -1 
 47  -1  -1  -1 230  -1  -1  -1 142  -1  -1  -1  -1  -1  -1  -1  -1   6 227  -1  99  -1  -1  -1  -1  -1 
 48  -1  49  -1  -1  -1  97  -1  -1  -1  -1  -1  -1 315  51  -1  -1 231  -1 285  -1  -1  -1  -1  -1  -1 
 49  -1  -1  -1  98  -1  -1  -1  50  -1  -1 185  10  -1  -1  -1  -1  -1  -1  -1 269  -1  -1  -1  -1  -1 
 50  -1  -1  -1  -1  -1  -1  -1  -1 226 312  -1  -1 197  -1  -1  -1  -1 273  -1  -1  -1 186  -1  -1  -1 
 51 316 181 309  -1  -1  -1  -1 274  55  -1  -1  -1  -1  -1  -1 308  -1  -1 313  -1  -1  -1  -1  -1  -1 
 52  -1 140  -1   7 310  -1  95  93   5  -1  -1  -1  -1 229  -1 109  -1  -1  -1  -1  -1 137 139  -1  -1 
 53  -1  -1  -1 182  -1  -1  -1  -1  -1  -1  -1  -1  21 138 311 241  -1  -1  -1  -1  -1  -1  -1  53 314 

r\t   0   1   2   3   4   5   6   7   8   9  10  11  12  13  14  15  16  17  18  19  20  21  22  23  24 
  0  -1  -1  -1  -1  -1  -1  29  69 196  -1  -1  91  -1  -1  -1  -1 158  -1  -1  -1  -1  72  -1 238  -1 
  1  -1  -1  -1  -1  -1  -1 242  -1 249  -1 110  -1 204  -1  -1  -1  -1  -1  -1  -1  -1 287  -1 130 259 
  2  -1  -1 114  -1 150  -1 303  60  60  -1  -1  -1 175  -1  -1  -1  -1  -1  -1  -1  -1 243  -1  -1  -1 
  3  -1  -1 174 102  -1  -1 279  84  -1  -1  -1  -1 289 167  86  -1  -1  -1  -1  -1  -1  -1  -1 122  -1 
  4  -1  -1  -1  -1  -1  -1 190  -1  -1  -1  -1  -1  -1  -1  -1  -1  64  -1  -1  -1  -1 245  -1  -1  -1 
  5  -1  -1  -1  -1  87 221  -1  -1  -1  -1  85  -1  26 298  -1  -1  -1 217  -1  -1  -1  -1 263 258  -1 
  6  -1  -1  89  45  -1  -1  -1 246  35  -1  -1  -1  -1 172  -1  -1  -1 159  -1  -1  -1  -1 131  -1  -1 
  7  -1  70 290  -1  -1  -1  -1 199  -1  -1  -1  -1  13 120 173  -1 278  -1  -1  -1  38  -1  -1  -1  -1 
  8  -1 103  37  -1  -1  -1  15 133  -1  -1  -1 191  -1  -1  -1  -1 132  -1 255  -1  -1  57  -1  -1  -1 
  9  -1  -1  -1  -1  -1 177  -1 280 280  -1 305 212  -1  -1  -1  -1  -1  -1  -1  -1  -1 188  -1  -1  -1 
 10  -1  -1  -1  -1  -1  -1  -1  82 218  -1  -1  -1 257  -1  -1  -1  -1  -1  -1  -1  -1 161  -1 261  -1 
 11  -1 202  -1   0  -1  -1  -1  -1  -1 219  -1  83  -1  -1  -1  -1  -1  -1  -1 215  -1  44  77  -1  -1 
 12  -1 115  -1  -1  -1  -1  -1  -1  -1 129  -1 284  -1 276 125 106 179  -1 116  -1  -1 147   3  -1  -1 
 13 216  39 232 213  -1  -1  -1  -1  -1  -1  -1  58  -1  -1  -1  -1  28  -1  -1  -1  -1 223 233  -1  -1 
 14  -1 165  -1  36  -1  -1  -1 104 104  43  -1  14  -1 100  -1  -1  76  -1  -1  -1  -1  -1 214  -1  -1 
 15  -1 300  -1  -1  -1  -1 124  -1  -1  -1  42  -1 248  -1 171  -1  -1 194  -1  -1  -1  -1  -1  -1  -1 
 16  -1 306 154 170  -1  -1  -1  -1  -1  -1  -1 166 148 148  -1 282  -1  -1 210  -1  -1 205  18  32  -1 
 17  -1  -1  -1  -1  -1  -1  -1  -1 117  -1  -1  -1  -1  56  -1  -1  -1  41  -1  -1  -1  -1  -1  -1  -1 
 18  -1  -1  -1  27  -1  -1  -1  34  -1  -1  66  -1 192 192 286  -1  88  -1 189  -1  -1 301  -1 260  -1 
 19  -1  -1  -1  -1  -1  -1 296 299 292  -1  -1  -1 176 253  -1  -1 208  -1  -1  -1  -1 101  -1 304  -1 
 20  -1 235  -1  -1  -1  -1  -1 152 209  -1  -1 252  -1   1  -1  -1 127  -1 128  -1  -1  -1  -1 293  -1 
 21  -1  -1  47 203  -1  -1  -1 236 236  -1  -1 111  -1  -1  -1  -1  -1  -1  -1  -1  -1  -1  -1  23  -1 
 22  -1 247  -1 264  -1  -1  -1 262  79  -1 198  78  -1 201  -1  -1 108  -1  -1  -1  -1  -1  -1  -1  -1 
 23  -1  -1  -1  80  -1  22  73  -1 160  -1  -1  -1  -1  -1  -1  -1  20  -1  -1  -1  -1  -1  -1  -1  -1 
 24  -1  33  62  -1  -1  -1  -1  -1 146  -1  -1 155  -1  -1  -1  -1  -1 121  -1  -1  -1 126 254  -1  -1 
 25  -1  -1  -1  -1  -1  -1  -1  -1  -1 220  -1 113  -1  -1  -1  -1 123  -1 265  -1  -1  -1  -1  -1  -1 
 26  -1  -1  -1  -1  -1  -1  -1 168  -1  -1  -1  -1 157  -1  -1  -1  -1  -1  -1  -1  -1 267 297  -1  -1 
 27  -1 277  -1  -1  -1  40  59  12  -1  -1  -1 135  -1  -1  -1  -1  -1  -1  -1  -1  67  -1  25 169  -1 
 28  -1 164  -1 234  -1  -1 256  -1  -1  -1 307  -1  -1  -1  -1  -1  -1 240  -1  -1  -1 291  -1  -1  -1 
 29  -1  -1  -1 145 302  -1  -1  -1  -1  81  -1  -1  -1  -1  -1  -1 144 211  -1  -1  16  16  -1  71  -1 
 30  -1  19  19  19  -1  -1   4   4   2   2  -1  30  -1  -1  -1  -1  -1  17  17  -1  -1  24  -1  -1  -1 
 31  -1  -1  -1  -1  -1  -1  -1  -1  -1  -1  -1  -1  -1  -1  -1  -1  -1  31  31  31  -1  -1  -1  -1  -1 
 32  -1  -1  68  -1  -1  46  46  -1  48  48  -1  -1  -1  74  -1  -1  -1  61  61  -1  -1  -1  63  63  63 
 33  -1  -1  -1  -1  -1  -1  -1  -1  -1  -1  -1  -1  -1  -1  -1  -1  -1  75  75  75  -1  -1  -1  -1  -1 
 34  90  90  -1 118  -1  92  92 112  -1  -1  -1  -1  -1  -1  -1  -1  -1 107 107 107  -1  -1 105 105  -1 
 35  -1  -1  -1  -1  -1  -1  -1  -1  -1  -1  -1  -1  -1  -1  -1  -1  -1  -1  -1  -1  -1  -1 119 119 119 
 36 134 134 162  -1  -1  -1 156  -1 136 136  -1  -1  -1  -1  -1  -1  -1 151 151 151  -1  -1 149 149  -1 
 37  -1  -1  -1  -1  -1  -1  -1  -1  -1  -1  -1  -1  -1  -1  -1  -1  -1  -1  -1  -1  -1  -1 163 163 163 
 38 180 180 195 195 195  -1 206 200 178 178  -1  -1  -1  -1  -1  -1  -1  -1  -1  -1  -1  -1 193 193  -1 
 39  -1  -1  -1  -1  -1  -1  -1  -1  -1  -1  -1  -1  -1  -1  -1  -1  -1  -1  -1  -1  -1  -1 207 207 207 
 40 224 224 244  -1  -1  -1  -1 222 222  -1  -1  -1 239 239 239 237 237  -1  -1  -1  -1  -1  -1 250  -1 
 41  -1  -1  -1  -1  -1  -1  -1  -1  -1  -1  -1  -1  -1  -1  -1 251 251 251  -1  -1  -1  -1  -1  -1  -1 
 42 266 266 281 281  -1 268 268  -1  -1  -1  -1  -1  -1  -1  -1  -1 294 288  -1  -1  -1  -1 283 283 283 
 43  -1  -1  -1  -1  -1  -1  -1  -1  -1  -1 295 295 295  -1  -1  -1  -1  -1  -1  -1  -1  -1  -1  -1  -1 
 44  -1  -1 182 142  -1  -1  -1  -1  -1  -1  -1   8  -1 226 314  -1  -1  -1 227  -1  -1 139  -1  -1  -1 
 45  -1  -1  -1  -1  -1  -1  -1  -1  94 271  -1 186  53  49  -1  -1 230  -1  -1  -1  -1  -1  -1  -1 312 
 46  11  -1  -1  -1  -1  -1  -1  54  -1  -1 309  -1 140 137  -1  -1 270 315  -1  -1  -1 187 143  -1  -1 
 47  -1  -1  -1  -1  65  -1  -1 274  -1  -1  -1  -1 269  -1  -1  -1   5  -1   9  -1  -1  -1  -1  -1  -1 
 48  -1  -1  -1  -1  -1  -1 153  -1  -1  -1  -1 229  -1  95  -1  -1  -1  -1  -1  -1  -1  -1  -1  -1  -1 
 49  -1  -1 273  -1 311  -1  -1  -1  -1  -1  -1  -1  -1  -1  -1  -1  -1 285 141  -1 316   6  -1  -1  -1 
 50  55  51  -1  -1 109 138  -1  -1  -1  -1  -1  50  -1  -1  -1  -1  -1  -1  -1  -1  -1  -1  -1  -1  -1 
 51  -1  10 228 231  -1  -1  -1  -1  -1  97  -1  -1  -1 272  21 310  52  -1  -1  -1  -1  -1  -1 313  -1 
 52  -1  -1  -1  -1  -1  -1  -1  93 275  -1  -1  -1  98  -1  -1  -1  -1  -1 183 308  -1  -1 225  -1  -1 
 53  -1  -1  -1  99  -1  -1 185  -1  -1  -1 241  -1   7 181  -1  -1 197  -1  -1  -1  -1  96 184  -1  -1 

r\t   0   1   2   3   4   5   6   7   8   9  10  11  12  13  14  15  16  17  18  19  20  21  22  23  24 
  0  -1  -1  62 124  -1  -1  -1  -1 202  -1  -1 191  -1  -1  -1  -1 196  -1  -1  -1  -1  -1  -1  -1  -1 
  1  -1  78  77  89  -1  -1  -1  -1  -1  -1  -1 211 130 264  -1  -1  -1  -1  -1 257  -1  38 212  -1  -1 
  2  -1 254 293 133  -1  -1  -1  -1  -1  -1  -1  -1  -1  -1  -1  81 267  -1 298  -1  -1  -1  59  -1  -1 
  3  -1  -1  -1  -1  -1  -1 232  -1 242  -1  -1  -1  -1 116  -1  -1  -1  -1  -1  -1  -1  79  -1  -1  -1 
  4  -1  -1  -1 216  -1  -1  72  -1 168  -1  -1  -1  -1  45  -1  -1  -1 125  -1  -1  -1  -1  -1  -1  -1 
  5  -1  -1 194  -1  -1  16  16  -1  -1  -1 236 236 284  20  -1  -1 135  -1  -1  22  -1 144  -1  -1  -1 
  6  -1  -1  -1  -1  -1  -1  -1  -1  -1  -1  -1  -1 192 192  -1  -1  15 304  -1 218  -1  -1 113  -1  -1 
  7  -1 188 233  -1  -1  -1  -1  -1  -1  -1  -1 103 210 176  -1  -1  -1  23  -1  -1 262  -1  -1  -1 106 
  8  -1 297  -1 190  -1  -1  -1  -1  -1  -1  -1  -1  -1 127  66  -1 289  -1  -1  -1  -1  14  -1 158  -1 
  9  -1 209  -1  -1  -1 175 203  -1  -1  -1  -1  58 121  -1  -1  -1  -1  -1 247  -1  -1  41 172  -1  -1 
 10  -1  -1  -1  -1  -1  -1  32  -1  -1  -1  -1  -1 300 217  -1  -1  -1  -1  -1  -1  -1  -1  -1  -1  -1 
 11  -1  -1  47  -1 215  -1  -1 278  18  -1  -1  -1  -1  -1  -1  -1  -1  -1  -1  -1  -1  -1 131  -1  -1 
 12  -1  -1  -1  -1  -1 258  -1  -1 252  -1  -1  -1  -1  -1  -1 214 248  27  -1  -1  -1  -1  -1 249  -1 
 13  -1  -1  -1  -1  -1  -1  -1  -1  -1  -1  -1  -1 171 167  -1 303 286  -1  86 126  -1 279  -1  -1  -1 
 14  -1  42  -1 152  -1  83  -1  -1  76  -1  -1  -1  13  -1  -1  -1  36  -1  -1  -1  -1  -1 306  -1  -1 
 15  -1 160  -1  -1  -1  -1  64  84  -1 170  -1  -1  -1  80  -1  -1  33  -1  -1  -1  -1 102  44  -1  37 
 16  -1   0  -1  -1  -1  -1 292 108 299  -1  -1  -1  -1  -1  -1  -1  -1  -1  -1  -1  -1  57  -1  -1  -1 
 17  -1  12  -1  -1  -1 129  -1  -1  -1  -1  -1 123  -1  -1  -1  -1  -1  -1  -1  -1  -1  -1 240  -1  -1 
 18  -1  -1 101  -1  -1  -1  -1  -1  -1  -1  -1 146  -1  -1  -1  -1  -1  -1  34  -1  -1  28  -1 199  -1 
 19  -1  -1  -1  -1  -1  -1 301 166 223  -1  -1  -1 263  -1  -1  -1 205  -1  -1  -1  -1  -1  -1  -1  -1 
 20  -1  -1  -1  -1  -1  -1  -1 122  -1  -1  -1 255  -1  -1  -1  -1  91  -1  -1  -1  -1 120  -1  -1  -1 
 21  -1  -1  -1  29  -1  -1 276  -1  25  -1  67   3 265 290  -1  -1 161  -1 117  40 177 204  -1  -1  -1 
 22  -1 154 114  -1  -1 219 261  87  -1  -1  -1  -1  -1  -1  -1  -1  56  -1  -1  -1  -1 189  -1 201  -1 
 23  -1  -1  -1  -1  -1 104 104  -1  -1  -1 259  -1 148 148  -1  -1  -1  -1  -1  -1 173  -1  -1  -1  -1 
 24  -1 115 165  -1 260  -1  -1  -1  -1 302 198 157  -1   1  -1  -1  -1 246 147  -1 128  -1  -1 111  -1 
 25  -1 234  -1 291  -1 213  -1  -1  85  -1  -1  -1  -1  -1  -1  -1  -1 110  -1  -1  -1 164  -1  -1 282 
 26  -1  -1 179  -1  -1  -1 307  -1  -1 238  -1  -1  88 132  -1  -1  -1  -1  -1  -1  -1  -1  69 243  -1 
 27  -1  35  -1  -1 155  -1  -1  -1  -1  -1  -1  -1  -1  -1  -1 305  -1 287 100  -1  -1  -1 159  -1  -1 
 28 174  -1  82  71  -1  -1 145 296 277  -1  -1  70  -1 208  -1 150  -1  43  -1 169  -1 256  -1  -1  -1 
 29  60  60 245 235  -1  -1 253 220  39  -1  -1  -1  26  -1  -1  -1  -1  -1 280 280  -1 221  -1  73  -1 
 30  -1  -1  19  19  19   4   4  24  -1  -1  -1  30  -1  -1  -1  -1  -1  -1  -1  -1   2   2  17  17  -1 
 31  -1  -1  -1  -1  -1  -1  -1  -1  -1  -1  -1  -1  -1  -1  -1  -1  -1  -1  -1  -1  -1  -1  31  31  31 
 32  46  46  -1  -1  -1  48  48  63  63  63  -1  -1  68  -1  -1  -1  74  -1  61  61  -1  -1  -1  -1  -1 
 33  -1  -1  -1  -1  -1  -1  -1  -1  -1  -1  -1  -1  -1  -1  -1  -1  -1  75  75  75  -1  -1  -1  -1  -1 
 34 105 105  -1  -1  -1  92  92  -1  -1  -1  -1  -1 107 107 107  -1 118 112  -1  -1  90  90  -1  -1  -1 
 35  -1  -1  -1  -1  -1  -1  -1 119 119 119  -1  -1  -1  -1  -1  -1  -1  -1  -1  -1  -1  -1  -1  -1  -1 
 36  -1  -1 162  -1  -1 136 136 149 149  -1  -1  -1 156  -1  -1  -1  -1  -1  -1  -1 134 134 151 151 151 
 37  -1  -1  -1  -1  -1  -1  -1  -1  -1  -1  -1  -1  -1  -1  -1  -1  -1 163 163 163  -1  -1  -1  -1  -1 
 38 180 180 200 206  -1  -1  -1 195 195 195  -1 178 178  -1  -1  -1  -1 193 193  -1  -1  -1  -1  -1  -1 
 39  -1  -1  -1  -1  -1  -1  -1  -1  -1  -1  -1  -1  -1  -1  -1  -1  -1 207 207 207  -1  -1  -1  -1  -1 
 40 224 224  -1  -1  -1 222 222 250  -1  -1  -1  -1 237 237  -1 239 239 239  -1  -1  -1  -1 244  -1  -1 
 41  -1  -1  -1  -1  -1  -1  -1  -1  -1  -1  -1  -1 251 251 251  -1  -1  -1  -1  -1  -1  -1  -1  -1  -1 
 42 266 266 283 283 283 268 268  -1  -1  -1 281 281  -1  -1  -1  -1  -1 288  -1  -1  -1  -1  -1 294  -1 
 43  -1  -1  -1  -1  -1  -1  -1  -1  -1  -1  -1  -1  -1  -1  -1  -1  -1  -1  -1  -1 295 295 295  -1  -1 
 44  97  -1  94  -1  -1  -1 184  -1  -1  -1  -1  -1  53  -1  -1  -1  -1  -1  98 241  -1  -1  -1  -1  -1 
 45  -1  -1  -1  -1  -1  -1  -1  -1  -1  -1  -1  -1  -1  -1  -1  -1 230 308 182  -1  54  -1  -1  -1  -1 
 46 140  -1  -1 185  -1  -1  -1 271  -1  -1  -1  21  -1  -1  -1 309  -1  -1  10  -1  -1  -1  -1  -1  -1 
 47  -1  -1 139   7  -1  -1  -1 138  -1  -1 310  -1  -1  -1  -1  -1  -1  -1 227  -1  -1 183  -1  -1 316 
 48  -1  -1  -1 228  -1  -1  -1  49 274 312  -1  96  -1  -1  -1  -1  52  -1 275  -1  -1  -1  93  -1  -1 
 49  -1  99  -1  -1  -1 187  -1  -1  -1  -1  -1 143  -1  -1  -1  -1   5  -1 137  -1 229 269  -1  65  -1 
 50  -1  -1 231  -1  -1  -1  -1  -1  -1  -1  -1  -1  -1  -1 314  -1  -1  -1  -1  -1  -1  -1 225  -1  -1 
 51  11  -1 270  51  -1  -1  -1  95 142  -1  -1 273 141  -1  -1  -1 153  -1  -1  -1  -1  -1 181  -1 197 
 52  -1  -1  -1  -1 315  -1  -1   8  -1  -1  -1  55  -1  -1  -1  -1 109  -1  -1  -1  -1  50   6 285  -1 
 53  -1  -1  -1  -1  -1  -1  -1  -1  -1  -1  -1 226   9  -1  -1  -1 186  -1  -1 311  -1  -1 272 313  -1 

