317
8 16
18 11
20 30
16 24
13 30
3 53
23 51
1 46
6 50
15 53
11 50
2 46
6 1
11 27
13 13
22 5
2 29
23 30
0 14
7 30
18 3
12 51
16 20
17 28
1 30
2 6
18 14
12 1
21 15
8 17
17 30
22 31
3 11
13 8
11 11
6 9
13 5
4 17
0 10
4 4
11 16
21 11
23 4
7 8
13 6
15 0
20 32
8 3
2 32
1 44
6 52
12 48
16 46
11 49
9 46
14 44
3 19
6 24
1 4
21 14
12 21
22 32
7 18
17 32
16 23
8 44
4 15
10 12
16 32
2 23
21 22
7 21
18 6
3 16
13 32
22 33
8 18
6 28
11 14
1 1
17 26
14 9
11 5
3 22
5 10
10 17
2 22
5 5
11 0
23 28
8 34
21 28
2 34
13 44
1 50
15 48
16 47
12 49
20 52
14 51
13 28
16 18
12 6
8 26
2 28
17 34
24 13
5 34
23 0
10 52
21 19
22 11
22 34
2 0
13 7
12 22
7 24
21 3
11 34
17 35
3 15
6 2
18 26
8 19
23 29
6 5
19 0
6 19
5 11
14 10
9 15
19 18
6 29
1 2
13 36
8 28
15 36
12 45
11 53
21 48
20 49
3 44
18 48
9 53
11 6
13 26
12 29
21 2
18 5
22 36
0 20
5 36
1 17
2 51
17 21
8 8
17 36
16 19
7 19
8 11
3 5
21 24
2 36
22 37
6 15
2 3
11 19
18 21
13 10
11 10
22 27
18 20
14 28
12 27
21 8
20 19
14 26
3 23
8 38
23 6
15 38
2 52
21 44
1 49
13 46
6 44
11 45
12 46
8 14
6 16
2 5
22 13
12 15
20 38
7 3
17 38
1 15
23 46
10 27
0 6
2 38
16 16
18 1
13 11
1 21
6 7
11 38
20 39
12 10
23 21
8 23
7 17
3 2
12 3
6 4
14 7
9 0
10 25
22 25
12 16
20 12
21 0
13 40
6 18
15 40
9 52
3 52
12 52
2 49
23 53
11 48
8 53
8 29
11 26
16 13
18 2
12 25
2 40
6 23
22 40
17 4
0 47
7 26
1 13
1 40
12 5
23 11
22 24
7 29
8 7
11 40
17 41
2 27
13 23
6 25
3 14
16 11
15 28
8 6
6 21
3 27
8 4
2 7
8 22
16 3
6 0
8 42
2 1
12 42
11 52
3 45
14 47
21 52
1 45
15 52
23 49
8 12
1 5
3 4
22 14
12 9
20 42
2 20
17 42
6 20
7 48
5 7
10 13
11 42
11 21
6 22
17 5
3 20
16 0
23 42
20 43
2 11
18 28
13 16
1 24
7 22
1 3
14 0
0 19
2 17
17 6
10 3
16 27
19 53
22 49
4 49
10 49
5 46
7 49
0 48
17 49
24 50

