317
6 23
10 3
23 30
12 9
0 30
2 49
20 53
5 45
3 53
4 46
11 45
9 44
3 29
0 10
23 4
11 3
1 3
16 30
22 10
6 30
18 14
21 51
13 23
12 28
2 30
3 11
11 2
8 12
16 22
23 0
13 30
17 31
1 7
6 0
22 11
21 25
8 11
5 22
18 13
24 19
4 7
1 5
7 2
11 0
23 27
20 29
0 32
3 27
8 32
10 47
6 46
2 53
11 48
7 51
4 49
24 48
11 22
8 5
23 26
13 26
1 26
5 32
21 26
16 32
12 10
22 50
3 26
19 11
7 32
3 20
1 18
17 9
8 1
11 20
21 32
12 33
18 20
17 3
23 21
7 22
2 19
19 20
13 16
8 20
15 21
9 17
6 17
2 24
3 17
23 1
8 34
5 10
11 34
10 53
20 44
7 53
1 46
4 52
6 52
24 46
12 6
11 17
21 17
3 14
6 16
15 34
18 26
0 34
23 19
14 44
13 17
22 7
22 34
1 8
12 20
11 21
7 8
21 4
13 34
15 35
2 20
6 27
16 28
8 28
23 13
6 10
13 4
9 27
6 22
10 14
6 1
10 0
4 20
1 15
10 36
2 23
6 36
24 50
9 52
3 44
12 51
23 50
8 45
0 45
23 7
7 13
3 19
6 15
11 23
20 36
5 19
16 36
1 22
2 46
13 22
14 1
3 36
7 18
17 0
16 6
13 11
23 5
12 36
20 37
18 2
12 26
8 6
2 15
1 14
18 29
11 26
10 7
5 18
7 7
14 19
9 5
5 5
10 15
23 38
7 9
0 38
3 52
6 50
4 51
8 49
20 49
9 45
2 47
6 6
23 14
3 2
8 15
1 27
20 38
7 29
11 38
17 2
22 52
15 14
16 17
6 38
23 3
11 4
8 0
12 19
16 3
7 38
17 39
2 28
21 5
3 6
3 25
22 21
15 18
16 13
22 13
8 16
23 20
6 20
5 25
9 22
24 10
6 40
4 17
0 40
5 48
12 49
8 52
2 48
20 45
23 44
3 45
3 4
6 28
7 23
8 27
1 4
11 40
21 15
15 40
23 10
18 48
22 15
13 2
21 40
2 12
8 18
6 9
7 21
22 26
18 40
10 41
17 5
16 19
3 22
13 15
23 16
5 11
2 21
0 6
19 1
3 28
5 6
9 24
3 16
12 5
0 42
24 7
6 42
10 51
11 44
4 53
8 46
9 49
2 52
20 50
2 7
7 20
6 5
3 3
10 12
20 42
13 8
15 42
1 1
24 52
5 13
18 18
13 42
23 2
11 27
16 25
8 13
1 6
18 42
21 43
7 17
17 12
3 10
6 14
2 17
1 9
1 28
17 29
3 15
3 0
5 15
21 16
17 49
21 47
14 45
22 46
19 49
16 49
18 52
13 50
15 50

