317
2 20
10 3
12 30
21 17
16 30
7 47
11 44
8 52
6 47
5 53
20 45
9 48
16 18
7 0
8 17
17 25
12 0
22 30
14 14
0 30
6 26
21 50
18 9
3 20
6 30
8 26
12 27
1 16
21 19
17 7
11 30
22 31
7 21
2 14
16 15
18 29
1 18
8 29
15 14
3 2
15 3
9 26
22 25
18 3
20 5
13 14
8 32
23 5
10 32
16 53
12 51
6 49
1 50
21 52
7 48
5 47
12 9
6 14
8 2
7 15
0 0
18 32
22 10
2 32
11 1
23 48
14 15
15 9
21 32
11 3
13 10
1 7
2 28
22 5
6 32
17 33
16 7
23 18
7 25
21 9
3 14
17 21
15 13
24 9
1 8
19 9
24 26
21 2
1 22
23 4
8 34
6 5
10 34
20 49
13 51
21 49
16 51
5 48
12 48
7 45
7 14
16 9
21 27
8 7
12 24
17 34
24 10
2 34
1 5
0 50
6 24
22 20
22 34
2 23
6 16
8 24
13 15
21 25
7 34
17 35
1 2
11 23
16 21
12 17
23 28
0 24
19 7
3 27
6 18
16 12
2 13
21 12
16 16
21 5
5 36
1 20
10 36
12 52
13 47
7 52
23 51
2 48
17 45
20 46
11 0
2 12
23 7
6 12
12 13
7 36
3 16
15 36
21 14
1 52
22 9
18 23
3 36
1 26
18 25
17 11
11 25
6 20
12 36
7 37
16 11
12 20
23 26
2 17
21 18
11 7
13 23
7 26
16 4
17 15
9 1
13 19
11 14
10 28
8 38
1 9
20 38
6 51
12 44
23 45
17 52
5 50
2 49
16 52
21 24
2 21
23 14
8 9
5 22
12 38
22 19
17 38
11 21
1 45
7 11
3 7
22 38
2 27
16 24
8 4
17 12
11 29
7 38
12 39
6 27
1 3
21 1
23 2
3 10
18 8
24 28
5 2
4 12
21 7
21 3
19 14
16 2
21 29
8 40
17 23
10 40
6 44
1 49
7 44
23 52
20 47
2 50
12 47
1 10
11 20
2 16
12 16
15 17
5 40
17 13
22 40
8 14
18 50
3 18
13 5
17 40
2 29
22 18
23 20
18 27
12 23
16 40
5 41
11 4
1 25
3 0
8 11
13 8
4 9
2 11
11 17
13 11
19 13
23 8
13 16
8 1
12 11
5 42
17 5
10 42
20 48
2 51
9 51
16 45
21 45
13 48
1 44
11 9
8 3
6 25
2 8
15 19
3 42
7 18
22 42
12 6
14 45
17 14
18 18
16 42
16 28
13 12
23 27
8 12
21 22
1 42
2 43
6 15
22 3
17 18
7 2
12 14
9 9
19 25
20 15
23 12
16 20
10 6
18 15
18 53
0 53
4 45
3 44
19 48
22 52
24 51
14 52
15 49

