1 39668 359.952000 19282 1489 957 436 9000 5000 2400
2 7866 355.172000 17372 1372 660 440 8000 4500 2400
3 6664 351.813000 10617 1555 936 426 1000 5500 1200
4 6492 361.562000 11772 1633 884 455 2000 5000 1800
5 7626 348.781000 16720 1512 669 439 7000 5500 1600
6 11939 362.095000 12569 1577 768 424 3000 5000 1800
7 13893 348.999000 11427 1481 922 424 2000 4500 2100
8 12254 388.937000 7002 1644 833 425 3000 0 1100
9 9527 357.892000 17646 1648 752 446 7000 6500 1300
10 35306 330.781000 13202 1598 766 438 5000 4000 1400
