317
1 9
24 23
22 30
18 16
11 30
13 45
2 52
0 51
19 52
5 44
6 53
8 50
1 16
12 22
13 28
11 2
22 8
7 30
21 20
2 30
6 23
18 48
17 0
16 18
13 30
12 10
3 7
23 22
6 20
16 8
1 30
7 31
11 12
22 5
17 12
18 15
22 9
15 19
11 10
19 28
12 5
10 18
14 29
18 22
22 1
3 23
23 32
2 24
5 32
11 45
18 46
13 46
1 48
8 46
19 44
12 46
22 4
6 6
23 6
11 20
12 20
17 32
21 5
7 32
16 22
2 47
4 2
0 20
2 32
21 17
1 5
7 29
6 12
22 6
13 32
15 33
18 27
8 25
12 23
23 21
3 11
23 0
20 20
6 16
22 2
16 1
18 26
20 25
2 9
11 1
23 34
18 14
5 34
22 49
1 46
13 48
12 45
0 52
19 47
3 46
13 0
12 19
22 3
23 11
5 0
2 34
4 3
15 34
11 28
18 49
14 24
21 24
1 34
16 11
11 15
3 6
13 24
17 3
21 34
7 35
18 11
12 21
8 6
23 28
2 22
6 29
1 21
16 29
2 25
19 0
2 27
9 10
11 27
19 12
0 36
18 25
5 36
3 52
8 53
23 50
7 48
22 50
13 51
12 44
13 8
12 4
11 19
23 24
5 17
7 36
18 21
2 36
22 13
16 49
21 18
17 10
18 36
16 9
2 23
3 13
13 9
21 29
12 36
22 37
1 25
11 14
8 10
17 9
7 1
4 29
8 26
4 10
5 21
7 25
4 24
19 27
24 15
1 24
18 38
13 15
5 38
2 44
11 47
8 49
23 49
0 53
3 50
22 52
11 8
6 7
18 13
16 0
8 28
2 38
13 6
20 38
17 22
4 45
7 8
12 12
13 38
22 15
2 16
12 29
8 13
21 16
23 38
15 39
6 9
18 12
7 21
11 4
3 17
13 11
11 11
23 18
7 28
7 26
10 17
11 5
0 16
24 29
5 40
11 9
7 40
2 50
13 49
1 47
19 53
3 53
18 45
23 52
1 7
18 29
8 12
6 15
2 1
20 40
16 16
12 40
22 29
11 44
9 17
17 27
3 40
17 6
12 18
11 7
13 3
1 11
18 40
20 41
8 2
16 14
2 21
7 11
23 7
18 17
16 20
7 20
0 27
14 17
10 20
19 10
7 3
0 10
5 42
2 28
12 42
22 45
11 48
1 45
18 44
23 53
19 51
3 44
18 1
1 17
3 29
11 16
12 2
23 42
17 1
7 42
22 28
16 47
2 4
21 7
18 42
22 7
7 17
1 23
21 14
13 19
11 42
22 43
16 25
2 29
12 28
17 2
8 5
13 29
15 23
5 1
13 7
18 7
1 0
5 10
17 45
16 45
14 44
4 53
10 51
21 50
20 44
9 51
15 51

