317
17 27
4 19
5 30
1 15
12 30
22 51
21 50
16 48
11 53
0 50
3 49
18 53
18 20
11 27
13 7
3 9
20 13
8 30
23 8
15 30
6 6
10 44
1 28
2 16
11 30
13 20
1 24
18 27
21 5
6 5
2 30
7 31
12 10
16 19
23 16
22 3
16 3
11 6
5 6
22 19
13 14
15 3
16 2
23 6
22 18
2 24
0 32
18 18
3 32
21 46
6 49
16 45
11 46
12 49
5 53
17 45
16 10
11 14
17 20
1 16
3 3
7 32
18 22
12 32
6 12
23 49
20 6
24 21
22 32
18 2
23 27
1 1
12 11
16 13
6 32
7 33
11 24
1 18
3 10
17 6
21 20
12 25
7 17
6 25
23 2
18 10
10 25
14 26
21 6
4 0
17 34
2 19
0 34
16 51
6 48
12 47
11 44
9 44
3 51
5 44
6 20
11 11
3 18
1 23
17 9
12 34
20 2
22 34
21 2
2 49
8 22
7 8
7 34
23 28
3 22
1 8
18 29
6 26
2 34
12 35
21 24
16 26
12 18
17 14
8 18
5 16
5 18
5 20
21 10
17 21
10 10
19 2
0 18
5 22
17 36
13 26
21 36
16 47
4 50
11 50
12 44
3 47
6 50
9 45
17 24
18 1
6 15
12 7
20 0
15 36
23 3
1 36
11 28
13 53
7 20
8 19
6 36
18 28
1 13
2 9
8 11
13 18
23 36
10 37
21 3
21 1
16 15
17 15
7 12
1 14
24 15
21 25
0 26
20 27
22 12
6 14
18 19
12 26
3 38
6 11
1 38
22 44
21 47
5 52
17 52
13 44
16 46
11 51
3 16
13 12
2 10
11 13
22 23
17 38
0 23
7 38
16 12
14 52
24 1
6 19
23 38
21 23
3 24
7 7
11 3
18 0
6 38
15 39
8 7
22 17
1 0
1 25
13 5
4 28
24 5
18 17
21 21
18 16
2 14
23 1
9 24
5 8
3 40
16 23
0 40
2 52
12 51
6 53
22 46
21 45
17 51
11 52
6 9
17 5
2 23
1 7
20 12
22 40
16 25
12 40
3 2
8 44
7 15
18 21
17 40
12 9
1 17
3 17
2 11
18 5
11 40
22 41
8 1
13 6
16 17
7 4
21 15
14 10
15 7
16 28
11 21
18 15
9 19
17 3
16 14
13 17
17 42
6 4
11 42
0 48
22 53
5 48
1 49
3 48
9 46
21 52
6 27
11 12
12 21
21 22
17 12
23 42
7 28
2 42
13 28
8 45
19 19
15 12
7 42
7 9
11 18
3 23
18 11
1 29
16 42
22 43
17 16
2 2
8 20
21 27
12 29
17 2
15 16
20 23
3 15
15 2
23 24
14 2
8 49
23 48
20 50
19 51
14 50
10 51
15 51
7 46
24 50

