317
2 22
24 24
22 30
16 0
10 30
12 53
7 44
1 45
5 46
13 46
6 48
21 51
1 6
21 26
23 16
17 0
12 17
5 30
14 15
2 30
22 2
8 45
15 25
16 9
13 30
12 15
22 25
8 25
16 19
2 16
21 30
17 31
11 15
6 16
7 1
1 2
8 6
1 5
17 24
0 18
0 2
14 10
6 8
10 0
21 2
6 15
2 32
1 19
11 32
24 53
16 47
13 48
23 46
18 46
10 44
5 49
23 27
13 22
12 11
11 21
2 28
17 32
22 26
7 32
6 23
19 46
1 20
20 22
21 32
7 14
8 4
1 23
22 11
18 29
13 32
15 33
2 8
1 1
11 17
23 14
6 7
15 17
13 21
12 10
21 18
22 12
14 19
0 21
7 17
3 5
10 34
6 21
22 34
16 49
2 48
1 48
18 47
24 48
21 48
5 50
11 14
2 6
7 6
16 10
22 15
0 34
6 17
12 34
18 12
19 47
20 28
8 11
8 34
13 29
2 26
1 7
21 8
6 27
7 34
15 35
11 10
22 13
17 29
23 25
3 21
8 16
9 5
7 4
10 19
22 28
14 26
8 7
3 26
21 23
5 36
13 2
10 36
23 44
12 49
22 46
2 47
18 48
1 46
24 45
18 25
12 18
22 0
1 17
2 4
15 36
14 4
7 36
21 7
19 53
13 16
20 12
12 36
13 13
7 16
6 6
3 25
18 6
1 36
15 37
8 23
1 18
23 0
11 7
22 19
14 25
14 14
8 5
2 12
7 26
21 20
24 28
22 7
24 16
10 38
16 3
2 38
1 49
7 48
6 53
21 47
5 44
23 45
18 53
11 11
1 8
7 12
21 25
2 3
22 38
16 23
12 38
6 24
20 46
15 4
8 12
1 38
13 8
22 6
3 7
11 9
16 29
21 38
17 39
6 18
2 29
8 24
8 29
12 21
14 11
6 2
14 12
10 10
12 29
22 5
0 8
12 7
21 17
10 40
22 9
5 40
23 51
2 53
13 52
7 45
24 49
3 46
16 48
7 28
3 1
6 28
1 26
10 20
12 40
20 1
17 40
23 4
4 45
8 2
22 20
23 40
6 19
13 0
22 10
8 0
11 8
16 40
0 41
18 3
7 25
12 1
3 11
17 17
3 19
7 22
2 13
8 21
9 3
15 2
9 14
6 12
13 19
23 42
16 5
10 42
18 44
2 52
5 45
3 47
22 45
21 49
7 53
11 18
2 9
3 16
21 15
22 23
17 42
16 25
7 42
13 10
12 44
14 16
1 13
3 42
1 28
13 15
6 22
22 24
8 17
16 42
17 43
21 11
7 0
2 17
23 21
11 25
24 14
23 17
16 15
21 22
1 10
23 11
8 15
8 51
0 44
4 44
9 52
14 53
17 48
19 52
20 52
15 45

