317
23 6
14 11
18 30
8 28
2 30
21 47
17 49
12 53
11 52
1 44
7 44
16 45
23 22
3 6
2 8
11 20
18 28
5 30
15 29
20 30
1 13
8 52
10 21
13 13
11 30
22 17
12 23
18 9
8 23
2 4
23 30
5 31
21 16
16 1
17 4
1 4
18 0
22 26
19 7
20 19
16 10
16 29
11 8
21 9
12 1
2 25
13 32
23 13
17 32
1 52
19 53
7 45
21 49
3 44
20 52
8 44
3 5
13 10
21 5
1 16
17 18
8 32
22 0
10 32
2 1
23 46
16 15
6 7
22 32
23 2
2 12
11 9
13 19
18 27
6 32
7 33
3 3
16 8
17 17
21 28
12 25
16 7
16 18
9 24
11 10
16 2
12 24
4 10
8 18
7 1
20 34
16 9
18 34
1 53
11 51
13 48
2 44
12 45
17 44
14 48
17 14
1 12
8 1
21 27
12 26
3 34
15 26
22 34
11 2
5 47
6 26
16 4
6 34
21 8
11 0
13 9
17 3
8 4
12 34
2 35
23 29
18 12
2 20
16 12
7 20
18 23
3 0
19 23
17 13
2 29
2 10
9 27
1 26
21 18
13 36
17 5
18 36
11 48
2 52
12 50
16 49
7 49
20 45
3 49
11 25
2 14
1 22
18 6
12 14
22 36
15 16
7 36
21 11
4 46
17 24
6 3
3 36
1 3
7 29
6 0
13 17
18 11
11 36
22 37
8 12
12 11
16 23
2 16
21 13
11 28
0 19
10 11
16 22
15 18
21 3
14 1
2 13
17 25
18 38
3 13
13 38
12 44
7 46
8 46
1 46
20 46
16 51
21 52
12 13
2 19
18 2
16 28
0 20
7 38
11 15
22 38
17 7
6 51
10 22
3 11
1 38
22 20
17 22
16 16
23 19
6 28
3 38
7 39
12 7
2 23
13 5
11 19
21 15
13 29
5 19
5 7
13 7
14 23
24 19
15 19
16 13
20 29
18 40
11 3
7 40
23 48
13 49
17 51
2 50
12 49
1 47
21 50
18 20
23 18
8 7
21 4
0 15
3 40
5 10
12 40
17 6
11 44
6 19
22 22
6 40
12 10
18 10
17 2
16 11
8 9
11 40
2 41
21 14
13 27
7 10
23 21
1 0
19 26
8 20
3 1
8 16
3 12
19 29
1 23
2 28
20 14
13 42
8 2
18 42
21 46
7 47
16 47
3 48
12 48
17 45
1 48
7 21
2 15
13 0
12 17
17 1
0 42
15 1
22 42
11 24
6 44
8 25
9 25
7 42
12 3
16 24
23 23
1 11
2 17
6 42
10 43
8 17
21 20
13 4
3 4
17 12
14 8
13 20
17 20
1 18
5 12
13 1
6 14
6 53
10 53
5 51
9 49
24 51
22 44
4 52
15 53
0 45

