317
23 3
18 21
13 30
8 29
1 30
3 47
11 46
24 53
19 45
9 50
16 52
12 47
16 24
3 15
1 1
2 27
12 16
22 30
10 18
5 30
21 13
17 47
15 21
8 3
17 30
6 15
16 7
2 0
23 2
13 25
8 30
20 31
7 23
1 6
3 5
11 1
2 23
2 24
3 23
9 22
9 26
13 1
23 5
24 17
18 2
24 22
13 32
1 13
8 32
2 53
23 49
3 46
22 48
16 49
12 53
11 52
3 7
16 2
2 29
11 6
12 6
22 32
1 3
17 32
21 8
6 50
7 19
5 23
16 32
13 5
23 21
7 25
18 5
12 0
3 32
20 33
8 1
7 5
2 21
11 12
17 11
16 5
3 14
7 26
9 7
15 9
9 3
7 28
3 8
14 27
1 34
11 18
18 34
16 47
12 45
21 51
23 51
24 52
9 48
13 49
1 22
2 3
13 15
21 21
17 20
22 34
5 24
6 34
3 29
10 45
15 10
11 19
12 34
6 8
18 18
17 5
1 24
13 0
16 34
20 35
8 0
3 19
21 14
2 25
11 15
6 4
0 24
15 1
19 28
1 27
2 11
7 24
18 26
1 15
12 36
3 26
23 36
2 51
11 49
21 53
22 46
16 48
8 47
14 49
23 27
21 10
22 15
7 14
12 4
10 36
5 5
17 36
1 9
6 47
3 4
4 4
3 36
11 25
16 13
17 10
2 20
6 9
21 36
7 37
22 7
21 28
13 27
12 3
1 12
16 25
7 16
24 16
14 29
19 14
22 9
3 24
22 24
24 26
8 38
16 23
18 38
13 48
1 51
12 51
11 45
21 49
23 44
3 50
8 27
18 19
21 26
1 4
22 23
3 38
7 8
12 38
2 5
17 49
6 17
16 28
16 38
8 19
22 21
12 23
23 26
1 20
11 38
2 39
13 14
7 27
18 13
18 10
6 11
7 7
18 16
7 0
19 13
0 8
24 29
8 8
14 20
21 3
23 40
16 19
8 40
22 45
1 46
11 50
12 50
13 45
3 45
18 49
1 8
11 7
8 14
22 16
12 13
18 40
6 0
2 40
21 9
20 47
7 10
16 16
16 40
6 10
21 4
23 24
11 10
1 17
7 40
17 41
3 1
13 24
12 5
8 22
2 4
5 14
13 7
10 0
2 6
1 18
9 10
10 23
16 4
12 27
2 42
13 28
23 42
8 45
21 50
14 45
1 50
18 50
9 46
11 51
8 15
2 7
3 9
22 11
10 2
20 42
0 9
17 42
12 21
6 48
7 17
13 23
8 42
22 14
12 20
17 28
1 14
16 27
13 42
20 43
2 13
18 12
23 20
3 6
7 3
7 20
23 19
0 25
18 14
7 18
7 15
22 12
6 53
20 48
10 53
0 47
4 51
17 50
15 51
7 49
5 51

