317
7 18
13 15
15 30
18 2
2 30
23 44
6 51
21 53
12 47
4 44
11 50
19 48
6 16
16 28
12 26
2 25
23 7
10 30
17 10
7 30
21 11
18 46
0 10
1 19
12 30
18 1
11 12
7 3
23 11
2 2
17 30
20 31
16 1
6 2
1 11
3 9
6 6
24 8
3 27
6 24
4 23
6 10
19 7
13 2
6 23
19 10
2 32
23 28
15 32
21 51
8 50
1 45
13 48
11 46
7 50
4 48
3 0
6 19
1 26
2 16
15 13
12 32
22 29
7 32
11 28
23 45
17 15
18 20
21 32
23 5
3 24
8 0
6 9
13 19
17 32
10 33
2 5
8 21
18 9
21 18
1 10
23 19
4 8
5 6
0 11
14 8
2 18
12 27
6 4
18 23
3 34
1 24
12 34
11 47
16 51
8 49
21 46
15 51
23 46
2 51
11 19
13 7
16 6
6 11
2 26
22 34
20 9
7 34
12 14
19 44
1 0
17 5
16 34
7 13
1 21
3 23
13 5
17 28
2 34
22 35
6 25
11 25
21 29
12 0
18 15
5 9
23 2
8 23
7 7
10 22
1 5
10 18
21 26
6 29
3 36
11 29
15 36
12 49
19 47
1 51
18 48
7 51
23 48
2 47
21 6
16 18
18 24
1 20
2 28
22 36
17 27
7 36
12 6
20 47
11 15
13 10
11 36
2 23
7 10
8 17
13 26
21 28
18 36
22 37
16 16
18 3
1 28
3 22
12 22
16 27
10 7
11 24
3 15
1 12
8 12
4 18
8 25
15 28
3 38
6 21
12 38
11 53
18 47
16 44
21 44
1 48
2 49
7 47
1 4
7 21
2 8
11 1
12 8
17 38
0 5
22 38
16 21
5 49
10 24
6 20
7 38
2 22
21 10
6 12
23 1
16 17
8 38
17 39
13 14
3 10
12 17
12 12
1 15
7 0
1 16
24 1
22 19
1 22
2 27
22 10
23 20
21 13
3 40
8 27
18 40
1 50
6 48
2 44
12 44
13 47
11 51
16 50
18 4
3 19
23 23
6 15
12 21
0 40
10 9
15 40
21 25
9 48
22 21
8 11
11 40
16 26
2 13
12 25
17 9
3 25
13 40
5 41
23 12
18 12
1 25
22 8
8 13
6 5
7 1
9 11
1 9
12 23
1 13
9 5
12 15
15 24
7 42
16 19
3 42
18 45
11 48
1 53
6 45
23 47
2 45
19 50
18 7
7 6
6 26
8 6
2 17
22 42
24 5
12 42
1 14
17 46
16 10
0 4
1 42
21 5
2 20
13 11
8 14
16 24
11 42
20 43
6 1
12 11
23 16
7 9
18 0
14 13
21 3
13 13
9 25
5 2
7 11
14 16
22 53
20 53
24 49
10 47
0 53
5 44
14 52
17 50
9 44

