317
7 9
16 18
13 30
21 4
18 30
3 51
2 44
1 53
17 44
15 46
22 51
6 52
1 4
7 11
6 16
13 10
17 18
22 30
8 16
2 30
16 26
21 44
12 7
11 17
8 30
2 7
3 5
18 10
21 18
13 29
1 30
22 31
6 20
17 19
7 7
12 23
16 12
22 26
6 22
4 0
10 26
13 0
0 15
18 0
17 13
6 4
15 32
1 10
2 32
4 49
14 44
13 51
21 49
7 45
18 52
19 49
16 20
21 10
17 10
18 24
7 26
12 32
1 11
22 32
11 16
0 48
9 21
20 22
1 32
22 24
16 23
8 6
3 18
13 22
21 32
10 33
18 16
8 1
7 18
2 19
17 9
11 6
17 4
19 17
0 10
11 19
1 9
2 29
21 7
3 9
17 34
6 7
15 34
7 50
1 50
14 48
13 48
4 51
23 53
2 52
13 24
1 27
2 12
21 11
17 23
7 34
11 8
22 34
3 15
6 49
19 16
12 8
1 34
21 27
11 3
12 27
16 5
2 26
13 34
7 35
23 2
18 22
8 23
17 21
3 8
7 13
13 11
13 15
11 10
16 19
14 26
11 27
7 6
23 9
18 36
22 7
13 36
21 45
15 52
16 49
6 47
1 46
3 44
17 52
1 18
13 26
16 28
2 5
17 14
3 36
11 4
7 36
21 19
12 44
22 1
20 3
12 36
11 28
6 0
7 2
21 24
1 0
22 36
2 37
8 29
22 18
17 27
13 17
16 29
0 23
14 11
2 10
17 6
6 24
2 14
2 11
17 8
15 1
3 38
22 15
1 38
7 53
18 49
6 45
14 45
21 47
23 44
16 53
1 28
2 6
21 17
8 13
5 10
17 38
22 29
11 38
16 13
19 48
0 14
24 16
16 38
13 4
1 13
17 15
21 28
6 19
23 38
7 39
22 11
12 13
2 21
3 19
11 9
7 28
22 9
9 3
2 2
22 0
6 23
4 21
1 22
2 3
3 40
13 19
22 40
14 51
6 46
17 48
15 44
21 53
18 44
16 45
6 2
18 6
16 15
1 3
22 5
10 40
19 3
7 40
3 12
0 47
20 26
13 2
16 40
21 8
8 18
6 25
7 29
3 28
17 40
10 41
18 4
23 8
22 2
13 20
2 16
20 21
19 22
16 10
23 14
18 20
12 10
24 29
17 20
2 18
15 42
21 22
13 42
1 44
23 50
4 48
6 51
7 51
3 46
22 50
6 9
23 19
22 4
3 14
12 14
0 42
21 9
17 42
7 0
5 47
11 26
10 14
22 42
22 10
1 21
18 7
13 23
16 8
6 42
7 43
11 1
17 24
23 12
12 9
3 26
21 15
11 29
14 7
14 9
20 10
8 25
20 11
12 48
20 52
0 44
24 47
10 46
8 47
5 53
11 47
9 47

