317
13 27
18 25
0 30
2 21
5 30
8 51
23 48
22 52
19 53
7 50
16 49
21 44
6 16
21 5
1 23
23 12
7 12
15 30
3 9
12 30
22 23
2 53
17 4
11 28
17 30
16 21
18 21
13 3
21 23
7 4
3 30
22 31
2 13
12 13
1 29
8 17
12 6
10 9
6 1
24 11
5 6
6 28
23 8
21 20
18 4
13 5
23 32
21 14
0 32
22 49
7 53
6 50
8 45
16 53
2 44
3 47
22 4
16 11
23 27
1 16
2 5
5 32
21 1
17 32
8 1
12 51
11 18
14 29
12 32
1 9
11 10
21 27
17 0
3 20
8 32
5 33
18 10
21 12
23 16
2 22
13 26
0 11
0 13
6 29
0 5
1 5
23 15
4 3
21 8
16 18
0 34
3 1
5 34
19 47
7 46
18 49
23 50
8 44
13 50
2 50
1 2
2 1
7 8
6 7
17 27
12 34
20 20
22 34
21 3
9 46
3 26
11 5
17 34
21 6
6 17
8 28
3 3
18 12
7 34
12 35
22 0
2 6
11 7
1 18
16 9
3 8
5 26
24 23
1 7
6 23
9 0
18 15
1 21
6 21
18 36
7 14
23 36
8 48
5 48
2 51
22 47
13 53
21 51
0 47
8 13
1 6
2 24
12 22
22 3
20 36
3 29
15 36
13 11
11 53
7 28
9 6
1 36
3 27
18 17
17 5
8 19
11 25
7 36
12 37
16 19
7 26
22 2
2 3
23 29
23 0
4 8
2 10
22 20
13 9
7 21
23 19
0 15
19 27
22 38
3 16
5 38
21 48
13 47
18 52
1 50
24 51
2 48
16 45
13 7
2 19
21 16
16 20
22 13
17 38
3 4
7 38
12 1
15 47
14 15
4 21
1 38
23 28
17 3
18 0
6 5
22 17
21 38
10 39
8 15
13 22
2 9
2 8
7 10
24 12
4 5
23 11
4 17
23 10
22 1
12 18
19 29
21 7
5 40
8 9
22 40
7 48
1 47
16 44
24 47
0 52
13 48
18 45
18 18
6 15
16 29
22 5
10 16
12 40
9 21
2 40
21 10
20 50
17 7
8 14
16 40
3 10
21 13
22 15
23 14
18 9
1 40
12 41
8 22
2 4
17 25
7 18
11 11
9 22
7 3
2 0
15 7
12 16
1 22
16 13
18 7
0 25
2 42
13 14
23 42
5 45
8 52
22 50
6 47
1 44
21 49
19 52
6 19
22 19
23 21
8 18
2 14
20 42
13 10
15 42
7 19
11 48
12 24
4 4
22 42
23 5
16 16
11 23
1 10
12 4
6 42
7 43
2 18
13 28
21 17
3 23
17 23
15 21
13 18
5 10
24 26
18 13
22 14
21 4
12 53
14 44
4 45
11 52
20 53
17 49
15 46
9 48
10 51

