1 4390 437.972000 15441 1540 662 439 5000 5500 2300
2 13301 429.924000 13473 1439 892 442 3000 6000 1700
3 9581 436.740000 16384 1587 653 444 5000 7000 1700
4 33690 449.392000 13213 1660 830 423 3000 5500 1800
5 64674 473.354000 15721 1754 628 439 5000 6500 1400
6 1959 443.105000 8664 1484 747 433 1000 3500 1500
7 4871 436.756000 16646 1541 645 460 6000 6000 2000
8 7039 429.689000 13538 1412 1094 432 4000 5000 1600
9 6498 446.148000 9457 1467 956 434 3000 2500 1100
10 20355 431.140000 15702 1564 894 444 4000 7000 1800
