317
8 1
24 29
20 30
1 9
18 30
11 51
7 51
3 53
16 51
6 50
13 49
2 53
6 2
3 17
2 10
21 0
18 7
12 30
17 3
7 30
11 1
1 46
22 9
23 13
17 30
16 17
21 21
8 7
2 26
11 22
22 30
12 31
18 3
7 18
1 21
3 0
6 16
16 0
2 19
8 25
9 27
8 15
1 1
1 29
18 0
2 11
20 32
3 20
6 32
1 52
8 53
12 53
11 53
16 49
24 45
23 47
7 15
16 29
6 22
21 28
22 10
12 32
3 25
17 32
11 29
0 51
9 15
4 21
8 32
22 17
21 14
17 21
6 20
11 26
3 32
12 33
16 7
17 19
1 20
8 0
23 4
6 11
14 28
23 21
16 6
23 19
22 28
6 6
6 14
3 26
18 34
23 27
12 34
8 48
21 51
1 44
2 52
20 53
11 50
24 47
21 18
18 12
1 28
2 3
12 26
15 34
5 22
7 34
6 17
4 50
23 2
22 2
11 34
8 23
3 24
1 27
23 18
12 10
2 34
15 35
7 10
21 3
18 2
22 18
13 21
14 11
15 2
19 23
21 11
13 28
15 23
1 7
13 0
16 11
11 36
18 4
6 36
21 49
20 47
23 49
8 47
1 51
3 48
19 51
21 12
6 19
8 5
11 12
12 1
2 36
9 5
22 36
16 16
0 48
18 8
17 27
18 36
12 2
16 26
22 14
6 29
21 1
8 36
1 37
23 6
7 21
13 22
11 17
17 20
3 12
0 5
11 4
20 29
10 12
17 28
24 15
2 5
19 4
23 38
3 23
12 38
7 45
18 53
8 46
6 48
11 52
1 50
16 50
7 17
2 0
18 13
17 11
12 5
8 38
3 27
20 38
16 8
5 45
10 16
0 21
6 38
21 29
23 24
13 14
7 0
1 11
11 38
15 39
12 24
8 2
3 10
3 29
22 13
3 18
1 24
21 8
8 4
8 17
3 13
9 26
2 12
20 26
11 40
1 13
23 40
19 46
7 48
16 48
6 46
3 49
13 53
18 45
12 14
18 15
23 25
16 12
13 3
8 40
17 29
2 40
7 28
1 45
21 22
22 23
21 40
18 9
3 9
22 15
23 28
2 14
13 40
6 41
11 18
16 25
17 14
12 7
1 26
10 4
19 11
12 12
12 29
3 8
21 16
6 0
21 2
12 16
18 42
11 11
2 42
23 45
7 44
24 48
8 52
1 47
20 49
13 44
8 6
21 23
23 3
7 11
2 4
13 42
0 1
15 42
6 1
4 46
22 11
11 16
21 42
7 8
13 20
18 21
3 11
16 28
11 42
5 43
22 22
17 13
8 9
23 20
2 8
22 0
1 16
21 25
0 11
18 6
8 26
6 3
14 45
4 44
0 46
10 51
15 47
17 51
9 44
22 48
5 53

