317
6 16
24 14
15 30
11 10
3 30
8 45
17 46
13 47
1 53
5 46
23 47
10 47
16 18
1 16
3 23
8 16
13 10
22 30
11 8
17 30
6 0
2 44
7 10
12 3
6 30
7 2
13 6
17 3
23 10
3 3
11 30
20 31
8 0
18 18
12 20
2 6
16 12
0 24
3 0
8 8
18 16
7 13
15 9
3 10
3 27
8 3
22 32
1 23
5 32
15 49
10 44
11 53
16 49
17 45
24 47
4 48
3 17
16 26
11 18
6 3
22 15
13 32
2 3
17 32
8 19
7 48
21 28
1 2
1 32
6 13
8 25
18 4
2 15
11 25
21 32
12 33
16 0
17 11
22 6
3 25
7 29
18 17
2 28
15 15
2 9
1 0
18 27
20 17
6 26
4 8
10 34
3 1
15 34
8 48
18 48
23 52
22 50
5 51
1 50
17 51
1 9
11 11
6 2
8 10
17 26
12 34
21 6
22 34
16 8
7 52
3 26
2 26
18 34
22 11
1 3
3 15
7 8
16 10
2 34
12 35
21 9
8 5
12 23
6 27
17 18
8 12
8 28
6 17
5 2
20 6
2 7
20 24
5 15
1 10
3 36
16 16
23 36
17 50
15 44
13 49
22 45
6 53
11 47
18 53
13 19
22 2
3 21
12 4
17 25
10 36
20 10
7 36
1 24
2 45
16 23
21 3
16 36
17 6
7 0
8 21
21 0
13 8
22 36
10 37
6 1
23 8
2 10
18 10
3 14
6 5
17 23
19 0
20 29
7 27
8 26
6 7
15 23
10 17
23 38
1 14
5 38
22 46
13 52
18 45
16 46
4 50
3 49
11 48
16 24
6 6
13 22
1 11
3 28
17 38
8 22
20 38
11 4
7 46
2 4
12 22
13 38
2 2
8 15
7 3
1 21
16 15
11 38
17 39
22 8
12 12
23 17
23 23
3 19
1 4
7 4
1 15
21 13
24 6
15 11
19 6
1 27
5 28
3 40
17 19
15 40
18 49
23 45
11 46
22 53
10 45
6 51
13 50
18 7
11 27
3 24
13 23
20 19
22 40
0 5
7 40
16 27
12 50
2 5
17 0
13 40
17 7
3 8
11 6
12 28
6 11
18 40
22 41
8 9
16 9
1 19
21 8
7 28
14 23
15 8
20 21
11 13
13 17
16 29
11 7
1 20
13 25
5 42
8 18
23 42
17 52
11 44
15 53
3 50
22 44
18 44
16 47
6 9
18 29
17 14
16 1
22 7
10 42
7 9
2 42
13 0
8 46
20 1
21 15
22 42
21 21
17 27
3 4
6 4
1 5
18 42
10 43
8 29
2 13
23 29
7 11
13 26
19 22
20 14
18 23
24 28
3 11
10 16
4 27
21 52
2 52
9 52
7 50
14 51
12 45
20 50
19 44
0 52

