317
18 6
8 6
23 30
2 16
5 30
1 45
11 50
13 44
10 53
7 52
16 50
22 52
18 0
7 12
6 19
1 10
22 9
12 30
21 6
15 30
11 8
9 53
3 13
2 15
2 30
1 9
23 0
17 22
11 0
7 10
21 30
12 31
3 0
18 17
22 14
6 14
17 12
21 26
22 0
10 9
3 7
16 11
17 26
9 13
22 21
13 29
5 32
7 23
10 32
8 52
15 50
16 52
1 47
23 44
12 47
24 45
11 17
23 3
12 7
22 20
0 11
17 32
7 17
2 32
16 2
21 53
14 1
9 12
12 32
8 25
13 6
2 10
3 9
6 23
21 32
17 33
16 20
1 24
22 17
7 9
11 21
5 21
18 11
15 2
23 29
15 9
5 15
13 3
12 15
2 12
23 34
16 25
5 34
22 45
8 47
11 48
1 48
10 45
7 48
15 52
1 5
6 24
8 29
11 5
22 12
18 34
4 4
12 34
7 0
16 51
21 20
3 2
1 34
21 21
13 4
12 24
7 7
3 29
11 34
17 35
22 2
6 7
17 28
8 10
2 29
10 12
9 23
6 17
11 11
5 5
6 26
20 0
18 8
7 6
5 36
11 28
12 36
16 44
15 53
1 46
8 44
2 46
23 46
24 52
1 4
8 12
6 18
22 6
2 4
23 36
14 25
17 36
21 8
9 52
11 14
10 16
3 36
1 2
7 11
13 22
18 29
23 8
16 36
20 37
12 20
16 1
11 3
2 19
6 20
11 20
12 1
17 20
11 22
10 27
12 11
20 19
5 9
15 26
6 38
1 17
12 38
23 47
16 48
18 50
22 48
10 44
8 45
11 49
6 0
11 9
7 2
8 18
12 10
3 38
17 7
22 38
18 20
1 49
19 7
21 4
16 38
12 22
13 0
22 29
18 1
7 15
21 38
2 39
23 27
1 28
8 16
6 8
17 9
24 27
12 21
2 3
13 17
3 22
0 3
13 13
1 26
24 3
10 40
12 6
5 40
13 52
16 49
8 51
7 44
15 48
2 53
23 50
16 13
6 11
23 26
21 18
2 8
7 40
0 21
17 40
22 13
9 44
14 17
12 25
1 40
7 14
13 24
12 19
11 13
17 0
3 40
20 41
18 27
6 29
8 19
2 28
16 15
18 9
9 21
7 4
3 24
17 8
8 15
13 14
22 11
13 19
5 42
7 20
11 42
23 53
1 53
10 47
16 46
8 48
15 49
2 51
12 12
6 28
8 11
17 19
0 29
18 42
3 12
22 42
13 16
14 49
7 24
21 14
3 42
3 23
11 16
7 19
22 25
6 6
16 42
17 43
23 20
8 7
1 8
21 7
13 9
0 2
6 16
4 22
5 4
7 29
10 24
4 17
19 47
3 52
0 51
9 50
14 53
21 44
20 50
17 46
4 48

