317
1 28
24 1
5 30
17 21
15 30
13 45
12 44
11 53
0 50
23 51
21 44
7 52
1 19
23 3
21 14
16 20
5 13
12 30
8 14
2 30
11 10
22 53
18 9
17 0
23 30
2 16
21 12
18 22
11 25
6 5
1 30
12 31
3 6
16 2
17 19
7 15
18 18
15 10
9 11
18 12
0 19
0 12
4 28
20 11
13 20
8 2
5 32
1 17
15 32
7 53
23 48
21 46
11 45
17 46
0 47
12 48
17 3
7 13
6 6
11 19
12 19
22 32
1 12
2 32
21 5
9 53
18 26
19 11
1 32
7 14
6 24
11 20
2 14
21 22
17 32
22 33
13 25
11 13
16 6
1 14
8 20
20 19
16 19
2 6
18 27
4 20
17 9
2 5
6 1
11 9
15 34
13 26
0 34
8 49
17 50
21 47
23 53
7 49
3 49
12 45
8 21
21 28
12 26
16 10
2 25
23 34
9 9
17 34
1 5
10 45
13 7
5 20
6 34
17 28
11 15
13 9
1 27
7 19
12 34
22 35
16 23
3 10
23 21
2 22
8 24
1 21
0 3
18 6
2 19
8 4
17 15
24 11
8 25
21 4
12 36
16 5
23 36
17 48
15 47
1 46
0 51
11 52
7 45
5 48
11 17
7 3
8 13
2 13
12 21
3 36
20 25
17 36
21 11
6 51
22 25
16 7
7 36
8 1
16 21
18 13
13 12
1 10
11 36
2 37
17 26
11 27
22 12
6 7
23 26
18 8
13 2
8 16
13 17
5 18
24 10
8 5
5 15
17 13
12 38
1 1
15 38
11 44
21 45
7 50
6 50
0 52
8 48
23 50
7 1
16 27
6 0
11 12
12 10
2 38
18 14
22 38
8 18
1 52
10 10
19 18
7 38
21 16
17 23
16 25
22 26
1 20
6 38
2 39
12 20
8 10
11 6
13 8
23 14
21 27
5 23
24 6
6 9
6 23
12 22
23 5
11 14
5 10
12 40
1 7
15 40
0 45
21 52
7 47
8 46
6 48
17 45
23 49
6 25
13 3
17 1
11 4
7 17
2 40
19 4
22 40
12 2
20 51
18 20
1 3
8 40
22 17
18 15
6 16
13 1
16 17
21 40
2 41
11 23
23 2
17 4
12 23
1 16
12 3
2 1
17 29
14 17
13 16
19 22
3 13
21 17
11 24
0 42
16 4
5 42
15 51
23 45
7 48
3 46
12 52
13 52
8 47
7 25
1 0
3 26
6 2
12 18
18 42
2 8
22 42
11 2
9 51
14 25
16 8
7 42
6 15
13 27
22 1
1 11
23 4
16 42
17 43
2 11
21 13
8 3
3 8
12 17
5 4
6 28
19 12
6 22
8 23
18 7
20 14
22 44
10 50
14 49
19 53
20 50
2 47
9 48
18 50
4 51

