317
23 29
14 11
8 30
12 26
18 30
16 45
2 44
13 45
3 53
15 51
21 53
7 48
8 19
16 27
18 4
13 28
23 4
2 30
22 29
5 30
1 29
17 51
11 5
12 5
17 30
16 5
11 15
8 1
23 1
3 4
12 30
0 31
18 28
6 24
22 21
21 2
8 9
4 13
22 4
1 18
7 15
6 0
4 25
7 10
7 22
15 17
17 32
23 10
13 32
8 45
21 44
3 46
6 50
12 47
16 51
19 44
13 24
21 9
12 6
16 3
17 7
2 32
22 24
7 32
6 13
23 46
11 20
4 1
21 32
13 19
3 13
8 23
7 7
22 25
16 32
0 33
11 19
22 15
18 19
23 24
6 28
6 19
14 6
23 12
12 10
4 5
17 19
4 15
12 4
18 5
8 34
21 6
15 34
13 49
17 47
7 44
3 52
14 45
23 50
6 45
8 8
7 23
17 24
16 0
12 3
2 34
4 10
22 34
6 9
19 45
11 2
21 28
11 34
22 2
18 10
17 29
6 11
13 20
12 34
0 35
23 19
8 29
2 11
7 18
16 29
5 29
3 10
1 7
9 2
0 8
6 20
20 6
16 10
21 20
18 36
2 27
8 36
23 52
14 53
17 53
3 45
13 46
6 46
15 45
8 4
3 11
16 1
22 22
17 14
5 36
1 19
10 36
21 0
7 50
2 28
20 13
3 36
2 5
11 7
12 20
17 8
7 29
16 36
22 37
13 21
18 26
8 13
1 22
21 13
6 10
0 19
17 16
18 8
13 2
15 10
2 26
14 2
15 12
17 38
7 17
8 38
2 49
21 45
12 53
13 53
16 53
23 49
3 44
18 13
8 2
16 9
17 17
12 15
2 38
7 24
22 38
1 11
6 44
11 0
19 5
7 38
12 7
18 9
23 13
17 10
3 3
21 38
0 39
22 9
13 5
8 15
6 17
11 28
6 1
0 3
24 14
14 3
2 15
18 6
1 28
15 7
23 18
17 40
7 28
8 40
19 49
13 48
16 48
6 51
14 52
21 49
3 51
13 23
18 24
21 7
1 1
5 26
15 40
7 5
10 40
2 22
4 44
20 20
22 18
22 40
6 21
11 10
13 6
12 0
8 21
21 40
0 41
18 21
16 24
7 13
17 0
3 22
6 15
2 25
11 8
13 18
14 29
13 7
0 9
7 11
2 9
18 42
21 15
13 42
8 44
12 51
9 47
23 47
17 49
16 44
3 49
3 23
12 16
13 22
21 17
17 23
22 42
11 24
5 42
2 3
1 46
0 7
15 24
1 42
22 10
3 8
17 13
11 14
8 17
16 42
22 43
13 27
18 0
21 1
12 27
6 29
24 22
14 21
23 28
15 1
16 25
9 8
23 8
22 52
20 45
10 44
24 46
5 51
1 49
0 49
11 52
4 53

