317
13 26
6 7
0 30
11 3
15 30
18 50
20 49
7 45
8 44
19 49
21 51
3 49
1 17
16 5
13 7
8 23
17 10
22 30
12 15
2 30
21 28
11 53
5 8
9 19
17 30
18 8
7 21
2 16
21 5
13 3
8 30
22 31
16 27
1 2
12 2
11 18
3 24
24 28
16 6
16 18
18 6
17 4
8 19
16 15
16 29
13 20
18 32
12 26
0 32
11 51
20 45
21 53
7 51
8 45
3 51
15 49
3 18
11 19
1 12
6 13
18 24
7 32
2 24
22 32
21 27
12 46
17 27
14 24
12 32
18 11
11 14
22 25
21 12
16 25
3 32
6 33
23 1
22 20
1 14
17 22
13 11
0 10
9 1
7 23
17 16
19 18
14 13
17 26
13 17
16 20
7 34
23 3
18 34
1 48
6 51
21 48
12 51
0 51
15 48
20 47
13 9
8 2
7 9
1 9
18 13
2 34
24 22
10 34
6 15
23 45
17 7
22 18
17 34
11 29
22 11
23 10
8 11
18 29
21 34
2 35
13 29
7 2
2 18
6 5
16 19
10 7
8 12
13 15
22 29
11 23
9 8
9 6
21 1
23 11
18 36
8 13
15 36
12 44
0 47
7 48
6 45
1 50
11 49
20 48
1 7
16 22
18 1
12 1
5 12
10 36
17 13
2 36
21 22
24 51
22 22
8 6
7 36
8 18
23 13
18 25
3 16
11 10
1 36
12 37
17 11
2 13
16 1
6 21
21 0
2 21
6 25
14 27
1 20
15 21
18 0
16 0
12 5
20 6
0 38
6 19
15 38
3 48
11 50
18 47
13 47
7 52
8 53
21 47
1 26
11 22
16 4
3 29
17 2
7 38
10 24
22 38
2 3
14 47
19 17
6 11
13 38
18 20
22 21
12 11
21 11
1 3
11 38
2 39
6 8
17 8
7 5
7 7
16 8
15 9
5 0
8 8
9 15
4 5
5 28
5 22
7 29
19 22
20 40
8 7
15 40
0 53
6 47
13 53
18 49
11 52
12 52
1 52
1 5
11 26
21 18
22 15
15 11
13 40
5 7
2 40
23 16
10 51
17 12
8 0
7 40
3 11
18 7
1 29
12 0
16 3
6 40
22 41
8 9
11 25
13 19
21 16
17 17
24 16
23 0
1 13
13 14
8 24
15 14
23 7
23 23
12 20
0 42
13 13
15 42
18 53
8 47
20 51
21 44
6 46
19 48
11 46
8 1
21 13
23 8
6 2
10 1
18 42
17 29
2 42
7 18
13 51
22 19
14 12
22 42
23 24
11 5
3 25
18 21
2 20
8 42
5 43
16 14
1 8
21 10
17 14
12 22
17 9
15 7
6 16
1 25
15 20
21 29
4 28
22 52
9 49
5 52
14 49
24 50
2 47
10 45
17 50
4 48

