r\t   0   1   2   3   4   5   6   7   8   9  10  11  12  13  14  15  16  17  18  19  20  21  22  23  24 
  0  -1  -1  -1 176 286  67  18  -1  -1  -1  -1 258  -1  -1  -1  -1  -1  -1  -1  -1   1 210  -1  -1 175 
  1  -1  -1 303 292  82  -1 123 145 167  -1  -1 124 254 170  -1  -1  -1  -1  -1  -1  -1  -1  -1  -1  -1 
  2  -1  -1  -1  -1  -1  -1  -1 116 129  -1  -1  -1  -1  -1  -1  -1 144  -1 306  -1  -1  -1 199  -1  -1 
  3  -1  88  -1  -1  -1  -1  -1  -1 247  -1  -1  -1  -1 102  -1  -1  69  -1  -1  -1  -1  -1 113  -1  -1 
  4  -1 133  -1  -1  -1  -1  -1 236 236  -1  -1  89  -1  -1  -1  -1  -1  72  -1  -1  -1 108  -1  -1  -1 
  5  -1 304  -1 126  -1 301 201  -1 215  -1  -1  -1  -1 194  -1  -1  -1  -1  -1  -1  -1  -1  -1  -1  -1 
  6  -1 100  -1  -1  -1  -1  -1 192 192  -1  -1 305  -1 253  37  -1  -1  -1  -1  -1  -1  -1  -1  -1  -1 
  7  -1  25  -1  -1  -1  -1  34 220  -1  -1  -1  28  -1 202 307  -1  -1  -1  79  -1  -1 211  -1  -1  -1 
  8  -1 296  -1 111  -1  -1 297  -1 121  -1  -1  -1 130  77  -1  -1  -1 122  -1  -1  -1 246  -1 221  -1 
  9  -1 255  -1 204  -1  -1 132  -1  -1  -1  -1 216  -1 172  41  -1  -1  -1  -1  -1  -1  -1  -1  -1  -1 
 10 257  -1  -1  -1  -1  -1 277 209  -1  -1 214 298  -1  -1  -1  -1 289 259  20  -1  -1 161  -1  -1  -1 
 11  -1  -1  -1  -1  -1  -1  -1  14  33  -1  -1  -1  -1 168  39  84 256 159  -1  -1  45  -1  -1  -1  -1 
 12  -1  -1  -1 154  -1  -1  -1  36 146  -1  -1 147  -1  -1  -1  -1  85  -1  -1  -1  -1  64  -1  -1  -1 
 13  -1  -1 284  -1  -1  -1  -1  -1   0  -1  -1  -1  -1  -1  -1  -1  -1  -1 252  -1  -1  -1 290  -1  -1 
 14  -1  -1 208  32  -1  83 248  -1  -1  -1  -1 267  -1  -1  -1  -1  -1  -1  -1  22  -1  -1  -1  -1  -1 
 15  -1 174  -1 276  -1  -1  -1 278  -1  -1  -1  -1  -1  -1 217  -1 127 191  59  -1  -1  -1  -1  -1  66 
 16 155  -1  -1  -1 213  -1  73 131  -1 150  -1  -1 103  -1  -1  -1  -1  -1 101  -1  -1  -1  -1  -1  -1 
 17  -1  57  -1  -1  -1  -1  -1 104 104  -1  -1  -1  -1  -1  -1  -1  40  -1  -1  -1  -1  -1  -1 240  -1 
 18  -1  -1  78  -1  -1  -1  -1  -1  -1  -1  -1 245  76  -1  -1  -1 232  -1  -1  -1  -1 300 169  -1  -1 
 19  -1 302 299  -1  -1  -1  -1  27  -1  -1  -1  -1 188  62  -1  -1  13  15  -1  -1  -1  -1  -1  -1  -1 
 20  -1  23  -1  -1  -1  -1  -1  -1 219  -1  -1 203 223 114  -1  -1 279  -1  -1  -1  -1  -1  -1  -1  -1 
 21  -1  -1  -1  -1  -1  -1  -1  -1 260  -1  -1  -1  -1  47  -1  -1  29  -1  -1  -1  -1 135  -1  26  -1 
 22  -1  -1  -1  -1  -1  -1  -1  -1 293  -1  -1  -1  -1 235 198  -1  56  -1  -1  -1  -1  -1  -1  -1  87 
 23  43 152 160  -1 106 282  -1  -1  -1  -1  -1  -1 242  -1  -1  -1  -1  -1 158  -1  -1  80  -1  44  -1 
 24  -1   3  -1  -1  -1 171 190  -1  -1  -1  -1  -1 115 264  -1 177 164  -1  -1  -1  -1  -1  -1  -1  -1 
 25  -1 117  -1  91  42  81 233  -1  12  -1  -1 234  -1 179  86  -1  -1 249  -1  -1  -1  -1  -1 120  -1 
 26  -1  -1  -1  -1  -1  -1  -1  -1 212 128  -1 287 148 148 173  -1 263  58  -1  -1  -1  -1  -1  -1  -1 
 27  -1  -1  60  60  -1  -1 157  -1  -1  -1  -1 166  -1  -1  -1  -1  -1  35  -1  -1 265  -1  -1  70  -1 
 28  -1  -1  -1 165  -1  -1  -1 262  -1  -1 110  -1  -1  -1 261  -1 196 125  -1  -1  -1  -1 243  -1 238 
 29  -1  -1  16  16 218  -1  -1 291  -1  -1  -1  71 280 280  -1  -1 205  38  -1  -1  -1 189  -1  -1  -1 
 30  -1  -1  24  -1  -1  -1  -1  -1  -1  -1  -1  -1  17  17  -1   2   2   4   4  -1  -1  30  19  19  19 
 31  -1  -1  -1  -1  -1  -1  -1  -1  -1  -1  -1  -1  31  31  31  -1  -1  -1  -1  -1  -1  -1  -1  -1  -1 
 32  -1  48  48  74  -1  -1  -1  -1  61  61  63  63  63  -1  -1  -1  -1  46  46  -1  -1  -1  68  -1  -1 
 33  -1  -1  -1  -1  -1  -1  -1  75  75  75  -1  -1  -1  -1  -1  -1  -1  -1  -1  -1  -1  -1  -1  -1  -1 
 34  -1  -1 112 118  -1  -1  -1  90  90  -1  -1  -1  92  92  -1 105 105  -1  -1  -1  -1  -1 107 107 107 
 35  -1  -1  -1  -1  -1  -1  -1  -1  -1  -1  -1  -1  -1  -1  -1 119 119 119  -1  -1  -1  -1  -1  -1  -1 
 36  -1  -1  -1 162  -1  -1  -1 156  -1  -1  -1  -1 136 136  -1 134 134 151 151 151  -1  -1 149 149  -1 
 37  -1  -1  -1  -1  -1  -1  -1  -1  -1  -1  -1  -1  -1  -1  -1  -1  -1  -1  -1  -1  -1  -1 163 163 163 
 38  -1 206 195 195 195  -1  -1 178 178  -1  -1  -1  -1  -1  -1  -1  -1  -1 193 193 180 180  -1 200  -1 
 39  -1  -1  -1  -1  -1  -1  -1  -1  -1  -1  -1  -1  -1  -1  -1  -1  -1 207 207 207  -1  -1  -1  -1  -1 
 40  -1  -1 237 237  -1  -1  -1 244  -1  -1  -1  -1  -1  -1  -1 224 224 239 239 239 222 222 250  -1  -1 
 41  -1  -1 251 251 251  -1  -1  -1  -1  -1  -1  -1  -1  -1  -1  -1  -1  -1  -1  -1  -1  -1  -1  -1  -1 
 42  -1  -1 268 268  -1  -1  -1  -1  -1  -1  -1  -1 288 294  -1 266 266 281 281  -1  -1  -1 283 283 283 
 43  -1  -1  -1  -1  -1  -1  -1  -1  -1  -1  -1  -1  -1  -1  -1  -1  -1 295 295 295  -1  -1  -1  -1  -1 
 44  -1 271 137   7  -1 316  -1  -1  -1 310  21  -1 186  -1  -1  54 184  -1  -1  -1  -1   6  -1 139  -1 
 45 285  -1 226  -1  -1  -1 269 141  -1  -1  -1  -1  -1  -1  -1  -1  -1  -1 231  -1 109  95  -1  -1  -1 
 46  -1  -1  -1  -1  -1  -1  -1   9  -1  -1  -1  -1  -1  -1  -1  -1  51  97  -1  -1  -1  -1  -1  -1  -1 
 47  -1  -1  -1  53  -1  -1  -1  -1  -1  -1  -1  -1 275 227  -1  -1  -1 140  -1 315  -1  -1  -1  -1  -1 
 48  -1  -1  -1  -1  -1  -1 185  -1  49  -1  -1 181  50  -1  -1  -1  -1  -1  94  -1  -1  55  -1  -1  -1 
 49 241 187  11  -1  -1  -1  98  -1  -1  -1 308 228  -1  -1  -1  -1  -1  -1  -1  -1  -1  -1  -1  96 312 
 50  -1  -1  99  -1  -1  -1 225  -1 273  -1  -1 142  10  -1 309  -1  -1 274  -1  -1 143 270  65 197  -1 
 51 314  -1  -1  -1  -1  -1  52 272 138  -1  -1   5  -1  -1  -1  -1  -1  -1  -1  -1  -1  -1  -1   8  -1 
 52  -1 230  -1  -1  -1  -1  -1  -1 229  -1  -1  -1  -1  -1  -1  -1  -1  -1 183  -1  -1  -1 313  -1  -1 
 53  -1  -1 182  -1 311  -1  -1  -1  -1  -1  -1  -1  -1  -1  -1  -1  93  -1  -1  -1  -1 153  -1  -1  -1 

r\t   0   1   2   3   4   5   6   7   8   9  10  11  12  13  14  15  16  17  18  19  20  21  22  23  24 
  0  -1  -1  -1  -1  -1 131  -1 120 204  -1  -1  -1  -1  -1  -1  -1  -1  -1  -1  -1  -1 252  -1  72  -1 
  1  -1  -1  -1  -1  -1  -1  -1 290  70  -1  -1  -1  -1  -1 261  -1  29  -1  -1  -1  -1 238 122 253  -1 
  2  -1 116  -1 203  -1  -1  -1  -1  -1 174  -1  -1  -1  -1  -1  -1  -1  -1  -1  -1  -1  -1  33  -1  -1 
  3  -1  -1 243  -1  -1  -1 152 192 192  -1  -1 260  60  60  -1  -1  73  -1  -1  -1  -1  -1  -1  -1  -1 
  4  -1  -1  -1 130 305  -1  -1 201  -1 242  43  -1  -1  -1  -1  -1 173  -1  -1  -1  -1  -1 236 236  -1 
  5  -1  -1  -1 157  -1 221 113  83  -1  -1  -1 246 179  -1  -1  -1  -1  -1  -1  -1  -1 127  -1  -1  -1 
  6  -1 291  -1 235  -1  -1 303 284  -1  -1  -1  -1  16  16  -1  -1  -1  -1  -1  -1  -1  -1 257  -1  -1 
  7  -1  79 208 220  -1  -1  -1  -1  20  -1  -1  -1  -1  28  -1 177  -1  -1  -1  -1 304 102  71  -1  -1 
  8  -1  -1  -1  12  -1  -1  -1  -1 232  -1  -1  -1 117  -1  -1  -1  89 114  -1  -1  -1  -1  -1  -1  -1 
  9  -1  -1 121 249  -1  -1  -1 168  -1  -1  -1  -1  -1 247  -1  -1  -1  -1 298  -1  -1  -1  -1  39  -1 
 10  -1  56  -1  45  -1  -1 158 176  -1  -1  18  -1 248 280 280  -1 124  -1 202  -1  -1  -1  -1  42  -1 
 11  -1  -1  62  -1  -1  -1  -1 125   1 286  38  44 265  -1  -1  -1  -1  -1  -1  -1  -1 159  -1  -1  -1 
 12  -1  -1  -1  -1  -1  -1 190 133 218  -1 170  -1  -1  -1  -1  -1 108  -1  -1  -1  -1 299  -1  -1  -1 
 13  -1  -1  -1  -1  -1  -1  -1  -1  -1  -1  -1  -1 194 188  -1  -1 155  -1  -1  -1  -1  -1 196  -1 171 
 14  -1  -1 254 123 106  -1  -1  -1  -1  -1  -1  35 300  -1  -1  -1  15  -1  -1  -1  -1  -1  -1 191  -1 
 15  -1 245  -1  -1  -1  -1  -1  -1  58  -1 128  -1 147  -1  -1  -1 279  -1 160  -1  -1  -1  -1 164  -1 
 16  -1 126  -1  32  -1  -1  57  -1  -1  -1  -1  -1  88  -1  -1  -1 289  -1  -1  41  -1  -1 255  -1  -1 
 17  -1  14 148 148 150  -1  26  -1 267  -1  -1  -1  -1 223  -1  -1  -1  -1  -1  -1  -1  -1  -1  -1  -1 
 18  -1  -1  -1  -1  -1  -1  -1  -1  -1  -1  85  -1  -1  -1  -1 172  -1  -1  -1  -1 217  -1  77 278 259 
 19  -1 233  -1  91  -1  -1  -1 234 263  -1  66  -1  -1  -1  -1  -1 165  -1  -1  -1  -1  -1 144  -1 306 
 20  -1  -1  -1  -1  67  -1 212  -1  -1  -1  -1  -1  -1 211  -1  -1 135  -1  -1  -1  -1  27  36  -1  -1 
 21  -1  -1 110  -1  -1  -1  76  22  -1 301  -1  23  -1  -1 214  -1  -1 199  -1  -1  -1 154  -1  47  -1 
 22  -1  -1  69 216 219  -1  -1  59  -1  -1  -1  -1  -1 161  37  -1  -1  -1 115  -1  -1  -1  -1  -1  -1 
 23  -1  -1 297  -1  -1  -1  -1   3  -1 302  -1 198  -1  -1  -1  -1  -1  -1 189  -1 175  40 166  -1  -1 
 24  -1  -1  -1  -1  -1  -1 101 264  -1  -1  -1  78  34  -1  -1  -1  64  -1  -1  -1  -1  -1 296   0  -1 
 25  -1  25  -1 111  -1  -1  84  -1 146  -1  -1  -1 209 145  -1  -1  -1  -1  -1  -1 307 282 103 292 213 
 26  -1 167  -1  -1  -1  -1  -1  -1  -1  -1 287  -1 104 104  -1  -1  -1  -1  -1  -1  81  -1 132  -1  -1 
 27  -1  -1  -1  -1  -1  -1  -1  -1  -1  -1  -1  -1  -1  -1  -1  -1 256  -1  -1  -1 215  -1 277 258  -1 
 28  -1 262  -1 293  -1  -1 276  80  -1  -1  -1  -1  -1  -1  -1  -1  87  -1  -1  -1  -1  -1  -1  -1 169 
 29  -1 100  -1  -1  -1  -1  13  82  -1  -1  -1  -1  -1 210  86  -1 240  -1  -1  -1  -1 205  -1 129  -1 
 30  -1  -1  24  -1  -1   2   2  30  -1  -1  -1  -1  -1   4   4  -1  -1  17  17  -1  19  19  19  -1  -1 
 31  -1  -1  -1  -1  -1  -1  -1  -1  -1  -1  -1  -1  -1  -1  -1  -1  -1  31  31  31  -1  -1  -1  -1  -1 
 32  -1  68  -1  -1  -1  -1  -1  48  48  -1  -1  -1  74  46  46  -1  -1  61  61  -1  63  63  63  -1  -1 
 33  -1  -1  -1  -1  -1  -1  -1  -1  -1  -1  -1  -1  -1  -1  -1  -1  -1  75  75  75  -1  -1  -1  -1  -1 
 34  90  90  -1  -1  -1  92  92 105 105  -1  -1 112  -1 118  -1  -1  -1 107 107 107  -1  -1  -1  -1  -1 
 35  -1  -1  -1  -1  -1  -1  -1  -1  -1  -1  -1  -1  -1  -1  -1  -1  -1  -1  -1  -1  -1  -1 119 119 119 
 36 136 136 156  -1  -1 134 134  -1  -1  -1  -1  -1  -1  -1  -1  -1 162 151 151 151  -1  -1  -1 149 149 
 37  -1  -1  -1  -1  -1  -1  -1  -1  -1  -1 163 163 163  -1  -1  -1  -1  -1  -1  -1  -1  -1  -1  -1  -1 
 38 178 178 195 195 195  -1  -1  -1  -1  -1  -1 200  -1 180 180  -1  -1 206  -1  -1 193 193  -1  -1  -1 
 39  -1  -1  -1  -1  -1  -1  -1  -1  -1  -1  -1  -1  -1  -1  -1  -1  -1  -1  -1  -1  -1  -1 207 207 207 
 40 224 224  -1  -1  -1  -1 250  -1 244  -1 239 239 239  -1  -1  -1  -1 237 237  -1  -1  -1 222 222  -1 
 41  -1  -1  -1  -1  -1  -1  -1  -1  -1  -1  -1  -1  -1  -1  -1  -1  -1 251 251 251  -1  -1  -1  -1  -1 
 42  -1  -1 283 283 283 266 266  -1 294  -1  -1  -1  -1 288  -1  -1  -1  -1 281 281  -1  -1 268 268  -1 
 43  -1  -1  -1  -1  -1  -1  -1  -1  -1  -1  -1  -1  -1  -1  -1 295 295 295  -1  -1  -1  -1  -1  -1  -1 
 44  55   5 309  -1  -1  -1  -1  98 186 153 315  -1  -1  -1 271  -1 273  -1 272  -1  -1  -1 182 187  -1 
 45  -1  -1  -1  -1  -1  -1  51  -1 229  -1  -1  -1  -1  93 138  50 183 313  -1  -1  -1  -1  96  -1  -1 
 46   8  52  -1  -1  -1 185  -1  -1 140  -1  -1  -1  -1  -1 225 228  10  -1  -1  -1  -1  -1  -1  -1  -1 
 47  -1 270  -1  -1  -1  -1  -1  -1  -1  -1  -1  -1  -1 274  -1 143  -1  -1  -1  -1  -1 308   6  -1  -1 
 48 275  -1  -1   7  -1  -1 184  -1  -1  -1  -1  99  49  -1  -1  -1  53  -1  -1  -1 316  -1  -1 142  -1 
 49  -1  -1  -1  -1  -1  -1  -1  -1  -1  -1  -1  -1  -1 241  -1  -1  -1  -1  -1  -1  -1  -1  -1  -1  -1 
 50  -1  -1  -1  -1 310  -1  -1  -1  -1  -1  -1 269  -1 139  -1  11  -1  -1  -1 314  -1  -1  -1  -1 312 
 51  -1  -1  21  -1  -1  54  -1  -1  94  -1  -1  -1   9  -1  -1  -1 231  -1  -1 197  -1  -1  -1  65  -1 
 52  -1  -1  -1  -1  -1  -1 230  -1 285 311  -1 137  -1  -1  97  95  -1  -1 181  -1 109  -1  -1  -1  -1 
 53  -1  -1  -1 141  -1  -1  -1 227  -1  -1  -1 226  -1  -1  -1  -1  -1  -1  -1  -1  -1  -1  -1  -1  -1 

r\t   0   1   2   3   4   5   6   7   8   9  10  11  12  13  14  15  16  17  18  19  20  21  22  23  24 
  0  -1  -1 242 221  -1  -1  39  -1  69  -1  43 123  -1 265  -1  -1  -1 220  -1  -1  -1  -1  -1  -1  -1 
  1  -1  -1  -1  83  -1  -1 259  58 267  -1  -1  -1  -1  25  -1  -1  -1 255  -1  -1  -1  -1  -1  33  -1 
  2  -1  -1  16  16  -1  -1  -1  -1  -1  -1  -1 233 277  -1  -1  -1  -1  -1  -1 194  -1  -1  -1 164  -1 
  3  -1  23  -1  47  -1 214 292  -1  -1  -1  -1 212  -1 246  -1  -1 202  13 303  -1  -1  -1  -1  -1 258 
  4  -1  -1  -1 190  -1 110  -1  -1 299  -1  -1  -1  -1  -1  -1  -1 284  -1  -1  -1  -1 305 173  -1  -1 
  5  -1  -1 135  -1  -1 302  -1 170  -1  -1  -1  -1 236 236  -1  -1  -1  -1 126  -1  -1  27  -1 198 131 
  6  -1  -1  -1  72  -1  -1  -1 148 148  -1  -1  -1  20  -1  -1  -1  59 306  -1  -1  -1  -1  -1  -1  -1 
  7  -1  82 165  -1  -1  -1  -1  -1   3  -1  -1  -1  -1 116  -1  -1  -1  -1 147  -1  -1  -1  -1  -1  -1 
  8  -1  -1  -1  -1  -1 127  -1  80  -1  -1  -1 103 208  -1  -1  -1 240  -1  -1  -1  -1  -1 213  -1  -1 
  9  -1 117 189  -1  -1  -1  45 166 261  66  -1  -1 121  -1  -1  -1  -1 152 252  -1  -1  91 179  -1  -1 
 10  -1  -1  34  -1  -1  -1  -1  -1  -1  -1  -1 174  -1  -1  -1  -1  -1 291  26  -1  -1  -1  -1  -1  -1 
 11  -1 243 210  -1  -1  -1  86  -1  29  -1  -1  -1  76  -1  -1  -1  -1  -1  -1  -1  -1  -1  -1  -1  87 
 12  -1 160  -1  -1  -1  -1  -1  -1 205  -1  -1  -1  -1  85 150  -1  -1  60  60  -1  -1 159 209  36  -1 
 13  -1  -1 108  -1  -1  -1  -1  -1  -1  -1  -1  -1 176  -1  -1  -1 169  -1  78  -1  -1  -1  -1  -1  -1 
 14  -1  62  89 215 238  -1  -1 276  -1  -1  -1  -1 157  -1  -1  -1  -1 280 280  -1  -1   0  -1  -1  -1 
 15  -1  -1  44  -1  -1  -1 172 104 104  -1  -1 278  38  -1  -1  -1  -1  -1 234  -1  -1 301  -1 106  -1 
 16 130  -1 124 144  -1  -1  -1 296  -1  -1  -1  -1  -1  -1  -1  -1  -1  -1   1  -1 192 192  -1 279  -1 
 17  -1  -1  -1  -1  -1  -1 257  -1 248  -1  -1  -1  -1  -1  -1  -1 191  -1  -1  -1  -1 201 125  -1  -1 
 18  -1  -1  -1  -1  -1  -1  -1  -1  -1  -1  -1 249  -1  -1  -1  -1  -1  -1  -1  -1  -1 111  -1  -1  -1 
 19  -1 217  -1 102  -1  -1  70  -1  -1  -1  -1 167  -1  -1  -1  -1  -1  -1  -1  -1 129  73 158  -1  -1 
 20  -1 155  -1  -1  -1  -1  -1  -1  56  -1  -1 263  40  -1 286 304 146 177  -1  -1  -1  12  -1  -1 219 
 21  -1  -1  81  -1  -1  -1 245  -1  -1  -1  -1 260  -1  -1  -1  -1  -1  -1 297  -1  -1  -1  -1  -1  -1 
 22  -1  79  -1 256  67  -1  -1 253 114  -1  -1  -1 145  15  -1  -1 293  -1  -1 218  -1  64  -1  -1  -1 
 23 133  28  -1  -1  -1  -1 196 132  -1  -1  -1  -1  -1  -1  -1  -1  -1  -1  -1  -1  -1 298 100  -1  -1 
 24  -1  -1 154  -1  -1  -1  -1  -1  -1  -1  -1  -1  -1  -1  22  -1  -1 235 203  -1  -1  37 289 113  -1 
 25  -1 287  -1  35  -1  -1 264  88  42  -1  -1  57  -1  77  -1  -1  -1  -1 262  -1  -1 247  -1  -1  41 
 26  -1  -1  -1  -1  -1  -1  -1  -1  -1  -1  -1  -1 254 204  -1  -1  14  -1 188  18 216 307  -1 171  -1 
 27  -1 211 290  -1  -1  -1  -1  -1 282  -1  -1  -1 300  -1  -1  -1  -1  -1  84  -1  -1 128  -1  -1  -1 
 28  -1 199 223  -1  -1  -1 232 175  -1  -1  -1  -1  32  -1  -1  -1 101  -1 122  -1  -1  -1 120  -1  -1 
 29  -1  -1  -1  -1  -1  -1 168 115  -1  -1  -1  -1  -1  71  -1  -1 161  -1  -1  -1  -1  -1  -1  -1  -1 
 30  -1  -1  -1  -1  -1  17  17  -1  -1  -1  -1  24   4   4  -1   2   2  30  -1  -1  -1  -1  19  19  19 
 31  -1  -1  -1  -1  -1  31  31  31  -1  -1  -1  -1  -1  -1  -1  -1  -1  -1  -1  -1  -1  -1  -1  -1  -1 
 32  -1  -1  68  -1  -1  -1  -1  -1  -1  -1  48  48  63  63  63  46  46  74  -1  -1  -1  -1  61  61  -1 
 33  -1  -1  -1  -1  -1  -1  -1  -1  -1  -1  -1  -1  -1  -1  -1  -1  -1  -1  -1  -1  -1  -1  75  75  75 
 34  -1  -1  -1 112  -1  -1 118  -1  -1  -1  92  92 107 107 107  90  90 105 105  -1  -1  -1  -1  -1  -1 
 35  -1  -1  -1  -1  -1  -1  -1  -1  -1  -1  -1  -1  -1  -1  -1  -1  -1 119 119 119  -1  -1  -1  -1  -1 
 36  -1  -1 162  -1  -1 149 149  -1  -1  -1 136 136  -1 156  -1 134 134  -1  -1  -1  -1  -1 151 151 151 
 37  -1  -1  -1  -1  -1  -1  -1  -1  -1  -1  -1  -1  -1  -1  -1  -1  -1 163 163 163  -1  -1  -1  -1  -1 
 38  -1  -1  -1 200  -1  -1  -1  -1 193 193 178 178 195 195 195 180 180  -1  -1  -1  -1  -1  -1 206  -1 
 39  -1  -1  -1  -1  -1 207 207 207  -1  -1  -1  -1  -1  -1  -1  -1  -1  -1  -1  -1  -1  -1  -1  -1  -1 
 40  -1 244 250  -1  -1  -1  -1 239 239 239 222 222  -1  -1  -1 224 224  -1  -1  -1  -1  -1 237 237  -1 
 41  -1  -1  -1  -1  -1  -1  -1  -1  -1  -1  -1  -1  -1  -1  -1  -1  -1  -1  -1  -1  -1  -1 251 251 251 
 42  -1 294 283 283 283  -1  -1  -1  -1  -1  -1 288  -1  -1  -1 266 266 268 268  -1 281 281  -1  -1  -1 
 43  -1  -1  -1  -1  -1  -1  -1  -1  -1  -1  -1  -1  -1  -1  -1  -1  -1  -1  -1  -1  -1  -1 295 295 295 
 44  -1  -1  -1  94  -1  -1  97 182  -1  -1  -1  -1  -1 227  -1  -1  -1  -1  -1  -1  -1  -1  -1  -1 316 
 45  50 109  -1 183  -1  -1  -1  -1  21  -1   9  -1  -1 153  -1  -1  -1  49 187  -1 241  -1  -1  -1  -1 
 46  -1 313  -1   6  -1  -1  -1  54 184  -1  -1  -1 225  -1  -1  -1  -1  -1  -1  -1  -1  -1 197  -1  -1 
 47 273  -1   8  -1  -1  -1 137  -1  -1  -1  -1   5 140  -1  -1  -1  -1 143  -1  -1  -1 186 142  -1  -1 
 48  -1  -1  -1 139  -1 285  10  -1  -1  -1  -1  -1  96  -1  -1  -1  -1  11 228  -1  -1 141  -1  -1  -1 
 49  -1  -1  -1  -1  -1  -1  -1  -1  -1  -1  -1  -1  -1  -1  -1  -1  -1  -1  -1  -1 310  52  -1  -1  -1 
 50   7  -1 181 270 312  -1  -1  -1  55  -1  -1  -1 269  53  -1  -1  -1  -1  51 314  -1  -1  -1 309  -1 
 51  99  -1  -1  -1  -1  -1  -1 275  -1  -1  -1 274  -1  -1  -1  -1  -1  -1  -1  -1  -1 231  -1  -1  -1 
 52 185  -1  -1  65  -1 308  -1  -1  93 311  -1  -1  -1  -1  -1  -1  -1  -1  -1  -1  -1 272  98  -1  -1 
 53 229  -1  -1  -1  -1  -1 230 226 138  -1 271  -1  -1  -1 315  -1  -1  95  -1  -1  -1  -1  -1  -1  -1 

r\t   0   1   2   3   4   5   6   7   8   9  10  11  12  13  14  15  16  17  18  19  20  21  22  23  24 
  0  -1 249  -1  84  -1  -1  -1 120  -1  -1  -1 169  -1  39 198  -1 174  -1  25  -1  -1  -1  -1  -1  -1 
  1  -1  -1  -1  -1  -1  -1  -1 296 248  -1  -1  -1  -1  -1  -1  -1 278  -1 123  -1  -1  -1 159  -1  -1 
  2  -1  -1  -1  -1  -1  -1 240 166  26  -1  -1  -1 145  -1  -1  -1 264  70  -1  -1 265  -1  -1 254  -1 
  3  -1  -1  27  -1 129  -1  -1 236 236  -1  -1  64  -1  -1  -1  -1 150  -1  -1  -1  16  16  -1  -1 106 
  4  -1  77  -1  -1  -1  -1 201  -1  15  -1  -1  -1 280 280  86  -1  -1  -1  -1  -1  -1  -1  -1  -1  -1 
  5  -1   3  -1 252  -1  -1 191 302 168  -1  -1 277 218 211  -1  -1 196 155 255  -1  -1  -1  -1  -1  -1 
  6 217  56  -1  -1  -1  -1  -1 286  -1  -1  -1 102 208  -1  -1 172  43  -1  -1  -1  -1 233  -1  -1  -1 
  7 307  -1  -1  -1  -1  -1  -1  60  60  -1  -1  -1 234  -1  -1  -1  -1  -1  -1  -1  -1 291 245  -1  -1 
  8  -1 202 108  37  -1  -1  -1 189  -1  -1  -1  -1  -1  -1  -1  -1  44  -1  -1  -1  -1  -1  -1  -1  41 
  9  -1  -1  87 204  -1  -1  -1  33  -1  -1  -1  20  -1  -1  -1  -1  14  -1  -1  -1  -1  -1  -1  -1  -1 
 10  -1 301  -1  -1  -1  22  -1  -1 190  -1  -1 165  -1  -1  -1  -1 214  -1  -1 170  -1 253  -1  -1  -1 
 11  -1  -1  -1  -1  -1  -1 100 209 212  -1  -1  -1  -1 128  -1  -1  57  -1  -1  -1  -1 179  -1  -1  -1 
 12  -1  -1  -1 122 176  -1  -1  -1  -1  -1  -1  -1  38 160  -1  -1 135  -1  -1  -1  -1  -1  -1  32  -1 
 13  -1  23 256  -1  -1  -1  -1 267 276  82  -1  -1  -1  -1  -1  -1  -1  -1  -1  -1 260 164 117  -1  -1 
 14  -1 103  -1  -1  -1  -1 299 101  -1 220  -1  -1  -1  -1  -1  -1  -1  -1  -1  -1  -1 199  -1  -1  -1 
 15  -1 232 175  -1  -1  -1 133 261 148 148  -1 242  -1 235  -1  -1 290  -1 219  -1  -1  -1  -1  -1  -1 
 16  83 279  -1  -1  -1  -1  -1  -1 292  -1  -1  -1  42 146 173 131  80  -1 154  -1  -1  -1  34  -1  -1 
 17  -1  -1  -1  91  -1  -1  59  79  -1 127  -1 188  -1  -1  -1  -1  89  -1 243  -1 177 124  -1  -1  -1 
 18  -1  -1 126  72  -1 110  -1  -1  -1 258 221 223 215 115  -1  -1  -1  -1  -1  -1  -1  -1 132  18  -1 
 19  -1  -1  -1  -1  -1 287  -1  -1 216  -1  -1  -1 114  -1  -1  -1  -1  -1  -1  -1  -1  -1 262 257  -1 
 20  -1  -1  -1  -1  -1  -1 247 152  -1  -1  -1  73  -1  -1  -1  -1  -1  -1  -1  -1  45  -1 192 192  -1 
 21  -1 161  -1  28  -1  -1 113  -1  -1  -1  -1  -1 300 171  -1  -1  -1 167  -1 306  -1  -1   0 259  -1 
 22  -1  71  -1  -1  -1  -1   1  -1  -1  -1  -1  -1 104 104  -1  -1  -1  -1  -1  -1  -1  -1  -1  -1  -1 
 23  -1  -1  62 289  -1  81  -1  36  -1  -1  -1  -1  -1  -1  -1  -1 157 304  76  -1  -1  47  -1 203  -1 
 24  -1  -1  -1  -1  -1  -1 284  -1  -1  -1  -1  -1 305 125  -1  -1  85  13  -1  -1  -1  88  -1  -1  -1 
 25  -1 147  -1  58  -1  -1  -1  -1 121  -1  -1  29  -1  -1  -1  -1 205 116  -1  -1  -1  40  -1 297  67 
 26  -1  35 213  -1  -1  -1  -1  -1  -1  -1  -1 210  -1 293  -1  -1  -1  -1  -1  -1  -1  -1  -1 158  -1 
 27  -1  -1  -1  -1  -1  -1  -1  -1  -1  -1  -1  -1  -1 194  -1  -1  -1  -1  -1  -1  -1 144  -1  -1  -1 
 28  -1  -1  -1  -1  -1  -1  -1  12  -1  -1  -1  -1  -1  -1  -1  -1  -1 263  -1  -1  -1  66  78  -1  -1 
 29 130 298  -1 111  -1  -1  -1 246  69  -1  -1  -1  -1  -1  -1  -1 303 282  -1 238  -1  -1  -1  -1  -1 
 30  -1  -1  19  19  19  -1  -1  -1   4   4  -1  -1  17  17  -1   2   2  30  -1  -1  -1  24  -1  -1  -1 
 31  -1  -1  -1  -1  -1  -1  -1  -1  -1  -1  -1  -1  31  31  31  -1  -1  -1  -1  -1  -1  -1  -1  -1  -1 
 32  -1  -1  68  48  48  -1  -1  -1  46  46  -1  -1  61  61  -1  -1  -1  63  63  63  -1  -1  -1  74  -1 
 33  -1  -1  -1  -1  -1  -1  -1  -1  -1  -1  -1  -1  75  75  75  -1  -1  -1  -1  -1  -1  -1  -1  -1  -1 
 34  -1  -1  -1  -1  -1  -1  -1  -1  90  90  -1 118  92  92  -1  -1  -1 105 105  -1 107 107 107 112  -1 
 35 119 119 119  -1  -1  -1  -1  -1  -1  -1  -1  -1  -1  -1  -1  -1  -1  -1  -1  -1  -1  -1  -1  -1  -1 
 36  -1  -1 149 149  -1  -1  -1  -1 136 136  -1 162  -1  -1  -1  -1  -1  -1 156  -1 134 134 151 151 151 
 37  -1  -1 163 163 163  -1  -1  -1  -1  -1  -1  -1  -1  -1  -1  -1  -1  -1  -1  -1  -1  -1  -1  -1  -1 
 38 195 195 195  -1  -1  -1  -1  -1 180 180 178 178  -1  -1  -1  -1  -1 193 193  -1  -1 206 200  -1  -1 
 39  -1  -1  -1  -1  -1  -1  -1  -1  -1  -1  -1  -1  -1  -1  -1  -1  -1 207 207 207  -1  -1  -1  -1  -1 
 40  -1  -1 239 239 239  -1  -1 224 224  -1  -1 250 244  -1  -1  -1  -1  -1  -1  -1 222 222 237 237  -1 
 41  -1  -1  -1  -1  -1  -1  -1  -1  -1  -1  -1  -1  -1  -1  -1 251 251 251  -1  -1  -1  -1  -1  -1  -1 
 42  -1  -1 281 281  -1  -1  -1  -1 266 266  -1  -1 268 268  -1  -1  -1 288 294  -1  -1  -1 283 283 283 
 43  -1  -1 295 295 295  -1  -1  -1  -1  -1  -1  -1  -1  -1  -1  -1  -1  -1  -1  -1  -1  -1  -1  -1  -1 
 44  -1 269  -1 184  -1  -1  -1  95  -1  -1  -1 153  -1  -1  -1  50  -1  -1  -1  -1  -1  -1  -1  -1  -1 
 45  -1  53  -1 273  -1  -1  99 187  -1  -1  -1  10  -1  -1  -1  -1  -1  -1 285  -1  -1 270  49  -1  -1 
 46  -1  -1  -1   8  -1 197 229  54  -1  -1  97  -1  -1  -1  -1  -1 226  -1  -1  -1  -1  -1 227  -1  -1 
 47  -1  -1  -1 139  93 312  -1  -1  -1  -1  -1  -1  -1   5  -1  -1  -1  -1  21  -1  -1  -1  -1  -1  -1 
 48  -1  -1 313  -1  -1  -1  -1 143  -1  -1  -1  -1  -1 225  -1 275  -1 309  -1  -1  -1  -1  -1 315 308 
 49  -1 231  -1  -1  -1  -1 274  -1  -1  -1  -1  52 137  -1  -1  -1  -1  -1  -1  -1  -1  -1  -1  65  -1 
 50  -1  -1  -1  -1  -1  -1  51  -1  -1  -1 271  94  -1  -1 311  -1  -1  -1  -1  -1  -1  11  -1  -1  -1 
 51  -1 141  -1  -1  -1  -1  -1   9  -1  -1 138  -1 182  -1  -1  98  -1  -1  -1  -1  -1  -1  -1  -1  -1 
 52  -1  -1  -1  -1  -1  -1  -1  -1  -1  -1  55 272 230 142  -1 140  -1  -1 310  -1  -1  -1 183  -1 241 
 53 314  -1  -1 228  -1  -1 185  -1  -1  -1   6  -1  -1  -1  -1 186 181  -1  -1 316   7  -1  96 109  -1 

r\t   0   1   2   3   4   5   6   7   8   9  10  11  12  13  14  15  16  17  18  19  20  21  22  23  24 
  0  -1  -1 236 236  -1  -1  -1  -1  -1  -1  -1  -1  -1  -1  -1  -1  -1  -1  -1  -1  -1 188  -1  -1  -1 
  1  -1  -1  -1  -1  -1  -1 205 291  -1  -1  -1  -1  -1  -1  -1  -1 253 299  -1  -1 198  33  -1  -1  -1 
  2  -1  -1 280 280  -1  -1  20 124  -1 238  -1  -1  -1 303  -1  -1  -1  35  -1  -1  -1  -1  42  -1  -1 
  3  -1  -1  -1 131  -1  -1 166  -1  -1  -1  -1 132  25 260 127  -1  -1 104 104  -1  -1  78  -1 208  -1 
  4 307  -1  -1  -1  -1  -1 261  -1  -1  -1  -1  72  -1  -1  -1 216  14 121  -1  -1  -1  -1  -1  27  -1 
  5  -1 242 173  -1  -1  -1  -1  -1 111  -1  -1 202  -1 103  -1  -1  -1 150 248  -1  -1  88  -1 194  -1 
  6  -1  -1 189  -1 129  -1  -1  -1  -1  -1  -1  -1 302  79  -1 219 212 204  -1 286  -1  -1 113  -1  -1 
  7  -1 290  -1  -1  -1  -1  57 133  -1  -1  -1  -1  -1  -1  -1  -1  73 175  87  -1  -1  -1  -1 168  -1 
  8 214 199  80  58  -1  -1  -1  -1 243  -1 177  32  -1  -1  -1  -1  -1  -1  -1  -1  -1  -1  -1  -1 125 
  9  -1  -1  -1  -1  -1  -1 115  -1  -1 106  -1  -1  16  16  -1  -1  -1  -1  -1  -1  -1 221  15  -1  -1 
 10 223 287  -1  -1  -1  -1  -1  -1  -1  -1  -1  -1  -1 233  -1  -1  -1  -1 201  -1  -1 160 211  36  -1 
 11  -1  69  -1  -1  -1  -1  -1  -1  77  -1  -1 165 234  -1  -1  86  -1  -1  -1  -1  -1  12  -1 170  -1 
 12  -1  23  -1  -1  -1  -1  38  -1  -1  -1  -1  44  -1  -1  -1  -1  -1   3  -1 110  -1 108  -1  -1  -1 
 13 176  66  -1  -1  -1  -1 278  -1  71  -1  -1  -1  -1 289  -1  -1  -1 267  -1  -1  -1  47  -1 154  -1 
 14  -1  -1  -1  -1  -1  -1  -1  43  -1  -1  -1  -1  -1  -1  -1  -1  -1 276  -1  -1  -1 300  -1  -1  -1 
 15 258 144  -1  -1  -1  -1  76  -1 297 305  40 190  -1  -1  -1  -1  -1  -1  18  -1 148 148  -1  -1  -1 
 16  -1 101 117  70  -1  -1  -1 152  83  -1  -1  13  60  60 306 169 145  -1  -1  -1  -1  -1  -1  -1  -1 
 17  -1  -1 174   0  -1  -1  -1 277 255  -1  -1  -1 122  -1  -1  -1  64 135  -1 301  -1  -1  -1  -1  -1 
 18  -1  -1  56 179  -1  -1  -1 196  -1  -1  -1  -1  -1 164  -1  -1  -1  -1 123  -1  -1 215 293  -1  -1 
 19  -1  -1  -1  26  -1 304  -1  -1  -1  39  -1 279  -1  -1  -1  -1  -1 167 171  -1 128  62  -1  -1  -1 
 20  91  -1  -1  -1  -1  -1 264  -1 157  -1  -1  -1  -1  -1  -1  -1 130  -1  -1  -1  -1 213 210  -1  -1 
 21  -1  -1 147  -1  -1  -1  -1  -1  -1  -1  -1 249 256  -1  -1  -1  34  -1  -1  -1  -1  -1  -1  -1  -1 
 22  -1 161  -1  -1  -1  -1 100  -1  -1  -1  -1  81  -1  -1  -1  -1  -1 126  -1  -1  -1  -1  -1  -1  -1 
 23  -1 209  -1  -1  -1  -1  -1  -1 114  -1  -1 102  -1 218  -1  -1  37  -1 158  -1  -1  -1  -1 247  -1 
 24  -1 263  -1  -1  -1  -1  29  -1 282  -1  -1 235  -1  -1 259  -1 296  -1  -1  -1  -1  -1  59 262  -1 
 25 265  -1 245  -1  -1  -1 191  89  -1  -1  -1  -1  -1  -1  -1  -1  85 257 292  -1  -1  -1  -1  -1  -1 
 26  -1  -1  -1  -1  -1  -1  -1  -1  -1  -1  -1 298  -1 246  -1  -1 159  -1  -1  -1  -1  -1  -1  22  -1 
 27 217  -1  -1  -1  -1  -1  -1  -1  -1  -1  -1  -1 192 192  -1  -1 116  -1  -1  -1  -1  84  -1 120   1 
 28  -1  -1  -1  -1  -1  -1 240  -1  -1  -1  -1  -1 203  -1  67  -1 284 252 155  -1  -1  82  -1  -1  -1 
 29  45  -1  -1 254  -1  41 146  -1  -1  -1 220  -1  -1  -1  -1  -1 232  -1  28  -1  -1  -1  -1  -1 172 
 30  -1  30  19  19  19  -1  -1  17  17  -1   4   4  -1  24  -1   2   2  -1  -1  -1  -1  -1  -1  -1  -1 
 31  -1  -1  -1  -1  -1  -1  -1  31  31  31  -1  -1  -1  -1  -1  -1  -1  -1  -1  -1  -1  -1  -1  -1  -1 
 32  -1  -1  -1  -1  -1  48  48  63  63  63  -1  -1  68  -1  -1  46  46  -1  61  61  -1  -1  -1  74  -1 
 33  -1  -1  -1  -1  -1  -1  -1  -1  -1  -1  -1  -1  -1  -1  -1  -1  -1  75  75  75  -1  -1  -1  -1  -1 
 34  -1 112 105 105  -1  -1  -1  -1  -1  -1  90  90  -1  -1  -1  92  92  -1  -1  -1  -1 118 107 107 107 
 35  -1  -1  -1  -1  -1  -1  -1  -1  -1  -1  -1  -1 119 119 119  -1  -1  -1  -1  -1  -1  -1  -1  -1  -1 
 36  -1  -1  -1 149 149 134 134  -1  -1  -1  -1 162 151 151 151 136 136  -1  -1  -1  -1  -1 156  -1  -1 
 37  -1  -1 163 163 163  -1  -1  -1  -1  -1  -1  -1  -1  -1  -1  -1  -1  -1  -1  -1  -1  -1  -1  -1  -1 
 38  -1  -1 206 200  -1  -1  -1  -1 193 193  -1  -1 178 178  -1 180 180 195 195 195  -1  -1  -1  -1  -1 
 39  -1  -1  -1  -1  -1  -1  -1 207 207 207  -1  -1  -1  -1  -1  -1  -1  -1  -1  -1  -1  -1  -1  -1  -1 
 40  -1 250  -1  -1  -1  -1  -1  -1  -1  -1  -1 222 222  -1  -1 224 224 239 239 239  -1  -1 244 237 237 
 41  -1  -1  -1  -1  -1 251 251 251  -1  -1  -1  -1  -1  -1  -1  -1  -1  -1  -1  -1  -1  -1  -1  -1  -1 
 42  -1  -1  -1 294  -1  -1 288  -1  -1  -1 268 268 281 281  -1 266 266  -1  -1  -1  -1  -1 283 283 283 
 43  -1  -1  -1  -1  -1  -1  -1  -1  -1  -1  -1  -1 295 295 295  -1  -1  -1  -1  -1  -1  -1  -1  -1  -1 
 44  -1 313  -1 273  -1  99  -1  -1  -1  -1  -1  -1  94   9  -1  -1  -1  -1  -1  -1 241 181 183  -1  -1 
 45  -1  -1  93  95  -1   8  -1  -1  -1  -1  -1  -1  52  -1  -1  -1  -1  -1  -1  -1  -1  -1  -1 315  -1 
 46  -1  -1  53 197  -1 187  -1  -1  -1  -1  55  -1  -1  -1  -1  -1  -1  -1  -1  -1  -1  -1 137  65  -1 
 47  -1  -1  -1 141  -1  -1  -1 230  -1  -1  -1  -1  -1  -1  -1  -1  -1  -1  -1 309  -1  -1   7  -1  -1 
 48  11  -1  -1  -1  -1  -1  97  -1  -1  -1  -1  -1  -1  -1  -1  -1  -1  -1 308  -1  -1 139 272  -1 138 
 49  -1  -1 228  -1  -1  -1  -1  -1  -1 310  -1  -1  -1  51  -1  -1  -1  21  -1  -1  -1  -1 225  -1 185 
 50  -1  -1 184 231  -1  -1  10  -1  -1  -1  -1  -1 274  -1  -1  -1  -1  -1  -1  -1  -1 270  -1  -1  -1 
 51  -1  -1  -1  -1  -1  -1 226  -1  -1  -1  -1 186  -1 227  -1  -1  -1  -1 285  -1  -1  -1  96  -1  -1 
 52 143  -1  -1  54 314  -1  -1  -1 153  -1 140  -1   5  -1  -1  -1  -1  98  -1  -1 109  -1  -1  -1 229 
 53  -1  -1 269  -1  -1 271 182 275 311  -1  -1  -1  -1 142 312  -1  -1  -1  -1  -1 316   6  49  -1  50 

r\t   0   1   2   3   4   5   6   7   8   9  10  11  12  13  14  15  16  17  18  19  20  21  22  23  24 
  0 265  -1  -1  -1  -1  -1  -1 211  -1  -1  -1 287  -1  -1  -1 301  -1  -1  -1  -1  -1  -1  -1  -1  -1 
  1  -1  -1  -1  -1  -1  -1  72  -1  -1  -1  -1  -1  -1  -1  -1  -1  -1  -1  13  -1  -1 213  -1  -1  -1 
  2  -1 286  -1  -1  -1  -1  -1 299 208  -1  -1  -1  -1  70 127  -1 199  -1  -1  -1  -1  -1  -1  -1  -1 
  3  -1  -1  -1 278  -1  -1  -1 238  -1  -1  -1 167  -1 124 171  -1  -1  -1  -1  -1  -1  88 152  -1  -1 
  4  -1  -1  76 190  -1  -1  -1  -1  -1  -1  -1 110  -1  -1  -1  -1  -1  -1  -1  -1  -1  -1  16  16  -1 
  5  -1  -1 216  -1  22  -1 210  -1  -1  -1  -1  -1  -1  -1  -1  -1  -1  -1  -1  -1  -1  -1  -1  -1  -1 
  6  -1  -1  -1  64  -1  -1  -1  -1  -1  -1  -1 154 104 104  -1  -1  -1  15  -1  -1  -1  -1  -1  -1  -1 
  7 176  -1  -1 132  -1  -1  -1 245  -1  -1  -1  -1  -1  -1  -1  -1  -1  -1  -1  -1  -1 168  -1  85  -1 
  8  -1 242  -1 203  -1  -1  56  58  -1  -1  -1 194  -1  -1  -1  -1  -1  -1  29  -1  -1  -1  87  -1  -1 
  9  -1  -1 300  -1 126  -1  -1 188  -1  -1  -1  -1 221   0  -1  -1 179  -1  -1  -1  -1 257  -1  -1  -1 
 10  -1  -1  36 234 198  -1 284  79  -1  -1  -1  -1  -1  -1  -1 306  -1  -1  -1  -1  -1  -1  -1  -1  -1 
 11  -1  33  -1  77  -1  -1  -1  -1  -1  -1  -1  -1  26  -1  -1  -1  73 115  91  -1  -1 113 120  -1  -1 
 12 261  -1  14  -1  -1  -1  -1  -1  28  -1  -1  -1  -1  45  -1  -1  59  -1  -1  -1  -1 204 258  -1  -1 
 13  -1  -1 248 122  -1  -1 253 214  -1  -1  -1 247 291  -1  -1  -1  20  -1  -1 177  -1 262  -1  -1  -1 
 14  -1  -1  -1  -1  -1  62 292   3  -1 172  -1  -1  -1  -1  -1  -1 102 192 192  -1  -1  25 305  -1  -1 
 15 220 164 235 166  -1  -1  -1  -1  -1  -1 307  -1  -1  -1  -1  -1  -1 256  -1  -1  -1  -1  78  -1  -1 
 16  -1  -1 215  -1  -1 236 236  -1 279  -1 125  -1 246 264  -1 173  -1  -1 114  -1  -1 103  -1  -1  -1 
 17  -1  -1  -1  -1  -1 131 165  42 121  -1  40  -1 148 148  -1  -1  -1  -1 161  89  -1  -1  -1  -1 155 
 18  -1  -1  -1  27  -1  -1  37  -1  -1  -1  -1  69  80  41  -1  -1  -1  -1 252  -1  -1  -1  -1  -1 303 
 19   1 150  -1  -1  -1  -1 123 175  -1  -1  -1  -1  -1 297  66  -1  -1  -1  -1  -1  -1  -1  -1 202  -1 
 20  -1  -1  83  -1 259  -1  -1  -1  -1  -1  -1  -1  -1  -1  -1  -1  -1 106 201 302  -1 217 267 133  -1 
 21  -1  -1  -1 170  -1  43  35 116 101  -1  -1 243  -1  -1  -1  -1 232 147  -1  -1  -1  -1  57  -1  18 
 22  -1  -1  -1  -1  -1  -1  -1 276  -1  -1  -1  -1 117  -1  -1  -1 249 209  -1  -1  -1  -1 158  -1  -1 
 23  -1  -1 135  -1  -1  -1 219 223 160  -1  -1  -1  -1 233  -1  -1  -1  -1 289  -1  -1 240  -1 280 280 
 24  84  -1  -1 260  -1  -1 108  -1  -1  -1  -1  86 157  12  -1  -1  -1  38  -1  82  -1  -1 263  47  -1 
 25  -1  -1 189  -1  -1 129  81 100  -1  -1  -1  -1  -1  -1  -1  -1 298  -1 144  -1  -1 290  44  -1  -1 
 26  -1  -1 159 145  -1  -1  -1  -1 296  -1  60  60  -1  -1  -1  -1  -1  -1  -1  -1  -1  -1  -1  39  -1 
 27  -1  23  -1  71  -1  -1 196  -1 254  -1  -1 205  -1  -1 130  -1  -1  -1 111  -1  -1 128 304  -1  -1 
 28  -1  -1 218  -1  -1  -1  -1  -1  -1  -1  -1  -1  -1  -1  -1 282 212  -1  -1  -1  -1 255 174  -1  67 
 29  -1 293 277  -1  -1  -1  -1  34 191  -1  -1  -1  -1  -1  -1  -1  -1  -1  -1 169  -1 146  -1  32  -1 
 30  -1  -1   4   4  -1  17  17  -1  -1  -1  19  19  19  30  -1  -1  -1  -1  -1  -1   2   2  24  -1  -1 
 31  -1  -1  -1  -1  -1  -1  -1  -1  -1  -1  -1  -1  -1  -1  -1  31  31  31  -1  -1  -1  -1  -1  -1  -1 
 32  63  63  63  -1  -1  -1  -1  68  48  48  -1  -1  -1  -1  -1  -1  -1  61  61  -1  46  46  -1  74  -1 
 33  -1  -1  -1  -1  -1  -1  -1  -1  -1  -1  -1  -1  -1  -1  -1  -1  -1  75  75  75  -1  -1  -1  -1  -1 
 34  -1  -1 105 105  -1  -1  -1  -1  90  90  -1 112  92  92  -1  -1 118  -1  -1  -1  -1  -1 107 107 107 
 35  -1  -1 119 119 119  -1  -1  -1  -1  -1  -1  -1  -1  -1  -1  -1  -1  -1  -1  -1  -1  -1  -1  -1  -1 
 36  -1  -1  -1  -1  -1  -1 162 151 151 151  -1  -1  -1 156  -1 149 149  -1 134 134 136 136  -1  -1  -1 
 37  -1  -1  -1  -1  -1  -1  -1  -1  -1  -1  -1  -1  -1  -1  -1 163 163 163  -1  -1  -1  -1  -1  -1  -1 
 38  -1 206 200  -1  -1  -1  -1  -1 178 178  -1  -1 193 193  -1  -1  -1  -1  -1  -1 180 180 195 195 195 
 39  -1  -1  -1  -1  -1  -1  -1  -1  -1  -1  -1  -1 207 207 207  -1  -1  -1  -1  -1  -1  -1  -1  -1  -1 
 40  -1 250  -1 244  -1  -1  -1  -1 222 222  -1  -1  -1  -1  -1  -1  -1 239 239 239 224 224  -1 237 237 
 41  -1  -1  -1  -1  -1  -1  -1  -1  -1  -1  -1  -1  -1  -1  -1  -1  -1  -1  -1  -1  -1  -1 251 251 251 
 42  -1  -1  -1  -1  -1  -1  -1  -1 266 266  -1  -1 283 283 283  -1  -1 281 281  -1 268 268 288 294  -1 
 43  -1  -1  -1  -1  -1  -1  -1  -1  -1  -1  -1  -1  -1  -1  -1  -1  -1 295 295 295  -1  -1  -1  -1  -1 
 44  -1 197  -1  -1  -1  -1 271  95  10  -1  -1  -1 184 141  -1  -1  -1  -1   5  -1  -1  -1 229  -1  -1 
 45  -1 109  -1 227 311  -1  -1  21  -1  -1 312  -1  -1 187  -1  -1  -1  -1  -1   8  -1  -1  -1  -1  -1 
 46  -1  -1  -1  -1  -1 315 138  -1 137  -1  -1 314  -1  -1  -1  -1  -1  -1  52  -1  -1  -1  -1  -1  -1 
 47  -1 308 230 183  -1  -1  93  -1  -1  -1  -1  -1  -1  -1  -1  -1  53  -1  -1  -1  -1  -1  -1  -1  -1 
 48  -1  -1 153  55  -1  -1  50 185  -1  -1  -1  -1  -1  -1  -1  -1 231  -1  -1  -1  -1  -1 285  -1  -1 
 49  -1  -1 269  94  -1  -1 225  54  -1   9  -1  -1  -1  -1  -1  -1 270 313 273  -1  -1  -1  96 275  -1 
 50  -1  -1  -1 272  -1  -1 181  -1  -1  -1  -1  -1  -1 228 316 310  -1  -1  -1  -1  -1  -1   6  -1 309 
 51  -1  -1  51  -1  -1  -1  -1 274  -1  -1  -1  -1  49  -1 241  -1  99  -1  -1  -1  -1  -1  -1  -1  -1 
 52  97  -1 182  -1  -1  -1  -1  -1  -1  -1  -1  -1  -1  -1  -1  -1  -1  -1 226  -1  -1  -1 140  65  -1 
 53 143  -1  -1  -1  -1  -1   7 139  -1  -1  -1  -1 142  -1  -1  -1  -1  -1 186  -1  98  -1  -1  11  -1 

r\t   0   1   2   3   4   5   6   7   8   9  10  11  12  13  14  15  16  17  18  19  20  21  22  23  24 
  0  -1  -1 135  -1  -1  -1  -1  44  26  -1  -1  -1  -1  -1 129  -1 131  81  -1 132  -1  91  -1  -1 174 
  1  -1  -1  -1  -1  -1  -1 191  -1 102  -1  -1  -1 302  -1  -1  -1  -1 290  -1  -1  -1  -1  47  -1  -1 
  2  -1 247  -1  -1  -1  -1  -1  -1  -1  -1  -1  -1  -1  -1  -1  -1 232 159  -1  -1  -1 220 124 175  -1 
  3  -1  66  -1  -1  -1  -1  13  -1 243  -1 306  -1 170  -1  -1  -1  -1  -1  -1  -1  -1  -1 235 160  -1 
  4  -1 111  -1  -1 127  40  71  -1  -1  -1  -1  -1  -1  88 213  -1 249  -1  -1  -1  -1 173  -1 117  -1 
  5 155  -1  -1 133  -1 126  -1 148 148  -1 219 128  -1  -1  -1  -1  -1  -1  57  -1  -1  -1  84 221  -1 
  6 216  -1  -1  -1  -1  -1 259  -1  -1  -1  -1  -1  -1  -1  -1  -1  85  -1 123 263  -1  -1  -1  -1  -1 
  7  -1  -1 260  -1  -1  -1  -1 108  -1  -1  -1  -1  -1  -1  -1  -1  -1  -1  -1  -1  -1  -1  -1  -1  -1 
  8  -1  -1  -1 120  -1  -1  -1  -1 205  -1  82  -1  -1 276  -1  -1  -1  -1  -1  -1  -1 211  -1  -1  -1 
  9  -1  23  15  -1  -1  -1  -1  18  -1  -1  -1  -1  -1  -1  -1  -1  -1 265  -1  -1  -1 194  -1  -1  -1 
 10  -1  -1  77  -1  -1  -1  -1  72  -1  -1  -1 212  -1  -1  -1  -1 164  -1 158  -1  -1  -1  -1  -1  -1 
 11  -1  -1 261 189  -1  -1  -1  -1  -1  -1  -1  -1 121  -1  -1  -1  89 192 192  -1  -1  69  -1  -1  -1 
 12  -1  -1  -1 305 198  -1  -1 234  80  -1  -1  56  62  -1  -1  -1  -1  -1  -1  -1  -1 172  -1  -1  -1 
 13  -1 203 215  -1  -1  -1  -1  34  -1  -1  -1  -1  -1 169  -1  -1 204  16  16 177  -1  -1  -1 278  -1 
 14  -1 303  -1  -1  -1  -1  -1  -1  -1  -1  -1  -1  -1  58  -1  -1  -1  -1 257  -1  -1  -1  -1  -1  -1 
 15  -1  -1 168  -1  -1  -1  -1  -1 167  -1 301 286  43  -1  -1  -1  -1 284  -1  -1  -1  -1  -1  76  37 
 16  -1 166  -1  -1  -1  -1  38  39  -1  -1  -1 255 147  -1  -1  -1  -1  59  -1  -1  -1  -1  -1  32  -1 
 17  -1  -1 236 236 106  -1 293   3 297  -1  -1  -1  -1 240  -1  -1  -1  -1  -1  -1 262  -1 176  -1  -1 
 18  -1  -1 246  -1  41  -1  -1 122 218  -1  -1 292  -1 161   1  -1  -1  -1 256  -1  -1 165 279   0  -1 
 19  -1  -1  73 100  -1  -1  -1 253  14  -1  -1  -1  -1  42  -1  -1  -1  -1  -1  -1  -1 179  -1 210  -1 
 20  -1 289  -1  -1  -1  -1  -1  -1  64  -1 307  -1  -1  -1  -1  -1  -1 252  -1  -1  -1  12  83  -1  -1 
 21  -1  -1 113  -1  -1  -1  -1  -1 223  -1  -1  27  -1 115  -1  -1  -1  -1 202  -1  -1 277  -1  -1  -1 
 22  -1  -1  -1  79  -1  -1  -1  -1 254  -1  -1  -1  33  -1  -1  -1  -1  -1  -1  -1  -1  -1  -1  -1  -1 
 23  -1 150  -1  -1 282 214 103  -1  -1  -1 287  -1  -1 144  -1  -1  29  -1  -1  -1  -1 233 208 304  -1 
 24  -1  -1  -1  -1  -1  -1  -1 196  -1  -1  -1  36 209  -1  -1  -1  -1  -1 280 280  -1 152  87  -1  -1 
 25  -1 199  60  60  -1  -1 245 157  -1  -1  -1  -1  -1 201  -1  -1  -1 104 104  -1  -1 298  -1  -1  -1 
 26  22 125  -1 248  -1  -1 242  -1  45  -1 171 114  -1  -1  -1  -1  20  -1  -1  -1  -1 101 264  -1  -1 
 27 110  -1  -1  -1  67  -1 154  -1 217  -1  -1  -1  -1 296  -1  86  -1  35  -1  -1  -1  -1 146  -1  -1 
 28  -1  28  -1 258  -1  -1  -1 291  -1  -1  -1  -1 299  -1  -1  -1 190  -1  70  -1  -1  -1  25 145  -1 
 29  -1 238  -1  -1  -1  -1  -1  -1 188  -1  -1 267  78  -1  -1  -1 300 116  -1  -1  -1  -1  -1 130  -1 
 30  -1  -1  -1  -1  -1  -1  30  -1   2   2  17  17  -1  -1  -1   4   4  -1  -1  -1  -1  24  19  19  19 
 31  -1  -1  31  31  31  -1  -1  -1  -1  -1  -1  -1  -1  -1  -1  -1  -1  -1  -1  -1  -1  -1  -1  -1  -1 
 32  -1  68  48  48  -1  63  63  63  -1  -1  -1  74  -1  -1  -1  -1  -1  -1  46  46  -1  -1  -1  61  61 
 33  -1  -1  -1  -1  -1  -1  -1  -1  -1  -1  -1  -1  -1  -1  -1  75  75  75  -1  -1  -1  -1  -1  -1  -1 
 34  -1  -1  90  90  -1  -1  -1  -1 118  -1  -1 107 107 107  -1  -1  -1  -1  92  92  -1 112 105 105  -1 
 35  -1  -1  -1  -1  -1 119 119 119  -1  -1  -1  -1  -1  -1  -1  -1  -1  -1  -1  -1  -1  -1  -1  -1  -1 
 36  -1  -1  -1  -1  -1  -1 156  -1  -1  -1 149 149  -1 136 136 151 151 151  -1  -1  -1 162 134 134  -1 
 37  -1  -1  -1  -1  -1  -1  -1  -1  -1  -1 163 163 163  -1  -1  -1  -1  -1  -1  -1  -1  -1  -1  -1  -1 
 38  -1  -1 206 200  -1  -1  -1  -1 180 180  -1  -1 195 195 195 178 178  -1  -1  -1  -1  -1 193 193  -1 
 39  -1  -1  -1  -1  -1 207 207 207  -1  -1  -1  -1  -1  -1  -1  -1  -1  -1  -1  -1  -1  -1  -1  -1  -1 
 40  -1  -1 222 222  -1  -1  -1  -1  -1  -1 237 237  -1  -1  -1 224 224 239 239 239  -1 250 244  -1  -1 
 41  -1  -1  -1  -1  -1  -1  -1  -1  -1  -1  -1  -1 251 251 251  -1  -1  -1  -1  -1  -1  -1  -1  -1  -1 
 42  -1  -1 281 281  -1  -1 283 283 283  -1  -1  -1  -1 266 266  -1  -1  -1 268 268  -1  -1 294 288  -1 
 43 295 295 295  -1  -1  -1  -1  -1  -1  -1  -1  -1  -1  -1  -1  -1  -1  -1  -1  -1  -1  -1  -1  -1  -1 
 44  -1  -1  -1 181  -1  -1 315  -1  -1 138  -1 187 308 230  -1  -1 274  -1  -1  -1  -1 269  -1  -1  -1 
 45  -1  -1  -1  -1 312  -1  -1  -1  96  -1  -1  51  -1  -1  -1  -1  -1  -1  11  -1  -1  -1  -1  95 241 
 46  -1  -1  -1  -1  -1  -1  -1  -1  -1 225 109   8 285  -1  54  99  -1  -1 186  -1 310   5  -1 184  -1 
 47  -1  -1 183   6  -1  -1  -1 137  -1  -1 311  -1  21 182  -1  -1  -1 231 142  -1  -1  -1  -1  -1  -1 
 48  -1 313 153  -1  -1  -1  -1  -1  -1  50  -1 140  -1  -1  -1  -1  -1  -1  -1  -1  -1  -1 229  49  -1 
 49  -1  -1  -1  -1  -1  -1  -1 226  -1  -1  -1 227  -1  -1  97  -1  -1  98  -1  -1  -1  -1  -1  -1  -1 
 50 316  -1  -1 272  -1  -1  -1  -1 270 275  -1  -1  -1  -1  -1  -1  -1 185  -1  -1  -1 143  -1  -1  -1 
 51  -1  -1  -1  -1  -1  -1  -1  -1  -1  -1  -1  -1  -1  55  -1  -1  -1  -1  -1  -1  -1  -1  93  -1 197 
 52  -1  -1  -1  -1  -1  -1  -1  -1 139  -1  -1  -1  -1  10  -1  -1 141   7 228   9  -1  -1  -1 273  -1 
 53  -1  -1  -1  -1  -1 309  -1  -1  -1  94  -1  -1  -1  -1  -1 271  52  -1  -1  -1  -1  53  65  -1 314 

r\t   0   1   2   3   4   5   6   7   8   9  10  11  12  13  14  15  16  17  18  19  20  21  22  23  24 
  0  -1  -1  -1  13  -1  -1  -1  -1 157  -1  -1  89  40  -1  -1  -1  -1  -1 202  -1  -1  -1  -1  60  60 
  1  -1  -1  -1  -1  -1  -1 114  -1  -1  -1 238  29 104 104  -1  -1 234  -1  -1  -1  -1  -1  -1  -1  -1 
  2  -1 101 245  -1  -1  -1 167  -1  85  -1  -1 304  -1  -1  -1 130 190  -1  -1  -1  -1 257  73  -1  -1 
  3  -1 191  -1 253  -1  -1  -1  -1 217  -1  -1 124  -1  22  -1  -1  28  -1  -1  -1  -1 179 204  -1  -1 
  4  -1  -1  -1  -1  -1  -1  -1  -1  83  -1  -1 267  -1  -1  81  -1  -1 116  -1  -1  -1  -1  -1  -1  -1 
  5 265 232  -1  -1  -1  -1 302  84  26  -1  -1 160  -1  37  86 219  -1 240  78  -1  -1 297  -1  -1 216 
  6  42  -1  -1  -1  -1  -1  23  -1 152  -1  -1 108  -1 144  -1  -1  -1  -1 121  -1  -1  -1  -1  -1  -1 
  7  -1  -1 287  -1  -1  -1  -1  -1  64  -1 301  -1  -1  -1  -1  -1  -1  -1  -1  -1  -1  -1  27  33  -1 
  8  -1  -1  -1 264  -1  -1  -1  -1  76  -1  -1  59  -1 209  -1  -1 103  -1  -1  -1 106 201  -1  -1  -1 
  9  41 205  -1 300  -1  -1  -1  -1  -1  -1  -1  82 282  57  -1  -1  -1  -1  -1  -1  -1  -1 111  -1  -1 
 10 259  58  -1  -1  -1  -1 211  -1 131  -1  -1  -1  -1   3  -1  -1 123  -1  -1  -1  -1  -1  -1 246  -1 
 11  -1  -1  -1  -1  -1  -1  -1  -1  -1  -1  -1  -1  -1 132  -1  -1 155 168 235  -1 303 159  -1  -1   1 
 12  -1  -1  -1  -1  -1  -1  -1 146 247  -1  -1  12 165  -1  -1  -1  -1  -1 279  -1  -1  -1  -1  -1  -1 
 13  -1 292  -1  -1  -1  -1  70 170  -1  -1  -1  -1  -1  -1  -1  -1  -1  -1  -1  -1  -1 113  66 189  -1 
 14  -1  34  -1  -1  -1 128 299  -1  -1  -1  -1  -1 236 236  -1  -1  -1  -1  -1  -1  -1  20 171 293  -1 
 15  -1  -1  -1  -1  -1  -1 110  -1 125  -1  -1  -1  -1  -1  -1  -1  -1  -1  -1  -1  -1  -1 148 148  -1 
 16  -1  -1  -1  -1  -1  -1  -1 192 192  -1  -1  72  -1 255  -1  -1 135  77  -1  -1  -1 214  -1 212  -1 
 17  -1 161  -1 129  -1  -1  -1  -1  -1 176  -1  44  -1  -1  -1 175  -1  -1  -1  -1  -1  -1  -1  -1  -1 
 18  -1  -1  -1  -1  -1  -1 263  -1 102  -1  -1  -1  -1 276 218  -1  -1  -1  -1  -1  -1 223  -1  36  -1 
 19  -1  -1 196  -1  -1  -1  -1  -1 115  -1  -1  -1  -1 305  -1  45  71  -1 188  -1  -1  -1  16  16  -1 
 20  -1  -1 126 260  -1  -1  -1 208   0 127  -1 307  -1  -1  -1 150 256 194 133  -1  -1 172 166 100  -1 
 21  -1 147  -1  -1  -1  -1  -1 296 210  -1  -1  -1  -1  35  -1 177  15  -1  -1  -1  -1 213  -1 258  -1 
 22  -1  -1  -1 261  -1  -1  -1  -1  -1 262  -1  -1  -1  80  -1  -1  -1  -1  -1  -1  -1 145 199 233 173 
 23 220  -1  -1 280 280  -1 243  -1 277  -1  -1 252  18 117  91  -1  -1  -1 158  -1  -1 306 242  -1 169 
 24  -1  -1  -1  -1  -1  -1  -1  -1  -1 221  -1  -1 248  -1  -1  -1  62  -1 298  -1  -1  -1  -1 164  -1 
 25  -1  14  -1  32  -1  -1  -1 278  -1  -1  -1  -1  -1  -1  -1  -1  -1  -1  -1  -1  -1  88  -1  -1  -1 
 26  -1  -1  -1  -1  -1  -1  -1  -1 174  -1  -1  -1  -1 290  -1  -1  47  -1  38  -1  -1  -1 291  69  -1 
 27  -1  -1  -1  -1  -1  -1 198  -1  -1  -1  -1  -1 203  -1  -1  -1  -1  67  -1  -1  -1  79  -1  -1  -1 
 28  -1  -1  -1 122  -1  -1  -1  -1  -1  39 215  -1  87  -1  -1  -1 289  -1  56  -1  -1 249 254  -1  -1 
 29  -1 284  -1  -1  -1  -1 286  25  -1  43  -1  -1  -1  -1  -1  -1  -1 154  -1  -1  -1  -1 120  -1  -1 
 30   4   4  24  -1  -1  -1  30  19  19  19  -1  -1  -1  -1  -1   2   2  17  17  -1  -1  -1  -1  -1  -1 
 31  -1  -1  -1  -1  -1  -1  -1  -1  -1  -1  -1  -1  -1  -1  -1  -1  -1  31  31  31  -1  -1  -1  -1  -1 
 32  -1  74  61  61  -1  63  63  63  48  48  -1  -1  68  -1  -1  -1  -1  -1  46  46  -1  -1  -1  -1  -1 
 33  -1  -1  75  75  75  -1  -1  -1  -1  -1  -1  -1  -1  -1  -1  -1  -1  -1  -1  -1  -1  -1  -1  -1  -1 
 34  92  92  -1 105 105  -1  -1 118  90  90  -1  -1 112  -1  -1  -1  -1 107 107 107  -1  -1  -1  -1  -1 
 35  -1  -1 119 119 119  -1  -1  -1  -1  -1  -1  -1  -1  -1  -1  -1  -1  -1  -1  -1  -1  -1  -1  -1  -1 
 36  -1  -1 149 149  -1  -1  -1 156 136 136 151 151 151 162  -1  -1  -1  -1  -1  -1  -1  -1  -1 134 134 
 37  -1  -1 163 163 163  -1  -1  -1  -1  -1  -1  -1  -1  -1  -1  -1  -1  -1  -1  -1  -1  -1  -1  -1  -1 
 38 178 178  -1 193 193  -1  -1  -1  -1  -1  -1 200 195 195 195  -1  -1 206 180 180  -1  -1  -1  -1  -1 
 39  -1  -1 207 207 207  -1  -1  -1  -1  -1  -1  -1  -1  -1  -1  -1  -1  -1  -1  -1  -1  -1  -1  -1  -1 
 40  -1 250 239 239 239  -1 244 237 237  -1  -1  -1  -1 224 224  -1  -1  -1  -1  -1  -1  -1  -1 222 222 
 41  -1  -1  -1  -1  -1  -1  -1  -1  -1  -1  -1  -1  -1  -1  -1  -1  -1 251 251 251  -1  -1  -1  -1  -1 
 42  -1  -1  -1  -1  -1  -1  -1  -1 288  -1  -1  -1 294 266 266 281 281  -1 268 268 283 283 283  -1  -1 
 43  -1  -1  -1  -1  -1  -1  -1  -1  -1  -1  -1  -1  -1  -1  -1 295 295 295  -1  -1  -1  -1  -1  -1  -1 
 44 138  -1  -1  -1  -1  -1  -1  -1  -1  -1  -1 139  -1  -1  55  -1  -1 315  -1  -1  -1  -1  -1  96 274 
 45  -1  -1  -1  -1  -1 312  -1  95  -1  -1 311  10  -1  -1 143  -1  -1  -1   6  -1  -1   8  -1 272  98 
 46  -1  53  -1  -1  -1  -1  -1  -1  -1  -1  -1  -1 308  -1  -1  -1  -1  -1  -1 140  -1 197  -1  -1 185 
 47  -1  -1  21  -1  -1 109  -1  -1 231  -1  -1 285  -1 182  -1  -1  -1  -1  -1  -1  -1  -1  -1  49  -1 
 48  -1  -1  -1  -1  -1  -1  -1  -1  -1  -1  -1  -1  -1  -1   9  -1 270  -1  -1  -1  -1  -1  -1   7  -1 
 49  -1 275  -1  11 316  -1  -1 269  -1  -1  -1 228  -1  51  -1  -1  -1  -1  93  -1  -1  -1  -1  -1  -1 
 50  -1  -1  -1  -1  -1  -1  -1 225  -1  -1  -1  -1  65  99  -1 229  94  -1  -1  -1  -1  52 309  -1  -1 
 51  -1  -1 314  -1  -1  -1 153 184  -1  -1  -1 181  -1  -1  -1  -1 183  -1 227  -1 310 241  -1  -1  -1 
 52  -1 230  -1  -1  -1  -1  -1 141 273  -1  -1  -1  -1  -1  -1  -1 226  -1  -1  -1  -1  -1  -1  -1  -1 
 53  50 142  -1  -1  -1  -1 313   5 187 271  -1  -1  -1  -1  -1  97  -1  -1  -1  -1  -1 137  -1 186  54 

r\t   0   1   2   3   4   5   6   7   8   9  10  11  12  13  14  15  16  17  18  19  20  21  22  23  24 
  0  -1  -1  16  16  -1  -1  -1 278  81  -1  -1  -1  -1  -1  -1  -1  -1  -1   1  -1 172  83  -1  -1 286 
  1  -1 299  -1  66  -1  38 199  -1 243  -1  -1  -1  80  -1  -1  -1  -1  -1  73  -1 215  -1  -1  -1  82 
  2  -1  -1  -1  -1  -1  -1  -1  -1 203  -1  -1  -1  -1  -1  -1  -1  -1  -1  -1  -1  -1  -1  -1  -1  -1 
  3  -1  -1  -1 108  -1  -1 150 117  -1  -1  -1  -1  -1 194  -1  -1  -1  47  -1  -1  -1  85  -1  -1  -1 
  4  -1  -1 296  89 198  -1  -1  -1  -1  -1  -1 132 190 116  -1  -1  -1  -1  -1  -1  -1 191  -1  -1  -1 
  5  -1  -1  -1  -1  -1  -1 242 110  29  -1  -1 298  58  -1  -1  -1  -1 125  -1  -1 220  -1  -1  -1  -1 
  6  -1  12  -1 292  -1  -1  -1   0  40 128  -1 205 130  -1  -1  -1  -1  -1  57  -1  -1  -1  -1  -1  -1 
  7  -1 260  -1  -1  -1  -1  69  -1 256  -1  -1  -1 104 104  -1  -1  -1  -1 168  -1  -1  64  -1  -1 106 
  8  -1 120  45  -1  -1  -1  -1 259  -1  -1  -1  -1 213  -1  -1  -1  -1 208  -1  -1  -1  -1  -1  -1  -1 
  9  -1  -1  -1  34  -1  -1  37  91  -1  -1  -1  -1  -1 179  -1  -1  15  -1  -1  -1  -1  -1  -1  -1  -1 
 10  -1  -1  -1  -1  -1  -1  -1  -1  14  -1  -1  -1  -1  25 219  -1  -1  -1  -1  -1  -1 159 276  -1  -1 
 11  -1  -1  -1 146  -1  -1  -1  -1 126  -1  -1  -1  -1 210  -1  22  79  -1  77  -1  -1  88  -1 247  -1 
 12  -1  78  -1 232  -1  -1  62  -1  76  -1  -1  -1  -1  -1  -1  -1  -1  -1 297  -1  -1  -1  -1  -1  -1 
 13  -1  36  -1  -1  -1  -1 124  -1  -1  -1  -1  18  -1  -1  -1  -1 127 264  -1  -1  -1 115 114 287  -1 
 14  -1  -1  33  -1  -1  -1 249  -1 154  -1  -1  -1 289  -1  -1  -1 103  -1  -1  -1  -1  -1  -1  -1  -1 
 15  -1  -1 277  -1  -1  -1  -1  -1 223  -1  -1 255  -1  -1  -1  -1  -1  -1  -1  -1  -1 284  -1  -1  -1 
 16  43 245  -1 248  -1 170  -1  -1 282  -1 307 123  -1  -1  -1  -1 254  -1  -1  -1  -1  -1  -1  -1  -1 
 17  -1  27  -1  -1  -1  -1  -1 217 157  -1 303  -1  -1  72  -1  -1  -1  -1 235  -1  -1  28  -1  -1  -1 
 18  -1  -1 152  -1  -1  -1  -1  -1  -1  -1  -1  -1 148 148  42  -1  -1  -1 304  -1  -1  -1  -1 158  -1 
 19  -1  -1  -1 131  -1  -1  -1  13 267  -1  -1 165  -1  87 129  -1 258  -1  -1  -1  -1  -1 164  -1  -1 
 20 257  -1 113  -1  -1  -1  -1  -1 135  -1  -1 240 121  86  -1  -1  -1  -1  -1  23  -1 209 196  -1  -1 
 21  -1  -1  -1  -1  -1  -1  39  -1  -1  -1  -1 279  -1  -1  -1 176 212 166 305  -1  -1  -1 263  -1  -1 
 22  -1 101  -1 177  -1  -1 111 261  -1  -1 155  -1  -1  -1  -1  -1  -1  84 204  -1  -1 246 290  -1  -1 
 23  -1  -1  -1 301  -1  -1  -1 216 174  -1  -1   3  32 211  -1  -1  -1  -1 122  -1  -1  20  -1  -1  -1 
 24  60  60  41  -1 133  -1 300  -1 293  -1  -1  56 262  -1  -1  -1  -1  -1  26  -1  -1  70  -1  -1 238 
 25  -1  -1  -1 280 280  -1  -1  -1 302  -1  -1  71  -1  59  -1  -1 144  -1  -1  -1 265  -1  -1  -1  -1 
 26  -1 201 102 202  -1  -1 167 145 189  -1  -1  -1  -1  -1  -1  -1 234  -1  -1  67  -1  -1 214  -1  -1 
 27 192 192  -1  -1  -1  -1  -1 252  -1  -1  -1  -1  -1 160  -1  -1  -1  -1  -1  -1 306  -1  -1  -1  -1 
 28  -1  -1  -1  -1  -1  -1  35 171  -1  -1  -1 188  -1  -1  -1  -1 291 233  -1  -1  -1 221  -1  -1  -1 
 29  -1 147 253 161 175  -1 173  44 100  -1 218  -1  -1  -1  -1  -1  -1  -1 169  -1  -1  -1 236 236  -1 
 30  -1  -1  -1   4   4  -1  -1  -1  -1  -1  -1  30  19  19  19  -1  24  -1  -1  -1   2   2  17  17  -1 
 31  -1  -1  -1  -1  -1  -1  -1  -1  -1  -1  -1  -1  -1  -1  -1  -1  -1  -1  -1  -1  -1  -1  31  31  31 
 32  -1  -1  -1  74  -1  -1  -1  63  63  63  -1  -1  46  46  -1  -1  68  -1  -1  -1  48  48  -1  61  61 
 33  -1  -1  -1  -1  -1  -1  -1  -1  -1  -1  -1  -1  -1  -1  -1  -1  -1  -1  -1  -1  -1  -1  75  75  75 
 34  -1  -1  -1  -1  -1  -1  -1  -1 112  -1  -1  -1  92  92  -1  90  90 105 105  -1 107 107 107 118  -1 
 35  -1  -1  -1  -1  -1  -1  -1  -1  -1  -1  -1  -1  -1  -1  -1  -1  -1 119 119 119  -1  -1  -1  -1  -1 
 36  -1  -1  -1  -1  -1  -1  -1 156  -1  -1  -1  -1 162  -1  -1 136 136 149 149  -1 134 134 151 151 151 
 37 163 163 163  -1  -1  -1  -1  -1  -1  -1  -1  -1  -1  -1  -1  -1  -1  -1  -1  -1  -1  -1  -1  -1  -1 
 38  -1 178 178  -1  -1  -1 200 206  -1  -1  -1  -1  -1  -1  -1  -1  -1 195 195 195 180 180  -1 193 193 
 39  -1  -1  -1  -1  -1  -1  -1  -1  -1  -1  -1  -1  -1  -1  -1  -1  -1  -1  -1  -1  -1  -1 207 207 207 
 40 239 239 239 222 222  -1  -1  -1  -1  -1  -1  -1  -1 237 237 224 224 250 244  -1  -1  -1  -1  -1  -1 
 41  -1  -1  -1  -1  -1  -1  -1  -1  -1  -1  -1  -1 251 251 251  -1  -1  -1  -1  -1  -1  -1  -1  -1  -1 
 42  -1  -1  -1 268 268  -1  -1  -1  -1  -1  -1  -1 281 281  -1 266 266 283 283 283  -1 288  -1 294  -1 
 43  -1  -1  -1  -1  -1  -1  -1  -1  -1  -1  -1  -1 295 295 295  -1  -1  -1  -1  -1  -1  -1  -1  -1  -1 
 44  -1  -1  -1  -1  -1  -1  -1 230  -1  -1  -1 226  11  -1  -1  -1  51  -1  -1 153  -1  -1  -1  -1  -1 
 45 314 275  -1 141  -1 316 285  -1  -1  -1  -1  -1 142  -1  -1  -1  -1  65  -1  -1  -1  -1 229 109  -1 
 46  -1  53  -1  -1  -1  -1  -1 181  -1  -1  -1  54  -1  -1  -1  50  -1 228  -1  -1  -1  -1   6  -1  -1 
 47  -1  -1   5  -1  97  -1  -1  -1  52 309  -1  -1  -1 143 313  -1 184  -1 138  -1  -1 272  -1  -1  -1 
 48  -1  -1  -1  -1  -1  -1  -1  -1  98  -1  -1 187 231  -1  -1  -1  -1 140  93  -1  -1  -1  96 311  -1 
 49  -1  -1 271  -1  -1  -1  21  -1  -1 241  -1 269  -1  -1  -1  -1  -1  -1  -1  -1  -1  -1 137  -1  -1 
 50  -1  -1  95  -1  -1  -1 308  -1  10  -1  -1  -1  -1  -1  -1  -1  -1  -1  49  -1  -1  -1  -1  -1  -1 
 51  -1  99  -1  -1  -1  -1  -1  -1 182 197  -1  94  -1  -1  -1  -1   8  -1  -1  -1  -1  -1 273  -1  -1 
 52  -1  -1 225  -1  -1  -1  -1 139  -1  -1 312  -1 185  -1  -1  -1  -1  -1 227 315  -1  -1  -1  -1  -1 
 53  -1   9  -1  -1  55  -1  -1 274  -1  -1  -1  -1  -1 270  -1  -1  -1   7 183  -1  -1  -1 186  -1 310 

r\t   0   1   2   3   4   5   6   7   8   9  10  11  12  13  14  15  16  17  18  19  20  21  22  23  24 
  0  -1  -1  -1  -1  -1  -1  -1  43 277  -1  -1  -1 179 164  -1 177 122  -1  -1 110  -1  58  -1 208  -1 
  1  -1  -1 248 299  -1  -1  -1  -1  57  -1  -1  -1  -1 215  -1  -1  -1 108  -1  -1 130 125  -1  -1  -1 
  2  -1  62  -1  -1  -1  -1   1 289  72  -1  -1  -1  -1  -1  -1  -1  -1  -1  -1  -1  -1 240 300  -1  -1 
  3  -1  47  39 135  -1  -1  -1 236 236  -1  -1  -1  -1 172  -1  -1  -1  37  69  -1  -1 257 148 148  -1 
  4  -1  -1  -1  -1  -1  -1 116  29  -1  -1  -1  -1  -1 175  -1  -1 204  -1  -1  -1  -1  -1  -1  -1  -1 
  5  -1  -1 296 188 132  -1  -1 106 160  -1  -1 100  -1 253  83  -1  -1  -1  60  60  -1 258  -1  -1  -1 
  6  -1 102  -1  -1  -1  -1  -1  -1 256  -1  -1  -1 104 104  -1  -1 234  -1 101  40  -1  -1 267  -1  -1 
  7  -1 209 282 264  -1  -1  20  -1  -1  -1  -1  -1 173  77  -1  -1  -1  -1  -1  -1  -1  -1  -1  34  -1 
  8  -1  -1  -1  -1  -1  -1  79  -1  -1  -1  -1  -1  -1  -1  -1  -1  -1  66  -1  -1  -1 290  -1  -1  -1 
  9 198  -1  -1  42  -1  -1  -1  -1  -1  -1  -1  -1  -1 128  -1  -1 166 280 280  -1  -1 120  -1  -1  -1 
 10  -1 292  -1  82  -1  -1  -1 263  -1  -1  -1  76 245 176  -1 306  -1  -1 305  -1  -1 127  -1  -1 216 
 11  -1 220  -1 212  22  -1  -1  -1  -1  -1  -1  -1 158  -1  -1  -1  -1  -1  -1  -1  -1  88 211  13  -1 
 12  -1 217  -1 161  -1  -1  -1  -1  -1 221 219  -1  -1 203  -1  -1  -1  -1  32  -1  -1 210  -1 131  -1 
 13  -1  -1  -1 247  -1  -1  -1  -1 298  -1  -1 254  71 124  -1  -1  -1  -1  -1  -1  -1  -1  -1  -1  -1 
 14  -1  -1  -1  -1  -1  -1  -1  -1  -1  -1  -1 261  -1 304  -1  -1 146  16  16  -1  -1  -1  -1  -1  -1 
 15  41 278 111  -1  -1  -1 191  -1  -1  -1  -1 159  -1  -1  -1  45  -1  -1 126  -1  -1  -1  -1  -1  -1 
 16  -1 147  -1  91  -1  -1 133  -1 121  -1  -1 189 117  -1  -1  -1  -1  -1  -1  -1  -1 190  -1  -1  -1 
 17  -1 218 194  28  -1  -1 279  -1  -1  -1  -1  -1  -1 235  -1  -1  -1 150  -1  -1  -1  -1  -1 174  -1 
 18  -1  -1  -1  -1  -1  -1  59  84  -1  -1  -1  -1  -1  -1  -1  -1 129  -1  -1  -1  -1 255  -1   0  -1 
 19  -1  38  -1 232  -1  -1 249  -1  -1  -1  -1  64 199  -1  -1  -1  -1 202 291  -1  -1 103  -1 265  -1 
 20  -1  -1 115  -1  -1  -1  -1  -1  -1 262  -1  -1  -1  -1  -1  -1  -1 168  -1 303  -1  73   3 167  -1 
 21  -1  78  -1  -1  -1  -1  -1 154 144  -1  -1  12  -1  -1  -1  -1  25 260  -1 238  -1  -1  27  -1  -1 
 22 170  -1 152  -1  -1  -1 223  -1  -1  -1  -1  -1 293  -1  -1  -1  -1  -1  -1  -1  -1  14 192 192  -1 
 23  -1  -1 201  -1  -1  -1  -1  23 205  -1  -1  -1 233  -1 171  -1  -1  -1 145  -1  -1 276  -1 113  -1 
 24  -1  -1  67  -1 301  -1  -1  -1  -1  -1  -1  -1  -1  -1  -1  -1  -1 242  -1  -1  -1  -1  -1  -1  -1 
 25  -1 114  86  -1  -1  -1  -1  -1 307  -1  -1  -1  -1 297  -1  -1  -1 302  -1  -1  -1  -1  -1  -1  -1 
 26  -1 169  -1  44  89  -1  -1  -1  35  -1  -1  -1  -1  26  -1  -1  -1  70  -1  -1 286 157  -1  -1  -1 
 27  87 246  -1  -1  -1  -1  -1 123  -1  -1  -1  -1  -1  -1  -1  -1  -1  -1  -1  18  -1  36  -1  -1  -1 
 28  -1  -1  -1  -1  -1  -1  -1 165  -1  -1  -1 213  -1  -1  -1  -1  80 252  -1  -1  -1  33  -1  -1  -1 
 29 214  81  -1  56  -1 155 243 196  15  -1  -1 259  -1  85  -1  -1 284  -1  -1  -1  -1  -1 287  -1  -1 
 30  -1  -1  17  17  -1  -1  -1  -1   2   2  -1  30  19  19  19   4   4  24  -1  -1  -1  -1  -1  -1  -1 
 31  31  31  31  -1  -1  -1  -1  -1  -1  -1  -1  -1  -1  -1  -1  -1  -1  -1  -1  -1  -1  -1  -1  -1  -1 
 32  -1  -1  74  -1  -1  -1  -1  68  48  48  -1  -1  63  63  63  -1  -1  -1  46  46  -1  -1  61  61  -1 
 33  -1  -1  -1  -1  -1  -1  -1  -1  -1  -1  -1  -1  -1  -1  -1  -1  -1  -1  -1  -1  -1  -1  75  75  75 
 34  -1  -1  -1 118  -1 105 105  -1  90  90  -1 112  92  92  -1  -1  -1  -1  -1  -1  -1  -1 107 107 107 
 35  -1  -1  -1  -1  -1  -1  -1  -1  -1  -1  -1  -1  -1  -1  -1 119 119 119  -1  -1  -1  -1  -1  -1  -1 
 36  -1  -1  -1  -1  -1  -1  -1 162 136 136 151 151 151  -1  -1 134 134  -1  -1  -1 149 149 156  -1  -1 
 37 163 163 163  -1  -1  -1  -1  -1  -1  -1  -1  -1  -1  -1  -1  -1  -1  -1  -1  -1  -1  -1  -1  -1  -1 
 38  -1  -1  -1 178 178  -1  -1  -1 193 193  -1 200 206  -1  -1  -1  -1 195 195 195  -1 180 180  -1  -1 
 39  -1  -1  -1  -1  -1 207 207 207  -1  -1  -1  -1  -1  -1  -1  -1  -1  -1  -1  -1  -1  -1  -1  -1  -1 
 40 239 239 239 222 222  -1  -1  -1  -1  -1  -1  -1 224 224  -1  -1 244  -1 250  -1  -1  -1 237 237  -1 
 41  -1  -1  -1  -1  -1  -1  -1  -1  -1  -1  -1  -1  -1  -1  -1  -1  -1  -1  -1  -1  -1  -1 251 251 251 
 42  -1  -1  -1 281 281  -1  -1  -1 266 266  -1  -1 283 283 283  -1 294 288 268 268  -1  -1  -1  -1  -1 
 43  -1  -1  -1  -1  -1 295 295 295  -1  -1  -1  -1  -1  -1  -1  -1  -1  -1  -1  -1  -1  -1  -1  -1  -1 
 44  -1  -1  -1 109  -1  -1  -1  -1 225  -1  -1 241  -1  -1  -1 229  -1  -1   9  -1  -1  -1  -1 185 311 
 45  -1  -1 308  -1  55  -1  -1  -1  -1  -1  -1   8  -1  -1  -1  -1 275  -1  -1  -1 316 230 231  51  -1 
 46  -1  -1  -1  -1  -1  -1  -1  -1  -1  -1  -1 186  -1 273  -1 274 226  -1  -1  -1  -1  -1  -1  93  -1 
 47  -1 181  -1  -1  -1  -1  -1  -1  -1  -1  -1 142  52   5  -1  -1  -1  -1 183  -1  -1  53  -1  -1  -1 
 48  -1 269  -1  -1  -1  -1  50  -1 184 187  -1  -1  -1  -1  -1  -1  54  -1  96 143  -1 272 137  -1  -1 
 49 314  11  -1  -1  -1  -1  -1  65  -1  -1  -1  49  -1  -1 197  -1  -1 315  -1  -1  -1  -1  -1  -1  -1 
 50  -1  99  -1 153  -1  -1  -1  -1  -1  -1  -1  98  -1 141 310  -1  94  -1  -1  -1  -1   6  21 228  -1 
 51  -1  -1  -1  -1 271  -1  95  -1  -1  -1  -1 270   7  -1  -1  -1  -1  -1 140  -1  -1 139  -1  -1 285 
 52  -1  -1  -1  -1  -1 312  -1  -1  -1  -1  -1  -1  -1  -1  -1  -1 182  -1  -1  -1  -1  -1  97  -1  -1 
 53  -1  -1  -1  10  -1  -1  -1 313  -1  -1 309  -1  -1  -1  -1  -1  -1  -1 227  -1  -1  -1  -1 138  -1 

