317
16 3
6 3
20 30
1 4
3 30
17 44
23 53
8 47
7 44
2 50
11 45
22 50
3 8
8 4
7 4
2 15
22 11
10 30
24 23
15 30
6 24
13 52
1 21
18 5
2 30
3 25
8 24
17 17
23 10
13 1
7 30
10 31
1 12
18 23
22 20
21 8
16 29
19 22
4 25
2 6
0 7
18 13
6 19
23 15
22 25
8 22
23 32
11 25
15 32
6 44
1 49
2 49
3 51
7 50
20 50
21 44
6 14
1 5
7 5
21 28
22 14
17 32
13 9
2 32
16 13
12 48
5 8
11 1
13 32
2 26
3 20
21 11
23 23
11 21
7 32
17 33
16 12
21 15
6 13
13 16
1 0
24 1
23 0
20 23
3 3
2 9
1 19
2 8
7 1
11 16
23 34
1 2
3 34
16 47
22 44
2 46
8 49
15 53
6 51
17 53
3 16
23 9
8 6
2 12
15 0
20 34
5 4
12 34
7 14
10 45
18 27
1 23
7 34
2 0
13 14
12 2
18 8
8 13
6 34
20 35
3 12
17 23
23 26
16 18
11 26
1 14
2 5
2 2
18 28
3 11
12 21
8 3
22 23
1 7
3 36
8 12
15 36
7 49
24 47
2 48
6 48
11 49
23 48
20 48
16 1
2 27
23 4
3 26
10 15
18 36
8 21
5 36
22 27
21 47
12 3
13 15
22 36
23 12
2 20
12 9
6 6
16 22
8 36
17 37
13 12
7 17
11 7
21 29
1 27
10 17
17 25
11 23
11 24
24 5
20 6
3 13
15 5
20 14
3 38
6 20
7 38
11 47
17 49
16 53
22 48
2 45
1 53
21 46
1 17
2 25
3 10
17 11
7 28
18 38
12 11
22 38
16 20
14 48
6 4
13 17
13 38
22 28
23 27
11 18
3 29
7 19
2 38
17 39
1 10
12 4
6 7
6 16
21 9
12 22
3 6
1 11
8 17
19 9
15 15
1 8
22 10
21 2
3 40
2 4
23 40
1 44
8 50
16 45
11 51
15 50
6 46
17 50
23 28
11 9
22 24
13 11
15 9
0 40
20 28
7 40
12 7
5 45
18 10
2 28
17 40
8 25
21 21
22 22
16 26
3 23
6 40
12 41
2 1
7 8
18 9
11 8
1 26
0 29
16 25
2 14
6 25
14 11
18 22
20 13
1 22
20 0
3 42
15 20
23 42
21 53
6 47
2 53
16 50
8 48
22 53
7 45
23 13
2 7
1 18
21 6
7 18
17 42
5 16
10 42
22 6
15 46
0 24
13 28
7 42
2 22
23 24
13 13
12 20
2 13
16 42
17 43
6 8
11 2
1 9
8 5
22 12
15 12
1 24
4 10
13 3
11 4
6 9
19 3
12 52
9 51
5 53
19 52
0 51
13 44
10 44
18 52
14 53

