317
16 28
8 10
5 30
11 28
0 30
3 48
12 48
15 48
23 46
2 48
13 48
7 45
16 5
23 24
7 20
6 27
12 7
2 30
11 7
17 30
21 10
24 45
4 12
9 19
12 30
11 18
18 15
2 22
23 17
6 22
16 30
20 31
13 12
1 1
3 12
7 27
1 23
20 5
1 29
22 9
16 3
19 29
0 3
4 10
23 22
3 5
0 32
18 5
5 32
2 49
21 49
12 52
16 49
7 52
13 47
11 49
1 24
6 18
2 26
11 15
12 22
15 32
18 23
22 32
21 17
8 49
4 27
9 7
13 32
12 1
22 11
8 21
6 26
18 29
2 32
15 33
23 1
7 15
1 27
13 28
21 0
11 27
11 29
21 5
10 21
14 23
19 25
9 27
23 5
16 20
0 34
7 22
5 34
3 50
18 52
15 49
13 49
12 46
8 47
2 45
6 0
13 27
3 10
2 29
17 24
10 34
24 26
20 34
23 8
4 52
9 16
7 10
7 34
3 14
21 25
22 15
18 6
6 9
23 34
10 35
1 10
2 19
12 6
17 3
8 13
13 23
7 13
14 20
22 10
7 26
22 3
10 22
13 10
3 9
5 36
23 18
0 36
12 49
2 47
18 51
16 52
21 52
11 50
15 46
16 9
1 15
2 18
18 17
12 26
10 36
4 4
7 36
22 23
17 52
23 7
24 1
16 36
18 0
6 10
8 15
11 4
23 16
13 36
20 37
7 17
12 29
2 20
17 12
1 6
10 7
14 7
12 15
14 27
13 29
15 11
9 0
12 28
15 18
5 38
18 18
0 38
8 45
13 53
11 44
21 48
3 52
16 44
23 53
6 19
16 1
8 8
11 25
12 20
22 38
7 11
2 38
21 18
18 46
10 19
17 10
13 38
8 9
17 18
16 25
7 29
21 13
11 38
22 39
2 24
12 25
1 8
1 26
6 5
22 19
7 19
2 14
7 5
9 21
5 26
2 21
2 27
21 6
0 40
13 24
15 40
23 52
11 53
7 46
8 52
3 49
12 47
6 52
16 21
1 17
12 18
11 24
2 28
7 40
20 25
17 40
21 29
9 52
13 3
22 28
11 40
17 14
1 5
13 13
16 7
22 14
3 40
5 41
23 20
18 16
2 23
8 20
21 28
8 3
11 5
18 4
11 13
6 23
13 18
15 13
7 23
12 11
0 42
18 12
15 42
23 48
21 51
5 46
11 52
8 50
13 50
6 46
16 15
7 6
6 11
1 22
10 11
3 42
18 19
22 42
13 5
17 51
9 11
14 29
8 42
2 15
13 11
23 10
17 27
22 27
11 42
2 43
16 16
21 9
1 28
18 9
6 6
0 5
4 5
21 11
6 28
6 13
10 17
20 3
10 50
17 46
19 46
14 48
24 47
22 44
9 46
4 44
20 45

