1 2573 371.516000 14644 1668 847 429 4000 6000 1700
2 7864 345.672000 15988 1701 710 477 6000 5500 1600
3 3381 352.953000 11233 1665 725 443 1000 5500 1900
4 8146 341.233000 15231 1572 892 467 5000 5500 1800
5 16074 368.876000 12209 1741 719 449 4000 2500 2800
6 11787 344.437000 12482 1621 712 449 3000 5000 1700
7 31201 353.454000 6920 1546 736 438 1000 2000 1200
8 2404 337.796000 13819 1689 702 428 4000 5500 1500
9 6561 358.016000 13780 1509 1156 415 7000 1500 2200
10 12731 328.281000 10041 1560 646 435 2000 3000 2400
