317
21 6
14 7
18 30
16 20
3 30
1 49
8 50
20 48
13 49
0 49
12 49
17 44
21 13
1 2
3 23
8 8
18 9
12 30
16 3
22 30
7 21
2 53
11 8
6 19
11 30
22 1
12 17
3 24
6 28
16 22
21 30
7 31
23 9
1 3
2 1
17 26
3 8
15 25
17 14
3 4
21 2
21 1
10 18
8 27
12 26
3 10
13 32
21 28
18 32
20 51
17 47
8 44
1 47
16 52
0 53
4 49
1 5
13 16
12 27
16 1
17 12
7 32
21 12
22 32
3 2
11 47
2 0
6 29
16 32
21 9
23 25
13 0
18 20
6 9
1 32
7 33
12 0
11 2
2 23
17 3
22 29
16 25
5 13
8 19
22 11
9 19
16 17
5 20
21 16
3 21
13 34
2 15
0 34
19 50
7 48
8 46
18 45
4 52
20 44
12 50
13 20
12 24
1 27
21 20
18 11
7 34
5 4
22 34
3 19
6 48
11 20
2 24
2 34
7 14
23 4
22 18
13 22
1 6
21 34
15 35
6 5
11 1
16 28
12 4
3 18
5 10
17 25
11 19
21 8
9 4
11 6
0 16
3 14
21 19
13 36
16 26
18 36
1 53
4 53
2 44
20 53
17 49
12 51
0 51
12 25
18 7
13 10
1 1
2 26
22 36
15 2
7 36
21 24
16 47
11 28
6 7
3 36
2 2
18 14
13 2
7 18
11 3
6 36
22 37
12 15
6 21
16 13
1 21
21 25
2 10
17 8
6 1
9 20
3 0
17 2
16 21
0 11
20 17
3 38
21 21
18 38
8 52
12 45
17 45
2 48
16 46
1 51
7 53
18 23
16 14
1 20
8 23
2 20
22 38
6 6
12 38
7 28
21 47
15 24
11 13
16 38
13 25
8 4
6 25
12 28
21 7
17 38
22 39
3 1
18 15
1 26
2 16
11 15
6 17
19 6
9 27
4 27
19 2
1 9
2 5
0 8
2 6
3 40
7 24
13 40
1 52
16 50
18 50
20 52
17 50
21 52
8 48
13 14
1 10
18 24
8 17
3 17
22 40
19 7
10 40
21 22
7 50
15 12
6 15
16 40
6 3
2 28
13 15
11 12
3 3
7 40
22 41
17 22
12 21
8 21
18 17
21 29
18 16
7 16
5 26
16 19
17 9
2 4
4 12
17 17
0 14
18 42
3 22
7 42
2 47
13 48
4 48
21 53
12 52
16 49
1 46
7 5
18 21
17 20
16 27
2 13
12 42
11 11
20 42
1 7
5 45
6 26
23 8
2 42
13 7
22 4
8 20
18 6
7 22
23 42
12 43
17 18
6 13
11 23
16 24
1 23
17 21
6 0
18 19
20 27
11 5
24 1
18 13
11 51
22 48
23 50
10 53
5 51
6 50
9 50
15 46
24 44

