317
16 7
24 2
20 30
17 4
13 30
8 46
23 52
7 47
0 51
11 46
1 45
6 46
8 9
21 25
16 24
13 12
22 15
2 30
17 10
5 30
1 10
18 52
10 15
12 11
8 30
7 17
21 27
13 18
1 25
18 7
23 30
2 31
6 7
11 11
12 12
16 13
13 25
10 21
3 3
13 2
17 22
4 11
6 2
2 20
0 2
20 11
13 32
23 11
10 32
21 50
8 44
17 46
6 51
1 47
24 51
16 53
21 28
17 11
6 5
16 26
13 14
7 32
12 13
2 32
1 27
18 49
23 10
22 3
22 32
1 5
23 22
13 11
12 17
2 23
16 32
7 33
6 28
2 18
18 20
11 21
21 20
19 22
7 6
13 9
15 22
0 18
13 26
19 17
7 20
16 20
10 34
6 19
0 34
2 52
13 46
8 47
23 48
21 46
17 45
20 47
17 0
1 14
2 22
21 12
7 12
12 34
15 20
22 34
11 23
3 49
6 3
18 24
8 34
23 21
16 25
17 27
1 11
7 28
6 34
12 35
22 22
2 9
11 1
3 9
18 10
21 6
1 3
24 25
5 21
2 19
6 1
19 25
8 24
21 3
0 36
6 14
10 36
17 50
14 45
23 45
7 46
13 52
16 46
20 46
17 3
13 15
11 14
1 20
7 0
2 36
6 9
22 36
16 12
12 53
18 2
15 15
6 36
8 19
22 20
18 18
11 2
1 16
12 36
2 37
16 2
12 15
17 15
7 25
23 23
1 0
3 21
19 5
7 15
2 14
11 18
13 27
2 8
10 3
23 38
17 16
20 38
6 53
8 50
16 47
1 49
14 53
13 44
11 50
11 8
16 11
21 1
6 10
22 0
8 38
18 14
0 38
13 10
17 52
12 8
3 28
11 38
23 8
3 6
2 16
12 5
21 14
22 38
5 39
17 12
8 2
18 13
18 4
13 22
3 12
15 8
0 21
0 22
24 12
17 1
1 2
8 29
23 18
10 40
1 17
20 40
13 51
17 49
7 49
24 53
6 47
16 48
0 52
7 11
17 17
8 5
16 6
20 7
12 40
9 14
2 40
11 19
1 48
22 6
18 27
8 40
16 10
23 28
22 7
6 21
3 26
17 40
12 41
2 1
18 17
7 14
11 4
1 24
3 2
13 28
6 22
3 14
3 18
10 16
17 6
13 19
20 16
10 42
17 20
23 42
16 44
6 49
14 44
7 53
1 53
21 52
0 53
21 26
11 22
13 24
3 27
15 27
0 42
12 20
7 42
23 19
22 51
17 7
18 12
17 42
2 26
18 22
22 2
13 21
6 6
16 42
2 43
12 24
21 16
1 18
11 27
8 22
5 14
13 0
8 20
19 8
15 19
16 23
13 20
18 51
5 49
9 52
19 46
12 46
3 45
4 48
22 50
15 48

