r\t   0   1   2   3   4   5   6   7   8   9  10  11  12  13  14  15  16  17  18  19  20  21  22  23  24 
  0 236 236  -1 164  -1  -1  -1  -1  -1  -1  -1  77  -1  83  -1  -1  -1  -1  -1  -1 174  -1 152  -1  -1 
  1  -1 191 238 103  -1  -1  57 299 235  -1  -1  -1 307 290  -1  -1  39 189  12  -1  -1  -1  -1  -1  -1 
  2  -1  -1  -1  -1  -1  -1 196  -1  -1  -1  -1 240  -1  91 286  -1 208 170 249  -1  -1 108  -1  -1  -1 
  3  -1 117  -1  -1  -1  -1 296  -1  -1  -1  -1  -1 148 148  -1  -1  -1  -1  -1  -1  -1 221  -1  35  -1 
  4  -1  56  -1  -1  -1  -1  -1 122  -1  -1  -1  -1 265  36  -1  -1  -1  64 298  18  -1 284 223  -1  -1 
  5  -1 102 300  -1  -1  -1  -1  -1  -1  -1  -1  33  -1  60  60  -1 254  -1 147  -1  -1  -1 245 161  -1 
  6  -1  -1  -1  -1  -1  41  -1  -1  -1 129  -1  -1  -1  -1  -1  -1  -1  -1  81  -1  -1  -1 201  -1  -1 
  7  -1  -1  -1 232  -1  -1 160  -1 267  -1  -1 131  43  -1  -1  -1  -1  -1  89  -1  -1  -1  -1 234  -1 
  8  -1  -1  66  -1  -1  -1  -1  69  -1  -1  -1  42  -1 278  -1  -1 279 144  -1  -1 194  58 291  -1  -1 
  9  -1  79 248  26  -1  -1  -1  -1  -1  -1  -1  -1  -1  -1  -1  -1  73  -1  -1  -1  -1  -1  -1  -1  -1 
 10  -1  -1  -1 293 173  -1  -1  -1  -1  -1  -1  -1  -1 204  -1  -1  -1  -1  59  -1  -1  -1  -1  -1  -1 
 11  -1  -1 111  -1  -1  -1 205 165  -1  -1  -1  -1 202  -1  -1  -1  -1 246  -1  -1  -1  -1 280 280 171 
 12  -1 159  -1  -1  -1  -1 101  -1  -1  -1  -1  -1 123 255  -1  -1  -1  -1  -1  -1 106  84  29 253  -1 
 13  -1  44 158  -1  -1  -1  28  -1  -1  -1  -1  -1  76  -1  -1  -1  -1  -1 179  -1  -1  -1  -1 113  -1 
 14  -1  -1  -1  -1  -1  -1  -1  -1  -1  -1  -1  -1  -1  -1  -1  -1 289  -1  -1  -1  -1  -1  -1  -1  -1 
 15  -1  -1  -1  88  -1  87  -1 263 145  -1  -1  -1 306  -1  -1  -1  -1  -1  -1  -1  -1  -1  14  -1  -1 
 16  -1  -1  -1  -1 220 258  -1  -1 259  -1  -1  -1  -1  -1  -1  -1 154  -1  -1  -1  -1  -1  -1 209  -1 
 17  67  -1  16  16  -1  -1  70 282  -1  -1  -1  -1  -1  -1  -1  -1  82  -1  -1  -1  -1  -1  -1 188  -1 
 18  -1 125  34  -1 218  -1  -1  -1  -1  -1  -1  -1  -1  71  -1  -1  -1  -1  -1  -1  -1  -1 243 150  -1 
 19  37  -1 211  -1  -1  -1  -1  -1  -1  -1 126 116 104 104  -1  -1  86 100  -1  -1  -1  -1  -1  15   1 
 20  -1  -1  72  -1 132 261  -1 242  -1  -1  -1  -1  -1  -1  -1 301  -1 166 199  -1  -1  13  -1 262  -1 
 21  -1  -1  -1 264  -1  -1  -1  -1  -1  -1  -1  -1  -1  27  -1  -1  -1  -1  -1  -1  -1  -1  -1  78  -1 
 22  -1  -1  -1  -1  -1  -1  -1  -1  -1  -1 177  -1  47  -1  -1  -1  -1  -1  -1  -1  -1  -1  -1  -1  -1 
 23  -1  -1  -1 175  -1  -1 256  -1  80 257  -1  -1 157  -1  -1  -1  -1 217 130  -1  -1  -1  -1  -1  -1 
 24  -1 214  -1  -1 176  -1 146  -1  -1  -1  -1  -1   0  -1  -1  -1  -1  -1 203  -1  -1  -1 303  -1  -1 
 25 198 210  -1  -1  -1  -1  -1  -1  -1  -1  -1  -1  62  -1 155  -1 110  -1  -1  -1 287  -1 120 297  -1 
 26  -1  23 124 247  -1 304 276  -1  -1 213  -1  -1  -1  -1  -1  -1  32  -1  -1  -1  -1 212  -1 128  -1 
 27 172 260 192 192  38  -1  -1  -1 292  -1  -1  -1  -1  -1  -1  -1  -1  -1 114  -1  22  -1  -1 135  -1 
 28  -1 127  -1  45  -1 133 233  -1  -1 215  -1 277  -1 121  -1  -1  -1 115  25  -1  -1  -1 169  -1  -1 
 29  -1   3  -1 216  -1  -1  20 252  -1  -1  -1  -1  -1 167  85  -1  40 302 168 305  -1  -1 190  -1 219 
 30  -1  30  -1   4   4   2   2  17  17  -1  -1  -1  19  19  19  -1  -1  24  -1  -1  -1  -1  -1  -1  -1 
 31  -1  -1  -1  -1  -1  -1  -1  31  31  31  -1  -1  -1  -1  -1  -1  -1  -1  -1  -1  -1  -1  -1  -1  -1 
 32  -1  68  -1  -1  -1  46  46  63  63  63  48  48  -1  -1  -1  -1  -1  -1  -1  -1  -1  74  -1  61  61 
 33  -1  -1  -1  -1  -1  -1  -1  -1  -1  -1  -1  -1  -1  -1  -1  -1  -1  75  75  75  -1  -1  -1  -1  -1 
 34  -1  -1  -1 112  -1  92  92  -1 105 105  90  90  -1  -1  -1  -1 118  -1  -1  -1  -1  -1 107 107 107 
 35  -1  -1  -1  -1  -1  -1  -1 119 119 119  -1  -1  -1  -1  -1  -1  -1  -1  -1  -1  -1  -1  -1  -1  -1 
 36 151 151 151  -1  -1  -1  -1  -1 162  -1  -1 156 136 136  -1  -1  -1 134 134  -1 149 149  -1  -1  -1 
 37  -1  -1  -1  -1  -1  -1  -1  -1  -1  -1  -1  -1  -1  -1  -1  -1  -1  -1  -1  -1 163 163 163  -1  -1 
 38  -1  -1  -1 200  -1 180 180  -1 193 193  -1  -1 195 195 195  -1  -1 206  -1  -1  -1  -1  -1 178 178 
 39  -1  -1  -1  -1  -1  -1  -1 207 207 207  -1  -1  -1  -1  -1  -1  -1  -1  -1  -1  -1  -1  -1  -1  -1 
 40  -1 244  -1  -1  -1 222 222  -1 250  -1  -1  -1 237 237  -1  -1  -1 239 239 239  -1  -1  -1 224 224 
 41  -1  -1  -1  -1  -1  -1  -1  -1  -1  -1 251 251 251  -1  -1  -1  -1  -1  -1  -1  -1  -1  -1  -1  -1 
 42 283 283 283  -1  -1 266 266  -1  -1  -1  -1 294  -1  -1  -1  -1  -1 281 281  -1  -1 288  -1 268 268 
 43  -1  -1  -1  -1  -1  -1  -1  -1  -1  -1  -1  -1  -1  -1  -1 295 295 295  -1  -1  -1  -1  -1  -1  -1 
 44  -1  -1  -1  -1  55  -1  -1  -1  -1  -1 271   5  -1  -1  -1 109  -1  10 228  -1  -1 185  -1  -1 140 
 45  -1  -1  -1 186  -1  -1 139  -1  -1  -1  -1 270  -1  -1  -1  -1 313 231  -1  -1  -1  -1  -1   8  -1 
 46  -1  -1  -1  -1  -1  -1  -1  -1  -1  -1  -1  -1  99  -1  -1  -1  -1  -1 272  -1  -1  -1  96  52  -1 
 47  -1  -1  -1  -1  -1  -1  -1  -1  -1  -1  -1  -1  -1 269 310  -1 197  -1  -1  -1  -1 273 274  -1  -1 
 48 309 229  -1  -1  -1  -1  -1  -1  -1  -1   9 226  -1  -1  -1  -1  -1  -1  -1  -1  -1  94 181  -1  -1 
 49  -1  98 311 227  -1  -1  -1  -1 225  -1  -1 183  -1  49  -1 316  -1  93  -1 314  -1 137  -1  -1  -1 
 50  -1 182  -1  -1  97  -1  -1  -1 143  -1  -1  -1  -1  -1  -1  -1  -1  -1  53  -1  -1  50  -1  -1  -1 
 51  -1  -1  -1  -1  -1  -1  -1 153 285  -1  -1 142  -1  -1  -1  -1  21 187  -1  -1  -1   6  51  -1  -1 
 52  -1  -1  -1  -1 275  -1  -1  -1  -1  -1 138  -1  -1 230  -1  -1  65  -1  -1  -1  -1  -1  -1  -1  -1 
 53  -1  -1  -1 141  -1  -1  -1 315  -1 308  -1  -1  -1 184  -1  -1 241  -1  11  -1 312  -1   7  95  54 

r\t   0   1   2   3   4   5   6   7   8   9  10  11  12  13  14  15  16  17  18  19  20  21  22  23  24 
  0  -1  -1 210 192 192  -1  -1  -1  80  -1 126  79   3  -1  -1  -1  -1  -1  -1 176 257  -1  -1  -1  -1 
  1  -1 256  -1  -1  -1 213  43  -1 179  -1  -1  -1  -1  47  -1  -1  -1  28 128  -1  -1  -1  -1  -1  -1 
  2  -1  -1 102  -1  -1  -1  -1  -1  -1  -1  84 101  23 290  -1  -1  -1  -1 103  -1  -1  -1  -1  -1  -1 
  3  41  -1  -1  -1  -1  -1  -1  -1 279 106  -1  -1  -1  -1 286  -1 293  -1  78  -1  -1  -1 166 208  -1 
  4  -1 304 291  56  -1  -1 117 111  -1  -1  -1  -1  -1 232  -1  -1  -1  -1  35 174  -1  -1 203  -1  -1 
  5  -1 287  -1 108  -1 130  91 157  -1  -1  -1  -1 125 218  -1  -1  -1  -1  -1  -1  -1  -1 245  -1  -1 
  6  -1  -1  -1  -1  -1  -1 110  -1  -1  -1  -1 188 246 129  -1  -1 282  -1  13  -1  66  -1 154 302 215 
  7  -1  -1  -1  -1  -1  -1  -1 243 145  -1  -1 205 221  -1  -1  -1 289  -1  -1  -1  -1 261  -1  -1  -1 
  8  -1  -1  -1  -1  -1  -1  -1  -1 100  -1  -1  -1  -1  -1  -1  -1 212  -1 191  -1  -1 264  -1  -1  -1 
  9  -1  22  -1 292  -1  -1 249 259  -1  -1  -1 284  72 173  -1  -1  34  -1  -1  -1  -1  -1  25  -1  -1 
 10  -1  -1  -1  -1  -1  -1  57  83  -1  -1  -1  -1  -1  -1  -1  -1  -1 280 280  -1  -1  -1  -1  -1  -1 
 11  -1  -1 115  -1  -1  -1  -1  33 254  -1  -1  -1  81   1  -1 242  -1  -1  -1  -1  -1  -1  -1  -1  86 
 12  -1  -1  -1  -1  -1  -1  -1 194  -1  -1  -1 248 262 160  -1  -1  -1  -1 168  -1  37  -1  -1  -1  -1 
 13  -1  29  -1  -1  -1  -1  -1  -1  -1  -1  -1  26  -1  -1  -1  -1  -1  -1  42  -1  -1  -1  -1  -1  -1 
 14 236 236 159  -1  -1  -1  -1  -1  36 305  -1  -1  -1  -1  -1  -1  -1  -1  -1  -1  -1  -1  -1 296  -1 
 15  -1  -1  -1  73  -1  -1 233  -1  -1  -1  -1  44  -1  -1  -1  -1  -1 255 298  -1  -1  77  71  76  -1 
 16  -1  59  -1  -1  -1 171 263  -1  -1  -1  87  -1  -1  -1  67  -1  -1  -1  -1  -1 155  -1  -1  -1  -1 
 17  -1  -1  -1  -1  -1  -1  27  -1 220  -1  -1  -1  -1  -1  -1  -1 199 177 169  -1  -1  -1  -1  32  -1 
 18  -1  -1  64  -1  -1  -1  70  -1  -1  -1  -1 122  -1 127  -1  -1 238  -1 204  -1  -1  -1  -1  -1 132 
 19  -1  -1  -1  -1  -1 306 277  69  -1  -1  -1 146 265 276  -1  -1  -1  -1 120  -1  -1  -1 121  -1  -1 
 20  -1  -1  -1  -1  -1 217 209  -1  88  -1  -1 300  -1  -1  -1  -1  -1 267  -1  -1  -1  -1  -1 133  -1 
 21  -1 124  -1  -1  -1  -1  -1 258 167  -1  -1 240 307  -1  -1  -1  -1  -1  -1  -1  -1  82  60  60  -1 
 22  -1 297 190 216  -1 172  -1 150  -1  -1  -1  -1  -1 247  -1  -1  -1  14  -1  -1  -1 116  -1  -1  -1 
 23  -1  -1  -1 114  -1  -1  -1  -1  -1  -1  -1  58  -1  -1  -1  -1  -1 234  -1  -1  -1  -1  -1 123  -1 
 24  -1 161 211  -1  -1  -1 189  -1  -1  -1  -1 165 214  62  -1 301  -1  -1  -1  -1  -1  -1  -1  -1  -1 
 25  -1 198  -1 164  -1  -1  12 201  -1  -1 219  -1 148 148  -1  -1  -1 147  -1  -1  38 299  -1 158  -1 
 26  -1  -1  -1  -1  -1  -1 260  -1  -1  -1  -1  -1  -1  -1  -1 303  -1  -1  -1  -1  -1  -1  18  16  16 
 27  -1  -1  -1  89  -1  -1   0  -1  -1  -1  -1  -1  -1  -1  -1  -1  -1  -1 252  -1  40 152 104 104  -1 
 28  -1 131  -1  -1  -1  -1  -1 170  39  -1  -1  15  -1  -1  -1  -1  -1  -1  -1  45  -1 223 175 253  85 
 29  -1 202  -1  -1  -1  -1 135  -1 235  -1  -1  -1  -1  20  -1  -1 113 196 144  -1  -1  -1  -1 278  -1 
 30  -1  -1  17  17  -1  -1  -1  19  19  19  -1  -1  30  -1  -1  -1  -1  -1   2   2  -1  24  -1   4   4 
 31  -1  -1  31  31  31  -1  -1  -1  -1  -1  -1  -1  -1  -1  -1  -1  -1  -1  -1  -1  -1  -1  -1  -1  -1 
 32  -1  -1  -1  48  48  -1  -1  63  63  63  -1  -1  -1  68  -1  -1  74  61  61  -1  -1  -1  -1  46  46 
 33  75  75  75  -1  -1  -1  -1  -1  -1  -1  -1  -1  -1  -1  -1  -1  -1  -1  -1  -1  -1  -1  -1  -1  -1 
 34  -1  -1  -1  -1  -1  -1  -1 112 118  -1  -1  -1  -1 105 105 107 107 107  90  90  -1  -1  -1  92  92 
 35  -1  -1  -1  -1  -1  -1  -1  -1  -1  -1  -1  -1 119 119 119  -1  -1  -1  -1  -1  -1  -1  -1  -1  -1 
 36 151 151 151  -1  -1  -1 156  -1  -1  -1 136 136 162  -1  -1 149 149  -1 134 134  -1  -1  -1  -1  -1 
 37  -1  -1  -1  -1  -1  -1  -1  -1  -1  -1  -1  -1  -1  -1  -1 163 163 163  -1  -1  -1  -1  -1  -1  -1 
 38  -1  -1  -1 180 180  -1  -1  -1 200  -1 178 178 193 193  -1  -1  -1  -1  -1  -1  -1 206 195 195 195 
 39  -1  -1  -1  -1  -1  -1  -1  -1  -1  -1  -1  -1 207 207 207  -1  -1  -1  -1  -1  -1  -1  -1  -1  -1 
 40  -1  -1 237 237  -1  -1  -1 244  -1  -1 224 224  -1  -1  -1  -1  -1  -1 222 222  -1 250 239 239 239 
 41  -1  -1 251 251 251  -1  -1  -1  -1  -1  -1  -1  -1  -1  -1  -1  -1  -1  -1  -1  -1  -1  -1  -1  -1 
 42  -1  -1 283 283 283  -1 294  -1  -1  -1 268 268  -1  -1  -1  -1  -1  -1 266 266 281 281 288  -1  -1 
 43  -1  -1  -1  -1  -1  -1  -1 295 295 295  -1  -1  -1  -1  -1  -1  -1  -1  -1  -1  -1  -1  -1  -1  -1 
 44 314 109  -1  -1  -1  -1  52  -1   5  -1  -1  -1  -1  -1  -1  -1  -1  50  -1  -1  -1  51  95  -1  -1 
 45  -1  -1 140  -1  -1  -1 184 308  -1 316  -1  -1  -1  -1  -1  -1  65  -1  -1  -1  -1  -1  -1 275  -1 
 46  -1  -1 273 231  -1  -1  -1  -1 272  -1  -1  -1  96 137  -1  -1  -1  -1  53  -1  -1 142  -1  -1  -1 
 47  -1  -1  -1  11  -1  -1 270  -1  -1  -1  -1  93 138  -1  -1  -1 311 230  -1  -1  -1  -1 225  -1  -1 
 48  -1  -1  -1  -1  -1  -1  -1  -1  -1  -1  -1  -1  -1  -1 315 309  -1  -1  -1  -1  -1  98 269 226  -1 
 49  -1  -1  -1  -1  -1  -1  -1  -1  -1  -1  -1  -1  49  -1  -1  -1  21  -1 186  -1  -1 181  -1  -1  -1 
 50  -1  -1  94  -1  -1 310  -1  -1 197  -1  -1  -1  -1 229  -1  -1  -1  -1  -1  -1  -1 241  54  -1  -1 
 51  -1  -1 228  -1  99  -1  -1  -1 141  -1  55  -1 185 274  -1  -1  -1  -1  -1  -1  -1   8  -1 182 271 
 52  -1  -1 183  -1  -1  -1 153  -1  -1  -1   9   7  -1  -1  -1  -1  -1  -1  -1  -1 312  -1  -1  -1  -1 
 53  -1 313  10 139 143 285 227  -1  -1  -1  97  -1  -1  -1  -1  -1  -1   6  -1  -1  -1  -1 187  -1  -1 

r\t   0   1   2   3   4   5   6   7   8   9  10  11  12  13  14  15  16  17  18  19  20  21  22  23  24 
  0  -1  -1  -1  -1  -1  -1 199  -1 261  -1  -1  -1  33 299 303  -1  -1  -1  -1  -1  -1  -1  -1  -1  -1 
  1  -1  -1  -1 219  -1  -1  -1  -1  -1  -1  -1  -1  -1 304  -1  -1  -1 131  42 282  -1  71 254  80  -1 
  2  -1  38 210  -1  -1  -1 205  -1  -1  -1 236 236  -1  36  -1  -1  -1  -1  -1  -1 265 284  -1  -1 307 
  3  -1 300  -1 110 126  -1  -1 108 264  -1  -1 161  -1  -1  -1  -1 202  -1  -1  -1  -1  -1  39 194  -1 
  4  -1  -1  41  -1  -1  -1  28  -1 276 259  -1  -1  -1  -1  -1  -1 247  -1  -1  -1  -1  -1  -1 144  -1 
  5  -1  -1 117  -1  -1  -1  -1  -1  -1  -1  -1  -1  69  -1  -1  16  16  -1  -1  -1  -1  -1 201  -1  -1 
  6  -1 189  -1  -1  -1  -1  -1  -1  70  -1  -1  -1 298  -1  -1  -1  -1  -1 196  -1  -1  -1 238 129  -1 
  7  -1 124  -1  -1  -1  -1 267 297  -1  -1  -1  -1 122 130  -1 148 148 191 278  -1  -1 188  -1  44  -1 
  8  -1 255 216  -1  -1  -1  -1  -1  -1 218  -1 289  -1  -1  67  -1  73  -1 305  -1 176  -1  -1  -1  -1 
  9  -1  82  -1  -1  -1 172  76  -1 215  -1  -1  -1  -1 301  -1  -1  -1 114  -1  -1  -1 135 290  -1  -1 
 10  -1  -1  -1 127  -1  -1 291  -1 168  -1  -1  -1 152 242  -1  40  -1  -1  -1  -1  -1 103  26  -1  -1 
 11  -1  -1 217  -1  -1  -1 257  -1  -1  -1  -1  -1  -1  -1  -1 220  -1  88 160 198  -1  58  -1 157  -1 
 12  -1  -1  -1  37  -1  -1  -1  -1  -1  -1  -1  -1  -1  27  -1  -1  -1 240  32  66  -1 154  -1  -1  -1 
 13  -1  -1 111  -1  -1  -1  -1  -1  -1  -1  -1 253  87  79  -1  -1  -1 279 246  -1  -1  -1 165  -1  -1 
 14  -1  -1  -1  -1  -1 174  -1  89  -1  -1  -1  -1  -1  -1  -1  -1  -1  -1  -1  -1  18  -1  -1 121  -1 
 15  -1  14  -1  -1  -1  -1  -1  -1 102  -1  -1  15  56 204  -1  -1  -1  -1  -1 125  -1 234 123  -1  -1 
 16  -1  -1  -1  -1  -1  -1 235 166  -1  -1  -1 147  -1  -1 302  -1  -1  20  -1  -1  -1 212  -1  57  22 
 17  -1  -1  -1 158  -1  -1 286  -1 223  -1  -1  -1  -1  -1  -1  -1  86 248  -1  -1  -1  -1  -1 132 287 
 18  -1 232  -1 306  -1  -1 120  -1  -1  -1  -1  -1  -1 245  -1  -1  -1  -1  -1  -1  -1  -1  -1  -1  -1 
 19  -1  -1  -1  -1 214  -1 101  -1 243  -1  81  -1  -1  -1  -1  -1  -1  -1 221  -1  -1 116 280 280  -1 
 20 262 211 252  -1  -1  -1  64  -1   1  -1  -1  -1 208  -1  -1  -1  -1  -1  -1  -1  -1  -1 104 104  -1 
 21  -1  -1  59  -1  -1  -1  -1  -1  -1  -1  43  -1  -1  -1  -1  -1  -1 203  -1  -1  -1  -1 190  -1  -1 
 22  -1  -1  -1  -1  -1  -1  -1  -1  -1  -1  -1  35  -1  -1  -1  -1  -1  -1  78  -1 133  -1  -1  -1 258 
 23  -1 159 164  -1  -1  -1  -1  -1  -1  -1  -1 171   3  -1  -1  -1  25  60  60  -1  -1  12  72  -1  -1 
 24  -1 100  -1  -1  -1  -1 179  -1 175  -1  -1  -1  -1  -1  -1  -1  -1  -1  83  -1  45  -1  -1  -1  -1 
 25 263  -1 192 192  -1  -1  -1  -1  85  -1  -1 169  -1  -1  -1  -1  91  -1  13  -1  -1 256  47 233  -1 
 26  -1  -1  -1  -1  -1  -1  -1  -1 145  -1  -1 293 173  62  -1  -1  -1  -1 177  -1  -1  -1  -1  -1  -1 
 27  -1  34  -1 155  -1 150  -1  -1  -1  -1  -1  -1 277 170  -1  -1 106  77 115  -1  -1 128  -1  -1  -1 
 28 260  -1 292  -1  -1  -1  -1  29 113  -1 213  -1  -1  23  -1  -1  -1 167  -1  -1  -1  -1  -1 249  -1 
 29  -1  -1  -1  -1  -1  -1  -1 146 296  -1  -1  -1  -1  -1  84  -1  -1  -1   0  -1  -1  -1  -1 209  -1 
 30   2   2  -1  17  17  19  19  19  -1  -1   4   4  -1  -1  -1  -1  -1  24  -1  -1  -1  -1  -1  30  -1 
 31  -1  -1  31  31  31  -1  -1  -1  -1  -1  -1  -1  -1  -1  -1  -1  -1  -1  -1  -1  -1  -1  -1  -1  -1 
 32  -1  74  -1  61  61  -1  -1  63  63  63  48  48  -1  68  -1  46  46  -1  -1  -1  -1  -1  -1  -1  -1 
 33  -1  -1  75  75  75  -1  -1  -1  -1  -1  -1  -1  -1  -1  -1  -1  -1  -1  -1  -1  -1  -1  -1  -1  -1 
 34  -1  -1  -1 112  -1  -1  -1  -1  -1  -1 105 105  -1  -1  -1  -1 118 107 107 107  92  92  90  90  -1 
 35  -1  -1  -1  -1  -1  -1  -1  -1  -1  -1 119 119 119  -1  -1  -1  -1  -1  -1  -1  -1  -1  -1  -1  -1 
 36 151 151 151  -1  -1  -1 134 134  -1  -1  -1  -1  -1  -1  -1 136 136 149 149  -1  -1 162 156  -1  -1 
 37  -1  -1  -1  -1  -1  -1  -1  -1  -1  -1  -1  -1 163 163 163  -1  -1  -1  -1  -1  -1  -1  -1  -1  -1 
 38 180 180  -1 200  -1  -1  -1 193 193  -1  -1 206 195 195 195 178 178  -1  -1  -1  -1  -1  -1  -1  -1 
 39  -1  -1  -1  -1  -1  -1  -1 207 207 207  -1  -1  -1  -1  -1  -1  -1  -1  -1  -1  -1  -1  -1  -1  -1 
 40 224 224 239 239 239  -1  -1  -1 244  -1  -1  -1 250  -1  -1 237 237  -1  -1  -1 222 222  -1  -1  -1 
 41  -1  -1  -1  -1  -1 251 251 251  -1  -1  -1  -1  -1  -1  -1  -1  -1  -1  -1  -1  -1  -1  -1  -1  -1 
 42  -1  -1 283 283 283  -1  -1  -1  -1  -1 268 268  -1 281 281  -1  -1  -1 294  -1  -1 266 266 288  -1 
 43  -1  -1  -1  -1  -1  -1  -1  -1  -1  -1  -1  -1  -1  -1  -1 295 295 295  -1  -1  -1  -1  -1  -1  -1 
 44  -1  -1 313  -1  -1  -1  -1  -1  -1  -1  -1  -1  96  -1  -1  -1  -1  -1  -1  -1  -1  55   6 271  -1 
 45  -1  -1  -1  -1 314  -1  52  -1  -1  -1  -1 141  -1  -1  -1  -1 229  -1  -1  -1  -1  -1  -1  -1  -1 
 46  -1  97  -1 308  -1  -1   5  -1  -1 310 183  98  -1 312  -1  -1  -1   7  -1  -1  -1  -1  -1  -1  -1 
 47 275  -1  -1  -1  -1  -1  -1  -1  -1  -1  -1  -1 274  -1 316  93  -1 185  -1 315  -1  -1  -1  -1  -1 
 48  -1  -1  -1  -1  -1  -1  -1  -1 181  -1 140 184  -1  -1  -1  -1  11 138  -1  -1  -1  -1 143  -1  -1 
 49  99 273  -1  -1  -1  -1  -1 186  -1  -1  -1  -1  49  -1  -1   9 270 269  -1  -1  -1  -1  -1  -1 153 
 50  -1  -1  -1  -1  -1  -1  -1  -1  -1  -1  -1  -1  -1  -1  -1  -1  -1 227 139  -1  -1 182 187  10 311 
 51  -1 142  -1  -1  -1 309  95  -1  94  -1 225  -1  -1  -1  -1  -1  -1  -1 272  -1  -1  -1  65  -1  -1 
 52  50  -1  -1  -1  -1 197 226 285  -1 241  -1 228  21 109  -1  -1  -1  -1  -1  -1  -1  -1  -1  -1  -1 
 53  -1  53  -1  -1  -1  -1  -1  -1 137  -1  -1  -1 231  -1  -1  -1  -1  51  54  -1  -1   8  -1 230  -1 

r\t   0   1   2   3   4   5   6   7   8   9  10  11  12  13  14  15  16  17  18  19  20  21  22  23  24 
  0  -1 101 282  -1  -1  -1 161  -1 304 214  -1  -1 290 300  -1  -1 240 306 168  -1  -1  -1  -1  -1  -1 
  1  -1 165  -1 190  -1  -1  13  -1 164  -1  -1  69  -1 126  -1  -1  -1 111  -1  -1  -1  -1  -1  -1  -1 
  2  -1  -1  -1  29  -1  -1  -1  -1 121  -1  -1   0  -1  -1  -1  -1 296  -1 144  -1  -1 277  -1  -1  -1 
  3  -1  -1 263 145  -1  -1  -1 172  -1  -1  -1 216  -1  -1  -1  -1 256 301  -1  -1  -1 166 219 212  -1 
  4  -1  -1  -1  -1  -1  -1  33  -1  -1  -1  -1  -1 148 148  -1  -1  -1  -1  -1  -1 238 199  -1  -1  -1 
  5  -1  -1  -1  -1  -1  -1  -1  37  -1  -1  -1  41  60  60 213  -1 202  -1  -1  -1  -1 262  -1  12  -1 
  6  -1  77  -1  -1  -1  -1  -1  -1 169  -1  -1 157  -1  -1  -1  -1  32  -1  -1  -1  -1  -1 223 279  -1 
  7  -1 120 236 236  -1  -1  -1  70  58  -1  -1  -1  -1  -1  -1  -1  -1  16  16  -1  -1  -1  -1 289  -1 
  8  -1 220  -1 246  -1  -1  88  -1  -1  -1 175 254  -1  -1  -1  -1  -1  -1  -1  -1  -1  -1 243  -1   1 
  9  -1 191  -1  71  -1  -1 129 194  -1  -1  -1 261  -1  26  -1  -1 276  -1  -1 257  -1  -1  -1  -1  -1 
 10  -1  -1  23 160  -1  -1  -1  66 253  -1  -1  -1  -1  -1  -1  -1 102  -1  25  -1  -1  20  47  -1  -1 
 11  -1  35  -1  -1  -1  -1  -1  36  -1  -1  -1  59  -1  -1  -1  -1  -1 278 284  -1  -1  -1  -1  -1  -1 
 12  -1  -1  -1  -1  -1  -1  80  -1  -1 286  -1  -1  -1  -1  -1  -1  -1  -1  -1 177  -1  -1  -1  -1  -1 
 13  -1 135 196  -1  -1  -1  -1  -1  -1  -1  -1  -1 117  79  -1  -1  64  -1  -1 259  -1  -1  -1 158  -1 
 14 303  -1 252  -1  -1  -1  -1 116  -1  -1  -1  84 203  -1  -1 106  -1  -1 114  -1  -1 204  -1  -1  -1 
 15  -1 234  72  57  -1  -1 103  -1  -1  -1  -1 235  44  -1  -1  -1  -1  91  -1  -1  -1 242  78  56  -1 
 16  -1 150  -1   3  -1  -1  -1 291 188  -1  -1  -1  -1  -1  -1  -1  76  -1  -1 130  -1  82  -1 122  -1 
 17  -1  -1  -1  -1  -1  -1  -1  -1  14  -1  -1  -1  -1  -1  -1  -1  -1  -1 179  -1  -1  -1  -1 221  -1 
 18  -1  -1 293  -1  -1  -1  -1 211  -1  -1  -1  -1  -1 265  -1  -1  -1  -1  -1 174  -1  -1  -1  -1  -1 
 19  -1  -1  -1  -1  -1  -1  -1 280 280  -1  -1  -1 260 124  -1  -1  -1  43  38  -1  -1 298  62 215  -1 
 20  -1  -1  -1 297  -1  -1 232 210  42  -1  -1 108  -1 233  -1  -1 305  -1  -1  -1  -1  -1  -1  -1  -1 
 21  81  -1  -1 170  -1  -1 287  -1  -1  -1  -1  -1  -1  -1  -1  -1  -1  -1  -1  -1  -1  -1  -1  -1  -1 
 22  -1  -1  -1  -1  -1  -1  -1  -1  -1  -1  -1 189  73 248 218  -1  -1 173  -1  -1  -1 154 247 133  -1 
 23 258  -1 171 100  -1  39  45  -1  -1  -1  -1  -1 249  -1  -1  -1  -1 115  -1  -1  -1  -1  15  -1  -1 
 24  85 255  -1  -1  -1 176 267  -1  34  -1  -1  -1 104 104  -1  -1  -1  -1 299  -1 155  -1 152  -1  -1 
 25 125 127  -1  -1  -1  -1  -1  -1  -1  40  -1 146  -1  -1  -1  -1  -1 292  -1  -1  -1  -1 217  -1  -1 
 26  22  -1  -1 113  -1  -1  -1 159 208  -1  -1  -1 192 192  -1  -1  -1 147  86  -1  -1 307  -1  -1  -1 
 27  -1  -1  -1 205  -1  -1  -1  -1  -1 131  -1  -1  -1 167  -1  -1  -1  -1  -1  -1  -1  -1  -1  28  -1 
 28 128  -1 110  18  -1  -1 123  27  -1  67  -1  -1  -1 209  -1  -1  -1  -1 302  -1  -1  -1  -1  -1  -1 
 29  -1  87  -1  -1  -1  -1 132 245  -1 198  -1  -1 264  -1  -1  -1  -1  -1  89  -1  -1  -1 201  83  -1 
 30  -1  -1  -1  -1  -1   2   2  -1  -1  -1  -1  30  19  19  19  17  17  24   4   4  -1  -1  -1  -1  -1 
 31  -1  -1  -1  -1  -1  -1  -1  -1  -1  -1  -1  -1  -1  -1  -1  -1  -1  -1  -1  -1  31  31  31  -1  -1 
 32  63  63  63  48  48  -1  -1  -1  68  -1  -1  -1  -1  -1  -1  -1  -1  61  61  -1  -1  74  -1  46  46 
 33  -1  -1  -1  -1  -1  -1  -1  -1  -1  -1  -1  -1  -1  -1  -1  -1  -1  75  75  75  -1  -1  -1  -1  -1 
 34  -1  -1  -1  90  90  -1  -1 107 107 107  -1 112  92  92  -1  -1 118  -1  -1  -1  -1  -1 105 105  -1 
 35  -1  -1  -1  -1  -1  -1  -1  -1  -1  -1  -1  -1  -1  -1  -1  -1  -1  -1  -1  -1 119 119 119  -1  -1 
 36  -1 162  -1 134 134  -1  -1 151 151 151  -1  -1 156  -1  -1 149 149  -1 136 136  -1  -1  -1  -1  -1 
 37  -1  -1  -1  -1  -1  -1  -1  -1  -1  -1  -1  -1  -1  -1  -1 163 163 163  -1  -1  -1  -1  -1  -1  -1 
 38  -1  -1  -1 178 178  -1  -1  -1  -1  -1  -1 200 180 180  -1 193 193 206  -1  -1  -1  -1 195 195 195 
 39 207 207 207  -1  -1  -1  -1  -1  -1  -1  -1  -1  -1  -1  -1  -1  -1  -1  -1  -1  -1  -1  -1  -1  -1 
 40  -1  -1  -1 222 222  -1 250 239 239 239  -1  -1 224 224  -1  -1  -1 237 237  -1  -1 244  -1  -1  -1 
 41  -1  -1  -1  -1  -1  -1  -1  -1  -1  -1  -1  -1  -1  -1  -1  -1  -1 251 251 251  -1  -1  -1  -1  -1 
 42 281 281  -1 266 266  -1 294  -1 288  -1 283 283 283  -1  -1  -1  -1 268 268  -1  -1  -1  -1  -1  -1 
 43  -1  -1  -1  -1  -1  -1  -1  -1  -1  -1  -1  -1  -1  -1  -1  -1  -1  -1  -1  -1  -1  -1 295 295 295 
 44  -1  -1  -1  -1  -1 143  -1  -1  11  -1  -1 185  10  -1  -1  -1  -1  -1  -1 271  -1  -1 182  -1 138 
 45  -1  -1 153  -1  -1  -1  -1  -1 142  -1  -1  -1  -1  -1  -1 314  -1 184  -1  -1  -1  -1  -1 272  -1 
 46  -1 274  -1  -1  -1  -1  -1  -1  -1  -1 311  -1  -1  -1  -1  -1  -1  49  -1  -1  -1  -1 270  96  -1 
 47  -1  -1  -1  -1  -1 231  -1 313  -1  -1  -1 140 139  -1  -1  -1 186  -1  -1  -1  -1  -1  -1  -1  -1 
 48  -1  97 308  -1  -1  -1  -1  -1  -1 312  -1  -1  -1  -1  -1  -1  -1  -1  -1  -1 316  -1  -1  -1  -1 
 49 310  -1  -1  -1  -1  54 226  -1  -1  -1  -1  98  -1  -1  -1  -1   7   8  -1  99  -1  65  -1  -1  -1 
 50  -1   5  -1  -1   9  -1  -1  -1  50  -1 241 230  -1  -1  -1  -1 228  -1 197  -1 285  -1 141 183  93 
 51  -1  -1  -1  -1  -1 269  -1  -1  -1  -1  -1  51  -1  55  -1  -1 275 229  -1  -1  -1 315  -1  -1 225 
 52 109  -1  -1  -1  -1  94  -1  -1 181  -1  -1  -1  -1 137 309  -1  95  -1 227  -1  -1  -1  -1   6  -1 
 53  -1  -1  -1  -1  -1  -1 187  21 273  -1  -1  -1  -1  -1  -1  -1  53  -1  52  -1  -1  -1  -1  -1  -1 

r\t   0   1   2   3   4   5   6   7   8   9  10  11  12  13  14  15  16  17  18  19  20  21  22  23  24 
  0  -1  -1  33 144  -1  -1 277 299  -1  -1  43  -1  -1  -1  -1  -1  -1 284  -1  -1  -1  -1 242  -1  -1 
  1 171  -1  -1 129  -1  -1 135  -1  -1  -1  -1  -1  28 103  -1  -1 260  37  -1  -1  -1  69  -1  -1  -1 
  2  -1 116  -1  47  -1  -1  -1  -1  -1 302  -1  -1  -1 218  -1  85 305 257 233  -1 104 104  -1  80  -1 
  3  -1  -1  -1  -1  -1  -1 125  86  -1  -1  -1  -1 243  -1  -1  -1  -1 196  -1 175  -1  -1  -1  57  -1 
  4  -1  -1  -1 292  -1  -1  -1  -1  -1  -1  -1  -1  -1  -1  -1  -1  20 235  -1  -1  -1 263  -1  -1  -1 
  5  -1  -1 201  -1  41  -1  -1 130  -1  -1  -1  59 289  88  -1  -1 248  -1  -1  -1  -1 210 246  -1  -1 
  6 301  78 164 132  -1  -1  -1 115  -1  -1  -1 204 192 192  -1 173 276  -1  -1  -1  -1  -1  -1 160  -1 
  7  -1  -1  -1  -1  -1  -1  -1  -1 213  -1  -1  -1  -1 152  -1  -1  -1  -1  -1  -1  -1  44  18 190  -1 
  8  -1 256  -1  -1  -1  -1  -1  -1 159  -1  -1 131 120  -1  -1  -1  79  -1  -1  -1  -1  -1 208  -1  -1 
  9  -1  -1  -1  -1  -1  -1  -1  -1  -1 214  -1 100 111   3  -1  -1  -1  -1  -1  -1 176 279  -1  -1  -1 
 10  84 209  -1  -1  -1  -1 264  -1 174  -1 220  -1  23  -1  -1  -1  66 157  -1  -1  -1  -1  -1  -1  -1 
 11 236 236  -1  -1  -1  -1  -1  -1 203  -1  -1 252 147  -1  -1  -1  -1 122 278  -1  -1  58  -1  -1  -1 
 12 126  12  -1  67  -1  -1  32  -1  -1  -1  -1 258  -1 255  -1  -1 172  -1  -1  -1  -1  -1  -1  -1   1 
 13  -1 108  -1  -1 150  -1 232  -1 286 215  -1  -1  -1  -1 198  -1 166  -1  72  -1  -1 168  -1 211  -1 
 14  -1  -1  -1  -1  -1  -1  77  -1  -1 304  -1  15  -1  -1  -1 148 148  -1  -1  38  -1 247  -1  -1  -1 
 15  -1  -1  -1  -1  83  -1  14  -1  -1  -1  -1 267  -1 219  -1  -1  -1  -1  -1  -1  -1 234 280 280  -1 
 16  -1 165  -1 212  -1  -1  -1  -1  -1  -1  -1  -1  -1 240  -1  -1  -1  -1  -1  -1  -1  -1 110 221  -1 
 17  -1  -1  -1 102  -1  -1  64  -1  -1  -1  -1 161  -1  -1  -1  -1  -1  -1  -1  -1  -1  -1  -1  -1  -1 
 18  -1  -1  -1  -1  -1  -1  -1  -1  -1  40  -1  -1  -1  -1  -1  -1 191  -1  -1  -1  -1  -1  -1  -1  -1 
 19  -1  -1  -1  -1  -1  -1  -1 169  -1  -1  -1  -1  -1  -1  82  -1 101 254  -1  -1  -1 133  26 145  -1 
 20  -1  56  -1  -1  -1  -1  -1  71 253 307  -1  35  -1  -1  -1  -1  -1  60  60 217  -1  -1  -1  -1 238 
 21  -1 261  -1  -1  -1  -1 155  25 106  -1  -1  73  -1  -1  -1 223  29  -1  -1  -1  -1 188  -1  -1  -1 
 22  -1   0  -1  -1  -1  -1  -1  13  -1  -1  -1 282 259  -1  -1  -1  -1 297  -1  -1  45 290  -1  89  -1 
 23  91  36  -1  42  -1  -1 114  -1  76  -1  -1 146  -1  34  -1  -1  -1  -1 167  -1  -1  -1  -1  -1  -1 
 24  -1 300 123  -1  -1  -1  -1  39  -1  -1 177 298  -1 179  -1  -1  -1  -1 249  -1 265  -1 154 124  -1 
 25  -1  -1  62  -1  -1  -1  -1 245 296  -1  -1  -1  -1  -1  -1  -1 127  -1  -1  -1  -1  -1 194  -1  -1 
 26  81  -1 306  -1  -1  -1 189 128 199  -1  87 170 202 262  -1  -1 291  -1  -1 287  -1  -1  70  -1  -1 
 27  -1  27  -1  -1  -1  -1  -1  -1  -1  -1  -1  -1  -1  22  -1  -1  -1  -1  -1  -1  -1 117  -1  -1  -1 
 28  -1 303 216 121  -1  -1  -1 158  -1  -1  -1  -1  -1 113  -1  -1 205  -1  -1  -1  -1  -1  -1  -1  -1 
 29  -1  -1  -1  -1  -1  -1  -1  -1  -1  -1  -1  -1  -1  -1  -1  -1  -1  -1 293  -1  16  16  -1  -1  -1 
 30  -1  -1  19  19  19  -1  -1  -1  24  -1   2   2  -1  -1  -1   4   4  17  17  -1  -1  -1  -1  30  -1 
 31  -1  -1  -1  -1  -1  -1  -1  -1  -1  -1  -1  -1  -1  -1  -1  -1  -1  31  31  31  -1  -1  -1  -1  -1 
 32  46  46  -1  74  -1  -1  -1  63  63  63  -1  -1  61  61  -1  -1  68  48  48  -1  -1  -1  -1  -1  -1 
 33  -1  -1  -1  -1  -1  -1  -1  -1  -1  -1  -1  -1  75  75  75  -1  -1  -1  -1  -1  -1  -1  -1  -1  -1 
 34  -1  -1  -1  -1  -1 107 107 107 118  -1  90  90  -1  -1  -1  -1  -1 105 105  -1  92  92 112  -1  -1 
 35  -1  -1  -1  -1  -1  -1  -1  -1  -1  -1  -1  -1  -1  -1  -1  -1  -1 119 119 119  -1  -1  -1  -1  -1 
 36  -1  -1  -1 162  -1  -1  -1 151 151 151 134 134  -1  -1  -1 136 136  -1 149 149  -1  -1 156  -1  -1 
 37  -1  -1  -1  -1  -1  -1  -1  -1  -1  -1  -1  -1 163 163 163  -1  -1  -1  -1  -1  -1  -1  -1  -1  -1 
 38 180 180 195 195 195  -1 200 206  -1  -1  -1  -1  -1  -1  -1  -1  -1  -1 193 193  -1  -1  -1 178 178 
 39  -1  -1  -1  -1  -1  -1  -1  -1  -1  -1  -1  -1  -1  -1  -1  -1  -1 207 207 207  -1  -1  -1  -1  -1 
 40  -1  -1 237 237  -1  -1 250 239 239 239  -1  -1 244  -1  -1  -1  -1 222 222  -1 224 224  -1  -1  -1 
 41  -1  -1 251 251 251  -1  -1  -1  -1  -1  -1  -1  -1  -1  -1  -1  -1  -1  -1  -1  -1  -1  -1  -1  -1 
 42 266 266 283 283 283  -1 288  -1  -1  -1  -1  -1 281 281  -1  -1  -1  -1  -1  -1  -1  -1 294 268 268 
 43  -1  -1  -1  -1  -1  -1  -1  -1  -1  -1  -1  -1 295 295 295  -1  -1  -1  -1  -1  -1  -1  -1  -1  -1 
 44  -1  -1 109  93  -1  -1  51  -1  -1 285  -1 227  -1  -1  -1  -1 181 187 140  -1  -1 274  -1  -1  -1 
 45  -1 141  -1  -1 314  -1  -1 230  -1  -1  54  -1  -1  -1  -1 271  97 269  -1  -1  -1  -1  -1  -1  -1 
 46  -1  -1  -1  -1  -1 316 182  -1  -1  -1  -1  -1  -1  -1  -1  50  -1  -1  94  -1  -1  -1  -1  11 137 
 47  -1  -1  -1  -1  -1  -1  96  -1  21  -1  -1  -1 309  -1  -1  -1  -1  -1  -1 312  -1  -1  -1  -1  -1 
 48 231 226  -1  -1  -1  -1  -1 183  -1  -1  -1  -1  -1  -1  -1  -1  -1  -1   5  -1  -1   7  -1  -1  -1 
 49   8  -1 313  -1  -1  -1  -1  -1  -1 197  -1 186  -1  -1  -1 241 273  -1  -1  -1  -1 184  -1 139  -1 
 50  -1  -1  -1  -1  -1  -1 228   6  -1  -1  -1  -1  -1  49  -1  -1 225  -1  -1  -1   9  -1  65  -1  98 
 51  -1  -1  -1  -1  -1  -1  -1 272  -1  -1  -1  -1  -1  -1  -1  -1  -1 142  -1  -1  -1  -1 315  -1  -1 
 52 143  95 153  -1  -1  -1  10  -1  -1 311  -1  52  -1  -1 310  99  -1  -1 270  -1 138  -1  -1  53  55 
 53  -1  -1  -1  -1  -1  -1  -1  -1 308  -1 275  -1  -1 229  -1 185  -1  -1  -1  -1  -1  -1  -1  -1  -1 

r\t   0   1   2   3   4   5   6   7   8   9  10  11  12  13  14  15  16  17  18  19  20  21  22  23  24 
  0 219  -1  -1 148 148 171  -1  -1  -1  -1  -1  39 158  -1  -1  -1  -1  -1  27  -1  -1  -1 252  -1  -1 
  1  -1  -1  -1 263  -1  -1 199  -1 284 130  -1  20  -1  -1  -1 301 174  -1 177  -1  -1  -1  -1  -1  -1 
  2  -1  -1  -1  -1  -1  -1  23  -1  -1  83  -1  -1  -1 102  -1  -1  69 194 175  -1  -1 307 234  70  -1 
  3  -1  -1  -1 131  -1  -1 135 267 117  -1  -1  -1  -1  -1  -1  -1 257  -1  -1  -1  -1 154  -1  -1  -1 
  4  -1  -1 121 116  -1  -1  -1 128 167  -1  -1  -1  43  -1  -1  -1  -1  -1  -1  -1  -1  -1  -1  -1  -1 
  5  -1  -1  -1  -1 125  -1  -1  -1  -1  -1  -1  -1  -1   0  67  -1  -1  -1  -1  -1  -1  -1 262  -1  -1 
  6  -1  -1  -1  -1 238  -1  -1 173 145  -1  -1  -1 245  80  -1  -1 256  -1  -1  -1  -1  -1 165  -1   1 
  7  -1 168  -1  -1  -1 306 150 248  -1  -1  -1  -1  -1  42  -1  -1  -1  -1  -1  -1  -1  -1  -1  -1  -1 
  8  -1  -1  -1  -1  -1  -1  -1  -1  -1  81  -1  -1 115  -1  -1  -1 147  -1  -1  -1  18  -1  -1 293  -1 
  9  -1  62  -1  77  -1  -1  78  56 209  -1  -1 114  -1  -1  -1  -1 127 122  76  -1  -1  -1 203  -1  -1 
 10  -1  -1  28  -1  -1  -1 201 232  15  -1  -1  -1  -1  -1  -1  -1  -1  -1  -1  -1  -1  -1  -1  -1  -1 
 11  -1  35  -1  -1  -1  -1  25  -1 189  -1  -1  71  -1 124  -1 176 289  -1 202  -1  -1  -1  -1  -1  -1 
 12  -1  -1  -1  -1  -1  -1 276 296  -1  -1  -1  47  -1  -1  -1  -1  12  -1  -1  -1  -1  -1 277  -1  -1 
 13  -1  -1 166 218  82  -1  -1  -1  -1  38  -1  -1  -1  -1  -1  -1  -1  -1  -1  -1  -1 298  -1 160  -1 
 14 192 192 246  -1  -1  -1 179  -1 216  -1  -1  89  -1  -1  -1  -1  41 170  -1  87  -1  -1  26  -1  -1 
 15  -1 223  -1  -1  -1  -1  84  -1  -1  -1  -1  -1  66  29 172  -1 100 204  36  -1  -1  -1  -1  -1  -1 
 16  -1 101  -1  34  -1 213 292  -1  -1  -1  -1  -1  72  -1  -1  -1 240 152  -1  -1  -1 113  -1  60  60 
 17  -1 123  -1  -1  -1 286  -1 220 299  -1  -1 205  -1  -1  -1  -1  -1  -1  -1  -1  -1  -1  -1 302  -1 
 18  -1  -1  -1  -1  -1  -1  -1  -1 305  -1  -1  -1  -1 132  -1  -1 261  33 196  -1  -1 242  -1 235  -1 
 19 155  -1 198 233  -1  -1  -1  -1  -1 303  -1  -1  -1 290  -1  91  -1  85  -1  -1  -1  -1  -1 264 259 
 20  -1 243  -1 291  -1  -1  -1 157  32  -1  -1  -1  -1 265  -1 106  64  -1  -1  -1  -1  -1  -1 144  -1 
 21  -1 133 214  -1  -1 236 236  -1  57  -1  -1  -1  -1  45  -1  -1  -1  -1 108  -1  -1  -1  14  -1  -1 
 22  -1  -1  16  16  -1  22  -1  44 169  -1  -1  -1  -1  88  -1  -1 279  -1  -1  -1  -1  -1  59  -1  -1 
 23  -1  -1  -1  -1  -1  -1  -1 104 104  -1  -1 159  -1  -1 260  -1  -1  -1 280 280  -1  -1 304 278  -1 
 24  -1  13 221  73  -1  -1  -1 190  -1  -1  -1  86 287 164  -1  -1  -1  -1  37  -1  -1 255  -1 208  -1 
 25  -1 210  -1  -1  -1  -1   3  -1 254  -1  -1  -1 111  -1  -1  -1  -1  -1 161  -1  -1  -1  -1  -1  -1 
 26  -1  -1  -1 211  -1  -1  58  -1  -1  -1  -1 188  -1  -1  -1  -1  -1  -1  -1  -1  -1  -1  -1 120  -1 
 27  -1  -1  79 247  -1  -1  -1  -1 126  -1  -1  -1  -1  -1  -1  -1  -1  -1  -1  -1 215  -1  -1  -1  -1 
 28  -1  -1  -1  -1  -1  40  -1 212  -1  -1  -1 217  -1  -1  -1  -1  -1  -1  -1  -1  -1  -1 258 103  -1 
 29  -1 297  -1  -1  -1 110 249 146  -1  -1  -1  -1  -1 253  -1  -1 191  -1 129  -1  -1 282 300  -1  -1 
 30   4   4  -1  -1  -1  -1  -1  24  -1  -1  -1  -1  17  17  -1   2   2  19  19  19  -1  30  -1  -1  -1 
 31  -1  -1  -1  -1  -1  -1  -1  -1  -1  -1  31  31  31  -1  -1  -1  -1  -1  -1  -1  -1  -1  -1  -1  -1 
 32  -1  68  61  61  -1  -1  -1  74  -1  -1  -1  -1  -1  -1  -1  48  48  63  63  63  -1  -1  -1  46  46 
 33  -1  -1  -1  -1  -1  -1  -1  -1  -1  -1  -1  -1  -1  -1  -1  -1  -1  -1  -1  -1  75  75  75  -1  -1 
 34  92  92 105 105  -1  -1 112 118  -1  -1  -1  -1  -1  -1  -1  -1  -1  -1  -1  -1 107 107 107  90  90 
 35  -1  -1  -1  -1  -1  -1  -1  -1  -1  -1  -1  -1  -1  -1  -1  -1  -1 119 119 119  -1  -1  -1  -1  -1 
 36  -1  -1  -1  -1  -1  -1 156 136 136  -1  -1  -1 151 151 151  -1  -1  -1 149 149  -1  -1 162 134 134 
 37  -1  -1  -1  -1  -1  -1  -1  -1  -1  -1  -1  -1  -1  -1  -1 163 163 163  -1  -1  -1  -1  -1  -1  -1 
 38 180 180 200  -1  -1  -1  -1  -1 178 178  -1  -1  -1 193 193  -1  -1  -1  -1  -1  -1 206 195 195 195 
 39  -1  -1  -1  -1  -1  -1  -1  -1  -1  -1  -1  -1 207 207 207  -1  -1  -1  -1  -1  -1  -1  -1  -1  -1 
 40  -1  -1  -1  -1  -1  -1  -1  -1 222 222  -1 250 239 239 239 224 224 237 237  -1  -1  -1  -1 244  -1 
 41  -1  -1  -1  -1  -1  -1  -1  -1  -1  -1  -1  -1  -1  -1  -1  -1  -1 251 251 251  -1  -1  -1  -1  -1 
 42 268 268 283 283 283  -1  -1  -1 266 266 281 281 288  -1  -1  -1  -1  -1 294  -1  -1  -1  -1  -1  -1 
 43  -1  -1  -1  -1  -1  -1  -1  -1  -1  -1  -1  -1  -1  -1  -1 295 295 295  -1  -1  -1  -1  -1  -1  -1 
 44  -1  -1  53  93  -1  -1  -1  -1  -1  55  -1  65  -1 181  -1  -1  -1  -1  54  -1  -1  -1  -1  -1  -1 
 45  49  -1  -1  -1  -1  -1  95  -1  -1 138  -1 143  -1  -1  -1  -1  -1  -1  -1  -1 153 308 137   8  -1 
 46  -1  -1  -1 183  -1 312  -1 185  -1  -1 241  -1  -1  -1  -1  -1  -1  -1 141  -1 311  -1 230  -1  -1 
 47  -1  -1  -1  52  -1  -1 271  99   6  -1 316 184  -1  -1  -1  -1  -1  -1  -1  -1  -1 197  10 182 228 
 48  -1  -1 139 274  -1  -1  -1  -1  -1  97  -1  -1  -1  -1  -1  -1  -1  -1  -1  -1  -1  -1  -1  -1 275 
 49 229  -1   5  -1  -1  -1 227   7  51  -1  -1  -1  -1  -1  -1  -1 273  -1 270  -1  -1  -1 187 226  -1 
 50  -1  -1  -1   9  -1  -1  -1 285  -1  -1  -1  -1  -1  -1 314  -1 142  -1  -1  -1  -1  -1  -1  -1  -1 
 51  -1  -1  98 225  -1  -1  50  -1  -1  11  -1  -1  -1  -1 109  -1  -1  -1  -1  -1  -1  -1  -1  -1  -1 
 52  -1  -1  -1 140 315  -1  -1  -1  94  -1  -1 231  -1  -1  -1  -1 186 309  -1 310  -1  21  -1  -1  -1 
 53  -1  -1  -1  -1  -1  -1  -1  -1  -1  -1  -1 269 313  -1  -1  -1  96  -1  -1  -1  -1  -1 272  -1  -1 

r\t   0   1   2   3   4   5   6   7   8   9  10  11  12  13  14  15  16  17  18  19  20  21  22  23  24 
  0  -1  -1 144  -1  -1  -1  -1  60  60  -1  -1  -1 267  -1  -1  -1 248  -1 196  -1  -1  -1  -1  59  -1 
  1  -1  -1  -1  -1  -1  -1  -1  -1  -1  -1  -1  -1  -1  -1  -1  -1  -1  -1 261  -1  -1 103  -1  -1 126 
  2  -1 287  -1 120  -1  -1  -1 169  78 257  -1 170 245  -1  -1  -1  -1 265  -1  -1  -1  -1  -1  -1  -1 
  3  -1 205  -1  -1 303  -1  -1  91  88 217  -1 211  -1 253  -1  -1  -1 104 104  -1  -1 221  -1  -1  -1 
  4  -1  -1 252  -1  -1  -1  -1 280 280  -1 216  -1 158 101  -1  -1  -1  -1  14  -1  -1  -1  -1  23  -1 
  5  -1  77  -1  -1  -1  -1  45  -1  -1  -1  -1  -1 208  27  -1  -1  -1 258  -1  -1  -1  -1 243 242  -1 
  6 130 164  -1  -1  -1  -1  37  -1 290  -1  -1  -1  -1 167  -1  -1  -1 168  -1 150  -1  -1 263  -1  -1 
  7  -1  71  -1  -1  -1  -1 306  -1  -1  -1  -1 155 174  -1   1  -1 146  28 262  -1  -1 302  -1  -1  -1 
  8  -1 219  -1  -1  -1  -1  -1 111  -1  -1  -1  79 292 129  -1  -1  35  15  34  -1  -1 240  -1  -1 106 
  9  -1  -1  -1  81  -1  -1  -1  -1 117  -1  -1 260  -1  36  -1 177 234  -1 293  -1  -1   0 191  -1  -1 
 10  -1 173  -1  -1  -1  -1  -1  -1  29  -1  -1  -1  16  16 176  -1  -1 284  -1  -1  -1  -1 152  -1  -1 
 11  -1  -1  -1  -1  -1  -1  -1  -1 305  -1  -1  -1  57  -1  -1  -1 108  -1  -1  41 282  -1  -1 154 131 
 12  -1 198  -1  -1  -1  -1 264  -1  -1  -1  -1 189  -1  -1  -1  -1  -1  -1  -1  -1  66 147  -1  -1  -1 
 13  -1  -1 127  -1  -1  -1  -1 157  -1 128  -1  -1  -1 277  -1  -1  -1 223  -1  -1  -1  -1  -1  -1  -1 
 14  -1 238  -1 297  -1  -1  -1  -1  -1  -1  -1  -1  -1 210  -1  -1  -1 179  -1  -1  -1 298  -1  -1  -1 
 15  -1 113  83  72  -1  -1 202  -1  -1  -1  -1  -1 148 148  -1  -1 160  -1  -1  -1  -1 246  -1 209  -1 
 16  -1 255  -1  -1  -1  -1 256  -1  -1  -1  -1  -1  -1  -1  -1  -1  -1  -1 276  -1  -1  -1  -1  -1  -1 
 17  -1  -1  -1  -1 304  -1 279  -1  -1  -1  -1 296  -1  -1  -1  -1  -1 254 201 220  -1  43  -1 161  -1 
 18  -1  -1  -1  -1 194  -1 166  -1  -1  -1  -1  -1  -1  -1  -1  -1 204  -1 235  40  -1  -1  -1 289  -1 
 19  -1  87 172  -1  -1  -1 232  -1  39  -1 259  33  -1 299  -1  -1  -1  -1  -1  -1  -1  -1  -1  -1  -1 
 20  -1  -1 188  -1  -1  -1  20  -1  -1  -1  -1 301 214  -1  -1  -1  64  -1  -1  -1  -1  -1  -1 171  -1 
 21  -1  22  -1  -1  -1  -1  -1  -1  -1  -1  -1 159  -1  -1  -1  -1  76 212  84  -1  -1  -1  42 110  -1 
 22  -1  -1 236 236 215  -1  -1  -1  -1  -1  -1 135  -1  -1  -1  -1  13 300  -1  -1  -1  47 122  -1  85 
 23  -1  62  -1  -1  -1  -1 213  -1  -1  -1  -1  18 286  56  -1  -1  -1  70 116  -1 218  82 247  -1  -1 
 24  -1  -1  -1  -1  -1  -1  -1  -1  -1  -1  -1 100  69  -1  -1  -1  -1  -1  80  -1  -1  -1  -1  -1  -1 
 25  -1 291  32  12  -1  -1  -1 203  -1  -1  -1 278 102 115  -1  -1  -1 199 249  -1  -1  -1  26  -1  -1 
 26  -1  -1  -1  -1  -1  -1 124  -1  -1  -1  -1  58  -1  -1  -1  -1 190 133  -1  -1  -1  -1  -1  -1  -1 
 27  -1  25   3  -1  -1  -1  -1  -1  -1  -1  -1  -1 114  -1  -1  -1 123  -1  -1  -1  -1  73 307 121  -1 
 28  -1  38  -1 165  -1  -1  86  -1  44  67  -1 233  -1  -1  -1  -1  -1  -1  -1  89  -1  -1  -1  -1  -1 
 29  -1  -1 132  -1  -1  -1  -1  -1  -1  -1 125  -1 192 192 175  -1  -1  -1 145  -1  -1  -1  -1  -1  -1 
 30  -1  -1  -1  24  -1  -1  -1  17  17  -1  -1  -1  -1  -1  -1   2   2  -1   4   4  19  19  19  30  -1 
 31  -1  -1  -1  -1  -1  31  31  31  -1  -1  -1  -1  -1  -1  -1  -1  -1  -1  -1  -1  -1  -1  -1  -1  -1 
 32  -1  -1  63  63  63  -1  -1  74  -1  -1  -1  48  48  68  -1  46  46  61  61  -1  -1  -1  -1  -1  -1 
 33  -1  -1  -1  -1  -1  -1  -1  -1  -1  -1  -1  -1  -1  -1  -1  -1  -1  -1  -1  -1  -1  -1  75  75  75 
 34  -1  -1 107 107 107 105 105 112  -1  -1  -1 118  -1  90  90  92  92  -1  -1  -1  -1  -1  -1  -1  -1 
 35  -1  -1  -1  -1  -1  -1  -1  -1  -1  -1  -1  -1  -1  -1  -1  -1  -1  -1  -1  -1 119 119 119  -1  -1 
 36  -1  -1 162 149 149  -1  -1 151 151 151  -1  -1 136 136  -1 134 134  -1 156  -1  -1  -1  -1  -1  -1 
 37  -1  -1  -1  -1  -1  -1  -1  -1  -1  -1  -1  -1  -1  -1  -1  -1  -1  -1  -1  -1 163 163 163  -1  -1 
 38  -1  -1 200 206  -1 180 180 195 195 195  -1  -1  -1  -1  -1  -1  -1  -1 178 178 193 193  -1  -1  -1 
 39  -1  -1  -1  -1  -1  -1  -1  -1  -1  -1  -1  -1  -1  -1  -1  -1  -1  -1  -1  -1 207 207 207  -1  -1 
 40  -1  -1  -1 244  -1 222 222  -1 237 237  -1 250 239 239 239 224 224  -1  -1  -1  -1  -1  -1  -1  -1 
 41  -1  -1  -1  -1  -1  -1  -1 251 251 251  -1  -1  -1  -1  -1  -1  -1  -1  -1  -1  -1  -1  -1  -1  -1 
 42  -1  -1 283 283 283  -1 288 294  -1  -1  -1  -1  -1 268 268  -1  -1  -1 266 266  -1  -1  -1 281 281 
 43  -1  -1  -1  -1  -1  -1  -1  -1  -1  -1  -1  -1  -1  -1  -1  -1  -1  -1  -1  -1  -1  -1 295 295 295 
 44  -1  -1  -1  -1  -1 140  -1   8 269  -1  -1  -1  -1  53  -1  -1 185  -1  -1  -1  -1  -1 313 197  -1 
 45  -1  -1  -1  -1  -1  -1 139  -1  -1  -1  -1  -1  95  -1  50  -1  -1  -1  -1  -1  -1  -1  -1  -1  -1 
 46  -1 153 182 270  -1  -1  -1  -1 137  -1  -1 229  10   9  -1  -1  -1  98 143  -1  -1 187  -1 308  -1 
 47  -1 311  -1   5  -1  -1  -1 274   6  -1 312  -1  -1  -1  -1  -1  -1  -1  -1  -1  -1  -1  -1  -1  -1 
 48  -1  -1  -1  -1 309  -1  99  49  -1  -1  -1  -1  -1 181  -1 285  -1  -1  94  -1  -1  -1  -1  -1  -1 
 49  -1 109 230 141  -1  55  -1  -1 225  -1  -1  -1  -1  -1  -1  -1  -1 241  -1  -1  -1 142  -1  -1  -1 
 50  -1  -1  21 226  -1 271  -1  -1  -1  -1  -1 184  -1  -1 138  -1  -1  -1  -1  -1  -1 272  -1  -1 316 
 51  -1  -1  -1  -1  -1  -1  -1  -1  -1 315  -1  93 227  -1  -1  -1 273  52  51  54  -1  65  -1  -1  -1 
 52 310  -1  -1 186  -1  -1   7  -1  -1  -1  -1  -1 183  -1  -1  -1  -1  11  -1  -1 314  -1  -1  -1  -1 
 53  -1  -1  96  -1  -1  97  -1  -1  -1  -1  -1 275  -1 231  -1  -1  -1  -1 228  -1  -1  -1  -1  -1  -1 

r\t   0   1   2   3   4   5   6   7   8   9  10  11  12  13  14  15  16  17  18  19  20  21  22  23  24 
  0  -1  -1 160 110  -1  -1  57  43  80  -1  -1  -1  -1  -1  -1  -1  -1 303 189  86  -1  -1  -1  -1 218 
  1  -1  -1 202 204  -1  -1  14 210  -1  -1  -1  -1  -1  -1  -1  -1 124  -1  -1  -1  -1  -1 125 127  -1 
  2  -1 173  -1  -1  -1  -1  -1  -1  -1 170  -1  -1  -1  -1  -1  -1  -1 198 264  -1  -1  59 236 236  87 
  3  -1  71 245  -1  -1  -1  -1 192 192  -1  -1  -1  -1  -1  -1  -1  -1  -1 114  -1 215  84  -1  12  -1 
  4  -1 234  -1  -1  -1  -1  -1  -1  -1  -1  -1  -1  -1  -1  -1  -1  -1  -1  88  -1  -1 220 196 219  -1 
  5  -1 165 130  -1  -1  -1 208  -1  -1  -1  -1  39  -1 111 302  -1 253 209 159  -1  -1  -1 249  -1  -1 
  6  -1  56  -1  -1  -1  -1  -1  -1 167  -1  82  18  -1  -1  -1  -1  -1 296  -1 177  -1 257  -1  -1  -1 
  7  -1  -1  -1 232  -1  -1  -1 297  13  -1  -1  -1  -1 152  -1  -1  -1  -1  -1  38  -1 131  60  60 306 
  8 265 144  -1  -1  -1  -1 233 240  -1  -1  -1  -1  -1 126 259  -1  -1  -1  -1  -1  -1  -1  -1  -1  -1 
  9  -1  -1  -1  28  -1  -1  -1  -1 293  -1  -1 154 102  -1  -1  -1  89  -1 292  -1  -1  -1  -1 135  -1 
 10  -1 101 223 132  67  -1 103  -1  -1 172  -1 247  -1 117  -1  -1  -1 282  -1  -1  -1  -1 284 256  -1 
 11  -1  23  66  -1  -1  -1 291  -1  -1  -1  -1  -1   0 171  -1  41 299  -1 248  -1  42  -1  -1  -1  -1 
 12  -1  -1  -1 116  -1  -1  83 267  -1  -1  -1 287  -1  -1  -1 242  -1 104 104  -1 286  -1  -1  -1  -1 
 13  -1  -1  -1  22  -1  -1  -1  -1  -1  -1  -1 161  -1  -1  -1  -1  -1  -1  -1  -1  -1  37  -1  -1  -1 
 14  -1  -1  -1  -1  -1  -1  -1 211  -1  -1 213  -1  -1  -1  -1  -1  -1  -1  -1  -1  -1 205  -1 122  -1 
 15  -1 255 300  -1  -1  -1 279  -1 120  -1  -1  32  -1  62  -1  -1 201 258  29  -1  -1  79  -1  -1 174 
 16  -1  -1  -1  -1 260  -1  -1  -1  -1  -1 216  -1  44 246  -1  -1 188 243  -1 305  -1  -1  -1  -1 155 
 17  -1  -1  78  -1  -1  -1  25  -1  -1  -1  -1  -1 147  -1  -1  -1 158 164  -1  -1  -1  -1  -1  36  -1 
 18  -1  -1 100   3  -1  -1  -1  -1  -1  -1 263  -1  -1  -1  -1  -1  -1  -1 277  -1  -1 252  -1 191  -1 
 19  -1  -1  -1  -1  -1  -1  -1 217  -1  -1  -1  85  -1  -1  -1  -1 278  -1  73  -1  -1  33  -1  -1  -1 
 20  -1  -1  -1  -1  -1 221  -1  -1  -1  -1  -1  40  -1  -1  -1  -1  -1  -1  -1  -1  -1  -1 166 289  -1 
 21  -1 121  15  -1 175  -1  76  -1  -1  -1  -1  -1 203  -1  -1  -1  -1  -1 176  -1  -1  -1  72 280 280 
 22  -1  -1  -1  -1  -1  -1 145  -1 150  -1  -1  -1 199  -1  -1  -1  -1  -1  -1  -1  -1 168 301  -1  -1 
 23  -1 169  -1 290  -1  -1  -1  -1 235  -1  -1  -1  16  16  -1  -1 307  -1  -1  -1  -1 133 148 148  -1 
 24  -1  26 123  91  -1  -1  -1 214  -1  -1  -1  -1  35 194 128  -1 108 115  -1  -1  -1  -1  -1 304  -1 
 25  -1  -1  -1  45  -1  -1  -1  -1  -1  -1  -1  -1  -1  34  -1  -1  -1  -1  64  -1  -1  -1  -1  -1  -1 
 26   1  -1  47  -1  -1  -1 129  -1 276  81  -1  -1 179  -1 261  -1  -1 254  20  -1  -1  -1  -1  27  -1 
 27  -1  -1  -1  -1  -1  -1 190 146  -1  -1  -1  -1  70  69  -1  -1  -1  -1  -1  -1  -1  -1  -1  -1  -1 
 28  -1  -1  -1  -1  -1  -1 113  -1  -1  -1  -1  -1  58  -1  -1  -1  -1  -1  -1  -1  -1 262 298  -1  -1 
 29  -1  77 238  -1  -1  -1 157  -1  -1  -1  -1  -1  -1  -1  -1  -1  -1  -1 212  -1  -1  -1  -1  -1 106 
 30  -1  -1  24  -1  -1   4   4  30  -1  -1  -1  -1  -1  -1  -1  17  17  -1   2   2  19  19  19  -1  -1 
 31  -1  -1  -1  -1  -1  -1  -1  -1  -1  -1  -1  -1  -1  -1  -1  31  31  31  -1  -1  -1  -1  -1  -1  -1 
 32  -1  -1  -1  -1  -1  48  48  63  63  63  -1  74  -1  -1  -1  61  61  -1  46  46  -1  68  -1  -1  -1 
 33  -1  -1  -1  -1  -1  -1  -1  -1  -1  -1  -1  -1  -1  -1  -1  75  75  75  -1  -1  -1  -1  -1  -1  -1 
 34  90  90  -1  -1  -1  92  92 107 107 107  -1 112 118  -1  -1  -1  -1  -1  -1  -1  -1  -1 105 105  -1 
 35  -1  -1  -1  -1  -1  -1  -1  -1  -1  -1  -1  -1  -1  -1  -1  -1  -1  -1  -1  -1 119 119 119  -1  -1 
 36  -1 162 149 149  -1 136 136 156  -1  -1  -1  -1  -1  -1  -1 151 151 151 134 134  -1  -1  -1  -1  -1 
 37  -1  -1  -1  -1  -1  -1  -1  -1  -1  -1  -1  -1 163 163 163  -1  -1  -1  -1  -1  -1  -1  -1  -1  -1 
 38 195 195 195  -1  -1 178 178 180 180  -1  -1 200  -1 206  -1  -1  -1  -1  -1  -1 193 193  -1  -1  -1 
 39  -1  -1  -1  -1  -1  -1  -1  -1  -1  -1  -1  -1  -1  -1  -1  -1  -1  -1  -1  -1  -1  -1 207 207 207 
 40 224 224  -1 250  -1  -1 244  -1  -1  -1  -1  -1 239 239 239  -1  -1  -1 222 222 237 237  -1  -1  -1 
 41  -1  -1  -1  -1  -1  -1  -1 251 251 251  -1  -1  -1  -1  -1  -1  -1  -1  -1  -1  -1  -1  -1  -1  -1 
 42  -1  -1 283 283 283 266 266  -1  -1  -1  -1 294 281 281  -1  -1  -1  -1  -1  -1  -1 288 268 268  -1 
 43  -1  -1  -1  -1  -1  -1  -1  -1  -1  -1  -1  -1 295 295 295  -1  -1  -1  -1  -1  -1  -1  -1  -1  -1 
 44  -1 140  10 184 153  -1  -1 142   5   9  -1  -1  -1  -1  -1  -1 186  -1  -1  -1  -1  52 227  -1  -1 
 45 143  -1  -1  -1 315  -1  -1 285  -1  -1  -1  -1 228  -1  -1  -1  -1  -1  -1  -1 312  95  -1  93  -1 
 46  -1 270 181  -1  -1  -1  -1  -1  -1  -1  -1 241  96  -1  -1  -1  -1  -1  -1  -1  -1  -1 137  -1 310 
 47  -1 183 139  -1  -1  -1  -1  50  -1  -1  -1  -1  -1 308  -1 309 230  -1  -1  -1  -1  -1  -1   7  -1 
 48  -1  -1  99  -1  -1  -1  -1  -1  -1  -1 316  65  -1  -1  -1  -1   6  -1  -1  -1  -1  -1  49  -1  -1 
 49  -1  -1  -1  -1  -1  -1  -1  94  -1 185  -1 313  -1  -1 314  -1  -1  -1  -1  98  -1 273  -1  -1  -1 
 50  -1  -1  -1  -1  -1  -1  -1  21 274  -1  -1  -1  -1  -1  -1  -1  -1  -1  -1  -1  -1  -1  97  -1  -1 
 51  54  -1  -1  -1  -1  -1  -1 231  -1  -1  -1 197 141  -1  -1  -1  -1  -1  -1  -1  -1  -1   8  -1  -1 
 52  -1  55  -1  -1  -1  -1 226  -1  -1 271  -1  -1 269  -1  -1  -1  51 311  -1  -1  -1 187  -1  53  -1 
 53  -1  -1  -1 225  -1  -1  -1  -1  -1 138  -1 109  -1  -1  -1  -1 272  -1  -1 275  -1  11 182 229  -1 

r\t   0   1   2   3   4   5   6   7   8   9  10  11  12  13  14  15  16  17  18  19  20  21  22  23  24 
  0  -1  -1  -1 217  87 257  -1 276  22  -1  -1 205  -1  -1  -1  -1  -1  -1  -1  -1  -1  -1 247  -1  -1 
  1  -1  -1 254  -1  -1  -1  -1  85  82  -1  -1  23 166  -1  -1  -1  29  -1  -1  -1  -1 204  -1  -1  -1 
  2  -1  -1 152  -1  -1  -1  25  -1 249  -1  -1  -1  -1 110  -1  -1 190 300  -1  -1 129  -1  -1  77  81 
  3  -1  -1  -1  -1 238  -1 262  -1  -1 218  -1  -1  -1 164  -1  -1  -1  -1 253  -1  -1  -1 121  -1  -1 
  4  60  60 215  -1 216  -1 304  -1 208  -1  -1  -1  59   0  -1  16  16  -1  80  -1  -1 100  -1  -1  -1 
  5  -1 209  -1  -1  -1  -1  -1  -1  -1  -1  -1  -1  26  -1  -1  -1 203  -1 168  -1  -1 242  -1  -1  -1 
  6  -1  -1  -1  -1  -1  -1 284 135  -1  -1  -1  -1  -1 124  -1  -1 232  -1 103  -1  -1  28  -1  -1  -1 
  7  -1 297  -1  -1  -1  -1 210 214  -1 307  83  -1 148 148  -1  -1  -1 145  -1 219  -1  -1  -1  71  -1 
  8 125  -1  -1  45 150  -1 114 154  38  -1  -1 302  -1  -1  -1  -1  -1 192 192  -1  -1  -1  -1  -1  -1 
  9  -1 191  -1  27  -1  -1  -1  37  62  -1  -1 126  -1  -1  -1  -1  -1 234  -1 177  -1  -1 290  -1  -1 
 10  -1  -1  -1  -1  -1  -1 296  15  -1  -1  -1 196  -1  -1  -1  -1 133  -1  -1  -1  -1  -1 278  -1  -1 
 11  -1  -1  66 161  -1  -1  47  -1  -1  -1  -1  -1  -1  -1  -1  -1  -1  -1 293  -1  -1  -1  -1 267  -1 
 12  -1  13  -1  -1  -1 286  -1 213  -1  -1  -1  -1  -1  -1  -1  -1 245  -1  -1  -1  -1  -1  -1  -1  -1 
 13  -1  -1  -1 305  -1  -1 167  -1 194 106  -1  64  -1  91  -1  -1  57 280 280  -1  -1 199  -1 160  -1 
 14  -1  -1  -1  36 306  -1  12  32  -1  -1  -1  -1  -1  -1  -1  -1  -1  -1 202  -1  -1 301  -1  -1  -1 
 15 220  -1  -1 246  -1  -1  -1  -1  -1  -1  -1 159 279  -1  -1  -1  -1 123  -1  -1  -1  -1  -1  -1  -1 
 16  -1  -1  -1  -1  -1  -1  -1  -1 170  -1  -1 240  -1  -1  -1  -1  -1  -1  -1 265  -1  67  -1  -1  -1 
 17  -1 147  -1  14  -1  -1 264 252  -1  -1  -1  -1  -1  -1  -1  -1 116  -1  -1  -1  -1  -1  -1  -1  -1 
 18  -1  -1  -1  -1  -1  -1 223  -1 292  -1  -1  -1  -1 255  -1  -1  -1  35  -1  -1  -1  -1  -1 201  -1 
 19  -1  -1 171 122  -1  -1  -1  -1  -1  -1  -1  -1 289 298  -1  -1  -1  -1  -1  -1  -1  -1 101 108  -1 
 20  43  -1  -1 189  -1  -1 132  78 157 173  -1  -1  -1  -1  -1  -1 102  -1  -1  -1  -1 260  -1  -1 131 
 21  -1  -1  -1 263  -1  -1  -1 179  -1  -1  -1   3  -1  -1 130  -1  -1 248 146  -1  -1  -1 212  -1  -1 
 22  -1  -1  33  -1 258  -1 127 115  -1  -1  -1  -1  -1  -1 221  -1  70  -1  -1  -1  -1 155  72  -1  -1 
 23  -1  40  -1  -1  -1  -1 188  -1  -1  -1  -1 128  -1  -1  -1  -1  -1 158  -1  -1  -1  -1  -1  -1  -1 
 24  -1  69 291 233  -1  -1  86  -1  -1  -1  -1  88  -1  73  -1  -1 277  -1 176  -1  -1 165 236 236  -1 
 25  -1  -1  18  -1  -1  -1 256  41  -1  -1 104 104  -1  -1  -1  -1  84  -1   1  -1  -1  -1  -1  -1  -1 
 26  -1  -1  79  -1  -1  -1  -1  58  -1 172  -1  -1 117  -1  -1  -1  -1  76  -1  -1  -1 113  44 174  -1 
 27  -1  -1 243  -1  -1 303 144 198 287  -1  -1  -1  -1  56  -1  -1  -1 111  20  89  -1 169  -1  -1  -1 
 28  -1  34  -1  -1  -1  -1  -1 261 259  -1 175  -1  -1  -1  -1  -1  -1  -1  -1  -1  -1  -1  -1 282  -1 
 29  -1  -1  -1  -1  -1  -1 211 299  -1  -1  -1  -1  -1  39  -1  -1  -1  -1 235  -1  -1  -1  42 120  -1 
 30   4   4  -1  -1  -1  -1  -1  -1  24  -1  -1  30  19  19  19   2   2  -1  -1  -1  -1  -1  17  17  -1 
 31  -1  -1  -1  -1  -1  -1  -1  -1  -1  -1  -1  -1  -1  -1  -1  -1  -1  -1  -1  -1  -1  -1  31  31  31 
 32  46  46  -1  -1  -1  -1  74  -1  -1  -1  -1  -1  -1  -1  -1  48  48  63  63  63  -1  68  61  61  -1 
 33  -1  -1  -1  -1  -1  -1  -1  -1  -1  -1  75  75  75  -1  -1  -1  -1  -1  -1  -1  -1  -1  -1  -1  -1 
 34  -1  -1 105 105  -1 107 107 107 118  -1  -1 112  -1  -1  -1  92  92  -1  -1  -1  -1  -1  90  90  -1 
 35  -1  -1 119 119 119  -1  -1  -1  -1  -1  -1  -1  -1  -1  -1  -1  -1  -1  -1  -1  -1  -1  -1  -1  -1 
 36  -1  -1  -1  -1  -1  -1  -1 156  -1  -1 149 149 136 136  -1  -1  -1 134 134  -1  -1 162 151 151 151 
 37 163 163 163  -1  -1  -1  -1  -1  -1  -1  -1  -1  -1  -1  -1  -1  -1  -1  -1  -1  -1  -1  -1  -1  -1 
 38 180 180 200 206  -1  -1  -1  -1  -1  -1  -1  -1  -1 193 193 178 178  -1  -1  -1  -1  -1 195 195 195 
 39  -1  -1  -1  -1  -1  -1  -1  -1  -1  -1  -1  -1 207 207 207  -1  -1  -1  -1  -1  -1  -1  -1  -1  -1 
 40  -1 250  -1  -1  -1  -1  -1 239 239 239  -1  -1 237 237  -1 224 224  -1 222 222  -1  -1  -1 244  -1 
 41  -1  -1  -1  -1  -1  -1  -1  -1  -1  -1 251 251 251  -1  -1  -1  -1  -1  -1  -1  -1  -1  -1  -1  -1 
 42 283 283 283 294  -1  -1  -1  -1  -1  -1 281 281  -1 266 266 268 268  -1  -1  -1  -1 288  -1  -1  -1 
 43  -1  -1  -1  -1  -1  -1  -1  -1  -1  -1 295 295 295  -1  -1  -1  -1  -1  -1  -1  -1  -1  -1  -1  -1 
 44  95  -1  -1 185  -1 314  65   7  -1  -1  -1  -1  -1  -1  -1  -1  -1 186  94 140  -1  -1 272   6  -1 
 45  -1  -1  -1   8  -1  -1 181  -1  -1  -1  -1  -1  -1  -1  -1  -1  -1  -1 275  -1  -1  -1 230  -1  -1 
 46  -1  -1  -1  -1  -1  -1  98  93  -1  -1  -1  -1  99  -1  -1  -1  -1  -1  -1  -1  -1  21  -1  -1  -1 
 47  -1 227 197  -1  -1  -1  10  -1  -1  -1 315  -1  -1  -1  -1  -1  -1  11  -1  -1 316  -1  -1 228  -1 
 48  -1 142 313  -1  -1  -1  -1  -1  -1  -1  -1 137  -1  -1 138  -1  -1  -1  -1  -1  -1  -1  -1 182 310 
 49  -1  96  -1  -1  -1  -1 241  50  -1 309  -1 274  -1  -1  -1  -1  -1  -1  -1  -1  -1 311   5 141  -1 
 50  -1  -1  -1  -1  -1  -1  -1  -1 109  -1  -1 187  -1  -1  97  -1  -1 271  -1   9  -1 285  -1  55  -1 
 51  -1  -1  -1 231  -1  -1  -1  -1 308  -1  -1  -1  -1  -1  -1  -1  -1 225  -1  -1  -1  -1  -1  -1  -1 
 52  -1 269  -1 270  -1  -1  -1  -1 153  -1  -1  -1 229  53  49  -1  -1  51  54  -1  -1  -1 183  -1  -1 
 53  -1  -1  -1 139 312  -1  -1 273  -1  -1  -1  52 184 226  -1 143  -1  -1  -1  -1  -1  -1  -1  -1  -1 

r\t   0   1   2   3   4   5   6   7   8   9  10  11  12  13  14  15  16  17  18  19  20  21  22  23  24 
  0  -1  -1  -1  -1  -1 242  -1  -1  -1  -1  -1 240  -1  -1  -1  -1 284  60  60  -1  -1  -1 210  -1  -1 
  1  -1  -1  -1  -1  -1  -1 100  -1  -1  -1  -1  -1 191  -1  -1  -1  -1 301  -1  -1  -1  -1  -1  -1  -1 
  2  -1  -1 303  72  -1  -1  -1 282  -1  -1  -1  -1  -1 116  -1  -1 157  16  16  -1  -1  -1  27 208  -1 
  3  37 154 196  -1  -1  -1  -1 111  -1  -1  -1  -1 253  12  -1  -1  -1 209  -1  -1 174 211  -1  -1  -1 
  4  -1  -1  -1 297  -1  -1  -1  -1 299  -1  -1  -1 232 245  -1  -1  -1  -1  -1  -1  -1  -1 192 192  -1 
  5  -1  -1 248  -1  -1  -1  23  -1 216  -1  -1  -1  -1  -1 131 258 212 298  -1 106  -1  -1  -1  -1  -1 
  6  -1  -1  -1 199  -1  -1 233 257  -1  -1  -1  -1  -1  -1  -1  -1  -1  -1  -1 170  -1  -1  -1 252  -1 
  7  -1  -1  -1 113  -1  -1  88  -1  -1  -1  -1  58  -1 159  -1  -1  -1 280 280  -1  -1  -1  -1  -1  -1 
  8  -1 247 291  62  -1  -1  -1 235  -1 264  91  -1  -1 262  -1  -1  -1  29  -1  -1  -1  -1 129  83  -1 
  9  -1  -1  -1  -1  -1  -1  -1  -1  22  -1  -1  -1  -1  -1  -1  -1  -1  -1  -1  -1  -1  -1  -1  -1  -1 
 10 150  -1 155 127  -1  -1  -1 217 194 132  -1  -1 279  77  -1  -1  -1  -1  -1  -1  -1  -1  -1  82  -1 
 11  -1 158  -1  -1  -1  -1  -1  -1  73  -1  -1 121  -1  -1  -1  -1  76  -1  -1  -1  -1 255 290  -1  -1 
 12  -1  -1  -1  -1  -1  -1  -1  34 117  40  -1  -1  84 234  -1  -1 254  -1  -1  -1  -1  -1  -1  -1  -1 
 13  -1  15  -1  28  67  -1  -1  -1 144  -1  -1   0  -1  -1  -1 302 145 102  -1  87  -1 300  -1  -1  -1 
 14  -1  -1 166 214  -1  39   3  -1  -1  -1  -1  -1  -1  -1  -1  -1  -1  -1  -1 238  -1  -1  -1  -1  -1 
 15  -1  -1  -1  -1  -1  -1  -1  -1 218  -1  -1 161 164  -1  -1  -1 108 115  -1 287  -1  56  -1  13  -1 
 16  -1  -1  -1 259  -1  -1 189  -1 215  -1  -1  -1  -1  -1  -1  -1  89  -1  -1  -1 306  -1  36  33  -1 
 17  -1 103  -1  -1  85  -1  -1  -1  -1  -1  -1  -1 104 104  -1 304  -1  -1 293  -1 265  -1  -1  -1  -1 
 18 305  -1  79 205  -1  86  -1  -1  -1  -1  -1 263  -1  43  -1  -1  -1  -1  -1  -1  -1 168  -1 152  -1 
 19  -1 261  -1  -1  -1  -1  45 296 160 176  -1  -1  -1 219  -1  -1 124 148 148  -1 220  44 278  -1  -1 
 20  -1  -1  -1  -1  -1  -1 256  -1  -1  -1  -1  -1  -1  -1  -1  -1  -1  -1  -1  -1  -1  -1  -1 243 221 
 21  -1 292  -1 179  -1  -1  -1 307  32  -1  -1  -1  -1  -1  -1  -1  -1  -1  -1  -1  -1 146  -1  -1  -1 
 22  -1  -1  -1  -1  -1  -1  41  -1 276  -1  -1 188  -1  -1  -1  -1  -1  -1 114  -1  -1  -1 169  -1  -1 
 23  -1  -1  -1  -1  -1  -1  -1  -1  -1  -1 177  -1  -1  -1  -1  -1 289  42  -1  -1  -1  -1  -1  -1  -1 
 24  -1  -1  -1  81  -1  -1 267  -1 110  -1  -1  25  26 260  -1  -1 172 173  -1  -1  -1 101  -1 122  -1 
 25  -1 135  -1  -1 198  -1 165  69 171  -1  -1  78 123  -1  -1  -1  35  70  80  -1  -1  14  -1 277  -1 
 26  -1 213  -1 133  -1  -1  64 203  -1  -1  -1  -1  57  59  -1  -1  -1 249  -1  -1  -1 286  -1  -1  -1 
 27 128 120  -1  -1  -1  -1  -1  -1 175  -1  -1  -1  -1 202  -1 236 236 167  -1  -1  -1  -1  -1  -1  -1 
 28  -1  -1  -1  47  -1 130  -1  -1  -1  -1  -1 204  71  -1  -1  -1  -1  -1  -1  18 126  -1 147 223   1 
 29  -1  38  -1 246  -1  -1  -1  -1  -1  -1 125  -1  -1  -1  -1  66  -1  -1 201  -1  -1 190  20  -1  -1 
 30  -1  -1  17  17  -1  -1  24  -1  -1  -1  19  19  19  30  -1  -1  -1   4   4  -1   2   2  -1  -1  -1 
 31  31  31  31  -1  -1  -1  -1  -1  -1  -1  -1  -1  -1  -1  -1  -1  -1  -1  -1  -1  -1  -1  -1  -1  -1 
 32  -1  68  -1  -1  -1  -1  -1  63  63  63  -1  -1  48  48  -1  -1  -1  46  46  -1  -1  74  61  61  -1 
 33  -1  -1  -1  -1  -1  -1  -1  -1  -1  -1  -1  -1  -1  -1  -1  -1  -1  -1  -1  -1  -1  -1  75  75  75 
 34  -1  -1 107 107 107  -1 112 118  -1  -1  -1  -1  -1  -1  -1  -1  -1  92  92  -1  90  90  -1 105 105 
 35  -1  -1  -1  -1  -1  -1  -1  -1  -1  -1  -1  -1  -1  -1  -1  -1  -1  -1  -1  -1  -1  -1 119 119 119 
 36  -1  -1  -1  -1  -1 149 149 162  -1  -1 136 136 151 151 151  -1  -1  -1 156  -1 134 134  -1  -1  -1 
 37  -1  -1  -1  -1  -1  -1  -1  -1  -1  -1  -1  -1  -1  -1  -1  -1  -1  -1  -1  -1  -1  -1 163 163 163 
 38  -1  -1  -1  -1  -1  -1 200  -1 206  -1  -1  -1  -1 193 193  -1  -1 195 195 195 180 180  -1 178 178 
 39 207 207 207  -1  -1  -1  -1  -1  -1  -1  -1  -1  -1  -1  -1  -1  -1  -1  -1  -1  -1  -1  -1  -1  -1 
 40  -1  -1 239 239 239  -1  -1  -1  -1  -1  -1 250 222 222  -1  -1 224 224 244  -1 237 237  -1  -1  -1 
 41  -1  -1  -1  -1  -1  -1  -1 251 251 251  -1  -1  -1  -1  -1  -1  -1  -1  -1  -1  -1  -1  -1  -1  -1 
 42  -1  -1 283 283 283  -1 288  -1  -1  -1 281 281  -1 294  -1  -1  -1 266 266  -1  -1  -1  -1 268 268 
 43  -1  -1  -1  -1  -1  -1  -1  -1  -1  -1 295 295 295  -1  -1  -1  -1  -1  -1  -1  -1  -1  -1  -1  -1 
 44 309  50  -1  -1 314  -1 141 311  -1  -1 225 272 269  -1  -1  -1  -1  -1 187 316  55  -1 271  -1  -1 
 45  -1  98  -1 273  -1  -1  -1  -1  -1  97  -1  -1  -1   7  -1 312  49  -1  -1  -1  -1  -1  -1  -1  -1 
 46  -1  -1 313  -1  -1  -1 226 153  -1  -1  -1 183  -1  -1  -1  -1  -1  -1  -1  -1  -1  -1 230  11  -1 
 47  -1 275  65  -1  -1  -1  -1  -1  -1  -1  -1  51 140 186  -1  -1   9 137  -1  -1  -1  -1  -1  -1  -1 
 48 241  -1  -1  -1  -1  -1  -1  -1  -1  -1  -1  -1  -1  93  -1  -1 138  -1  -1  -1  -1  -1 139  52  -1 
 49  -1 231  -1  10  -1  -1 285  -1  -1  -1  -1  -1  95  -1  -1  -1  -1  -1 228  -1  -1  -1   6  -1  -1 
 50  -1   8  -1  -1  -1  -1  -1 197  -1  -1  -1  -1 181  -1  -1  -1 274  -1  -1  -1  -1  -1 185  -1  -1 
 51  -1  -1  -1  -1  -1  -1  -1  -1  -1   5  54  -1  -1  -1 315  -1  -1  -1  -1  -1  -1  -1  53  -1  -1 
 52  -1  -1  -1  96  -1  -1  -1  21 308  -1  -1  99  -1 270  -1  -1 184  -1  -1  -1  -1  -1  -1  -1  -1 
 53 109  -1  -1  -1  -1 310 182  -1  -1  -1  -1 227  -1  -1  -1  -1  -1  -1 142  -1  -1 229  94 143  -1 

