317
3 26
14 24
10 30
6 8
17 30
16 48
21 45
20 45
13 53
15 47
1 44
0 44
1 7
13 14
3 20
8 12
17 10
15 30
2 6
22 30
11 15
12 50
5 18
6 2
1 30
3 15
11 7
23 10
6 15
16 21
13 30
7 31
2 3
22 20
17 9
18 29
21 13
23 7
0 19
1 22
18 21
15 9
16 3
15 15
11 12
15 14
13 32
3 16
0 32
21 49
18 52
17 48
6 50
8 44
10 48
20 46
11 10
1 17
13 26
22 8
18 5
23 32
12 5
7 32
6 23
3 47
16 19
2 16
17 32
1 21
16 28
11 29
7 3
3 1
21 32
22 33
8 2
11 6
12 6
2 24
18 1
10 7
10 1
0 3
1 14
21 22
3 10
8 4
1 16
11 4
7 34
0 27
13 34
18 44
16 52
10 47
21 50
15 52
6 52
3 50
1 6
16 16
13 13
3 6
7 14
17 34
24 12
20 34
11 2
23 51
12 10
2 5
3 34
22 26
11 26
13 1
8 27
1 25
2 34
17 35
21 27
6 28
18 20
7 15
12 3
2 15
1 29
17 11
8 13
17 21
6 22
0 16
20 6
6 1
0 36
8 28
10 36
17 52
15 51
18 51
7 51
13 49
21 53
3 44
21 16
18 16
17 27
1 15
7 25
2 36
14 18
22 36
11 8
16 49
12 22
5 1
18 36
16 27
23 26
21 4
7 29
1 10
8 36
2 37
22 6
8 6
13 10
17 22
12 23
19 17
12 27
4 7
16 6
17 26
2 2
7 8
15 10
20 8
10 38
21 11
0 38
7 45
16 53
8 52
17 53
13 47
6 49
18 47
8 3
17 8
7 6
16 14
5 19
3 38
21 20
12 38
1 23
19 49
22 22
23 19
7 38
12 26
22 3
23 28
16 24
1 27
18 38
2 39
17 28
13 15
8 8
6 10
11 18
18 23
5 7
1 18
8 19
0 0
9 19
20 20
8 24
14 14
15 40
21 28
0 40
18 50
13 50
17 50
20 48
6 48
7 50
11 49
1 26
17 4
13 3
23 2
7 10
18 40
9 15
2 40
22 4
10 52
12 13
21 3
7 40
18 19
11 28
12 16
6 18
1 0
17 40
22 41
2 25
16 15
8 0
21 23
3 2
0 13
18 0
15 13
6 14
15 18
23 20
17 20
3 23
20 27
7 42
6 7
10 42
18 53
21 52
0 53
16 47
13 45
15 46
1 51
21 10
1 20
3 14
11 22
7 16
12 42
2 9
17 42
23 24
22 49
24 7
6 6
23 42
13 21
22 19
1 12
18 3
7 20
2 42
12 43
17 1
3 17
11 1
16 22
8 5
1 11
12 9
7 22
4 21
12 14
1 2
0 25
22 47
5 49
9 51
2 45
23 47
12 46
4 44
19 51
24 45

