317
6 11
13 19
0 30
2 16
18 30
11 50
3 48
20 49
16 51
10 47
22 45
17 45
6 25
16 4
3 11
11 5
17 27
23 30
2 1
7 30
13 8
21 53
4 27
12 28
11 30
12 9
13 28
17 10
8 21
6 26
21 30
22 31
3 10
7 19
1 12
18 1
2 8
15 17
17 16
16 2
16 12
5 2
7 14
0 29
6 0
19 18
22 32
7 27
10 32
13 45
18 50
2 52
16 47
1 48
20 45
0 49
6 9
18 17
1 15
16 27
22 27
2 32
7 16
12 32
11 15
17 47
21 2
8 11
18 32
16 16
8 8
13 16
12 22
1 8
21 32
2 33
6 27
11 24
22 19
17 11
7 22
7 21
3 4
12 19
22 29
4 19
21 22
4 9
11 2
16 25
2 34
23 13
18 34
10 44
17 49
20 44
6 45
0 53
22 51
1 53
22 4
18 20
17 7
11 12
2 9
5 34
8 9
12 34
16 1
15 52
23 18
21 10
22 34
1 20
13 21
12 21
18 9
23 21
11 34
5 35
2 5
3 26
6 21
17 2
21 6
8 17
7 10
21 5
4 1
9 8
10 24
8 19
0 27
1 28
10 36
7 17
18 36
16 53
17 53
6 44
20 46
23 47
3 51
13 44
20 21
16 17
11 23
6 10
17 29
23 36
8 20
2 36
13 25
21 44
12 14
7 28
16 36
18 26
1 21
11 13
7 12
21 20
6 36
22 37
13 6
8 29
12 18
17 22
2 29
11 16
6 22
18 14
12 7
15 11
22 23
17 12
10 29
3 21
18 38
13 0
0 38
17 46
11 45
2 47
22 48
16 50
20 53
7 52
16 9
11 8
17 14
1 17
12 10
5 38
15 0
22 38
2 24
8 50
4 22
21 3
2 38
21 23
16 26
11 14
23 5
8 3
13 38
5 39
12 16
1 19
18 3
17 24
22 5
18 6
9 28
9 16
20 11
9 2
4 7
11 27
0 5
20 28
18 40
16 18
22 40
17 48
6 51
1 51
10 48
3 52
2 50
11 47
3 8
11 17
17 0
23 1
0 25
12 40
16 5
7 40
22 3
5 51
15 3
21 4
1 40
23 0
7 24
11 11
17 15
6 28
21 40
12 41
3 16
18 2
16 22
2 20
8 18
19 10
16 0
15 13
18 4
17 9
0 17
1 27
1 0
20 2
18 42
22 8
10 42
7 44
3 47
16 52
6 46
13 53
17 44
23 46
6 16
11 1
13 17
23 8
17 21
15 42
12 29
0 42
7 13
22 44
5 4
21 24
13 42
16 20
23 15
3 0
1 14
18 13
6 42
7 43
12 15
2 25
17 8
11 25
21 26
17 4
14 19
18 25
18 5
1 23
17 13
15 27
9 49
24 50
14 49
4 47
15 49
8 49
12 46
21 46
5 52

