317
1 12
6 4
23 30
8 16
13 30
16 45
2 49
7 46
3 47
9 48
17 46
21 46
7 10
21 15
23 29
16 10
2 5
0 30
22 17
10 30
17 4
8 50
5 28
18 11
3 30
1 19
6 18
12 16
18 20
22 8
8 30
15 31
2 6
13 3
21 7
23 18
11 23
14 2
22 13
20 1
0 11
11 29
14 17
10 18
11 12
3 17
8 32
21 19
22 32
1 49
2 45
7 51
16 48
13 46
6 48
24 44
22 16
2 25
23 19
6 10
7 15
17 32
21 27
12 32
11 19
4 52
0 19
15 20
1 32
12 7
2 8
8 6
6 11
16 1
21 32
17 33
11 15
16 27
22 27
7 13
3 20
13 8
15 17
16 22
8 3
22 11
5 15
11 18
6 12
16 25
8 34
13 28
23 34
3 49
22 44
11 46
2 52
21 44
17 47
14 50
11 28
3 19
2 1
8 9
22 7
17 34
15 11
5 34
21 17
1 53
12 29
13 12
11 34
8 1
6 25
7 23
3 3
13 11
22 34
17 35
23 16
2 9
17 1
1 26
12 5
2 2
10 3
11 9
22 3
13 26
4 13
11 2
17 29
7 9
23 36
16 12
8 36
1 45
6 50
11 52
22 45
3 53
13 50
21 48
17 2
6 0
8 2
12 17
22 15
20 36
10 4
0 36
11 21
16 46
18 19
5 2
16 36
17 6
2 4
1 6
8 10
11 7
6 36
12 37
3 26
6 1
23 22
18 1
22 9
23 3
13 19
12 25
23 11
14 1
5 7
21 23
14 9
3 12
1 38
21 16
8 38
16 50
11 53
7 48
23 46
6 49
22 49
13 47
1 20
11 14
6 26
17 12
7 20
18 38
12 1
22 38
2 29
10 48
0 2
21 18
7 38
2 11
1 18
6 27
23 4
11 24
21 38
17 39
22 23
8 13
12 14
12 2
3 24
19 10
19 11
5 29
21 13
6 9
3 16
22 0
21 1
14 20
2 40
1 13
8 40
13 48
17 52
23 52
6 45
22 48
16 51
7 47
16 9
6 29
3 2
7 25
20 0
23 40
4 27
10 40
17 26
5 47
1 24
18 6
7 40
17 10
11 25
12 24
6 3
1 15
18 40
22 41
3 10
16 13
8 4
21 21
2 19
24 20
9 22
6 13
18 7
2 23
11 1
10 10
3 13
17 11
8 42
23 5
6 42
11 50
13 52
24 53
1 44
16 53
21 53
22 53
21 29
7 21
8 24
12 4
15 3
13 42
5 25
2 42
22 12
20 49
23 23
18 3
21 42
21 4
16 28
1 17
8 28
2 16
11 42
12 43
7 26
3 9
23 21
6 22
18 5
14 18
5 0
0 0
5 20
3 21
1 7
13 1
18 52
15 44
20 47
19 49
10 47
12 51
4 46
5 49
0 50

