r\t   0   1   2   3   4   5   6   7   8   9  10  11  12  13  14  15  16  17  18  19  20  21  22  23  24 
  0  -1  -1  -1  -1  -1  -1 179 165  -1  -1  -1  -1  -1  -1  -1 214 289  -1  -1  -1  -1 303   0  -1  -1 
  1  -1 290  -1  -1  -1  -1  -1 215  -1 259  -1  77  -1  -1  -1  -1  -1  -1  -1 258  -1  -1  -1  -1  -1 
  2  -1  -1  -1  -1  -1  -1  -1 256  -1  -1 177  89  -1 167  -1  -1  -1 267 190  -1  -1  -1 212  -1  -1 
  3  -1  -1 236 236  -1  -1  -1  -1 123  -1 221  -1 280 280  -1  -1  64 203  -1 287  -1 209  -1  -1  -1 
  4  -1  -1  -1  78  -1  -1  -1  -1  -1  42  -1 291  -1  -1  -1  -1  -1  -1 298  -1  -1  26  -1  -1  -1 
  5  -1 196  -1  -1  -1  -1 127 210  -1  -1  -1  33  -1 247  -1  -1 208 113  -1  -1  -1  -1  -1 282  -1 
  6  -1 147  -1  -1  -1  -1 218  -1  35 286  -1  -1  -1  36  -1  -1 103 194  -1  -1  -1  -1  -1  -1  -1 
  7  -1  28  -1  -1  -1 260  -1  -1 128  -1  -1 263  -1  72  -1  -1 159  -1  -1  -1  -1  -1  -1  -1  -1 
  8  -1  -1  -1  -1  -1  -1 145  -1 160  -1  -1 233  -1  -1  -1  -1  -1  -1  32  -1 243 125  -1 305  -1 
  9  -1  -1 104 104  -1  -1  84 284 252  -1  -1 189  87 115  83  -1 171  40  13  -1  -1 133 152  -1  -1 
 10  -1  -1  -1  -1  -1  -1  -1  -1  -1  -1  -1 204  -1  -1  -1  -1  -1  -1  -1  -1  -1 168  -1 235  -1 
 11  -1  41  -1  -1  -1  -1  -1  -1  -1  -1  -1  -1 157  -1  -1  -1 254  -1  -1  -1  -1  -1  -1  -1  -1 
 12  -1  -1  -1  -1  -1  81  -1  -1  -1 169 173 131  -1  -1  -1  -1  -1 158 172  -1  -1  80  -1  -1  -1 
 13  -1  -1  -1  -1  -1  -1  -1  -1  -1  -1  -1  -1 248  -1  -1  -1  -1  -1  -1  -1  -1  38  70  -1  -1 
 14  -1  12  47  -1 170  -1  -1  29  60  60 307  -1 102  -1  -1  -1 188  -1 279 175  -1 101  -1  -1  -1 
 15  -1  86  -1  -1  67  -1  -1  -1  -1  -1  -1  57 297 293  -1  -1  -1  -1  -1  -1  -1 299  34  -1  -1 
 16  45  -1  -1  -1  -1 106 249  79  -1  -1  -1  -1  71 202  -1  -1  25  -1  -1  -1  -1 255 296 292  -1 
 17  -1  -1  -1  -1  -1  -1  -1 116 257  -1  -1  -1 148 148  -1  -1  73  39  82  -1  -1 278  -1  -1  -1 
 18  -1  -1  -1  15  -1  -1  -1 135 276  -1  -1  -1  -1  -1  -1  -1  -1  -1 306  -1  -1  -1  -1 201  -1 
 19  -1 161  -1  -1  -1  -1 199 301  -1  -1  -1  -1  -1  -1  -1  -1  -1  -1  -1  -1  -1  -1  -1  -1  -1 
 20  -1  -1  20  -1 238  18  -1 111  69  -1  -1  -1 124  -1  -1  -1 144  -1  -1  -1  -1  -1 122  -1  -1 
 21  -1 205  -1 253  -1 198   1 211  -1  -1  -1  -1 191  -1  -1  -1 120  14  -1  -1  -1  -1  -1  76  -1 
 22 265 117  -1  -1  -1  -1  -1  91  -1 174  -1  -1  -1  -1  43  -1  -1  -1  -1  -1  -1  -1  -1  -1  -1 
 23 126  -1  -1  -1 110  -1  -1  -1  44  -1  -1  -1 130  23  -1  -1  -1  -1  -1  22  -1  58 277  -1  -1 
 24  -1  -1  -1  -1  -1  -1  -1  -1  88  -1  -1 114  -1 108  -1  -1  -1  -1 213  -1  -1 240  -1 154  -1 
 25  -1  -1  -1  -1  -1  -1  -1 192 192 150  -1  -1  -1  -1  -1  -1  -1 220 234  -1  37  -1  -1 166  -1 
 26  -1  -1  -1  -1  -1  -1 121  16  16 219  -1  -1  -1  -1  -1  -1  -1  -1 164 261 304  -1  56  -1 155 
 27 129  -1  -1  62 262  -1  -1  59 100  -1  -1 146  -1  27  -1  -1 264 246  -1  85  -1  -1 217  -1  -1 
 28  -1 245  -1  -1  -1  -1 223 176 132  -1  -1  -1  -1   3  -1  -1  -1  -1  -1 242  -1  -1  -1  -1  -1 
 29  -1  -1 300  -1  -1  -1  -1 302  -1  -1  -1  -1  -1  -1  -1 216 232  -1  -1  -1  -1  -1  -1  66  -1 
 30  -1  -1  -1  -1  -1  -1  -1   2   2  -1  19  19  19  -1  -1   4   4  24  -1  -1  17  17  -1  30  -1 
 31  -1  -1  31  31  31  -1  -1  -1  -1  -1  -1  -1  -1  -1  -1  -1  -1  -1  -1  -1  -1  -1  -1  -1  -1 
 32  -1  74  -1  -1  -1  -1  68  -1  -1  -1  48  48  63  63  63  46  46  61  61  -1  -1  -1  -1  -1  -1 
 33  -1  -1  -1  -1  -1  -1  -1  -1  -1  -1  -1  -1  -1  -1  -1  -1  -1  75  75  75  -1  -1  -1  -1  -1 
 34  92  92 112 118  -1  -1  -1  -1  -1  -1  -1  -1  -1  -1  -1  90  90 107 107 107  -1  -1  -1 105 105 
 35  -1  -1  -1  -1  -1  -1  -1  -1  -1  -1  -1  -1  -1  -1  -1  -1  -1  -1  -1  -1  -1  -1 119 119 119 
 36  -1  -1 149 149  -1  -1 162  -1  -1  -1  -1 156 136 136  -1 134 134 151 151 151  -1  -1  -1  -1  -1 
 37  -1  -1 163 163 163  -1  -1  -1  -1  -1  -1  -1  -1  -1  -1  -1  -1  -1  -1  -1  -1  -1  -1  -1  -1 
 38 178 178 193 193  -1  -1  -1  -1 200  -1  -1  -1  -1  -1  -1 180 180  -1 206  -1  -1  -1 195 195 195 
 39  -1  -1 207 207 207  -1  -1  -1  -1  -1  -1  -1  -1  -1  -1  -1  -1  -1  -1  -1  -1  -1  -1  -1  -1 
 40 224 224 250  -1  -1  -1  -1 239 239 239  -1 244 237 237  -1 222 222  -1  -1  -1  -1  -1  -1  -1  -1 
 41  -1  -1  -1  -1  -1  -1  -1  -1  -1  -1  -1  -1  -1  -1  -1  -1  -1  -1  -1  -1  -1  -1 251 251 251 
 42  -1  -1 283 283 283  -1  -1  -1 294  -1 281 281 266 266  -1  -1  -1 288  -1  -1  -1 268 268  -1  -1 
 43  -1  -1  -1  -1  -1 295 295 295  -1  -1  -1  -1  -1  -1  -1  -1  -1  -1  -1  -1  -1  -1  -1  -1  -1 
 44  -1  -1  65  -1 311  -1  -1  -1  -1  -1  -1  -1  95  99  -1  -1  -1  -1 275  -1 310  50  -1  -1  -1 
 45 140  10  94  -1  -1  -1  -1  -1  -1  -1  -1 139 182  -1 312  -1  -1  -1  53 314  -1  96 141  -1  -1 
 46  -1 142  -1  -1  -1  -1  -1  -1  -1  -1  -1  -1  -1  -1  -1  -1  -1  -1   8  -1  -1  -1  -1  -1  -1 
 47  -1  -1  -1  -1  -1  -1 270  55  -1  -1  -1 187  11 231  -1  -1  -1  -1  -1  -1  -1  -1  93  -1 316 
 48  -1  52  -1 315  -1  -1 143  -1 269  -1  -1  -1 225  49  -1  -1  -1  -1  -1  -1  -1  -1  51  -1  -1 
 49   6  -1  -1  -1  -1  -1  -1  -1  -1  -1  97   7  -1  -1  -1  -1  -1   9 227  -1  -1  -1  -1  -1  -1 
 50  -1 272  -1  -1  -1 308  54 153  -1 313 138  -1  -1  -1  -1  -1  -1  -1 181  -1  -1 230  -1 309  -1 
 51  -1  -1 185  -1  -1  -1  98  -1  -1  -1  -1 273  -1  -1 109  -1  -1 285 137  -1  -1   5  -1  -1  -1 
 52  -1  -1  -1  -1  -1  -1 241  -1 183  -1 274  -1  -1  -1  -1  -1  -1  -1  -1  -1  -1  -1  -1  -1  -1 
 53  -1  -1 229  -1  -1  -1  -1  -1 226  -1  -1 228  -1 197  -1 271  -1  -1  -1  -1  -1 184 186  21  -1 

r\t   0   1   2   3   4   5   6   7   8   9  10  11  12  13  14  15  16  17  18  19  20  21  22  23  24 
  0  -1  85  -1  -1  -1  -1 210 158  -1 304  -1 106  -1  36  -1  -1 116  -1  -1  -1  -1  -1  62 246  -1 
  1  -1  29  -1  89  -1  -1 211  -1  -1  -1 221 214 115 155  -1 261 144  -1  -1 194 125 146 217  -1  -1 
  2  -1  -1  72  -1  -1  -1 291  -1 284  -1  -1 160 282  -1  -1  -1  76  -1  -1  -1  -1  -1  -1  -1 302 
  3  -1  -1  -1  -1  -1  -1  -1  -1  -1  -1  -1  -1  -1  -1  -1  -1 277  -1  -1  -1  -1  -1  -1  -1  -1 
  4  -1  -1  -1  -1  -1  -1  -1  -1  37 216  -1  -1  -1  -1  -1  -1 165  -1  -1  -1  -1  -1  83  -1   1 
  5  -1  -1  -1  -1  -1  -1 174 236 236  -1  -1  12  -1  -1  -1  -1  -1  -1  -1  -1  -1  -1  -1 167  -1 
  6  43  40  -1 108  -1  -1  25  69  -1  -1  -1  42  -1  -1  -1  -1 164  -1 171  -1  -1 262 199  59  -1 
  7  -1  -1  -1  -1 169  -1  -1  -1 223  -1  -1  91  -1 292  -1  -1  57  -1  -1  -1  -1  -1 249  -1  -1 
  8  -1  -1 234  -1  -1  -1  80  -1  15  -1  -1 127  -1  -1  -1  -1  -1  -1  -1  -1  -1  -1  -1  -1  -1 
  9  -1  -1 255 170  -1  -1  45  -1 260  67  -1  73  -1  -1  -1  -1  -1 135  -1  -1  -1  -1  78  -1  -1 
 10  -1 233 290 220  -1 175  -1  88  -1  -1  41  -1  -1  -1  -1  -1  -1 177  -1  -1  -1  -1 203  -1  -1 
 11 265  14 147  -1  -1  -1  -1 208  -1 307 179 114  -1  -1  -1  -1  -1  -1 132  -1  -1  -1  -1  -1  -1 
 12  -1  -1 209  -1  -1  -1 128  -1  -1  -1  -1  -1  -1  -1  87  -1  -1  -1 121  -1  -1 254  18  -1  -1 
 13  -1  79 117  -1  -1  -1 133 276 148 148  -1 205  -1  -1  -1  -1 100  -1  13  -1  -1 157 166  -1  -1 
 14  -1  -1  58 124  -1  -1  -1   3  32  -1  -1  -1 111  -1 129  -1  -1 123 232  -1  82  -1  -1  -1  -1 
 15  39  -1  -1 252  -1  -1 257  47  -1  -1  -1  64  27  33  -1  -1  -1  -1 201  -1  -1  44  -1  -1  -1 
 16  -1  -1 259  86  -1  -1  -1 293  70  -1  -1 219  -1 243  81  -1 204  71 299  -1  -1  -1  -1 145  -1 
 17  -1  -1  -1  -1  -1  -1 267  -1 120  -1  -1  -1  -1  -1  -1  -1 264 126  -1  -1  -1 189  -1  -1  -1 
 18  -1  38  -1  -1  -1  -1 152  -1  -1  -1  -1  -1  -1  -1  -1  -1  -1  -1  28  -1  -1 122  -1  -1  -1 
 19  -1 161 192 192  -1  -1  -1  -1  -1 287  -1  -1 191  -1  -1  -1  -1  -1  -1  -1  -1  -1 289  -1  -1 
 20 258  -1  -1  -1 198  -1  -1  -1 248  -1  -1  -1  -1 110  -1  -1 196 280 280  -1  -1 101  26  -1  -1 
 21  -1  -1  -1  -1 213  -1  -1  60  60 263  -1 301  -1  -1  -1  -1  -1 240 256  -1  -1  -1  -1  -1  -1 
 22  -1  -1  -1  -1  -1  -1  -1  -1  -1 303  -1  -1 300 305  -1  -1  -1 212 188  -1  -1  -1  -1  -1  -1 
 23  -1 102  -1  -1  -1 215  -1  -1 159  -1  -1  -1 168  -1 172  -1  -1 218  -1  -1  16  16  -1  -1  -1 
 24 176  -1  -1  35  -1  -1  -1  -1  -1  -1  -1 278  -1  -1  -1  -1 296  -1  -1  -1 306 298  -1  -1  -1 
 25  -1  -1  -1 173  -1  -1 247  -1  -1  -1  -1  -1  -1  -1  -1  -1  -1 154  -1 238  -1  -1  -1  -1  -1 
 26  -1  -1  -1  -1  -1  -1 103  23 130  -1  -1  -1 242 253  -1  -1  -1  -1   0  -1  -1  -1 150  -1  -1 
 27  -1  -1  34  -1  -1  -1  -1  -1  -1  -1  -1  -1  -1  -1  -1  -1  20 104 104  -1  -1 279  -1 190  -1 
 28  -1  -1  -1 235  66  -1  -1 113  -1  -1  -1  -1 245  -1  -1  -1 131  -1  77  -1  84  -1  -1  -1  -1 
 29  -1  -1  -1  -1  -1  -1 286  -1 297  22  -1  -1  -1  -1  -1  -1  -1  -1  -1  -1  -1  56  -1 202  -1 
 30   4   4  17  17  -1  -1  -1  24  -1  -1   2   2  19  19  19  -1  -1  -1  -1  -1  -1  -1  -1  30  -1 
 31  -1  -1  -1  -1  -1  -1  -1  -1  -1  -1  -1  -1  -1  -1  -1  31  31  31  -1  -1  -1  -1  -1  -1  -1 
 32  48  48  -1  68  -1  -1  -1  -1  -1  -1  -1  -1  61  61  -1  -1  -1  63  63  63  -1  74  -1  46  46 
 33  -1  -1  -1  -1  -1  -1  -1  -1  -1  -1  -1  -1  75  75  75  -1  -1  -1  -1  -1  -1  -1  -1  -1  -1 
 34  -1 112  -1  -1  -1  -1  -1 107 107 107  -1  -1  -1 118  -1  -1  -1  90  90  -1  92  92  -1 105 105 
 35  -1  -1  -1  -1  -1  -1  -1  -1  -1  -1  -1  -1  -1  -1  -1  -1  -1  -1  -1  -1  -1  -1 119 119 119 
 36 134 134  -1 149 149  -1  -1  -1  -1  -1 151 151 151 156  -1  -1  -1  -1 162  -1 136 136  -1  -1  -1 
 37  -1  -1 163 163 163  -1  -1  -1  -1  -1  -1  -1  -1  -1  -1  -1  -1  -1  -1  -1  -1  -1  -1  -1  -1 
 38  -1 206  -1 200  -1  -1  -1 195 195 195  -1  -1  -1 193 193  -1  -1  -1  -1  -1 180 180  -1 178 178 
 39  -1  -1  -1  -1  -1  -1  -1  -1  -1  -1  -1  -1 207 207 207  -1  -1  -1  -1  -1  -1  -1  -1  -1  -1 
 40 224 224  -1  -1  -1 237 237 244  -1  -1  -1 250  -1  -1  -1  -1  -1  -1  -1  -1 222 222 239 239 239 
 41  -1  -1  -1  -1  -1  -1  -1  -1  -1  -1  -1  -1  -1  -1  -1 251 251 251  -1  -1  -1  -1  -1  -1  -1 
 42  -1 294 283 283 283  -1  -1 266 266  -1 268 268  -1  -1  -1  -1  -1 288  -1  -1  -1  -1  -1 281 281 
 43  -1  -1  -1  -1  -1  -1  -1  -1  -1  -1  -1  -1  -1  -1  -1  -1  -1  -1  -1  -1  -1  -1 295 295 295 
 44  -1  99  -1  -1  -1  -1  -1  -1  -1  -1  -1  -1  -1  -1  -1  -1 140 274  -1 309  54  -1  -1 139  -1 
 45  -1  -1  -1 182  -1  -1  -1  -1  55  -1  98 228  -1  -1  -1  -1 181  -1  -1  -1 271  -1  -1  -1  -1 
 46  -1  -1 272   9  -1  -1   7 230  -1  -1  -1  -1  -1  -1  -1  -1  -1  -1  -1  -1  -1  -1 313  -1  -1 
 47  -1  -1  -1 137 109  -1  -1  -1  -1  -1  -1  -1  -1 314  -1  -1  -1  -1  -1  -1  -1  -1  -1 273  -1 
 48  97 183  49  65 315 312  96  -1 142  -1  -1  -1 308  -1  -1  -1  -1  -1 229 153  -1  -1  -1  93  -1 
 49  -1  -1  94  -1  -1  -1 225  -1   6  -1 197  53  -1  -1 316  -1  52  51 275  -1  -1  -1  -1  -1 138 
 50  -1 270  -1  -1  -1  -1  -1 143  -1  -1  -1 141  -1  -1  -1  -1  95  -1  -1  21  -1  10  -1  -1  -1 
 51  -1  -1 231  -1  -1  -1  -1  -1  -1 311  50  -1  -1  -1  -1 310  -1  -1  -1  -1  -1 269  -1  11  -1 
 52  -1  -1   5  -1  -1  -1  -1  -1  -1  -1  -1 187  -1 285 241  -1  -1  -1  -1  -1   8  -1  -1 227  -1 
 53  -1  -1 185  -1  -1  -1 184  -1  -1  -1  -1  -1  -1  -1  -1  -1 226  -1 186  -1  -1  -1  -1  -1  -1 

r\t   0   1   2   3   4   5   6   7   8   9  10  11  12  13  14  15  16  17  18  19  20  21  22  23  24 
  0  -1  -1  -1 110  -1  -1 245  43  69  -1  -1  -1 209  -1 131  -1  -1  -1  -1  -1  -1  -1  -1  89  -1 
  1  67  -1  -1 155  -1  -1 298  -1  -1  -1  -1  -1 160  -1  -1  -1  -1  -1 292  -1  -1  -1  -1 296  -1 
  2  -1  77 190 208 238  -1 158  -1  -1 198  -1 102  -1  57  -1  -1  -1  -1   1  -1  -1  -1 262  -1  -1 
  3 126  -1 123  -1  -1  -1 188  -1  -1  -1 263  -1 265 172  -1 127  -1  -1  -1  -1  -1  -1  70  28  -1 
  4 169  -1  56  -1  -1  -1  -1  -1  -1  -1  -1  -1  -1  -1  -1  -1 291  -1  -1  -1  -1 299  -1  80  -1 
  5  -1 279  -1 165  -1  -1  -1 129  -1 286  -1 290  -1  -1  -1  -1  -1 246 122  -1  -1  -1  -1  37  -1 
  6  -1  -1  -1  72  -1 125  -1  -1 114  -1  -1  -1  -1  29  -1  -1  -1  -1  -1  -1  -1  -1   3  -1  -1 
  7 302  -1 108  -1  -1  -1  -1  -1  -1  -1  -1  -1  -1 267  -1  -1  -1  -1  -1  -1  -1  -1  -1  -1  -1 
  8  -1  -1  -1  -1  -1  -1  27  -1 148 148  -1  -1  -1  -1  -1  -1  -1 204  -1  -1  91  -1 166  -1  87 
  9  -1  -1 284  -1 216  -1 100 210  -1  -1  -1  -1  -1  -1  -1 104 104  -1 254  -1  -1  47  -1  -1  -1 
 10  -1 101  -1  -1  -1  -1  64  -1  -1  -1  -1  84  -1  -1  -1  -1 249  -1 307  -1  -1  -1  -1 124  -1 
 11  -1  88  -1  86  -1  -1  -1  73  -1  -1  -1  78  -1 282  -1  -1 171  -1  -1  -1  -1 117  -1  -1  -1 
 12  -1  -1  -1 248  -1  -1  -1 253 177  -1  -1  58 240  -1  -1  -1 213 191  -1  -1  -1  -1  -1 130  -1 
 13  -1  -1  -1  62  -1  -1  -1 293  -1  -1  -1  -1 176  -1  -1  -1 154 264  -1  -1 175  -1  -1  -1  -1 
 14  38  -1 223 258  -1  -1  -1  -1  -1  -1  -1  -1  -1  -1  -1 260 161  -1  -1  -1  -1  -1  -1  -1  -1 
 15  82  -1  -1 116  -1  -1  -1 289  -1 304  -1  -1  -1 217  -1  -1 287 297 173  -1  -1 157  -1  -1  -1 
 16  -1  -1  -1  -1  -1  -1  -1 159 278  -1  -1  -1  -1 168  -1  -1  -1  15  -1  -1 221  -1  -1  -1  -1 
 17  -1 247  -1 242  -1  -1  -1 211  -1  -1 218  -1  -1  -1 128  -1  -1 259  -1  -1  -1  34  -1 144  -1 
 18  -1  -1  -1  18  -1  -1  -1  85  33  -1  -1  -1  -1  -1  -1  -1  -1  -1  -1  -1  -1 255  -1  -1  -1 
 19  -1  -1  25 194  -1 133 234 115  -1 306  -1  -1 145  -1  -1  -1  26  -1  -1  -1  -1  66  -1 167  -1 
 20 303  41  -1  -1  -1  -1  -1  -1  -1  -1  -1  -1  -1 201  -1 301  -1  -1 152  -1  -1 205  -1  -1  -1 
 21  -1  -1  -1  39  -1  -1  -1 236 236  -1  -1  -1  -1  -1  -1  -1  -1  -1  -1  83  -1  14 147  13  -1 
 22  -1 121  44 219  -1  -1 113  -1  -1  -1  -1 120  -1 132  -1  22 202  -1  -1  -1  45 305 280 280  -1 
 23 215 179  -1  -1  -1  -1 276  -1  -1  -1  -1  -1 300  -1  -1  -1  -1 220 235  -1  -1  -1  60  60  -1 
 24  -1 199  -1  -1  -1  -1  79  -1  -1  -1  -1  -1  59  -1  -1  -1  -1  -1 189  -1  -1 232  -1 174  -1 
 25  -1 261  -1  -1  -1  -1  -1 196  -1  -1  42  -1  20  -1  -1  -1  76 233 257 214  -1  -1  -1  -1 106 
 26  16  16 203  32  -1  -1  12  -1  -1  -1 111 212 103  -1 170  -1  23  -1  -1  -1  -1  -1  -1  -1  -1 
 27  -1  -1 243  -1  -1  -1   0  -1  36  -1  -1 135  -1 146  81  -1  -1  -1  -1  -1  -1 277  -1  -1  -1 
 28  -1 164  -1  -1  -1  -1  -1  -1  -1  -1  -1  -1  -1  -1  -1  -1  -1  -1  -1  -1 192 192  35  -1  -1 
 29  -1  -1  71  -1  -1  -1  -1  40  -1  -1  -1  -1  -1 256  -1 150  -1  -1  -1  -1  -1  -1 252  -1  -1 
 30  -1  24  -1  -1  -1  -1  -1  19  19  19  17  17  -1   4   4  -1  -1  30  -1  -1   2   2  -1  -1  -1 
 31  -1  -1  -1  -1  -1  -1  -1  -1  -1  -1  31  31  31  -1  -1  -1  -1  -1  -1  -1  -1  -1  -1  -1  -1 
 32  -1  -1  -1  -1  -1  46  46  63  63  63  -1  -1  -1  74  -1  -1  -1  -1  61  61  -1  68  48  48  -1 
 33  -1  -1  -1  -1  -1  -1  -1  -1  -1  -1  -1  -1  -1  -1  -1  -1  -1  75  75  75  -1  -1  -1  -1  -1 
 34  -1  -1  -1  -1  -1  92  92 107 107 107  -1  90  90 118  -1  -1  -1  -1  -1  -1 105 105 112  -1  -1 
 35  -1  -1  -1  -1  -1  -1  -1  -1  -1  -1  -1  -1  -1  -1  -1  -1  -1 119 119 119  -1  -1  -1  -1  -1 
 36 151 151 151 162  -1  -1 136 136  -1  -1  -1 156  -1  -1  -1  -1  -1  -1  -1  -1 149 149 134 134  -1 
 37  -1  -1  -1  -1  -1  -1  -1  -1  -1  -1  -1  -1  -1  -1  -1  -1  -1 163 163 163  -1  -1  -1  -1  -1 
 38  -1 206  -1  -1  -1  -1 200  -1  -1  -1  -1  -1 195 195 195  -1  -1 178 178  -1 180 180 193 193  -1 
 39  -1  -1  -1  -1  -1  -1  -1  -1  -1  -1  -1  -1  -1  -1  -1  -1  -1  -1  -1  -1  -1  -1 207 207 207 
 40  -1  -1 244  -1  -1 222 222  -1 250  -1 237 237  -1 224 224  -1  -1  -1  -1  -1  -1  -1 239 239 239 
 41  -1  -1  -1  -1  -1  -1  -1  -1  -1  -1 251 251 251  -1  -1  -1  -1  -1  -1  -1  -1  -1  -1  -1  -1 
 42  -1  -1  -1 294  -1 266 266  -1  -1  -1 281 281  -1  -1  -1  -1  -1 283 283 283 268 268 288  -1  -1 
 43 295 295 295  -1  -1  -1  -1  -1  -1  -1  -1  -1  -1  -1  -1  -1  -1  -1  -1  -1  -1  -1  -1  -1  -1 
 44  -1  -1  -1  -1  -1  -1  -1  -1  -1  -1  -1  -1  -1  -1  54  -1  -1  96  -1  -1  -1  -1  95  11  -1 
 45  -1 272 181  -1  -1  -1  -1 186  -1  -1  -1  -1  -1 187  -1  -1  -1  -1  -1  -1  -1  -1  -1  -1  -1 
 46  -1  -1  -1  -1 316  -1  -1  49  -1  -1  -1  -1  -1  -1 271  -1  -1  -1  -1  -1  -1  -1  -1  -1  -1 
 47  -1  -1  -1 285 109  -1  -1  -1 273  -1 311 153  51  -1  -1  -1  65  -1  -1 308  -1  -1 269  -1  -1 
 48  -1 228  -1  -1  -1  -1  -1  -1 231  -1  -1  55  -1  -1  -1 310  -1  -1  53  -1  -1  93  -1  -1  -1 
 49  -1  50  -1  -1  -1  -1  -1  -1  -1  -1  -1 275 137  52  -1  -1 313  -1  -1  -1  -1  -1  -1  -1  -1 
 50 309  -1  -1  -1  -1  -1  -1  -1  -1  -1  -1 230  -1  -1  -1  -1 197   8  -1  -1  -1 226 183  -1 315 
 51  -1 141  -1  -1  -1  -1 184 225  94  -1  -1  -1  -1  -1  -1  -1  -1  -1  -1  -1  -1  -1  -1 274  -1 
 52  -1  -1  98 314  -1   9  -1 270  -1  -1  -1  -1  -1  -1 138  -1 241  -1 227  -1  -1  -1  -1 229  -1 
 53  -1   7   6  -1  -1 185  -1   5 140 312  -1 182  10  99  97  -1  -1  -1 142  -1 143 139  21  -1  -1 

r\t   0   1   2   3   4   5   6   7   8   9  10  11  12  13  14  15  16  17  18  19  20  21  22  23  24 
  0  -1 102  -1  -1  -1  -1  -1  -1  76  -1  -1 240  -1  -1  -1  -1  -1  -1 306  -1  -1  -1  -1  -1  -1 
  1  -1  -1  -1 252  -1  -1 278  -1  14 130  -1  20 290  -1  -1  -1 248  70  -1  -1  -1  -1  -1  -1  -1 
  2  -1  -1 103 128 214  -1  77  -1 152  -1  -1  -1  -1 189 307  -1 212  -1  -1  -1  -1 213  -1  -1  -1 
  3  -1  26  -1  -1  -1 150  13 146  -1  83  -1 122 276 265  -1  -1  -1  -1  -1  -1  -1  -1  -1  32  -1 
  4  -1 116  -1 232  -1  -1  -1  -1  -1  -1  -1  -1  -1 126  -1  -1  88  -1  -1  -1  -1  -1  -1 124  -1 
  5  -1 171  -1 123  -1  -1  -1 242  -1  -1  -1  -1  -1  -1  -1  -1  -1 157  -1  -1  -1  -1  25 108  -1 
  6  -1  -1  -1  -1  43  -1  -1 223  -1  -1  -1  29 166  -1  -1  -1  -1  -1  27  -1  -1  -1  -1  67  -1 
  7  -1  -1  -1 161  -1  -1  -1 282 188  -1  -1  -1 194  -1  -1  -1  -1  -1  -1  -1  -1  -1 169 299  -1 
  8  -1  -1 131  -1  -1  -1 168  -1  -1  -1  -1  -1  -1  -1  -1  -1  69  -1  -1  -1  -1  -1 165  -1  -1 
  9  -1  -1  -1 204  -1  -1  -1 202  28  -1  -1 210  -1  -1 263 106  -1 209  -1  -1 215  38  -1  40  -1 
 10  -1 256  -1 145  -1  -1  -1  34  -1  -1  -1 175  -1  73 259  -1   3  -1 247  -1  -1 304  -1  -1  -1 
 11  -1  -1  -1 260  -1  -1 289 301 114  -1  -1 211 179  -1 286  -1  -1 246 201  -1  -1  -1  -1  -1  -1 
 12  -1  56  -1 261  -1  -1  37 293  -1  -1  -1  -1  -1  -1  -1  -1  -1  -1  -1  -1  -1  -1  -1  -1  -1 
 13  -1  86 208  -1  -1  -1  -1 267  -1  -1  -1 170  -1  85  -1  -1  -1 154  -1  -1  -1  -1  -1  -1  -1 
 14  -1  -1  -1  -1  -1  -1  -1 303  64  -1  -1 125  -1 111  -1  -1 144  62  -1  -1  -1  -1  -1  -1  -1 
 15  18  -1  16  16  -1  -1  -1  -1  -1  -1  -1 159 262  -1  -1  -1  -1  -1  -1  -1  -1  -1  -1  -1  -1 
 16  -1   1 147  -1  -1  -1 219 158  -1  -1  -1  -1 257 164  -1  -1  39  -1  -1  -1  -1 205  57 160  -1 
 17  -1  -1  -1  -1  -1  -1  -1 190  -1  81  -1 254  -1 216 129  -1  -1  -1  -1  -1 217 258  -1  79  -1 
 18  -1  -1  -1  -1  -1  -1 196  -1  -1  -1  -1  -1  -1  -1  -1  -1  -1  -1  -1 173  -1 155  -1  -1  -1 
 19  -1  -1  -1  58  -1  -1  -1  -1  -1 221  -1  -1  -1  -1  -1  -1 291  -1  80 220  -1 255 101  -1  -1 
 20  -1  -1  84  -1  -1  -1  71  -1 277  -1  -1  -1  -1 245  -1  -1 100  -1  -1  -1  -1 287 296  -1  -1 
 21  -1  -1  -1  -1 305  -1  -1  41 203  -1  -1  -1 236 236  -1  -1 132  -1  -1  -1  -1  87  -1  -1 302 
 22 198 279 192 192  -1  -1  -1 115 298  -1  -1  -1  -1  -1  -1  -1  -1 120  -1  -1  -1  -1  72  89  -1 
 23  66  -1  -1  -1  -1 127 234 104 104  -1  -1  -1 148 148  -1  -1  33 238 113  -1  -1  -1 191  -1  -1 
 24  -1  -1  -1  42  -1  -1  35  -1  -1  -1  -1  -1  -1  91  -1  -1  -1  -1 167  -1  -1 110   0  47  -1 
 25  -1  -1 121  78  -1  -1 177  -1  -1  -1  82  -1  -1  -1  -1  -1  -1  36 297  -1  60  60 280 280  -1 
 26  -1  -1  -1  -1 176  -1  -1  -1  -1  -1  -1  59  -1 284  -1  -1  -1  -1 172  -1  -1 174 117  15  -1 
 27  -1  -1  -1  -1  -1  -1  -1  -1  -1  -1  -1  -1 253 300  -1  -1  23 292  -1  -1  -1  -1  12  -1  -1 
 28  -1  -1 249  -1  -1  -1  -1  -1  -1  -1  -1  -1 135  -1  -1  -1  44  -1 264  45  -1 243  -1  -1  -1 
 29  -1  -1  -1  -1  -1  -1 133  -1 235  -1  -1  -1  -1  -1 199  -1  -1  -1 233  -1  -1  22  -1  -1 218 
 30  -1  -1  30   4   4  -1  -1  -1   2   2  -1  -1  17  17  -1  -1  -1  19  19  19  -1  24  -1  -1  -1 
 31  -1  -1  -1  -1  -1  -1  -1  -1  -1  -1  -1  -1  31  31  31  -1  -1  -1  -1  -1  -1  -1  -1  -1  -1 
 32  -1  -1  74  46  46  63  63  63  48  48  -1  -1  61  61  -1  -1  -1  -1  -1  -1  -1  -1  -1  68  -1 
 33  -1  -1  -1  -1  -1  -1  -1  -1  -1  -1  75  75  75  -1  -1  -1  -1  -1  -1  -1  -1  -1  -1  -1  -1 
 34  -1  90  90  92  92  -1 118  -1  -1  -1 105 105  -1  -1  -1  -1  -1 107 107 107  -1 112  -1  -1  -1 
 35  -1  -1  -1  -1  -1  -1  -1  -1  -1  -1 119 119 119  -1  -1  -1  -1  -1  -1  -1  -1  -1  -1  -1  -1 
 36  -1  -1  -1 134 134  -1  -1  -1 136 136 149 149  -1  -1  -1  -1 156  -1  -1  -1  -1 162 151 151 151 
 37 163 163 163  -1  -1  -1  -1  -1  -1  -1  -1  -1  -1  -1  -1  -1  -1  -1  -1  -1  -1  -1  -1  -1  -1 
 38  -1 206  -1  -1  -1  -1  -1 178 178  -1  -1  -1  -1 200  -1 195 195 195 180 180  -1  -1  -1 193 193 
 39  -1  -1  -1  -1  -1  -1  -1  -1  -1  -1  -1  -1  -1  -1  -1  -1  -1  -1  -1  -1  -1  -1 207 207 207 
 40 239 239 239 222 222  -1 250 244  -1  -1  -1  -1 224 224  -1  -1  -1  -1  -1  -1  -1  -1 237 237  -1 
 41  -1  -1  -1  -1  -1  -1  -1  -1  -1  -1  -1  -1  -1  -1  -1  -1  -1  -1  -1  -1  -1  -1 251 251 251 
 42  -1 294 281 281  -1  -1  -1  -1 266 266  -1  -1  -1  -1  -1  -1  -1 283 283 283  -1 288 268 268  -1 
 43  -1  -1 295 295 295  -1  -1  -1  -1  -1  -1  -1  -1  -1  -1  -1  -1  -1  -1  -1  -1  -1  -1  -1  -1 
 44 314  -1  -1  -1  -1  -1  -1 140  -1  -1  -1  51  -1  -1  -1 241  -1  -1  -1  -1  -1 309  -1 141  -1 
 45  -1 228 184  -1  -1 313  -1  -1  -1  99  -1  94  -1 137  -1  -1  -1  -1  -1  -1  -1  -1  -1  -1  -1 
 46 109  -1   9 269  -1  -1  -1  -1  -1  -1 285 231  -1  -1  -1  -1  -1  -1  50  -1  -1  -1  -1  -1  -1 
 47  -1  54  55  -1  -1  -1  11  -1 225  -1  -1  -1  -1  -1 312 308  -1 315  96 143  -1  -1  98  -1  -1 
 48  -1  -1 273  -1  -1  -1 229  97  93  -1 311  -1 275 187  -1  -1  -1  -1 227  -1  -1  -1  -1  -1  -1 
 49  -1 183  -1  -1  -1  -1  95  -1  -1  -1  -1 138  -1  52  -1  -1 270  -1 139  -1 316  -1  -1  -1  -1 
 50  -1  -1  -1  -1  -1  -1  -1  -1  -1  -1  -1  -1  -1  -1  -1  -1 230  -1  -1  -1  -1  -1  49  -1  -1 
 51  -1 272  -1  -1  -1  -1  -1  53  -1 185  -1 274  -1  -1  -1  65  -1  -1  -1  -1  -1  -1 142   5  -1 
 52  -1  -1  -1 186  -1  -1  -1  21  -1  -1  -1 182   6   8  -1 153  -1  -1  -1  -1  -1  -1 226 181 310 
 53  -1  -1  -1  -1  -1  -1 271  -1  -1  -1  -1   7  -1  -1  -1  -1  -1  -1  10  -1  -1 197  -1  -1  -1 

r\t   0   1   2   3   4   5   6   7   8   9  10  11  12  13  14  15  16  17  18  19  20  21  22  23  24 
  0  -1 126  -1  -1 287  -1  -1  -1  -1  -1  -1  -1  44  -1  -1  -1  -1  39  -1  -1  -1  62  34  -1  -1 
  1 220  -1 146  -1  -1  -1  -1  -1  -1  -1  -1  -1  -1  -1  -1  -1  -1  -1  -1  -1  -1 219  60  60  -1 
  2  -1  -1  -1  -1  -1  -1  -1 135  -1  -1  -1 293 300  -1 286  67 106  -1  -1  -1  86 152  -1  -1  -1 
  3 129  -1 208  15  -1  -1  -1 252  -1  -1  -1  -1  -1  -1  66  -1 247  -1  14 263  -1  -1  -1  -1  -1 
  4  -1  -1  -1  -1  -1  -1 191  -1 218  -1  -1 276  -1  56  -1  -1  -1  -1   0  -1  18  -1 147  -1  -1 
  5  -1  -1  -1 157  -1  -1  -1  -1  -1  -1  -1  73  -1  -1  -1 148 148 199  -1  -1  -1 168  -1  -1  -1 
  6  -1  -1  -1 123  -1  -1  -1 188  -1 172  -1  -1  -1  -1  -1  -1 234 297  -1  -1  -1  -1 132  -1  -1 
  7  -1  -1  -1  -1  -1  -1  -1  -1 306  -1  -1 159 108  -1 173  -1  -1  -1  -1 261 155 233  -1  84  -1 
  8  -1  57 254  -1  -1  -1  -1 124  -1  -1  -1  12 253  79  -1  -1  -1  -1 291  -1  -1  -1  -1  89  -1 
  9 258 190  -1  -1  -1  -1  -1  -1  -1  -1  -1  -1 120  -1  -1  -1 202  -1  -1  -1 302  -1  -1  -1 303 
 10  -1  -1  59  -1  -1  -1  -1  -1 256  87  -1  -1  -1  -1  -1  -1  -1  -1  -1  -1  -1  40  -1  -1  -1 
 11  -1  -1  -1 232  -1 170  88  -1  -1  -1  -1  -1 223  -1  -1  -1  25  -1  -1  -1  -1 298 100  -1  -1 
 12  -1  -1  -1  26  -1  -1 144  -1  -1  -1  -1  -1  -1  -1  -1 198 282  -1 264  -1  -1  -1  78  -1  -1 
 13  -1  28  80  -1  -1  -1 103  77 290  -1  -1  83 284  -1  -1  -1 177 242 203  -1  -1  -1  -1  -1  -1 
 14  -1 211 280 280  -1  -1  -1  -1  72  -1  -1  -1 260  -1  -1  -1  -1  -1  -1  -1  -1 279  -1  -1  -1 
 15  -1 296 304 210  43 130  -1 214  -1  -1  -1  36  -1  -1  -1  -1 161  -1  -1  -1  -1  -1  -1  -1  -1 
 16  -1  -1  -1  -1  -1  -1 125 216  -1  -1  -1  -1  -1  -1  -1  -1  -1  -1 278  -1  -1 205  -1  -1  -1 
 17  -1 167  -1 145  -1  -1  -1  -1  -1  -1  -1 204 265 101  -1  -1  13  -1  -1  -1  -1 301  -1  42  -1 
 18  -1  -1  -1  -1  -1  -1 249  71  -1  -1  -1  -1  -1  -1  -1  -1  76  -1  -1  37  -1 215  -1  -1  -1 
 19 236 236  -1  70  -1  -1  -1 171 154  -1  -1  -1 158 201  -1  -1  91  -1  -1  -1 110 262 175  -1  -1 
 20  -1  -1 292  -1  -1 307  -1  -1  -1 174  -1  -1  -1  -1  -1  -1  -1 122  -1  -1  -1 255  16  16  -1 
 21  -1  -1 127  -1  -1  -1  20  -1  -1  -1  -1  -1  -1 240  -1  -1 267 305  -1  -1  -1 115  -1 166  -1 
 22  -1 150 128  45  -1  -1  -1  -1  -1  -1  -1 245  -1  41  -1  -1  -1  -1  -1  -1  -1 133  -1  32  81 
 23  -1  -1 121  -1  -1 221  64  -1  -1  -1  -1  -1  58  -1  -1  -1  -1  -1 169  -1  -1  85  -1  -1  -1 
 24  -1  -1  -1  -1  22  -1  -1 217 160  -1  -1 189  -1  -1  -1  -1  -1  -1  -1  -1  -1  35  -1  -1  -1 
 25  -1  -1  -1 299  -1  -1  -1  -1  -1  -1  -1  -1 212  -1  -1  -1  -1  -1  -1  -1  -1  -1  -1  -1  -1 
 26   1  69   3 246 131  -1 165  -1  -1  -1  -1  -1  -1  -1  -1  38  -1  -1 248  -1  -1  -1  82  -1  -1 
 27  -1  -1  23 257  -1 176  -1 209 117  -1  -1  33 243  -1  -1  -1  -1 277  -1  -1  -1 196  -1  -1 213 
 28  -1  -1 192 192  -1  -1  29  -1  -1  -1  -1 102  27 113  -1  -1  -1  -1  -1  -1  -1 111 289 114  -1 
 29  -1 116 104 104  -1  -1  -1  -1 194  -1  -1 235  -1 164  -1  -1  -1  -1 179 238  -1  47  -1 259  -1 
 30  -1  -1  24  -1  -1   2   2  -1  17  17  -1  -1  19  19  19  -1  -1  -1  30  -1  -1  -1   4   4  -1 
 31  -1  -1  -1  -1  -1  -1  -1  31  31  31  -1  -1  -1  -1  -1  -1  -1  -1  -1  -1  -1  -1  -1  -1  -1 
 32  -1  46  46  -1  -1  48  48  63  63  63  -1  -1  68  -1  -1  -1  -1  61  61  -1  -1  -1  -1  74  -1 
 33  -1  -1  -1  -1  -1  -1  -1  -1  -1  -1  -1  -1  -1  -1  -1  -1  -1  75  75  75  -1  -1  -1  -1  -1 
 34  90  90  -1  -1  -1  -1 112 107 107 107  92  92  -1  -1  -1  -1  -1 105 105  -1  -1  -1 118  -1  -1 
 35  -1  -1  -1  -1  -1  -1  -1  -1  -1  -1  -1  -1  -1  -1  -1  -1  -1 119 119 119  -1  -1  -1  -1  -1 
 36  -1  -1 156  -1  -1 134 134 162  -1  -1 136 136 151 151 151  -1  -1 149 149  -1  -1  -1  -1  -1  -1 
 37  -1  -1  -1  -1  -1  -1  -1  -1  -1  -1  -1  -1  -1  -1  -1  -1  -1 163 163 163  -1  -1  -1  -1  -1 
 38 180 180  -1  -1  -1  -1 200  -1 206  -1 178 178 195 195 195  -1  -1  -1  -1  -1  -1  -1 193 193  -1 
 39  -1  -1  -1  -1  -1  -1  -1  -1  -1  -1  -1  -1  -1  -1  -1  -1  -1  -1  -1  -1  -1  -1 207 207 207 
 40  -1 224 224  -1  -1  -1  -1 239 239 239 222 222  -1 250  -1  -1  -1 244  -1  -1  -1  -1 237 237  -1 
 41  -1  -1  -1  -1  -1  -1  -1  -1  -1  -1  -1  -1  -1  -1  -1  -1  -1  -1  -1  -1  -1  -1 251 251 251 
 42  -1  -1 266 266  -1  -1 294 283 283 283 268 268  -1  -1  -1  -1 288  -1  -1  -1  -1  -1 281 281  -1 
 43  -1  -1  -1  -1  -1  -1  -1  -1  -1  -1  -1  -1  -1  -1  -1  -1  -1  -1  -1  -1  -1  -1 295 295 295 
 44  -1  -1  -1  -1  -1  -1  -1  -1  -1  -1  -1  -1  -1  94 109  -1  -1  -1 228  -1  -1 270  -1  -1  -1 
 45  -1  -1 139   9  -1  -1  -1 153  -1  -1  -1  -1 187  -1  -1  -1  -1  -1 197  -1 241  -1  50 140  -1 
 46  -1  -1  -1  -1  -1  95 273  -1  -1 310  54  -1  -1  49  -1  -1 141  21  -1  -1  -1  -1 226  -1  -1 
 47 138 274  -1 227  65 269  -1  -1  -1  -1  -1  -1  -1  -1 313  -1  -1  -1  -1  -1  -1   5  -1  -1  -1 
 48  -1   7 185 183  -1  -1  -1  -1 311  -1  -1  53  -1  -1  -1  -1   6 308  -1  -1  -1 229  -1  51  -1 
 49 271  -1  99  93  -1  -1  -1  -1  -1  -1   8  -1  -1  -1  -1 312  -1  -1  -1  -1  -1 182 181  -1  -1 
 50  -1  -1  -1  -1  -1  -1 230  -1  -1  -1  -1  10  11 225  -1  -1  -1  -1 142 316 314  -1  96  -1  -1 
 51  -1  -1  -1  -1  -1  -1  -1  -1  -1  -1  -1  -1  -1 143  -1  -1  52  -1  98  -1  -1  -1  -1  -1 309 
 52  55  -1  -1 137 315  -1  -1 272  -1  -1  -1  -1  -1 285  -1  -1  -1  -1  -1  -1  -1  -1  -1  -1  -1 
 53  -1  -1  -1  -1  -1  -1 186 184  -1  -1  -1  -1  97  -1  -1  -1 231  -1  -1  -1  -1  -1 275  -1  -1 

r\t   0   1   2   3   4   5   6   7   8   9  10  11  12  13  14  15  16  17  18  19  20  21  22  23  24 
  0  -1 115 172  -1  -1  -1  -1  -1  -1  -1  -1  28  -1  -1  -1  -1  -1  -1 290  -1  -1  73  83 127 177 
  1  -1  -1 303 255  -1  -1  72  -1  -1  -1  -1 304  34 278  -1  -1  -1  -1  12  -1  -1 174  -1  -1  -1 
  2  -1  -1  36  45  -1  -1  -1  -1  77  -1  -1  -1  -1  -1  -1  -1  -1  -1  -1  -1  -1 301  69 245  -1 
  3  -1  -1  33  -1  -1  -1  -1  -1  -1  -1  -1  -1  -1 254  -1  -1  -1  -1 103  -1  -1 279  -1  -1  -1 
  4  -1 240 154  -1  -1  -1  44  -1  -1  -1  -1 284 296  -1  -1  -1  -1  -1  -1  -1  -1 179 203  -1  -1 
  5  -1  -1 212  -1  -1  -1 248 121  -1  -1  -1  -1  -1  -1  -1  -1 256  -1  -1  -1  -1  -1  -1  79  -1 
  6 215  -1  -1 166 106  -1 123  -1 286  -1  -1  -1 190  -1  -1  -1  -1 214 189  -1  -1 253  -1 133  -1 
  7  -1 100 111  -1  -1  -1  -1 170  -1  -1  -1 122  -1  -1  -1  -1  -1  -1 252  -1 198  -1 223  -1  -1 
  8  -1 209  -1 297  -1 173  -1  25 261  -1 221  -1  -1  35  -1  86  -1  -1 263  -1  -1  -1  -1 233  -1 
  9  -1  -1  -1  89  -1  -1  -1  -1 220  -1  -1  -1  -1 292  -1  -1  -1 202  29  -1  -1  -1 102  -1  -1 
 10  -1  -1 293 145  67  -1 265  -1  -1  -1  -1 161 147  -1  41  -1  -1 194 305  -1  -1 199  -1  -1  -1 
 11  -1 171  -1  -1  -1  -1 167  -1  -1  -1  -1  38  -1  -1 175  -1 282  -1  -1  -1  -1  47 243  -1  -1 
 12  -1   3  -1  -1  -1  -1  -1  71  -1  -1  -1  -1  14  -1 242  -1  -1  -1  78  -1  -1  26  -1  -1  -1 
 13  -1  -1 235 201  -1  -1  -1  -1 267  -1  -1  -1 246  76  -1  -1  -1  -1  56  -1  -1  -1  -1  -1  -1 
 14  -1  -1  -1  -1  -1  -1  91  -1  -1  -1  -1 146 232  -1  -1  -1  -1 165  -1  -1  -1  -1  -1  -1  -1 
 15  -1  -1  -1  -1  -1  -1 258  -1  -1  -1  -1  64  -1  -1  -1  -1  20  -1  84  -1  -1  -1  -1  -1  -1 
 16  -1  80  -1  -1  -1  -1 188  -1  -1  -1  -1  -1  -1 217  -1  -1  -1  -1 280 280  -1  -1  82 298  81 
 17  -1  -1  -1  -1  -1  -1 205  -1  -1  18  -1  -1 204  87  -1  -1 211  -1  -1  -1  -1  -1  -1 124  -1 
 18 216 144  -1  -1  -1  -1  57  -1  -1  -1  -1  -1  -1  13  -1  -1  -1  -1 160  -1  -1  -1 219  -1  -1 
 19  -1  -1  -1 114  -1  -1  -1 277  -1  -1  -1 299  -1  -1  -1  -1  -1 249 120  -1 238 117  -1 168  -1 
 20  -1  -1  -1 264  -1  -1  -1 132  -1  -1  -1  -1  -1  -1  -1  43  -1  -1 260  -1  -1  -1 158  -1  -1 
 21  -1  58  -1  -1  -1  -1 300  -1 131  -1 192 192  -1  -1  22  -1  -1  -1  -1  -1  -1 289  -1  -1  -1 
 22  -1  88 213  -1  -1  -1 135  -1 247  -1  -1  -1 276  -1  -1  -1  -1  -1  -1  -1  -1 257  -1  -1  -1 
 23 176  -1 164  -1  -1  -1  -1 148 148  -1  -1  -1  40  -1  -1  -1  -1  -1  -1  -1  -1  -1  -1  -1   1 
 24  -1  -1  39  -1  -1  -1 110  16  16  -1  -1  -1  -1 152  -1  -1 113  -1 129  -1  -1 101  -1  -1  -1 
 25  -1  -1  -1  -1  -1 218  -1  -1 116  -1  -1 262  -1 191  -1  -1 155  85  -1  -1  -1   0  -1  -1  -1 
 26  -1  23  66  -1  -1  -1  -1  -1  -1  -1  -1  -1  -1 208  -1  -1  -1  15 307  -1  -1 302  -1 108  -1 
 27  -1 291  -1  27  -1  -1  -1 236 236  -1  -1  -1  -1  42  -1 306 210  -1  -1 125  -1 126  -1 130  -1 
 28  -1  -1  -1 234  -1  -1 150 104 104  -1  -1  -1  -1  -1  -1  -1  59 287  -1  -1  -1 128  60  60  -1 
 29  -1 159  -1  70  -1  -1  32  -1 157  -1  -1 169  -1  -1  -1  -1  -1  62  37  -1  -1 259 196  -1  -1 
 30  -1  -1  19  19  19  -1  -1  -1  24  -1  -1  -1   4   4  -1  -1  -1  -1   2   2  17  17  -1  30  -1 
 31  -1  -1  -1  -1  -1  -1  -1  -1  -1  -1  -1  -1  -1  -1  -1  31  31  31  -1  -1  -1  -1  -1  -1  -1 
 32  48  48  68  -1  -1  -1  -1  63  63  63  -1  -1  61  61  -1  -1  74  -1  46  46  -1  -1  -1  -1  -1 
 33  -1  -1  -1  -1  -1  -1  -1  -1  -1  -1  75  75  75  -1  -1  -1  -1  -1  -1  -1  -1  -1  -1  -1  -1 
 34  -1  -1 118  -1  -1  -1  -1  -1  -1  -1  -1  -1 105 105  -1 107 107 107  90  90  -1  -1 112  92  92 
 35  -1  -1  -1  -1  -1  -1  -1  -1  -1  -1  -1  -1 119 119 119  -1  -1  -1  -1  -1  -1  -1  -1  -1  -1 
 36 134 134  -1  -1  -1  -1  -1 156  -1  -1 136 136  -1  -1  -1  -1 162 151 151 151 149 149  -1  -1  -1 
 37  -1  -1  -1  -1  -1  -1  -1  -1  -1  -1  -1  -1 163 163 163  -1  -1  -1  -1  -1  -1  -1  -1  -1  -1 
 38  -1  -1 195 195 195  -1  -1 193 193  -1  -1 206 180 180  -1  -1  -1  -1 178 178  -1  -1  -1 200  -1 
 39  -1  -1  -1  -1  -1  -1  -1 207 207 207  -1  -1  -1  -1  -1  -1  -1  -1  -1  -1  -1  -1  -1  -1  -1 
 40  -1  -1  -1  -1  -1 237 237 244  -1  -1  -1  -1 224 224  -1  -1  -1 239 239 239  -1  -1 250 222 222 
 41 251 251 251  -1  -1  -1  -1  -1  -1  -1  -1  -1  -1  -1  -1  -1  -1  -1  -1  -1  -1  -1  -1  -1  -1 
 42 283 283 283  -1  -1  -1  -1  -1 288  -1  -1  -1 268 268  -1  -1 294  -1 266 266  -1  -1 281 281  -1 
 43  -1  -1  -1  -1  -1  -1  -1  -1  -1  -1  -1  -1  -1  -1  -1  -1  -1  -1  -1  -1 295 295 295  -1  -1 
 44  -1  -1  -1 142  -1  -1  -1  -1  -1  -1  94  -1  -1  -1 312  -1  -1  -1  -1  -1  -1  -1  93  -1 269 
 45  -1  -1  -1  -1  -1 309   8  50  10  -1  -1  11  -1  -1  -1  -1  -1  -1  -1  -1 109  -1  -1 183 140 
 46  -1  -1  -1  -1  -1  -1  -1 229  -1  -1  -1  -1  -1  -1  -1  -1  -1  -1  -1  -1  -1  -1  -1  55  -1 
 47  99 182  -1  -1  -1  -1  -1   6  -1  -1  -1 274  52  -1  -1  -1 197  -1 231  -1 315 225 186  -1  -1 
 48  -1  -1  -1  -1  -1  -1  -1  95  -1  -1 271  -1  -1  -1  -1  -1  -1  -1  -1  -1  -1  -1  -1  -1  -1 
 49  -1 230 311  -1  -1  -1  -1  -1 139  -1  -1  49  -1  -1  -1  -1  -1  -1  -1  -1  -1 137 153  -1  -1 
 50  -1  -1  -1 226  -1 285 181  -1  -1  -1   9 187  -1  -1  -1  -1 314  -1  -1  -1  -1  65 272   7  54 
 51   5  -1  -1  -1  -1  -1 227  -1  98  -1  -1  -1  -1  -1  -1 316 241  -1  -1  -1  -1  -1  -1  -1  -1 
 52  -1 270  -1  -1 310  -1  -1 184  -1 308  -1 228 138  53  -1  -1  -1 313 141  -1  -1  97  21 273  -1 
 53  -1  -1  -1  -1  -1  -1  -1 275  -1  -1 185  96  -1 143  -1  -1  -1  -1  -1  -1  -1  -1  51  -1  -1 

r\t   0   1   2   3   4   5   6   7   8   9  10  11  12  13  14  15  16  17  18  19  20  21  22  23  24 
  0  -1  -1 108  -1  89  -1  -1 167  -1  -1  -1  -1  -1  -1  -1  -1 267 303  -1  -1  -1 129  -1  -1  -1 
  1  -1  -1  -1  69  -1  -1  27  -1  -1  -1  -1  -1  -1  -1  -1  -1 287  -1  22  -1  -1  -1  -1  -1  -1 
  2  -1  -1  -1  -1  -1  -1  -1  -1 117  -1  -1  -1 253  -1  -1  -1  -1  -1  -1  -1  -1 210  81 259  -1 
  3  -1  -1  -1 102  -1  -1  71  84  -1  -1  -1 276  -1  -1  -1  -1  59  -1  -1  -1  -1  -1 216  -1  -1 
  4  -1 234 221  -1  -1  -1  -1 289  76  -1  -1  -1 208  -1  -1  -1 191  -1  -1  -1  -1  -1  -1  -1  -1 
  5  -1  -1  -1  32  -1 282  -1 218 148 148  -1 131  -1  -1  -1  -1  -1  -1 293 125  -1  -1 126  -1  -1 
  6 169  39  -1 263  -1  -1  -1 257 201  -1  -1 188  -1  38 173 306  -1 160 171  -1  -1  -1  -1 211  -1 
  7  -1  -1  86  -1  -1  -1   3  -1  64  -1  -1 103  -1  -1  -1  -1  28 110 111  -1   1  44  -1  -1  -1 
  8  -1  -1  -1  -1 176  -1  -1  -1  -1  -1  -1  -1 296  -1  -1  -1 291  -1  -1  -1  -1 190 192 192  42 
  9  -1  -1  -1  -1  -1 174  -1  -1  -1  -1  -1 146  -1 120  -1  41  -1 123  -1  -1  -1  -1  -1  87  -1 
 10  -1  -1  -1 279  -1  -1  -1 280 280  -1  -1  -1  -1 217  -1  -1  88  -1  -1  -1  -1  -1 122  -1  -1 
 11  -1  -1 115  -1  -1  -1  23  -1 249  -1  -1  72  -1 245  -1  -1  -1  -1  -1  -1  -1  12  -1 243  -1 
 12 302  -1 135  16  16  -1 166  -1  -1  -1  -1  13  -1  -1  -1  -1 256 213  -1  -1  -1  78  -1  -1  -1 
 13 155  -1 278  -1  -1  -1  -1  -1  -1  -1  -1  -1  -1  -1  -1  -1  -1  -1  -1  -1  -1  -1  -1 145  -1 
 14  -1  -1  -1  -1  -1  -1  -1  -1  -1  -1  -1 204  -1  -1  -1 236 236  -1  -1  -1  -1  -1 214  -1  -1 
 15  -1  62  -1  -1  -1  -1  -1  -1  -1  -1  -1  56  -1  -1  -1  -1  -1  -1  -1  -1  -1  -1  -1  -1  -1 
 16  -1  73 290 164  -1  -1  -1  -1  -1  -1  -1  -1  -1  -1  -1  -1  -1 297  -1  -1  -1  -1  -1 260  -1 
 17  -1  -1  -1  -1  -1  -1 170 235 179  -1  -1 113  -1  80  66  -1 258  -1  -1 106 104 104  -1  14  -1 
 18  -1  -1 246  -1  -1  -1  36 254 298  -1  -1  -1  -1  -1  -1  -1  -1  -1  -1  -1  -1  -1  -1  -1  -1 
 19  -1 124  18  -1  -1 130  77 212  -1  -1  -1  -1  20  15  -1  -1  -1  35  40 304 150 300 159  -1  -1 
 20  -1 177  -1 252  -1  -1 248  -1 223  -1  -1  -1  -1  45  -1  -1  -1  -1  82  -1  -1  -1  -1  26  -1 
 21  -1  -1 154 144  -1  -1 209  -1 199  -1 220  -1  -1 292  -1  -1   0  -1 168  -1  -1 247 242  -1  67 
 22  -1  -1 172 232  -1  -1  -1  33  -1  -1  -1  43  -1  -1  -1  -1  -1 305 196  -1  -1 133  -1 158  -1 
 23  -1 255  79  -1  -1 175  -1 301 219  -1  -1 127 147 286  -1 194  -1  91  -1  -1  -1  -1  -1  -1  -1 
 24  -1  -1  -1 165  -1  85 132 307  -1  -1  -1  -1  -1 189 198  -1  -1  -1  -1  -1  -1  -1  -1  -1 238 
 25  -1 202  60  60  -1  -1  -1  -1  -1  -1  -1  -1  -1  -1  -1  -1 205  -1  -1  -1  -1  -1 215  -1  -1 
 26  -1 277  -1 114  -1  -1  -1  -1  -1  -1  -1 299 261  -1  -1  -1  -1  -1  -1  -1  -1  -1  -1  -1  -1 
 27  -1  -1  25 203  -1  -1 101  -1 157  -1  -1  -1 264  -1  -1  37  70 128 121  -1  -1 284  -1  -1  -1 
 28  -1  -1  -1  -1  -1  -1  -1  -1  -1  -1  -1 161  -1  -1  -1  -1 116  -1  -1  -1 265  -1  -1  57  -1 
 29  -1  47 240  -1  -1  -1 233  -1  -1  -1  -1  29  58 152  -1  -1 100  -1  34  -1  -1  83 262  -1  -1 
 30  -1  24  -1   4   4  -1  -1  19  19  19   2   2  -1  -1  -1  17  17  -1  -1  -1  -1  30  -1  -1  -1 
 31  -1  -1  -1  -1  -1  -1  -1  -1  -1  -1  -1  -1  31  31  31  -1  -1  -1  -1  -1  -1  -1  -1  -1  -1 
 32  -1  -1  -1  46  46  63  63  63  -1  -1  48  48  68  -1  -1  -1  -1  61  61  -1  -1  -1  -1  74  -1 
 33  -1  -1  -1  -1  -1  -1  -1  -1  -1  -1  -1  -1  -1  -1  -1  -1  -1  75  75  75  -1  -1  -1  -1  -1 
 34  -1  -1  92  92  -1  -1 112 118 105 105  90  90 107 107 107  -1  -1  -1  -1  -1  -1  -1  -1  -1  -1 
 35  -1  -1  -1  -1  -1  -1  -1  -1  -1  -1  -1  -1  -1  -1  -1  -1  -1  -1  -1  -1  -1  -1 119 119 119 
 36  -1 162  -1 134 134 149 149  -1  -1  -1 136 136  -1  -1  -1  -1 156 151 151 151  -1  -1  -1  -1  -1 
 37  -1  -1  -1  -1  -1  -1  -1  -1  -1  -1  -1  -1 163 163 163  -1  -1  -1  -1  -1  -1  -1  -1  -1  -1 
 38  -1  -1 193 193  -1 195 195 195  -1  -1 178 178  -1 206  -1  -1  -1  -1  -1  -1 180 180 200  -1  -1 
 39  -1  -1  -1  -1  -1  -1  -1  -1  -1  -1  -1  -1  -1  -1  -1  -1  -1 207 207 207  -1  -1  -1  -1  -1 
 40  -1  -1  -1 222 222  -1  -1  -1  -1  -1  -1 250 239 239 239  -1  -1  -1 237 237 224 224  -1 244  -1 
 41  -1  -1  -1  -1  -1  -1  -1  -1  -1  -1  -1  -1  -1  -1  -1  -1  -1 251 251 251  -1  -1  -1  -1  -1 
 42  -1 294  -1 266 266  -1  -1 288  -1  -1 268 268  -1  -1  -1  -1  -1 283 283 283  -1  -1 281 281  -1 
 43  -1  -1  -1  -1  -1  -1  -1  -1  -1  -1  -1  -1  -1  -1  -1  -1  -1  -1  -1  -1  -1  -1 295 295 295 
 44  -1  -1  -1  -1  -1 312  94 187   7  -1  -1  -1  -1  -1  -1 310 182  -1  -1  -1  -1  -1  -1  -1  -1 
 45 311  -1  -1  -1  -1  -1  -1 231  -1  -1  -1  -1  -1  -1 314  -1  -1   6  -1  -1  -1  -1  65  51  -1 
 46  -1 274  -1  -1  -1  -1  -1 272 142  -1  -1  -1  93  -1  -1  -1  -1  -1  -1  -1  -1  96 153  -1 308 
 47  -1 138  -1  -1  -1  -1  -1  -1  -1  -1  -1  -1  -1 185  -1  -1 230 141  -1  -1  -1   9  21  -1  -1 
 48  -1 225 186 184  -1  -1  -1  -1 273  -1  -1  -1  -1  11  -1  -1  50  -1  -1 316  -1  -1 315  -1  -1 
 49 109   5  -1  -1  -1  -1  53  -1  -1  -1  -1 229  54  -1  -1  -1  -1  -1  -1  -1  97 270  -1  10  -1 
 50  -1  -1  49  -1  -1  -1  -1 143  99  -1  -1  -1 140 227  -1  -1  -1 275  -1  -1  55  -1  -1 137  -1 
 51  -1  -1  -1  -1  -1  -1  -1   8 241  -1  -1  -1  -1  -1 285  -1 139  -1 309  -1  -1  -1  -1 183  -1 
 52  -1  -1 271  -1  -1  -1 269  -1  -1  -1  -1  -1 181  -1  -1  -1  -1 228  -1  -1  -1  -1  -1  -1  -1 
 53 197  98  -1  -1  -1  -1 226  95  52 313  -1  -1  -1  -1  -1  -1  -1  -1  -1  -1  -1  -1  -1  -1  -1 

r\t   0   1   2   3   4   5   6   7   8   9  10  11  12  13  14  15  16  17  18  19  20  21  22  23  24 
  0  -1  -1  -1  -1  -1  -1  -1  -1  -1  -1  -1  -1  -1 179  -1  -1 144  -1  -1 238  -1  -1  -1 254  -1 
  1  -1  32  -1  -1  -1  -1  40 280 280  -1  -1  -1 176 247  -1  -1  -1  -1  -1  -1  -1  -1 242  -1  -1 
  2  -1  -1 306  -1  -1 302 299 152 166  -1  -1 189  -1  -1  -1  -1  64  -1  -1  -1  -1  -1 192 192  -1 
  3  -1  69  -1  -1  -1  -1 116  -1  16  16  -1 248 246  -1  -1  -1  77  -1  -1  -1 214  -1  -1  -1  -1 
  4  -1  14  -1 111  -1  -1  -1  -1  29 307  -1  -1  -1  -1  -1  -1  15  -1  -1  -1  -1  84  -1  58  -1 
  5  -1  -1  -1  -1  42  -1  -1  79 196  -1  -1  -1  -1 158  -1  -1  -1 103  76  -1  -1  -1  -1  -1  -1 
  6  -1  -1  -1  -1  -1  18 190  -1  -1  -1  -1  83  37  -1  -1  -1  -1 169 289  -1  -1  12  -1 232  -1 
  7  -1  -1  -1   3  -1  67  -1  -1  86  -1  -1  -1  -1 194  -1  -1  -1  -1   1  -1  -1 191 245  -1  -1 
  8  -1 249  -1  -1  -1  -1  -1  -1  -1  -1  -1 211 129  -1  -1  -1 202  -1  -1  -1 150  -1  33 164  -1 
  9  -1  -1 300  -1  -1 282 204  -1 263  -1  -1 216  -1  -1 287  -1  -1  -1  -1  -1  -1  56 120 293  -1 
 10  -1  -1  -1 256 106  -1  -1 235  -1  -1  -1 276  -1 115  -1  -1  -1  -1  -1  -1  -1  -1  -1  -1  -1 
 11  -1  -1  -1  -1  -1  -1  57  -1 135  -1  -1  -1 148 148  -1  -1 253  -1  -1  -1  -1 291  -1 113  -1 
 12  -1 205  -1  -1  66  -1  -1  -1 154  -1  -1  -1  -1 209 110  -1 220  -1  -1  -1  85 174  -1  -1  -1 
 13  -1 131  -1  -1  -1  -1  -1  -1  -1  -1  -1 159  -1  -1  -1  -1  -1  -1  -1  -1  -1 278  -1 277  -1 
 14  -1  -1  70 260  -1  -1 257  -1  -1  -1  -1  -1  -1  -1  39  -1  -1  23  20  -1  -1  -1 297  -1  -1 
 15  -1  -1  -1  -1  -1  -1  -1  -1  -1  -1  -1 126  38  -1  -1  -1  -1 252 130  -1 215 221  -1  -1  -1 
 16  -1  -1  -1 124  -1  -1 132  -1 121  -1  -1 223  -1 286  -1 217  -1  -1 201  -1  -1  -1  -1  -1  -1 
 17  -1 102  -1  80  -1  -1 127 123  -1  -1  22  -1  -1  -1  -1  -1  71  -1  -1  -1  -1  -1  36  -1  -1 
 18  41  -1  -1 290  -1  -1  -1  -1 292  -1  -1  73  -1  -1  -1  -1 298  -1 122  -1  -1  -1  -1 100  -1 
 19  -1  -1  25  -1  -1  -1  88  35 212  -1  -1  59  -1  -1  -1  -1  -1  -1  26  -1  -1  -1  -1 165  -1 
 20 236 236  -1  91  -1  -1  72  -1 177  -1  -1  28  -1  -1  -1  -1  -1 160 108  -1  -1  -1  -1  -1  -1 
 21 258 188  -1 213  -1  -1  -1  -1  -1  -1  -1  -1 284  -1  -1  -1  -1  -1  -1 259  -1   0 128 173  -1 
 22 303 147  -1  -1  -1  -1 157 296  -1  -1  -1  -1  -1  -1  -1  -1  -1  -1 168  -1  -1  -1  -1  -1  -1 
 23  -1  -1 304  -1  87  -1 240  47 219  -1  -1  -1 167  -1  -1  -1 279 305  -1  -1  -1  27  -1  -1  -1 
 24  -1  -1  -1  -1  -1  -1  34  -1  45  -1  -1  -1 104 104  -1  -1  -1 261 175  -1  -1  81  -1  -1  -1 
 25  -1 161  60  60  -1  -1  43  -1  -1  -1  -1  -1 265  -1  -1  -1  -1  -1 233  -1  -1  -1 208  -1  -1 
 26  -1 117  -1  -1  -1  -1  -1  -1 255 218 155 172  -1  -1  -1  -1  -1  -1  -1  -1  -1  -1  -1  82  -1 
 27 170  -1  13 171  -1 199  -1 101 234  -1  -1  -1  -1 267  -1  -1  -1  -1  -1  -1 198 145  -1  -1  -1 
 28  -1  -1  -1  -1  -1  -1  44 133  -1  -1  -1  -1 114  -1  -1  -1  89  -1  -1  -1  -1 264  62 125  -1 
 29  -1 301  -1  -1  -1  -1 146  -1  -1 262  -1 210  -1  -1  -1  -1  -1 243  -1  -1  -1  -1  78 203  -1 
 30   2   2  -1  30  -1  -1  -1   4   4  -1  -1  -1  -1  17  17  -1  -1  24  -1  -1  -1  -1  19  19  19 
 31  -1  -1  -1  -1  -1  -1  -1  -1  -1  -1  -1  -1  31  31  31  -1  -1  -1  -1  -1  -1  -1  -1  -1  -1 
 32  -1  48  48  -1  -1  -1  -1  68  -1  -1  -1  -1  61  61  -1  -1  -1  63  63  63  -1  74  -1  46  46 
 33  -1  -1  -1  -1  -1  -1  -1  -1  -1  -1  -1  -1  75  75  75  -1  -1  -1  -1  -1  -1  -1  -1  -1  -1 
 34  -1  -1 112  -1  -1 105 105  90  90  -1  -1 118  92  92  -1  -1  -1  -1  -1  -1 107 107 107  -1  -1 
 35  -1  -1  -1  -1  -1  -1  -1  -1  -1  -1  -1  -1  -1  -1  -1  -1  -1 119 119 119  -1  -1  -1  -1  -1 
 36 134 134 149 149  -1  -1  -1  -1  -1  -1  -1  -1  -1  -1  -1  -1 156 151 151 151  -1 162  -1 136 136 
 37  -1  -1 163 163 163  -1  -1  -1  -1  -1  -1  -1  -1  -1  -1  -1  -1  -1  -1  -1  -1  -1  -1  -1  -1 
 38 180 180 193 193  -1  -1  -1  -1  -1  -1  -1  -1 200  -1  -1  -1  -1 195 195 195  -1 206  -1 178 178 
 39  -1  -1 207 207 207  -1  -1  -1  -1  -1  -1  -1  -1  -1  -1  -1  -1  -1  -1  -1  -1  -1  -1  -1  -1 
 40 224 224 244 237 237  -1  -1  -1  -1  -1  -1  -1 239 239 239  -1  -1  -1 250  -1  -1  -1  -1 222 222 
 41  -1  -1  -1  -1  -1 251 251 251  -1  -1  -1  -1  -1  -1  -1  -1  -1  -1  -1  -1  -1  -1  -1  -1  -1 
 42 266 266 283 283 283  -1  -1  -1 268 268  -1 294  -1 288  -1  -1  -1 281 281  -1  -1  -1  -1  -1  -1 
 43  -1  -1  -1  -1  -1  -1  -1  -1  -1  -1  -1  -1  -1  -1  -1  -1  -1 295 295 295  -1  -1  -1  -1  -1 
 44  -1  -1  94  50  -1  -1  -1  65  -1 143  -1  -1  -1 138  -1  -1  -1 309  -1  -1  -1 181  -1  -1 271 
 45  -1  -1  -1  21 315  -1 274 186 231  -1  -1  -1 141  -1  -1 109  -1  -1  -1  -1  -1  -1  -1  -1  -1 
 46  -1  -1 228  -1  -1  -1  -1  -1  -1  -1  -1  -1  -1   5  -1  -1 272  -1  -1 316 312  51  -1   6  -1 
 47  -1  -1  -1  -1  -1  -1  -1 227  -1   9  -1 137 226  -1  -1  -1  -1  -1  -1  -1  -1  -1  -1  -1  -1 
 48  54  -1  -1 229  -1 313  -1 273  -1 185  -1  10  -1  -1  -1  -1   7  -1 270  -1  -1 142 285  -1  -1 
 49  -1  -1  -1  -1  -1  -1   8  -1  -1 225  -1 184  -1  -1  -1  -1 187  -1 140  -1  -1  -1  -1 269  -1 
 50  99  -1  -1  -1  -1  -1  -1  -1  -1  -1 197 241  -1  -1  -1 310  -1  -1  -1  -1  -1  -1 308  -1  -1 
 51  -1  97  11  -1  -1  -1 183  -1  -1  -1 314 275  -1  -1  -1  -1  -1  -1 230  -1  -1  -1  -1  -1  -1 
 52  -1  -1  -1  -1  -1  -1  -1  -1  -1  55  -1  98  -1  -1 311  -1  49  -1 182  -1  -1  -1 153  96  95 
 53  -1  -1  -1  -1  -1  -1  -1  -1  -1  93  -1  53  -1  52  -1  -1 139  -1  -1  -1  -1  -1  -1  -1  -1 

r\t   0   1   2   3   4   5   6   7   8   9  10  11  12  13  14  15  16  17  18  19  20  21  22  23  24 
  0  -1 247  -1  -1  -1  -1  -1 286  -1  -1  -1  -1  -1  -1  -1  -1  -1  -1  -1  -1  -1 219  14  -1  -1 
  1  -1  -1 296  -1  -1  -1  35  -1  69  -1  -1  47  -1 276  -1  -1  -1  -1 167  -1  -1  -1  -1 264  -1 
  2  -1 232  -1  -1  -1  -1  -1 262 209  -1  39  77  -1  -1  -1  -1  -1  -1 259  -1  -1 123  -1  -1  -1 
  3  -1 103  -1 177  -1  -1  -1  62  -1  -1  -1  -1  -1  -1  -1  -1  -1  -1  -1 263  -1  27  -1 160  -1 
  4  -1  -1  -1  -1  -1  -1  -1  -1 278  -1  -1  -1  -1  -1  -1  -1  -1  -1  -1 106  -1  -1  -1 201  -1 
  5  -1  -1  -1  -1 282  -1 277   1 298  -1  -1  -1  -1  -1  -1  -1  -1 233 154 238  -1 150  -1  -1  -1 
  6  -1  -1 131  -1  41  -1 166  -1  -1  -1  -1  -1  -1 159  -1  -1 208  -1  28  -1  -1 199  -1 108  -1 
  7  -1  -1  45  -1 127  -1 306  -1  59  -1  -1 279  60  60  82 169  -1  -1  -1  -1  -1 287 116  -1  -1 
  8  -1  -1 101  -1  -1  -1  -1  -1 256  -1  -1 290 205  -1  -1  -1  -1  -1  -1  -1  -1  -1  -1  -1  -1 
  9  -1  58   3  34  -1  -1  -1 267  -1  -1  -1  -1  76  -1  -1  -1  86  -1  -1  -1  -1 218 292  12  -1 
 10 301  38  -1 302  -1  -1  -1  -1  -1  -1 126 220  -1  -1 171  -1  -1  88 128 214  -1  -1 155  -1  -1 
 11  -1  -1  -1  -1  -1  -1  70 104 104  -1  -1  -1 253  -1  -1  -1  -1 113  -1  22  -1 242  -1  -1  -1 
 12  -1  -1  16  16  66  -1  -1 152  -1  -1  -1  25 122  -1  -1  -1  -1  -1  -1  -1  -1 212  33  -1  -1 
 13  -1 161  -1  -1  -1  -1  -1  -1  29  -1  -1  -1 191 210  -1  -1  -1  -1  -1  -1  -1  79  -1 260  -1 
 14  -1  -1  -1  -1  -1  -1  -1 133  -1  83  -1 189  44 245  -1  -1 188  -1 252 215  -1 297  -1 249  43 
 15  -1  -1 246  -1  -1 304  -1  -1  -1  -1  -1  -1  26  71  -1  -1  -1 130  -1  -1  -1  -1  -1  -1  -1 
 16  -1  -1  -1 234  -1  -1  -1  -1 258 257  -1  -1 265  -1  -1  81 175 204  23  -1  -1  18  -1  -1  -1 
 17  -1  -1 147  -1  -1  -1  -1  -1  -1  -1  -1  -1  -1 179  -1  -1 145  -1  -1  -1  -1  57 102  -1  -1 
 18  40  -1 240  -1  -1  -1  -1  -1  -1  -1  -1  -1  -1  -1  -1  -1  64 157  -1  -1  -1 165 135  -1  -1 
 19  -1  -1  -1  -1  -1  -1 198 168  -1  -1  -1  -1 284  87  -1  -1  73  -1  -1  -1  -1  -1  -1 148 148 
 20  -1  78  -1  -1  -1  -1 203  -1  -1  -1  -1  -1  -1  -1  -1  -1  85  -1 194  -1  -1  -1  -1 291  -1 
 21  -1  -1  -1 100  -1  -1 110 192 192  -1  -1  67  -1  -1  -1  -1  -1  -1  -1  -1  -1 254  -1  -1  -1 
 22  -1  -1 280 280  -1  -1 293  20  -1  -1  -1 121  -1  -1  -1  37  -1  -1  -1  -1  -1  -1 248  89  -1 
 23  -1  -1  -1  -1  -1  -1 216 289  13  -1  -1  42   0  -1 129  -1  -1  -1 120  -1  -1  36  -1  -1  -1 
 24  -1  32  -1  -1  -1  -1 235 115  -1 223  -1  -1  -1 132  -1  -1  -1  -1  -1  -1  -1 111 202  -1  -1 
 25  -1  -1  -1  -1  -1  91  -1  -1 114  -1  -1 158 164  -1  -1  -1  -1 144  -1  -1  -1  -1  -1 236 236 
 26  -1  -1 221 299 305  -1  -1  -1  84  -1  -1  -1  -1 261  -1  -1  -1 190 217 213  -1  -1  -1 170  -1 
 27  -1  -1 196  -1  -1  -1  -1  -1  -1  -1  -1  -1  -1  -1  -1  -1  -1  -1 243  -1  -1  -1  -1  72  -1 
 28  -1  -1 303  56 125  -1  -1  -1 146  -1  -1 211  -1 300  -1  -1 176  15 173  -1  -1  -1 172  -1  -1 
 29  -1 117  -1 124  -1  -1  -1  80  -1  -1  -1  -1  -1  -1  -1  -1  -1 255  -1  -1  -1  -1 307  -1 174 
 30  17  17  24  -1  -1  -1  -1  -1   2   2  19  19  19  30  -1  -1  -1  -1  -1  -1  -1  -1  -1   4   4 
 31  -1  -1  -1  -1  -1  -1  -1  -1  -1  -1  -1  -1  -1  -1  -1  31  31  31  -1  -1  -1  -1  -1  -1  -1 
 32  46  46  -1  74  -1  -1  -1  -1  48  48  -1  -1  -1  -1  -1  -1  -1  61  61  -1  -1  68  63  63  63 
 33  -1  -1  -1  -1  -1  -1  -1  -1  -1  -1  -1  -1  -1  -1  -1  -1  -1  75  75  75  -1  -1  -1  -1  -1 
 34  92  92 112  -1  -1  -1 118  -1  90  90  -1  -1 105 105  -1 107 107 107  -1  -1  -1  -1  -1  -1  -1 
 35  -1  -1  -1  -1  -1  -1  -1  -1  -1  -1  -1  -1 119 119 119  -1  -1  -1  -1  -1  -1  -1  -1  -1  -1 
 36  -1  -1  -1 149 149  -1  -1  -1 136 136 151 151 151  -1  -1  -1 156  -1  -1  -1  -1  -1 162 134 134 
 37  -1  -1 163 163 163  -1  -1  -1  -1  -1  -1  -1  -1  -1  -1  -1  -1  -1  -1  -1  -1  -1  -1  -1  -1 
 38 193 193  -1  -1  -1  -1  -1 200 180 180  -1 178 178  -1  -1  -1  -1  -1 206  -1  -1  -1 195 195 195 
 39 207 207 207  -1  -1  -1  -1  -1  -1  -1  -1  -1  -1  -1  -1  -1  -1  -1  -1  -1  -1  -1  -1  -1  -1 
 40 224 224  -1  -1  -1  -1  -1 237 237  -1  -1 250 239 239 239  -1 244  -1  -1  -1  -1  -1  -1 222 222 
 41  -1  -1  -1  -1  -1 251 251 251  -1  -1  -1  -1  -1  -1  -1  -1  -1  -1  -1  -1  -1  -1  -1  -1  -1 
 42  -1 288 268 268  -1  -1  -1  -1 266 266  -1  -1  -1  -1  -1 281 281  -1 294  -1  -1  -1 283 283 283 
 43  -1  -1  -1  -1  -1  -1  -1  -1  -1  -1  -1  -1  -1  -1  -1 295 295 295  -1  -1  -1  -1  -1  -1  -1 
 44  -1  -1  -1  49  -1 185 313 187 226  -1  -1  -1  -1   5 310  -1  -1  53  -1  -1  -1  -1 270  -1  -1 
 45 275 137  -1 139  -1  -1 153  -1  -1  -1  -1  97  -1  -1  -1  -1 229  -1 109 309 312  -1  -1  -1  -1 
 46  -1  -1  98  -1  -1  -1  65  -1  -1  -1  -1 269  -1  55  -1  -1  -1  10 285  -1  -1 311  -1  -1  -1 
 47  -1 274  -1  -1  -1  -1  -1  -1  -1  -1  -1  -1  -1 273  -1  -1  -1 181  -1  -1  -1  -1  94  -1  -1 
 48  -1  -1  -1  -1  -1  -1  -1 231  -1  -1  -1  -1  -1 197  -1  -1  -1  -1  -1  -1  -1  -1   8  -1  95 
 49  -1  -1 183 225  -1 271  -1  -1  -1  -1  -1  -1  -1  -1  -1  -1  -1  -1  -1  -1  -1  -1 182  -1  -1 
 50  -1  -1  -1   6  -1  -1  -1  -1  -1 241  -1 142  -1  -1  -1 316  50 228  -1  -1  -1  -1  -1  -1  -1 
 51   9 184  -1  93 315  54  -1  -1  -1  -1 308  -1  -1  -1  -1  -1  -1  -1  -1  -1  -1  -1 230  -1  -1 
 52  -1   7  -1  -1  -1 143  21  99  -1  -1  -1  -1  -1 227  -1  -1 272 141  -1  -1  -1  -1  51 186  -1 
 53 138  -1  -1  -1  -1  11  -1  -1  -1  -1  -1  -1  -1  96  -1  -1 140  -1 314  -1  -1  -1  -1  52  -1 

r\t   0   1   2   3   4   5   6   7   8   9  10  11  12  13  14  15  16  17  18  19  20  21  22  23  24 
  0 126  -1 192 192 303  -1  -1  -1  -1  -1  -1  -1  -1 242  91  -1 194  -1  66  -1  -1  77 116 252  -1 
  1  -1  -1  44  -1  -1  -1 129 120 299  -1  -1  82 157  81  -1  -1  -1 124   0  -1  -1  38  -1  -1  -1 
  2  -1  56  -1  -1  -1  -1  -1  -1  -1  -1  -1  -1  -1  -1 131  -1 243 110  -1  -1  -1  86  -1  -1  -1 
  3  -1  -1  16  16  -1  -1 276 152  -1  -1 177 167  -1  -1  -1  -1 111  -1  47 219  -1  -1 158 210  -1 
  4  -1 306  -1  -1  -1  -1 113  -1  -1  -1  -1  -1 293 132  -1  -1  -1  80  -1  89  -1 257  -1 265  -1 
  5  -1  -1 260 245  -1  -1 165  -1  20  -1  -1  -1 204  42  -1  -1  -1  -1 161  -1  -1 217  -1 121  -1 
  6  -1  -1 253  -1  -1  -1  -1  -1  -1  -1  -1  -1  -1 171  -1  -1  40 263 100  -1  -1 123  -1 284  -1 
  7  -1  -1  -1  -1  -1  -1  -1  -1  -1  -1  -1 297  -1 191  -1  -1  -1  -1  -1 301  -1  -1  -1  -1  -1 
  8  -1  -1  -1 201  -1  -1 135 133  -1  -1  -1  -1  -1  -1  -1  -1  -1 280 280  -1  -1  -1  -1 172  -1 
  9  -1  85  -1  -1  -1  -1 154  -1  -1  -1 305  -1  -1  -1  -1  -1  -1  -1  -1  -1  -1  39  -1 261  -1 
 10 176  12  -1  -1  -1  -1  -1  88 246  -1  -1  -1  -1  -1  -1  -1 147  -1  -1  -1 258 205  -1  -1  -1 
 11  -1 233  -1  -1  -1  -1  -1  15  -1  -1  83  -1 249 256  -1 259  -1  -1  -1  -1  -1  -1 211  -1  -1 
 12  -1 254  59  25  -1  -1  -1 203 146  -1  -1  57 179  78  -1  -1  -1  -1  -1  -1  -1  -1 218  -1  -1 
 13  -1  -1  -1  -1  -1  -1  -1  -1  -1  -1  -1  -1 199  -1  -1  -1  67  -1  -1  -1  -1  -1  -1 232  -1 
 14  -1  -1  -1 289  -1  22  -1 302  -1  -1  87  -1  -1 169  -1 198  -1  -1  -1  -1  -1  -1  71 300  -1 
 15  -1 189 168  -1  -1  -1   1  -1  -1 128 127 144  -1 202  -1  -1  -1  37 117  -1  -1  -1 240  -1  -1 
 16  -1  -1 236 236  -1  -1  64  -1  -1  -1  -1  -1   3  -1  -1  -1  -1 304  -1  -1  -1  -1 267  43  -1 
 17  -1 298  -1 108  -1  -1  -1  -1  -1  -1  -1 190  -1  -1  -1 286  -1  -1  27  -1  -1 155 220  -1  -1 
 18  -1  -1  -1  -1  -1  -1  -1  -1  -1  -1  -1  -1 104 104  -1  -1  -1  -1  36  -1  -1  -1  -1  -1  -1 
 19  -1 122  69 166  -1  -1 223  -1  -1  -1  -1 115  18  -1  -1  -1 282  -1  -1  -1  -1 238  -1  -1  -1 
 20  -1 279  -1  -1  -1  -1  -1 215 208  -1  -1  -1  -1 114  -1  -1  -1  -1  -1  -1  -1  -1  -1 164  -1 
 21  -1  32  -1  -1  -1  -1 292  -1  -1  -1  -1  -1 148 148 221  -1  -1  -1  -1  -1  -1 159  -1  -1 174 
 22  -1  73  -1  79  -1  -1 247 277  -1  -1  -1  29  -1  -1  -1  -1  -1  -1  -1  -1  -1  -1  -1  -1  -1 
 23  -1  -1 103  -1  -1 262  -1 130 213 106  -1 234  -1 291  -1  -1  70  -1  -1  -1  -1  -1  -1  -1  -1 
 24  -1  -1  -1  -1  -1  -1  -1  -1 160  -1  -1  -1  -1  -1  -1  -1  -1 290  -1  -1  -1  -1 255  -1  -1 
 25  84 101 173  -1  -1  -1  -1  -1  -1  -1  -1 102 264 125  -1  -1  -1  -1  -1  -1  -1  62  -1  -1  41 
 26  -1  -1  -1  58  -1  -1  -1 296 278  -1 170  -1  34  35  -1  -1  -1  -1  -1  -1  -1  28  -1  -1  -1 
 27 307  -1 209  -1  -1  -1  26  -1  -1  -1  -1  -1 235  14  -1  -1  -1  -1  -1  45  -1 214  -1 175  -1 
 28  -1 212  -1  -1  -1 216 188 248  -1  -1  -1  -1  60  60  -1  -1  -1  33 196  -1  -1  -1  -1  -1  -1 
 29  -1 145  -1  -1 150  -1  76  -1  -1  -1  -1  13  -1  -1  -1  -1  23  -1  -1  -1  -1 287  -1  72  -1 
 30   4   4  24  -1  -1  -1  -1  30  -1  -1   2   2  -1  -1  -1  -1  -1  19  19  19  -1  -1  17  17  -1 
 31  -1  -1  -1  -1  -1  -1  -1  -1  -1  -1  -1  -1  -1  -1  -1  -1  -1  -1  -1  -1  -1  -1  31  31  31 
 32  46  46  -1  -1  -1  -1  -1  61  61  -1  -1  74  -1  48  48  -1  -1  -1  68  -1  -1  -1  63  63  63 
 33  -1  -1  -1  -1  -1  -1  -1  75  75  75  -1  -1  -1  -1  -1  -1  -1  -1  -1  -1  -1  -1  -1  -1  -1 
 34  90  90  -1  -1  -1 107 107 107  -1  -1  92  92 118  -1  -1  -1 112  -1  -1  -1  -1  -1  -1 105 105 
 35  -1  -1 119 119 119  -1  -1  -1  -1  -1  -1  -1  -1  -1  -1  -1  -1  -1  -1  -1  -1  -1  -1  -1  -1 
 36 136 136  -1  -1  -1  -1 162  -1  -1  -1 134 134  -1 156  -1  -1  -1 149 149  -1  -1  -1 151 151 151 
 37  -1  -1  -1  -1  -1  -1  -1  -1  -1  -1  -1  -1  -1  -1  -1 163 163 163  -1  -1  -1  -1  -1  -1  -1 
 38  -1 178 178  -1  -1  -1 206 195 195 195  -1  -1  -1 180 180  -1 200  -1  -1  -1  -1  -1 193 193  -1 
 39  -1  -1  -1  -1  -1  -1  -1  -1  -1  -1  -1  -1  -1  -1  -1  -1  -1 207 207 207  -1  -1  -1  -1  -1 
 40 224 224  -1  -1  -1  -1  -1 239 239 239 222 222  -1  -1  -1  -1 250 237 237  -1  -1 244  -1  -1  -1 
 41  -1  -1  -1  -1  -1  -1  -1  -1  -1  -1  -1  -1  -1  -1  -1  -1  -1 251 251 251  -1  -1  -1  -1  -1 
 42 266 266 281 281  -1  -1  -1 268 268  -1  -1  -1 283 283 283  -1  -1  -1 294  -1  -1 288  -1  -1  -1 
 43  -1  -1 295 295 295  -1  -1  -1  -1  -1  -1  -1  -1  -1  -1  -1  -1  -1  -1  -1  -1  -1  -1  -1  -1 
 44  -1  -1  -1  -1  -1  -1 272  -1  -1  -1  -1  -1  -1   8  -1 316  -1  -1  -1  -1  -1  -1  -1  -1  -1 
 45  -1  -1   5  -1  -1  -1  -1  -1 137  -1  -1  -1  -1  -1 143  -1  -1  65  -1  -1  -1  -1 285  -1  -1 
 46  -1  -1  -1  -1 315  -1  -1  -1   7 311  54  50  -1 273  -1  -1  -1  -1  -1  -1  -1  -1 183 181  -1 
 47  -1  -1  -1 140  -1  -1 241  -1  99  -1  -1  -1  -1  -1  -1  -1  -1 309  -1  -1  -1  21  -1  93 314 
 48  -1  -1  -1  -1  -1  -1 187 226 229  -1 271 185  -1  -1  -1  -1  -1  -1 230  -1  -1  -1  -1  -1  -1 
 49  -1  -1 153   9  -1  -1  -1  -1  -1  -1  -1  -1  55  -1  -1  -1  -1  -1 270  -1  -1 109  53 227  -1 
 50  -1  -1  -1  -1  -1 312  -1   6  -1  -1  -1  -1 225  -1  -1  -1  -1  -1  -1 275 308  -1  10  -1  -1 
 51  -1  -1 274 186  -1  -1  -1 182  -1  -1  -1 269 139  -1  -1  -1  -1  -1  96 138  -1 197 142  -1  -1 
 52  -1  -1  -1  49  -1  -1  52  51  -1  -1  -1  -1  98  -1  11  -1 310  -1 141  -1  -1  -1  95  -1  -1 
 53  -1  -1 231 228  -1  -1  94  -1  -1  -1  -1  -1  -1  97  -1  -1  -1  -1 184  -1  -1 313  -1  -1  -1 

