317
23 22
13 9
15 30
17 2
5 30
7 53
11 52
21 44
10 47
8 51
1 44
18 47
21 3
6 2
18 12
11 29
7 7
2 30
19 11
22 30
1 19
17 44
14 13
12 14
8 30
7 28
22 16
11 24
1 22
17 20
21 30
2 31
6 5
12 24
16 17
18 1
12 26
2 11
16 11
21 19
20 7
4 23
15 27
4 2
23 25
8 17
15 32
18 22
5 32
2 48
21 48
17 46
11 47
1 45
10 53
22 45
16 27
1 26
17 10
21 13
22 10
12 32
7 1
2 32
11 20
9 46
18 0
0 28
23 32
7 12
6 23
1 18
21 6
11 27
17 32
12 33
3 11
2 24
16 25
23 7
8 13
22 20
22 25
12 12
17 14
0 19
20 0
5 3
23 8
18 10
10 34
17 3
5 34
2 50
8 46
13 49
21 52
16 48
1 53
15 53
2 14
6 7
16 2
1 1
10 21
8 34
20 21
22 34
18 25
17 50
12 11
3 2
3 34
23 9
18 9
17 8
13 15
2 10
16 34
7 35
21 1
12 19
7 2
11 8
1 20
14 19
8 3
13 18
0 5
12 5
1 21
12 29
23 28
7 10
17 36
11 14
5 36
16 44
15 44
22 44
8 45
21 45
1 50
10 48
1 8
22 5
6 8
12 0
17 13
15 36
20 19
2 36
7 14
9 49
11 25
24 11
23 36
21 2
7 27
18 2
2 13
11 23
1 36
12 37
17 17
3 28
16 22
22 29
6 18
10 8
22 26
4 8
24 15
4 1
20 11
20 23
22 7
10 17
15 38
6 29
7 38
1 47
17 47
2 53
23 52
5 52
21 46
11 45
16 13
21 4
8 11
18 17
2 6
22 38
6 25
12 38
17 9
24 49
4 9
9 21
3 38
7 9
13 5
12 28
8 1
16 15
1 38
17 39
23 19
2 27
21 0
22 2
6 12
7 17
17 22
6 17
22 8
17 28
8 29
0 9
21 15
5 4
22 40
18 23
7 40
10 52
17 45
13 53
1 48
6 49
16 51
11 50
6 10
23 26
11 18
13 13
7 18
2 40
24 0
15 40
21 29
18 52
12 18
0 4
13 40
22 18
8 8
11 3
12 2
18 7
6 40
2 41
17 23
23 23
21 21
1 9
16 8
3 8
24 21
18 11
15 7
14 25
21 16
4 28
1 4
11 12
5 42
21 10
15 42
13 45
23 50
10 50
2 46
17 53
18 50
22 53
6 16
16 4
13 28
7 0
23 2
18 42
12 7
2 42
8 0
14 46
20 2
21 18
22 42
8 16
3 23
18 15
13 11
16 12
1 42
7 43
21 22
17 11
6 19
23 29
11 16
2 16
7 3
15 4
2 2
17 1
22 4
24 13
3 52
20 44
24 45
19 48
14 50
12 51
4 46
9 52
0 52

