317
23 6
18 16
5 30
21 16
13 30
17 47
1 51
16 50
11 52
20 44
3 48
7 45
16 13
1 14
3 0
17 5
13 12
7 30
12 11
22 30
6 15
2 49
19 15
21 23
3 30
1 24
13 17
21 13
6 6
16 3
11 30
7 31
2 14
23 14
12 24
17 6
21 22
23 11
12 9
11 0
23 5
11 19
5 7
12 20
11 25
13 7
20 32
1 7
7 32
24 52
6 48
23 50
17 53
18 47
5 50
14 50
18 25
6 4
21 4
16 29
10 12
22 32
1 16
2 32
17 8
9 51
12 8
0 4
6 32
21 25
22 19
1 23
8 13
18 23
11 32
15 33
3 18
2 8
12 2
7 20
23 8
24 21
21 28
19 23
4 7
24 8
23 12
5 22
1 28
18 12
20 34
11 5
5 34
23 44
7 46
13 45
16 49
8 44
17 46
24 53
1 6
17 9
23 18
21 19
7 22
12 34
11 28
2 34
16 26
0 47
15 15
22 24
16 34
1 1
23 20
21 10
6 12
17 27
22 34
12 35
3 3
8 7
11 15
7 16
18 11
20 12
11 26
9 27
7 18
11 3
20 28
22 2
23 16
21 1
17 36
11 9
13 36
6 50
20 47
8 49
5 46
16 47
1 47
24 47
6 19
16 16
23 9
7 13
17 10
8 36
11 11
2 36
21 6
22 46
12 7
10 14
22 36
17 1
1 12
3 23
23 7
6 21
12 36
7 37
13 4
12 13
16 15
18 3
21 24
8 17
5 17
10 27
3 22
13 8
0 29
8 12
5 3
18 28
7 38
17 7
20 38
6 52
1 52
23 46
11 46
24 44
16 44
13 50
8 9
6 24
21 0
13 20
22 3
10 38
17 4
2 38
12 5
15 52
9 25
19 29
23 38
2 16
16 25
17 19
1 4
11 27
22 38
12 39
8 16
21 17
7 12
7 1
3 16
3 4
23 26
7 0
7 25
13 26
5 9
5 6
13 29
14 16
23 40
16 23
20 40
5 47
17 48
8 48
3 47
11 45
1 48
6 46
6 27
23 0
3 13
21 29
10 18
17 40
2 9
7 40
1 20
22 48
12 21
16 0
6 40
12 3
1 27
8 4
7 27
2 24
11 40
17 41
21 20
13 11
3 8
23 28
16 28
8 14
24 5
5 15
4 24
0 9
1 18
9 5
3 12
20 5
5 42
23 23
13 42
21 46
16 48
24 48
1 45
17 49
11 49
18 51
21 8
2 1
3 15
1 19
10 23
18 42
15 23
7 42
13 24
22 49
23 15
12 22
23 42
18 1
21 21
2 25
11 10
6 17
1 42
17 43
12 26
3 6
16 14
13 2
8 24
9 12
18 19
8 25
3 9
12 10
18 5
7 9
12 44
15 46
19 44
2 48
10 53
9 50
0 45
22 53
4 46

