r\t   0   1   2   3   4   5   6   7   8   9  10  11  12  13  14  15  16  17  18  19  20  21  22  23  24 
  0  -1  -1  -1 305  -1  -1  33  -1 203  -1 131  43  -1  -1  -1  -1  -1 158  -1  -1  -1  -1  -1  29  -1 
  1  -1 284  -1  -1  -1  -1 130  -1  72  -1  -1  -1  -1  -1 155  -1  -1  -1  -1 260  -1  -1  -1  89  -1 
  2  -1  -1  -1 190  -1  -1  -1  42  -1  -1  -1  26  -1 243  -1  -1  -1 196 164  -1  -1  -1  -1 289  -1 
  3  -1  16  16 279  -1  -1  -1  -1  -1  -1   1  15  -1  -1  -1  -1 205  77  -1  -1  -1  -1  -1 201  -1 
  4  -1 236 236 232  -1  -1  -1  -1  -1  -1  -1 202  -1 126  -1  -1  -1  -1  -1  -1  -1 117  -1  14  -1 
  5  -1  41  -1  -1  -1 176 278  -1  57 175  -1  -1 265  -1  -1  -1  -1 252  -1  -1  -1 209  -1 161  -1 
  6 259 293  -1 210  -1 262 188  -1 166  -1  -1  -1 100  -1  -1  -1 159  -1  -1  -1  -1  -1  -1  -1  -1 
  7  -1  32 276  -1  40  -1  -1 173  -1  -1 171  -1  -1  -1  -1  -1  -1  -1  -1  -1  -1  -1 111 144 267 
  8  -1 113  -1  -1  -1  -1  -1 116  -1  -1  -1  -1  -1 282  -1  -1  -1  -1  -1  -1  -1  -1  -1  -1  -1 
  9  -1 301  -1  -1  -1  -1 247 179  -1  -1  -1  -1   3  -1  -1  -1  -1  71  -1  -1  -1  -1  -1  -1  -1 
 10  13  -1  -1 298  -1  91 125  -1  -1  -1  -1  -1  64  -1  -1  -1  -1  -1  -1  -1  -1  -1  18 240 221 
 11  -1  -1  -1  25  -1 257  -1  -1  36  -1  -1  -1  -1 160  -1  -1  -1  -1  -1  67  -1  -1  34  -1  -1 
 12  -1  -1 245  -1  -1  -1  -1  -1  27  -1 280 280  -1  -1  -1  -1  -1 297  -1  -1  -1  -1  -1  -1  -1 
 13  -1  -1  -1  -1  -1 286  -1 145 292  -1  -1  -1  -1  -1  -1  -1 214  -1  38  -1  -1  -1 215 124  -1 
 14  -1 168  -1 103  -1  -1 299  -1  -1  -1 129  -1  -1  -1  -1 198  -1  -1  20  -1  -1  -1  -1 189  -1 
 15  -1 133 167 304  -1 306 147  -1 191  -1 177  -1  -1 255  -1  -1  -1  -1  -1  -1  -1 238 242  -1  -1 
 16  -1  -1  -1 264  -1  -1 104 104 216  -1  -1  -1  -1  82  -1  -1  -1  -1  -1  -1  -1 307  -1 256  -1 
 17  -1  -1 300  88 223  -1  86 296  -1  85  -1 101  -1 110  -1  -1 199  -1  -1  -1  -1 102  -1  -1  -1 
 18  -1  70  -1  -1  -1 172  -1 157 246  -1  -1  -1  -1  -1  -1 213  -1  -1 287  -1  -1  -1  -1  -1  -1 
 19  -1  -1  80 146  -1 150  -1  -1  -1  -1  -1  -1 204  -1 174  -1 253  -1  -1  -1  -1  -1  -1 108  39 
 20  -1  -1 120  69 132  -1 218 277  83  -1  -1  73 114  -1  -1  -1  -1  -1  76  81  -1  -1  -1 217  -1 
 21  -1  -1 258  -1  -1  -1  -1 248  -1  -1  -1 115  -1  -1  -1  84  -1  -1  -1  -1  -1  -1 212  78  -1 
 22  -1 152  -1 254  -1  37 128  79  -1 220  -1  56  -1 154  -1  -1  28  -1  -1  -1  -1  -1  -1  -1  -1 
 23  -1  -1 135  -1  -1  -1   0 234  -1  -1  -1 148 148  22  -1  -1  -1  -1  -1  -1  -1  -1  -1  -1  -1 
 24  -1  -1  87  -1  -1  -1  -1  -1  -1 263  -1  -1  -1  -1  -1  -1  -1  -1  -1  -1  -1  -1  -1  -1  -1 
 25  -1  -1  -1 211  -1 219  -1  -1  -1  -1  -1  -1  -1  -1  -1  -1 291  -1  -1  -1  -1  35  -1  -1  -1 
 26  -1  60  60  66  -1  -1  -1  -1  -1  -1  -1 170 165  59  -1  -1  -1  -1 106  -1  -1  62 249  58  -1 
 27  -1 192 192  47  -1  -1 121  -1 235 127  -1 290  -1  -1  -1  -1  -1  -1  -1  -1  -1  -1  -1  44  -1 
 28  -1 302 208 261  -1  -1 233  -1 123  -1  -1  -1  23  -1  -1  -1 122  -1  -1  -1  -1  -1  -1  -1  -1 
 29  -1  -1  -1  12  -1  -1  -1 194  -1  -1  -1  -1  -1  -1  -1  -1  -1 303 169  -1  45  -1  -1  -1  -1 
 30   4   4  24  -1  -1  -1  19  19  19  -1  -1  -1  -1  30  -1  -1  17  17  -1  -1  -1  -1  -1   2   2 
 31  -1  -1  -1  -1  -1  -1  -1  -1  -1  -1  -1  -1  -1  -1  -1  -1  -1  31  31  31  -1  -1  -1  -1  -1 
 32  46  46  -1  -1  -1  61  61  68  48  48  -1  -1  -1  -1  -1  -1  63  63  63  -1  -1  74  -1  -1  -1 
 33  -1  -1  -1  -1  -1  -1  -1  -1  -1  -1  -1  -1  75  75  75  -1  -1  -1  -1  -1  -1  -1  -1  -1  -1 
 34 107 107 107  -1  -1  -1  -1  -1  90  90  -1  92  92 118  -1 105 105  -1  -1  -1  -1  -1 112  -1  -1 
 35  -1  -1  -1  -1  -1  -1  -1  -1  -1  -1  -1  -1  -1  -1  -1 119 119 119  -1  -1  -1  -1  -1  -1  -1 
 36  -1  -1  -1 156  -1  -1 136 136  -1  -1 134 134 162  -1  -1  -1 151 151 151  -1 149 149  -1  -1  -1 
 37  -1  -1  -1  -1  -1  -1  -1  -1  -1  -1  -1  -1  -1  -1  -1  -1  -1  -1  -1  -1 163 163 163  -1  -1 
 38 180 180  -1  -1  -1  -1 200 206  -1  -1  -1 195 195 195  -1  -1  -1  -1  -1  -1 193 193  -1 178 178 
 39  -1  -1  -1  -1  -1  -1  -1  -1  -1  -1  -1  -1  -1  -1  -1  -1  -1 207 207 207  -1  -1  -1  -1  -1 
 40 224 224  -1  -1  -1  -1 222 222  -1  -1  -1 237 237  -1  -1 239 239 239 250  -1  -1 244  -1  -1  -1 
 41  -1  -1  -1  -1  -1  -1  -1  -1  -1  -1 251 251 251  -1  -1  -1  -1  -1  -1  -1  -1  -1  -1  -1  -1 
 42 266 266  -1  -1  -1  -1 268 268  -1  -1  -1  -1  -1 288  -1 283 283 283 294  -1 281 281  -1  -1  -1 
 43  -1  -1  -1  -1  -1  -1  -1  -1  -1  -1  -1  -1  -1  -1  -1  -1  -1  -1  -1  -1  -1 295 295 295  -1 
 44  -1  -1  -1 139  -1  -1  -1  -1  -1  11  -1 270  -1  -1 109  -1  -1  -1  -1  -1  94  -1  -1 230  -1 
 45 143  -1  -1 231  -1   7  -1  -1 142 186  -1  10  -1  -1 310  -1  -1  -1  -1  -1 229  -1  -1  -1  -1 
 46  -1  96 153  -1   9  -1  50  -1 272  -1  -1  -1  -1  -1  -1  -1  -1  -1  -1  -1  -1  -1 311  -1  99 
 47  -1  -1 187  -1  -1  -1  -1  -1  -1  -1  49  -1  -1  -1  -1  -1  -1  -1  -1  -1  -1 309  -1  -1  -1 
 48  -1  -1 228  -1  -1 225  -1  -1  -1  -1  -1  52  -1  -1  -1  -1  -1  -1 241  -1  -1  -1  -1  -1  55 
 49  -1  -1   5  -1  54  -1  -1  -1 184 273  -1  -1 226  -1  -1  -1 313 308  -1 312 185  -1  -1  -1  -1 
 50  -1  -1  -1  -1  -1  -1 182  -1  -1  -1  -1  -1  -1 315  -1 316  -1  -1  -1  -1 275  -1  65 141 137 
 51  -1  -1  -1  -1 183  -1  -1  53  -1  -1 269  -1 140  -1  -1  -1  -1  -1  -1  -1  -1  21  -1  -1  -1 
 52  -1  -1 274 181  97  -1  98  -1 227 138  -1  -1  -1  -1  -1  -1  -1  -1 314  -1  -1  -1 197  -1 285 
 53  -1  -1  51   8 271  -1  -1  95  -1  -1  93  -1  -1  -1  -1  -1  -1  -1  -1  -1   6  -1  -1  -1  -1 

r\t   0   1   2   3   4   5   6   7   8   9  10  11  12  13  14  15  16  17  18  19  20  21  22  23  24 
  0  -1  -1  -1  -1  -1  -1  -1 124 210  -1  -1  -1  -1  -1  -1  -1  -1  -1 161  -1  -1  -1  87  69  -1 
  1  -1  -1  -1 234  -1  -1  -1 125  -1 213  -1 204  -1  12  -1  -1 278  44  -1 171  -1  -1  -1  -1  -1 
  2  -1  -1 110 282  -1  -1 111  -1  -1  -1  -1  -1  -1  -1  -1 177  -1  56  18  -1  -1  -1  84  -1  -1 
  3  -1  -1  -1  -1  -1  -1  -1  -1 232  -1  -1  -1 297 106  -1  -1  16  16  -1  -1  -1  -1 150 203  -1 
  4  -1 130 289  -1  -1  -1  -1  -1  -1  -1  -1  -1  -1 301  -1 220  -1  -1  32  -1  -1 157  -1 146   1 
  5  -1  -1  29 245  -1  -1  -1  -1 279  -1  -1  -1 121  -1  -1  -1 114  -1 108  -1  -1  -1  -1  20  -1 
  6  -1  -1  -1  -1  -1  -1  -1  -1 167  -1  -1 291 194  77  -1  -1  -1  -1 247  -1  -1  -1  -1  -1  -1 
  7  -1  -1  23 102  -1  -1  -1  -1  -1  -1  -1  -1 303  -1  -1  -1  -1 198  66  85  -1  -1  -1  -1  -1 
  8  -1  -1  -1  -1  -1  -1  -1  34  -1  -1  -1  -1  -1  -1 175  -1  -1  28  -1  -1  -1  -1  -1  -1  -1 
  9  -1  -1  -1  45  -1  -1  -1  -1 216  -1  -1  -1  -1  -1  39  -1  80 307 188  -1  -1  -1 246  -1  -1 
 10  -1  -1  -1 267  -1  -1  -1  -1  -1  -1  -1  -1  -1  -1  -1  -1  58  -1  -1  -1  -1  -1 122  -1  -1 
 11  -1 205 242 133  -1  -1  -1 159  14  -1  -1 165  83  -1  -1  -1  -1  -1  -1  -1  -1  -1  -1 299  -1 
 12  -1  -1 263  -1  -1  91 260  -1 219  -1  -1   0  -1  -1  -1  -1  -1 290 277  -1  -1  82  -1 236 236 
 13  -1  -1  -1  -1  -1  -1  86  -1  33  -1  -1  -1  -1  -1  -1  -1  -1 209  -1  -1  -1 169  67  -1  -1 
 14  -1  62  42  -1  -1  -1  -1  -1 190  -1  -1  -1  -1  -1  -1  -1  -1 223  -1 218  -1  -1  -1  -1  -1 
 15  -1 276 113  -1  -1  -1  -1  -1 100  -1 132 189  -1 123  -1  -1 300 115  -1  -1  -1 221  -1  -1  -1 
 16  -1  -1  -1 152  -1  -1  27  -1 217  -1  -1  25  -1  -1  -1  -1 248  -1  72  -1  -1  -1 238  -1  -1 
 17  -1 243  -1  35  -1  -1  36  13 259  -1  -1 257  -1 293  -1  -1 104 104 148 148  -1  -1  73  -1 176 
 18  -1  -1 160  -1 215  -1  -1  -1  -1  -1  -1  88  -1  -1  -1  -1  -1 265  -1  -1  -1  -1  -1  -1  -1 
 19  -1  -1 196 298  -1  -1  -1  -1  70  -1  -1 116  -1  -1  -1  -1  37 284 261  41  -1  -1 296 254  -1 
 20  -1  -1 131  -1  -1  -1  -1  -1  38 135  -1  -1  -1 164  -1  -1 212  -1 233  -1  -1 145  -1  -1 262 
 21  -1 154 155  -1  -1 172 170  -1 256  -1  -1  -1  -1  -1  -1  -1 235  -1  -1  -1  -1 173  -1  -1  -1 
 22  -1 302 253  -1  -1  -1 158 129 117  -1  -1  -1  26  60  60  -1 191  43 201  -1  -1  -1 202  57  -1 
 23  -1  -1  -1  -1  -1  -1 192 192  -1  -1  -1 240  -1  -1  -1  -1  -1  -1  -1  -1  -1  -1 166  -1  -1 
 24  -1  22  -1  -1 214  -1  -1 147  81  -1  -1 255  -1  -1  -1  -1  -1 179   3  -1  -1  -1  -1  -1  -1 
 25  -1  -1  -1 168  -1  -1  -1  -1 144  -1  -1  -1  -1 287  -1  -1  -1  -1  -1  -1  -1  59  -1 280 280 
 26  -1  -1  -1  -1  -1  -1  -1  -1  -1  -1  -1  76  -1  -1 304  -1  -1  -1  -1  -1  -1 292  -1  -1  -1 
 27  -1  -1  -1  15  -1  -1 211 103  -1  -1  -1  -1  -1  -1  -1  -1 264  -1 128  -1  -1  -1 126  -1  -1 
 28  -1 306  78  -1  -1  -1 249  -1 174  -1 258  -1 208  71  -1  -1 127  -1  -1  40  -1 101  -1  -1 305 
 29  -1 120  -1  -1  89  -1  -1 252  64  -1  -1  -1  -1 199  -1  -1  -1  -1  47  -1  -1  79 286  -1  -1 
 30  -1  -1  -1   4   4  -1  -1  -1   2   2  19  19  19  30  -1  -1  24  -1  -1  -1  17  17  -1  -1  -1 
 31  -1  -1  -1  -1  -1  -1  -1  -1  -1  -1  -1  -1  -1  -1  -1  -1  -1  -1  -1  -1  -1  31  31  31  -1 
 32  -1  74  -1  -1  -1  -1  61  61  -1  -1  63  63  63  -1  -1  -1  -1  68  -1  -1  48  48  -1  46  46 
 33  -1  -1  -1  -1  -1  75  75  75  -1  -1  -1  -1  -1  -1  -1  -1  -1  -1  -1  -1  -1  -1  -1  -1  -1 
 34  -1  -1  -1  -1  -1  -1 112  -1  -1  -1 107 107 107  -1  -1  -1  92  92 118  -1  90  90  -1 105 105 
 35  -1  -1  -1  -1  -1  -1  -1  -1  -1  -1  -1  -1  -1  -1  -1  -1  -1  -1  -1  -1  -1  -1 119 119 119 
 36  -1 156  -1  -1  -1  -1  -1 136 136  -1  -1 162 151 151 151 149 149  -1  -1  -1 134 134  -1  -1  -1 
 37  -1  -1  -1  -1  -1  -1  -1  -1  -1  -1  -1  -1  -1  -1  -1 163 163 163  -1  -1  -1  -1  -1  -1  -1 
 38  -1  -1  -1 193 193  -1  -1 200 180 180 178 178  -1 206  -1  -1  -1  -1  -1  -1 195 195 195  -1  -1 
 39  -1  -1 207 207 207  -1  -1  -1  -1  -1  -1  -1  -1  -1  -1  -1  -1  -1  -1  -1  -1  -1  -1  -1  -1 
 40  -1 250  -1  -1  -1 239 239 239  -1  -1 222 222  -1 237 237  -1  -1 244  -1  -1  -1  -1  -1 224 224 
 41  -1  -1  -1  -1  -1  -1  -1  -1  -1  -1  -1  -1 251 251 251  -1  -1  -1  -1  -1  -1  -1  -1  -1  -1 
 42  -1  -1 288  -1  -1  -1 281 281 294  -1 283 283 283  -1  -1  -1  -1  -1  -1  -1 266 266  -1 268 268 
 43  -1  -1  -1  -1  -1 295 295 295  -1  -1  -1  -1  -1  -1  -1  -1  -1  -1  -1  -1  -1  -1  -1  -1  -1 
 44  -1  -1  -1  -1  -1  -1  -1  52 273  -1  -1  -1  -1  -1  -1  97   5  -1  -1 314  -1  -1  -1  -1  -1 
 45  -1 109  -1  -1 138  -1  -1   8  53  -1  -1  -1  -1 312  -1 271 186 241 274  -1  -1  -1  -1 139  -1 
 46  -1  -1  -1  -1  -1  -1  21  -1  -1  99  -1  -1  -1  -1  -1  -1  -1  -1 230  -1  -1  -1  -1  -1  -1 
 47  -1 311 285 181  -1  -1  -1 187  95 231  -1  -1  -1  -1  -1  -1  -1  -1  98  -1 225  10  -1 182  -1 
 48  -1  -1  -1  -1  -1  -1  -1  93  -1 269  -1 270  -1  -1  -1  -1  -1   6  -1  -1   9  -1  -1  94  -1 
 49  -1  -1  65  -1 275  -1  -1  -1  -1  -1  -1  -1  -1  -1  -1  -1  -1  -1  -1  -1  -1 183  -1  -1  -1 
 50  -1  -1 309  -1  -1  11 153 272  -1  54  -1 142  -1  -1  -1  -1  -1  -1 137  -1  -1  -1  -1  -1  -1 
 51  -1  -1  -1 226  -1 140  -1  -1 227  -1  -1  -1  -1  -1  -1  55  49  -1  -1  -1  -1  -1 315  -1  -1 
 52  -1  -1  -1  96  50  -1  -1  -1  -1  -1  -1  -1 308  -1 310  -1 228  -1 184  -1  -1  -1  -1  -1  -1 
 53 316 197  -1  -1 229 185 313  -1  -1  -1  -1  51  -1  -1  -1   7 141  -1  -1  -1  -1  -1  -1  -1 143 

r\t   0   1   2   3   4   5   6   7   8   9  10  11  12  13  14  15  16  17  18  19  20  21  22  23  24 
  0  -1  35  -1 171  -1  -1  -1 211  -1  -1  -1  -1  -1  36  -1  -1 256  -1 116  45  -1  -1  -1  -1  -1 
  1  -1  -1 307  -1  -1  -1  -1  -1  81  -1  -1 253  -1 115  -1  -1  -1  -1  -1  -1  -1  -1 291  13  -1 
  2  -1  -1  -1 243  85  -1 277  -1 117  -1  -1  76  -1  -1 306  43 219 303  -1  37  -1  -1  -1 209  -1 
  3  -1  -1 121  -1  -1  16  16  -1   1  -1  -1 259 175  -1  -1  -1 157 167 111 176  38  -1  -1 246  -1 
  4  -1  -1 300 199  -1  84  -1  -1  -1 135  -1  -1 262 164  -1  -1  -1  -1  -1  -1  -1 292 125 297  -1 
  5  -1   0 173 147  -1  -1  -1  -1  -1  -1  -1  -1  -1  -1  -1  -1  -1 252  -1  -1  -1  32  -1  -1  -1 
  6  -1  -1  -1  -1  -1  -1  -1 110  -1  -1  -1 236 236  -1  -1  -1  -1  -1  67  42  -1  -1  25  58  -1 
  7  -1 170  -1 257  -1  -1  -1  -1  -1  -1  -1  12  -1 279  -1  -1  -1  -1  39  -1  -1  -1  -1  -1  -1 
  8  -1  -1  23 290  -1  -1 158  -1  -1  -1  -1 205  -1  -1  -1  -1  -1  -1  -1  -1  -1 169  -1  -1  -1 
  9  -1  15  -1  -1  -1  -1 258  -1  -1  -1 223  -1 302  -1  -1  -1  -1 263  80  -1  -1  -1  -1  -1  -1 
 10  -1  -1  -1  72  -1  -1  -1  -1 240  -1  -1  33  -1  -1  -1  -1 189  -1  -1  -1  -1  -1  -1  -1  -1 
 11  -1 161  -1  -1  -1  -1  -1  -1  -1  -1  -1  -1  -1  -1  -1  -1  -1 284  -1  -1  -1  14  73  -1  -1 
 12 220 202  -1  22  41  -1  -1  18  -1  -1  -1  -1 179 305  -1  -1  -1  -1  -1  -1  -1  -1  -1  -1  -1 
 13  -1 276  77 217  40  -1  -1  -1 282  -1 130 192 192  -1  -1  -1  -1  -1  -1  -1  -1 160  -1  -1  -1 
 14  -1  -1  -1  -1  -1  -1 196  -1 267  -1  -1 280 280 232  -1  -1  -1  -1  -1  -1  -1 235  -1  -1  -1 
 15  -1  -1  -1  34  -1  -1  -1  -1  -1  -1  -1  -1 289 144  -1  -1  -1  -1 260  -1 221  -1  -1  -1  -1 
 16  -1  -1 248  -1  -1  -1 210  -1 216  -1  -1  -1 201  -1  -1  -1  -1  -1  -1  -1  -1  -1  -1  79  -1 
 17  -1  -1  -1  -1  -1  -1  -1  -1  -1  -1  -1  -1  88  -1 172  -1  -1  -1 203  -1  -1  -1  -1 191  -1 
 18  -1  -1  -1  -1  -1  -1  -1 154 215  -1 177  -1  -1 298  -1  -1 287  -1 194  -1 213  -1  -1  -1  -1 
 19  -1 146 152 204  -1  -1  -1  -1 296  -1  -1  -1 166  -1  -1  -1  66  -1 155  89 131  -1  -1  -1  -1 
 20 265 100 286  -1  -1  83  -1  -1 148 148  -1  -1  28  -1  -1  -1  -1 218  -1  -1  -1  69  -1  -1  -1 
 21  -1 113 238  -1  -1  -1 133 214 108  -1  -1  -1  -1  27  -1  -1 208  -1  -1  -1  -1 122  -1  -1  86 
 22 127  71 128  -1  -1  -1 299  87  78  -1  -1  -1  -1  -1  -1  -1  -1  62 249  -1  -1  -1  -1 126  -1 
 23  -1 247  -1  -1  -1  -1 124  -1 255  -1  -1  -1  -1  -1  -1  -1  -1 106  -1  -1 129  -1  -1  -1  -1 
 24  -1  -1  -1  -1  -1  -1  -1 198  56  -1  -1  -1  59  -1  -1 132 123  -1  -1  -1  -1 264 165  -1  -1 
 25  -1 233  -1  -1  -1  -1   3  -1  26  -1  -1 159 114 254  -1  -1 102  -1  -1  -1  -1  44 103 234  -1 
 26  -1  -1  -1  -1  -1  -1  -1  -1 188  91  -1  -1 145  -1  -1  -1 150  -1  -1 301  82 304 242  -1  -1 
 27  -1  -1  -1  64  -1  -1  47 278  -1  -1  -1  -1 293  -1  -1  -1  -1  -1  -1  -1  -1  -1  -1  -1  -1 
 28  -1  -1  -1  -1  -1  -1 101 168  -1  -1  -1 104 104 212  -1  -1  -1  -1  -1  -1  -1  -1  -1  -1  -1 
 29  -1  -1  29 120  -1  -1 174  -1 261  -1  60  60 245 190  -1  -1  70  -1  20  -1  -1  57  -1  -1  -1 
 30  -1  -1  -1  -1  -1  -1  -1  30  -1  -1   2   2  19  19  19  -1  17  17  -1  -1   4   4  -1  24  -1 
 31  -1  -1  -1  -1  -1  -1  -1  -1  -1  -1  -1  -1  -1  -1  -1  -1  31  31  31  -1  -1  -1  -1  -1  -1 
 32  63  63  63  -1  -1  61  61  74  46  46  48  48  -1  -1  -1  -1  -1  68  -1  -1  -1  -1  -1  -1  -1 
 33  -1  -1  -1  -1  -1  -1  -1  -1  -1  -1  -1  -1  75  75  75  -1  -1  -1  -1  -1  -1  -1  -1  -1  -1 
 34  -1  -1 107 107 107  92  92 112  -1  -1  -1 118  -1  -1  -1  -1  -1  -1  -1  -1 105 105  -1  90  90 
 35  -1  -1  -1  -1  -1  -1  -1  -1  -1  -1  -1  -1  -1  -1  -1  -1  -1  -1  -1  -1 119 119 119  -1  -1 
 36 134 134  -1  -1  -1  -1  -1  -1  -1  -1 149 149 136 136  -1  -1  -1  -1 156  -1 151 151 151 162  -1 
 37  -1  -1 163 163 163  -1  -1  -1  -1  -1  -1  -1  -1  -1  -1  -1  -1  -1  -1  -1  -1  -1  -1  -1  -1 
 38 195 195 195  -1  -1 180 180  -1 200  -1  -1  -1  -1  -1  -1  -1  -1 206  -1  -1 193 193  -1 178 178 
 39  -1  -1  -1  -1  -1  -1  -1  -1  -1  -1  -1  -1  -1  -1  -1  -1  -1  -1  -1  -1 207 207 207  -1  -1 
 40  -1  -1  -1 244  -1  -1 237 237  -1  -1  -1  -1 224 224  -1  -1  -1 239 239 239  -1 250  -1 222 222 
 41  -1  -1  -1  -1  -1 251 251 251  -1  -1  -1  -1  -1  -1  -1  -1  -1  -1  -1  -1  -1  -1  -1  -1  -1 
 42  -1  -1  -1  -1  -1  -1  -1 288  -1  -1 268 268 266 266  -1  -1 294  -1 281 281  -1  -1 283 283 283 
 43  -1  -1  -1  -1  -1  -1  -1  -1  -1  -1  -1  -1  -1  -1  -1  -1  -1 295 295 295  -1  -1  -1  -1  -1 
 44  -1  -1  -1  -1  -1  -1  -1  -1 183  -1  -1 184  -1  -1  -1  95 313  -1  -1  -1  -1  -1  -1  -1  -1 
 45   5  -1  -1  -1  -1  -1  -1  -1 139  -1 140  -1  -1 186  -1 231  -1  -1  -1  -1  -1  -1  -1 141  -1 
 46  -1  -1 310  -1  -1 138 226  -1  -1  -1  99 228  -1  -1  -1 187  -1  -1  -1  -1  -1 227  -1  -1 137 
 47  -1  96  -1  -1  -1 271  -1  -1 230  -1  -1  -1  53  -1  -1  11 241 314 312   7  55  -1  -1  51  -1 
 48  -1  52  -1  -1  -1  49  -1  -1  94 269  -1  -1  -1  -1  -1  -1  -1  -1  -1  -1 274  -1  -1 273  -1 
 49  -1  -1  -1  -1  -1  -1 272  -1  -1 109  -1  97  -1  -1  -1 275  -1  -1  -1  -1  -1 181  -1  -1  54 
 50  -1 270  -1 285  -1  -1  -1  -1  -1 225  -1  -1  -1  93  -1  50  -1  -1  -1  -1  -1  -1  21  -1  -1 
 51  98 229  -1  -1 316   6  -1  -1  -1   9  -1  -1  -1  -1 311  -1  -1 153  -1  -1  -1  -1  -1  10   8 
 52  -1 182  -1 309  -1  -1  -1 315  -1 185  -1 142  -1  -1  -1  -1  -1  -1  -1 143  -1  -1  65  -1  -1 
 53  -1  -1  -1  -1  -1  -1  -1  -1  -1  -1  -1  -1  -1  -1  -1  -1  -1 197  -1  -1  -1  -1 308  -1  -1 

r\t   0   1   2   3   4   5   6   7   8   9  10  11  12  13  14  15  16  17  18  19  20  21  22  23  24 
  0  -1  -1  -1  -1  -1  -1  -1  27  78  -1  -1 217 210  -1  -1  -1 128  -1  -1  40  -1  -1  26   1  -1 
  1  45 126  -1  -1  -1  -1  -1 152  -1  -1  -1  -1  73  -1  -1  -1  -1  -1 113  -1  -1  -1  -1 158  -1 
  2 220  -1  -1 302  -1  -1  -1 133  -1 307  -1  88  -1  -1  42  -1  -1  -1  -1  -1  -1  -1  -1  -1  -1 
  3  -1  -1  -1  66  -1  -1  -1  -1  -1  -1 287 168  43 280 280  -1  -1  -1 267 263 301  -1  -1  -1  -1 
  4  -1  -1  -1  -1  -1  -1  -1  -1  -1  -1  -1 211  -1  -1  81  -1  -1  -1 205  -1  -1 258  -1  -1  -1 
  5 257  58  -1  20  -1  -1  -1 284  -1  -1  -1  -1 125 189  -1  -1  -1  -1 131  -1  -1  -1  -1 144  -1 
  6  -1 167  -1 155  -1  -1  -1  -1 165  -1  -1  -1 265  -1  -1  -1  -1  -1  -1  -1  -1  -1  -1 108 199 
  7  -1  -1  -1  -1  -1  -1  -1  -1  -1  -1  -1  -1 256 208  -1 170  70  -1 161  -1 216  -1  -1 261  -1 
  8  -1  -1  -1 278  -1  -1  -1 175  -1  -1  -1 233 123  67  -1  -1  -1  -1  -1  -1  -1 201  -1  -1  -1 
  9  -1  -1  -1  -1  -1  -1  -1  56  -1 305 215 214  -1   0 127  -1 202  -1 102  -1  -1  -1  -1 255  -1 
 10  -1  -1 296  -1  -1  -1  62 203 103  -1  -1  -1 259  47  -1  -1 101  -1  -1  -1  22 298  -1 204  -1 
 11 132  -1  -1  -1  -1  -1  -1  -1  -1  -1  -1  -1  -1  -1  -1 177  -1  -1  -1  -1  -1 159  -1  -1  -1 
 12  -1 100 169  -1  -1  -1 242 240  -1  -1  84  -1 219 166  -1  -1  -1  34  -1 130  -1  44  -1  76  -1 
 13  -1 150  -1 111  -1 221  -1  -1  -1 129  -1  -1  -1 116  -1  -1  -1  -1  13  -1  -1  -1  -1 114  -1 
 14  91  -1  -1  -1  -1  -1 154  -1  -1  -1  -1 104 104  -1  -1  -1  -1  -1  64  -1  -1  -1  -1  -1 171 
 15  -1 292  72  -1  -1 198  -1 122  33  -1  -1 121  -1  -1  -1  -1  86  -1  -1  -1 262  -1 289 279  -1 
 16 303  -1 157 299  -1  -1  -1  -1 238  -1  -1  -1   3  69  -1  -1  14  -1  -1  -1  -1  -1  -1  -1  -1 
 17  -1  -1  -1  -1  -1  -1  -1  85 209  -1  -1  -1 234  32  -1  -1 293  -1 147  -1  -1  77  -1  -1  -1 
 18  -1  29  -1  -1  -1  -1  -1  -1  -1  -1  -1  -1  -1  -1  -1  -1 253 245  -1  41  -1 115  -1  -1  -1 
 19  -1  -1  -1 243  -1  -1  82  -1 276  -1  -1 148 148  37  -1  -1  -1  -1  -1  -1  -1  -1  -1  -1  -1 
 20  -1 277  -1  -1  -1  -1  -1  -1 246  -1  -1  79  -1  -1  -1  -1  -1 297 291  -1  -1  -1  23 236 236 
 21 172  -1 110  -1 306 179 160  -1  36  -1  -1  -1  18  -1 213  38 120  -1 282  -1  -1  -1  -1  87  -1 
 22  -1 247 117  -1  -1  -1  -1  -1  83 176  60  60 300  16  16  -1 190  -1  -1  -1  -1  -1  -1  -1  -1 
 23  -1  -1  -1  -1  -1  -1  -1  -1  -1  -1  -1  -1  -1 145  -1  -1  28  -1  -1  -1  -1  -1  -1  89  -1 
 24  -1  -1 248  -1  -1  -1 254  -1  -1  -1  -1 252 260 235  -1  -1  -1  -1  -1  -1  -1  -1 164  -1  -1 
 25  -1  80  -1  -1  -1  -1 290 264  -1  -1  -1  -1  -1 249  -1  -1  -1  -1 232  -1  -1  -1 124  -1  -1 
 26  -1  -1  -1  -1  -1  -1  -1  -1  59 304  -1  -1  25  -1  -1  -1  -1  -1  35  -1  -1  -1 212  -1  -1 
 27  -1 135 286  -1  -1  -1  -1  -1 146  -1  -1  -1  -1  -1  -1  -1  -1 194  -1  -1  -1  -1  -1  -1  -1 
 28 173  -1  -1 191  -1  -1 192 192 223 218  -1  -1  57  -1  -1  -1  -1  -1  -1  -1  -1  15  -1  -1 106 
 29  -1 196  39  -1  -1  -1  -1  -1  12 174  -1  -1  -1  -1  -1  -1  -1  -1 188  -1  -1  71  -1  -1  -1 
 30  -1  17  17  -1  -1  19  19  19   4   4  -1  24  -1  -1  -1  -1  -1  -1   2   2  -1  30  -1  -1  -1 
 31  -1  -1  31  31  31  -1  -1  -1  -1  -1  -1  -1  -1  -1  -1  -1  -1  -1  -1  -1  -1  -1  -1  -1  -1 
 32  -1  -1  -1  68  -1  -1  74  46  46  -1  -1  48  48  -1  -1  -1  61  61  -1  -1  -1  63  63  63  -1 
 33  -1  -1  -1  -1  -1  -1  -1  -1  -1  -1  -1  -1  -1  -1  -1  -1  -1  75  75  75  -1  -1  -1  -1  -1 
 34  -1 112  -1 118  -1  -1 105 105  -1  -1  -1  -1  -1  -1  -1  90  90  -1  92  92 107 107 107  -1  -1 
 35  -1  -1  -1  -1  -1  -1 119 119 119  -1  -1  -1  -1  -1  -1  -1  -1  -1  -1  -1  -1  -1  -1  -1  -1 
 36  -1  -1  -1 156  -1  -1  -1  -1 162  -1  -1 134 134  -1  -1  -1 149 149 136 136 151 151 151  -1  -1 
 37  -1  -1  -1  -1  -1  -1  -1  -1  -1  -1  -1  -1  -1  -1  -1 163 163 163  -1  -1  -1  -1  -1  -1  -1 
 38  -1  -1  -1  -1  -1  -1 200 178 178  -1 193 193 180 180  -1  -1  -1 206  -1  -1  -1 195 195 195  -1 
 39  -1 207 207 207  -1  -1  -1  -1  -1  -1  -1  -1  -1  -1  -1  -1  -1  -1  -1  -1  -1  -1  -1  -1  -1 
 40  -1  -1  -1 244  -1  -1  -1  -1  -1  -1  -1 224 224 222 222 239 239 239 250  -1 237 237  -1  -1  -1 
 41  -1  -1  -1  -1  -1  -1  -1  -1  -1  -1  -1  -1  -1  -1  -1  -1  -1  -1  -1  -1 251 251 251  -1  -1 
 42 268 268  -1  -1  -1  -1  -1 294 266 266  -1  -1  -1 288  -1 283 283 283  -1  -1  -1 281 281  -1  -1 
 43  -1  -1  -1  -1  -1  -1  -1  -1  -1  -1  -1  -1  -1  -1  -1  -1  -1  -1  -1  -1  -1  -1 295 295 295 
 44  -1  -1  65  -1 197  -1  -1  -1  -1  -1  -1   6  93  -1  -1   8  11  -1  -1  -1  -1 272  -1  -1  -1 
 45  -1  -1  -1  -1  -1  -1  -1  -1  -1  95  -1  -1  -1  99  97  -1  -1  -1 181 186  -1  96  -1  -1  -1 
 46  -1   5  -1  -1  -1  -1  -1  -1  -1  -1  -1  -1  -1  -1  55  53  51  -1  -1  -1  -1 228  -1 230  -1 
 47  -1  -1  -1  -1 310  -1 315  -1  -1  54  -1 269  -1  -1  -1  -1 183  -1  -1 273  -1  -1  -1  -1  -1 
 48   7  98 309  -1  -1 138  -1  -1  -1 143 311  -1  -1  -1   9  -1  -1 313  -1  -1 316  10  -1  -1  -1 
 49 184  -1 153  -1  -1  49  -1  -1  -1  -1  -1  -1  -1  -1 140  -1  -1 109  -1  -1  -1  -1  -1 270  -1 
 50  -1  -1  -1 308  -1 274  -1  -1  -1 229  -1  -1  -1  -1  -1  -1  -1  21  -1  -1  -1  -1  -1 142  -1 
 51  -1 227  -1  -1  -1  94 285  -1 139  -1  -1 187  -1 275 185  -1  -1  -1  -1  -1  -1  -1  -1  52 312 
 52  -1  -1 241  -1  -1  -1  -1  -1  -1  -1  -1  -1  -1  -1 271  -1  -1  -1 226  -1  -1 182 314  -1  -1 
 53  -1  50  -1  -1  -1  -1  -1 225  -1  -1  -1  -1  -1 137  -1  -1  -1  -1  -1 231  -1 141  -1  -1  -1 

r\t   0   1   2   3   4   5   6   7   8   9  10  11  12  13  14  15  16  17  18  19  20  21  22  23  24 
  0  -1 291 212  -1  -1  -1  33  58  -1  -1 127  -1  -1  -1  -1  -1  -1  -1  -1  -1  -1 261 190  -1  -1 
  1  -1  -1  -1  -1  -1  -1 247 161 179  -1  -1 104 104  -1  -1  -1 159  -1  71  -1  -1 284  -1 300  -1 
  2  -1  -1 126  -1  -1  -1  -1  -1 248  -1  -1  -1  -1  -1  -1  -1  -1 189 232  91 217 148 148  -1  -1 
  3  -1  -1  -1  -1  -1  -1  -1  -1  -1  -1  -1  -1  -1 233  -1  -1  -1  -1  -1  -1  -1  -1  -1  -1  -1 
  4  -1  -1 110  -1  -1  -1 278  -1 103  -1  -1  -1  -1  -1  -1  -1  -1  -1 108  -1  -1  -1 135 198  -1 
  5  -1 201  87  -1  -1  -1  -1  36  28  -1  -1  -1  -1  -1  -1  -1  -1  -1  88  -1  -1  -1  15  -1  -1 
  6  -1  -1  23  80  -1  -1  -1  78 194  -1  -1  -1  -1  -1  -1  -1  -1  -1  26  -1 176 122  -1  39  -1 
  7  -1  -1  -1  -1  -1  -1  -1 209  -1  -1 258  -1  -1  41  -1  -1  -1  -1  -1  -1 265  -1  -1 203  -1 
  8  -1  -1 129 101 175  -1 199  -1 302  -1  -1  -1  -1  -1  -1  -1  -1 208 264  -1  -1  -1  -1  -1  -1 
  9  -1  -1  -1  -1  -1  -1  -1  27   0  -1  -1  79  -1  -1  -1  -1  -1  -1  -1  -1  -1  -1 245  -1 262 
 10 223  -1  69  -1  -1  -1  -1  -1 282  -1 220  60  60 152  -1  -1  -1  -1  -1  -1  -1  -1 218 164  -1 
 11  -1  -1 128 240  -1  -1  -1  81 172  -1 177  -1  38  -1  42  -1  76 303 147  -1  -1  59  -1 165  -1 
 12  -1 117  -1 144  -1  -1  -1  -1  -1  -1  -1  -1 235  -1  -1  -1 296  -1  -1  -1  -1  -1  -1  66  -1 
 13  -1  -1 293 256  -1  -1  -1 132 267  -1  -1 234  -1  -1  -1  -1  -1 115 306  -1  -1  -1 276  -1  -1 
 14  -1 168 160 297  -1  -1  -1  -1  -1  -1  -1 205  -1  35  -1  -1 154  -1 191  -1  -1 157  -1 146  -1 
 15  -1  62  -1  -1  -1 219  -1 188  -1  -1  -1  -1  -1  -1  -1  -1 211 133  -1  -1  -1  -1  -1 111  -1 
 16  -1  70  -1  -1  -1  -1  12  -1 113  -1  -1  84  34  -1  18  -1  -1  -1 304  -1  -1 253  -1  -1 216 
 17  -1  -1  -1  45  -1  -1  -1  -1  -1 150  -1 131  14  82 125  -1  -1   3 255  -1  -1  43 173  -1  -1 
 18  -1  -1  25 204  -1  -1  -1 246  40  -1  -1  44  -1  -1  -1 155  -1 213  -1  -1  -1  -1 174 286  -1 
 19  -1  -1  -1  -1  -1  -1  -1  -1  -1  -1  -1  13  -1 196  -1  -1  -1  -1  -1  -1  -1  -1  -1  -1  -1 
 20  -1  47  -1 221  -1  -1 102  86  -1  -1  -1  -1  -1 279  -1  -1  -1  -1 280 280  -1  -1  -1  73  -1 
 21  -1  -1  -1  -1  -1  -1 120  -1  56  -1 170  -1  -1  -1  -1  -1  -1  -1 292  -1  -1  -1  -1  -1  -1 
 22  -1  -1  -1 124  -1  -1  85  -1 167  -1  -1  -1  -1  -1  -1  -1  -1  -1   1 106  -1  -1 290  -1  -1 
 23  -1 249  -1  -1  -1  -1 298  89 130  -1  -1  -1  -1  -1 305  83  -1  -1  -1  -1 236 236  -1 254  -1 
 24  -1 100  -1  16  16  -1 166  -1  -1 214 307 252  -1  -1  -1  -1  -1 158  -1  -1 192 192 202  -1  -1 
 25  -1  -1 263  -1  -1  -1  67  -1  -1  -1  -1  -1 121  72  -1  -1 287  -1  57  -1  -1  -1  64  -1  -1 
 26  -1  -1  -1  -1  -1  -1  -1 277  -1 257  -1  -1 171 289  -1  -1  -1 299  -1  -1  -1  -1  -1 215  -1 
 27  -1  -1  -1  -1  -1  -1  -1 145  -1  -1  37  29  -1 116  -1  -1  -1  -1  -1  -1  -1  -1  -1  20  -1 
 28  -1  32  -1  -1  -1  -1  -1  -1  -1 260  -1  -1  -1  -1  -1  -1  -1  -1 210  -1  -1  -1  -1 238  -1 
 29 242  -1 243 169  -1  -1  -1 259  -1  -1  -1 123  -1  -1  -1  -1 114 301  77  -1  -1  -1  -1  -1  22 
 30   4   4  -1  24  -1  -1  -1  19  19  19  -1  -1   2   2  -1  17  17  30  -1  -1  -1  -1  -1  -1  -1 
 31  -1  -1  -1  -1  -1  -1  -1  -1  -1  -1  -1  -1  -1  -1  -1  -1  -1  -1  -1  -1  -1  31  31  31  -1 
 32  -1  -1  -1  -1  -1  -1  74  48  48  -1  -1  -1  68  61  61  63  63  63  46  46  -1  -1  -1  -1  -1 
 33  -1  -1  -1  -1  -1  -1  -1  -1  -1  -1  -1  -1  -1  -1  -1  -1  -1  -1  -1  -1  75  75  75  -1  -1 
 34  -1  -1 112  92  92  -1  -1  -1  -1  -1  90  90  -1  -1  -1 107 107 107 118  -1  -1 105 105  -1  -1 
 35  -1  -1  -1  -1  -1  -1  -1  -1  -1  -1  -1  -1  -1  -1  -1  -1  -1  -1  -1  -1 119 119 119  -1  -1 
 36 151 151 151 156  -1  -1  -1  -1  -1  -1  -1 149 149  -1  -1  -1  -1  -1 134 134 136 136 162  -1  -1 
 37  -1  -1  -1  -1  -1  -1  -1  -1  -1  -1  -1 163 163 163  -1  -1  -1  -1  -1  -1  -1  -1  -1  -1  -1 
 38 195 195 195 178 178  -1 200  -1 206  -1  -1 193 193  -1  -1  -1  -1  -1 180 180  -1  -1  -1  -1  -1 
 39  -1  -1  -1  -1  -1  -1  -1  -1  -1  -1  -1  -1 207 207 207  -1  -1  -1  -1  -1  -1  -1  -1  -1  -1 
 40  -1  -1  -1  -1  -1  -1 239 239 239  -1  -1  -1 250 244  -1  -1 237 237 222 222  -1 224 224  -1  -1 
 41  -1  -1  -1  -1  -1  -1  -1  -1  -1  -1  -1  -1  -1  -1  -1 251 251 251  -1  -1  -1  -1  -1  -1  -1 
 42 266 266 283 283 283  -1  -1 294 288  -1  -1 281 281  -1  -1  -1  -1  -1  -1  -1  -1 268 268  -1  -1 
 43  -1  -1  -1  -1  -1  -1  -1  -1  -1  -1  -1 295 295 295  -1  -1  -1  -1  -1  -1  -1  -1  -1  -1  -1 
 44  -1 137  -1  -1  -1  -1  -1  -1  -1  -1 269 186  -1  51  -1  -1 197  -1  -1  -1 229  -1  -1 313 312 
 45  -1  -1  -1  -1  -1 309  -1  -1  -1  -1  -1  -1 273 142  -1  -1  -1 185  -1   7   8  -1  -1  -1  -1 
 46  -1  -1 315  -1   9  -1 308  -1 141  -1  -1  -1  49 270 310  -1  -1  -1  -1  -1  -1  53  -1  -1 285 
 47  -1  -1  65 274 225  -1  -1  -1  -1  -1  -1 231  -1  94  -1 314  -1  21  -1 271  -1  -1  -1  -1  -1 
 48  -1 230  -1  -1  -1 241  -1 181  -1 316  -1  -1  -1  -1  -1  -1 311  -1  -1  -1  -1  -1  -1  -1  -1 
 49  97  93  -1  -1 138 109 153 272  -1  -1  55  -1 183  -1  -1  -1  -1  -1  -1  -1  -1  -1 187  -1  -1 
 50  -1 184  -1 139  -1  -1  -1  -1  -1  -1 143  -1 228  -1  -1  -1  -1  -1  -1  -1  -1  10  -1  -1  -1 
 51  50  -1  -1  -1  -1  -1  -1 226  -1  -1  -1   6  99  -1  -1  -1  -1  -1  -1  -1  -1 182  -1  -1  -1 
 52  -1  -1  -1   5  54  -1  -1  -1  98  -1  11  -1  -1 227  -1  -1  -1  -1  -1  -1  -1  96  95  -1  -1 
 53  -1  -1  -1  -1  -1  -1  -1  -1  -1  -1  -1  -1 140  -1  -1  -1  -1 275  -1  -1  -1  -1  52  -1  -1 

r\t   0   1   2   3   4   5   6   7   8   9  10  11  12  13  14  15  16  17  18  19  20  21  22  23  24 
  0  -1 243 121  -1  -1 106 276  -1 175  -1  -1  -1  -1  -1  -1  -1 100 155  -1  -1  -1  -1  -1  -1  -1 
  1  22  -1  -1  -1  -1  -1 260  -1  -1  -1  -1  -1  -1 289  -1  -1  -1  -1  -1  -1  -1  -1  -1 191  -1 
  2  -1  60  60  -1  -1  -1  26  -1 188  -1  -1  -1  -1  -1  -1  -1  87  -1  -1  -1  -1  16  16 233  -1 
  3  -1 123  -1 297  -1  -1  -1 204 234  -1 263  -1  -1  -1  -1 257 205  43 113  -1  -1  -1  -1 255  -1 
  4  -1  23  -1 116  -1  -1  -1  -1  85  -1  -1  -1  -1 173  -1 265  -1  -1  77  -1  -1  -1 292  -1  -1 
  5  -1  33  -1  -1  -1  -1  57  -1  25  -1  -1  -1  -1 305  -1  -1  -1  -1  -1  -1  -1  91 161  -1  -1 
  6  -1  -1  -1  -1  41  18  -1  -1  -1 301  -1 212  -1 145  -1  -1 152 166  -1  -1  -1  -1  -1 130  -1 
  7  -1 110 293  -1  -1  -1 157 246  -1 216  -1 146 279  -1  -1  -1 158  -1 101  -1  -1  -1  -1 124  -1 
  8 304  -1  -1  -1 242  -1 129  -1  -1  -1  -1  -1  -1  -1  -1  -1  -1  -1  -1  -1  -1  -1 252  -1  -1 
  9  -1  -1  -1  -1  -1  -1  -1  88 128  -1  -1  -1  37  -1  -1  -1  -1  -1  -1  -1  -1 160  -1  -1  -1 
 10  67  36  -1  15  -1  -1 264  -1  -1  -1 267 245  38 302  -1  -1  29  86  -1  -1  -1  -1  -1  -1  -1 
 11  -1  -1  -1  -1  -1  -1 169  -1 147  -1  -1  -1  -1  -1  -1  -1  40  -1  -1  -1  -1  -1 210  81  -1 
 12 126 287  -1 104 104  -1  -1  -1 254  -1  -1  -1 165 253  -1  -1 133  -1  -1  -1 259 171  -1  -1  -1 
 13 217  -1  27  -1  -1  -1 208 194  56  -1 177  -1 248  -1  -1 236 236 300 284  -1  -1 214 102 168  -1 
 14  -1  -1  -1  69  -1  -1   1  -1  14  -1  -1  -1 307  -1  -1  -1  -1  -1  -1 132  -1  -1 235  -1  -1 
 15  -1  -1  -1  -1  -1  -1 115  -1  -1  -1  -1  -1  -1  -1  -1  -1  -1  72   0  45 192 192  -1 277  -1 
 16  -1  82  -1  -1  -1  -1  -1 179  -1  -1  -1  28  -1  -1  -1  -1 290  -1  -1 258  -1  -1  -1  -1  -1 
 17  -1  -1  -1 131  -1  -1 232 172  -1  -1  -1  -1  -1  -1  -1  -1  -1  -1 135  -1  -1  -1  -1  -1  -1 
 18  -1  -1 221  -1  -1  -1  -1  59  -1  -1  -1  -1  -1  -1  -1  -1 280 280  -1 261  -1  -1  -1  32  -1 
 19  -1  73 215  -1  -1  -1 190   3  -1  -1  -1  -1  -1 103  -1  -1  -1  -1  71  -1  -1  -1  -1  13  -1 
 20  -1  -1  -1  -1  -1  -1  -1  -1  -1 176  -1  -1  -1  -1  -1  -1  -1  -1  -1  -1  -1  42 262  -1 198 
 21  -1  -1 174  -1  -1  -1  -1  -1  -1  -1  -1  -1  -1 238  -1  -1 120  -1  12  -1  -1 211  -1  89  -1 
 22  -1 203  84  -1  -1 286  -1 240  -1  -1  -1 122  -1  62  -1  -1  -1  -1  47  -1  -1 144  34 299  -1 
 23  -1 199  79  -1  -1  -1  -1  -1  -1 170  -1  39  -1  20  -1  -1 247  -1  35  -1 220  -1  -1  64  -1 
 24  -1  -1 256  -1  -1  -1  -1 213  -1  -1  -1  -1  -1  -1  -1  -1  -1  -1  -1  -1  -1  -1 117  -1  -1 
 25  -1 306  -1 125  -1  -1 249  -1  -1  -1  -1  -1 201  -1  -1  -1  -1  -1 154  -1  -1 296  -1  -1  -1 
 26 219  -1  -1  -1 150  -1 298  -1  -1 223 127  -1  -1 209  -1 218  58  -1  -1  -1  83  -1  -1 108  -1 
 27  -1  -1  -1  -1  -1  -1 148 148 114  -1  -1  -1 303  -1 282  -1  44  -1  -1  -1  -1  -1  -1  -1  -1 
 28  -1 291  -1 202  -1  -1  -1  -1 167  -1  -1  76  70  -1  -1  -1  -1  -1 196  -1  -1  -1  -1  -1  -1 
 29  -1  -1 189  -1  -1  -1  -1  78 278  -1  -1 159 164  80  -1  -1  -1  66  -1  -1  -1 111  -1  -1  -1 
 30  -1  -1   4   4  -1  -1  -1  24  -1  -1  -1  17  17  -1  -1  19  19  19  -1  -1  -1  30   2   2  -1 
 31  -1  -1  -1  -1  -1  -1  -1  -1  -1  -1  -1  -1  31  31  31  -1  -1  -1  -1  -1  -1  -1  -1  -1  -1 
 32  -1  -1  46  46  -1  -1  48  48  74  -1  63  63  63  -1  -1  -1  68  -1  -1  -1  -1  61  61  -1  -1 
 33  -1  -1  -1  -1  -1  -1  -1  -1  -1  -1  -1  -1  -1  -1  -1  -1  -1  -1  -1  -1  -1  75  75  75  -1 
 34  -1  -1  -1  -1  -1  -1 107 107 107 118  -1 105 105  -1  -1  92  92  -1  90  90  -1 112  -1  -1  -1 
 35  -1  -1  -1  -1  -1  -1  -1  -1  -1  -1  -1  -1 119 119 119  -1  -1  -1  -1  -1  -1  -1  -1  -1  -1 
 36  -1 149 149  -1  -1  -1  -1 156 136 136 134 134  -1 162  -1  -1  -1  -1  -1  -1  -1  -1 151 151 151 
 37  -1 163 163 163  -1  -1  -1  -1  -1  -1  -1  -1  -1  -1  -1  -1  -1  -1  -1  -1  -1  -1  -1  -1  -1 
 38  -1  -1 178 178  -1  -1  -1  -1 206  -1  -1 195 195 195  -1  -1 193 193  -1  -1  -1 180 180 200  -1 
 39  -1  -1  -1  -1  -1  -1  -1  -1  -1  -1  -1  -1  -1  -1  -1  -1  -1 207 207 207  -1  -1  -1  -1  -1 
 40  -1 244  -1 250  -1  -1  -1 224 224  -1 239 239 239  -1  -1  -1  -1  -1 237 237  -1  -1 222 222  -1 
 41  -1  -1  -1  -1  -1  -1  -1  -1  -1  -1  -1  -1  -1  -1  -1  -1  -1 251 251 251  -1  -1  -1  -1  -1 
 42  -1  -1 283 283 283  -1  -1 294 288  -1  -1  -1  -1  -1  -1  -1  -1  -1 266 266 281 281 268 268  -1 
 43  -1  -1  -1  -1  -1  -1  -1  -1  -1  -1  -1 295 295 295  -1  -1  -1  -1  -1  -1  -1  -1  -1  -1  -1 
 44  -1  -1  93 142  -1  -1  -1  -1  -1  -1  -1 183  -1  -1  -1  -1  -1  -1  -1  -1  11  -1  -1  -1  -1 
 45  -1  -1  -1  -1  -1  -1 225 273  -1  -1  -1  -1  -1  -1  -1 229  -1  -1  -1  -1  -1 274  -1  -1  -1 
 46  -1  -1  -1 228 197  -1  -1  -1 269 275   5  53  -1  -1 310  -1  -1  -1  -1  -1  49  52  -1  -1 312 
 47 309  -1  -1  -1  -1  -1  -1  -1  -1  -1  -1 226  -1  -1  -1  -1 182  -1  -1  -1  -1  -1  -1 181  -1 
 48  -1 314  -1  98  -1  -1 186  -1  50  94  -1  -1  -1  -1  -1 187  -1  -1  65   8  -1   6  51  -1  -1 
 49  -1  -1  -1  -1  -1  -1  -1 137 184  54  -1  -1  -1  -1  -1  -1  -1  -1  -1  -1  99  -1  95  -1  -1 
 50  -1  -1  -1  -1 316  -1  -1  -1  -1  -1 285  -1 153  -1  -1  -1  -1  -1  -1  -1 139  -1  -1  -1 241 
 51  -1  -1 140  -1  -1  -1 138  -1  -1  -1  97  96  -1  -1  -1  -1 230  -1  -1  -1 271 141  -1  -1  -1 
 52  -1  -1  -1  -1  -1  -1  -1  -1   7   9  -1 270 308  -1  -1  55  -1 109 227  -1 185  -1  -1  -1  -1 
 53  -1  -1  -1  -1  -1 315  -1  21  -1  -1  -1  10  -1 311  -1 143 272 313  -1  -1  -1 231  -1  -1  -1 

r\t   0   1   2   3   4   5   6   7   8   9  10  11  12  13  14  15  16  17  18  19  20  21  22  23  24 
  0  -1 247 264 146  -1  -1 215  -1 205  -1  -1  -1  -1  39  -1 259  -1  -1 199  -1  -1  -1  -1   3  -1 
  1  -1  -1  72  -1  -1  -1  -1  -1  -1  -1  -1 198  -1  -1  -1  -1  -1  18 179  -1  -1 196 158  40  -1 
  2  -1  -1  -1 157  -1 286 280 280 287 304  -1  -1  -1  -1  -1  -1 284  35  -1  -1  -1  -1 122 234  -1 
  3  -1 145  -1  -1  -1  -1  -1  -1  -1  -1  -1  -1  -1  -1  -1 220  -1  -1  -1  -1  -1  -1  -1  -1  -1 
  4 214  -1 102  -1  -1  -1 218  -1 168  -1  -1  15  -1  -1  -1  -1  62 111  12  -1  -1  -1  -1  -1  -1 
  5  -1  82 221  -1  -1  -1 104 104 100  -1  -1  -1  -1 211  -1  -1  -1  -1  -1  -1  -1  -1  -1  -1  -1 
  6  -1  -1  -1 189  -1  -1 125  -1  -1  -1  -1  -1  -1  -1  -1  16  16  -1 124  -1  -1 291  -1  -1  -1 
  7  -1  -1  -1  -1  -1  -1 298 256  76  -1  -1  -1  -1  -1  -1 219  -1  -1  -1 110  -1 166  14  -1  -1 
  8  -1  -1  -1 209  -1  -1 116  -1  57  -1  -1  -1  -1  -1  -1  -1  88  -1  -1  -1  -1 148 148 297  -1 
  9   1  -1  -1  -1  -1  -1  -1  -1 262  -1  -1  -1  -1  -1  -1  -1 232 203  -1  -1  -1  43 254  -1  -1 
 10 265  -1  -1 299  -1  -1  -1  -1 171  -1  -1  -1  -1 113  -1  -1  -1  -1  -1  -1  -1  -1 292  58  -1 
 11  -1  60  60  -1  -1  -1 160 144  -1  -1  -1  -1  37 243  -1 132  -1  -1 278  -1  -1  -1  -1 126  -1 
 12  -1  -1 167  -1  -1  -1  -1  -1  20  -1 305  -1  81  64  -1  -1 208  -1  -1  -1  -1  -1  -1 133  -1 
 13 236 236  -1 108  -1  -1 147  -1 252  -1  -1  -1  -1  -1  -1  -1  -1 238 302  -1  -1  -1  -1 190  -1 
 14  -1 192 192  -1  -1  -1  71  -1  -1  -1  -1  -1 120  70  -1  -1  47  -1  -1  -1  -1  -1 204  -1  -1 
 15  -1  80 246  59  -1  -1 249 172  28  -1  -1  -1 213  -1  -1  -1  -1  -1 174  -1  -1  -1  -1 127  -1 
 16  -1 115 212  -1  -1  -1  -1  -1  -1  -1  -1  -1  -1  -1  -1  -1 117  -1 240  -1  -1  26 176  -1  -1 
 17  -1 130  -1  27  -1  -1  -1  -1  -1  -1  -1  -1  -1  -1 282  -1  -1  -1  -1  41  -1 253  -1 301  -1 
 18  -1 277 296  -1  -1  -1  -1 165 267  -1  -1  -1  25  -1  -1  -1 103  -1  -1  67  -1  -1  -1  -1 306 
 19  -1 173  -1 242 170  -1  87  -1 123 128  -1  -1  -1 210  -1  -1 290  -1  -1  -1  -1  -1  73  -1  -1 
 20  -1  42  -1  44  -1  -1  -1  -1  -1  -1  -1  -1  -1  32  -1  -1  -1  -1 161  -1  -1  -1  -1  -1  85 
 21  -1 201 263  -1  -1  -1  77  -1 188  84  -1  -1  22  -1  86  -1  29  -1  -1  -1  -1  69  -1  -1  -1 
 22  -1  -1  -1  -1  -1  -1  -1 121 293  -1  -1  -1  -1  -1 150  -1  -1 164  -1  -1  -1 233 131  34  -1 
 23  83  -1  -1  -1  -1  -1 260  -1 303  -1  -1  -1  -1  -1  -1  -1  -1 248  -1  -1 258  -1  -1  -1  -1 
 24  -1  33  -1  -1  -1  -1  -1  -1  -1  -1  -1 289 194  -1 129  -1  -1  -1  89  -1 177  13  -1 152  -1 
 25  -1 101 217 114  -1 169  -1  -1  -1  -1  -1  -1  -1  -1  -1  -1  -1  -1  78  -1  -1  -1 235  -1 106 
 26  -1  -1 279  -1  -1  -1  -1  -1 135  -1  -1  -1  -1  -1  -1  -1  -1  -1  -1  -1 257  -1   0  -1  -1 
 27  -1 175  -1  -1  -1  -1  -1  -1 154  -1  -1  -1  -1  23  -1 216  -1  -1  -1  -1  -1  -1  -1 245  -1 
 28  -1  -1  -1 223  -1 155  -1 300  -1  -1  -1  -1  -1 255  -1  45  -1 276  -1  -1  -1  56 191  79  -1 
 29  -1  -1 307  36  -1  -1  -1  -1  -1  91  -1  -1  -1  -1  -1  -1 159  -1  -1 261  -1  -1  38 202  66 
 30  -1  19  19  19  -1  -1  17  17  -1  -1  -1  24  -1  -1  -1   4   4  -1  -1  -1   2   2  30  -1  -1 
 31  -1  -1  -1  -1  -1  31  31  31  -1  -1  -1  -1  -1  -1  -1  -1  -1  -1  -1  -1  -1  -1  -1  -1  -1 
 32  -1  -1  -1  68  -1  63  63  63  46  46  -1  61  61  -1  -1  -1  -1  74  -1  -1  -1  -1  48  48  -1 
 33  -1  -1  -1  -1  -1  -1  -1  -1  -1  -1  75  75  75  -1  -1  -1  -1  -1  -1  -1  -1  -1  -1  -1  -1 
 34  92  92 118  -1  -1  -1  -1  90  90  -1  -1  -1 107 107 107  -1  -1 112  -1  -1  -1 105 105  -1  -1 
 35  -1  -1  -1  -1  -1  -1  -1  -1  -1  -1  -1  -1  -1  -1  -1  -1  -1  -1  -1  -1  -1 119 119 119  -1 
 36  -1 162  -1 134 134  -1  -1 156  -1  -1  -1 149 149  -1  -1  -1 151 151 151  -1  -1 136 136  -1  -1 
 37  -1  -1  -1  -1  -1  -1  -1  -1  -1  -1  -1 163 163 163  -1  -1  -1  -1  -1  -1  -1  -1  -1  -1  -1 
 38 178 178 180 180  -1  -1 193 193  -1  -1  -1  -1 200  -1  -1 195 195 195 206  -1  -1  -1  -1  -1  -1 
 39  -1  -1  -1  -1  -1 207 207 207  -1  -1  -1  -1  -1  -1  -1  -1  -1  -1  -1  -1  -1  -1  -1  -1  -1 
 40  -1  -1  -1  -1  -1  -1 239 239 239  -1 237 237  -1  -1  -1  -1 244  -1 250  -1 222 222 224 224  -1 
 41  -1  -1  -1  -1  -1  -1  -1  -1  -1  -1 251 251 251  -1  -1  -1  -1  -1  -1  -1  -1  -1  -1  -1  -1 
 42  -1 288  -1  -1  -1  -1 266 266  -1  -1  -1 281 281  -1  -1 268 268  -1 294  -1  -1 283 283 283  -1 
 43  -1  -1  -1  -1  -1  -1  -1  -1  -1  -1  -1 295 295 295  -1  -1  -1  -1  -1  -1  -1  -1  -1  -1  -1 
 44  -1 142  -1  -1 285  -1  99  -1 182  -1  -1  -1  -1  -1  -1  -1  -1  -1  -1  -1  -1  -1  -1  -1  -1 
 45  -1  -1  -1  94  -1  -1 181 139  -1  -1  -1  -1  -1  -1  -1  -1  -1  -1 273  -1  -1  -1  -1  -1  -1 
 46  55  10 153  -1 185  -1  -1  -1   7 271  -1  -1  -1  -1  -1  -1 187  -1   8  -1  93  -1  -1  -1  -1 
 47 138 230   6  -1   9  -1  -1  -1  -1  -1  -1  -1 314  -1  -1  95  -1 313 227  -1  50  53 272  21  -1 
 48  -1  -1  -1  -1 228  -1 137  -1  -1 183  -1  -1  -1  -1 316  -1 231  -1  -1 312 269  -1  -1 270  -1 
 49  -1 275  -1  -1  -1 241  -1  -1  -1  -1 309  -1  -1  -1  -1  -1  -1  -1  -1  -1  -1  -1  -1  96  -1 
 50 225  -1  98  -1  54  -1  -1  -1  -1  -1  -1  -1  -1  -1  -1  -1  -1  65  52  -1  -1  -1  -1 184  -1 
 51  -1  49  51 274  97  -1  -1  -1  -1 143  -1 311  -1 308  -1  -1  -1  -1  -1  -1 140  -1  -1  -1  -1 
 52  -1  -1  -1  -1  -1 310   5  -1  -1 229  -1  -1  -1 197  -1  -1  -1  -1 141  -1  -1  -1  -1  -1 315 
 53  -1  -1  -1  -1  -1  -1  -1  -1 226  11  -1 109  -1  -1  -1  -1  -1  -1  -1  -1  -1 186  -1  -1  -1 

r\t   0   1   2   3   4   5   6   7   8   9  10  11  12  13  14  15  16  17  18  19  20  21  22  23  24 
  0  -1 113  36 299  -1  -1  -1 201  -1  -1  -1  -1  -1 103  -1  -1  -1  39 254  -1  -1  -1  58 167  -1 
  1  86  -1  -1  -1  -1  -1  -1  -1 121  -1  -1  -1  -1  23 179  -1 238  -1  -1  -1  -1  -1  -1  -1  -1 
  2 170  -1  -1 213  -1  -1  -1  -1 277  -1  -1 247  -1  -1  -1  -1  -1  -1  89  -1  -1  -1 157 146  -1 
  3  -1  -1  -1 196  -1  -1  -1  -1  -1  -1  -1  -1  -1  -1 262  -1  -1 217 174  -1  -1  -1  -1  -1  -1 
  4  -1  -1 235  -1  -1  -1  82  -1  -1  91  -1 298  -1  -1  -1  -1  -1  34 124  -1  -1 218 263  -1  -1 
  5  -1  -1  -1  57  -1  -1  62  -1  -1 223  -1  -1  -1  -1  -1  -1 202  -1  66  -1  -1  -1  -1  -1  -1 
  6  -1 284  88  12  -1  -1 116  37 248  -1  -1  -1  -1 172  -1  -1 291 259 155  -1 176 286 101  -1  -1 
  7  -1 296  -1  -1  -1  -1  -1  -1  -1  -1  -1  -1  -1   3  -1  -1  -1 158 108  -1 216  -1 208 256  -1 
  8  -1 240  -1  -1  -1  -1 304 303   0  -1 305  73  -1  -1 221  -1  -1  -1  47  -1  -1  -1  -1 210  -1 
  9  43  -1  -1 130 128  87  25  -1  -1  -1 267  -1  -1 279  -1  -1  -1  14  -1  -1  -1 110  -1 100  -1 
 10  -1 205  -1 120  -1 171  -1  -1  -1 258  -1 159  -1 166  -1  -1  -1  -1 192 192  -1  -1 249 257   1 
 11  -1  -1  -1 306  -1 301  -1 125  -1  -1  -1 282 122 189  -1  60  60  -1  79  -1  -1  -1  -1  -1  -1 
 12  -1  -1 276 148 148 106  -1 220  -1  -1  -1  -1  -1  -1  -1  -1  -1  -1 260  -1  -1  -1 190  59  -1 
 13  -1  -1  -1  -1  -1  -1  -1  -1  -1  -1  -1  -1 164  -1  -1  -1  -1  -1  13  -1  -1  -1  -1  -1  -1 
 14  -1  -1  -1  -1  44  -1 111 169  -1  -1  -1  15  -1 289  -1  -1  -1  -1  -1  -1  -1  -1  -1  -1  -1 
 15  -1  -1  -1  -1  -1  -1 204  70  -1  -1  -1  -1  38  -1  -1  -1  -1 191 232  -1  -1  -1  -1  -1  -1 
 16  -1  -1  -1  -1  -1  -1  -1 123 212  -1  -1  -1  -1 144  -1  -1 104 104  29  -1 265  -1  -1  -1  -1 
 17  -1  -1  -1  -1  -1  -1 219  -1  -1  -1 177  -1  -1  28  -1  -1  69  -1  -1  -1  -1  -1  -1  -1  -1 
 18  -1  -1  -1  -1  -1  -1  -1  -1 129  -1  -1  -1 242  -1  -1  -1 168 264 297  -1  -1 252 145  -1  -1 
 19  -1  -1 292  -1  -1  22 236 236  76 126  -1  -1 209  -1  -1  -1 287  -1  -1  -1  16  16  18  -1  -1 
 20  -1 127  -1 278  -1  -1  -1  32 160  -1  -1  -1 199  -1  -1  -1  -1 133 135  -1  -1 150 300 280 280 
 21  -1  -1  -1  72  -1  -1  -1  -1  -1  -1 307  -1  20  -1  -1 215  -1  -1  -1  -1  -1 194  -1  -1  -1 
 22  -1  33  -1  27  -1  -1  -1  -1  -1  -1  -1 243  -1  -1  -1  -1 117 245  -1  45  -1  -1  -1 211  -1 
 23  -1  -1  -1  -1 214  -1 290 173 102  -1  -1  -1  -1  64  -1  -1 154  -1  -1  -1  -1  26  -1  -1  -1 
 24  41  -1  -1 233  -1  67  85  -1  -1  -1  -1  -1 246  -1  -1  -1 261 293  -1  -1  -1  -1  -1  -1  -1 
 25  42  77  71 161  -1  -1  -1  -1  -1  -1  -1  -1  -1  -1 132  -1  -1 152  -1  -1  -1  81  -1 114  -1 
 26  -1  -1  -1  -1  -1  -1 165  -1  -1  -1  -1  -1 147  -1  -1  -1 253 131  -1  -1  -1  -1 115 188  -1 
 27  -1  -1  -1  -1  -1  -1  80  -1  -1  -1  -1  -1  -1  -1  -1  -1  35  -1 203  -1  -1  -1  -1 175  -1 
 28  -1  -1  -1  -1  -1  -1  -1  -1  56  -1  -1  -1  -1  -1  -1  -1 198 234  -1  -1  -1  84  -1  83  -1 
 29  -1  -1  -1 255  -1  -1 302  -1  -1  -1  -1  -1  -1  -1  -1  -1  40  -1  -1  -1  -1  -1  78  -1  -1 
 30  19  19  19   4   4  -1  17  17  24  -1  -1  -1  -1  -1  -1  -1  -1   2   2  -1  -1  -1  -1  30  -1 
 31  -1  -1  -1  -1  -1  -1  -1  -1  -1  -1  31  31  31  -1  -1  -1  -1  -1  -1  -1  -1  -1  -1  -1  -1 
 32  63  63  63  -1  -1  -1  -1  -1  48  48  -1  61  61  -1  -1  -1  -1  -1  68  -1  -1  74  -1  46  46 
 33  -1  -1  -1  -1  -1  -1  -1  -1  -1  -1  -1  -1  75  75  75  -1  -1  -1  -1  -1  -1  -1  -1  -1  -1 
 34  -1 107 107 107  -1  -1  -1  90  90  -1  -1 105 105  -1  -1  -1  -1 112  -1  -1  -1 118  -1  92  92 
 35  -1  -1  -1  -1  -1  -1  -1  -1  -1  -1  -1 119 119 119  -1  -1  -1  -1  -1  -1  -1  -1  -1  -1  -1 
 36  -1 149 149 134 134  -1 162 151 151 151  -1  -1  -1  -1  -1  -1  -1  -1  -1  -1  -1 156  -1 136 136 
 37 163 163 163  -1  -1  -1  -1  -1  -1  -1  -1  -1  -1  -1  -1  -1  -1  -1  -1  -1  -1  -1  -1  -1  -1 
 38  -1 193 193  -1  -1  -1 195 195 195  -1  -1 206  -1 200  -1  -1  -1 180 180  -1  -1  -1 178 178  -1 
 39  -1  -1 207 207 207  -1  -1  -1  -1  -1  -1  -1  -1  -1  -1  -1  -1  -1  -1  -1  -1  -1  -1  -1  -1 
 40  -1  -1  -1 222 222  -1 250 244 237 237  -1  -1  -1  -1  -1  -1  -1 224 224  -1  -1  -1 239 239 239 
 41 251 251 251  -1  -1  -1  -1  -1  -1  -1  -1  -1  -1  -1  -1  -1  -1  -1  -1  -1  -1  -1  -1  -1  -1 
 42  -1  -1  -1 266 266  -1 281 281 294  -1  -1  -1  -1  -1  -1  -1  -1 283 283 283  -1 288  -1 268 268 
 43  -1  -1  -1  -1  -1  -1  -1  -1  -1  -1  -1  -1 295 295 295  -1  -1  -1  -1  -1  -1  -1  -1  -1  -1 
 44  -1  -1  -1  -1  -1 310  -1  -1  -1  -1 225  -1  -1  -1  -1  -1  -1  -1  -1  -1  54  -1  94  10  -1 
 45  -1 311 272  -1  -1  -1  -1 273  -1 274  55 197  -1 184  97  -1  -1  96  -1  -1 138 241  -1  -1  -1 
 46  -1  -1  -1  -1  -1  -1  -1 181  -1  -1  -1  -1 308 227  -1  -1  -1  50  -1 229  -1 314  -1  -1 185 
 47 316  -1  -1  -1  -1  -1  -1   5 142  -1 143  -1  -1  51  -1  -1  -1  -1  -1  -1  -1  -1  -1  -1  -1 
 48  -1  -1 182  -1  -1  -1  -1  -1 226   7 285 315  -1  -1  -1  -1  -1  -1  -1  11  93  -1 230 231  -1 
 49 109  -1  -1 187  -1  -1 309  -1  -1  -1  -1  -1  -1 139  -1  -1  -1  -1  -1  -1  -1  -1 271  -1  -1 
 50  -1  -1   8  52  98  -1  -1  -1  -1  -1  -1  -1  -1  -1  -1  -1 313  -1  -1  95   9  65 137  -1  -1 
 51  -1  -1  -1  -1  -1  -1  -1 141  -1  -1  -1 153  -1  -1  -1  -1  -1  -1  -1 140  -1  -1  -1  -1  -1 
 52  -1  -1  -1  -1  -1  -1  -1  -1  -1  -1  -1  -1  -1 270   6  -1  -1  -1  -1 183  -1  -1  -1  -1  -1 
 53  -1  -1  -1  -1  -1  -1  -1  53 275 186  99  -1  -1  -1  -1 312  21  -1 269  -1 228  -1  49  -1  -1 

