317
16 25
24 14
20 30
7 26
3 30
8 47
6 52
13 50
12 48
9 47
18 47
23 51
3 14
21 21
23 2
1 25
8 3
12 30
5 4
17 30
2 8
22 44
11 0
7 29
11 30
12 9
21 23
6 15
3 4
18 25
23 30
0 31
13 11
8 5
7 3
16 27
6 10
10 15
12 1
16 13
6 2
13 8
24 1
12 13
13 4
6 6
20 32
8 2
3 32
7 53
9 53
18 44
23 44
16 52
1 51
12 47
1 18
21 4
7 20
22 7
15 9
13 32
2 15
17 32
23 11
8 53
11 11
0 11
2 32
7 15
8 14
17 0
3 19
21 16
12 32
22 33
16 28
18 11
11 20
2 2
6 4
15 10
1 9
18 0
4 8
16 3
10 14
13 19
21 19
7 17
3 34
6 27
12 34
23 50
8 50
9 49
16 45
24 52
18 46
20 51
23 19
21 15
8 17
3 27
12 2
17 34
15 17
0 34
7 21
22 47
11 28
6 3
21 34
2 18
12 28
13 1
6 0
23 28
11 34
17 35
1 12
16 1
18 17
8 18
22 14
12 7
23 23
16 20
3 7
12 8
12 26
24 2
3 26
21 22
23 36
12 21
7 36
6 50
9 50
13 45
20 44
1 46
18 52
19 45
18 26
13 16
23 21
17 29
7 19
15 36
11 18
2 36
21 7
22 49
12 3
5 12
13 36
23 18
7 10
6 18
11 27
18 6
1 36
15 37
2 23
1 11
22 23
8 25
12 12
3 17
14 19
12 27
3 6
18 24
21 18
15 11
1 17
20 13
3 38
13 0
18 38
9 45
23 48
21 47
6 46
16 48
12 51
8 44
12 17
21 0
8 29
6 23
17 2
15 38
11 10
0 38
7 6
24 53
13 15
22 28
11 38
1 13
21 11
12 20
23 12
8 9
13 38
5 39
18 29
2 25
17 5
16 24
3 11
16 18
14 29
11 17
17 21
4 12
11 8
11 4
13 26
21 27
18 40
16 29
8 40
20 49
3 53
23 53
6 47
24 50
12 46
1 47
8 4
12 22
1 28
3 16
23 27
13 40
22 15
5 40
2 17
11 50
17 17
16 14
22 40
11 16
8 7
6 8
7 12
12 24
23 40
2 41
17 11
16 19
13 6
18 13
1 10
11 25
15 0
18 1
7 11
16 4
22 2
1 8
12 15
20 6
3 42
7 1
23 42
8 51
16 53
9 46
18 45
1 53
21 53
6 51
21 2
6 25
8 1
16 26
2 5
17 42
0 12
12 42
23 16
22 50
7 8
11 26
22 42
21 29
2 3
6 28
12 6
8 16
16 42
17 43
13 3
7 18
23 9
11 7
1 4
12 0
18 4
15 14
14 27
6 20
22 12
7 13
17 52
11 46
14 52
15 48
5 53
2 45
0 46
22 46
10 48

