317
12 11
0 26
18 30
3 18
5 30
8 44
16 48
23 47
22 51
9 44
2 44
21 53
23 3
8 7
6 1
2 21
12 23
15 30
11 6
20 30
18 26
7 50
3 13
1 11
2 30
6 17
1 24
23 26
3 9
18 15
7 30
15 31
11 15
21 19
13 25
12 24
23 17
21 13
19 7
11 5
11 20
15 11
20 11
7 0
12 16
3 25
18 32
2 26
5 32
22 48
7 47
16 52
21 44
23 52
0 51
1 52
1 6
6 0
12 28
21 2
22 7
15 32
13 15
7 32
18 25
11 48
2 11
4 10
21 32
13 27
12 27
1 3
22 21
18 19
11 32
15 33
6 21
1 29
2 17
21 15
8 0
9 26
10 6
6 12
21 3
11 19
19 0
24 2
18 4
16 9
0 34
3 24
5 34
23 45
7 49
21 45
12 46
22 50
19 49
2 48
2 18
1 10
12 9
6 10
17 12
22 34
24 29
7 34
16 24
11 53
3 0
13 5
11 34
6 28
18 3
17 24
3 12
13 10
12 34
20 35
8 15
1 21
23 14
2 24
16 1
22 1
13 8
23 1
14 24
6 26
2 5
21 7
3 10
21 23
18 36
23 9
5 36
22 46
9 53
2 47
1 44
12 51
7 44
0 45
1 8
6 22
7 27
12 17
22 23
2 36
8 22
15 36
13 7
4 44
11 9
24 16
7 36
6 29
16 17
18 5
2 0
11 13
1 36
12 37
17 17
1 5
22 20
8 6
21 22
1 23
9 2
13 11
9 10
1 2
24 15
4 21
18 21
19 6
5 38
12 26
7 38
2 46
22 53
1 47
3 44
9 49
16 44
21 52
16 16
18 0
6 27
23 18
7 3
20 38
13 24
0 38
22 4
11 51
17 2
12 22
11 38
16 15
2 1
12 21
3 1
21 14
13 38
22 39
6 5
17 5
7 1
7 14
18 29
10 14
7 24
20 3
10 16
7 19
24 0
23 4
21 4
5 20
18 40
2 10
0 40
3 53
6 52
22 44
12 45
23 53
16 47
7 51
3 7
6 8
1 4
8 23
22 2
20 40
2 29
12 40
7 8
11 46
15 12
17 16
6 40
2 3
13 16
11 10
18 11
22 5
3 40
7 41
21 18
16 5
17 26
1 15
23 10
21 6
17 15
14 8
4 16
14 26
21 28
10 18
18 2
0 8
5 42
7 12
22 42
12 52
1 46
9 52
16 53
21 49
8 50
19 53
8 26
18 18
16 19
6 15
23 21
12 42
17 10
2 42
22 10
7 45
20 12
11 12
21 42
23 20
3 23
6 11
18 9
8 9
11 42
12 43
17 6
7 7
22 28
16 11
2 15
22 22
14 5
17 0
23 24
19 16
24 7
16 23
13 47
15 47
24 46
17 52
20 45
11 49
14 49
4 45
10 48

