317
7 13
18 12
0 30
21 8
10 30
13 44
8 50
23 45
16 52
19 44
6 53
3 45
6 2
3 27
1 16
16 9
13 2
23 30
12 26
7 30
18 14
2 44
21 28
17 0
17 30
16 6
18 29
6 26
21 3
13 28
2 30
22 31
1 23
8 3
3 6
12 5
7 12
12 21
2 25
21 24
1 13
13 17
14 25
13 23
12 11
19 24
0 32
18 9
2 32
21 51
11 48
13 50
8 44
6 48
16 45
10 49
11 9
1 4
2 22
3 3
12 25
22 32
18 8
7 32
6 11
17 45
15 7
20 5
13 32
8 29
7 18
2 7
12 12
21 26
16 32
22 33
3 1
1 8
17 29
13 27
6 19
21 1
3 21
3 18
8 26
2 5
4 5
3 19
6 18
18 1
0 34
16 18
12 34
3 53
11 49
2 45
8 48
10 45
21 47
19 47
1 17
13 24
12 16
6 22
2 2
22 34
20 11
7 34
11 15
15 52
17 6
16 12
17 34
3 25
8 18
7 4
13 12
16 21
6 34
22 35
1 20
12 20
23 17
11 4
18 28
20 26
20 13
7 1
13 15
23 6
12 18
8 25
13 20
21 21
10 36
23 7
7 36
3 49
1 52
2 49
6 49
18 52
16 48
12 48
3 10
8 20
7 24
11 6
12 7
17 36
5 21
0 36
16 11
22 51
23 25
24 8
6 36
7 28
1 14
3 14
13 22
16 4
12 36
17 37
2 13
11 27
22 18
8 21
21 27
10 2
18 13
13 19
11 26
6 10
14 15
24 9
0 15
10 9
18 38
7 2
12 38
23 46
21 46
1 46
3 44
8 45
6 52
11 45
3 20
8 10
11 7
18 22
12 3
15 38
2 8
22 38
17 17
9 50
4 17
7 11
7 38
3 7
13 29
22 19
11 29
18 23
21 38
15 39
23 16
1 22
6 16
8 19
2 29
4 27
5 8
2 19
20 2
21 22
20 16
9 4
7 16
19 7
12 40
6 27
0 40
10 44
8 51
11 53
18 50
16 53
21 52
2 53
1 3
21 20
18 5
23 1
12 13
7 40
14 6
2 40
16 20
20 50
17 13
6 14
18 40
8 4
3 9
1 27
2 24
12 10
17 40
22 41
11 24
6 29
7 21
21 23
13 1
20 3
10 19
14 0
11 12
24 1
18 0
14 12
23 26
18 17
0 42
6 20
10 42
19 51
2 46
8 46
21 49
16 46
12 44
7 52
7 8
2 1
1 10
12 22
15 0
13 42
3 29
20 42
8 28
5 50
6 5
17 2
16 42
12 28
18 10
21 15
6 13
1 6
23 42
12 43
8 27
22 6
11 13
7 7
3 4
13 6
1 9
6 0
5 25
14 26
4 2
1 28
5 44
22 48
20 53
9 44
14 49
17 53
15 51
4 53
24 48

