317
22 26
0 9
20 30
23 0
15 30
6 52
2 47
8 46
18 46
4 47
1 46
9 53
18 4
21 24
22 7
11 4
15 6
6 30
17 1
1 30
8 12
23 47
12 21
13 27
11 30
12 18
21 16
3 17
8 15
16 21
22 30
5 31
13 20
1 24
23 22
17 2
3 29
12 11
22 29
13 0
23 1
19 17
1 20
21 9
3 20
15 28
8 32
16 14
22 32
1 51
20 47
2 51
18 50
21 47
4 50
0 46
21 28
8 8
23 10
3 15
1 11
11 32
16 4
5 32
13 12
17 50
24 29
19 18
3 32
21 21
13 14
6 14
2 1
22 19
17 32
10 33
8 7
6 21
18 25
23 28
1 15
12 12
1 5
0 23
9 21
24 20
14 21
6 19
16 8
18 24
7 34
9 29
0 34
20 46
3 45
15 47
23 49
4 51
2 50
6 44
8 5
1 25
2 4
16 18
6 5
21 34
24 25
12 34
3 13
11 53
19 7
17 4
17 34
13 10
3 25
1 16
6 8
16 16
2 34
21 35
12 14
7 22
22 2
8 19
18 6
6 6
23 11
23 15
9 19
14 24
1 17
22 22
15 11
23 12
3 36
8 26
21 36
6 48
0 47
7 45
20 51
18 52
1 44
9 51
7 11
1 3
3 0
6 13
21 8
11 36
14 22
16 36
23 24
2 46
8 27
5 28
7 36
3 2
22 1
16 29
6 11
18 20
1 36
11 37
17 22
7 18
21 7
2 12
8 4
5 25
4 19
8 10
7 15
1 19
18 15
1 27
22 16
20 24
0 38
18 1
2 38
6 45
8 44
9 48
23 50
4 46
21 53
16 46
8 21
3 6
23 13
22 28
1 14
6 38
12 24
15 38
21 1
13 52
11 1
18 0
12 38
1 21
23 29
17 9
22 14
8 0
18 38
5 39
16 12
3 8
13 19
13 5
2 16
12 15
0 4
6 0
15 27
2 25
6 4
15 7
15 3
2 5
20 40
3 28
22 40
0 50
8 53
18 47
4 48
9 52
1 47
16 48
16 9
21 22
23 2
22 25
0 13
10 40
17 13
6 40
18 16
5 49
3 19
13 11
16 40
23 27
2 15
1 0
17 23
6 15
18 40
10 41
8 13
21 17
22 9
13 28
7 7
20 26
20 23
15 0
6 23
19 29
8 9
2 21
2 0
0 10
6 42
8 18
15 42
20 48
23 48
9 46
22 47
18 45
3 51
1 49
17 28
1 18
18 11
2 26
6 2
11 42
14 17
21 42
16 2
4 44
5 2
8 2
1 42
11 24
16 19
21 6
22 10
8 22
18 42
11 43
2 18
23 8
6 7
3 10
7 28
23 17
18 13
8 23
9 2
10 12
24 18
2 29
13 51
10 49
5 52
11 51
19 48
17 47
12 47
24 52
14 48

