317
16 0
6 19
20 30
18 14
8 30
3 46
22 50
2 46
13 50
7 53
11 50
12 49
16 20
7 23
8 4
21 1
2 7
22 30
0 6
12 30
6 28
17 50
18 9
1 14
17 30
16 28
3 15
12 28
21 8
7 3
1 30
22 31
18 4
11 1
2 24
8 15
11 15
18 22
20 29
14 23
18 24
21 9
6 0
19 12
13 10
6 18
20 32
18 6
22 32
8 52
16 51
3 44
7 51
12 48
2 48
1 52
16 15
1 16
2 26
3 5
22 0
12 32
17 27
7 32
11 22
18 44
24 2
5 21
2 32
1 4
21 29
7 0
8 13
13 4
16 32
10 33
23 4
7 28
18 15
2 6
22 7
13 13
14 9
19 27
20 5
13 29
14 5
6 9
1 27
3 27
22 34
2 11
20 34
16 44
6 50
7 46
11 51
9 44
18 46
8 48
1 25
6 5
8 3
11 3
22 6
17 34
19 3
12 34
7 12
10 51
0 7
2 21
7 34
11 13
1 12
2 20
22 27
6 22
8 34
15 35
13 18
23 12
17 18
21 20
3 25
6 24
8 20
14 20
11 0
14 6
15 20
14 27
13 2
23 8
20 36
12 1
8 36
3 50
1 46
16 50
18 45
2 49
6 47
11 46
8 29
13 19
1 1
7 8
2 2
5 36
10 27
17 36
23 23
12 46
22 24
24 9
3 36
2 14
16 18
17 14
13 27
8 27
12 36
5 37
18 18
11 21
22 2
1 17
23 3
6 3
8 17
6 1
12 5
2 22
6 8
3 20
9 9
3 13
12 38
6 13
20 38
11 45
1 51
22 51
16 52
23 44
7 52
8 49
11 26
8 18
13 21
21 18
22 14
17 38
14 28
0 38
16 29
5 47
24 26
6 10
8 38
2 13
1 10
6 27
21 0
12 22
22 38
17 39
23 1
16 7
13 0
13 1
3 28
15 23
10 19
13 11
22 4
14 21
4 12
10 3
7 6
23 27
20 40
18 7
8 40
22 47
1 45
13 49
16 45
6 49
3 48
11 49
7 17
11 16
21 6
22 26
5 29
2 40
19 4
12 40
23 29
4 45
17 11
18 23
6 40
16 25
11 29
13 16
12 16
22 23
7 40
0 41
8 23
18 13
17 26
3 24
21 13
10 13
17 16
19 6
9 0
3 16
19 25
15 6
2 23
20 28
8 42
11 20
21 42
12 50
1 47
7 44
16 53
13 47
6 46
23 52
16 10
22 18
23 26
8 9
12 7
5 42
11 17
2 42
18 12
15 49
24 22
14 8
7 42
6 20
22 5
3 18
13 24
2 9
16 42
17 43
12 14
1 29
8 7
11 23
21 3
0 11
7 11
18 1
5 6
13 26
5 17
19 29
10 45
19 50
4 52
0 48
5 49
14 48
17 46
24 48
15 51

