317
13 16
0 10
18 30
6 29
3 30
8 49
17 48
5 51
2 50
1 51
21 46
15 52
13 21
2 26
1 14
8 4
17 12
22 30
16 27
10 30
3 13
6 52
20 13
7 28
7 30
8 29
12 7
18 9
21 23
3 14
13 30
22 31
6 24
16 11
17 18
2 9
18 17
24 2
24 21
18 21
14 22
24 27
20 14
7 1
17 4
15 6
3 32
1 17
5 32
8 44
18 51
2 48
13 50
23 44
0 50
19 49
8 16
13 6
6 1
12 29
2 28
17 32
7 20
20 32
23 21
14 45
1 9
16 26
8 32
6 4
18 11
21 20
23 18
13 17
1 32
10 33
16 6
21 15
2 27
8 18
17 7
0 12
11 20
0 28
9 23
3 12
2 2
2 11
11 23
19 25
0 34
17 26
5 34
21 47
18 45
2 44
23 47
4 45
3 47
15 47
18 1
1 27
6 5
8 5
22 26
2 34
16 22
12 34
11 26
10 50
20 8
17 8
21 34
2 1
3 20
1 0
16 29
23 8
11 34
7 35
13 20
6 20
7 22
17 2
22 14
11 8
7 21
9 13
11 6
10 27
11 24
16 8
15 24
17 24
5 36
18 0
0 36
13 48
19 47
3 45
2 52
21 49
11 51
4 50
21 0
13 9
1 1
6 22
2 25
7 36
14 20
22 36
17 19
12 52
16 23
18 20
3 36
2 13
22 15
21 11
13 14
6 13
12 36
7 37
23 1
12 20
18 16
1 25
16 19
10 16
6 26
1 23
11 16
14 5
8 28
1 18
17 22
3 11
18 38
21 3
0 38
8 45
11 50
6 46
23 49
5 47
13 51
2 45
13 7
23 15
11 0
1 13
5 16
7 38
12 10
15 38
3 18
21 44
4 24
22 28
22 38
2 6
17 14
18 7
1 20
6 15
21 38
7 39
12 22
23 16
13 11
13 10
3 3
18 27
11 14
19 0
19 29
9 21
6 25
12 24
4 3
23 22
5 40
8 12
0 40
21 45
18 48
13 45
2 46
3 52
11 53
19 51
18 26
1 15
11 29
13 15
2 17
20 40
8 6
15 40
12 6
9 52
7 2
22 17
2 40
17 16
8 0
11 10
16 12
22 11
7 40
12 41
3 29
18 13
6 27
1 11
23 13
12 11
1 24
5 19
7 26
7 19
10 13
24 5
8 15
13 28
3 42
11 15
17 42
23 53
2 47
19 52
21 53
6 47
15 44
5 53
3 2
6 6
8 24
2 23
17 15
23 42
7 23
20 42
1 16
11 45
12 2
16 28
12 42
2 12
8 21
21 26
17 9
22 29
7 42
0 43
16 5
23 17
3 19
18 23
13 18
4 29
1 10
7 24
15 10
9 3
5 10
12 3
12 48
14 47
9 47
10 46
20 44
22 47
7 46
16 46
24 46

