317
11 13
24 28
20 30
6 14
17 30
9 51
22 49
13 45
1 50
16 47
3 49
23 46
13 3
23 15
21 25
1 13
17 2
2 30
19 28
10 30
22 29
7 52
8 9
6 5
6 30
11 24
12 24
22 2
3 13
17 8
13 30
0 31
8 21
23 16
7 12
16 25
22 16
0 3
1 29
5 14
9 12
6 22
17 23
13 18
21 19
6 19
17 32
3 28
12 32
16 45
1 44
11 47
23 48
22 51
10 51
20 44
21 15
12 26
11 7
13 26
17 0
22 32
3 8
7 32
6 26
2 47
15 29
4 13
1 32
7 25
17 25
12 28
3 2
8 11
21 32
22 33
16 11
13 10
11 25
2 18
18 25
3 24
23 10
23 8
12 12
4 17
5 18
19 13
6 7
16 16
20 34
10 8
17 34
13 48
22 53
12 49
3 52
9 45
1 45
11 52
6 1
21 24
17 13
1 17
12 17
23 34
19 5
2 34
16 15
0 53
8 24
7 3
6 34
3 7
18 22
17 15
13 2
8 12
7 34
22 35
1 27
11 11
23 24
12 25
16 19
10 29
20 28
3 10
0 27
22 8
5 28
14 5
9 10
3 26
20 36
1 25
10 36
17 47
16 48
22 48
12 47
6 44
18 53
23 53
8 13
16 13
21 21
22 28
17 19
5 36
0 10
12 36
23 18
7 46
1 3
2 10
18 36
16 2
1 11
13 7
8 19
11 15
7 36
22 37
12 15
6 25
2 14
17 27
21 18
22 22
19 6
8 25
16 24
17 24
20 3
8 27
9 19
10 23
23 38
3 21
20 38
12 50
6 53
11 46
16 52
22 50
13 47
18 44
11 22
6 16
21 29
12 1
22 4
13 38
8 10
17 38
2 3
7 50
4 25
3 6
6 38
18 29
13 27
7 26
11 28
3 18
8 38
0 39
23 2
17 3
22 0
21 3
16 5
1 26
3 14
8 16
8 5
7 10
8 15
13 19
20 19
24 20
12 40
23 28
16 40
10 44
6 46
11 53
18 49
21 53
22 46
1 49
12 4
6 6
13 12
7 8
15 27
20 40
19 14
2 40
11 0
0 48
5 0
23 20
18 40
13 4
3 29
1 8
2 5
17 26
11 40
7 41
23 6
12 3
16 12
21 11
6 20
7 6
15 5
3 16
13 24
1 19
13 8
11 18
9 8
20 17
17 42
6 24
23 42
12 44
13 52
22 44
11 44
3 45
16 50
1 47
8 22
23 25
22 19
12 10
17 7
10 42
7 2
2 42
16 0
6 49
21 26
19 15
6 42
16 23
22 11
2 8
1 21
18 17
13 42
10 43
7 19
3 4
17 5
8 4
21 13
17 1
15 13
2 2
15 17
0 18
20 16
7 21
8 52
0 44
5 53
7 44
15 45
2 46
4 44
14 51
19 44

