317
12 6
6 1
17 30
21 5
3 30
1 45
7 44
8 46
9 47
0 49
23 47
2 53
18 11
2 6
1 12
17 24
7 8
22 30
5 23
12 30
3 0
21 50
16 29
11 3
11 30
13 11
7 25
3 24
21 27
17 28
8 30
22 31
12 0
1 14
2 12
18 0
1 27
13 16
24 13
16 28
18 18
10 12
12 10
15 26
13 15
6 26
23 32
2 7
0 32
7 52
4 49
8 53
17 49
3 48
21 52
12 49
1 21
21 7
3 28
17 4
23 21
12 32
16 14
7 32
6 3
11 47
2 11
22 20
16 32
8 4
7 22
23 20
21 25
13 24
3 32
17 33
11 4
13 21
2 10
16 12
22 4
22 9
0 4
11 8
13 23
19 2
5 18
3 22
6 21
3 11
8 34
17 17
23 34
21 49
2 50
1 50
12 51
0 45
18 52
4 53
18 10
2 24
1 18
8 24
22 22
12 34
17 12
5 34
3 21
11 50
20 2
16 18
17 34
7 17
3 7
1 20
23 1
16 13
18 34
12 35
6 28
22 28
12 14
21 13
2 25
12 4
11 26
8 19
8 11
5 14
0 29
17 2
3 18
1 26
23 36
7 5
8 36
21 44
13 51
2 49
6 47
12 53
18 44
0 44
8 23
21 18
23 25
12 15
2 8
5 36
14 11
15 36
11 15
7 47
22 18
4 24
2 36
21 9
16 20
17 16
3 20
13 7
7 36
10 37
8 1
8 3
22 13
23 28
1 4
24 12
11 14
7 13
24 18
6 25
19 7
14 28
4 27
18 14
23 38
21 19
8 38
7 50
12 44
3 47
1 44
0 47
2 48
6 52
7 18
23 23
6 16
8 28
2 2
0 38
21 26
12 38
17 22
22 51
19 23
11 25
2 38
23 11
21 16
3 27
12 27
7 4
11 38
15 39
13 0
1 29
8 26
8 7
22 24
3 25
1 16
7 1
1 6
24 26
22 8
14 5
4 22
21 12
8 40
7 15
0 40
6 44
18 50
17 46
2 46
3 44
13 53
23 50
1 19
17 18
6 17
8 6
2 26
12 40
16 16
22 40
18 16
20 51
7 3
11 0
2 40
16 25
23 10
1 17
3 17
22 25
6 40
12 41
7 20
18 1
17 9
8 5
11 6
18 2
0 18
11 10
5 22
3 16
21 14
9 17
3 23
12 3
0 42
6 6
8 42
23 52
17 53
24 49
13 47
21 46
18 45
7 53
8 2
7 23
13 8
18 22
22 3
10 42
20 12
2 42
17 29
5 45
6 10
16 21
21 42
23 6
13 6
1 8
8 0
3 15
16 42
17 43
6 5
2 17
22 6
7 10
12 19
17 26
17 27
20 17
1 1
3 1
12 12
23 19
16 53
15 46
19 50
10 53
5 51
22 49
20 47
11 49
14 53

