317
11 18
0 19
15 30
23 16
5 30
7 49
1 51
3 47
2 48
8 44
21 50
10 45
16 9
2 22
3 6
21 4
7 14
12 30
9 6
17 30
11 21
23 46
4 0
22 20
7 30
8 2
1 15
18 8
11 14
23 26
3 30
12 31
6 16
16 5
22 8
21 2
16 2
9 7
11 6
7 22
17 29
9 14
11 19
19 0
2 2
0 9
5 32
21 15
10 32
15 52
1 52
7 51
16 46
12 45
8 45
3 53
16 8
11 3
6 20
17 25
2 5
8 32
21 9
22 32
18 7
13 50
4 29
14 20
12 32
8 10
22 28
11 7
13 5
16 26
3 32
17 33
23 12
11 23
1 29
6 26
21 8
12 11
14 1
8 17
23 5
6 4
22 29
13 3
23 20
11 12
0 34
16 24
5 34
13 44
8 48
2 52
21 47
12 44
15 46
10 46
1 12
6 5
2 19
21 13
12 2
7 34
17 4
22 34
11 28
18 52
16 27
3 3
17 34
22 10
13 4
12 3
3 22
16 19
18 34
7 35
23 29
1 4
8 22
2 3
11 10
1 17
8 20
21 5
3 28
23 13
6 1
16 20
23 10
7 19
10 36
6 24
0 36
8 46
5 53
3 46
15 51
21 53
16 48
2 47
16 25
23 0
21 17
17 13
2 16
18 36
4 7
12 36
7 18
22 47
6 2
9 24
22 36
21 27
7 8
13 13
1 1
11 1
3 36
17 37
12 23
3 14
8 9
23 23
16 29
12 1
1 14
24 25
14 5
12 9
23 1
23 15
5 7
15 14
10 38
12 21
2 38
1 49
23 44
21 46
6 46
0 47
13 49
16 51
23 21
13 27
1 2
22 18
2 7
20 38
12 8
7 38
16 1
14 48
17 8
18 21
1 38
17 20
16 10
7 24
3 2
12 5
6 38
20 39
8 27
2 1
11 8
13 1
18 11
12 28
10 19
10 0
8 26
0 23
7 27
12 7
15 22
5 1
10 40
8 24
0 40
12 49
6 53
21 52
13 47
16 45
23 52
2 44
21 22
12 14
6 14
11 17
0 16
2 40
22 1
17 40
23 2
14 53
8 6
7 29
7 40
13 12
21 26
22 24
23 27
16 28
8 40
2 41
17 7
12 6
11 11
1 8
18 24
0 4
22 6
18 4
10 26
18 6
13 17
22 5
6 23
0 6
2 42
8 1
10 42
21 44
16 44
5 48
23 45
13 46
1 44
7 46
11 29
6 0
7 26
13 25
2 23
15 42
18 29
22 42
1 13
12 48
8 23
4 24
7 42
16 7
3 17
8 3
12 17
23 22
1 42
15 43
11 16
6 25
18 20
13 29
22 13
7 1
19 6
5 6
13 14
14 17
5 10
17 12
20 49
17 52
18 45
24 51
4 53
22 52
14 46
9 51
19 48

