317
6 27
18 2
20 30
22 6
13 30
7 53
2 53
1 53
17 50
5 52
12 53
23 44
6 26
23 21
21 21
17 16
0 26
10 30
3 18
7 30
12 25
22 53
15 22
16 26
1 30
2 19
16 19
6 8
23 3
13 6
17 30
10 31
3 26
8 18
21 17
22 28
8 27
23 5
0 14
3 21
7 29
1 20
10 25
7 0
2 22
20 22
5 32
21 9
22 32
7 46
1 49
12 47
13 49
18 48
14 44
11 48
2 4
13 2
11 12
12 24
22 23
18 32
3 13
7 32
6 10
16 47
21 19
0 1
21 32
8 0
22 3
2 29
3 6
7 11
13 32
17 33
16 25
1 2
11 11
6 24
23 4
14 27
0 15
19 21
11 10
7 18
3 11
24 8
1 11
23 0
11 34
20 8
5 34
21 48
8 51
22 44
17 44
14 53
2 52
13 53
6 9
1 10
11 2
12 26
15 9
20 34
24 25
7 34
2 7
4 47
3 0
10 26
22 34
6 22
8 6
7 19
3 15
21 11
13 34
17 35
11 22
1 22
18 5
2 3
23 10
5 6
0 3
15 3
14 17
7 5
23 12
14 0
13 22
5 19
22 36
11 27
6 36
12 49
14 52
21 53
8 53
1 51
18 53
20 53
23 17
12 19
13 27
22 21
8 8
20 36
15 29
0 36
18 20
11 47
16 13
3 1
11 36
21 15
6 2
7 16
12 1
16 14
3 36
17 37
1 28
3 5
22 8
23 19
13 16
0 4
14 26
16 11
13 3
18 15
23 24
20 13
12 13
8 12
17 38
1 23
20 38
2 45
11 53
22 50
6 51
5 53
7 45
13 45
6 3
18 24
2 2
17 12
20 28
22 38
3 19
12 38
7 25
16 50
9 2
1 24
6 38
13 20
16 22
2 26
17 8
21 20
1 38
22 39
3 2
12 0
7 9
7 17
11 26
16 12
19 25
0 23
4 9
13 15
10 17
3 22
17 23
20 16
5 40
2 14
13 40
7 51
21 50
18 52
1 48
23 52
11 50
8 48
21 24
17 25
6 19
18 23
7 21
10 40
4 2
22 40
12 12
16 52
3 17
2 27
2 40
6 0
17 5
1 17
3 12
16 10
8 40
10 41
22 29
7 12
18 9
21 18
13 29
18 25
3 14
17 17
15 14
1 25
22 2
10 3
17 13
12 3
5 42
13 7
20 42
22 47
7 52
14 46
1 45
8 47
23 51
11 49
6 23
21 27
8 16
1 5
22 22
10 42
13 11
17 42
2 9
3 47
9 5
16 15
22 42
7 15
11 5
16 4
18 1
7 13
3 42
0 43
23 1
17 15
6 1
21 4
12 23
15 20
0 7
0 20
9 15
21 22
9 19
18 10
19 47
0 50
15 48
10 47
9 53
16 49
3 52
24 50
4 46

