317
13 27
19 13
15 30
21 24
17 30
8 46
23 45
12 46
3 46
6 48
1 47
11 45
13 4
23 6
8 24
6 5
17 0
2 30
21 4
10 30
16 23
22 53
0 8
7 18
23 30
11 9
12 26
17 20
1 6
7 14
13 30
2 31
21 3
16 18
22 24
8 14
16 11
24 23
3 18
24 8
21 0
10 25
21 8
22 4
12 16
6 24
15 32
11 20
18 32
13 48
21 47
2 45
1 53
8 47
17 53
10 47
16 26
17 18
8 8
18 24
12 0
2 32
7 22
22 32
21 20
5 48
11 29
0 13
7 32
21 22
22 9
13 18
8 17
1 13
17 32
2 33
11 12
13 29
16 15
7 2
23 7
22 7
10 1
11 27
14 9
13 16
3 15
0 14
8 1
23 28
1 34
11 24
15 34
10 44
17 45
21 44
6 47
19 47
18 50
3 45
21 29
3 7
2 9
1 28
17 2
13 34
5 26
7 34
6 19
24 52
22 20
11 0
22 34
7 3
2 5
1 16
16 10
21 9
3 34
12 35
8 28
17 21
12 5
18 20
23 29
3 24
2 25
12 8
8 7
16 13
18 8
5 19
2 26
21 27
17 36
1 24
15 36
11 49
10 45
13 44
3 48
6 50
23 44
19 49
18 3
16 22
11 7
17 14
5 7
7 36
0 16
22 36
13 10
12 50
1 20
4 27
11 36
16 2
22 18
23 25
12 14
6 9
1 36
7 37
2 18
3 3
17 3
18 29
13 26
16 5
1 15
6 2
12 17
14 14
18 17
12 1
2 20
15 15
11 38
1 25
18 38
13 49
6 45
8 44
23 52
10 49
3 50
17 52
23 13
3 16
17 26
22 23
12 19
20 38
4 24
5 38
18 5
1 44
14 21
16 21
1 38
16 25
8 29
11 19
6 3
18 28
13 38
20 39
12 10
23 26
3 20
2 1
17 9
9 2
2 6
24 14
12 23
0 10
17 19
21 21
18 12
19 27
10 40
12 20
15 40
13 47
3 53
21 46
23 53
2 49
1 51
8 50
18 13
1 1
16 20
2 22
20 6
22 40
14 11
5 40
13 9
4 47
17 23
12 28
21 40
2 21
7 0
6 12
8 15
18 10
13 40
22 41
11 23
1 10
3 11
12 11
16 0
8 10
13 15
24 29
13 21
21 23
14 17
14 3
8 5
12 24
15 42
13 28
18 42
23 50
3 44
17 47
11 50
6 49
21 53
1 48
8 27
16 14
6 22
21 10
17 7
22 42
7 5
2 42
12 7
14 46
13 3
10 11
6 42
21 25
13 12
2 3
17 4
3 4
7 42
22 43
16 24
1 23
8 6
18 14
12 4
5 10
6 4
8 13
1 0
9 21
0 21
17 12
22 51
0 45
5 45
4 51
20 46
7 50
9 53
14 44
24 50

