317
22 6
0 5
20 30
13 0
15 30
7 52
1 49
8 53
11 44
18 49
3 53
23 45
16 1
21 28
22 27
11 22
3 27
8 30
2 15
17 30
23 18
6 52
14 22
13 27
3 30
21 24
1 18
8 14
13 8
17 24
22 30
10 31
23 7
7 14
6 25
16 15
8 7
18 22
12 23
21 1
23 11
24 3
12 5
6 29
11 10
3 7
15 32
2 8
0 32
20 49
8 52
18 45
21 48
22 51
17 50
7 45
8 24
11 8
1 3
7 21
17 1
22 32
6 24
12 32
21 26
2 49
4 21
19 12
2 32
16 26
1 28
12 17
17 22
21 5
8 32
22 33
13 15
11 19
6 15
18 14
3 3
21 0
19 24
19 27
9 16
6 26
13 20
1 5
2 18
11 17
15 34
7 2
20 34
3 47
22 44
8 48
13 48
0 50
23 51
1 48
8 21
22 28
23 8
16 25
2 17
12 34
24 4
17 34
21 20
10 47
7 24
6 14
6 34
16 23
2 4
1 2
23 15
8 6
3 34
12 35
17 28
22 16
12 21
21 27
7 19
8 13
5 25
23 9
15 8
20 14
21 13
14 28
8 25
7 26
2 36
11 21
15 36
23 48
20 51
21 49
1 44
13 52
18 51
0 45
16 20
13 10
1 13
17 5
2 21
18 36
11 3
22 36
7 8
12 44
6 22
5 17
12 36
2 11
6 13
8 26
13 11
16 22
21 36
17 37
22 13
21 21
1 6
3 5
11 11
10 17
15 0
10 20
3 18
24 8
15 15
17 18
15 17
18 23
0 38
7 18
20 38
11 53
13 45
22 45
17 48
2 50
16 49
8 45
1 17
8 23
16 18
11 6
12 7
3 38
7 3
22 38
17 15
6 46
10 11
19 20
8 38
17 27
22 15
12 20
23 4
1 10
11 38
2 39
13 17
16 11
7 5
6 9
18 4
8 22
14 26
23 22
13 29
2 1
17 16
19 8
8 1
2 5
15 40
7 28
0 40
17 45
23 50
18 52
13 49
20 44
21 52
11 52
8 4
1 20
21 29
23 26
15 7
17 40
6 18
12 40
22 26
4 51
7 27
3 16
6 40
12 6
18 0
8 19
7 10
1 14
11 40
22 41
3 12
13 3
17 17
21 3
2 16
6 7
9 19
7 13
5 0
9 17
24 17
23 28
17 14
0 10
2 42
13 18
20 42
18 48
7 50
15 48
11 51
8 47
23 44
16 44
18 24
16 17
2 2
7 20
10 29
5 42
4 28
22 42
17 4
1 45
12 1
13 5
18 42
16 27
1 11
23 29
12 28
22 7
8 42
5 43
13 22
21 6
17 29
11 7
2 9
11 5
17 8
12 15
13 14
14 19
1 25
4 25
6 48
9 48
5 45
4 53
19 44
12 49
14 48
24 44
10 49

