317
21 25
24 23
18 30
1 12
12 30
0 51
7 47
23 50
6 45
10 50
8 45
11 45
18 1
13 18
12 12
17 26
7 24
20 30
9 17
2 30
16 15
22 52
14 21
1 26
8 30
7 8
21 12
3 27
11 0
18 9
23 30
15 31
6 29
2 3
12 1
13 8
2 2
18 29
11 11
2 24
12 23
14 10
13 27
15 20
6 4
3 2
18 32
21 11
0 32
11 49
7 45
22 53
12 47
13 52
24 50
23 46
18 13
6 18
1 21
16 28
22 28
12 32
17 29
7 32
11 15
21 50
2 26
4 10
2 32
22 2
3 29
7 12
6 1
21 0
16 32
10 33
13 13
8 2
18 12
23 5
1 16
24 16
22 16
22 0
18 15
17 25
15 8
13 17
1 22
3 9
18 34
6 14
23 34
22 44
10 44
7 48
11 53
21 52
8 51
0 47
1 7
21 24
22 9
18 3
7 28
12 34
4 6
15 34
23 26
20 45
6 24
2 7
22 34
16 24
3 19
1 0
8 25
21 19
2 34
12 35
18 19
7 5
11 7
6 6
23 17
19 27
21 27
23 0
21 28
18 24
23 27
8 21
7 20
23 6
0 36
6 22
10 36
21 49
12 52
8 49
24 45
18 52
3 44
13 53
1 18
3 10
11 14
12 10
7 23
20 36
6 28
17 36
13 24
22 49
2 4
16 25
7 36
8 29
22 20
1 29
18 18
11 10
16 36
12 37
2 23
17 14
3 6
6 11
23 19
11 29
7 7
1 11
2 0
5 8
21 1
14 11
0 23
24 0
18 38
21 4
12 38
6 50
1 47
23 45
7 52
10 53
22 47
11 50
6 16
18 6
12 6
13 25
10 21
7 38
17 10
2 38
22 29
16 47
20 7
21 10
23 38
3 13
17 9
22 4
12 17
6 17
11 38
7 39
13 26
1 8
16 27
16 17
2 5
2 22
17 6
0 6
0 18
13 16
5 25
22 18
8 9
10 8
23 40
22 7
12 40
21 47
3 50
6 51
11 52
7 46
1 49
18 47
12 14
23 8
3 28
2 13
7 27
5 40
20 19
17 40
1 4
16 51
14 12
22 11
7 40
23 2
12 13
8 22
6 5
17 19
22 40
0 41
18 7
21 6
13 3
3 1
16 5
21 22
6 15
21 29
18 20
8 8
11 25
18 8
3 20
6 10
18 42
8 13
12 42
24 44
1 52
10 48
22 50
23 52
11 47
7 53
12 22
7 19
13 1
21 3
18 16
22 42
16 11
0 42
11 4
5 50
8 6
17 28
8 42
21 21
18 0
1 27
13 9
2 10
16 42
20 43
12 4
3 8
23 16
11 19
6 21
21 2
21 26
2 1
11 1
18 10
15 27
18 26
9 52
5 45
4 52
2 49
14 44
17 52
16 50
20 47
15 51

