1 6693 360.125000 8739 1606 866 467 1000 3000 1800
2 45030 345.828000 12944 1730 781 433 1000 7000 2000
3 5108 339.844000 14152 1459 863 430 6000 4000 1400
4 5925 346.969000 18131 1458 727 446 9000 4500 2000
5 34609 350.656000 19860 1674 742 444 8000 7500 1500
6 39077 345.718000 16813 1674 711 428 5000 7000 2000
7 17101 345.797000 8836 1518 682 436 2000 2500 1700
8 18543 335.984000 18531 1500 798 433 7000 7000 1800
9 14462 344.298000 15996 1665 908 423 5000 7000 1000
10 6760 351.609000 14218 1635 854 429 5000 4500 1800
