317
1 14
10 10
15 30
21 3
17 30
7 49
11 51
22 50
13 50
9 47
2 50
6 48
6 12
16 1
1 9
7 23
17 19
12 30
0 17
22 30
11 11
3 47
8 8
21 5
7 30
8 21
22 0
3 10
11 5
17 1
21 30
12 31
6 21
1 2
2 20
16 13
1 5
24 29
19 20
23 9
18 14
15 26
7 28
24 16
11 19
15 19
12 32
2 2
6 32
22 46
1 53
3 46
21 52
16 48
9 53
10 46
11 10
16 9
13 9
18 13
20 9
3 32
8 16
22 32
17 14
5 53
14 10
2 9
2 32
1 22
16 2
11 13
13 17
21 19
8 32
17 33
23 20
22 5
7 24
2 8
12 10
3 21
8 3
22 13
7 21
6 19
17 29
22 29
7 2
3 17
10 34
2 24
15 34
6 50
18 48
12 51
21 48
9 52
22 51
1 49
11 15
12 1
1 28
16 15
7 17
20 34
4 15
17 34
6 0
23 44
13 16
2 22
2 34
16 25
18 28
1 3
6 28
17 9
13 34
20 35
12 2
7 5
23 28
8 7
3 7
13 26
5 4
23 27
15 2
20 8
6 6
20 1
2 5
1 6
15 36
6 8
10 36
3 44
12 44
17 51
18 51
7 45
21 49
13 52
18 15
12 4
13 5
17 17
2 15
22 36
14 23
7 36
1 7
20 52
19 21
6 22
12 36
16 21
3 26
2 27
13 23
21 11
6 36
22 37
7 14
8 22
17 3
18 26
11 6
11 3
11 16
6 14
8 5
21 23
22 3
24 17
9 10
18 25
10 38
7 27
15 38
22 44
1 44
17 46
6 49
13 45
21 45
3 48
21 2
6 4
16 8
13 3
10 9
22 38
7 18
2 38
18 20
8 45
12 22
19 10
7 38
17 18
1 11
3 25
13 13
21 15
12 38
22 39
11 7
16 20
8 2
8 28
18 17
0 4
9 16
4 7
3 1
5 22
10 24
6 18
21 0
2 23
10 40
6 11
12 40
15 48
16 52
3 51
1 47
22 52
17 50
7 53
21 7
12 23
13 29
11 23
15 16
3 40
23 23
17 40
22 20
0 46
5 24
6 16
16 40
23 14
2 7
17 23
13 1
12 15
21 40
7 41
3 27
22 1
11 27
1 17
6 7
7 7
11 18
21 22
21 24
21 8
2 29
24 10
7 8
13 19
15 42
6 10
10 42
2 51
21 51
12 45
1 45
3 49
18 47
22 48
22 15
11 26
12 9
1 4
15 23
2 42
17 28
7 42
13 14
23 46
20 6
6 3
22 42
1 19
13 18
23 16
18 3
7 16
12 42
0 43
17 0
21 25
3 2
16 10
8 23
19 8
23 13
5 0
5 10
7 12
4 18
17 27
4 53
23 47
24 52
0 49
14 52
8 44
5 45
19 48
20 50

