1 41128 213.125000 10896 1613 728 455 2000 4500 1600
2 19517 208.485000 16569 1644 880 445 5000 7000 1600
3 16219 220.405000 14972 1728 705 439 4000 6500 1600
4 27866 215.422000 15077 1665 747 465 4000 6500 1700
5 30932 218.297000 14299 1711 734 454 4000 6000 1400
6 8519 226.735000 12251 1579 628 444 4000 4000 1600
7 33034 216.203000 16410 1559 747 404 6000 6500 1200
8 13687 218.484000 18356 1624 856 476 6000 7000 2400
9 8386 211.188000 17698 1616 914 468 5000 8000 1700
10 3357 194.703000 14656 1547 883 426 5000 6000 800
