1 19711 437.786000 10077 1465 749 463 0 5000 2400
2 25390 439.111000 15015 1580 699 436 3000 7500 1800
3 4138 436.288000 16804 1492 663 449 6000 6000 2200
4 8864 451.591000 11671 1492 670 409 4000 3000 2100
5 9086 441.015000 15466 1574 970 422 6000 4500 2000
6 54539 432.341000 14137 1368 645 424 5000 4500 2200
7 8930 433.481000 13438 1497 928 413 2000 7500 1100
8 8362 455.258000 10653 1562 734 457 3000 3000 1900
9 29904 428.410000 17395 1408 1144 443 7000 5000 2400
10 9445 432.840000 20902 1430 740 432 10000 6500 1800
