317
8 20
14 25
18 30
6 15
20 30
3 44
16 44
12 51
13 52
10 49
2 44
11 53
21 29
13 23
12 8
3 5
7 12
15 30
6 5
22 30
11 13
17 46
0 5
1 20
17 30
18 24
13 27
6 13
1 28
23 22
11 30
2 31
16 5
8 2
7 21
21 16
8 13
23 25
9 24
24 4
5 10
7 8
8 28
24 23
18 8
6 17
3 32
12 6
10 32
13 49
8 50
2 52
22 52
21 52
14 53
19 53
18 4
23 15
8 21
17 0
2 16
13 32
12 10
20 32
16 21
7 49
5 13
1 19
12 32
11 4
6 7
21 9
23 1
18 9
2 32
15 33
8 1
22 17
1 14
13 20
7 25
12 7
15 20
23 10
12 1
21 1
24 6
4 25
16 12
4 14
2 34
22 4
20 34
12 46
11 44
13 51
6 51
10 45
8 51
14 46
21 26
8 9
2 4
3 17
12 11
5 34
15 24
17 34
16 22
22 51
23 16
1 27
23 34
16 0
1 2
2 15
13 1
21 23
22 34
5 35
18 27
12 24
6 23
11 28
3 22
16 8
10 4
12 12
11 8
10 23
16 15
3 13
12 27
19 9
3 36
16 10
20 36
11 50
10 44
13 53
18 53
8 44
6 45
14 48
6 21
18 7
3 25
1 15
12 22
10 36
16 26
22 36
2 18
17 52
7 26
9 29
13 36
6 16
17 17
21 21
12 9
3 24
8 36
0 37
22 2
23 17
16 4
7 2
11 17
4 29
13 19
2 26
9 3
13 2
2 21
20 14
22 26
20 15
18 38
16 11
13 38
8 45
2 48
11 49
3 45
12 48
6 52
21 47
12 21
13 16
6 20
18 29
7 11
3 38
16 19
22 38
2 6
1 53
10 12
17 29
12 38
7 10
23 5
16 14
21 14
1 26
17 38
2 39
18 14
8 16
11 3
13 8
6 29
1 8
14 15
0 4
8 8
14 10
12 26
5 18
20 9
14 21
10 40
6 12
12 40
21 50
2 49
18 45
8 48
19 51
3 52
22 44
13 4
18 22
12 23
8 5
20 7
15 40
23 13
2 40
11 9
1 51
7 4
6 0
8 40
21 24
13 18
11 20
12 3
6 10
22 40
15 41
2 27
23 12
7 5
1 24
18 20
4 20
9 15
0 16
5 6
2 28
2 23
22 14
11 21
20 22
12 42
22 15
3 42
21 45
18 50
14 50
6 47
19 46
10 48
2 46
21 19
12 17
6 24
8 27
3 19
10 42
5 7
15 42
2 13
22 48
23 8
1 4
23 42
8 7
22 16
16 2
12 25
2 20
18 42
7 43
11 7
17 12
6 11
13 13
1 9
12 2
13 25
1 10
1 1
16 13
22 21
19 5
15 49
7 47
5 48
1 45
24 46
23 47
0 44
17 44
9 46

