317
3 11
13 20
8 30
22 12
6 30
16 47
21 49
12 53
11 44
18 47
1 51
0 46
7 27
12 7
11 14
6 8
20 29
17 30
22 16
1 30
16 23
14 51
5 23
23 21
21 30
22 27
12 5
3 18
16 13
6 0
11 30
17 31
23 16
1 24
7 18
8 6
3 14
2 8
20 7
1 13
5 27
17 17
10 15
9 14
21 11
3 6
5 32
2 21
8 32
13 45
11 50
1 50
16 51
12 45
7 46
0 50
13 17
21 8
11 13
6 27
7 2
17 32
2 24
22 32
16 4
4 47
10 18
20 27
2 32
7 0
1 7
23 29
21 0
6 23
13 32
17 33
16 14
22 11
11 22
8 22
3 23
9 29
7 10
11 11
7 3
10 5
14 3
4 5
16 18
2 6
0 34
11 0
5 34
7 52
8 45
13 48
21 53
9 51
12 52
3 53
13 14
21 19
3 3
1 8
7 14
22 34
15 12
17 34
16 22
4 50
10 1
11 21
7 34
11 25
2 2
1 12
18 12
8 17
3 34
22 35
13 7
17 24
23 3
16 25
6 15
14 12
21 24
16 20
18 20
9 12
23 1
22 6
16 8
7 8
0 36
11 27
8 36
13 46
5 50
21 44
12 46
18 49
3 44
22 46
16 29
3 29
8 24
21 12
12 16
22 36
4 2
17 36
7 20
6 48
2 16
11 24
6 36
12 26
16 0
17 6
8 23
21 10
2 36
22 37
1 28
1 14
11 16
13 3
7 26
23 27
3 16
14 15
13 6
14 7
2 3
12 2
12 19
5 9
8 38
16 12
0 38
13 53
2 44
18 52
22 53
6 53
11 45
21 46
21 9
18 18
6 4
11 8
12 18
22 38
17 15
2 38
8 0
16 53
10 22
7 7
7 38
13 22
1 11
3 21
12 1
21 16
6 38
22 39
16 19
8 20
18 16
17 29
11 9
3 13
22 14
19 11
0 13
17 5
8 10
9 11
9 25
5 5
7 40
21 13
0 40
22 52
13 44
18 44
2 51
11 48
16 45
3 51
2 13
22 13
3 28
1 20
7 21
15 40
23 0
12 40
17 28
10 53
6 1
21 2
2 40
21 4
7 6
1 22
12 15
8 1
23 40
15 41
11 20
13 19
22 24
18 8
6 28
12 10
23 5
24 1
23 18
23 10
7 22
22 5
3 22
18 25
0 42
21 26
5 42
12 47
16 46
9 45
13 51
2 49
7 47
8 52
13 12
1 27
16 7
6 3
7 9
2 42
15 16
22 42
11 12
17 49
14 18
21 1
17 42
12 3
2 7
21 28
8 19
23 20
16 42
10 43
6 19
22 26
13 5
7 19
1 15
21 18
4 29
6 2
23 19
10 9
1 16
10 28
19 52
10 46
15 51
4 49
24 45
23 51
14 44
17 46
20 49

