317
1 28
18 18
5 30
12 19
23 30
11 48
8 50
19 48
22 52
20 47
2 52
7 49
1 9
6 25
23 2
22 23
7 14
15 30
13 23
2 30
18 15
12 45
14 15
21 3
12 30
11 4
7 7
3 3
2 3
22 9
8 30
15 31
13 9
1 22
6 8
23 9
3 21
5 15
12 25
10 21
14 14
2 1
1 6
22 25
23 25
20 28
18 32
1 4
5 32
12 49
7 52
8 45
11 49
2 49
24 47
22 51
6 26
18 4
8 4
7 11
22 11
12 32
1 17
2 32
11 12
16 47
21 22
17 3
7 32
2 8
1 29
16 3
6 18
11 13
21 32
12 33
18 22
16 4
23 20
8 16
3 5
7 1
6 15
3 13
19 10
1 3
14 0
23 21
2 7
3 24
7 34
23 14
5 34
1 48
18 52
22 50
12 48
19 45
11 51
24 45
7 19
8 17
16 20
22 3
17 25
0 34
4 2
12 34
21 8
10 45
9 28
23 15
2 34
7 9
12 26
13 27
18 7
1 11
11 34
20 35
8 21
16 14
21 27
17 20
3 28
23 17
8 8
8 7
15 28
20 15
4 10
12 23
19 11
23 7
5 36
18 5
7 36
4 53
20 49
22 53
12 52
1 45
11 53
24 48
11 21
6 20
8 0
1 0
20 2
2 36
18 1
12 36
22 19
9 52
17 17
16 6
17 36
16 16
7 18
8 27
21 5
12 29
22 36
1 37
6 6
22 18
11 26
18 8
13 22
9 13
4 21
9 3
17 10
5 23
9 15
10 22
5 10
20 14
23 38
6 14
3 38
11 45
18 46
12 44
7 50
22 44
8 53
1 51
23 1
11 22
12 0
17 19
7 24
18 38
21 10
0 38
22 22
16 53
6 0
13 8
7 38
21 28
3 10
1 13
23 16
16 27
6 38
17 39
12 13
8 1
13 15
11 0
22 29
4 28
16 21
13 26
8 11
16 23
5 11
14 22
1 26
5 12
3 40
6 9
18 40
20 45
11 50
22 47
8 51
2 45
7 46
23 45
18 12
2 21
1 24
3 0
10 3
12 40
17 15
22 40
7 26
21 53
16 2
6 5
16 40
2 0
7 5
18 27
17 7
8 26
21 40
12 41
23 29
22 16
1 27
11 25
6 16
15 20
1 2
3 12
20 27
19 18
2 2
11 20
1 1
20 12
5 42
11 10
7 42
22 49
18 47
24 49
12 46
2 44
19 47
23 51
23 18
6 1
8 18
7 28
18 21
13 42
11 6
2 42
22 17
21 51
16 17
17 18
16 42
13 25
22 24
6 4
1 8
8 6
23 42
12 43
17 13
7 29
11 8
18 28
3 20
15 16
15 19
18 14
18 13
13 18
5 4
11 9
17 48
13 52
10 49
0 46
15 45
21 47
9 45
16 50
14 46

