317
17 23
14 12
15 30
23 5
3 30
2 52
11 47
12 46
6 52
13 53
8 52
18 46
16 18
3 28
2 5
13 1
17 15
7 30
23 1
20 30
11 1
1 46
5 9
10 0
2 30
3 7
12 15
18 13
6 9
22 2
13 30
7 31
1 6
16 20
17 29
23 16
18 2
5 22
15 12
8 2
24 24
15 6
0 29
20 6
8 24
6 10
15 32
23 13
12 32
21 46
14 45
17 48
2 44
11 51
18 48
9 50
16 10
13 0
12 4
11 20
17 18
20 32
1 9
2 32
8 8
23 44
7 1
5 19
7 32
16 11
8 26
1 18
17 25
23 23
11 32
20 33
3 10
1 10
13 13
18 26
6 21
2 18
11 11
23 7
4 12
16 1
13 22
23 15
13 29
11 5
15 34
21 2
2 34
8 51
12 51
9 46
6 46
4 44
23 53
14 44
16 8
13 10
8 27
6 7
2 2
23 34
21 22
17 34
11 29
10 45
1 5
7 0
1 34
17 7
11 17
13 20
6 24
2 11
12 34
22 35
16 7
7 28
22 7
8 18
3 17
20 2
8 19
4 0
16 27
18 23
9 16
6 15
4 25
21 23
15 36
6 12
13 36
3 44
11 50
12 52
17 45
8 45
2 45
18 47
16 14
12 11
11 13
1 25
2 3
17 36
10 20
22 36
8 1
19 53
6 18
5 11
1 36
17 19
22 17
23 22
2 23
6 5
12 36
7 37
13 4
11 14
16 0
18 10
3 13
17 17
11 22
4 21
17 4
6 23
15 11
0 15
4 6
3 20
15 38
18 24
13 38
11 44
21 44
12 45
6 49
17 51
2 50
8 48
17 14
2 21
16 24
22 13
12 26
23 38
18 17
7 38
21 26
0 53
10 28
1 22
2 38
17 26
18 12
1 0
8 11
11 4
6 38
22 39
7 27
21 9
12 27
12 20
16 28
14 13
11 6
6 14
18 25
19 11
13 21
23 11
9 24
14 26
3 40
2 9
15 40
12 50
11 52
8 46
23 47
13 47
21 48
6 45
16 16
3 12
13 23
12 18
5 13
17 40
2 10
22 40
11 8
20 49
7 17
1 14
6 40
23 12
11 15
13 8
2 13
1 28
21 40
17 41
7 13
22 11
3 21
8 17
16 2
4 3
19 6
0 12
5 17
24 3
5 26
17 3
21 24
2 19
8 42
6 2
15 42
3 48
11 48
4 49
12 49
18 53
23 46
17 52
3 9
17 2
8 0
13 6
18 28
10 42
7 4
22 42
2 27
6 47
1 29
0 14
17 42
13 11
1 15
16 5
8 9
21 17
3 42
12 43
6 16
18 9
11 0
7 11
22 12
10 5
19 12
23 6
15 27
22 15
19 8
3 24
1 49
22 45
20 51
0 47
5 53
7 45
19 50
10 53
24 53

