317
18 4
0 26
5 30
2 26
22 30
21 47
16 48
1 48
10 49
3 45
11 50
12 50
11 8
16 17
18 3
3 3
22 20
8 30
20 4
12 30
6 21
17 46
4 24
2 27
2 30
16 11
3 12
12 28
1 13
6 28
18 30
7 31
23 22
11 27
22 0
21 24
11 15
19 18
15 26
17 0
21 10
13 22
23 17
4 15
12 0
3 22
1 32
21 29
5 32
13 46
22 45
23 48
16 51
11 48
10 46
0 52
13 4
1 8
12 23
2 10
22 1
17 32
21 0
7 32
6 23
4 47
14 3
15 2
12 32
1 26
3 19
7 18
8 14
11 5
23 32
17 33
16 18
7 13
22 12
13 8
2 13
24 22
22 26
11 13
23 7
21 23
20 2
9 10
6 11
23 8
0 34
16 19
10 34
3 49
13 44
5 46
22 50
12 53
18 51
2 49
22 11
13 17
11 28
6 13
2 29
17 34
16 2
7 34
12 7
14 44
20 19
21 28
6 34
13 28
23 28
21 21
1 29
8 27
22 34
17 35
12 9
2 23
17 20
3 6
7 8
6 16
1 0
2 21
2 22
0 3
5 15
4 26
22 6
21 22
5 36
7 2
10 36
3 52
0 47
2 45
23 45
16 46
18 50
13 51
6 12
3 17
2 1
22 4
15 5
17 36
1 22
12 36
21 2
7 45
8 19
20 7
2 36
3 5
12 19
11 7
8 24
16 15
7 36
17 37
13 29
6 26
23 21
1 17
21 5
18 23
5 11
7 19
9 6
14 7
9 20
22 19
5 27
16 13
10 38
18 29
0 38
22 49
21 49
3 48
7 53
2 48
6 53
12 45
7 6
11 24
1 9
6 4
2 28
22 38
8 29
12 38
21 27
18 45
15 12
17 5
6 38
13 19
16 9
18 13
11 17
21 16
8 38
22 39
2 3
7 27
3 15
1 14
12 25
24 27
7 15
21 18
7 16
7 24
8 4
21 1
0 1
5 23
10 40
12 11
1 40
13 50
22 46
3 47
18 44
21 48
6 50
16 53
3 11
21 7
16 6
11 29
0 19
22 40
19 29
7 40
13 21
20 45
17 13
12 27
17 40
11 22
3 26
16 3
18 26
6 18
13 40
22 41
7 3
12 8
2 8
21 20
8 10
3 27
0 9
23 29
12 14
19 7
21 19
19 3
18 12
12 17
2 42
16 21
10 42
5 47
21 44
0 49
7 52
6 46
1 47
22 53
11 4
17 27
18 16
21 14
2 14
22 42
16 12
7 42
12 13
13 52
14 2
4 0
16 42
22 28
8 13
18 8
2 20
11 2
6 42
22 43
1 15
17 6
21 11
3 25
12 2
21 17
20 9
24 9
2 15
17 21
8 7
5 20
17 48
24 51
9 46
8 48
15 49
14 47
20 50
4 52
19 50

