317
2 13
6 10
23 30
12 18
21 30
13 48
18 44
11 48
8 46
5 52
1 49
17 50
1 18
23 7
13 14
21 3
7 3
17 30
14 11
2 30
16 29
12 47
20 26
9 25
12 30
2 29
3 21
23 10
18 11
7 28
1 30
15 31
11 18
22 4
13 19
8 22
22 12
22 10
20 24
11 6
21 16
1 11
18 27
12 1
2 4
8 16
23 32
1 22
5 32
17 45
13 51
22 44
12 52
16 51
11 51
4 48
12 5
16 5
13 21
11 17
2 8
20 32
7 11
17 32
23 29
9 46
1 10
15 16
7 32
13 22
8 28
18 13
17 21
12 25
3 32
20 33
23 3
16 15
2 1
11 19
6 13
15 17
10 25
10 9
11 16
20 22
11 21
20 8
13 12
16 23
23 34
11 4
5 34
21 47
18 46
8 44
1 53
4 44
12 46
22 53
13 23
21 22
22 23
12 15
5 16
0 34
15 12
17 34
23 4
3 47
7 1
11 24
7 34
17 3
11 8
13 16
22 0
18 25
12 34
0 35
8 25
23 8
3 26
21 23
16 22
22 14
9 23
20 15
12 28
8 15
1 17
9 16
12 27
1 26
23 36
11 10
5 36
2 50
17 46
18 45
13 44
8 52
22 51
16 50
16 12
8 19
6 29
22 5
17 1
2 36
7 5
12 36
23 2
0 49
21 25
11 27
16 36
17 19
13 25
11 15
8 6
22 27
7 36
2 37
12 12
6 5
23 15
18 22
1 19
7 0
19 0
5 12
17 17
14 23
5 13
16 24
13 17
17 22
23 38
18 26
5 38
21 48
1 48
2 44
11 53
22 45
12 53
16 48
11 5
21 8
16 4
1 8
22 24
12 38
18 18
7 38
2 24
14 44
0 3
19 26
16 38
23 11
8 26
6 26
18 29
1 28
21 38
2 39
13 11
22 20
11 0
12 6
17 11
10 1
22 13
12 23
13 0
7 15
11 3
16 13
12 10
4 12
5 40
1 2
23 40
2 48
18 52
13 47
16 52
11 47
22 48
8 50
6 4
22 9
2 14
23 23
12 13
18 40
14 22
7 40
17 8
21 49
1 7
3 3
11 40
22 6
3 0
12 3
13 15
6 27
1 40
15 41
7 24
23 26
21 9
18 7
8 23
8 24
16 21
14 2
8 2
7 19
2 16
11 28
2 20
17 9
5 42
18 15
23 42
22 47
11 46
21 44
13 52
8 48
1 44
16 44
8 1
23 19
22 25
21 10
15 0
12 42
7 14
2 42
11 26
9 49
18 21
19 24
16 42
13 20
6 12
3 19
22 22
1 23
7 42
12 43
23 22
2 0
11 29
21 7
17 20
5 0
12 24
12 21
23 16
0 29
3 11
22 21
0 45
10 44
14 52
20 48
9 44
7 52
15 49
3 49
19 53

