317
3 17
24 27
15 30
17 12
10 30
12 52
21 53
22 47
5 45
13 44
6 50
0 48
21 11
11 16
16 4
22 9
12 9
7 30
18 15
2 30
6 2
17 49
23 26
1 12
13 30
12 3
3 19
23 4
18 29
6 24
1 30
7 31
11 8
21 1
16 21
17 2
23 10
16 23
6 12
9 19
10 15
5 29
22 2
7 14
11 12
0 29
15 32
21 13
5 32
22 53
24 53
13 49
12 45
2 46
3 52
10 46
2 18
6 7
3 8
22 24
12 16
18 32
21 19
7 32
16 17
23 46
1 13
14 28
12 32
1 11
3 16
8 13
11 4
16 7
23 32
17 33
6 15
8 11
21 3
13 6
2 8
11 22
21 28
8 16
21 27
16 25
15 11
18 7
21 5
7 25
10 34
0 20
15 34
2 45
12 44
3 45
22 51
6 48
17 52
5 44
6 22
1 16
11 23
13 5
17 3
2 34
9 9
22 34
21 12
20 52
19 12
8 5
1 34
22 6
8 23
6 9
16 27
2 16
21 34
12 35
23 27
17 4
12 17
18 18
7 2
24 8
17 22
14 3
20 19
4 6
16 20
3 3
11 3
7 7
5 36
17 17
15 36
22 46
24 48
21 48
10 52
3 47
13 53
0 52
1 15
16 16
6 29
2 21
20 15
3 36
17 5
12 36
7 16
8 52
23 13
18 28
22 36
8 20
18 23
16 26
21 10
1 22
11 36
2 37
13 18
11 11
6 3
17 19
23 7
15 16
23 11
18 19
24 29
2 5
2 17
17 7
0 13
10 8
12 38
3 18
15 38
21 44
6 53
22 44
2 50
24 49
11 51
5 46
21 0
2 6
11 15
6 25
12 27
8 38
23 5
17 38
7 18
3 46
20 1
1 8
3 38
18 10
11 5
12 28
17 6
6 1
2 38
7 39
23 3
1 23
22 20
22 10
16 6
21 20
0 8
21 18
15 4
0 27
13 23
15 6
10 29
21 9
11 40
0 10
15 40
22 49
6 51
13 51
2 49
24 52
7 47
3 50
16 29
13 10
12 11
11 24
2 0
23 40
9 2
17 40
6 28
20 44
1 5
8 8
22 40
2 25
13 26
23 23
18 5
11 21
1 40
5 41
17 28
16 1
3 29
8 17
12 21
17 25
0 15
14 24
13 3
6 4
23 24
1 24
6 20
0 25
15 42
17 13
10 42
2 53
21 50
5 53
22 48
3 44
12 50
7 53
17 14
7 17
6 13
11 19
2 2
12 42
8 24
22 42
16 28
18 51
19 6
1 10
6 42
13 13
1 7
7 1
18 25
22 18
3 42
12 43
16 24
8 15
11 26
17 1
21 14
19 17
12 6
13 2
5 19
9 15
14 16
0 4
18 48
19 47
9 49
8 53
14 53
1 44
4 52
23 45
20 53

