317
1 14
18 7
6 30
13 16
20 30
12 49
8 45
11 45
3 47
10 51
23 53
5 45
1 6
12 24
11 24
17 3
7 29
23 30
9 4
2 30
18 20
22 49
19 16
13 7
11 30
21 2
12 3
3 27
13 17
6 11
22 30
15 31
23 12
2 2
7 19
8 19
2 23
9 14
11 15
14 16
14 22
7 5
2 7
3 15
1 15
20 19
12 32
18 15
5 32
11 50
17 45
3 50
21 46
8 46
10 53
2 53
17 28
6 27
21 10
8 12
12 4
22 32
16 10
2 32
1 16
7 50
14 10
18 26
7 32
6 2
17 8
2 17
3 23
21 17
11 32
22 33
18 10
1 23
13 21
8 15
16 22
11 10
11 28
5 21
11 19
8 5
10 7
21 11
11 14
3 26
17 34
23 6
1 34
7 45
8 47
21 50
12 45
5 50
10 47
6 52
11 13
8 9
1 18
2 21
17 21
5 34
24 25
12 34
21 14
4 45
16 12
23 10
7 34
11 17
2 15
1 2
16 16
6 22
8 34
20 35
12 23
18 9
22 19
17 17
3 3
18 16
21 0
15 26
13 26
5 8
1 10
5 14
3 10
7 8
5 36
2 3
10 36
23 48
13 49
12 52
1 48
18 44
21 47
8 53
3 0
12 13
13 11
1 28
5 12
22 36
14 12
17 36
7 10
20 46
2 25
16 23
16 36
6 5
3 6
1 27
18 2
21 8
13 36
22 37
12 9
12 21
8 10
2 8
17 19
17 0
20 15
2 0
11 22
23 20
18 8
19 1
1 29
10 29
5 38
13 0
20 38
18 45
17 46
23 45
3 45
7 47
11 44
2 45
21 1
1 5
23 5
17 26
2 29
18 38
22 8
7 38
11 7
16 45
13 5
12 0
22 38
7 3
13 15
2 18
12 16
16 17
3 38
17 39
1 11
8 3
21 28
21 12
6 20
3 17
16 20
18 23
24 23
22 26
24 28
22 10
18 18
20 12
5 40
17 24
10 40
3 48
13 44
1 45
23 51
2 46
21 49
7 48
21 22
2 28
1 0
3 25
22 14
8 40
19 11
12 40
6 16
4 51
17 12
16 26
2 40
12 17
16 1
1 25
11 2
18 6
3 40
7 41
21 25
13 20
17 9
23 3
6 18
3 2
16 29
15 25
18 13
19 9
15 5
5 18
11 1
20 14
7 42
17 2
5 42
12 51
3 53
10 49
1 49
21 45
13 46
18 53
1 24
11 23
18 11
2 12
7 7
12 42
16 24
22 42
6 19
17 49
9 24
0 14
11 42
12 22
22 15
7 0
18 17
8 17
1 42
2 43
17 4
6 17
13 19
16 6
21 4
13 9
2 26
4 29
15 29
18 1
10 19
9 20
22 51
15 48
9 52
24 51
4 50
0 45
16 50
14 47
19 46

