317
21 15
8 22
13 30
7 9
3 30
20 45
12 49
6 48
19 47
1 53
18 47
11 48
21 26
12 13
1 8
6 29
13 8
17 30
0 17
22 30
16 0
2 47
5 11
7 0
6 30
22 10
7 28
11 3
18 29
2 19
21 30
15 31
23 14
13 0
12 20
1 27
13 21
0 3
2 23
14 14
1 25
4 16
0 21
16 9
18 13
6 14
13 32
16 5
3 32
1 52
7 47
11 45
21 44
8 48
12 53
20 49
12 14
3 6
13 23
11 28
7 24
22 32
16 23
17 32
21 20
2 48
5 15
0 14
8 32
12 1
7 26
3 18
18 25
11 15
21 32
22 33
16 14
1 3
2 3
13 10
6 2
13 2
14 1
20 5
11 7
23 19
10 21
18 17
8 28
18 2
3 34
14 13
12 34
21 46
16 53
1 47
6 44
20 46
11 47
19 49
16 8
21 8
1 28
3 25
12 29
22 34
5 7
7 34
6 28
15 50
17 8
2 24
16 34
7 20
3 12
1 15
11 8
17 2
2 34
22 35
8 0
13 26
23 5
12 15
18 1
5 18
22 7
12 25
14 26
7 1
16 6
21 13
21 4
23 7
13 36
8 4
18 36
7 50
6 53
1 51
4 46
11 46
3 47
20 50
7 15
6 7
21 24
1 0
18 7
15 36
0 9
10 36
23 2
22 53
8 2
2 21
1 36
2 27
11 26
12 21
6 6
18 18
7 36
15 37
13 20
7 10
21 2
3 20
22 18
12 6
3 2
18 22
13 19
7 25
10 4
13 17
4 0
20 28
18 38
21 10
13 38
16 52
6 45
11 52
3 44
12 51
8 46
1 48
3 8
1 12
11 9
6 15
12 16
15 38
2 7
22 38
8 9
17 50
5 27
21 11
3 38
23 11
11 25
12 12
18 24
6 12
17 38
7 39
16 15
22 26
2 10
1 29
21 17
9 12
10 0
7 17
12 17
2 11
10 10
2 12
20 16
14 18
3 40
13 7
7 40
1 50
18 51
21 48
11 51
12 48
6 46
16 45
21 0
6 22
3 11
1 2
7 14
17 40
10 12
22 40
12 10
15 53
2 14
13 24
6 40
23 22
12 24
11 13
2 15
1 14
21 40
17 41
7 5
22 27
3 7
8 5
16 10
18 28
6 11
1 18
0 12
9 9
13 12
23 16
11 21
20 13
12 42
6 13
3 42
19 48
23 44
14 52
18 49
21 49
1 46
8 49
18 3
1 5
3 5
17 27
12 3
22 42
2 8
7 42
16 12
24 50
10 28
6 8
1 42
16 4
7 19
12 23
13 18
22 2
6 42
15 43
2 13
11 17
18 26
3 27
21 21
8 18
4 19
5 12
0 19
14 5
24 24
9 26
22 49
9 46
24 49
5 45
0 44
17 52
10 49
2 49
15 44

