317
1 10
14 0
15 30
6 15
10 30
22 53
2 48
7 47
13 53
12 51
23 48
9 49
2 12
13 28
12 6
1 8
7 4
22 30
5 13
17 30
11 23
21 51
3 4
6 9
1 30
2 17
7 19
17 0
21 16
13 10
6 30
22 31
3 14
16 21
8 20
12 25
16 8
23 18
3 22
8 14
7 21
24 21
13 20
23 12
11 9
6 24
15 32
1 1
17 32
13 52
9 46
12 47
23 44
7 51
10 44
14 48
12 21
13 3
11 7
16 14
17 29
22 32
1 27
2 32
7 23
21 47
8 1
5 7
12 32
16 4
2 24
13 2
11 19
21 2
8 32
22 33
3 15
13 1
7 0
17 22
1 28
18 24
21 20
21 17
19 24
14 23
16 0
22 1
6 18
16 3
13 34
17 10
10 34
9 52
2 50
18 47
23 50
1 44
12 48
15 53
2 14
12 0
11 2
1 4
18 6
22 34
24 2
5 34
13 27
8 51
17 15
3 8
1 34
7 17
11 15
13 14
17 28
2 20
12 34
20 35
6 5
8 10
22 27
18 22
3 20
5 16
0 10
13 15
6 11
0 12
3 27
23 16
23 10
2 21
15 36
7 10
13 36
6 53
9 45
11 44
12 49
1 46
22 46
10 50
11 16
6 13
1 14
16 23
12 18
18 36
7 9
22 36
2 10
8 48
3 16
21 4
1 36
11 8
23 7
21 10
3 10
16 18
7 36
17 37
6 22
6 16
13 25
12 3
2 19
21 25
9 9
8 5
9 25
19 11
13 6
24 18
15 25
17 27
10 38
6 7
13 38
23 52
7 50
2 46
18 53
12 45
16 46
1 45
12 7
2 23
16 26
13 21
18 26
22 38
3 25
7 38
11 26
21 45
0 6
6 14
2 38
18 9
6 26
7 28
13 29
21 6
12 38
22 39
11 18
16 28
3 6
3 23
17 6
5 12
1 26
21 15
1 21
1 20
5 5
6 28
10 23
14 8
17 40
7 24
15 40
9 50
23 51
12 44
11 51
13 44
6 52
2 49
6 23
17 4
18 1
16 29
12 24
0 40
8 6
22 40
11 10
21 48
7 5
3 3
13 40
23 1
17 3
11 13
12 2
18 0
21 40
0 41
7 8
22 17
16 25
8 25
3 11
0 24
16 27
7 15
15 0
3 13
12 22
16 16
12 1
1 16
15 42
11 6
17 42
7 44
23 47
9 44
6 47
22 50
10 45
2 45
2 25
7 18
6 10
16 9
18 15
22 42
21 23
12 42
1 29
3 53
8 12
11 22
7 42
23 3
2 16
11 29
13 11
17 12
3 42
22 43
8 21
12 15
21 0
6 20
18 8
6 12
20 6
22 20
10 0
5 26
9 12
4 18
21 44
20 53
24 46
5 48
0 47
3 46
19 51
8 46
4 53

