r\t   0   1   2   3   4   5   6   7   8   9  10  11  12  13  14  15  16  17  18  19  20  21  22  23  24 
  0  -1  -1  -1  28  -1 198  -1  -1  -1  -1  -1  -1  -1 160  -1  -1  -1 116  -1  -1  -1 287 280 280  -1 
  1  -1  -1  -1  -1  -1 301 208 291  -1  -1  -1  -1  -1  -1  83  -1 170  -1  -1  -1  -1  -1  -1  -1  -1 
  2  -1  -1  -1 247  -1  -1 111  -1  -1  -1  -1  -1  -1  -1  -1  -1 240 154  43  -1 265 124  -1  -1  -1 
  3  -1  79 179  -1  -1  -1 189  -1 188  -1  -1  29 216  -1  -1  -1  -1 126  25 150  -1  -1  -1  -1  -1 
  4  -1  -1  -1  -1  -1  66  -1 210 217  -1  -1  -1 212  -1  -1  -1  -1 159  -1  -1  -1 232 173  -1 261 
  5  -1  -1  -1  73  -1 282  -1 168  -1  -1  -1 132 255  71  -1  -1  -1  -1 286  -1  -1 147  -1  -1  -1 
  6  -1  -1  -1  -1 263  -1 302  -1  -1  -1  -1  56  -1 289  -1  -1 123 284 205  -1  -1  -1 290 254  -1 
  7  -1  85  -1  -1  -1  -1  -1  42  -1  -1  -1  -1  -1  -1  -1  -1  -1  -1  -1  -1  -1  -1 220  -1  -1 
  8 125  38  -1  -1  -1  -1 158 211  -1  -1  -1  -1  -1  -1  -1  -1 145  -1 267  -1  -1 190  57 115  -1 
  9  -1  62  -1 243  -1  -1  45  -1  -1  -1  -1 234  -1 106  -1  -1 256  39 305  -1  -1  -1  -1  -1  -1 
 10  -1  47 194  -1 238  -1  -1  -1  -1  -1  -1  -1  35 242  -1  -1   3 292  -1  -1  -1  -1  20  -1  -1 
 11  -1  -1 221  -1  -1  -1  -1  -1  -1 303  -1 127 129  37  -1  -1 276  -1  -1  -1  -1  -1  -1 131  -1 
 12  -1  -1  15  -1  22  -1  91  26 122  -1  -1  -1  16  16  -1  -1  -1  -1  -1  -1  -1  -1  -1  -1  -1 
 13  -1  -1  -1 199  -1  -1  -1 100  -1  -1  -1  -1 257  -1  -1  -1  -1  82  -1  -1  -1  -1  -1  13  -1 
 14 148 148  -1  -1  -1  -1  -1  58  -1  -1 176  -1 279  -1  -1  -1  -1  -1  -1  -1  -1  -1 114  27  -1 
 15  -1 157  -1  -1  -1  -1 223  -1  -1  -1  -1 252  72 201  -1  -1 128 135  -1  -1  -1  -1 192 192  -1 
 16  -1  -1 300  -1  -1  -1  -1 304  -1  -1 258 144  -1  -1  -1  -1  -1  -1  -1  -1 177  -1  -1  36  -1 
 17  -1  -1  -1  -1  -1  -1  -1  -1  -1  -1  -1  -1  -1  -1  -1  -1  23  -1  -1  -1  -1  -1  -1 202  -1 
 18  -1  -1  -1  -1  -1  -1 278  -1 277 110  -1  -1  -1  -1  -1  -1 102  -1  -1  -1  -1  -1  -1  -1  -1 
 19  -1  88  87  -1  -1  -1  80  -1  -1 215  -1 298  -1  77  -1  -1  76  -1  -1  -1  -1  32  -1  -1  -1 
 20  -1 103 264  -1  -1  -1 297 146 152  -1  -1  -1  -1  -1  -1  -1  -1  33 299  -1  -1 161  -1  -1  -1 
 21  -1 233  -1  -1  -1  -1  -1  -1  40 259  -1  -1  -1  -1  -1  -1 296  -1  -1  -1  -1  89 171  59  -1 
 22  -1  -1 120  -1  -1  -1   0  70  -1  -1  -1 213  -1 117  -1  -1  -1  -1 307  -1  84  14  -1  -1  -1 
 23  -1  -1  -1  -1  -1  -1  -1  -1 253  -1  -1  -1  60  60  -1  -1 164  -1 108  -1  -1  -1 249  -1  -1 
 24  -1  -1  -1  -1  -1  -1  -1  -1  -1  -1  -1 165  -1  -1  -1 172  -1  -1  -1  -1   1  -1  78  -1  -1 
 25 214 113  -1  -1  -1  -1  12 245  -1  -1  -1 204  -1  -1 306  -1  64  -1  81 169  -1 248 203  -1  -1 
 26  -1 246 209 167  -1  -1  -1  -1  69  67  -1  -1  -1  -1  18  -1  -1 262  -1  -1  -1  -1 236 236 175 
 27  -1 218  41 293 130  -1  -1  -1  34  -1  86  -1  -1  -1  -1  -1  -1 101 166  -1  -1  -1 104 104  -1 
 28  -1  -1  44  -1  -1  -1  -1  -1  -1  -1 260  -1  -1  -1  -1  -1 174 196 191  -1  -1  -1  -1  -1  -1 
 29  -1  -1  -1 155  -1  -1 133  -1  -1  -1  -1  -1 235  -1  -1  -1  -1  -1 121  -1 219  -1  -1  -1  -1 
 30  -1  -1  -1  -1  -1  -1  30  17  17  -1   2   2  -1  -1  -1  -1  24  19  19  19  -1  -1  -1   4   4 
 31  31  31  31  -1  -1  -1  -1  -1  -1  -1  -1  -1  -1  -1  -1  -1  -1  -1  -1  -1  -1  -1  -1  -1  -1 
 32  -1  68  63  63  63  -1  -1  -1  -1  -1  48  48  -1  -1  -1  -1  -1  61  61  -1  -1  74  -1  46  46 
 33  -1  -1  -1  -1  -1  -1  -1  -1  -1  -1  -1  -1  -1  -1  -1  -1  -1  75  75  75  -1  -1  -1  -1  -1 
 34  -1  -1 107 107 107  -1 118 112  -1  -1 105 105  -1  -1  -1  -1  -1  90  90  -1  -1  -1  92  92  -1 
 35  -1  -1  -1  -1  -1  -1  -1  -1  -1  -1 119 119 119  -1  -1  -1  -1  -1  -1  -1  -1  -1  -1  -1  -1 
 36  -1  -1 156  -1  -1  -1  -1 136 136  -1  -1 162 151 151 151  -1  -1  -1  -1  -1 134 134 149 149  -1 
 37  -1  -1  -1  -1  -1  -1  -1  -1  -1  -1  -1  -1  -1  -1  -1  -1  -1  -1  -1  -1  -1  -1 163 163 163 
 38  -1 200  -1 206  -1  -1 180 180  -1  -1  -1  -1 195 195 195 193 193  -1  -1  -1  -1  -1  -1 178 178 
 39  -1  -1  -1  -1  -1  -1  -1  -1  -1  -1  -1  -1  -1  -1  -1 207 207 207  -1  -1  -1  -1  -1  -1  -1 
 40  -1  -1  -1  -1  -1  -1 250 239 239 239  -1  -1  -1 244  -1  -1  -1  -1 237 237 224 224  -1 222 222 
 41  -1  -1  -1  -1  -1  -1  -1  -1  -1  -1  -1  -1  -1  -1  -1  -1  -1 251 251 251  -1  -1  -1  -1  -1 
 42  -1  -1 283 283 283  -1  -1  -1 294  -1 266 266  -1 281 281  -1  -1  -1  -1  -1  -1 288  -1 268 268 
 43  -1  -1  -1  -1  -1  -1  -1  -1  -1  -1  -1  -1 295 295 295  -1  -1  -1  -1  -1  -1  -1  -1  -1  -1 
 44  -1  -1  -1  -1  -1  -1  -1  -1   7 308 229 184  -1 315  -1  -1 137  -1  -1  -1  -1  -1  -1  -1  -1 
 45 197  -1  -1  -1  -1  -1  -1  99  49  -1  -1 225  50  -1  -1  -1 273 272   5  -1  -1  -1 185  -1  -1 
 46  -1  -1  -1  21  -1  -1  -1  11  -1  -1  -1  -1  -1  -1  -1  -1  -1  -1  -1  -1  98 186  -1  -1  -1 
 47 109  -1  -1 313  -1  -1 269  -1 187  -1  -1  -1 231  -1  -1  -1  -1 226 140  -1  -1  -1  -1 139  97 
 48  -1 275 142  -1  -1 312  -1  55  -1  -1  -1  -1  -1  -1 309  -1  52  -1 183  -1  -1  -1  -1  -1  -1 
 49  -1 181  10  -1  -1  -1  -1  -1  -1 153  -1  -1   6  -1  -1 311  93  -1  -1 285  -1  -1   9  -1  -1 
 50 316  -1  -1  -1  -1  -1  -1  -1  95  -1  -1  -1  -1  -1  -1  -1  -1  -1  -1 310  -1  -1  -1  -1  -1 
 51  -1 228  -1  -1  -1  -1  -1  -1  -1  -1 138  -1  -1  -1  -1  -1 182  -1  -1  -1  -1  65  -1  -1  -1 
 52  -1  -1  -1  -1  -1  -1  -1 274 270  -1  -1  -1 141  -1  -1  -1 230  -1  -1  -1  -1   8 271  -1  -1 
 53  -1 143  -1  -1 314  -1 241 227  -1  -1  -1  96  94  -1  -1  -1  -1  53  -1  -1  54  -1  51  -1  -1 

r\t   0   1   2   3   4   5   6   7   8   9  10  11  12  13  14  15  16  17  18  19  20  21  22  23  24 
  0  -1  -1  -1  -1  -1  -1  -1 152  27  -1  -1  -1  -1  -1  -1  86  -1 259 262  -1  -1  -1  -1  -1  -1 
  1  -1  -1 277  -1  -1  -1  -1  -1  -1  -1  -1  15 128  -1  -1  -1  -1  88  -1  -1  -1  -1  -1 290  -1 
  2  -1 202 159  -1  37  -1  28 234  -1  -1  -1 240  -1  -1  -1  -1  -1  -1  -1  -1 177 126 276  -1  -1 
  3  -1   3  13  14  -1  -1  -1  -1  -1  -1  -1  -1 211  -1  -1  -1  25  -1 157  -1  -1  -1  -1  -1  -1 
  4  -1  47 236 236  -1  -1  -1  -1  -1  -1  -1  -1 302 208  -1  -1  -1 233  -1  -1  -1 144 300  -1  -1 
  5 303 103  -1  -1  -1  -1  -1 252 232  -1  -1  -1 148 148  -1  -1 217 145  -1  -1  -1  -1  -1  -1  -1 
  6  -1  79  -1  -1  -1  -1  -1 104 104  -1  -1  70  -1  -1  -1  -1 108  -1  -1  -1  -1 247  -1  -1  67 
  7  -1  -1  -1  -1  -1  -1  -1  -1  -1  -1  -1 210  -1  -1  -1 106  -1 120  -1  -1  -1  -1  57  -1  18 
  8  -1  -1  -1 263  -1 242 199  -1  -1  -1  -1 189  -1  -1  -1  43  -1  85  -1  -1  -1  -1 175  -1  -1 
  9  -1  -1 306  -1  -1  -1  -1  -1  -1 155  -1  -1  -1 131  -1  -1  -1  -1 212  -1 170  71  -1  -1 282 
 10  -1  -1  -1 174  -1 258 132 133 160  -1  83  -1  -1  -1  -1  -1 166  -1  -1  -1  -1  -1  -1  -1  -1 
 11  -1 214  -1  -1  41  -1  -1  44  -1  40  -1  -1  -1  -1  -1  -1  -1  -1  -1  -1  -1  -1 147  -1  -1 
 12  -1  -1  58 260  -1  -1  -1  -1  -1 216  -1  -1  -1   1  -1  -1  -1 172  81  -1  -1  -1  -1  -1  -1 
 13  -1  -1  -1  -1  -1  -1  -1  -1   0  -1  -1  -1  -1  -1  -1  -1  -1 176 298 150  -1  77  -1  -1  -1 
 14  -1 158  29  -1  -1  -1  -1 291  36  -1  -1  -1 261  -1  -1  -1  -1 307 113  -1  -1  -1  -1 102  -1 
 15 127  -1  -1  56  -1  -1  -1  -1  12  -1  -1  -1  -1  -1  -1  -1  59 167  -1 218  -1  -1 123  -1  -1 
 16 215  62  -1  -1  -1  -1  -1  -1  -1  -1  -1  -1  -1  -1  -1  -1  -1 201  -1  -1  -1 205  -1 221  -1 
 17  -1  -1  -1  -1  -1  -1 117 190  -1  -1  -1 165 219 164  -1  -1 253  -1  -1 286  -1  -1  -1  -1  -1 
 18 305  -1  -1 100  -1  -1  45 168 256  -1  -1  -1 284  -1  -1  -1 289 264  -1  -1  -1 188  -1  -1  -1 
 19  -1  23  -1 122  -1  -1  -1 124 196  -1  -1  -1 114 301  -1  -1 204  -1  -1  -1  -1  26 101  -1  -1 
 20  -1 191  -1  -1  -1  -1 249  -1 154 110  -1 129  80  20  -1  -1  -1  -1  -1  -1  -1  -1  16  16  -1 
 21  -1 223 192 192  -1  -1 257  78 293  39  -1 146  -1  76  -1  -1  89  -1  -1  -1  -1 121  -1  -1  -1 
 22  -1  -1 220  -1  -1  -1  -1  -1 209  -1  -1 267  -1 115  22 287  -1  -1  -1  -1 173 278  -1  -1  -1 
 23  -1  35  82 245  -1  66  -1  33 135  -1  -1  91  -1 279  -1  -1  73  -1  -1  -1  -1  -1  -1  34 130 
 24  -1 255  -1  -1  -1  -1  -1  60  60  -1  84 111  -1  -1  -1  -1  -1 248 254  -1  -1 161  -1  -1  -1 
 25 198 238  -1  -1  -1  -1  -1  -1  -1  -1  -1  64  -1  -1  -1  -1  -1  -1  -1  -1  -1  -1  -1  -1  -1 
 26  -1  -1 292  -1  -1  -1  -1  -1  87  -1  -1  42  -1  -1  -1  -1 235  -1  32  -1  -1  -1  -1  -1  -1 
 27  -1  -1  69 213  -1  -1  -1  -1  -1  -1  -1  -1  -1 194  -1  -1  -1 280 280  -1  -1  -1  72  -1  -1 
 28  -1  -1  -1 299 169  -1 179  -1  -1  -1  -1  -1  -1  -1  -1  -1  -1  -1 243  -1  -1  -1  -1 116  -1 
 29  38 296 203 304  -1  -1 297  -1  -1  -1  -1 171  -1  -1  -1  -1  -1  -1  -1  -1 265 125 246  -1  -1 
 30  -1  -1  -1   4   4  19  19  19  -1  -1  -1  -1  -1  -1  -1  17  17  24  -1  -1   2   2  30  -1  -1 
 31  -1  -1  -1  -1  -1  -1  -1  -1  -1  -1  31  31  31  -1  -1  -1  -1  -1  -1  -1  -1  -1  -1  -1  -1 
 32  -1  -1  -1  46  46  -1  -1  -1  74  -1  -1  -1  63  63  63  -1  -1  61  61  -1  48  48  -1  68  -1 
 33  -1  -1  -1  -1  -1  -1  -1  -1  -1  -1  -1  -1  -1  -1  -1  -1  -1  75  75  75  -1  -1  -1  -1  -1 
 34  -1  -1  -1  90  90  -1  -1  -1 112  -1  -1 118 105 105  -1  -1  -1 107 107 107  -1  -1  92  92  -1 
 35 119 119 119  -1  -1  -1  -1  -1  -1  -1  -1  -1  -1  -1  -1  -1  -1  -1  -1  -1  -1  -1  -1  -1  -1 
 36 151 151 151 134 134  -1 156  -1  -1  -1 136 136 162  -1  -1  -1  -1  -1  -1  -1  -1  -1  -1 149 149 
 37  -1  -1  -1  -1  -1  -1  -1  -1  -1  -1  -1  -1  -1  -1  -1  -1  -1  -1  -1  -1  -1  -1 163 163 163 
 38  -1  -1  -1 180 180  -1 200 206  -1  -1 178 178  -1  -1  -1  -1  -1 195 195 195  -1  -1 193 193  -1 
 39  -1  -1  -1  -1  -1  -1  -1  -1  -1  -1  -1  -1  -1  -1  -1  -1  -1  -1  -1  -1  -1  -1 207 207 207 
 40  -1  -1 250 222 222  -1 224 224  -1  -1  -1 244  -1 237 237  -1  -1  -1  -1  -1 239 239 239  -1  -1 
 41  -1  -1  -1  -1  -1  -1  -1  -1  -1  -1  -1  -1 251 251 251  -1  -1  -1  -1  -1  -1  -1  -1  -1  -1 
 42 281 281  -1 266 266  -1  -1 283 283 283  -1 294  -1  -1  -1  -1 288  -1  -1  -1  -1  -1 268 268  -1 
 43  -1  -1  -1  -1  -1  -1  -1  -1  -1  -1  -1  -1 295 295 295  -1  -1  -1  -1  -1  -1  -1  -1  -1  -1 
 44  -1  -1  -1  -1  -1  -1  -1 185  -1  -1 229 285  -1  -1  -1  -1 182   5  21  -1  -1 137  11  -1 241 
 45  -1 143 186  -1  -1  -1  -1  -1  -1  -1  99  10  -1  98  -1  -1  53  -1 311  -1  -1 183  -1 184  -1 
 46  -1  -1  -1  -1  -1  -1 270  95  55  -1  -1  -1  -1  -1 309 316  -1 141  -1  -1  -1  -1  -1  -1  -1 
 47  -1  -1  -1  -1  -1 313  -1   8 231  -1  -1  51  -1  -1  -1  -1 140  -1  -1  -1  -1  -1  -1  65  -1 
 48  -1  -1   9  -1  -1  -1  96  -1  -1  -1 275  -1  -1  -1  -1  -1  -1  -1 153  -1  -1 274  -1  -1 315 
 49  -1 271  -1  -1  -1  -1  -1 269  -1  -1  -1  -1  -1 142  -1  -1   7  52  -1  -1  -1 225  49  -1  -1 
 50  -1 181 273  -1  -1  -1  -1  -1  -1  -1  -1 227  -1  -1  -1  -1  -1 230  -1  -1  -1  -1 226   6  -1 
 51  -1  -1  -1  -1  -1  -1  -1  -1 187 312  50  -1 197  -1  -1  -1  -1  -1  -1 310  97  -1  -1  -1 109 
 52 314  -1  -1  -1  -1  -1  -1  -1  93  -1  -1  -1 308  -1  -1  -1 228  -1  -1  -1 138  94  -1 139  -1 
 53  -1  -1  54  -1  -1  -1  -1  -1  -1  -1  -1  -1  -1  -1  -1  -1 272  -1  -1  -1  -1  -1  -1  -1  -1 

r\t   0   1   2   3   4   5   6   7   8   9  10  11  12  13  14  15  16  17  18  19  20  21  22  23  24 
  0  -1 146  -1  -1  -1  -1  36 201  -1  -1  -1  -1  -1 223  84 260  -1 208  -1  -1  -1 299  -1  -1  -1 
  1  -1 158 127  -1  -1  -1  -1  -1  -1  -1 287  -1  -1  -1  -1  -1 258  47  -1  -1  -1 305  -1  -1  -1 
  2  -1 255  -1  -1  -1  -1  81  -1 135  -1  -1  64 291 101  -1  -1  -1  -1  41  -1  -1  -1  -1  -1  -1 
  3  -1  79 120  -1  -1  -1  -1  33 123  -1  -1  -1 304  -1  -1  -1  -1  -1 196  -1  -1  -1 164  -1  -1 
  4  -1  -1  -1 209  -1  -1  -1  -1  -1  -1  -1 297 108  -1  -1  -1  89 254  -1  85  -1  -1  86  -1  -1 
  5  -1  -1 159  -1  -1  -1  -1 213  14  -1  -1 110  43  -1  -1  -1  -1 303  26  -1 172  -1  -1 282  -1 
  6  -1  -1  -1  -1  -1  -1 133 121  -1  -1  -1 216  -1 293  -1  -1 147 257  -1  -1  -1  -1 296  -1 130 
  7  -1  -1  -1  -1 150  -1  27  -1 252  -1  -1  -1   3  -1  -1  -1  -1 277  -1  -1  67 205  42  -1  -1 
  8  -1  -1  -1  -1  -1  -1  -1 198  -1  -1  -1 263 148 148  -1  -1 114 188  56  83  -1  -1  -1  -1  -1 
  9  -1  -1  -1  -1  -1 217  -1  -1 192 192 306  -1 235 307  -1  -1  -1  -1  -1  -1  -1  -1  -1  -1  -1 
 10  -1  -1 290  -1  -1  -1 100 129 102  -1  -1  -1  -1  71  -1  -1  40  -1  -1  -1  -1 221  -1  -1  18 
 11  -1 189  -1  -1  -1  -1 168  -1  -1  -1 131  -1  23 264 125  -1  44  -1  -1  -1  -1  -1  -1  -1  -1 
 12  -1  -1  -1  -1  -1  -1  78  -1  -1  -1  -1  -1  -1 202 170  -1  -1 104 104  -1  -1  -1  -1  37  -1 
 13  -1 262  -1  -1  -1  -1  -1 154  -1  -1  -1  -1  -1  -1  -1  -1  -1  -1  -1 238  -1 191  16  16  -1 
 14  -1  20 199  -1  -1  -1  -1  -1  -1  -1  -1 248  -1  -1  -1  -1 301  -1 245  -1  -1  -1  -1  -1  -1 
 15  -1  -1  -1  -1  -1  -1  -1  -1 160  -1  -1  -1 247 117  -1  -1 267 214  -1  -1  -1  -1 249  -1  -1 
 16  45  -1 145  -1  -1  -1  -1 284 232 219  -1  -1  -1  -1  22  -1 190  -1  -1  -1  -1  -1 278 292  -1 
 17  -1  -1  -1 167  -1  -1  57  -1 279  -1  -1  -1  35   1  -1  -1  -1  -1  -1  -1  -1  -1 122 246  -1 
 18  -1  59  -1  -1  -1  -1 204 289  -1  -1  -1  -1 124  -1  -1  -1 210 115  -1  -1  -1  -1  -1  -1  -1 
 19 177  -1  -1 194  -1  -1  -1  -1 212  -1  -1  91  -1  -1  -1  -1  -1  -1 280 280  39  -1  -1  -1  -1 
 20  -1  -1  -1  -1  -1  -1 152  -1  -1  -1  -1  15  -1  -1 173 215  76  -1 300  -1  -1  -1  -1  -1  82 
 21  -1  -1  -1  -1  -1  -1  -1  -1  87  -1  -1  29  -1 126 169  -1 220 233  -1  -1 175 144  -1  -1  -1 
 22  -1  -1  -1 113  -1  -1 234 128  -1  -1 155  -1  72  -1  -1  -1 211  80  -1 218  -1  73  -1  -1  -1 
 23 236 236  69 179  -1  -1  -1  -1  62  -1  -1 176 166  77  -1  -1 286  -1  -1  -1  -1 256  -1  -1  -1 
 24  -1  -1  60  60  -1  -1  13  -1  34  -1  -1  -1  -1  -1  -1 302  -1  -1  -1  -1  -1  -1  25  -1  -1 
 25  -1  -1  -1  -1  -1  -1 116 111  -1  -1  -1  -1  -1 157  -1  -1  -1  -1  70  -1 106  32  -1  -1  -1 
 26  -1  28  -1  -1  -1  -1  -1  -1  88  -1  -1 240  -1  -1  -1  -1  -1   0  -1  -1  -1  -1 171 165  -1 
 27  -1  38  -1  -1  -1  -1 276  -1  -1  -1  -1 203 259  -1  -1  -1  12 261  -1  -1  -1  -1  -1  -1  -1 
 28 265  -1  -1  -1 174 132 253  -1  -1  -1  -1  -1  -1 243  -1  -1  58  -1  -1  -1  -1  -1  -1  -1  -1 
 29  -1 103  -1  -1  -1  -1 298 242  -1  -1  -1  -1  -1  -1  -1  -1 161  66  -1  -1  -1  -1  -1  -1  -1 
 30   2   2  17  17  -1   4   4  -1  -1  -1  -1  -1  -1  -1  -1  -1  30  19  19  19  -1  -1  -1  24  -1 
 31  -1  -1  31  31  31  -1  -1  -1  -1  -1  -1  -1  -1  -1  -1  -1  -1  -1  -1  -1  -1  -1  -1  -1  -1 
 32  -1  68  46  46  -1  48  48  -1  74  -1  -1  -1  63  63  63  -1  -1  -1  -1  -1  -1  -1  -1  61  61 
 33  -1  -1  -1  -1  -1  -1  -1  -1  -1  -1  -1  -1  -1  -1  -1  -1  -1  -1  -1  -1  -1  -1  75  75  75 
 34  90  90 107 107 107  -1  -1  -1  -1  -1  -1 112  92  92  -1  -1  -1  -1 118  -1  -1  -1 105 105  -1 
 35  -1  -1  -1  -1  -1  -1  -1  -1  -1  -1  -1  -1  -1  -1  -1  -1  -1  -1  -1  -1  -1  -1 119 119 119 
 36 136 136  -1  -1  -1  -1  -1 156  -1  -1  -1  -1 134 134  -1  -1  -1 149 149  -1  -1 162 151 151 151 
 37  -1  -1  -1  -1  -1  -1  -1  -1  -1  -1  -1  -1  -1  -1  -1  -1  -1 163 163 163  -1  -1  -1  -1  -1 
 38  -1 206 200  -1  -1 180 180  -1  -1  -1  -1  -1 195 195 195  -1  -1 178 178  -1  -1  -1 193 193  -1 
 39  -1  -1  -1  -1  -1  -1  -1  -1  -1  -1  -1  -1  -1  -1  -1  -1  -1  -1  -1  -1  -1  -1 207 207 207 
 40  -1  -1 237 237  -1 222 222 250 224 224  -1  -1  -1 244  -1  -1  -1  -1  -1  -1  -1  -1 239 239 239 
 41  -1  -1 251 251 251  -1  -1  -1  -1  -1  -1  -1  -1  -1  -1  -1  -1  -1  -1  -1  -1  -1  -1  -1  -1 
 42  -1 294 283 283 283 266 266  -1  -1  -1  -1  -1 281 281  -1  -1 288  -1  -1  -1  -1 268 268  -1  -1 
 43  -1  -1  -1  -1  -1  -1  -1 295 295 295  -1  -1  -1  -1  -1  -1  -1  -1  -1  -1  -1  -1  -1  -1  -1 
 44 229  -1  -1 143  -1  -1  -1  -1 183  -1  -1 228  -1  -1  -1  -1  -1  -1 274  -1  -1 184  -1  -1  -1 
 45  -1  -1  -1  -1  -1  -1  -1  -1  -1 185  -1  53  -1  -1  -1  -1 181  -1  -1  -1  -1  -1 186  -1  -1 
 46  -1 227  -1  -1  -1  -1  -1  -1 270  -1  -1  -1  -1  52  -1 312  -1 231  -1  -1  -1  -1   7  -1  -1 
 47  -1  54  -1  -1  -1  -1  93 315 153 138  -1  -1  -1  -1  -1  -1  -1  -1  49  -1  -1  96  55  -1 285 
 48  -1  -1 140  -1  -1  -1  -1  21  -1  -1 311  -1  -1  -1  -1  -1  -1 141  95  -1 197   8  98  -1 309 
 49  -1  -1  -1  -1 313  -1  -1  -1  -1  -1  -1  10 230  -1 314  -1 139  -1 225  -1  -1  -1  -1  -1  -1 
 50  -1 273  -1 272  -1  -1  -1  -1  -1  -1  -1 137  -1  -1  -1  -1   6 269  -1 316  -1  51  -1  -1  -1 
 51  -1  -1  -1  11  -1  -1  -1  65  -1  97 109  -1 275  -1  -1  -1  -1  -1  -1  -1 310 142  -1 308  -1 
 52  -1  -1 226  -1  -1  -1  -1  -1   5   9  -1  -1  -1  -1  -1  -1  -1  -1  -1  -1  -1  -1  -1  -1  -1 
 53  -1 187  -1  -1  -1  99  -1  -1  -1  50  -1 271 182  -1  -1 241  -1  94  -1  -1  -1  -1  -1  -1  -1 

r\t   0   1   2   3   4   5   6   7   8   9  10  11  12  13  14  15  16  17  18  19  20  21  22  23  24 
  0  -1  -1  -1  -1  -1  -1  -1  -1  -1 260  -1  -1  -1  -1  -1 236 236  -1  84  -1  -1  -1  -1  -1  -1 
  1  -1  -1  -1  -1 287  -1  -1  87  -1  -1  -1 262  64  -1  -1  -1  -1 238  -1  -1  -1 115  -1  -1  -1 
  2  -1  -1  -1  40 198  -1  -1 179  -1 303  -1  -1  -1  -1  -1  -1  -1  -1 217  -1 306  -1  -1 148 148 
  3  -1  69  -1 234  -1  -1 100  -1  -1  -1  -1  -1  -1  -1  -1  -1  -1 154 276  -1  -1  -1 242  -1  -1 
  4  -1  -1 212  -1  -1  -1 146  -1  -1  -1  -1  -1  15  -1  -1  -1  -1 247  14  -1  -1  26  -1  -1  -1 
  5  -1  -1  -1 104 104  -1 209  -1 110  -1 132 203  37  59  -1  -1 157 302 297  -1  -1  -1  -1  -1  -1 
  6  -1 259  -1  80  -1  -1  -1 199 292 216  -1  -1  -1  83  -1  -1 121  18 116  -1  -1  -1  -1  -1  -1 
  7 265 245 192 192  -1  -1  88  -1  -1  -1  -1  28  -1  -1  -1  -1 291  -1  -1  -1  -1  -1  71 123  -1 
  8  -1 284  -1  -1  -1  -1  -1  -1  67  -1  -1  -1  -1  -1  -1  -1  -1  -1  78 155  -1 165  -1 160  -1 
  9  -1 191  -1  -1  66  -1  -1  -1 263  -1  -1  -1  -1  -1  -1  43  -1  -1   0  -1  -1 300  -1 210  -1 
 10  -1  -1  -1  58  -1  -1 249  -1 282  -1  -1  -1  -1 202  -1  -1  29  62  -1  -1  -1  23  -1  -1  -1 
 11  -1  -1 147 124  -1  -1  27 220  -1  -1  -1  -1  -1 289  -1  -1  -1  -1  35  -1  22  -1 133 211  -1 
 12  -1  56  -1  -1  -1 219  -1 169  72  -1  -1  -1  -1  -1  -1  -1 128  -1  -1  -1  -1  -1  77 102  -1 
 13  -1  -1  -1 204  -1  -1  -1 172  -1  -1  -1  -1 171  -1  -1  -1 135  -1  -1  -1  -1  -1  -1  -1  -1 
 14 176 173  -1  -1  -1  -1  -1 126  -1 214  -1  -1  -1  -1  41  -1  -1  -1  85  -1  -1  -1 301 190  -1 
 15  -1  -1  -1  25  -1 257 215  91 256  -1  -1 159  -1  -1  -1 261 150  -1  -1  -1 305 307  -1  -1  -1 
 16  -1 144 253  -1  -1  -1  -1  -1  -1  -1  -1 108  -1  -1  -1  -1  -1  -1  -1  -1  -1  -1 208  -1  -1 
 17  -1  20  16  16  -1  -1 299 252  -1  -1  -1 298 175  -1  -1  -1  -1  81  -1  -1  -1 304  -1  -1  -1 
 18  -1  -1  39  -1  -1  -1 232 145  -1  -1  -1 255  -1  -1  -1  -1 248  -1  -1  -1  -1  -1 103  60  60 
 19  -1  -1  -1  -1  -1  -1  79 296  -1  -1  -1  57  -1  -1  -1  -1  -1  -1  -1  -1  -1  -1  -1  -1  -1 
 20  -1  -1 233 125  -1  -1  36 113  -1  -1  -1 243  -1  -1  -1  -1  -1  -1  -1 174  -1  86 152 240   1 
 21  -1  32  -1  -1  -1  -1  -1  -1 168  -1 177  -1 158  -1  -1  -1  -1  -1 205  -1  -1 101 194  -1  -1 
 22  -1 201  -1  -1  -1  -1  12  -1  -1  -1  -1  -1  -1  -1  -1  -1  47  -1  -1  -1  -1  -1  -1  -1  -1 
 23  -1  -1  45  -1  -1  -1  -1  -1  -1  -1  -1  -1  -1  -1  -1  -1 196  34  -1  -1  -1  -1  -1  -1  -1 
 24 218 161 290 258  -1  -1  -1 130  -1  -1  -1  -1  -1 164  -1  -1 131  -1  -1  -1  -1  -1  -1  -1  -1 
 25  -1  -1  -1  -1  -1  -1  42 166  33  -1  -1  -1  -1 279  -1  -1  -1  -1  -1 106  -1  44  -1  76  -1 
 26  -1 117 127  -1  -1  -1  -1 111  -1  -1  -1  -1  -1  -1  -1  -1 267 114  -1  -1  -1 221  -1 246  -1 
 27  -1  -1  -1  -1  -1  -1 278  -1 129  -1  -1 223 122  -1  -1  -1  82  -1  -1  -1  -1 213  -1 293  -1 
 28 170  -1 280 280  -1  -1 120 277  -1  -1  -1  89  -1  -1  -1  -1  13 167 264  -1  -1 188  -1  -1  -1 
 29  38 235  70  -1  -1  -1 189  -1  -1  -1  -1  73  -1  -1  -1  -1  -1 286  -1  -1  -1   3 254  -1  -1 
 30   2   2  24  -1  -1  -1  -1  19  19  19   4   4  -1  17  17  -1  -1  -1  -1  -1  -1  -1  -1  30  -1 
 31  -1  -1  -1  -1  -1  -1  -1  -1  -1  -1  -1  -1  31  31  31  -1  -1  -1  -1  -1  -1  -1  -1  -1  -1 
 32  46  46  -1  -1  -1  61  61  68  -1  -1  48  48  -1  -1  -1  -1  74  -1  -1  -1  63  63  63  -1  -1 
 33  -1  -1  -1  -1  -1  -1  -1  -1  -1  -1  -1  -1  75  75  75  -1  -1  -1  -1  -1  -1  -1  -1  -1  -1 
 34  -1  -1 112  -1  -1  -1  -1  -1  -1  -1  -1  -1 105 105  -1  -1 107 107 107  -1  92  92 118  90  90 
 35  -1  -1  -1  -1  -1  -1  -1  -1  -1  -1  -1  -1 119 119 119  -1  -1  -1  -1  -1  -1  -1  -1  -1  -1 
 36 134 134  -1 149 149  -1  -1  -1  -1  -1  -1  -1 151 151 151  -1  -1  -1 156  -1  -1 162  -1 136 136 
 37  -1  -1 163 163 163  -1  -1  -1  -1  -1  -1  -1  -1  -1  -1  -1  -1  -1  -1  -1  -1  -1  -1  -1  -1 
 38  -1  -1  -1  -1  -1  -1  -1 200 206  -1  -1  -1 195 195 195  -1  -1 193 193  -1 180 180  -1 178 178 
 39  -1  -1  -1  -1  -1  -1  -1  -1  -1  -1  -1  -1  -1  -1  -1 207 207 207  -1  -1  -1  -1  -1  -1  -1 
 40 224 224  -1 250  -1  -1  -1 239 239 239  -1  -1 237 237  -1  -1  -1  -1 244  -1  -1  -1  -1 222 222 
 41  -1  -1  -1  -1  -1  -1  -1  -1  -1  -1  -1  -1 251 251 251  -1  -1  -1  -1  -1  -1  -1  -1  -1  -1 
 42  -1 266 266 294  -1  -1  -1  -1  -1  -1 281 281  -1  -1  -1  -1  -1 288  -1  -1 283 283 283 268 268 
 43  -1  -1  -1  -1  -1  -1  -1  -1  -1  -1  -1  -1 295 295 295  -1  -1  -1  -1  -1  -1  -1  -1  -1  -1 
 44  -1 184  -1  -1  -1  -1 185   7  -1 310 225  -1  -1 269  -1  -1  65 308  -1  -1  -1  -1  -1  -1  -1 
 45  97  -1  -1  -1  -1  -1 229  -1  -1  -1 271  -1  -1  -1  -1  -1 285  -1 181  -1  -1 270  -1  51  -1 
 46  -1  -1 140 274  -1  -1 139  -1 197  -1  95 141  -1  -1  -1 109  -1  -1  53  -1  -1  -1  -1  -1  -1 
 47  -1  99  -1 183 315  -1  -1  -1  -1  -1  -1  -1  -1  -1  -1  -1 226  -1  -1  -1 138  -1   9  -1  -1 
 48  -1  -1  -1  -1  -1 316  52 272  -1  -1  -1  -1  -1  -1  -1  -1  -1  -1 137  -1  -1  -1  -1  -1  -1 
 49  -1  -1  94  54  -1  -1  -1  -1 153  -1  -1  -1  -1  -1  -1  -1  -1  -1  -1  -1  -1  -1  -1  -1  -1 
 50  -1  -1   6 227  -1  -1 275  -1  -1  -1  -1 273  -1  -1  -1  -1 182  -1  96  -1  -1  -1  -1  -1  -1 
 51  -1  -1 228  11  -1  -1  -1 142 309  -1  -1 187  -1 231  -1 311  -1  -1  -1  -1  -1 143  50  21  -1 
 52  -1  -1  -1  93  -1  -1  -1  -1  -1  -1  -1  -1 313   8 312  -1  10  -1  -1 314  -1  -1  98  -1  55 
 53  -1  -1 186  -1  -1  -1   5  49  -1  -1  -1  -1  -1  -1  -1  -1  -1  -1 230  -1 241  -1  -1  -1  -1 

r\t   0   1   2   3   4   5   6   7   8   9  10  11  12  13  14  15  16  17  18  19  20  21  22  23  24 
  0 265 101  -1  -1  -1  -1  56 133 152  -1  -1  -1 120  -1  -1  -1 189 111  -1  -1 177 161  -1  -1  -1 
  1  -1  -1  -1  -1  -1  -1 219  -1  -1  -1  -1 205  -1  -1  -1  -1  43 192 192  -1  -1  -1  -1  76  -1 
  2  -1  70 280 280  -1  84  -1  -1  -1  -1  -1  -1  -1  83 131  -1  -1  -1  -1  -1  -1  -1  -1  -1  -1 
  3  -1  -1  -1 243 175  -1 286 296 213  -1  -1  -1 257 253  -1  -1  -1 279  -1  -1  -1  -1  -1  -1  -1 
  4  -1 218   0  -1  -1  -1  -1  -1  -1  -1 150  -1 242 276  -1  -1 155  -1  -1  -1  -1 122  -1  -1  -1 
  5  -1  -1  -1  -1  -1  -1 220 278  -1  -1  -1  -1  25 159  -1  -1  -1  -1  -1  -1  -1  -1  -1  -1  -1 
  6  18 167  45 116  40 238  -1  58 114  -1  -1 282  -1  -1  -1  -1  -1  -1  89  -1  -1  -1  -1  -1  86 
  7  -1  -1  -1  69  -1  -1  -1  -1  -1  -1  -1 301 188  -1  -1  -1 165  -1  -1  87  -1  64  -1 108  -1 
  8  -1  -1  -1  -1  -1  -1  -1 115 299  -1  -1  -1 254  -1  -1  -1  -1  60  60  -1  -1  -1  -1  -1  -1 
  9  -1 300  -1  -1  -1  -1  -1 179  -1  -1  -1  -1  -1  12  -1  -1  -1  -1  -1  -1  -1 232  -1  -1  -1 
 10  -1  -1  -1 157  -1  -1  -1 194  66 154  -1 235 211  -1  -1  -1  -1  72  -1  -1  -1  -1  -1 293  -1 
 11  -1  -1 148 148  -1  -1 305  -1  36  22  -1  -1  59  -1  -1  -1  -1  -1  -1  -1  -1 246  -1  -1  -1 
 12  -1  -1  -1  -1 287  -1  -1 168  -1  -1  -1  -1  -1  -1  -1  -1  -1  -1 176  -1  -1 147  -1  -1  -1 
 13  -1  -1 252 249  -1  -1  -1  -1 264  -1  -1 191  -1  -1  -1  -1 135 117 164  -1  -1  -1  -1  -1  -1 
 14  -1  -1  -1  -1  -1 302  -1  33  -1  -1  -1  -1  -1 214  -1  -1 203  35  -1  -1  -1 196  -1  -1  -1 
 15  -1  -1 201  -1  -1  -1  27  -1   1  -1  -1  -1 261  -1  -1  -1  -1  -1  -1  -1  -1  -1  -1  -1  -1 
 16  -1  -1  -1  -1  -1  -1 267  85  82  -1  -1 307 128  41  -1  -1  57  91  29  -1  -1  44 170  -1  -1 
 17  -1  -1  -1 171  -1  -1  -1  23  47  -1  -1  -1 216  -1  -1 198  -1  13  -1  -1  -1  77  -1  37  -1 
 18  -1  34  -1  -1  -1 260 292  -1 304  -1  -1  39 289 298  -1  -1  -1  42  14  -1  -1  71  -1  -1  -1 
 19  -1  -1  80  -1  -1  -1 100 217  78  -1  -1  32 223 210  -1  -1  -1  -1  -1  -1  -1 291  -1  -1  -1 
 20  -1  -1 166  -1  -1  -1  -1  -1  -1  -1 258 306  -1  88  -1  -1  -1 209  -1  -1  -1  -1  -1  -1  -1 
 21  -1  -1  -1  -1  -1  -1  -1  -1 160  -1  -1  -1 146 234  -1  -1  -1  -1  -1  67  -1 127  -1  -1  -1 
 22  -1 256  -1  -1 172 110  15 126 208  -1  -1 113  -1  -1  -1  -1 240  -1  -1  -1 104 104  -1 247  -1 
 23  -1  -1 121  62  -1 125 248  -1  -1  -1  -1  -1  -1 145  -1  -1 102  -1  79  -1  -1  -1  -1  -1  -1 
 24  -1 212  -1  -1  -1  -1 129  -1  -1  -1  -1 169 158 190  -1 106  -1  -1  -1  -1  -1  -1  -1  -1  -1 
 25  -1 284  -1  -1  38  -1  -1 236 236 199  -1  -1  -1  -1  -1  -1  -1  -1  -1  -1  -1  -1  -1  81  -1 
 26  -1  -1  16  16  -1  -1  -1  -1  -1  -1  -1 103  -1  -1  -1  -1  -1  -1  -1  -1 221  -1 263  -1  -1 
 27  -1  -1 233  -1  -1  -1  -1   3 132 130  -1 245  -1  -1  -1  -1  -1  -1 255  -1  -1  20  -1  -1  -1 
 28  -1 144  -1 202 259  -1  -1 174 262  -1 173  -1  -1  -1  -1  -1  -1  -1 124  -1  -1  -1  -1  -1  -1 
 29  -1 123 290  26  -1  -1 204  -1 277  -1 303  -1  -1  73  -1  -1  -1  -1 215  -1  -1  28 297  -1  -1 
 30  -1  -1  30  -1  -1  -1  -1  -1  -1  -1  19  19  19   2   2  -1  24   4   4  -1  -1  -1  17  17  -1 
 31  -1  -1  -1  -1  -1  -1  -1  -1  -1  -1  -1  -1  -1  -1  -1  -1  -1  -1  -1  -1  -1  -1  31  31  31 
 32  48  48  -1  -1  -1  -1  74  -1  -1  -1  61  61  -1  46  46  -1  68  -1  -1  -1  -1  -1  63  63  63 
 33  -1  -1  -1  -1  -1  -1  -1  -1  -1  -1  75  75  75  -1  -1  -1  -1  -1  -1  -1  -1  -1  -1  -1  -1 
 34  -1  -1 105 105  -1  -1 118  90  90  -1  -1  -1 107 107 107  -1 112  -1  -1  -1  92  92  -1  -1  -1 
 35  -1  -1  -1  -1  -1  -1  -1  -1  -1  -1  -1  -1  -1  -1  -1  -1  -1  -1  -1  -1  -1  -1 119 119 119 
 36  -1  -1  -1  -1  -1  -1 156  -1  -1  -1  -1  -1  -1 136 136  -1 162 151 151 151 134 134 149 149  -1 
 37  -1  -1  -1  -1  -1  -1  -1  -1  -1  -1  -1  -1  -1  -1  -1  -1  -1  -1  -1  -1  -1  -1 163 163 163 
 38 178 178 195 195 195  -1  -1 206  -1  -1  -1  -1  -1 180 180  -1  -1  -1 200  -1  -1  -1  -1 193 193 
 39  -1  -1  -1  -1  -1  -1  -1  -1  -1  -1  -1  -1  -1  -1  -1  -1  -1  -1  -1  -1  -1  -1 207 207 207 
 40  -1 224 224  -1  -1  -1  -1 244 250  -1  -1  -1  -1 222 222  -1  -1 237 237  -1  -1  -1 239 239 239 
 41  -1  -1  -1  -1  -1  -1  -1  -1  -1  -1  -1  -1  -1  -1  -1 251 251 251  -1  -1  -1  -1  -1  -1  -1 
 42  -1  -1  -1  -1  -1  -1  -1  -1  -1  -1  -1 288  -1 268 268  -1 294  -1 281 281 266 266 283 283 283 
 43  -1  -1  -1  -1  -1  -1  -1  -1  -1  -1  -1  -1  -1  -1  -1  -1  -1 295 295 295  -1  -1  -1  -1  -1 
 44  -1  -1  -1   6  -1  -1  -1  50  -1  -1  -1 140 142  -1  -1  -1  51  -1  55  -1  -1 228  -1  -1 316 
 45  97   7  -1  -1  -1 153  -1  -1  -1  -1  -1  -1 185  -1  -1  -1   5  53  -1  -1  -1  -1  -1  -1  -1 
 46 143 137 138 139  -1 310  -1 275  -1 109  -1  -1  -1  -1  -1 311 272  -1  -1 314  -1  -1  -1  -1  -1 
 47  -1 271  -1  94  -1  -1  49  -1  -1  -1  -1  -1  52  -1  -1  -1  -1 273  -1  -1  -1  -1 308  -1  -1 
 48  -1  -1  -1 269 315  -1  -1  -1  -1  -1  -1  96  -1  -1  -1  -1  -1  -1  -1  21  -1  -1  -1  -1  -1 
 49 231  -1 274  -1  -1  -1 184 229  -1 309  -1  11  -1  -1  -1  -1 187  -1  -1  -1  -1  -1  -1 313  -1 
 50  -1  -1  93  -1  -1 197  -1  -1 186  -1 285 225 270  -1  -1  -1  -1  -1 226  -1  -1  -1  -1  -1  -1 
 51  -1  99  -1  -1 241  -1   9  -1  -1  -1  -1  -1  -1  -1  -1  -1  -1  -1  -1  -1   8  -1  -1  -1  -1 
 52  -1  -1  -1  -1  65  -1 141  -1 227  -1  -1  -1  -1  -1  -1  -1  -1 230  -1  -1  54 183  -1  -1  -1 
 53  -1  -1  -1  -1  -1  -1  98  -1  -1  -1 312 181  -1  -1  -1  -1  95 182  -1  -1  -1  10  -1  -1  -1 

r\t   0   1   2   3   4   5   6   7   8   9  10  11  12  13  14  15  16  17  18  19  20  21  22  23  24 
  0  -1  27  -1  -1  -1  -1  -1  -1  -1  -1  -1  -1  -1  -1  -1  -1  -1  -1  -1  -1  -1 214  -1  -1  -1 
  1 198  -1 148 148  87  -1  -1  -1 168  -1  -1  -1  91 194  -1  -1  -1  -1  -1  -1 243  -1  -1  -1  -1 
  2  -1 144  -1  56  -1  -1 150  70 245  -1  -1  -1  -1 116  -1  -1  -1  -1  -1  -1  -1  -1  -1  28  -1 
  3 169  36 215  -1  -1  -1  41  -1  -1  -1  -1  -1 128  -1  -1  -1  -1 213  -1  -1  -1  -1  -1  79  -1 
  4  -1 208 173  -1  -1 304 127  -1  14  -1  -1  42  76 203  -1 280 280  -1  -1  -1  83 219  -1  -1  -1 
  5  -1  -1  58  -1 175  -1  -1 296  -1  -1  -1  -1  -1  -1  -1  -1  73  -1 174  -1  -1  -1  -1  -1  -1 
  6  -1  -1 282  -1  -1 106  -1  -1 131  -1  -1 123  -1  -1  -1  -1  -1 122  -1  -1  -1  -1  -1  -1  -1 
  7  -1  -1 291 233 217  -1  -1  -1  -1 261  -1  -1  -1  -1  -1 176  -1 204 158  82  -1 161  15  -1  -1 
  8  -1  -1 248  -1  -1  -1  -1  -1  -1  -1  -1 190  -1  -1  -1  -1  -1 303 284  -1  -1  -1  -1  -1  -1 
  9  -1  -1 234  -1  -1  -1  -1  -1  -1  -1  -1 223 236 236  -1  -1  57  -1 289  -1 307  20 300  -1  -1 
 10  -1 216 164 117  43 259 171  -1  -1  -1  -1 264 290  -1  -1  -1  -1  -1  -1  -1  -1 276  -1  -1  -1 
 11  -1  66  -1 210  -1  -1  -1  -1 132  -1  -1  -1 199 152  -1  -1  -1  -1  -1  -1  -1  -1  -1  -1  -1 
 12  -1 101  -1  -1 126  -1  62 196  45  -1 177  -1  26  -1  -1  -1  -1  -1  -1  -1  -1 135 113  -1  -1 
 13  -1  -1 211  -1 305  -1  69  -1   0  -1  -1 157 121  -1  -1  -1  -1  18  -1  -1  -1 209  -1  -1  -1 
 14  -1  -1 192 192  -1  -1 172 279  -1  -1  -1 252  -1  -1  -1  -1  34 238  35  -1  -1  -1 287  -1  -1 
 15  -1  -1  85  12  -1  -1  -1  -1 114  -1  -1  -1 179  -1  -1  -1 133  -1 263  -1 110 103  -1  -1  -1 
 16  -1  -1  78 108  -1  -1 299  86  38  -1  -1  -1 166  -1  -1  -1 298 249  -1  -1  -1  -1  -1  -1  -1 
 17  -1 165  -1  -1  -1  -1 160 115  -1  -1  -1  -1  -1  -1  81  -1 254  -1  16  16  -1 292 147  -1  -1 
 18  -1  -1  -1  -1  -1  -1  -1 253  -1  -1  -1  -1  -1  -1  -1  -1  -1  40  -1  -1  -1 256  -1  -1  -1 
 19  -1  -1 124  -1  -1  -1  -1  -1 188  -1 129  -1  -1  -1  -1  -1  -1  -1  -1  -1  -1  -1  -1  -1  -1 
 20 260  47 102  -1  -1  -1 191 145  -1  -1  60  60 104 104  -1  -1 212  29 232  -1  -1  -1  72  -1  -1 
 21  -1 302  -1  -1  -1  -1  25  -1  -1  39  -1  -1  -1  -1  -1  -1  -1  -1  -1  -1  -1 221  -1  -1 286 
 22  -1 220 262  -1  -1  -1  -1  88  -1  -1  -1 242  -1  -1  -1  -1  -1  -1 201  -1  -1  -1  -1  -1  22 
 23  -1 277  33  -1  -1  -1  13  -1  -1  -1  -1  -1   1 167  -1  -1  -1  -1  -1  -1  -1 120  -1  89  -1 
 24  -1  -1  -1  -1  -1  -1  -1  -1  -1  -1  -1  -1  -1  77  -1  -1  -1  -1  -1  -1  -1  -1  -1  -1  -1 
 25  -1 293  -1  -1  -1  -1  -1  -1  32 301  -1  -1  84  -1  -1  -1  -1 159  37  -1  -1  -1  -1 265  -1 
 26  -1  -1  -1 278  -1  -1  -1  23  80  -1  -1 100  -1  71  -1  -1  -1  -1  -1  -1  -1  -1  67  -1 130 
 27  -1 247  -1 246  -1  -1  -1  -1 205  -1  -1  -1 306  -1 155  -1  -1 258  -1  -1  -1  -1 111  -1  -1 
 28  -1 235 267 297  -1  -1  -1   3 146  -1  -1 202 255  -1  -1  -1 240  59  -1  -1  -1  -1  -1 170  -1 
 29  -1  -1  -1  -1  -1  -1  -1  44 125  -1  -1 154  -1 218  -1  -1  -1 257  64  -1  -1  -1  -1 189  -1 
 30  19  19  19   4   4  -1  -1  24  -1  -1  17  17  -1  30  -1   2   2  -1  -1  -1  -1  -1  -1  -1  -1 
 31  -1  -1  -1  -1  -1  -1  -1  -1  -1  -1  -1  -1  -1  -1  -1  -1  -1  -1  -1  -1  31  31  31  -1  -1 
 32  -1  74  -1  46  46  -1  -1  -1  -1  -1  -1  -1  63  63  63  48  48  -1  -1  -1  61  61  -1  68  -1 
 33  -1  -1  -1  -1  -1  -1  -1  -1  -1  -1  -1  -1  -1  -1  -1  -1  -1  75  75  75  -1  -1  -1  -1  -1 
 34  -1 112  -1  92  92  -1 118 107 107 107  90  90  -1  -1  -1  -1  -1 105 105  -1  -1  -1  -1  -1  -1 
 35  -1  -1  -1  -1  -1  -1  -1  -1  -1  -1  -1  -1  -1  -1  -1  -1  -1 119 119 119  -1  -1  -1  -1  -1 
 36  -1 162  -1 134 134  -1  -1 156  -1  -1  -1  -1 136 136  -1  -1  -1 151 151 151  -1  -1  -1 149 149 
 37  -1  -1  -1  -1  -1  -1  -1  -1  -1  -1  -1  -1  -1  -1  -1  -1  -1  -1  -1  -1  -1  -1 163 163 163 
 38  -1  -1  -1 180 180  -1  -1  -1 178 178  -1  -1  -1  -1  -1  -1  -1 195 195 195 193 193 200 206  -1 
 39  -1  -1  -1  -1  -1 207 207 207  -1  -1  -1  -1  -1  -1  -1  -1  -1  -1  -1  -1  -1  -1  -1  -1  -1 
 40  -1  -1  -1 222 222  -1 250 239 239 239  -1  -1  -1  -1  -1 224 224  -1 244  -1  -1  -1 237 237  -1 
 41  -1  -1  -1  -1  -1  -1  -1  -1  -1  -1  -1  -1  -1  -1  -1  -1  -1  -1  -1  -1  -1  -1 251 251 251 
 42  -1  -1  -1 268 268 281 281  -1 288  -1  -1 294 283 283 283 266 266  -1  -1  -1  -1  -1  -1  -1  -1 
 43  -1  -1  -1  -1  -1  -1  -1  -1  -1  -1  -1  -1  -1  -1  -1  -1  -1 295 295 295  -1  -1  -1  -1  -1 
 44  -1 137 183  -1  -1 308 109  -1  97 274  50  -1  -1  -1  -1  -1 187  -1  -1  -1  -1 270  -1  -1  -1 
 45  -1  -1  -1  -1  -1  -1  -1 142 269  -1  -1  -1  -1  -1  -1  -1  -1  -1 231 312  -1  52  -1 181  -1 
 46 314  -1  -1  -1  -1  -1  -1  -1  -1  55 225  -1  -1  -1 311  -1  -1  -1  11  -1  -1  -1 309  49  -1 
 47  -1  10  -1  -1  -1  65  -1 273 226  -1  -1   6  -1 229  -1  -1  -1  -1  -1  -1 310  -1  -1 141  -1 
 48  -1  -1 228  -1  -1  -1  -1  -1  -1   9  -1  -1  -1  -1  -1  -1  -1  -1  -1  -1  -1  -1  -1  -1  -1 
 49  -1  -1  54  -1  -1  -1 241  -1  -1  -1 140  -1 230  -1  -1  -1  -1  -1  -1  -1 285  98  -1   5  -1 
 50  -1 185 138  -1  -1  -1  -1  -1  -1  -1   8  -1  -1  21  -1  95  -1 313  -1  -1  -1   7 197  -1  -1 
 51  -1  93  -1  -1  -1  -1 315 227  -1  -1 275 186 272  -1  -1  -1  -1  -1 184  -1  -1 182  -1  -1  -1 
 52  -1 271  94  -1  -1  -1  -1  -1  -1  -1  -1  51  53  -1  -1 139  96  -1  -1  -1  -1 153  -1  -1 316 
 53  -1  -1  -1  -1  -1  -1  -1  -1  -1 143  -1  -1  -1  99  -1  -1  -1  -1  -1  -1  -1  -1  -1  -1  -1 

r\t   0   1   2   3   4   5   6   7   8   9  10  11  12  13  14  15  16  17  18  19  20  21  22  23  24 
  0  -1  -1  -1  -1 130  -1  -1 302  -1  44  -1 245  -1  -1  -1  -1  12  -1  29  -1  -1  -1  -1  -1  -1 
  1  -1  -1 286  -1  -1  -1  -1  -1  -1  -1 263  -1  -1  -1  -1  -1  -1  -1 305  -1  -1  80  -1  -1  -1 
  2 216  -1 246  -1  -1  -1  -1  -1 166  -1  -1  -1  -1  86 198  -1 174  -1  -1 219  -1  -1  -1 145  -1 
  3  -1 158  72  -1  -1  -1  -1 252 278  -1  -1  -1 280 280  -1  -1  89  -1  -1  -1 236 236 238  -1   1 
  4 265  -1  -1  -1  -1  -1 261  -1  -1  -1 177 101  -1 196  -1  -1 114  -1  42  -1  -1 113  -1  -1  -1 
  5  -1 131 129  -1  -1 301  -1  -1 256  -1  -1  73  -1  -1  -1  -1  83  -1  -1  -1  -1  -1  -1  58  -1 
  6  -1  41  -1  -1  -1  87  -1  32  -1  -1  -1  64  -1  -1  -1  -1 160  -1  -1  -1  -1  47 292 303  -1 
  7  -1  -1 203  -1  -1  -1  88  91  59  -1 262 234  -1 223  -1  -1  77 154  -1  -1  -1  -1  -1  -1  -1 
  8  -1 297  -1  16  16  -1  -1  -1  13  -1  -1  -1 199  -1  -1  -1 191  -1 258  -1  45  -1 192 192  -1 
  9  -1 232 291 293  -1  -1 103  -1  -1 127  -1  -1  -1 209  -1  -1  40  -1 240  -1  -1 202 110  -1  -1 
 10  -1  -1  -1  -1  -1  -1  -1 179  -1  -1  -1  -1  -1  -1  -1  -1  -1  -1  -1  -1  -1 170  -1 157  -1 
 11  -1  -1  -1  -1  -1  -1  -1 125  -1  -1 132 135  -1 243  -1  -1  -1  -1 148 148  -1  -1  -1  -1  -1 
 12  -1  -1  -1 284  -1  -1  -1 210 100  -1  -1  -1  -1  -1  -1  -1  -1  -1  -1  -1  -1  -1  -1  -1  -1 
 13  -1  -1  -1  -1  -1  -1 249  -1  -1  -1  -1  -1 201  -1  -1  -1  -1 169 116  -1  -1  -1 214 117  -1 
 14  -1 260  60  60  -1  -1  -1  -1  -1  -1  -1  -1  -1  -1  -1  -1  -1  -1  -1  -1  -1  15  -1 296  -1 
 15  -1  -1  -1  27  67  -1  -1  62  25  -1  -1  -1  -1  -1 257  -1  -1  -1  -1  -1  -1  -1  -1 128 218 
 16 176  -1  18  -1  -1 126  -1  14 298  -1  -1 287  -1  -1  -1  -1  57  -1  -1  -1  -1 167 306  -1 213 
 17  -1  -1  -1  79  -1 282 188  -1  -1  -1  -1 212  -1  -1  -1  -1  -1  -1  -1  -1  -1 299 150  -1  -1 
 18 215 144  -1  -1  -1  -1  -1  -1  -1  -1  -1  -1  -1  -1  -1  -1  -1  37  -1  -1  -1  -1 173  -1  -1 
 19  -1 122  33  -1  -1  -1  -1 194  -1  -1  -1  -1  -1  -1  -1  -1  -1  -1 255 175  -1  -1  69  20 220 
 20  -1  -1  -1  -1  -1  -1  -1 277  -1  -1  -1  28  -1 253  -1  -1  -1  -1  81  -1  -1  -1  -1 221  -1 
 21  -1  -1  -1  -1  -1  -1  -1 211 120  -1  -1 267 147 124  -1  -1  -1  -1  71  -1  -1 190  -1  -1  -1 
 22  -1  -1 164  -1  -1  -1 133 259 189  -1  -1   3 254  -1  -1  -1 279  -1  -1  -1  -1 146  -1 172  -1 
 23  -1 247  -1  -1  -1  -1 289  -1  -1  -1  -1  -1 242  -1  -1  -1  39 121  -1  -1  -1 217 123  -1  -1 
 24  -1  -1  -1  -1  -1  -1  -1 235  -1  -1  -1  -1  -1 102  -1  -1  35  -1  -1  -1  -1  -1  23  -1  -1 
 25  -1  -1  -1  -1  -1  -1  56 168  -1  -1  -1 161 290  -1  -1 106 108  -1  -1  -1  -1 304  -1  -1  -1 
 26  -1 264  -1  -1  -1  -1 233  -1  -1  -1  -1  -1  -1  -1  -1  -1  -1  -1  -1  -1  -1  26 204  -1 171 
 27  -1  -1  85 248  -1  -1  84  -1  -1  -1  -1 155  38  -1  -1  -1  -1  -1  -1  -1  -1  66  -1  70  -1 
 28  -1  34  82 159  -1  -1  -1 111  -1  -1  -1  22  -1  -1  -1  -1  -1  76  -1  -1  -1  -1  -1  -1  -1 
 29  -1 276  36 208  -1  -1  78  -1   0  -1  -1 300 115 152 307  -1 205 165  -1  -1 104 104  43  -1  -1 
 30   4   4  -1  -1  -1  -1  24  -1  -1  -1  -1  -1  17  17  -1  -1  -1  19  19  19   2   2  30  -1  -1 
 31  -1  -1  -1  -1  -1  -1  -1  -1  -1  -1  -1  -1  31  31  31  -1  -1  -1  -1  -1  -1  -1  -1  -1  -1 
 32  48  48  -1  68  -1  -1  -1  74  -1  -1  -1  -1  61  61  -1  -1  -1  63  63  63  -1  -1  -1  46  46 
 33  -1  -1  -1  -1  -1  -1  -1  -1  -1  -1  -1  -1  75  75  75  -1  -1  -1  -1  -1  -1  -1  -1  -1  -1 
 34  90  90 105 105  -1  -1  -1 118  -1  -1  -1 112  -1  -1  -1  -1  -1 107 107 107  -1  -1  -1  92  92 
 35  -1  -1 119 119 119  -1  -1  -1  -1  -1  -1  -1  -1  -1  -1  -1  -1  -1  -1  -1  -1  -1  -1  -1  -1 
 36 134 134 151 151 151  -1  -1  -1 149 149  -1  -1  -1  -1  -1  -1  -1  -1 162  -1 136 136 156  -1  -1 
 37  -1  -1  -1  -1  -1  -1  -1  -1  -1  -1  -1  -1 163 163 163  -1  -1  -1  -1  -1  -1  -1  -1  -1  -1 
 38  -1 206 195 195 195  -1 200  -1 180 180  -1  -1  -1  -1  -1  -1  -1 193 193  -1  -1  -1  -1 178 178 
 39  -1  -1  -1  -1  -1  -1  -1  -1  -1  -1  -1  -1  -1  -1  -1  -1  -1 207 207 207  -1  -1  -1  -1  -1 
 40 224 224 239 239 239  -1  -1 222 222  -1  -1  -1  -1  -1  -1 237 237  -1  -1  -1  -1 250 244  -1  -1 
 41  -1  -1  -1  -1  -1  -1  -1  -1  -1  -1  -1  -1  -1  -1  -1 251 251 251  -1  -1  -1  -1  -1  -1  -1 
 42  -1  -1  -1  -1  -1  -1 288 268 268  -1  -1  -1  -1  -1  -1  -1 294 281 281  -1 266 266 283 283 283 
 43  -1  -1  -1  -1  -1  -1  -1  -1  -1  -1  -1  -1  -1  -1  -1  -1  -1 295 295 295  -1  -1  -1  -1  -1 
 44  -1  -1 311 275  -1  -1  -1  -1  -1 138 228  51 308  -1  -1  -1  -1  -1 230  -1  -1  -1  -1  -1  -1 
 45  -1  -1  -1  -1  -1  -1 273  -1  -1  99  50  -1  -1  -1  -1  -1  -1  -1  -1  -1 185  94  65  -1  -1 
 46  -1  -1  -1  -1  -1  -1 183   6  93  -1  -1  -1  -1 142  -1  -1  -1  -1 139  -1  -1  -1  -1  -1  -1 
 47  -1 182  -1  -1  -1  -1  -1  -1  -1  -1  -1  98  -1  -1  -1  -1  55  -1  -1 316 229  -1 313   8  -1 
 48  -1  -1  -1  -1  -1  -1  -1 153 137 225  -1  -1  -1 186  -1  -1   7  -1  54  -1  -1  -1  -1  -1 143 
 49  -1  -1  -1  10  -1  -1  -1  -1  -1   9  -1 187  -1  -1  -1 310 141  -1  -1  -1  -1  -1  -1  -1  -1 
 50  -1  -1  -1  -1  -1 241  -1  -1  -1  -1 271  -1 109  -1  -1  -1 272  -1   5  -1  -1 181  -1  -1  -1 
 51  -1  -1  -1  -1 314  -1  21  -1  -1  -1  -1  -1  -1 269 312  -1 184  -1  -1  -1  -1  -1  -1  -1  -1 
 52  -1  -1  -1  53 285 315 227  -1  -1  -1  95 226  -1  96  -1 197  -1 309 270  -1  97 231  -1  -1  -1 
 53  -1  -1  -1  -1  -1  -1  49  -1  52 274  11  -1  -1  -1  -1  -1  -1  -1  -1  -1  -1  -1  -1 140  -1 

r\t   0   1   2   3   4   5   6   7   8   9  10  11  12  13  14  15  16  17  18  19  20  21  22  23  24 
  0  -1 167  -1  -1  -1 219   1  -1 262  -1  -1 212  -1  -1  -1  -1  -1 177  -1 174  -1  -1 158  -1  -1 
  1  42  37  -1 232  -1  -1  -1  58  -1  -1  -1  -1  36  -1  -1  -1 291  -1  -1  -1  -1  20  -1  -1  -1 
  2  -1 205  -1  -1  -1  -1 238 165 188  -1  -1  85  -1 168  -1  -1 253  -1  -1  -1  -1  -1  -1 164  -1 
  3  -1 145  -1  -1  -1  -1  -1  16  16  -1  -1  -1  78  84  -1  -1  -1  -1 297  -1  -1  -1  -1 263 126 
  4  -1 299  -1  -1  -1  -1  -1  35  -1  -1  -1  -1 129  -1  -1  -1  -1 147  -1  -1  -1 240  -1  -1  86 
  5  -1  -1  -1  -1  -1  -1 298  -1  -1  -1  -1 248  -1  33  -1  -1  22 115  23  -1  -1  73  -1  -1  -1 
  6  -1 191  62  -1  -1  -1  -1  -1  66  -1  -1  -1  -1  -1  -1  81  -1  -1 202  -1  -1  -1  -1 123  -1 
  7  -1  -1  -1  -1  -1 221  -1  -1 284  -1  -1  -1  -1  91  -1  -1  -1  -1  -1  41  -1  -1 116 208  -1 
  8  -1  -1 296 301  -1  -1  -1  -1  -1  -1  -1 103 233 176  -1  -1  25 293  -1  -1 265  -1  -1  82  -1 
  9  -1  47  -1  -1  -1  -1  -1 236 236  -1  -1  -1  -1 235  -1  -1   3  72  -1  -1  -1  64 171  -1  -1 
 10  -1 175  -1  -1  -1  -1 223  -1 210  -1  -1  -1  -1  -1  -1  -1  -1  -1 124  -1 257  83  -1  -1  -1 
 11  -1  -1  -1  -1 170  -1  -1  -1 302  -1  -1  -1 209 247  -1  -1  -1  -1  -1  -1  -1  -1  -1  -1  -1 
 12  -1  79  -1 259  -1  -1 218  -1  -1  -1  -1  -1  57  -1  -1 261  -1  -1  -1  -1  -1  -1 173  -1  -1 
 13  -1 113 157  -1 130  -1 146  -1  -1  -1  -1  -1 179  -1  -1 169 144  15  -1  -1  -1 255  -1  -1  -1 
 14  -1  -1  -1  -1 106  -1  -1 104 104 213  -1  -1  -1  -1  -1  -1 234  -1 111  -1  -1  -1  -1  -1  -1 
 15  -1  -1  -1 100 150  -1  -1  -1 160 194  -1  -1  -1  59  -1  -1  -1  -1  -1  -1  -1  -1  -1 264  -1 
 16  -1  -1 249 120  -1  -1 211  -1 306  -1  -1  -1 148 148  -1  -1 204  -1  -1  -1  -1 282  -1  -1  -1 
 17  -1 256  -1  -1  -1  -1  45  -1  76  18  40  56  -1 201  -1  -1  77 196  -1 198  -1 121  -1 300  -1 
 18  -1  -1  -1  -1  -1  -1  -1  80  -1  -1  -1 135 246 110  39  -1  -1 258  -1  -1  -1  -1  -1  -1  -1 
 19  -1 172  -1 214  -1 216 117 152  -1 155  -1  -1 192 192  -1  -1  -1  43  -1  -1  -1  -1  -1  -1  -1 
 20  -1  -1  69  -1  -1  -1  -1 220  -1  -1  -1  27  -1  -1  -1  -1 161  -1 243  -1  -1 159  -1  -1  -1 
 21  -1  14  -1  26  -1  -1  87 277  -1  -1  -1  -1  -1  -1  -1  -1  -1  -1  -1  -1  -1  -1  -1  38  -1 
 22  -1  -1  -1 292  -1 133  -1  -1  -1  -1  -1  -1  -1 132  -1  -1  -1  -1 307  -1  -1  -1  -1  -1 217 
 23  -1  -1  -1 252  -1  -1  -1  -1  -1  -1 215 131  44  12  -1  -1 114  -1  71  -1  -1  -1  -1  -1  -1 
 24 304 125  -1 267  -1  -1  -1  -1  -1  -1  -1 154  -1   0  -1  60  60  -1 199  -1  -1  -1  -1 276  -1 
 25  -1  -1  -1 287  -1  -1  -1  -1  -1  -1  -1  -1 122  -1  -1  -1  -1 242 245  -1  -1  -1  -1  -1  -1 
 26 280 280  -1  -1  -1  -1  -1  -1  -1  67  -1 166  -1  -1  -1  -1  89  -1  -1  -1  -1 290 203  -1  -1 
 27 128  34 286  13  -1  -1 278 303  -1  -1  -1  -1  -1  -1  -1  -1  -1  -1  32  -1  -1  88  -1 101  -1 
 28  -1 127  -1  -1  -1  -1  70 190 289  -1  -1 189  -1  -1  -1  -1 260 102  -1  -1  -1  -1  -1  -1  -1 
 29  -1  -1  -1  -1  -1  -1  -1  -1  29  -1 305 279  -1  -1  -1  -1 108 254  -1  -1  -1  28  -1  -1  -1 
 30  -1  -1  30  -1  -1  -1  -1   4   4  -1  19  19  19  -1  -1  -1  -1  24  -1  -1   2   2  17  17  -1 
 31  -1  -1  -1  -1  -1  -1  -1  -1  -1  -1  -1  -1  -1  -1  -1  -1  -1  -1  -1  -1  -1  -1  31  31  31 
 32  -1  68  -1  -1  -1  -1  -1  -1  -1  -1  -1  74  -1  -1  -1  46  46  63  63  63  48  48  61  61  -1 
 33  -1  -1  -1  -1  -1  -1  -1  -1  -1  -1  -1  -1  -1  -1  -1  -1  -1  -1  -1  -1  -1  -1  75  75  75 
 34 107 107 107  -1  -1  92  92 112 118  -1  -1  -1  -1  -1  -1  -1  -1  -1  -1  -1 105 105  90  90  -1 
 35  -1  -1  -1  -1  -1  -1  -1  -1  -1  -1 119 119 119  -1  -1  -1  -1  -1  -1  -1  -1  -1  -1  -1  -1 
 36  -1  -1  -1 156  -1  -1 162 136 136  -1  -1  -1  -1  -1  -1  -1  -1  -1 149 149 134 134 151 151 151 
 37  -1  -1  -1  -1  -1  -1  -1  -1  -1  -1  -1  -1  -1  -1  -1  -1  -1 163 163 163  -1  -1  -1  -1  -1 
 38  -1  -1  -1 193 193 180 180 200  -1  -1  -1  -1  -1  -1  -1 178 178  -1  -1  -1  -1 206 195 195 195 
 39  -1  -1 207 207 207  -1  -1  -1  -1  -1  -1  -1  -1  -1  -1  -1  -1  -1  -1  -1  -1  -1  -1  -1  -1 
 40 239 239 239  -1  -1  -1 244 250  -1  -1  -1  -1 222 222  -1 224 224  -1  -1  -1  -1  -1 237 237  -1 
 41  -1  -1  -1  -1  -1  -1  -1  -1  -1  -1  -1  -1  -1  -1  -1  -1  -1  -1  -1  -1  -1  -1 251 251 251 
 42  -1  -1  -1  -1  -1 268 268  -1 288  -1  -1 294 281 281  -1 266 266 283 283 283  -1  -1  -1  -1  -1 
 43  -1  -1  -1  -1  -1  -1  -1  -1  -1  -1  -1  -1 295 295 295  -1  -1  -1  -1  -1  -1  -1  -1  -1  -1 
 44  -1   7  21  49  -1  -1  -1 185  93  -1 241 273  -1  -1 109   8  -1  -1  -1  -1  -1  -1 231  53  -1 
 45  -1 228 153  96  -1  -1  -1  -1 274 312  -1  -1  -1  -1  -1 143  -1  -1  -1  -1 183 184  -1  -1  -1 
 46  -1  65  -1   5  -1  -1  -1  -1 229  -1  -1 186  -1  -1  -1  -1  -1  -1  -1  -1  -1  -1  -1  -1  -1 
 47  -1  -1  -1 230  -1  -1  -1  -1  -1  -1  -1  95  -1  55  -1  99  -1  11  -1  -1 225  -1   6  -1  -1 
 48 197 275  -1 182  -1  -1  -1  97 187  -1  -1  -1  10  -1  -1  -1  -1  94  -1  -1  -1  -1  -1  -1  -1 
 49 310 181 309  -1 316  -1  -1  52  -1  -1  -1 227  -1  -1 308  -1  -1  54  -1  -1  -1  -1  -1  -1  -1 
 50  -1  -1  -1  -1  -1  -1  -1  -1  -1  -1  -1  -1 269  -1  -1  -1  -1  -1 313 314  98 226  -1  -1  -1 
 51  -1  -1  -1  -1  -1  50 138 271  -1  -1  -1  51  -1  -1  -1  -1  -1  -1  -1  -1  -1  -1 140  -1 285 
 52  -1  -1  -1 142  -1   9  -1  -1  -1  -1  -1  -1  -1 272  -1  -1 141  -1  -1  -1  -1  -1 270  -1  -1 
 53  -1 139  -1  -1  -1  -1  -1  -1  -1  -1 311  -1 137  -1  -1  -1  -1  -1  -1  -1  -1  -1  -1  -1 315 

r\t   0   1   2   3   4   5   6   7   8   9  10  11  12  13  14  15  16  17  18  19  20  21  22  23  24 
  0  -1 301  -1 168  -1  -1  -1  -1  -1  -1  -1  -1 108  -1  -1  -1 259  -1  13  -1  -1  -1  -1  -1 262 
  1  -1  -1  -1  -1  -1  -1  -1 157  80  88  -1 101 254  -1  -1  85  -1  -1 293  -1  -1 256  -1  -1  -1 
  2  83  -1 280 280  -1  -1 264 131 255  -1  -1  -1 303 296 221  -1  -1  -1  -1 220  -1  -1  -1  -1  -1 
  3  -1  -1 111  64  -1 172  -1 188  -1  -1  -1  -1  -1  -1  -1  -1 173 104 104  -1  -1 150  -1  -1  -1 
  4  -1  -1  -1  35  -1  -1 191 236 236  -1  -1 277  -1 234  -1  -1 198 300 260  -1  -1  -1  -1  -1  -1 
  5  38  -1  -1  -1  -1 214  -1  -1 170  -1  84  -1  -1  -1  -1  -1  32 158  -1  -1  -1 298  -1  28  -1 
  6  -1  56 154  -1  -1  -1 211  -1  45  -1  -1 212  -1 246  -1  -1  -1  -1  -1  -1  -1  -1  -1  -1  -1 
  7  -1 152 202  -1  -1  -1  -1  67 210  -1  -1  -1  -1  86  -1  -1  91 258  -1  -1  -1  -1  -1  76  -1 
  8  -1  43  -1 253  82  -1  -1  -1  -1  -1  -1  -1  -1  -1  -1  -1  69 247 219 261  -1  -1  -1  -1  -1 
  9  -1  -1  -1 218  -1  -1 144 208  -1  -1  -1  -1  -1 100  -1  -1 164  -1 159  -1  -1  -1  -1  -1  -1 
 10  -1  -1  -1 190  -1  -1 238 252  -1  -1  -1  -1 278  -1  -1  -1 121 127  -1  -1  -1  -1  -1  -1  -1 
 11  -1  -1  -1  -1 155  -1  -1  -1 167 305  -1 249  -1  -1  44  -1  -1  -1 123  -1  -1  -1  -1  -1  -1 
 12  -1  -1 199  -1  -1  -1 290  -1  -1  -1  -1  -1  -1  -1  -1  -1  -1  -1  -1  -1  -1  62  -1 171  -1 
 13  -1  -1  -1 124  -1  39  -1  37  -1  -1  -1  -1  -1  -1  -1  -1 169  -1  25  -1  -1  -1 122  -1  -1 
 14  -1  29  -1  -1  -1  -1  70  -1  40  -1  -1  36 135  -1  -1  -1  -1  -1  -1 177  -1  -1  -1 289  -1 
 15  -1  -1  22  -1  87  -1 113  -1  -1  -1  -1 114 115  -1  -1  -1 179  -1  -1  -1  -1  -1  -1  -1  -1 
 16  -1 232  -1  -1  -1  -1  -1  -1 103  -1  -1  -1  -1  57  -1  -1  -1  -1  -1  -1  -1  -1  71  -1  -1 
 17  -1  -1 257 292  -1  41 130  -1  -1  -1  -1  33  16  16  -1  -1 203  -1 233 132  -1 161 147  -1  -1 
 18  -1 189 166  -1  -1  -1  -1  -1  -1  -1  -1  -1  -1  -1   1  -1 128 192 192  -1  -1  -1  -1  -1  -1 
 19  -1 133  -1  -1 282  -1  -1  -1  12  -1  -1  -1  -1  27  -1  -1 110  -1  -1  -1  -1  -1  -1  -1  -1 
 20  -1  -1  -1  -1  -1  -1 215   0 267 304 242 175  -1  -1  -1  -1 126  -1  -1  -1  -1  -1 213  -1  -1 
 21  -1  -1  -1  -1 302  -1  -1  -1  -1 263  -1 240  -1 145  -1  -1 279  -1  -1  -1  -1 194  77  -1  -1 
 22  -1 102  -1  23  -1  -1  -1  -1  -1  -1 174 165  -1  -1  -1  -1  -1  60  60  -1  -1  -1  -1  -1  -1 
 23  -1  -1  34  89 106  -1  -1 120  -1  -1  18 299  78  -1  -1  -1 235 265  -1  -1 306 243  -1  -1  -1 
 24  -1 291  -1  -1  -1  -1  -1  -1  -1  -1  -1  -1  -1  -1  -1 125  -1  20 276  -1  -1  -1  -1  -1  -1 
 25  -1  73  -1   3  -1  -1  26  -1  -1  42  -1  58  -1  -1  -1  -1  14  -1  72  -1  -1  -1  -1  -1  -1 
 26  -1 204  -1  -1  -1  -1  -1 148 148  -1 286  -1  -1  -1  -1  -1 307 284 176  -1  -1  -1  -1  -1  -1 
 27  -1  -1 297  -1  -1  -1 223  -1 287  -1  -1  -1  -1 216  -1  66 248 116  -1  -1  -1 205  -1 129  -1 
 28  -1 117  59  -1  -1  -1  -1  -1 196  -1  -1  -1 209 160  -1  -1  -1  79  81  -1  -1  -1  -1  -1  -1 
 29  -1  15 245 217  -1  -1  -1  47  -1  -1  -1 146  -1 201  -1  -1  -1  -1  -1  -1  -1  -1  -1  -1  -1 
 30   2   2  -1  -1  -1  19  19  19  30  -1  -1  -1  -1  -1  -1  -1  -1  24   4   4  17  17  -1  -1  -1 
 31  -1  -1  -1  -1  -1  -1  -1  -1  -1  -1  -1  -1  -1  -1  -1  -1  -1  -1  -1  -1  31  31  31  -1  -1 
 32  48  48  -1  -1  -1  61  61  68  -1  -1  -1  74  -1  -1  -1  -1  -1  -1  46  46  -1  -1  63  63  63 
 33  -1  -1  75  75  75  -1  -1  -1  -1  -1  -1  -1  -1  -1  -1  -1  -1  -1  -1  -1  -1  -1  -1  -1  -1 
 34  90  90 112  -1  -1 107 107 107  -1  -1  -1  92  92 118  -1  -1  -1  -1  -1  -1 105 105  -1  -1  -1 
 35  -1  -1  -1  -1  -1  -1  -1  -1  -1  -1  -1  -1  -1  -1  -1  -1  -1  -1  -1  -1 119 119 119  -1  -1 
 36  -1  -1  -1  -1  -1  -1 156  -1 136 136  -1  -1 162 134 134 151 151 151  -1  -1  -1  -1  -1 149 149 
 37  -1  -1  -1  -1  -1  -1  -1  -1  -1  -1  -1  -1  -1  -1  -1  -1  -1  -1  -1  -1  -1  -1 163 163 163 
 38 180 180  -1  -1  -1  -1  -1  -1  -1  -1 178 178 195 195 195  -1  -1 200 206  -1  -1  -1 193 193  -1 
 39  -1  -1  -1  -1  -1  -1  -1  -1  -1  -1  -1  -1  -1  -1  -1  -1  -1  -1  -1  -1  -1  -1 207 207 207 
 40  -1 250 239 239 239  -1  -1  -1 222 222  -1  -1 224 224  -1  -1  -1  -1 244  -1  -1  -1 237 237  -1 
 41  -1  -1  -1  -1  -1  -1  -1  -1  -1  -1  -1  -1  -1  -1  -1  -1  -1  -1  -1  -1  -1  -1 251 251 251 
 42 266 266  -1  -1  -1 283 283 283 294  -1  -1  -1 288 268 268  -1  -1  -1  -1  -1  -1  -1  -1 281 281 
 43  -1  -1  -1  -1  -1  -1  -1  -1  -1  -1  -1  -1  -1  -1  -1  -1  -1  -1  -1  -1  -1  -1 295 295 295 
 44  -1  -1  -1  -1  -1  -1  -1  -1  -1  -1 143  -1  -1  -1  -1 314  -1 186  -1  -1  -1  -1  -1  -1  -1 
 45  -1 226  -1  -1 311 309 181 140  96  50  -1  -1  -1  94  -1  -1  -1  -1  -1  -1  -1 308  -1  -1  -1 
 46  -1  -1 315  -1  -1  -1  -1  -1  -1 185  -1  -1  -1  -1  -1  -1  -1   5 273 271  -1  -1  -1  -1  -1 
 47  -1  -1  -1 182  -1  -1  -1  -1  11  -1  -1 139  65  -1  97  -1  -1  54 231  -1 197  -1  -1 313  -1 
 48  -1  -1  -1 137  -1  -1  -1  -1  -1  -1  98 274  -1  52  -1  -1   9 230  -1  -1  -1 285 312  -1  -1 
 49  -1  -1  -1  -1  -1  -1  -1  -1 183  -1  -1  -1  10 184  -1  -1 269  -1  95  -1  -1  -1  -1  -1  -1 
 50 229  -1  -1  -1  -1  -1  -1  -1  -1   7  -1  -1 153   8  -1  -1  53  -1  -1  99  -1  -1  -1  -1  -1 
 51 138  -1  -1  -1  -1  -1  49  -1  -1  -1  -1  51 272  -1  -1  -1 227  -1  -1  -1 316  -1  -1  -1  -1 
 52  -1  -1  -1  -1  -1  -1  -1 187  -1 275  -1   6  -1  -1  -1  -1  -1  93  -1  -1  -1  -1  -1 109  -1 
 53  -1  -1  -1 270  -1  -1 142 225  -1  -1  55 228  -1  -1  -1 241  -1  -1 141  -1  -1  -1  -1  21 310 

r\t   0   1   2   3   4   5   6   7   8   9  10  11  12  13  14  15  16  17  18  19  20  21  22  23  24 
  0  -1  -1  -1 174  -1  -1  27  -1 130  -1  -1  -1  -1 277 307  -1  -1  -1  -1  -1  -1  -1  -1 160  -1 
  1  -1  47 213  -1  81  -1  -1 245  -1  -1  -1  -1  62  26  -1  -1  -1  -1  -1  -1  -1  -1  -1  -1  -1 
  2  -1  -1 211 252  -1  -1 208  -1 299  -1  -1  58  -1  -1  -1  -1 114  -1  -1  -1  -1  -1  -1  -1 173 
  3  -1  34  60  60  -1  -1  -1 104 104  -1  82  -1  -1  -1  -1  -1 289  -1  -1  -1  -1  -1  -1  -1  -1 
  4 214 191 148 148  -1  -1  64  -1  -1  43  -1  -1  -1 120  -1  -1 161  -1  -1  -1  -1  -1  -1  -1  -1 
  5  -1 306  -1 264  -1  -1  84  -1  -1 126  -1  -1  -1 179  -1  -1  -1  -1  -1  -1  -1  -1  -1  -1  -1 
  6 125  -1  42  -1  -1  -1 267   0 254  -1  -1  12  -1  56  -1  -1  -1  -1  -1  -1  -1  -1  -1  -1  -1 
  7  -1 167  -1  -1  -1 131 188  -1 218  -1  -1 212  -1 175  -1 304  -1  -1 286  -1  -1 279  18  -1  -1 
  8  -1 210  -1  13  -1  -1  87 166  -1  -1 132  -1  -1 201  -1  -1  -1 257  -1  -1  -1  -1  -1  -1  -1 
  9  -1 176 111  -1  -1  -1  -1 216  -1  -1  -1 103  -1  -1  -1  -1  -1  -1  -1  -1  -1  -1  -1  -1  -1 
 10  -1  70  -1  -1  -1  -1 259  -1  -1  -1  -1  -1 158  -1  -1  -1  -1 147  -1  -1  -1  32 150  23  -1 
 11 172 169  -1 220  -1  -1  -1  -1  -1  -1  -1  -1  -1 235  -1  -1  -1  -1  -1  -1  -1  -1  -1   3 262 
 12  -1 135  -1 117  -1  -1  -1 190  -1  -1  -1 189  -1  -1  -1  -1 144 202  -1  -1  -1 221  37  -1  -1 
 13  -1  -1  -1  -1  -1  -1 238  -1  -1  -1 305  -1  -1  -1  -1  -1  20  -1  -1  -1  -1  -1  -1  -1  -1 
 14  -1 154  15  -1  -1  -1  -1  71  77  -1  -1  -1  -1  79  -1  -1 247  -1  -1  67  -1 146 165  -1  -1 
 15  -1  14  -1  -1  -1  -1  -1 236 236  -1  -1 278  -1  -1  -1  38  -1  -1  -1  -1 170 300  -1  -1  -1 
 16  -1 233 157  80  -1  -1  -1 296 116 302  -1  -1 261 164  -1  -1  57 298  -1  -1  -1  -1  -1  -1  -1 
 17  -1  -1 291 263 198 260 292 121  -1  -1  -1  -1  -1  -1  -1  -1  89 248  -1  -1 265  59  -1  -1  -1 
 18  -1  -1  -1  -1  -1  39 108  36  -1  -1  -1  -1  -1  -1  -1  -1  -1  -1 253  -1  -1 196  -1  -1  -1 
 19  -1  -1  -1  -1  -1  -1  -1  -1  -1  -1  -1  -1  -1  -1  -1  -1  -1  -1  -1  -1  -1 101  -1 145  -1 
 20  -1  -1  -1 100  -1  -1  76 280 280  -1  -1  -1  -1  -1  -1  -1  -1  -1  -1  -1 217  73  -1  -1  -1 
 21  -1 297  91  35  -1  -1 123  -1 152 219  -1  -1  -1  -1  22  -1  28  -1  -1  -1  -1  -1  -1  -1  -1 
 22  -1  -1  -1  88  -1  -1 287  -1  -1  -1  -1  -1 290   1  -1  -1  -1  -1  -1  -1  -1  -1  -1  -1  -1 
 23  -1  66 255  -1 106  -1  -1  -1 194  86  -1 256 209 199  -1  45  -1 276  -1  -1  -1  -1  -1 129  -1 
 24  -1  -1  -1  -1  -1  -1 168  -1  41  -1  -1 171  -1  -1  -1  -1  -1 115  -1  -1  -1 122  -1  -1  -1 
 25  -1  -1 192 192  -1  -1  -1  -1  33  -1  -1  -1  -1 258  -1  -1  -1  -1 110  -1  -1 205  -1  -1  -1 
 26  -1  -1  69 303  -1 155  -1  -1 204  -1 177 113  -1  -1  -1  -1  78  -1 124  -1  -1  -1  -1  -1  -1 
 27  -1  -1  29 293  -1  -1 133  -1  -1  -1  -1 159  72  -1  -1  -1 232  -1 203  -1  -1  -1  -1  -1  -1 
 28  83  -1  -1  -1  -1  -1  -1  -1 127  -1  -1  -1 282  44  -1  -1 284 102  -1  -1  16  16 243  -1  -1 
 29  -1  40 215  -1  -1 301 223  85  -1  -1  -1 234 240  -1 128  -1  -1  -1  -1  -1  -1 246 249  25 242 
 30  -1  -1  -1  -1  -1  -1  19  19  19  -1   4   4  30  -1  -1   2   2  17  17  -1  -1  -1  24  -1  -1 
 31  -1  -1  -1  -1  -1  -1  -1  -1  -1  -1  -1  -1  -1  -1  -1  -1  -1  31  31  31  -1  -1  -1  -1  -1 
 32  -1  -1  48  48  -1  46  46  63  63  63  -1  -1  -1  68  -1  -1  -1  74  -1  -1  -1  -1  61  61  -1 
 33  -1  -1  -1  -1  -1  -1  -1  -1  -1  -1  -1  -1  -1  -1  -1  -1  -1  -1  -1  -1  -1  -1  75  75  75 
 34  -1 112 118  -1  -1  -1  92  92  -1  -1  90  90 107 107 107  -1  -1  -1  -1  -1  -1  -1 105 105  -1 
 35  -1  -1  -1  -1  -1  -1  -1  -1  -1  -1  -1  -1  -1  -1  -1  -1  -1  -1  -1  -1  -1  -1 119 119 119 
 36  -1  -1  -1 156  -1  -1  -1 136 136  -1  -1  -1 151 151 151  -1  -1  -1 149 149 134 134 162  -1  -1 
 37  -1  -1  -1  -1  -1  -1  -1  -1  -1  -1  -1  -1  -1  -1  -1  -1  -1 163 163 163  -1  -1  -1  -1  -1 
 38  -1  -1  -1 200  -1 180 180 206  -1  -1  -1  -1  -1  -1  -1 178 178 195 195 195  -1  -1 193 193  -1 
 39  -1  -1  -1  -1  -1  -1  -1  -1  -1  -1  -1  -1  -1  -1  -1  -1  -1  -1  -1  -1  -1  -1 207 207 207 
 40  -1 244 237 237  -1  -1 250 222 222  -1  -1  -1  -1  -1  -1 224 224 239 239 239  -1  -1  -1  -1  -1 
 41  -1  -1  -1  -1  -1  -1  -1  -1  -1  -1  -1  -1 251 251 251  -1  -1  -1  -1  -1  -1  -1  -1  -1  -1 
 42  -1  -1 283 283 283  -1  -1 266 266  -1  -1 294  -1  -1  -1 268 268  -1 288  -1  -1  -1 281 281  -1 
 43  -1  -1  -1  -1  -1  -1  -1  -1  -1  -1  -1  -1  -1  -1  -1  -1  -1  -1  -1  -1  -1  -1 295 295 295 
 44  -1 270   5  -1  -1  -1  -1  -1  -1 315  -1 141  -1  -1  -1  98  -1  -1  -1  -1 228  -1 308  -1  -1 
 45  -1   7 184  -1  -1 274  -1  -1  -1  -1  -1  -1  -1  -1  -1  -1  49  -1  -1  -1  -1  51  -1  -1  -1 
 46  -1  99 137 186  -1  -1  -1  -1  -1  -1  -1 272  -1  -1  -1  -1 142  -1  -1 285  -1  -1  -1  -1  -1 
 47  -1  -1  -1 140  -1  -1  -1  -1  93 153 271 226 313  -1  -1 138  -1  -1  -1 316  -1  -1  -1  -1 314 
 48  -1  -1  -1   8  -1  -1  -1  -1  -1  -1  -1  -1  -1  -1  -1  -1  -1 275 309  -1  55  10  -1 143  -1 
 49  -1  -1 227  -1  -1   9  -1  -1  -1  -1  50  -1  -1  -1 312  -1  -1 139  -1  -1  -1 273  -1  -1  -1 
 50  -1  -1  -1  -1 310  -1  -1  -1  52  -1  -1  53  -1  -1  -1  -1  -1  54  65  -1  11  96  -1  -1  -1 
 51 311  -1  -1  -1 241 225  -1  -1  -1  -1 231  -1  -1 269  -1  -1  -1  94  -1  -1 185  -1  -1 230  -1 
 52  -1  -1  -1  -1  -1  -1  -1  -1  -1  -1  -1  -1  21  -1  -1  -1  -1  -1  -1  -1  -1  -1  -1 181  -1 
 53  -1 229  -1  -1  -1  97   6 183  -1  -1  -1 182 197  -1  -1  -1  -1  -1  -1 109  95 187  -1  -1  -1 

