317
8 12
12 4
5 30
16 15
20 30
1 49
11 50
0 51
10 46
23 46
18 52
7 50
1 25
21 26
23 28
17 3
7 4
10 30
22 29
2 30
6 19
13 50
15 5
16 10
23 30
22 20
12 21
2 17
6 5
16 3
13 30
17 31
21 4
1 24
8 9
7 11
2 25
22 5
22 23
18 5
20 2
15 12
7 21
5 18
16 5
20 18
5 32
23 3
1 32
21 52
10 44
7 49
17 45
11 47
0 45
8 45
1 7
16 22
2 12
6 13
7 16
12 32
3 5
17 32
11 27
23 47
22 7
24 10
23 32
3 13
11 7
16 17
21 5
2 2
8 32
12 33
18 23
17 15
6 7
1 4
22 9
16 8
11 26
13 8
2 20
0 16
0 25
0 15
20 12
7 3
0 34
11 10
17 34
10 53
6 53
12 50
21 46
5 49
16 50
8 47
21 0
1 2
6 1
2 26
17 27
12 34
11 16
22 34
3 0
14 46
15 22
9 20
11 34
8 27
23 4
22 27
16 19
12 9
21 34
2 35
6 2
17 23
3 26
18 28
13 21
23 1
17 4
13 9
19 0
23 11
14 8
4 3
1 20
6 29
10 36
8 24
20 36
7 44
5 51
2 45
23 45
16 51
17 46
0 53
16 13
21 9
23 8
17 9
0 18
18 36
3 28
12 36
7 29
22 50
8 2
9 0
7 36
13 29
2 13
1 19
8 6
16 6
22 36
17 37
23 23
23 26
11 0
3 11
6 28
4 22
19 18
24 12
11 20
18 9
13 6
13 19
16 2
18 19
10 38
12 8
7 38
2 48
1 50
20 49
21 47
5 47
6 52
17 47
8 20
21 27
7 20
17 14
10 5
23 38
9 16
0 38
18 0
12 44
13 20
3 3
17 38
2 18
1 22
16 11
7 12
11 25
6 38
22 39
8 7
21 12
12 16
12 29
3 24
11 2
13 17
13 25
14 21
21 15
0 28
17 21
20 9
23 29
5 40
12 15
17 40
10 51
1 53
21 50
16 53
0 46
7 51
11 52
1 27
18 1
16 29
17 28
10 12
8 40
13 28
2 40
7 27
24 50
12 27
22 21
16 40
2 14
23 25
22 0
13 13
11 3
1 40
7 41
17 22
3 9
12 2
18 13
6 21
19 29
17 29
6 10
19 6
7 25
0 29
17 8
16 21
0 5
5 42
21 20
7 42
23 49
11 44
20 46
17 52
2 52
1 46
10 52
23 27
2 10
1 13
11 1
7 19
12 42
21 2
17 42
6 9
22 45
3 16
9 5
21 42
21 14
8 13
2 3
18 22
3 4
11 42
12 43
17 2
1 8
22 25
16 12
6 6
10 2
14 6
19 28
8 8
18 17
13 27
23 14
24 46
3 51
4 52
9 51
14 45
13 44
15 52
22 49
19 48

