r\t   0   1   2   3   4   5   6   7   8   9  10  11  12  13  14  15  16  17  18  19  20  21  22  23  24 
  0  -1  -1  -1  -1  67  -1  -1  -1  -1  -1  -1  -1  -1  -1  -1  -1  62  -1  -1  -1  -1 159  -1  -1  -1 
  1  -1 190  80  -1  -1  -1 158  -1  -1  -1  -1  -1  58  -1  -1  -1  -1 127  -1  -1  -1 204 235  -1  -1 
  2  -1 116  -1 219  -1  -1 188  -1 232  -1  -1  -1  85 223  -1  -1  -1  -1  -1 302  -1 284  -1  -1 106 
  3  -1  -1  -1  45  -1  -1  -1  -1  -1  -1  -1  -1 117 124  -1  -1 217  -1  -1  -1  -1  -1  -1  -1  -1 
  4  -1  -1 304  -1  -1  -1 248  -1  33  -1  -1  13  -1  -1  -1  -1  79  44  -1  -1  -1  64  -1  76 155 
  5  -1  -1  -1  70  -1  -1 296  -1  -1  -1  -1  26  -1  -1  -1  -1  -1  84  -1  -1  -1  -1  -1  -1  -1 
  6 260  -1  -1 303  -1 307  -1  -1  -1  -1  -1 289  78  71  -1  -1  32 280 280  -1  -1  -1  -1 115  -1 
  7  -1  -1  -1  -1  -1  -1 306 299 267  -1  -1 171  -1  -1  -1  -1  -1 148 148  -1  -1  -1 245  -1  -1 
  8 176 202 199 100  -1  -1 240  -1  -1  -1  -1 147 246  -1  -1  -1 287  -1   0  -1  38  -1  -1  29  -1 
  9  -1  -1 144  -1  -1  -1  -1 253  82  -1  -1 247  -1 242  -1  -1  -1 290  -1  -1  -1 146  -1  81  -1 
 10  -1  -1  -1  -1  -1  86  -1  -1 254  -1  -1  -1  -1  -1  -1  -1  -1 167  -1  -1  -1  -1  -1 164  -1 
 11  -1  -1 108  -1  -1  -1 276 168 282  -1 192 192  -1  -1  -1  -1 111  -1  -1  -1  -1 114  -1  -1  -1 
 12  -1  -1  -1  -1  -1  -1  -1  -1  -1  -1 150 110  -1  -1  -1  -1 243  -1  -1 131  -1  -1  -1  -1  -1 
 13  -1  15 203  -1  -1  -1  -1  -1  -1  -1  -1  -1 152 305  -1  -1 126  60  60  -1  -1  -1  -1  -1  -1 
 14  -1  -1  66  -1  -1  -1  27 238 129  -1  -1  -1 104 104  -1  -1  -1  -1 130  39  -1  -1  -1  -1  -1 
 15  -1  -1  47  -1  -1  41 301  -1  -1  -1  -1  91  20  -1  -1  -1  -1  -1  -1  -1 216  89  -1 102  -1 
 16  -1 256  -1 196  -1  -1  -1  40  -1  -1  -1  -1 279  -1  -1  -1  -1 259 264  -1  -1  -1  34  -1  -1 
 17  -1 101 123 172  -1  -1  59 194  -1  -1  -1  77  -1  -1   1  -1  -1  -1  -1  -1  -1  -1  -1  -1  -1 
 18  -1  -1 252 249  -1  -1 113  -1 132  -1  -1 277  -1 189 221  -1  -1  -1  -1  -1 265  -1 201 212 258 
 19  -1 293 170 121  -1  -1  73  -1 103 214  -1  -1  -1  -1  -1  -1  -1  -1 125  -1  -1 300 145  -1  -1 
 20  -1 135 291  -1  -1  -1  -1  -1  -1  -1 236 236  -1 278  -1  -1 205  -1  -1  -1  -1  37 220  -1  18 
 21  -1  28  -1  -1  -1  -1  -1  -1  -1  -1  -1  -1  -1  83  -1  -1  87  -1  -1  -1  -1  -1  -1  -1  -1 
 22  -1  -1 175  -1  -1  -1  -1  -1  -1  -1  -1 161 298  -1  -1  -1  -1  -1 157  42  -1 255  -1  -1  -1 
 23  -1 128  -1 165  -1  -1  36  -1 292  -1  -1  -1  -1  -1  -1  -1  -1  -1  12  -1  -1  35 263 233  -1 
 24  -1  56  -1 297  -1  -1 133  -1  -1  -1  -1  -1 211  -1  -1  -1  -1  -1  -1  -1  -1  72  16  16  -1 
 25  -1  -1  -1  -1  -1  -1  -1  -1  -1  -1  -1  -1 210  14  -1 286  -1  -1  -1  22  -1  -1  -1  -1  -1 
 26  -1 160 179  -1  -1  -1  23  -1  -1 198  -1  -1 174 262  -1  -1  -1  -1  25  -1  -1  -1 169  -1  -1 
 27  -1  -1  -1  -1  -1  -1   3  -1 257  -1  -1  -1 191  -1  -1  -1 218 122  -1  -1  -1  43 166  -1  -1 
 28  -1  -1  -1  -1  -1  -1  88  -1  -1  -1  -1 208  -1  -1  -1 173  -1  -1  69  -1  -1 234  -1  -1  -1 
 29  -1  -1  -1 177  -1  -1 209 120  -1  -1  -1  57  -1  -1  -1  -1 154 215 213 261  -1  -1  -1  -1  -1 
 30  -1  -1  17  17  -1  -1  -1  19  19  19  -1  -1  -1  30  -1  -1  -1  24  -1  -1   2   2   4   4  -1 
 31  -1  -1  31  31  31  -1  -1  -1  -1  -1  -1  -1  -1  -1  -1  -1  -1  -1  -1  -1  -1  -1  -1  -1  -1 
 32  -1  74  -1  -1  -1  -1  -1  61  61  -1  -1  -1  -1  46  46  -1  -1  68  -1  -1  48  48  63  63  63 
 33  -1  -1  -1  -1  -1  -1  -1  75  75  75  -1  -1  -1  -1  -1  -1  -1  -1  -1  -1  -1  -1  -1  -1  -1 
 34  90  90  -1  -1  -1 107 107 107  -1  -1  -1 112  92  92  -1  -1  -1 105 105  -1  -1  -1 118  -1  -1 
 35  -1  -1  -1  -1  -1  -1  -1  -1  -1  -1  -1  -1  -1  -1  -1  -1  -1 119 119 119  -1  -1  -1  -1  -1 
 36  -1  -1 162 149 149  -1  -1 151 151 151  -1  -1  -1  -1  -1  -1 156  -1  -1  -1 136 136 134 134  -1 
 37  -1  -1  -1  -1  -1  -1  -1  -1  -1  -1  -1  -1 163 163 163  -1  -1  -1  -1  -1  -1  -1  -1  -1  -1 
 38  -1  -1  -1  -1  -1  -1  -1 200 206  -1  -1  -1  -1 180 180  -1  -1 193 193  -1 178 178 195 195 195 
 39  -1  -1  -1  -1  -1  -1  -1  -1  -1  -1  -1  -1  -1  -1  -1  -1  -1 207 207 207  -1  -1  -1  -1  -1 
 40 224 224 239 239 239  -1  -1  -1  -1  -1  -1  -1  -1  -1  -1  -1 244 237 237  -1 222 222  -1 250  -1 
 41  -1  -1  -1  -1  -1  -1  -1  -1  -1  -1  -1  -1  -1  -1  -1  -1  -1 251 251 251  -1  -1  -1  -1  -1 
 42 266 266 283 283 283  -1  -1  -1  -1  -1  -1 288  -1 268 268  -1  -1  -1 294  -1  -1  -1 281 281  -1 
 43  -1  -1  -1  -1  -1  -1  -1  -1  -1  -1  -1  -1  -1  -1  -1  -1  -1  -1  -1  -1  -1  -1 295 295 295 
 44  -1  10  97 138  -1  -1  52  -1  -1  -1  -1  -1 274  -1  -1  -1  -1 139  -1  -1  -1  -1  -1  95  -1 
 45  55  -1  -1  -1  -1  -1  -1  -1 226  -1  -1   9 142  -1  -1  -1 197 275  -1  -1  -1  -1  -1  -1  -1 
 46  -1  -1 137  -1 311  -1  -1  -1  -1  -1 315  -1  -1  -1  -1  -1  -1 187 184  -1  -1  -1  -1  -1  -1 
 47  -1 153  -1  -1  -1  -1 273  -1  -1  -1  -1  -1  -1  -1  -1  -1  -1  -1  53  -1  -1  -1  -1  -1  -1 
 48 143  -1  -1  -1  -1  -1  -1  -1 181  -1  -1 141  49  -1  -1  -1  -1  -1  96  -1 109 270  94  -1 312 
 49  -1 186  -1  -1  -1  -1  -1  -1   5  -1  65  -1   7  -1  -1  -1  -1  -1  -1  -1  -1  -1  -1  50  -1 
 50   8  51  -1 231  -1 310  -1 285  -1  -1  -1 185 183  -1  99  -1  -1  11  -1  -1  -1  -1  -1  -1  -1 
 51  -1  -1  -1  -1  -1  -1 228  -1  -1  -1  -1  54 225  -1  -1 314  -1 230  -1  -1  -1  -1  -1 227 241 
 52  -1  -1  -1 272  -1  -1 182 308  -1  -1  -1 229  -1  -1  -1  -1  21  -1  -1  -1  -1  -1  -1 269  -1 
 53  -1  -1  -1  93  -1  -1  -1  -1  98 309  -1 271  -1   6  -1  -1 313  -1 140 316  -1  -1  -1  -1  -1 

r\t   0   1   2   3   4   5   6   7   8   9  10  11  12  13  14  15  16  17  18  19  20  21  22  23  24 
  0  -1 277  64  -1  -1  -1  -1  18  83  -1  -1  -1  -1 194  -1  -1  -1  -1  20  -1  -1  71 122  39  -1 
  1  -1  33  -1 284  -1  -1  -1  -1  -1  -1  -1 214  23  26  -1  -1  66  -1 164  -1 104 104  -1  76  -1 
  2  -1  -1  88  -1  -1  -1 199  78 116  -1  -1 124  -1  -1  -1  45  29 196  -1  -1  -1 154  -1  -1  -1 
  3  -1  -1 148 148  -1  -1  -1  -1  59  -1  -1  -1  -1  -1  -1  -1  -1 101 202  -1 260  -1  -1 145  -1 
  4  -1  -1  -1  -1  -1  -1 123  -1  -1  -1  -1  -1 246  -1 130  -1  -1  -1  -1  -1  -1  85  -1  -1  -1 
  5  -1 255  27  -1  -1  -1  -1  -1  -1  -1  -1  -1  -1  -1  -1  -1 100  70  -1  -1  -1  -1  -1  -1  -1 
  6  -1 191  -1  -1  -1  -1  -1  -1  -1  -1 262  -1  -1  -1  -1  -1  -1  87 234 198  -1  -1  -1  -1  -1 
  7  -1  -1  -1  -1  -1  -1  -1 248  -1  -1  -1  89  -1 290  -1  -1 249  -1 218  -1  -1  -1  -1  -1  -1 
  8 128 215 291  -1  -1  -1 238 127  -1  -1 176 147  -1 264  -1  -1  -1  -1  -1  -1  -1  -1  16  16  -1 
  9  -1 297  -1  -1  -1 261  -1 158   0  -1 213  -1  -1  -1  -1  -1  47 252  -1  -1  -1  77 293  -1  -1 
 10  -1 120  -1  -1 155  -1 159 171  -1  -1  -1  -1  -1  -1  -1  -1  -1  15  -1  -1  -1  -1  -1  28  -1 
 11  -1  -1  -1  -1  -1  -1  -1  25  -1  -1  -1 203 243  -1  -1  -1 115  -1  -1  -1 125  34  -1  -1  -1 
 12  -1 103  -1  42  -1  -1  -1 209 254  -1  -1  -1 175  -1  -1  -1  -1  -1 289  -1  -1 300 192 192  -1 
 13  -1  40 166 167  -1  -1  57  -1  -1  -1 307  -1  -1 240  -1  -1 232  -1  80  -1  -1  -1 168  -1  -1 
 14  -1  12 113  -1  -1 174  -1 282  44  -1  -1 247  -1  -1  -1  -1  -1 242  -1  -1 150  -1  -1  -1  -1 
 15  -1  -1  -1  -1  -1  -1  -1 106  32  -1  -1  -1 111  -1  -1  -1  -1 279 188  37  60  60  -1  -1  -1 
 16  -1 233  -1  -1  -1  -1 299  -1  -1  -1  -1  -1  -1  -1 221  -1  -1  56 132  -1 287  -1  -1  -1  -1 
 17  -1  -1  -1 292  -1  -1  -1  -1 212  -1  -1  -1 170  -1  -1  -1  -1  -1  -1  -1  -1 210  -1  -1  -1 
 18 259  81  -1  -1  -1  -1  -1  -1  -1  -1  -1 189  -1 220  -1  -1  -1 301  58  -1  -1  -1 280 280 286 
 19  -1  82 278  -1  -1  -1  -1  -1  -1  -1  -1  79  -1 179  67  -1  -1  -1 256  -1  -1 265 253  -1  -1 
 20  -1  -1  -1  -1  -1  -1  -1  -1  -1  -1  -1 108  -1  -1  -1  -1  14  -1  -1  38  -1  -1 133 208  -1 
 21 217  -1 219  -1  -1  -1 201 172  -1  -1  -1  -1  -1  -1  -1  -1  69 204  -1  -1  -1  -1  35  -1  -1 
 22  -1  36  -1  -1  -1  -1  -1  -1 276 303  -1 235  -1 102  -1 302 298  -1  91  -1 257  -1  -1  -1 306 
 23  -1  -1  -1  -1  -1  -1  -1  -1  13  -1  -1  -1  -1 146  -1 177 165 114  -1  -1  -1 135  -1  -1 131 
 24  -1  -1  -1  -1  -1  -1 263  -1  -1  -1  -1  -1  -1  -1  -1  -1  41  -1  -1  -1  -1  -1  -1  -1  -1 
 25  -1  73  -1  -1  -1  -1  -1  84  -1  -1  -1  -1 152  -1  -1  -1  -1  -1  -1  -1  -1 211 216  -1  -1 
 26  -1 205  -1 173  -1  -1  22  -1  -1  -1  -1  -1  72  -1  -1  -1  -1 144 129  -1  -1 160  43 267  -1 
 27  -1  -1  -1  -1  -1  -1  86 121 296  -1  -1  -1  -1 161  -1  -1  -1  -1 110  -1  -1 190  -1 245  -1 
 28  -1 157  -1 169  -1 304  -1  -1  -1  -1  -1  -1  -1 117   1  -1  -1 223 258  -1  -1  -1  -1  -1  -1 
 29  -1  -1  -1  -1  -1  -1  -1 236 236 126  -1  -1  62  -1 305  -1  -1  -1  -1  -1  -1   3  -1  -1  -1 
 30  -1  -1  19  19  19  -1  24  -1  -1  -1   4   4  30  -1  -1  -1  -1  -1  -1  -1  17  17   2   2  -1 
 31  -1  -1  -1  -1  -1  -1  -1  -1  -1  -1  -1  -1  -1  -1  -1  -1  -1  31  31  31  -1  -1  -1  -1  -1 
 32  -1  -1  -1  61  61  -1  74  -1  -1  -1  48  48  -1  68  -1  -1  -1  46  46  -1  -1  -1  63  63  63 
 33  -1  -1  75  75  75  -1  -1  -1  -1  -1  -1  -1  -1  -1  -1  -1  -1  -1  -1  -1  -1  -1  -1  -1  -1 
 34  -1  -1 107 107 107 105 105  -1  90  90  -1  -1 112  -1  -1  92  92  -1 118  -1  -1  -1  -1  -1  -1 
 35  -1  -1  -1  -1  -1  -1  -1  -1  -1  -1  -1  -1  -1  -1  -1  -1  -1  -1  -1  -1  -1  -1 119 119 119 
 36  -1  -1 134 134  -1 151 151 151 136 136  -1  -1  -1  -1  -1  -1 162  -1 149 149  -1  -1  -1 156  -1 
 37  -1  -1  -1  -1  -1  -1  -1  -1  -1  -1 163 163 163  -1  -1  -1  -1  -1  -1  -1  -1  -1  -1  -1  -1 
 38  -1  -1  -1 193 193  -1  -1 195 195 195  -1  -1 206 200  -1  -1  -1 180 180  -1  -1  -1 178 178  -1 
 39  -1  -1 207 207 207  -1  -1  -1  -1  -1  -1  -1  -1  -1  -1  -1  -1  -1  -1  -1  -1  -1  -1  -1  -1 
 40  -1  -1 237 237  -1  -1 244  -1  -1  -1 222 222  -1  -1  -1 224 224  -1  -1  -1  -1 250 239 239 239 
 41  -1  -1 251 251 251  -1  -1  -1  -1  -1  -1  -1  -1  -1  -1  -1  -1  -1  -1  -1  -1  -1  -1  -1  -1 
 42  -1  -1 268 268  -1  -1  -1 288  -1  -1  -1 294 283 283 283 266 266  -1 281 281  -1  -1  -1  -1  -1 
 43  -1  -1  -1  -1  -1  -1  -1  -1  -1  -1  -1  -1  -1  -1  -1  -1  -1 295 295 295  -1  -1  -1  -1  -1 
 44  -1  10   8  -1  -1  -1  -1  -1  -1  -1  -1 183  -1  -1  -1  -1  -1  -1  -1  -1 309 186  -1  55  -1 
 45  -1 182  -1   6  -1  -1  -1  -1 184  -1  -1  -1  -1  -1  -1  -1  -1  93  -1  -1  -1  -1  -1  -1  -1 
 46  -1 227  -1  -1  -1  -1  -1  65  -1  -1  -1  -1 315  -1  -1  11  -1 141   5  -1  -1  -1 275 226  -1 
 47  -1 142  -1 230  -1  -1 285  -1  -1   9  -1  -1  -1 137  -1  -1 187  -1 273  -1  -1  98  52  -1  -1 
 48 311  53  -1  -1  -1  -1  -1  -1  -1  50  -1  -1  -1  -1  -1 143  -1  -1  -1  -1  -1  -1  -1  -1  -1 
 49  -1  -1  -1  -1  -1  -1  -1  -1  -1  -1  99 272  -1  94 138  -1  -1  -1 228  -1  -1  -1  -1  -1  -1 
 50 109  95  -1  -1  -1  -1 313  -1  -1  -1 274  -1 197  49  97  -1  -1  -1  -1 314  -1 229  -1  -1 310 
 51 241  -1  -1  51 308 316  -1  -1  -1 225  -1  -1  -1  -1 185  -1 153  -1  -1  -1  -1  -1  96 140  -1 
 52  -1 271 181  -1  -1  -1  -1 312 231  -1  -1  -1  -1  21  -1  -1   7  -1  -1  -1  -1  -1  -1  -1  -1 
 53  -1  -1  -1  -1  -1  -1  -1  -1 270 269  -1 139  -1  -1  -1  -1  -1  -1  -1  -1  -1  54  -1  -1  -1 

r\t   0   1   2   3   4   5   6   7   8   9  10  11  12  13  14  15  16  17  18  19  20  21  22  23  24 
  0  -1  70 303 218  -1 106  -1  47  -1  -1  -1  -1  -1  -1  -1  -1  -1 247  -1  -1  -1 255  -1 110 262 
  1  18  -1 146  45  42  -1  -1  -1 246  -1  -1  -1  -1 101  -1  -1  -1  -1 174  -1  -1  -1  -1  -1  -1 
  2  -1  -1 292  -1  -1  -1  -1  -1 113  -1  -1  44  -1 243  -1 198  -1 201 103  -1  -1  -1  -1  -1  83 
  3  -1  -1  -1 264  -1  -1  -1  88 217  22  -1  -1 191 223  -1  -1  32  -1  77  -1  -1  -1  -1 202  -1 
  4  -1  -1 166  -1  -1  -1  -1  -1  -1  -1  -1  -1  -1  -1  -1  -1  -1  87  -1  -1  -1  59  -1 129  -1 
  5  -1 261  -1  -1  -1  -1  -1 165 194  -1  -1  -1 214  -1  -1  -1 296  -1 212  -1  91  -1  -1  41  -1 
  6  -1 133  -1 115  -1  -1  -1  -1  -1  -1 238  -1 171  -1  -1  -1  -1 257  -1  -1  -1  -1 125  -1  -1 
  7  -1 253  -1  80  -1  -1  69  -1  -1  -1  -1 284 289  -1  -1  -1 145  -1  -1  -1  -1  -1  -1  -1  82 
  8  -1 168  -1 297 199  -1  -1  -1  -1  -1  -1  -1  -1  -1  -1  -1  71 260  -1  -1  -1  -1  -1  -1  -1 
  9  -1 152  -1  -1  -1  -1  -1  62  -1  -1  -1  -1  -1  -1  -1  -1  89  -1  -1  -1  -1  -1  -1  -1  -1 
 10  -1  -1  -1  -1  -1  -1  -1 276 179  -1  -1  -1  -1  -1 221  -1  -1  -1  -1  -1  -1 147  -1  -1  -1 
 11  40  -1  76 177  -1  -1  -1  -1  -1  -1  -1  26  -1  -1  -1  -1  -1  -1  -1  -1  -1  -1 293  -1  -1 
 12  -1  -1 211  -1  -1  -1  -1 124 282  -1  -1 205 130  13  -1 259  -1  -1 234  -1  -1  -1  -1  -1  -1 
 13  -1  -1 258 278  -1 263  -1 189  79  -1  -1  -1  -1 123  -1  -1  -1  -1  -1  -1  -1  73  -1  -1  -1 
 14  -1  -1   0  -1  67  -1  -1  15 160  -1  -1  -1  -1  78  -1  -1  -1  72  -1  -1  -1 233  -1  29  -1 
 15 220 291  -1  -1  -1  86  -1  -1  -1  -1  -1 298  -1  -1  -1  -1 248 304  -1 215  -1  -1  -1 240  -1 
 16  -1  -1 254  -1  -1  -1  -1  -1 127  -1  -1 188 172  -1  -1  -1  -1  -1 167  -1  -1 126 235 300  -1 
 17 302  -1  -1  34  -1  -1  -1 176  28  -1  -1  -1  -1 256  -1  -1 232  -1  -1  -1  -1 161  -1  -1  -1 
 18  -1  -1  -1  -1  -1  -1  58 132  20  -1  -1  -1  -1  -1  -1 154  -1  -1  -1  -1  -1  -1  -1 122  -1 
 19  39  33 279  16  16  -1  -1  -1  -1 150  -1  -1 164  -1  -1 306  -1 102  -1  -1 170  -1  -1  -1  -1 
 20  -1  57  -1 245  -1 286  -1  -1 290  -1  -1  -1  23  -1  -1  -1 175  -1  64  -1  -1  -1  -1  -1  -1 
 21  -1 190 121  -1  -1  -1 108 252 267  -1  -1  14  -1  -1  -1  -1 209 157 173  -1  -1  -1  -1  -1  -1 
 22  -1 277  -1  -1  -1 213  -1  -1  56  -1  -1 155 249  60  60  -1  -1 120  25  -1  -1  35  -1  -1  -1 
 23  -1  -1  -1  -1  -1  -1  -1  85  -1  -1  -1  -1  -1  -1  -1  -1  -1   3 116  -1  -1  37 203  -1  -1 
 24  -1 114  27  -1  -1  -1  -1  -1  -1  -1  43  -1  -1 158  -1  -1  -1  -1 144  -1  -1  -1  -1  -1  -1 
 25  -1  36 104 104  -1  -1 117 148 148  -1  -1 159 242  -1  -1 287  -1 307  -1  -1  -1 100  -1  -1  -1 
 26  -1 219  -1  -1  -1  -1  -1  -1 208  -1 301  -1  -1  -1  -1  -1  -1 192 192  -1 265  12  -1  81  -1 
 27  -1  -1  -1 196  -1  -1  -1 216  -1  -1 131 305  -1  -1  -1  -1  -1 280 280  -1 128  -1 111  -1  -1 
 28  -1  -1 210  -1  -1  -1  38  -1  -1  -1  84 135  66  -1  -1  -1  -1  -1  -1  -1  -1  -1  -1  -1  -1 
 29  -1  -1 236 236  -1  -1 204  -1  -1  -1  -1  -1  -1  -1   1  -1  -1  -1 299  -1  -1 169  -1  -1  -1 
 30  -1  -1  -1  -1  -1  -1  -1  -1  -1  -1  -1  -1  30  -1  -1  17  17  24   4   4   2   2  19  19  19 
 31  -1  -1  -1  -1  -1  31  31  31  -1  -1  -1  -1  -1  -1  -1  -1  -1  -1  -1  -1  -1  -1  -1  -1  -1 
 32  48  48  -1  -1  -1  -1  -1  68  -1  -1  -1  -1  74  46  46  63  63  63  -1  -1  -1  -1  61  61  -1 
 33  -1  -1  -1  -1  -1  -1  -1  -1  -1  -1  -1  -1  -1  -1  -1  -1  -1  -1  -1  -1  -1  -1  75  75  75 
 34  90  90  -1  -1  -1  -1  -1 107 107 107 105 105  -1  -1  -1  -1  -1  -1  92  92  -1 118 112  -1  -1 
 35  -1  -1  -1  -1  -1  -1  -1  -1  -1  -1 119 119 119  -1  -1  -1  -1  -1  -1  -1  -1  -1  -1  -1  -1 
 36  -1  -1  -1  -1  -1  -1 162  -1  -1  -1  -1  -1 151 151 151  -1 156 134 134  -1 136 136 149 149  -1 
 37  -1  -1  -1  -1  -1  -1  -1  -1  -1  -1  -1  -1  -1  -1  -1  -1  -1  -1  -1  -1  -1  -1 163 163 163 
 38  -1 200  -1  -1  -1  -1  -1 206  -1  -1  -1  -1  -1 193 193  -1  -1  -1 178 178 180 180 195 195 195 
 39  -1  -1  -1  -1  -1  -1  -1  -1  -1  -1  -1  -1 207 207 207  -1  -1  -1  -1  -1  -1  -1  -1  -1  -1 
 40 237 237 222 222  -1  -1 250 239 239 239  -1  -1  -1  -1  -1  -1  -1  -1 244  -1 224 224  -1  -1  -1 
 41  -1  -1  -1  -1  -1  -1  -1  -1  -1  -1  -1  -1  -1  -1  -1  -1  -1  -1  -1  -1  -1  -1 251 251 251 
 42 266 266  -1  -1  -1  -1 294  -1  -1  -1  -1  -1 281 281  -1  -1  -1 288 268 268  -1  -1 283 283 283 
 43  -1  -1  -1  -1  -1  -1  -1  -1  -1  -1  -1  -1 295 295 295  -1  -1  -1  -1  -1  -1  -1  -1  -1  -1 
 44  -1  -1 137  -1  -1  -1  53  -1  -1 285 312 187  -1  -1  -1  -1 229  -1  -1  -1  -1  -1  -1  -1  -1 
 45  -1  11 183 139 153  -1  -1  -1  -1  -1  -1  -1  -1  -1  -1 241  -1  -1  -1 140  -1  98  -1  -1  -1 
 46  -1 231  -1  -1  -1  -1 226  -1  -1  -1  -1   8 313  96  -1  -1 185  51  52  -1  -1  -1  -1  -1  -1 
 47 138  -1  65  -1 315  -1 275  -1  -1  -1  -1  -1  -1  -1  -1  -1   9  -1  -1  55  -1 272  -1  -1  -1 
 48  -1  -1  -1  -1  -1 197  93 273 143  -1  -1 270  -1  -1  -1  -1  -1  94  -1  -1  -1  -1  -1 308  -1 
 49  -1  -1  -1  -1  -1  -1 141  -1  10  -1  -1  -1  -1  -1  -1 311  -1  -1  -1 228  -1  -1  -1  -1  -1 
 50 186 184 274   7  -1  -1 182  -1  -1  -1  -1 225  -1   6  95  -1 271  21 227  -1  -1  -1  -1  -1  -1 
 51  -1  -1  -1  -1  -1  -1  -1  -1  -1  -1  -1  -1  -1  -1  -1 109  -1 230  -1  -1  -1  50  -1  -1  -1 
 52  -1  -1  97  -1  -1  -1  -1   5  -1  -1  -1  -1  -1  -1  -1  -1 142 181  -1  -1  54  -1  -1  -1  -1 
 53  -1  -1  -1  99  -1 310  -1  -1  49 314  -1  -1  -1  -1  -1  -1  -1 269  -1  -1  -1  -1 309  -1 316 

r\t   0   1   2   3   4   5   6   7   8   9  10  11  12  13  14  15  16  17  18  19  20  21  22  23  24 
  0 213  -1  -1   0  -1  82  -1 305  35  -1  -1  -1 172 128  -1  -1  40  -1  -1  -1  -1  -1 123 277  -1 
  1  -1 101 110  -1  -1  -1  13  -1  -1  -1  -1  -1  -1  -1  -1  -1  -1  -1  27  -1  -1  -1  59  -1  -1 
  2  -1  -1  -1  -1  -1  -1 284  -1 211  -1  -1 190  -1  -1  -1  -1  -1  -1  -1  -1  -1  -1  -1  -1  -1 
  3  -1  -1  -1  -1 304  -1  -1  -1  -1  -1  -1 152 203 196  -1  -1 114 111  -1 258  -1  -1  -1  -1  -1 
  4  -1  -1  -1 108  -1  -1  34  -1 155  -1  -1 233  -1 279  -1  -1 161  67 282  -1  -1  -1  -1 148 148 
  5 259  -1  -1  -1  -1  -1 122  -1  -1  -1  -1  -1  14  -1  -1  -1  87 147  -1  -1  -1  20  -1 291  -1 
  6  -1  -1  -1 132  -1  -1  -1  71 157  -1  -1  -1  -1 120  -1  -1  33  -1  -1  -1  -1  -1 192 192 286 
  7  -1  -1  37 264  -1 127  -1 145  -1  -1  -1  -1  -1  -1  -1  -1 299  36  -1  -1  -1  -1  -1 168  -1 
  8  -1   3  -1  -1  -1  -1 131 254  -1  43  -1  -1 255  -1  -1  -1  -1  -1 106  -1  -1  -1  -1  -1  -1 
  9  -1 191  -1 124  -1  -1  -1  29  -1  83  -1  -1 219  -1  -1  -1  -1  -1  -1  -1  38  44 104 104  -1 
 10  -1  -1  25  -1  -1  -1  -1  -1  -1 215  -1 113 236 236  -1  -1 144  -1  80  -1  -1 133  -1  -1 198 
 11  -1  -1  -1 175  -1  -1  -1  -1 216  -1  -1  -1  -1  -1  -1  -1  -1 235  -1  -1  -1  -1 278  -1  -1 
 12  -1  70  -1 194  -1  -1  -1  -1  -1  18  -1  -1 165 298   1 126 102  47 240  -1  -1 214  39  -1 217 
 13 257  -1 303  -1  -1 238 171 210  62  -1  -1  -1  -1  -1 169  -1 204  -1  -1  -1 265  28 263  78  -1 
 14  -1  -1  16  16  -1  -1  -1 174  -1 306  -1  -1 146  -1  -1  -1  -1  -1  -1  -1  -1 297  -1  -1  -1 
 15  -1 307  -1 300  -1 301 189  -1  -1  -1  -1  -1  -1  73  -1  -1  -1  -1  -1  -1  -1 256  -1  -1  -1 
 16  -1  -1  -1 158  -1  -1 166  85  -1 262  -1  84  -1  -1  -1  -1  -1 296  -1  -1  -1  -1 154 221  -1 
 17  -1 164 117  -1  -1  -1  -1  -1  77  -1  -1  86 220  26  -1  -1  56  -1  -1  -1  -1  -1  -1 121  -1 
 18  -1  -1 159  -1  -1  -1  -1  -1  -1  -1  -1  -1  -1  -1  -1  45  -1  -1  -1  -1  -1  -1 243  -1  -1 
 19  -1  -1  -1  -1  -1  -1 125  -1  -1  -1  -1  -1 302  -1  -1  -1 267  -1 292  -1  -1  -1  -1  -1  -1 
 20  -1  -1  -1  -1  -1  -1 245  -1 242 150  -1 289 188  -1  -1 176 234  72  -1  -1  -1  -1 135  -1  -1 
 21  -1  -1  -1 247  -1  -1  -1 260  -1 287  -1  -1  -1  22  -1  -1  -1 212  -1  -1  -1  -1  -1  -1  -1 
 22  -1  32  -1 179  -1  -1 232  -1  -1  -1  -1 252  -1  -1  -1  -1  -1 276  -1  -1  -1  -1  -1  -1  -1 
 23  -1  -1  -1  89  -1  -1  -1  -1  -1  -1  -1  15  69 253  -1  -1  -1  -1 129  -1  -1  -1  -1  -1  -1 
 24  -1  -1 248  -1  -1  -1  -1  -1  -1  -1 177  79  -1 202  -1  -1  -1  -1 208 261  -1  -1  -1 209  -1 
 25  -1  64  -1  81 199  -1  -1 280 280  -1  -1 100  -1  -1  -1  -1  -1  91  -1  -1  -1 116  88  -1  -1 
 26  -1  23  -1  -1  -1  -1  -1  -1  -1  -1  -1  -1 130  -1  -1  -1  -1  -1  -1  -1  -1  57  -1  -1  -1 
 27  -1  -1  42 205  -1  -1 103  -1  -1  -1  -1 160  -1  -1 170  -1  12  -1  66  -1  -1 201 223  -1  -1 
 28  -1  -1  -1  -1  -1  -1  41 167 290  -1  60  60  -1  -1  -1  -1  -1 115  -1  -1  -1  -1 249  58 218 
 29  -1 246 293  -1  -1  -1  76  -1  -1  -1  -1  -1  -1  -1 173  -1  -1  -1  -1  -1  -1  -1  -1  -1  -1 
 30  -1  -1  -1  24  -1  -1  -1  -1  -1  -1   4   4  30  -1  -1   2   2  19  19  19  -1  -1  17  17  -1 
 31  -1  -1  -1  -1  -1  -1  -1  -1  -1  -1  -1  -1  -1  -1  -1  -1  -1  -1  -1  -1  -1  -1  31  31  31 
 32  -1  -1  -1  61  61  -1  -1  -1  -1  -1  48  48  63  63  63  -1  68  -1  -1  -1  -1  74  46  46  -1 
 33  -1  -1  75  75  75  -1  -1  -1  -1  -1  -1  -1  -1  -1  -1  -1  -1  -1  -1  -1  -1  -1  -1  -1  -1 
 34  -1 112  -1  -1  -1  -1  -1 105 105  -1  90  90 107 107 107  92  92  -1 118  -1  -1  -1  -1  -1  -1 
 35  -1  -1  -1  -1  -1  -1  -1 119 119 119  -1  -1  -1  -1  -1  -1  -1  -1  -1  -1  -1  -1  -1  -1  -1 
 36  -1  -1 151 151 151  -1 134 134  -1  -1 136 136 162  -1  -1  -1  -1  -1 149 149  -1  -1 156  -1  -1 
 37  -1  -1  -1  -1  -1  -1  -1  -1  -1  -1  -1  -1  -1  -1  -1  -1  -1 163 163 163  -1  -1  -1  -1  -1 
 38  -1  -1  -1  -1  -1  -1 200 193 193  -1  -1  -1  -1 178 178  -1  -1 195 195 195 180 180 206  -1  -1 
 39 207 207 207  -1  -1  -1  -1  -1  -1  -1  -1  -1  -1  -1  -1  -1  -1  -1  -1  -1  -1  -1  -1  -1  -1 
 40  -1  -1 239 239 239  -1  -1  -1 250  -1 222 222  -1 224 224  -1 244  -1  -1  -1 237 237  -1  -1  -1 
 41  -1  -1  -1  -1  -1  -1  -1  -1  -1  -1  -1  -1  -1  -1  -1  -1  -1 251 251 251  -1  -1  -1  -1  -1 
 42  -1  -1 283 283 283  -1 288 294  -1  -1 281 281  -1 266 266  -1  -1  -1  -1  -1  -1  -1 268 268  -1 
 43  -1  -1  -1  -1  -1  -1  -1  -1  -1  -1 295 295 295  -1  -1  -1  -1  -1  -1  -1  -1  -1  -1  -1  -1 
 44  -1  -1  -1  -1  -1 310 183  52  -1 197  -1 186 137  53  -1  -1  -1  -1  -1  -1  -1 274  -1  -1  -1 
 45  -1 275  -1  -1  -1  -1  -1  -1  -1  -1  -1  -1  -1  -1  -1  -1  -1  -1  -1 312  -1  -1  -1  -1  -1 
 46  -1  98  -1  -1  -1  -1 270 228  21  -1  -1  -1 272  -1  -1  -1 142  -1  -1  -1  -1   6  -1  93  -1 
 47  -1  -1  -1  -1  -1  -1  -1   5 308  -1  -1  -1 185  -1  -1 143  54  -1  -1  -1  97  -1  -1  -1  -1 
 48 241  -1  -1  -1  -1  -1  51 273  -1  -1  -1  -1  -1  -1  -1  -1 226  -1 313  -1 229 225  -1 139  -1 
 49 316  50  -1  -1  -1  -1  10  -1  -1  -1  -1  -1  -1  -1  -1  -1 285  11  -1  -1  55  -1  -1  -1  -1 
 50  -1  -1 314  -1  -1  65  -1  -1  -1  -1  -1  -1  -1  -1 138  -1  -1  -1  -1  -1  -1  99  -1 184 315 
 51  -1 230  -1  49 109  -1  -1  -1  -1 311  -1  -1  -1 153  -1 271  -1  -1  -1  -1  -1  -1  -1  -1  -1 
 52  -1 141  -1  -1 309  -1 227 182  -1  -1  -1  -1   8  -1  -1  -1 187  -1  -1  -1 140  -1 181   7  -1 
 53  -1  -1  -1  -1  -1  -1  96  95  -1  -1  -1  -1  94  -1  -1 231  -1 269  -1  -1   9  -1  -1  -1  -1 

r\t   0   1   2   3   4   5   6   7   8   9  10  11  12  13  14  15  16  17  18  19  20  21  22  23  24 
  0  -1 215  -1  -1  -1  -1 261  -1  -1  -1  -1  -1  -1 208  -1  -1  71 203 259  -1  -1  -1  -1 199  -1 
  1  -1 176  -1 254 265  -1  -1  -1  -1  -1 236 236  -1  -1  -1 306 190  -1  -1  -1  -1  -1 116  -1  -1 
  2  -1  33 233  -1  -1 301  -1  -1  -1  -1  -1  -1  26 217  -1  -1  -1  -1  -1  -1  -1 152 280 280 175 
  3 171 117  -1  -1  -1  -1  -1 172  25  -1 170 108 300  -1  -1  -1  57 166  83  -1  -1 223 131 123  -1 
  4  -1 100  -1  -1  66  -1 122  -1 302  -1  -1  64  -1  -1  -1  -1  -1  -1  -1  -1  18  -1  78 221  -1 
  5  -1 258  69  -1  -1  -1 278  -1  -1  41  -1 130 125  -1  -1  -1  -1  -1  -1  -1  -1  -1 154 209  -1 
  6 150 234 167  -1  -1  -1  -1 196  13  -1  -1  -1  -1  -1  -1  84  39  -1  -1 263  -1  58 135 304  -1 
  7  60  60  -1  -1  -1  -1  -1  -1  -1  -1  -1  -1  -1 169  -1  -1 284 218  -1  -1  -1  -1  -1 160  -1 
  8  -1  -1  -1  20  -1  -1  -1 299   0 173  -1  -1  -1  -1  -1  -1  -1  -1 298  -1  -1  -1  59  -1  -1 
  9  -1 145  -1  -1  38  -1 262 267  47  -1  -1  37  -1  -1  -1  -1  -1  -1 276  -1  -1  -1  -1 179  -1 
 10  -1  23  -1 188  -1  -1 211  -1  -1  -1  -1  -1  -1  -1  -1  -1  28 128 127  -1  -1  -1  -1  -1  -1 
 11  -1  -1  -1  -1  -1  82 106  -1 296  -1  -1  -1  -1  -1  -1  -1  -1  86  -1 177  -1 286  -1  -1  -1 
 12  -1  -1  -1  -1  -1  -1  -1 164 277  -1  -1  -1  -1  -1  -1  -1  -1  -1 260  -1  -1 297  -1  56  -1 
 13  -1  -1  -1  -1  -1  -1  85 210 264  -1  -1 293  -1 161  -1  -1  -1 238  -1  -1 155 307  -1  -1  -1 
 14 110 201  36  -1  -1  -1 194 282  -1  -1 216  12  -1  -1  -1  -1  -1  -1 168  -1  -1  -1  -1 246  -1 
 15  -1  -1 198  34  -1  -1  -1  -1  -1  -1  -1  -1  -1  73  -1  -1 103  -1 248  -1  -1  -1 247  -1 220 
 16  -1  -1  91  80  -1 214  -1  -1  -1  -1  -1 255  -1  -1  -1  -1  -1 101 126  -1  -1  -1  35  -1  -1 
 17  -1  -1  27  -1 213  -1 158  -1 132  -1  -1  88  -1  -1  -1  -1  -1  -1  -1  -1  -1 133  -1  -1  -1 
 18  -1  -1 245 124  -1  42  72  -1  62  -1  -1  -1  -1  -1  -1  -1  -1  77 102  -1  -1  -1  16  16  -1 
 19  -1  -1  -1  -1  -1  -1  -1  -1  -1  -1  -1  -1 212  -1  -1  -1 240  -1  76  -1  -1  -1  -1  -1  -1 
 20  -1  -1  -1 235  -1  -1  32  -1  -1  -1  -1  -1  -1  -1  -1  22  -1  -1  -1  -1  -1 243  -1  29  -1 
 21  -1  -1  -1  -1  -1  -1  40  -1  -1  -1  -1  -1  87  -1  -1  -1 202  -1  -1  -1  -1  -1  -1 303  -1 
 22  -1 253 290 205  -1  -1  -1 256  79  -1  -1  -1 147  -1  -1  -1  -1 148 148  -1 305  -1 165  -1  -1 
 23  -1  70  -1  89  -1  -1  -1  -1  -1  -1  -1  -1  -1  -1  -1  -1  -1  -1  -1  -1  -1  -1 104 104  -1 
 24  -1  -1  15 257  -1  -1  -1  -1  -1  -1  -1 113  -1 174  -1  -1  -1  -1 115  -1  -1  -1  -1  -1  -1 
 25  -1  -1  -1  -1  -1  -1  -1  -1 252  -1  -1  -1 120  -1  -1  -1  -1  -1  -1  -1  81  43  -1 291  -1 
 26  -1  -1  -1  45  -1  -1  -1  -1 191  67  -1 204  -1  -1  -1  -1  -1  -1  -1  -1 242 121  -1  -1  -1 
 27  -1 189  -1 157  -1  -1  -1  14  -1  -1  -1  -1  -1  -1  -1  -1 289 114 129  -1  -1  -1  -1 219  -1 
 28 287  -1 111  -1  -1  -1 292  -1 159  -1  -1  -1  -1  -1  -1  -1 146 279 232  -1  -1  44  -1  -1   1 
 29  -1   3  -1  -1  -1  -1 249  -1  -1  -1  -1  -1  -1 144  -1  -1  -1 192 192  -1  -1  -1  -1  -1  -1 
 30  -1  -1  -1   4   4  -1  -1  24  -1  -1  -1  30  19  19  19  -1  -1  17  17  -1  -1  -1   2   2  -1 
 31  -1  -1  -1  -1  -1  -1  -1  -1  -1  -1  -1  -1  -1  -1  -1  -1  -1  31  31  31  -1  -1  -1  -1  -1 
 32  -1  48  48  -1  -1  -1  -1  68  -1  -1  -1  -1  61  61  -1  -1  -1  63  63  63  -1  74  -1  46  46 
 33  -1  -1  -1  -1  -1  -1  -1  -1  -1  -1  75  75  75  -1  -1  -1  -1  -1  -1  -1  -1  -1  -1  -1  -1 
 34  -1  -1 112  -1  -1  -1  -1 105 105  -1  -1  -1 107 107 107  -1 118  90  90  -1  -1  -1  -1  92  92 
 35  -1  -1  -1  -1  -1  -1  -1 119 119 119  -1  -1  -1  -1  -1  -1  -1  -1  -1  -1  -1  -1  -1  -1  -1 
 36  -1 156  -1  -1  -1 151 151 151  -1  -1 149 149  -1  -1  -1  -1  -1  -1 134 134  -1  -1 162 136 136 
 37  -1  -1  -1  -1  -1  -1  -1  -1  -1  -1 163 163 163  -1  -1  -1  -1  -1  -1  -1  -1  -1  -1  -1  -1 
 38  -1  -1 206 178 178  -1  -1  -1 200  -1 195 195 195  -1  -1  -1 180 180  -1  -1 193 193  -1  -1  -1 
 39  -1  -1  -1  -1  -1  -1  -1  -1  -1  -1  -1  -1  -1  -1  -1  -1  -1  -1  -1  -1 207 207 207  -1  -1 
 40  -1  -1  -1 222 222  -1  -1 239 239 239  -1  -1 237 237  -1  -1 244 250 224 224  -1  -1  -1  -1  -1 
 41  -1  -1  -1  -1  -1  -1  -1  -1  -1  -1  -1  -1 251 251 251  -1  -1  -1  -1  -1  -1  -1  -1  -1  -1 
 42  -1 288 281 281  -1  -1  -1  -1  -1  -1  -1  -1 283 283 283  -1  -1  -1 266 266  -1  -1 294 268 268 
 43  -1  -1  -1  -1  -1  -1  -1  -1  -1  -1  -1  -1  -1  -1  -1 295 295 295  -1  -1  -1  -1  -1  -1  -1 
 44  -1  -1 139  -1 138  -1  -1  96  -1 314  -1  49  -1 186  -1  -1  93  10  -1  -1 285  -1  55  -1  -1 
 45  -1  -1  -1  -1  -1  -1  21 226  -1  -1 109  -1  -1 142  -1 311   6  -1  -1  97  -1  -1  -1  -1  -1 
 46  -1  -1  -1  -1  -1  -1  -1  -1  -1  -1  -1  -1  -1  50  -1  -1  -1  -1  -1  -1  -1  -1  -1  -1  -1 
 47  -1 137   9  -1  99  -1 241   8  -1  -1  -1  -1  -1  -1  -1  -1  -1  -1  -1  -1  -1  95  98  -1  -1 
 48  -1 227  -1 269  -1  -1 313  -1 181  -1  -1  -1  -1 228  -1  -1 272  51  -1  -1  -1  11  -1  -1  -1 
 49  -1  94  -1  -1  -1  -1  -1  -1  -1  -1 310   5  -1  -1  -1  -1  53  -1  -1  -1  -1  -1 187  -1 197 
 50  -1 275  -1  -1  -1  -1  65  54  -1  -1  -1 230 309  -1  -1  -1 231  -1  52  -1  -1  -1 229  -1  -1 
 51 315  -1 271  -1  -1  -1  -1 141  -1  -1  -1 182  -1   7 316  -1 140  -1  -1  -1 312  -1  -1  -1  -1 
 52  -1  -1 225  -1  -1 308  -1 183  -1  -1  -1 273  -1  -1  -1  -1  -1  -1 185  -1  -1  -1  -1  -1  -1 
 53  -1  -1  -1 153  -1  -1  -1  -1  -1  -1  -1  -1  -1 270  -1  -1  -1 143  -1  -1  -1 184 274  -1  -1 

r\t   0   1   2   3   4   5   6   7   8   9  10  11  12  13  14  15  16  17  18  19  20  21  22  23  24 
  0  -1  -1  -1  -1  -1  -1  -1  -1  -1  -1  -1 204  -1 168 286  -1 120  -1  -1  -1  -1  -1  -1  -1 302 
  1  -1 101 217  -1  -1 260  88  -1  -1  -1  -1  -1  -1 191  -1  -1  28 218 303  -1  -1  -1 246  44  -1 
  2  -1  -1  -1 304 126  -1  -1 306 292  41  -1  -1  -1  -1  -1  -1  20  -1  -1  -1  -1 161  -1  -1  -1 
  3  -1  -1 243 213  -1  -1  -1  -1  -1 238  -1 214  -1  -1  -1  -1  73  -1  -1  -1  -1 223  -1 189  -1 
  4  -1  69  -1 267  -1  -1  -1  29  -1  -1  -1  14 265  36  -1  -1 103  -1 291  -1  -1  -1  -1  -1  -1 
  5  -1 276  -1  -1  -1  -1  -1  -1  -1  -1  -1 188  -1  -1  -1  38  -1  -1 245  -1 221  -1 212  -1  -1 
  6  -1  -1  -1  -1  -1  -1  -1  -1  -1  -1  -1  -1  -1 277  -1  -1  82  -1  -1  -1  -1  -1 147  -1  -1 
  7  -1 264  -1  -1  -1  -1  -1 104 104 198  67 255  -1 132  -1  -1  -1  -1  -1  -1  -1  83  -1  -1  -1 
  8 307   0 282  25  -1  -1  -1  -1  -1  -1  -1 240  -1  -1  -1  85  -1  -1  -1  -1  -1  -1  -1  -1  -1 
  9  -1 196  32  -1  -1  -1 164 263  -1  -1  -1  -1  -1  -1  -1  -1 232  -1  -1 258  -1  -1  -1  -1  -1 
 10  -1  -1  -1  86 220 128 284  -1 210  -1  -1  80  -1  -1  -1  -1  -1  -1 202  -1  -1  -1  -1 209   1 
 11  -1  59  -1  -1  45 287  -1 177  -1  -1  -1  33  -1  -1  -1  -1  -1  -1  -1 150  -1  -1  23  -1  -1 
 12  -1 133  -1  -1  -1  -1 127  -1  -1  -1  -1 216 114  -1  -1  -1 172  -1  -1  -1  -1  -1  -1  -1  -1 
 13  -1 235  -1 219  -1  -1 175 280 280  -1  -1 300  -1  76  -1  -1  37 234  -1  -1  -1  15  -1  -1  -1 
 14  -1  -1  -1  -1  -1  -1  -1  -1  87 262  -1 124 102 115  -1  -1 293  39  -1  -1 215 201  -1  -1  -1 
 15  -1  -1  -1  -1  -1  -1 130 117  -1  -1  -1 166  -1  -1  -1  -1  -1  -1 154  -1  -1  -1 199  81  -1 
 16  -1  -1  -1 148 148  -1  -1  16  16  -1  -1 170  13  91  -1  -1 305  -1  -1  -1  -1 123  -1   3  -1 
 17  -1  -1  -1 249  -1 192 192 253 159  -1  -1  -1 179  -1  -1  -1  -1 113 242  -1  -1  -1 106  -1  -1 
 18  -1  12 165  -1  -1  -1  -1  -1  -1  -1  -1 257  70  47  -1  -1  -1  -1 167  -1  -1  -1  -1 247  -1 
 19  -1  -1  -1  -1  -1  -1  35  -1  -1  -1  -1  -1 259  27  -1  -1  -1  -1  -1  -1  -1 174  -1  72  -1 
 20  -1  -1  42  -1  -1  -1  -1  -1 211  -1  -1 131  -1  -1  -1  -1  -1  -1  -1  -1  -1 144  -1 108  -1 
 21  -1  -1  79  -1  -1  -1  -1  -1  78  -1  -1 278 208  -1  -1  -1  -1  -1  -1  -1  -1 190  -1  26  -1 
 22  -1  -1  -1  -1  -1  66  -1 236 236  -1  -1  56  -1 152  -1  -1 145  -1  -1  -1  -1 100  77  -1  -1 
 23  -1  -1 256 233  -1  -1  -1  60  60  -1  -1  -1 135  -1  22  -1  64 297  -1  -1  -1  -1 279  57  43 
 24  -1  -1  -1  -1  40 110 299  -1  -1  84  -1  -1  -1  62  -1  -1 125  -1  -1  -1  -1  -1  -1 121  -1 
 25  -1 205  -1  -1  -1  -1  -1 158  -1  18  -1  -1  -1  -1  -1  -1  -1  -1  -1  -1  -1  -1  -1  -1 129 
 26  -1  -1 155 160  -1  -1  -1  -1 252  -1  -1 176  -1  -1 169  -1  -1  -1  -1  -1  -1  -1  -1 171  -1 
 27  -1  -1 289 298  -1  -1  -1 296  -1 261  -1  89 194 290  -1  -1  -1 254  -1  -1  -1  -1  -1  -1  -1 
 28  -1  -1  -1  -1  -1  -1  -1  -1  -1 301  -1 146  -1 111  -1  -1  -1  -1  -1  -1  -1  71 116  -1  -1 
 29  -1  -1 122  58  -1  -1  -1  -1  -1  -1  -1  -1  34 173  -1  -1 157 203  -1  -1  -1 248  -1  -1  -1 
 30  -1  30  19  19  19  -1  -1  -1  -1  -1  -1  -1   2   2  -1   4   4  -1  17  17  -1  24  -1  -1  -1 
 31  -1  -1  -1  -1  -1  -1  -1  -1  -1  -1  -1  -1  -1  -1  -1  -1  -1  31  31  31  -1  -1  -1  -1  -1 
 32  -1  -1  -1  68  -1  -1  74  48  48  -1  -1  -1  -1  -1  -1  46  46  61  61  -1  63  63  63  -1  -1 
 33  -1  -1  -1  -1  -1  -1  -1  -1  -1  -1  -1  -1  -1  -1  -1  -1  -1  75  75  75  -1  -1  -1  -1  -1 
 34  -1  -1 105 105  -1  -1 112  -1 118  -1  -1  -1  -1  -1  -1  -1  -1 107 107 107  92  92  -1  90  90 
 35  -1  -1 119 119 119  -1  -1  -1  -1  -1  -1  -1  -1  -1  -1  -1  -1  -1  -1  -1  -1  -1  -1  -1  -1 
 36  -1  -1 162 134 134  -1  -1 151 151 151  -1  -1  -1  -1  -1  -1  -1 156  -1  -1 136 136  -1 149 149 
 37  -1  -1  -1  -1  -1  -1  -1  -1  -1  -1  -1  -1  -1  -1  -1  -1  -1  -1  -1  -1  -1  -1 163 163 163 
 38  -1  -1  -1 193 193  -1 200  -1  -1  -1  -1  -1  -1 206  -1 195 195 195  -1  -1 180 180  -1 178 178 
 39  -1  -1 207 207 207  -1  -1  -1  -1  -1  -1  -1  -1  -1  -1  -1  -1  -1  -1  -1  -1  -1  -1  -1  -1 
 40  -1 244  -1  -1  -1  -1 250 222 222  -1  -1  -1 237 237  -1 224 224  -1  -1  -1  -1  -1 239 239 239 
 41  -1  -1  -1  -1  -1  -1  -1  -1  -1  -1  -1  -1 251 251 251  -1  -1  -1  -1  -1  -1  -1  -1  -1  -1 
 42  -1  -1 288  -1  -1  -1  -1 266 266  -1  -1  -1  -1  -1  -1 268 268 283 283 283 281 281  -1 294  -1 
 43  -1  -1  -1  -1  -1  -1  -1  -1  -1  -1  -1  -1  -1  -1  -1  -1  -1  -1  -1  -1 295 295 295  -1  -1 
 44  -1 182  -1  96  -1  -1  -1  -1 185  -1  -1  49  -1 226  -1  -1 139  -1  -1  -1  -1  -1  -1  -1  55 
 45  -1 229  65 181  -1  -1 183  -1   6  -1  -1 230  -1  -1  -1  -1  -1  -1 312  -1  -1  -1  -1 225  -1 
 46  -1  -1  -1 285  -1  -1 271  -1  -1 308  -1 270  -1  -1 309  -1  94 143  -1  -1  -1 241  -1  -1  -1 
 47  -1  -1  -1 231  -1 311  -1  10 137  -1 310  11  -1 186  -1  98  -1  -1  -1  -1  -1   7  -1 141  -1 
 48  -1  50  -1  -1 275  -1   5  -1  -1  -1  -1  -1  52  -1  -1  -1  -1 187  -1  -1  -1  -1  -1  -1  -1 
 49  -1  -1  -1  -1  -1  -1  51  99  97  -1  -1  -1 153  -1  -1  -1 184  -1  -1  -1  -1  -1  -1  21  -1 
 50 314  -1  -1  -1  -1  -1 142  -1  -1  -1  -1  -1  -1 273  -1  -1  -1 228 197  -1  -1  -1 315 269 274 
 51  -1  -1  -1   8  -1  -1  -1  -1  -1  -1  -1  -1  95  -1  -1  -1  -1  -1  -1  -1   9 272  -1  -1  -1 
 52  -1  -1 313  -1  -1  -1 227  -1  -1  -1  -1  -1  -1  -1  -1 138  -1  -1  -1 316  -1  -1  -1  -1  -1 
 53  -1  93  -1  54  -1  -1  -1  -1  -1  -1  -1 140  -1  -1 109  -1  -1  -1  -1  -1  -1  53  -1  -1  -1 

r\t   0   1   2   3   4   5   6   7   8   9  10  11  12  13  14  15  16  17  18  19  20  21  22  23  24 
  0  -1  -1  -1  14  -1  -1  -1 215  -1  -1  -1  39  -1  -1  -1  -1 243  -1  -1  -1  -1 190  -1 233  -1 
  1  -1 113 277  -1  -1  -1  -1 211  -1  -1  -1  -1  -1  -1  -1  -1  -1 157 289  -1  -1 133  -1  -1  -1 
  2  -1  -1  -1  -1  -1  -1  -1  -1  -1  -1  -1  -1  78 299  -1  -1  -1  -1  -1  -1  -1  -1 131  -1  -1 
  3  -1  -1  -1 120  -1 176  -1  -1  -1  -1  -1 129 245  -1  -1  -1  29  -1 167  -1  -1  -1 192 192  -1 
  4  67 204  -1 213  -1  -1  57  -1 247  -1  -1  -1  -1 164  -1  -1  -1 194  -1  -1  -1  58  -1  -1  -1 
  5  -1  -1  -1  -1  -1  -1  -1  -1  -1 263  -1  91 196  -1  -1  -1  -1  15 306  -1 265  -1  -1  40 258 
  6  -1 100  -1 297  -1 219  28  -1  -1  -1  -1  -1  -1  -1  -1  -1  -1  35  -1  -1  -1 152  -1   0  -1 
  7  -1  47  -1  -1  84  42  -1  -1 121  -1  -1  -1 154  45  -1  -1  -1 179  -1  -1  -1  -1  -1 160  -1 
  8  -1  -1  77 254  -1  -1  -1  -1  -1  -1  -1  -1  66 173  -1  -1  -1  64  -1  -1  -1 276  -1  80  85 
  9 261  -1 238 304  -1 218  -1 307 188  -1  -1 135  38  -1  -1  -1  -1 101  -1  -1  -1  -1  -1 146  -1 
 10  -1  -1  -1  -1  -1  -1  -1  -1  -1  -1  -1 292 305  -1  -1  -1  -1 148 148  -1  -1 115  -1  -1  -1 
 11  -1  -1  -1  -1  -1  -1  -1  -1  -1  -1  -1 150  18 253  -1  -1  -1  -1 124  -1  -1  -1  -1  37  -1 
 12  -1 158  -1 264  -1  -1 116 210 175 301  60  60  -1  16  16  -1  -1  -1  89  -1 125  -1  -1  86  -1 
 13  -1  -1  -1 234  -1  -1  -1 147  72  -1  -1  -1 165  -1  -1  -1  12  -1  -1  -1  -1  27  -1  -1  -1 
 14  -1  13  32  -1  -1  -1  -1  -1 257  -1 155  -1  -1  -1  -1  -1 298  -1  -1  -1  -1  -1  -1  33  -1 
 15  -1  -1  -1 278  -1 259  20  -1  -1  -1  -1 122  -1  -1  -1 110 166  -1  -1  22  -1  -1  -1 286  -1 
 16  -1  62 201 212  -1  -1  -1 123 208  -1  -1  -1  -1  -1 221  -1 145  -1   1  -1  -1   3  -1 132  -1 
 17  -1  -1  -1  -1  -1 170 293  -1 169  -1  -1  -1  -1  26  -1  -1  -1  -1  -1  -1  -1 209  -1  -1  -1 
 18  -1 262  -1  76  -1  -1  -1 128  -1  -1 236 236  -1  -1  -1  -1  -1  -1  -1  -1  -1  -1  -1 102  -1 
 19  -1 279  -1  -1  -1  -1 144  -1  -1  -1  -1  41  -1  -1  -1  -1  -1 203 302  -1  -1 103  70  -1  -1 
 20  -1 240  -1  -1  -1  -1  -1  79  -1  -1  -1  -1  43 191  -1  -1  -1  -1  -1  -1  -1 252  -1 114  -1 
 21  -1  -1  -1  -1  -1  -1 161  -1  -1  -1  -1  -1 242  -1  -1  -1  -1  -1  -1  -1  -1 290  -1  -1  81 
 22  -1  -1  -1 172  -1  87  -1 104 104  -1  -1  -1 287  -1  -1  -1  -1  -1  -1  -1  -1  36  -1  -1  -1 
 23  -1  71  -1 159  -1  -1  -1  -1  -1  -1 280 280  -1  -1  -1 282 223  -1  73  83  -1  23  -1 267  -1 
 24  -1  25 249  -1 260  -1 189  -1 300  -1  -1  -1  34 284  -1  -1  -1  -1  -1  -1  -1 168 111  -1  -1 
 25  -1  -1 291  -1  -1  -1  -1 216 303 198  -1  44  -1  -1  -1  -1 202  -1  56  -1  -1  69  -1  -1  -1 
 26  -1  -1  -1  -1  -1  -1  -1  -1  -1  -1  -1 126 296 217  -1  -1 108  -1  -1  -1  -1  -1  -1 214  -1 
 27  -1 246  -1  -1  -1  -1 232 248  -1 127 171 205  -1  -1  -1  -1  -1 117  -1  -1  -1  -1  -1  -1  -1 
 28  -1  88  -1  -1  -1  -1  -1  -1  -1  -1  -1 106  -1  -1  -1  -1 256  -1 177  -1 130  82  -1 255  -1 
 29 174  -1  -1  -1  -1  -1  -1  -1  -1  -1  -1  -1  -1 220  -1  -1  59  -1  -1 199  -1 235  -1  -1  -1 
 30  -1  -1  -1  24  -1   2   2  17  17  -1  -1  30  -1   4   4  -1  -1  -1  -1  -1  -1  -1  19  19  19 
 31  -1  -1  -1  -1  -1  -1  -1  31  31  31  -1  -1  -1  -1  -1  -1  -1  -1  -1  -1  -1  -1  -1  -1  -1 
 32  -1  -1  63  63  63  -1  68  48  48  -1  -1  74  -1  -1  -1  -1  -1  -1  -1  -1  46  46  61  61  -1 
 33  -1  -1  -1  -1  -1  -1  -1  -1  -1  -1  -1  -1  -1  -1  -1  75  75  75  -1  -1  -1  -1  -1  -1  -1 
 34  -1  -1 107 107 107  92  92  -1  -1  -1  -1  -1 105 105  -1  -1 112  -1  -1  -1  90  90 118  -1  -1 
 35  -1  -1  -1  -1  -1  -1  -1  -1  -1  -1  -1  -1 119 119 119  -1  -1  -1  -1  -1  -1  -1  -1  -1  -1 
 36  -1  -1 151 151 151  -1  -1  -1 149 149  -1  -1 162 136 136  -1  -1 134 134  -1  -1  -1 156  -1  -1 
 37  -1  -1  -1  -1  -1  -1  -1 163 163 163  -1  -1  -1  -1  -1  -1  -1  -1  -1  -1  -1  -1  -1  -1  -1 
 38  -1  -1 195 195 195  -1  -1 178 178  -1 193 193  -1  -1  -1  -1  -1  -1  -1  -1 180 180 206 200  -1 
 39  -1  -1  -1  -1  -1  -1  -1  -1  -1  -1  -1  -1 207 207 207  -1  -1  -1  -1  -1  -1  -1  -1  -1  -1 
 40  -1  -1  -1  -1  -1  -1 244 239 239 239  -1 250  -1  -1  -1  -1  -1 237 237  -1 224 224  -1 222 222 
 41  -1  -1  -1  -1  -1  -1  -1  -1  -1  -1  -1  -1  -1  -1  -1  -1  -1 251 251 251  -1  -1  -1  -1  -1 
 42  -1 294  -1  -1  -1 266 266 283 283 283  -1  -1  -1 268 268  -1  -1  -1 281 281  -1  -1  -1 288  -1 
 43  -1  -1  -1  -1  -1  -1  -1  -1  -1  -1  -1  -1  -1  -1  -1  -1  -1 295 295 295  -1  -1  -1  -1  -1 
 44  -1  -1  -1  -1  -1  -1  -1  -1  97  -1  -1  -1 308  -1  -1  -1 186  -1  -1 310   9  -1  -1  93 185 
 45 314 272  -1  -1  -1  -1  -1  11  -1  -1  -1 229  -1  95  -1  -1  -1  -1  -1  -1  -1  -1  -1  -1  -1 
 46  -1  -1  -1  -1 316 140 231  94  -1  -1  -1 184  -1  -1  -1 309  -1  98  -1  -1  -1 269 153 183  -1 
 47 109 142  -1 228  -1 225  -1  -1  -1  -1  -1  -1  -1  -1  -1  -1 141   5  53  -1 138  -1  -1  -1 143 
 48  -1 230 311  10  -1  -1  50  -1 227  -1  -1  -1  -1  -1  -1  -1 270 226  -1  -1  -1  -1 241  -1 271 
 49  -1  -1  21  -1  -1  -1  -1  -1 139  -1  -1 274  -1  -1  -1  -1  96 273  -1  -1  -1  -1 285  -1  -1 
 50  -1  -1  -1  -1  -1  54 137  -1  -1 313  -1  -1  -1 187  55  -1   7  -1  -1  -1  -1  -1  -1  51  -1 
 51  -1   6  -1  -1  -1  -1  -1  -1  -1  65  -1  -1  -1  -1  -1  -1  -1  -1 275  -1  -1  -1  -1  -1  -1 
 52  -1 182  -1  -1  -1  -1 181  -1  -1  -1  -1   8  -1  -1  -1 197  -1  -1  -1  -1  -1  -1  -1  -1  49 
 53  -1  -1  -1  -1  -1  -1  -1  -1  -1  -1 312  -1  -1  -1  -1  -1  -1  52  -1  -1  -1  -1 315  -1  99 

r\t   0   1   2   3   4   5   6   7   8   9  10  11  12  13  14  15  16  17  18  19  20  21  22  23  24 
  0  -1 102  -1  -1  -1  -1  -1  -1  -1  -1 236 236  -1   1  -1  -1  -1  -1  -1  -1  -1  20  -1 245  -1 
  1  -1 247 246 115  -1  -1 122  -1 155  -1  -1  -1  -1  -1  -1  -1  -1 296  -1  -1  -1 125  -1  -1  -1 
  2  -1 114  27  -1  -1  -1  -1 172 103  -1  -1 264  -1  -1  -1  -1  -1  -1  -1  -1  -1  -1  15  -1  -1 
  3  -1 216 202  -1  23  -1 165  -1  -1  -1  -1  -1  60  60  -1  -1 205  -1 299  -1  -1  78  -1 117  -1 
  4  -1  -1  -1  34 302 106  -1  -1  -1  -1  -1 170  -1  -1  -1  -1 157  -1  -1 173  -1 307  -1  -1  -1 
  5  -1  -1 221  -1  -1  -1 209  -1  -1  -1  -1  -1 297  -1 261  -1  77  -1 131  -1  -1  56  -1  22  -1 
  6  -1  -1  -1  -1 220  -1  -1  -1  -1  -1  85 211  -1  -1  -1  -1 123  -1  -1  37  -1  -1  58  -1  -1 
  7  -1  -1  -1  -1  38  -1   0  -1  -1  -1  -1 255   3  -1  -1  -1  -1  -1 154  -1  -1 161 234  -1  -1 
  8  -1 298  -1  -1  -1  -1  -1  14  -1  -1  -1 190 148 148 217  -1  -1 121  39  -1  -1  -1  -1  -1  -1 
  9  -1  -1  -1  -1  -1  -1 249  -1  -1  -1  -1  -1 120  -1 169  42  -1 223  -1  -1  -1 232  -1  -1  -1 
 10  -1  -1 135  -1  -1  -1  -1  -1  25  -1  -1  -1  -1 210  -1  -1 267 306  62  -1  -1  -1 203  -1  -1 
 11  -1  -1  -1  -1  -1  -1  91  57  -1  -1  -1  79  -1  -1  -1  -1  -1  -1 242  -1  -1  -1 174  -1  -1 
 12  -1 133 293 204  -1  -1  -1  -1  -1  -1  -1  -1  -1  -1  -1  -1  -1  -1  -1  -1  -1 253  -1 198  -1 
 13  -1 127  41  -1  -1  -1  32 212  -1 219  -1  29  43  69  -1  -1  -1  -1  72  -1  -1  -1  -1  -1  -1 
 14  -1  -1  -1  -1  -1  -1 189  -1  -1 129  -1  -1 257 113  -1  -1  -1 276 262  -1  -1  -1  -1  -1  -1 
 15  -1 152  -1  -1  86  -1  64  -1  -1  -1  -1 166  35  -1  -1  -1  88  76 282  -1  -1  -1  -1  -1  -1 
 16  -1  -1  -1 132  -1  -1  -1  -1  -1  -1  -1 304  -1 104 104  -1  -1  -1  -1  -1  -1 188 196  -1  -1 
 17  -1  -1  -1 101  -1  -1  45  -1 199  -1  -1 144 175 164  -1  -1  12 243  -1  -1  -1  -1 130  -1  -1 
 18  -1  -1  -1  -1  -1  -1  70  -1  18  -1 259  -1 176  -1  -1  -1 287  -1  26  -1  -1  -1  -1  -1  84 
 19  -1  -1  -1 146  -1  -1  -1 160  -1  -1  -1 218  -1  -1 286  -1  -1 248  -1  -1  -1  -1  -1 238  -1 
 20  -1  47  -1 233  -1  -1  -1 279  -1  -1  -1 292  -1 303  -1  -1 100  -1  -1 301  -1  -1  -1  -1  -1 
 21  -1  36  16  16 305  -1  -1  80  -1  -1  -1 215 159  -1  -1 150  -1  -1 116  -1  -1  -1  -1  -1  -1 
 22 213 235  -1  -1  -1  -1  -1  -1 252  -1  -1  -1 192 192  -1 258 191  -1 167  -1 177 147  -1  -1  -1 
 23  -1  71 289  -1  -1  -1  -1 256  -1  -1 280 280  -1 284  81  -1  -1  -1  -1  -1 265 124  -1  28  -1 
 24  40  67 158  -1  -1  -1  -1  -1 201 260  -1  -1 214 291  -1  -1  -1  -1 254  -1  -1  -1  -1 290  -1 
 25  -1  -1 240  -1  -1  -1 277  -1  87  -1  -1  -1 208  -1  -1  -1  -1  -1  -1  -1  -1 171  44  -1  -1 
 26  -1  -1 108 128  -1  -1  13 194  -1  -1 110  -1  73  -1  -1  -1  -1  -1  -1  -1  -1  -1  82 126  -1 
 27  -1 168 278  -1  -1  -1 111 179  -1  -1  -1  -1  -1  -1  -1  -1  -1  -1  -1  -1  -1  -1  -1  -1  -1 
 28  -1  -1  -1  -1  -1  -1  -1 263  -1  -1  -1  59  -1  -1  -1  -1  83 145  -1  -1  -1 300  -1  -1  -1 
 29  -1  33  -1  -1  -1  -1  -1  -1  -1  -1  -1  89  -1  -1  -1  -1  -1  -1  -1  -1  -1  -1  -1  66  -1 
 30   2   2   4   4  -1  -1  -1  24  -1  -1  17  17  -1  -1  -1  -1  30  19  19  19  -1  -1  -1  -1  -1 
 31  -1  -1  -1  -1  -1  -1  -1  -1  -1  -1  -1  -1  -1  -1  -1  -1  -1  -1  -1  -1  31  31  31  -1  -1 
 32  -1  -1  -1  61  61  -1  -1  -1  68  -1  -1  -1  48  48  -1  63  63  63  -1  -1  46  46  -1  74  -1 
 33  -1  -1  75  75  75  -1  -1  -1  -1  -1  -1  -1  -1  -1  -1  -1  -1  -1  -1  -1  -1  -1  -1  -1  -1 
 34  90  90 118  92  92  -1  -1  -1  -1  -1  -1  -1  -1  -1  -1  -1  -1 107 107 107 105 105 112  -1  -1 
 35  -1  -1  -1  -1  -1  -1  -1 119 119 119  -1  -1  -1  -1  -1  -1  -1  -1  -1  -1  -1  -1  -1  -1  -1 
 36  -1  -1  -1  -1  -1 151 151 151 162  -1 136 136 134 134  -1  -1  -1 156  -1  -1  -1  -1  -1 149 149 
 37  -1  -1  -1  -1  -1  -1  -1  -1  -1  -1  -1  -1  -1  -1  -1  -1  -1  -1  -1  -1  -1  -1 163 163 163 
 38 180 180 195 195 195  -1  -1  -1  -1  -1 178 178  -1  -1  -1  -1  -1  -1 193 193  -1 206  -1 200  -1 
 39  -1  -1  -1  -1  -1  -1  -1  -1  -1  -1  -1  -1  -1  -1  -1  -1  -1 207 207 207  -1  -1  -1  -1  -1 
 40 224 224  -1  -1  -1 239 239 239  -1  -1  -1  -1 237 237  -1  -1 244  -1  -1  -1 222 222 250  -1  -1 
 41  -1  -1  -1  -1  -1  -1  -1  -1  -1  -1  -1  -1 251 251 251  -1  -1  -1  -1  -1  -1  -1  -1  -1  -1 
 42 281 281 268 268  -1  -1 294  -1  -1  -1  -1  -1 266 266  -1  -1 288  -1  -1  -1  -1  -1 283 283 283 
 43  -1  -1  -1  -1  -1  -1  -1 295 295 295  -1  -1  -1  -1  -1  -1  -1  -1  -1  -1  -1  -1  -1  -1  -1 
 44  -1  -1  -1 228  -1  -1  -1  -1  -1  -1  -1  -1  -1  -1  -1  -1  49  -1  -1  -1 140 269  -1  -1 312 
 45  -1  -1  98  -1  -1 285 137  -1  -1  -1 271  -1  -1  -1  -1  -1  -1  50  -1  -1  -1 184  -1  -1  -1 
 46  -1  -1 187  -1  -1  -1 270  95  -1  -1  -1  -1  -1  -1  -1  -1  -1  -1  -1  -1  -1 139 231  -1  -1 
 47  -1  -1  -1  53 274  -1  -1  52  -1  -1  -1  -1  -1 185 315  -1   7  -1 309  -1  -1  -1  -1  -1  -1 
 48  -1  -1  -1  -1  -1  -1 182  -1  -1 314  -1  51  -1  -1  -1  -1  -1  -1  -1  -1  -1  -1  -1 313  -1 
 49 143  -1  -1  -1  -1 311  -1  -1  65  -1   9 226  21  -1  -1 310 181   5  -1  -1  -1  -1 183  -1  -1 
 50  -1  -1  -1  -1  -1  -1  -1  10  -1  -1  54  -1  93  96  -1 197 142 186  -1 316  -1  -1  94  -1  -1 
 51 275 273  -1  -1  -1  -1  -1 230  -1  -1  -1  11  -1  -1  -1  -1  -1 141  -1  -1  -1  99   6 109  -1 
 52  55  -1  -1  -1  -1  -1  -1  -1 241  -1 229  -1  -1  -1  -1  -1  -1  -1  -1  -1  97  -1  -1  -1  -1 
 53  -1  -1 153  -1 138  -1  -1  -1 308  -1  -1  -1  -1 227  -1  -1 225 272  -1  -1  -1   8  -1  -1  -1 

r\t   0   1   2   3   4   5   6   7   8   9  10  11  12  13  14  15  16  17  18  19  20  21  22  23  24 
  0  -1  -1  -1  -1  -1 257  -1 135  20  -1  39  -1  -1 233  -1  -1  -1 216  -1  -1  -1  -1  -1  78  -1 
  1  -1  -1  -1  -1  -1  -1  -1 130  -1  -1 219 124 147  -1  -1  -1  -1  -1  -1  -1  -1  41  -1 221  -1 
  2  -1 264  -1  -1  -1  -1 242 254  -1  -1  -1  -1  -1  -1  66  -1  -1 164 259  86  -1 123 157  -1  -1 
  3  -1 159  -1 286  -1  -1  37  -1  -1  -1  -1 161  -1  -1  -1  -1  -1  -1  47  -1  -1  -1  -1  34  -1 
  4  -1  -1  -1  -1  -1  -1  -1  -1  -1  -1  -1  -1  -1  -1  -1  22  -1  88 126  -1  -1  -1  -1 267  -1 
  5  82 189 155  -1 133  -1  -1 150 100 175  -1  -1 217 102  -1  -1 144  26  -1  -1  -1  -1  -1  -1  -1 
  6  -1  91  -1 194  -1  -1  -1 223 160  -1  -1  -1  -1  -1  -1  -1  -1  -1  62  -1  -1 296  -1 192 192 
  7  -1  -1  -1  -1  -1  83  -1 103  -1  -1  67  32  -1  -1  -1  -1  -1 305  -1  -1  -1  13  -1 132  -1 
  8  -1  -1  -1  -1  -1  -1 248  69  -1  -1  -1  -1  -1 255 169  -1 256  -1 209  -1 177  -1  60  60 127 
  9  -1  -1  -1  -1  -1  -1  -1 122  -1 260  -1  89 301  -1  -1  -1 165 203  -1  -1  -1 188  -1 116  -1 
 10  -1  -1  -1  -1  -1  -1  -1  -1  -1  -1  -1  -1  -1  16  16  -1  -1  -1  84  -1  -1 146   3  14  -1 
 11  -1 290  27  -1  -1  -1  -1 238 198  -1  -1  -1 261  -1  -1  -1  -1 262  -1  -1  -1  -1  -1 282  -1 
 12  -1 211  -1  -1  -1  -1  -1  44  -1  -1  -1  -1  -1  25  -1  -1  -1  -1  -1  -1 125  -1 202 167  -1 
 13  -1  -1 113  -1  -1  -1  -1 289  57  -1  -1  -1 235  -1  -1  -1  -1  -1 304 106  -1 302 104 104  -1 
 14  -1  -1  -1  -1  -1  -1  -1  -1  -1  81  -1  -1  -1 292  -1  -1 287  -1  -1  -1  -1  -1 131  -1  -1 
 15  -1   0 199  -1 214  -1 168  -1  29  -1  -1  -1  -1  80  -1  -1  -1 249  -1  -1  -1  -1  -1  -1  -1 
 16  -1  12  -1  -1  -1  -1  -1  -1 298  -1  -1  -1  -1  -1  -1  -1  -1 115 220  -1  -1  59 121  -1  -1 
 17  -1 276  -1  -1  -1  -1  -1 196  -1  -1  -1  -1  -1 117  -1  -1 291  -1   1 174  -1  -1  -1  -1  -1 
 18  -1 245  -1  -1  -1  -1  -1  -1  -1  85  -1  -1  -1  -1  -1  -1 111  -1  -1  -1  -1 247  -1  -1  -1 
 19  -1  -1  -1  -1  -1  -1  -1  -1 234  -1  38 204  -1  -1  -1  -1  -1  -1  -1  -1  -1  -1 277  -1  -1 
 20  -1  -1  -1 208  -1  -1  -1 279  -1  -1  -1  -1 101 212  -1  -1  -1 280 280  -1  -1 172  -1  42  -1 
 21 265  33  -1 128  -1  -1  -1  -1  -1  -1  -1  -1  -1  -1  -1  -1  73 173 297  -1  -1  -1  -1  -1  -1 
 22  -1  40 158  -1  -1 213  76  -1 179  -1  -1  71  -1  -1  -1 303  -1  -1  -1  -1  -1  28  35  -1  -1 
 23  -1  -1  -1 246  -1  -1  -1  -1 145  -1  -1 300  -1  -1  -1  -1  -1 293 114  -1  -1 129  -1 307  -1 
 24  -1  70 243 154  -1  -1  -1  -1 253  -1  -1  -1  72  -1  -1  -1  23  79 252  -1  -1 166  -1 299  -1 
 25  -1  -1  -1  -1  -1  -1 215 258 205  -1 176  -1  56 171  -1  -1  -1  -1  -1  -1  -1 278  -1  -1  -1 
 26  -1  36  64  -1  -1  -1  -1  -1  -1  -1  -1  -1 201  45  43  -1  -1  -1  -1  -1  -1  -1  -1  -1  -1 
 27  -1  -1  -1  -1  -1  -1 191 263 284  -1  18  -1  -1  -1  -1 306  -1  -1  77  -1 236 236  -1 240  -1 
 28  -1 152  -1  -1  -1  -1  -1 170  -1  -1  -1  -1  -1  -1 218  87  -1  58  -1  -1  -1  -1 190  -1  -1 
 29  -1 210  -1 120  -1  -1  -1  -1  -1  -1  -1 108  -1  -1  -1  -1  -1  15 232  -1  -1  -1 148 148 110 
 30  -1  -1  19  19  19  17  17  -1   4   4  -1  -1  24  -1  -1  -1  30  -1  -1  -1   2   2  -1  -1  -1 
 31  -1  -1  -1  -1  -1  31  31  31  -1  -1  -1  -1  -1  -1  -1  -1  -1  -1  -1  -1  -1  -1  -1  -1  -1 
 32  -1  -1  -1  61  61  63  63  63  46  46  -1  -1  -1  -1  -1  -1  -1  68  -1  -1  -1  74  48  48  -1 
 33  -1  -1  75  75  75  -1  -1  -1  -1  -1  -1  -1  -1  -1  -1  -1  -1  -1  -1  -1  -1  -1  -1  -1  -1 
 34  -1  -1 107 107 107  -1  -1  -1  -1  -1  -1  -1 112  -1  -1  -1 118 105 105  -1  92  92  90  90  -1 
 35  -1  -1  -1  -1  -1 119 119 119  -1  -1  -1  -1  -1  -1  -1  -1  -1  -1  -1  -1  -1  -1  -1  -1  -1 
 36 134 134  -1  -1  -1  -1  -1 156 136 136 149 149  -1  -1  -1  -1 162 151 151 151  -1  -1  -1  -1  -1 
 37  -1  -1  -1  -1  -1  -1  -1  -1  -1  -1  -1  -1 163 163 163  -1  -1  -1  -1  -1  -1  -1  -1  -1  -1 
 38 180 180  -1  -1  -1  -1  -1  -1  -1  -1  -1  -1 195 195 195  -1 200 193 193  -1  -1 206 178 178  -1 
 39  -1  -1  -1  -1  -1 207 207 207  -1  -1  -1  -1  -1  -1  -1  -1  -1  -1  -1  -1  -1  -1  -1  -1  -1 
 40 224 224 250 237 237  -1  -1  -1 222 222  -1  -1  -1  -1  -1 239 239 239  -1  -1  -1  -1 244  -1  -1 
 41  -1  -1  -1  -1  -1  -1  -1  -1  -1  -1 251 251 251  -1  -1  -1  -1  -1  -1  -1  -1  -1  -1  -1  -1 
 42  -1  -1  -1 294  -1 281 281  -1 266 266 268 268 283 283 283  -1  -1  -1  -1  -1  -1  -1 288  -1  -1 
 43  -1  -1  -1  -1  -1 295 295 295  -1  -1  -1  -1  -1  -1  -1  -1  -1  -1  -1  -1  -1  -1  -1  -1  -1 
 44  -1  -1  -1  -1  -1  -1  -1  -1  -1  -1 140  -1  99  -1  -1  -1  -1 230  -1  -1  -1  -1  -1  -1  -1 
 45  -1  -1 314  -1 183  -1  -1  -1  -1  -1  -1  -1  10 186 311  -1 309  -1  -1  -1  -1  -1  -1  -1 315 
 46   9  -1  -1  -1 228  -1  -1   8  -1  -1  -1   5  -1  -1  -1 310  -1 181 182  -1  -1  -1 229  -1  -1 
 47  -1  -1  -1 308  -1  -1  -1  -1  -1  -1  -1  -1  -1  -1  -1  -1  -1 141  -1  -1  -1  -1 269  -1  -1 
 48  95  -1  -1  -1  -1 312  -1  -1  -1  -1  -1 184  -1  -1  -1  -1  65  49  -1 316 143 275  -1  11  -1 
 49  -1  -1 285  -1  -1  -1 313  -1  -1  93  -1  -1  53  -1  -1  -1  -1   7  98  -1  -1 227  21  -1  -1 
 50  -1  -1  -1  -1  -1  -1  -1  -1  -1  -1  97  -1 272   6  -1  -1  -1 273  -1  -1  -1 185  -1  -1  -1 
 51  55 109  -1  -1  -1  -1 153  -1  -1 187  -1  -1  -1 226  -1  -1  -1  -1  -1  -1 225 138  -1  -1  -1 
 52  -1  51  -1  -1  -1  -1  -1  -1  96  -1  -1 137 231  -1 241  -1  -1  -1 142  -1 274  -1 139  -1  -1 
 53  -1  -1  -1  -1 271  -1  -1  -1  -1  -1  -1  52  -1  94  -1  -1 197  -1 270  -1  54  50  -1  -1  -1 

r\t   0   1   2   3   4   5   6   7   8   9  10  11  12  13  14  15  16  17  18  19  20  21  22  23  24 
  0  -1  -1  27  -1  -1  -1  -1  -1  -1 106  -1 235  -1  -1  -1  -1  -1 223  -1  -1  -1 298  -1 256  -1 
  1  -1 189  -1  -1  -1  -1 214  -1  -1  -1  -1  -1 188  -1  -1  -1  -1  82  -1  -1  -1  -1  -1  -1  -1 
  2  -1  73  -1  -1  -1  -1  -1  -1  -1  -1  -1  28 300  62  -1 261  -1  34  57  -1 172  -1  -1 221  -1 
  3  -1  -1  -1  -1  -1 111 302  -1 165  -1  -1  -1  -1  -1  -1  -1  18  87  -1  -1  37  -1  -1  29 130 
  4  -1  59 205  -1  -1  -1  -1 145  -1  -1  -1 293  -1  -1  -1  -1  -1 296 246  -1  -1  79  -1  -1  -1 
  5  -1  -1  -1 198  -1 219  -1 171 253  -1  22  -1  -1 161  -1 177  -1 238 168  -1  -1  -1 252  -1  -1 
  6  -1  -1 282  -1  -1  -1  -1  -1  -1  -1  -1  -1  -1  -1  -1 131 262 254  -1 133 305  -1  -1  -1  -1 
  7  -1  -1  -1  -1  -1  -1  -1 259 212  -1  39  -1  -1  -1  -1  -1  -1  58 201  -1  -1  -1 234  -1  -1 
  8   1 211 158 159  -1  -1  -1  69 146  -1  -1  78  -1 243  -1  -1  -1  -1 114  -1  -1  -1 104 104  -1 
  9  -1  -1  -1  -1  -1  -1  -1  -1  -1  -1  -1  -1  -1  -1  -1  -1 299  42  -1 126  -1  -1  -1  -1  -1 
 10  -1  33  -1  -1  -1  -1  12  89  -1  -1  -1  -1 233  -1 307  -1 258  13  -1 287  -1  -1  -1  -1  -1 
 11  -1 240  -1  -1  -1  -1  -1  -1  -1 150  -1  -1  -1  -1  -1  -1  -1  -1 292  -1  -1 116  -1 167  -1 
 12  -1  15  -1  -1  -1  -1 160  -1 284  -1  -1 264  83  -1 155  -1 101  -1  -1  -1  -1 128 121  -1  -1 
 13  -1 164  -1  -1  -1  -1 190  -1  70  -1  -1  -1  -1  -1  -1  -1  -1  -1  -1  -1  -1  -1  60  60  -1 
 14  -1 255  -1  -1  -1  -1 232  -1  -1  -1  -1  -1  -1  -1  -1  -1 127 166  -1  -1 242 249  35 123  -1 
 15  -1  91  -1 113  -1  -1  45  -1  -1  -1  84  -1  -1  -1  -1  -1  -1  -1 260  -1  -1  20  -1  -1  -1 
 16  -1  -1  -1  -1  -1  -1  -1 291  -1  -1  -1  -1  -1  -1  -1  -1  -1  -1  -1  -1  -1 209  -1 218  -1 
 17  -1 120  -1  -1  -1  -1 267 245  -1  -1 303 191  -1 154  -1  -1  76  85  -1  -1  -1 279  -1  -1  -1 
 18  -1  -1  -1  -1  -1  -1  64 216  -1  -1  -1 147 217  -1  -1  -1 179 115  -1  -1  -1  -1  -1  72  -1 
 19  -1 210  -1  -1  -1 304  -1  -1 174  -1  86 103  -1  -1  43  -1  -1 108  -1  -1  -1  -1  -1  81  -1 
 20  -1 290  -1  -1  -1  -1 102  -1  32 306  -1  -1  -1 169  -1 263  -1  -1  -1  -1 110  -1  -1  -1  66 
 21 265  -1  -1  -1  -1  -1  -1  -1  -1  -1  -1  -1  -1  -1  -1  -1   3  -1  71  -1  -1 135  -1  -1  -1 
 22  -1  -1  23  -1  -1  -1 117 204 297  -1  -1 208  -1  -1 257  -1  -1  44  -1  -1  -1  -1  -1  -1  -1 
 23  -1  -1  -1 278 176  -1  -1 192 192  -1  -1  -1 215  -1  -1 175  47  -1  14  -1  -1  -1  16  16  -1 
 24  -1 277  -1 173  -1  -1 286 124   0  -1  67  -1  -1 203  -1  -1 199  38  26  -1  -1  -1  -1  -1  -1 
 25  -1  -1  -1  -1  -1  -1  -1  -1  -1 213  -1  56 122  -1  -1  -1 152  -1 100  -1  -1  -1  -1 196  -1 
 26  -1 132  -1 144  -1  -1  88 276  -1  -1  -1 248  -1  -1  -1  -1  -1  -1  -1  -1  -1  -1  -1 301  -1 
 27  -1  -1  -1  36  -1  -1  -1  -1  -1  -1  -1  -1  -1  -1  -1 220 202  -1  77  -1  -1  40  -1  -1  -1 
 28  -1  -1  -1  -1  -1  -1  -1  25  -1  -1  -1  -1  -1 194  -1  -1  -1 280 280  -1  -1  -1 289  -1  -1 
 29  -1  -1  -1 129  -1  -1  80  -1  -1  -1  -1 125 247  -1  -1 236 236 148 148  -1  -1  41 157  -1 170 
 30  -1  -1  -1  -1  -1  -1  24  19  19  19  -1  -1  17  17  -1  -1  30   2   2  -1  -1  -1   4   4  -1 
 31  -1  -1  -1  -1  -1  -1  -1  -1  -1  -1  -1  -1  31  31  31  -1  -1  -1  -1  -1  -1  -1  -1  -1  -1 
 32  -1  -1  61  61  -1  -1  -1  63  63  63  -1  -1  -1  74  -1  -1  -1  -1  46  46  -1  68  48  48  -1 
 33  -1  -1  75  75  75  -1  -1  -1  -1  -1  -1  -1  -1  -1  -1  -1  -1  -1  -1  -1  -1  -1  -1  -1  -1 
 34  -1  -1 107 107 107  -1  -1  -1 112  -1  -1  -1 105 105  -1  -1 118  -1  92  92  -1  -1  90  90  -1 
 35  -1  -1  -1  -1  -1  -1  -1  -1  -1  -1  -1  -1 119 119 119  -1  -1  -1  -1  -1  -1  -1  -1  -1  -1 
 36 151 151 151  -1  -1  -1 134 134 162  -1  -1  -1  -1  -1  -1 136 136  -1  -1  -1  -1 156 149 149  -1 
 37  -1  -1  -1  -1  -1  -1  -1  -1  -1  -1 163 163 163  -1  -1  -1  -1  -1  -1  -1  -1  -1  -1  -1  -1 
 38 178 178  -1  -1  -1  -1 200 180 180  -1  -1  -1 206  -1  -1  -1  -1 195 195 195 193 193  -1  -1  -1 
 39  -1  -1  -1  -1  -1  -1  -1  -1  -1  -1  -1  -1  -1  -1  -1  -1  -1  -1  -1  -1  -1  -1 207 207 207 
 40  -1  -1 237 237  -1  -1 250 239 239 239  -1 224 224 244  -1  -1  -1  -1 222 222  -1  -1  -1  -1  -1 
 41  -1  -1 251 251 251  -1  -1  -1  -1  -1  -1  -1  -1  -1  -1  -1  -1  -1  -1  -1  -1  -1  -1  -1  -1 
 42  -1  -1 288  -1  -1  -1 294 266 266  -1  -1  -1 283 283 283 268 268  -1  -1  -1  -1  -1 281 281  -1 
 43  -1  -1  -1  -1  -1  -1  -1  -1  -1  -1  -1  -1  -1  -1  -1  -1  -1  -1  -1  -1  -1  -1 295 295 295 
 44  -1 109 197  -1  -1  -1  -1  -1  -1  -1  -1 183 142  -1  -1  -1  -1  -1  -1  -1  -1 269  -1  -1  -1 
 45  -1 227  -1  -1 275  -1  -1  -1 141  -1  -1  -1  -1  -1  -1  97  65  -1 140  -1 316  49  -1  -1  -1 
 46  99  -1  -1  -1  -1  -1  -1  -1  -1  -1  -1  96  -1  -1  -1  -1  -1 185 274  -1  -1  -1  -1  -1  -1 
 47  -1  -1  -1 313  -1  -1 230  -1  -1  -1  -1  -1  -1  -1  -1  11  -1 271  -1  -1  -1  -1  -1 139  -1 
 48  -1  53  -1  21  -1  -1  -1  -1  -1  -1  -1  -1  -1  -1  -1  -1  93  -1  -1   9  -1   7 138  -1  -1 
 49  50  10  -1  -1   8  -1  -1 226  -1  -1  -1  -1 272  -1  -1  -1  -1  -1 186  -1  -1 187 231  -1 241 
 50  -1 273  -1  -1  -1 310  -1  -1  -1  -1 308   6 182  -1 311  -1  -1  -1  -1  -1  -1 153  -1  -1  -1 
 51  -1  -1  -1  -1  -1  -1   5  -1  95 309  -1  -1  55 315  -1  -1 225  -1  -1  -1  -1 228  -1  -1  -1 
 52  -1  -1 314  -1 143 285 181  -1  52  -1  -1  51  -1  -1  -1  -1  -1  98  -1  -1  -1  -1  -1 270  -1 
 53 229  -1  -1  -1  -1  -1  -1  -1  -1  -1  -1  -1  -1  -1  -1  54  -1 137  -1  -1  -1  94 184  -1 312 

