317
8 12
18 17
10 30
16 8
3 30
22 46
12 50
15 50
17 51
19 48
7 45
13 45
3 19
8 4
7 16
17 13
12 21
22 30
14 21
0 30
18 10
6 47
21 3
16 5
8 30
7 13
17 7
2 14
21 1
13 26
16 30
22 31
6 27
1 19
12 8
11 22
3 25
14 4
8 10
7 26
5 17
4 28
9 7
5 28
18 16
8 24
15 32
3 14
10 32
4 47
13 52
12 45
23 49
7 48
19 47
17 44
16 27
11 12
7 2
1 28
12 10
17 32
21 13
22 32
2 23
3 47
6 8
9 27
6 32
22 19
3 17
16 25
18 14
7 23
13 32
0 33
23 16
7 6
11 5
6 17
17 4
22 14
3 6
10 3
19 20
12 24
23 8
23 7
16 17
7 25
10 34
23 17
2 34
17 47
4 46
18 47
8 48
19 53
22 50
15 46
3 2
2 27
8 5
11 14
17 26
20 34
5 7
12 34
16 2
23 45
1 23
6 3
17 34
13 17
6 15
8 11
3 11
16 9
18 34
20 35
12 16
2 19
22 26
1 25
7 18
17 29
20 25
19 25
2 15
23 2
23 11
10 17
3 5
2 24
22 36
8 21
12 36
18 44
10 52
11 47
15 45
7 51
16 53
4 52
11 20
22 22
3 27
16 19
12 7
18 36
20 7
5 36
2 18
21 53
1 29
8 27
21 36
23 29
7 3
8 13
3 28
16 3
1 36
17 37
6 4
1 11
13 19
22 1
11 0
23 26
16 6
19 4
8 29
13 3
20 21
1 17
4 27
15 17
10 38
23 21
18 38
7 49
3 46
8 45
12 48
16 48
22 48
17 50
11 27
22 29
16 4
13 15
17 1
7 38
23 1
0 38
12 20
6 48
9 14
21 20
22 38
16 21
2 6
3 20
18 18
11 4
21 38
12 39
7 7
23 23
8 28
6 6
17 5
10 15
20 22
22 5
0 27
22 0
10 25
7 17
23 27
10 0
3 40
13 12
15 40
12 44
18 50
22 52
8 46
11 53
2 47
7 52
16 20
23 13
3 12
21 19
12 4
7 40
0 13
17 40
11 13
24 51
1 26
6 22
13 40
2 21
7 11
6 19
8 14
16 15
11 40
20 41
17 8
3 3
1 1
23 18
18 22
9 24
6 10
20 27
16 14
16 16
13 14
24 9
22 27
12 3
3 42
2 9
15 42
11 49
18 52
10 50
7 47
23 53
13 50
8 49
13 16
1 3
3 9
8 8
22 6
5 42
2 10
17 42
11 1
14 53
20 1
21 15
11 42
7 20
12 26
18 6
22 11
1 24
13 42
5 43
23 9
17 10
8 19
21 25
2 12
1 5
7 10
20 0
18 11
16 7
4 1
18 9
21 50
20 53
24 47
1 51
0 49
6 49
5 49
14 46
9 53

