317
22 28
12 12
5 30
13 19
3 30
18 45
11 52
20 53
2 50
1 53
17 44
7 46
21 22
3 4
2 29
11 16
5 18
17 30
8 22
22 30
1 3
16 47
10 7
13 20
7 30
8 19
13 10
22 20
16 25
2 24
11 30
17 31
6 1
21 28
3 28
1 2
21 4
1 6
9 20
22 19
6 28
4 15
4 9
20 17
7 0
20 7
5 32
2 28
3 32
17 47
13 50
23 45
11 51
18 50
1 46
22 50
6 9
3 9
7 21
1 29
22 26
12 32
8 21
17 32
11 23
2 48
21 29
16 12
2 32
1 18
16 6
7 1
6 19
11 29
23 32
12 33
18 16
8 29
21 10
2 20
17 6
17 29
14 2
3 25
17 24
17 22
5 0
12 28
22 0
19 6
3 34
18 13
5 34
23 48
7 51
17 52
13 51
2 47
11 44
1 45
23 8
13 12
7 20
11 3
2 17
17 34
9 17
20 34
12 17
16 53
0 15
8 18
7 34
21 1
17 23
18 26
1 11
8 2
16 34
10 35
22 23
2 6
12 11
3 19
6 7
10 12
11 15
6 3
2 5
21 21
9 19
24 23
17 3
6 0
3 36
22 25
12 36
23 51
20 47
7 48
11 49
2 51
18 51
5 45
11 22
7 2
3 27
1 0
12 23
23 36
21 7
17 36
2 0
22 49
8 26
16 0
22 36
21 8
6 25
12 7
18 3
3 24
16 36
0 37
13 16
16 24
11 2
23 18
7 14
16 15
1 22
21 24
15 9
0 2
15 18
17 2
20 25
19 2
17 38
2 18
3 38
12 53
13 52
23 47
22 53
1 44
5 48
6 44
13 25
3 7
17 20
12 26
22 5
10 38
2 25
7 38
18 20
0 52
21 23
16 21
23 38
6 14
18 19
22 9
16 26
7 8
21 38
10 39
1 10
13 11
2 10
2 27
8 28
8 25
2 15
13 15
22 13
7 28
4 2
20 18
17 0
20 16
18 40
1 19
11 40
22 48
2 53
6 47
13 49
5 52
23 49
7 44
18 12
6 29
12 0
7 27
15 4
23 40
10 4
2 40
8 5
1 52
14 21
21 2
13 40
17 26
1 9
2 4
3 16
12 2
16 40
7 41
21 0
18 28
11 14
22 18
6 10
4 6
15 0
10 24
10 23
5 1
7 22
15 14
2 19
20 22
12 42
18 17
5 42
3 46
19 49
4 50
22 44
7 49
11 50
1 51
7 29
12 18
1 27
17 1
10 27
2 42
18 2
22 42
16 17
9 49
8 1
21 19
1 42
16 18
3 15
6 13
13 5
23 17
8 42
15 43
12 13
7 6
18 7
11 11
21 13
8 24
2 26
0 22
10 21
9 21
11 19
19 22
16 51
10 47
15 50
24 53
9 44
8 52
0 46
21 48
14 46

