1 6077 657.654000 15043 1599 728 416 5000 5000 2300
2 6971 629.745000 16109 1451 1126 432 7000 4500 1600
3 11017 624.050000 14325 1445 657 423 5000 4500 2300
4 13209 650.868000 9529 1619 701 409 2000 3500 1300
5 4245 654.798000 11102 1593 764 445 3000 4000 1300
6 3515 629.449000 17120 1558 740 422 5000 8000 1400
7 8606 643.535000 12004 1588 745 471 4000 3500 1700
8 3246 628.809000 14306 1420 856 430 4000 6500 1100
9 5570 616.547000 21029 1600 702 427 6000 10000 2300
10 4511 662.442000 11393 1720 740 433 3000 4000 1500
