317
12 24
24 19
5 30
1 29
3 30
11 44
21 51
22 53
23 45
10 48
17 44
18 53
18 1
21 20
22 15
23 19
2 17
7 30
19 4
12 30
6 29
16 51
20 27
1 26
17 30
18 28
3 9
13 21
6 13
22 12
1 30
7 31
16 26
11 5
2 18
23 3
13 4
0 19
4 27
16 1
16 29
5 6
11 8
12 7
1 13
3 28
5 32
12 22
10 32
13 49
21 50
22 51
23 46
18 50
24 53
4 44
1 4
6 1
21 8
18 10
13 5
23 32
12 25
7 32
17 4
16 52
2 8
0 17
1 32
7 8
6 17
13 18
2 20
16 9
21 32
17 33
12 13
11 0
23 21
1 9
8 23
18 6
16 17
13 0
21 12
14 29
16 19
5 15
3 15
18 7
10 34
13 2
5 34
17 49
21 48
23 53
22 46
4 50
1 49
12 46
17 19
6 12
1 5
3 1
12 19
8 34
20 12
22 34
21 2
15 44
16 25
2 11
3 34
23 13
18 27
17 28
11 19
1 3
16 34
7 35
22 25
13 28
7 4
12 12
2 26
1 18
10 19
1 28
23 26
9 6
18 23
11 7
4 20
5 28
17 36
23 27
12 36
21 49
10 52
6 45
24 44
3 53
11 51
8 50
17 8
8 15
6 24
18 5
12 3
20 36
23 18
0 36
22 0
7 51
16 16
14 25
11 36
12 23
2 13
1 12
6 7
23 5
8 36
20 37
3 0
7 11
17 20
13 29
18 29
22 28
17 2
24 11
0 27
4 10
20 0
3 23
4 24
10 22
23 38
18 13
5 38
22 48
1 50
11 49
13 53
21 44
3 45
17 51
23 17
17 1
22 29
1 1
2 27
8 38
20 8
12 38
6 2
16 47
0 25
18 20
3 38
22 6
12 11
18 24
13 10
6 11
17 38
7 39
16 2
23 16
1 25
2 19
21 26
9 26
1 24
9 28
3 29
17 23
4 18
24 29
4 16
21 3
5 40
22 4
23 40
8 49
11 48
3 49
18 44
1 48
13 52
17 45
3 7
6 28
23 7
8 1
0 0
12 40
2 1
17 40
11 2
16 53
7 20
22 18
1 40
22 5
17 11
3 26
2 9
18 2
8 40
10 41
7 29
23 12
16 5
13 12
6 23
9 23
5 16
8 16
1 27
5 20
23 20
7 15
3 21
12 4
5 42
8 7
23 42
13 47
11 45
10 44
18 46
21 47
22 47
4 52
6 26
11 28
13 8
16 8
22 11
17 42
7 17
0 42
21 4
8 51
14 2
20 25
21 42
16 14
13 1
22 8
8 27
3 10
11 42
15 43
6 3
23 25
18 4
7 1
2 5
15 20
17 29
22 24
5 26
19 29
12 15
12 1
9 53
0 48
14 47
2 49
20 53
16 45
19 49
7 53
15 49

