317
8 13
13 12
20 30
1 3
3 30
17 44
23 50
16 49
7 47
2 48
11 45
22 44
8 15
2 3
3 3
11 1
22 20
15 30
24 7
5 30
13 20
18 44
14 22
1 19
17 30
16 3
21 19
8 0
6 2
2 14
22 30
10 31
18 26
7 23
23 23
1 23
8 14
4 2
0 29
9 21
9 11
4 11
11 26
15 8
7 11
6 18
3 32
1 4
20 32
22 49
10 51
11 47
17 49
16 45
2 53
8 46
3 15
22 7
2 12
16 15
7 24
17 32
1 16
12 32
11 25
23 47
5 23
24 6
23 32
2 27
11 6
21 9
22 27
16 23
8 32
17 33
13 21
21 13
7 21
1 6
12 20
18 12
2 23
10 10
10 24
17 8
15 0
8 26
17 1
16 21
3 34
11 23
22 34
8 52
21 52
7 46
6 48
20 51
13 45
10 45
3 18
22 19
23 14
1 5
7 6
12 34
15 7
17 34
16 6
24 51
9 20
11 24
8 34
18 14
12 19
13 22
23 28
6 17
11 34
0 35
17 7
21 21
3 19
22 15
7 19
21 29
21 2
0 15
12 1
11 20
24 23
13 9
6 10
7 10
3 36
8 23
10 36
21 44
20 52
23 52
16 47
17 46
13 49
1 45
21 4
17 5
11 21
22 11
12 5
23 36
19 13
0 36
7 0
18 48
8 20
9 9
6 36
18 3
1 14
2 2
8 10
21 24
12 36
22 37
13 17
11 17
16 10
17 15
7 18
4 28
20 9
11 29
17 12
20 22
3 10
22 8
17 13
20 2
10 38
6 28
3 38
1 50
16 44
21 45
23 45
7 44
2 45
8 51
21 18
11 8
7 17
1 20
2 21
22 38
13 27
17 38
8 19
12 51
0 25
6 8
6 38
17 16
1 2
2 29
16 19
21 16
7 38
22 39
13 4
8 22
11 7
12 3
18 9
3 27
1 11
0 16
9 12
16 5
19 15
12 17
2 22
23 16
3 40
1 21
6 40
21 49
22 50
11 50
16 52
10 44
17 50
8 47
8 5
17 4
7 2
16 26
2 4
13 40
1 25
20 40
11 2
24 44
5 8
18 28
11 40
3 23
22 29
21 6
17 24
6 20
2 40
12 41
7 5
16 17
18 24
1 24
8 18
6 21
5 10
17 0
3 12
12 14
18 0
3 8
17 18
20 29
3 42
11 22
22 42
7 49
6 46
1 49
16 53
2 50
21 48
10 48
22 2
2 1
21 22
13 23
17 27
0 42
24 9
7 42
12 18
11 44
19 17
15 22
16 42
16 18
23 1
7 14
2 26
8 21
11 42
12 43
1 29
6 29
18 13
3 28
22 4
13 19
12 4
0 5
3 29
0 18
2 9
17 14
12 52
14 46
19 51
18 45
9 51
5 47
0 52
24 48
15 46

