317
22 29
8 21
10 30
7 17
1 30
3 45
13 46
6 45
17 48
4 46
21 51
12 50
21 0
1 15
3 7
6 11
12 5
18 30
14 3
22 30
2 20
16 51
5 28
7 4
3 30
1 28
8 2
23 12
16 23
13 10
6 30
17 31
2 26
22 11
12 28
11 10
23 0
24 11
13 27
13 29
3 21
1 13
15 10
18 17
13 25
8 14
22 32
6 26
3 32
7 47
17 50
1 50
18 50
11 52
21 50
10 50
21 7
3 23
7 2
1 11
22 25
17 32
16 3
12 32
11 29
2 53
6 24
5 19
6 32
22 28
7 8
1 21
13 18
23 8
16 32
17 33
11 18
2 15
3 26
21 2
8 12
10 25
2 28
15 6
13 14
21 24
7 21
14 14
21 18
18 14
10 34
23 29
2 34
12 53
1 51
6 47
8 49
4 47
17 52
22 53
17 29
2 24
1 3
6 7
20 11
13 34
19 18
7 34
3 20
5 48
23 17
16 24
1 34
17 26
8 9
7 7
22 26
2 16
6 34
12 35
16 19
23 5
12 29
21 1
3 13
3 4
10 27
21 12
0 25
6 14
10 5
16 15
22 8
7 3
10 36
23 27
12 36
8 50
18 47
17 53
6 49
1 52
2 45
21 47
11 19
21 9
6 27
8 0
12 2
2 36
20 25
17 36
7 20
0 52
23 18
16 13
22 36
21 15
18 3
17 4
8 1
1 0
6 36
2 37
16 2
6 10
13 8
23 26
12 17
2 22
21 19
18 2
22 13
2 17
21 23
15 20
21 27
17 5
10 38
6 19
2 38
7 50
12 45
1 53
22 48
4 48
18 44
23 51
23 20
1 12
22 2
21 29
2 10
7 38
16 4
12 38
18 8
6 46
0 23
19 5
22 38
13 22
18 27
3 16
16 7
6 23
1 38
7 39
2 9
12 16
23 14
21 16
11 1
13 15
23 22
7 6
22 5
2 27
13 1
24 9
10 12
2 18
3 40
6 21
17 40
1 46
11 49
23 52
7 51
13 48
21 45
8 45
1 25
18 21
3 29
23 21
7 15
15 40
20 10
12 40
21 26
19 49
0 2
6 17
8 40
17 11
2 25
1 14
3 22
12 26
7 40
22 41
11 24
16 11
18 22
21 3
13 24
18 1
16 6
15 11
7 24
22 17
8 24
11 14
1 1
12 15
7 42
17 8
10 42
21 44
3 48
6 44
18 49
23 50
13 50
2 49
18 23
11 0
13 6
21 14
7 27
22 42
16 10
2 42
6 13
17 44
14 13
5 21
17 42
21 4
18 4
1 24
8 17
11 2
16 42
20 43
7 13
3 3
23 16
6 25
12 3
22 0
20 24
21 10
6 1
8 26
15 5
23 3
20 52
16 52
19 52
0 45
5 50
24 49
9 44
14 47
15 46

