317
1 5
13 5
20 30
16 15
7 30
6 51
3 48
2 46
11 51
5 45
15 48
23 51
3 21
21 9
23 7
17 19
7 8
10 30
9 21
0 30
18 5
22 47
12 27
16 14
6 30
7 20
21 20
3 5
16 28
11 15
22 30
17 31
8 20
1 18
23 20
12 29
3 27
19 1
15 14
7 15
8 25
1 0
2 19
20 25
11 23
15 8
0 32
21 4
5 32
23 49
13 47
2 44
16 51
7 47
3 51
20 45
2 5
6 20
16 10
22 16
12 10
3 32
21 25
7 32
23 5
17 51
18 21
10 19
18 32
16 22
1 26
8 22
6 28
21 22
11 32
22 33
3 22
7 14
12 28
17 8
2 16
13 26
10 4
4 2
3 24
12 14
16 29
9 7
23 24
3 23
15 34
2 28
5 34
8 44
7 51
11 47
13 46
20 46
21 45
1 46
6 6
21 26
23 8
11 14
7 12
17 34
4 19
12 34
1 14
22 52
0 29
2 3
2 34
6 1
13 0
12 26
21 16
1 22
11 34
17 35
7 9
23 6
17 12
22 26
3 1
5 9
21 19
7 28
22 17
23 28
14 25
0 10
20 14
1 28
5 36
23 15
15 36
2 45
8 47
0 45
21 44
11 52
13 52
7 44
2 14
21 23
6 8
12 17
7 2
10 36
23 21
17 36
13 13
22 44
3 29
4 6
23 36
21 14
18 9
16 12
3 14
11 22
2 36
12 37
17 7
2 6
7 19
22 6
8 1
8 4
23 1
13 3
17 26
14 21
8 11
2 25
5 22
1 21
2 38
13 20
15 38
6 45
21 46
18 51
8 49
0 48
23 53
11 53
18 25
11 20
16 0
21 6
2 13
23 38
17 3
7 38
22 18
13 50
4 3
12 1
17 38
6 29
2 1
3 12
8 28
16 18
18 38
20 39
12 20
23 2
11 26
11 13
7 29
5 18
24 19
14 5
18 18
19 18
8 23
8 18
15 5
5 2
6 40
13 7
0 40
11 48
21 53
18 46
8 52
20 52
16 49
2 52
1 23
6 25
11 18
8 14
15 24
22 40
17 27
2 40
21 27
9 44
12 21
13 8
11 40
7 22
2 15
13 11
12 7
3 26
8 40
22 41
17 17
6 27
1 13
18 17
21 8
0 9
10 10
23 19
3 4
15 23
17 1
5 0
7 16
20 17
15 42
13 2
5 42
3 44
2 51
18 53
1 44
23 48
21 52
11 44
7 5
12 6
11 6
16 1
3 11
17 42
13 25
22 42
6 18
8 53
9 12
0 2
11 42
16 17
21 24
6 10
2 11
7 11
13 42
17 43
1 3
8 15
12 19
3 2
22 0
16 23
17 0
9 24
4 8
7 23
8 26
9 26
17 47
22 49
24 46
19 49
10 50
12 48
9 46
4 52
14 45

