317
6 29
0 3
13 30
12 28
15 30
21 47
22 46
2 52
1 47
20 52
23 49
3 50
6 13
23 13
1 7
3 2
20 0
17 30
10 14
7 30
16 27
12 44
4 9
11 23
6 30
7 20
11 28
22 7
16 18
2 2
12 30
17 31
8 17
23 19
21 10
1 29
23 0
24 15
23 11
10 2
14 10
24 7
5 18
6 1
1 6
15 17
13 32
17 25
6 32
21 49
20 46
22 49
2 45
3 51
12 51
16 47
6 7
12 3
7 17
13 18
3 21
22 32
17 0
0 32
21 7
11 49
8 19
18 21
17 32
3 7
2 6
7 9
18 15
21 12
11 32
22 33
6 16
8 3
12 22
16 28
1 23
11 10
13 3
20 2
13 10
4 20
22 25
12 25
17 8
16 23
22 34
6 6
0 34
15 46
2 53
21 46
12 48
3 47
7 45
20 45
21 8
3 18
1 22
22 9
17 17
12 34
5 23
7 34
2 20
6 51
24 14
11 8
18 34
6 9
23 1
22 29
3 24
17 18
21 34
12 35
7 1
2 11
12 26
1 17
16 17
24 29
11 7
4 25
23 5
12 14
2 21
16 12
6 25
1 20
15 36
17 13
13 36
22 53
20 50
2 46
12 49
7 47
21 51
0 51
16 26
13 7
21 6
23 7
5 14
17 36
10 4
7 36
2 13
11 46
3 0
4 3
12 36
13 11
3 5
17 27
8 14
21 16
6 36
22 37
18 29
6 3
16 5
11 14
2 24
9 12
11 2
10 1
18 24
16 1
8 9
5 9
15 9
17 16
0 38
3 14
13 38
6 45
7 49
12 47
21 52
2 50
16 53
20 49
8 10
16 14
2 10
1 18
12 27
22 38
3 11
5 38
21 28
19 50
11 3
18 26
11 38
1 16
17 20
18 6
7 19
21 1
8 38
22 39
6 28
3 27
12 24
13 29
2 4
5 15
11 29
7 21
13 22
3 13
21 5
5 17
15 27
14 24
20 40
17 3
0 40
22 45
13 49
23 51
6 52
16 50
7 50
2 48
21 2
1 21
7 18
6 4
22 24
2 40
17 21
10 40
16 24
24 52
8 27
18 4
17 40
8 6
11 26
18 16
16 29
13 15
23 40
2 41
21 27
7 16
6 22
22 11
1 2
6 23
8 4
24 11
9 22
16 20
15 2
7 3
21 13
0 25
13 42
7 28
2 42
23 46
17 47
20 44
16 45
15 49
1 46
6 44
13 19
17 2
16 6
11 19
2 3
5 42
18 9
22 42
12 16
8 53
7 27
4 26
16 42
12 23
1 19
22 14
8 7
23 3
18 42
10 43
6 8
21 23
17 23
7 23
2 7
20 28
15 25
18 2
19 24
9 15
22 17
24 6
10 47
5 52
19 44
18 45
24 46
4 49
8 47
11 48
9 44

