317
18 17
8 24
5 30
1 6
23 30
22 50
7 53
12 48
19 49
0 46
3 46
11 51
15 16
6 9
7 24
3 20
22 0
12 30
21 0
16 30
11 26
1 46
9 8
2 25
22 30
21 27
8 22
17 13
11 11
3 4
7 30
12 31
23 9
16 19
1 0
2 1
18 23
15 29
10 15
14 17
23 11
13 27
12 5
0 15
12 17
6 22
0 32
3 23
8 32
11 52
19 53
18 47
23 47
7 48
24 47
22 51
1 11
23 18
2 8
22 7
7 19
17 32
13 22
10 32
16 26
21 47
3 29
5 2
22 32
7 0
6 8
11 3
23 20
18 21
3 32
15 33
12 29
13 7
2 4
21 24
8 25
18 28
1 5
22 4
21 10
4 24
15 18
24 22
12 28
3 22
23 34
11 19
5 34
19 45
8 53
17 48
18 52
0 51
22 53
1 52
12 16
6 6
1 20
18 7
22 19
8 34
13 29
15 34
3 15
2 52
21 5
11 9
12 34
17 24
3 12
1 23
21 1
13 1
2 34
7 35
16 4
23 3
7 17
22 9
11 10
23 15
13 23
13 28
12 26
18 3
14 24
3 11
7 3
1 3
5 36
0 27
22 36
3 44
8 50
18 46
24 53
17 44
12 46
9 53
7 11
22 16
3 17
23 2
5 23
18 36
21 26
10 36
1 9
16 45
2 11
13 18
13 36
22 21
1 15
2 9
11 13
16 17
7 36
17 37
6 15
6 0
23 16
21 23
12 9
16 1
17 20
18 8
9 16
12 24
21 29
4 26
5 10
19 28
22 38
8 20
0 38
6 51
11 47
7 52
17 49
24 51
9 46
18 45
1 12
7 20
23 17
22 29
5 13
17 38
13 6
2 38
12 15
16 44
8 1
21 14
16 38
3 5
1 1
23 13
18 20
6 3
21 38
10 39
22 15
13 26
7 21
8 5
17 3
11 1
12 2
21 2
22 18
1 14
17 17
18 13
7 2
5 20
18 40
12 23
8 40
11 44
22 44
3 53
6 47
23 48
1 49
17 51
8 14
17 11
7 16
18 0
20 20
22 40
10 1
0 40
6 24
16 51
12 19
13 15
6 40
2 12
17 29
3 16
13 19
8 28
16 40
22 41
18 26
11 21
12 27
21 13
7 15
16 27
20 17
15 4
14 8
22 20
6 11
15 24
12 3
8 29
0 42
3 24
5 42
19 44
22 49
9 47
18 53
23 52
7 50
24 46
7 29
1 27
6 7
2 24
23 28
17 42
20 28
10 42
8 23
3 48
21 22
13 16
21 42
18 6
8 3
11 24
3 27
13 9
22 42
15 43
2 17
12 22
23 27
1 21
6 27
1 18
0 28
12 11
10 23
4 16
4 11
24 11
2 51
21 49
20 52
4 49
15 44
16 46
10 51
13 52
14 48

