317
1 12
24 21
5 30
18 0
22 30
11 51
13 49
0 53
9 46
21 51
17 52
8 52
1 7
6 29
8 23
17 7
22 16
12 30
7 10
2 30
21 26
18 53
10 19
16 7
17 30
18 20
8 25
1 10
11 17
23 14
7 30
12 31
16 3
2 1
6 7
22 4
2 6
14 24
6 19
14 27
18 24
15 4
4 28
8 14
3 18
2 22
23 32
8 15
17 32
1 48
9 50
6 49
21 52
11 52
5 51
0 50
8 28
1 25
6 25
3 10
17 2
20 32
7 29
12 32
22 23
4 51
16 26
10 28
1 32
8 1
3 3
11 21
13 6
6 9
16 32
20 33
23 19
11 25
18 17
7 14
2 21
15 21
6 18
8 0
8 5
13 24
17 25
16 17
18 10
11 28
23 34
6 13
2 34
8 48
1 53
5 46
17 47
0 47
13 51
9 48
23 27
2 12
8 3
17 13
12 25
0 34
6 20
20 34
16 21
19 49
14 22
7 25
8 34
1 22
3 24
2 4
23 12
7 6
6 34
15 35
22 24
18 9
16 27
13 3
11 6
17 17
15 16
23 2
8 29
20 18
1 29
17 0
9 22
6 16
0 36
13 0
23 36
11 48
2 45
3 46
8 49
18 45
21 45
5 47
1 24
23 29
21 14
8 2
2 19
17 36
22 0
10 36
6 14
16 53
7 12
13 29
21 36
22 20
11 1
12 17
1 2
16 1
3 36
17 37
13 17
3 1
7 15
23 6
6 24
4 23
17 21
16 10
0 28
23 28
19 16
19 4
5 10
17 6
8 38
21 22
0 38
13 50
18 46
2 48
22 45
3 50
6 52
11 45
1 20
8 13
2 11
3 7
5 1
22 38
16 12
12 38
18 19
21 53
7 5
15 29
2 38
18 28
13 2
12 15
16 25
21 4
3 38
22 39
6 15
1 26
8 19
8 12
17 28
21 2
23 15
9 21
9 14
2 16
19 28
10 1
22 3
5 17
23 40
9 29
0 40
6 50
17 51
18 48
11 50
8 45
13 47
21 46
1 3
11 20
17 10
8 9
22 26
13 40
20 2
2 40
6 0
19 47
16 4
7 0
11 40
17 3
3 8
1 28
2 18
23 22
16 40
12 41
8 22
18 1
21 1
7 28
22 29
2 0
23 5
18 11
1 8
11 8
21 15
19 25
18 26
2 7
0 42
8 17
23 42
6 51
17 49
5 45
13 48
11 46
22 49
9 44
6 10
18 14
17 22
11 7
0 4
13 42
16 13
20 42
2 8
8 46
7 8
3 14
17 42
16 19
3 5
23 25
8 27
21 9
11 42
12 43
6 3
22 22
18 12
7 21
1 9
12 8
8 11
20 1
6 27
12 7
11 18
0 20
16 47
10 46
15 47
19 52
20 49
7 46
12 48
4 53
14 47

