r\t   0   1   2   3   4   5   6   7   8   9  10  11  12  13  14  15  16  17  18  19  20  21  22  23  24 
  0  -1  71  -1 236 236  -1  -1  -1 120  -1  -1  -1  -1  -1  -1  -1  -1 279 104 104  -1  -1  -1  83  -1 
  1  -1  -1  -1  -1  -1  -1 130  -1  42  -1  -1  20  -1  -1  -1  -1 168  -1  -1  -1  -1 125  -1 299  -1 
  2  -1  -1 192 192  -1  -1  -1  35  45  -1  -1  -1  47 290  -1  -1  -1  -1  -1  -1  -1  -1  -1  -1  -1 
  3  -1  -1  -1  -1  -1  -1 152  -1  -1  -1  -1  -1  -1 194  -1  -1 155  -1 248  -1  -1  66  27  -1  -1 
  4  -1  -1 238 116  -1 219  -1  58  -1  -1  -1  -1  -1 110  -1  41  -1  -1  -1  -1  -1  -1 292  -1  -1 
  5  -1 144  -1  -1  -1  -1  70  -1 212  -1  -1 169 300  -1  -1  -1  -1  -1 232 217  -1  36 214  -1 305 
  6  -1  -1  -1  -1  -1  -1  -1  -1  -1  -1  -1  28  78  -1  -1  -1  64 246  -1  -1  -1 263  -1  -1  -1 
  7 258  39  -1 254  -1 307 179  -1 147  -1  -1 196  -1  -1  -1  -1  -1  -1  15  -1  -1  33  -1  88  -1 
  8  -1  -1  -1  -1  -1  -1  13  -1 267  -1  -1  -1  -1  -1  -1  -1  -1  -1  -1  -1  -1  -1  -1  72  -1 
  9  -1  -1  -1 164  -1  -1  29  -1 282  -1  -1  -1 235  -1  -1  -1  -1  -1 166  -1  -1 202 111  -1  -1 
 10  -1 190 121 210  81  -1 278  -1  -1  -1  -1  44 284  -1  -1  -1  -1  -1  -1  -1  -1 106 280 280  -1 
 11  -1 291  -1 218  -1 301  -1  -1  -1  -1  -1  -1  -1  -1  -1  43  -1  23 303  -1  -1  -1  -1  -1  40 
 12  -1   0  -1  -1  -1 176 128  -1  -1  -1  86 276  -1  -1  -1  -1 259 148 148  -1  -1 296 203 189  -1 
 13  -1  -1  -1  -1  -1  -1 233  -1  -1  -1  -1  -1  -1  -1  -1  -1 175  -1  -1  -1  -1 249 256  -1  -1 
 14  -1 262  -1  25  -1  -1  -1 223  -1  67  -1  -1 167 286  -1  -1 247  -1  -1  -1 170  -1  -1  -1  -1 
 15 220  -1 264  -1  -1  -1 103  -1  -1  -1  -1 146  -1  -1  87  -1  -1  -1  -1  -1  -1  79  37  -1  -1 
 16  -1 208 158  -1  -1  -1  -1 277  80  -1  -1  82  -1 209  -1  -1  -1  -1  -1  -1  84  -1  -1  -1  -1 
 17  -1  32 297  -1  -1  -1 253  -1 289  -1  -1  -1  62  -1 174 215 242  -1  -1  -1  -1  -1 173  -1  -1 
 18  -1 101  -1  38  -1  -1 298  14  -1  -1  -1  59  -1  -1  -1  -1  -1 260  -1  -1  -1  -1  -1  -1  -1 
 19  -1  -1  -1  -1  -1  -1 133 135 252  22  -1 114 124  -1  -1  -1  -1 108 205  -1  -1 287  91  -1  -1 
 20  -1 304  -1  -1  -1  -1  -1  -1 160  -1  -1 157  -1  -1  -1  -1  -1 257  73  -1  -1  -1  -1  -1  -1 
 21  -1  -1  -1 293  -1  -1  -1  -1  -1  -1  -1  -1  -1  -1  -1 126  -1 234  -1  -1  -1  -1  -1  -1  -1 
 22  -1  -1  -1  -1  -1  -1  56 201  -1  -1  -1  89  -1  -1  -1  -1  -1  34 188  -1  -1  -1  -1 221  -1 
 23  -1 245  -1  -1  -1 261 199  69  -1  -1  -1  -1 172  -1  -1  -1  -1   3  26  -1  -1 161  -1 302  -1 
 24  -1  -1  -1  -1 171 213  -1  -1  -1  -1  -1  -1 102 243  -1  -1  -1  -1  -1  -1  -1  -1  -1  -1  -1 
 25  -1  -1  -1  76  -1 131  -1 113   1  -1  -1  -1 132 115  -1  -1  -1  -1  -1  -1  -1 150  -1  12 198 
 26  -1 159  -1  -1  -1  -1  -1 165  -1  -1 177 240 191  -1  -1  -1  -1  -1  -1 127  -1  -1  -1 100  -1 
 27  -1  57 211  16  16 129  -1 255  -1  -1  -1  -1  -1  -1  -1  -1  -1  -1  -1  -1  -1  -1  -1 117  -1 
 28  18  77  -1  -1  -1  -1  -1 306  -1  -1  -1  -1 145  85  -1  -1  -1  -1  -1  -1  -1  -1 216  -1  -1 
 29  -1 123  -1  -1  -1  -1 204 154  -1  -1  -1  -1 265  -1  -1  -1  -1  -1 122  -1  -1  -1  60  60  -1 
 30  -1  -1  24  -1  -1   4   4  -1  -1  -1  -1  -1  17  17  -1  -1  30  -1   2   2  19  19  19  -1  -1 
 31  -1  -1  -1  -1  -1  -1  -1  -1  -1  -1  -1  -1  31  31  31  -1  -1  -1  -1  -1  -1  -1  -1  -1  -1 
 32  -1  -1  63  63  63  46  46  -1  -1  -1  -1  -1  -1  74  -1  -1  -1  61  61  -1  -1  68  48  48  -1 
 33  -1  -1  -1  -1  -1  -1  -1  -1  -1  -1  -1  -1  -1  -1  -1  75  75  75  -1  -1  -1  -1  -1  -1  -1 
 34  90  90 105 105  -1  92  92 107 107 107  -1  -1  -1  -1  -1  -1  -1  -1  -1  -1  -1 118 112  -1  -1 
 35  -1  -1  -1  -1  -1  -1  -1  -1  -1  -1  -1  -1  -1  -1  -1 119 119 119  -1  -1  -1  -1  -1  -1  -1 
 36 134 134 151 151 151  -1  -1 162  -1  -1  -1  -1  -1 156  -1  -1  -1  -1 136 136  -1  -1 149 149  -1 
 37  -1  -1  -1  -1  -1  -1  -1  -1  -1  -1  -1  -1  -1  -1  -1  -1  -1  -1  -1  -1  -1  -1 163 163 163 
 38  -1  -1 180 180  -1  -1  -1 195 195 195  -1 206 200  -1  -1 193 193  -1 178 178  -1  -1  -1  -1  -1 
 39  -1  -1  -1  -1  -1  -1  -1  -1  -1  -1  -1  -1  -1  -1  -1 207 207 207  -1  -1  -1  -1  -1  -1  -1 
 40  -1  -1 250  -1  -1 224 224  -1 237 237  -1  -1  -1 244  -1  -1  -1  -1 222 222 239 239 239  -1  -1 
 41  -1  -1  -1  -1  -1  -1  -1  -1  -1  -1 251 251 251  -1  -1  -1  -1  -1  -1  -1  -1  -1  -1  -1  -1 
 42 266 266 283 283 283  -1  -1 288  -1  -1 268 268  -1  -1  -1  -1 294  -1 281 281  -1  -1  -1  -1  -1 
 43  -1  -1  -1  -1  -1  -1  -1  -1  -1  -1  -1  -1  -1  -1  -1  -1  -1 295 295 295  -1  -1  -1  -1  -1 
 44  -1  -1  -1  10  -1  -1  -1  -1  -1  -1  -1  -1  93  -1  -1  -1  -1  -1  -1  -1  -1  -1 228  -1  -1 
 45  -1 230  -1  -1  -1  -1  -1   9 184  -1  55  -1  -1  -1  -1  -1 285 227  -1  50  -1  -1  -1   5  -1 
 46  -1  -1  -1  -1  -1 271  -1  -1  -1  -1  -1   7 187  -1  -1  -1  -1 274  51  -1  -1  -1  -1 272  -1 
 47  -1  -1  -1  -1  -1  -1  -1  -1 225  -1  -1  -1  -1  -1  -1  -1  21  -1  96  -1  -1 197  -1  -1  -1 
 48  -1  -1  99  -1  -1  -1 275  54  -1  -1 143 139 231  -1  -1  -1  -1  -1  -1  -1  -1  -1 182  -1  -1 
 49  49 181  -1 140  -1  -1  -1 269  -1  -1  95  -1  -1  -1 312 309  -1 142  -1  -1  -1  -1  -1  -1 310 
 50  -1  -1  11 229  -1  -1  -1  94  -1 315   8  -1  -1 153  -1  -1  -1  -1  -1  -1  -1  -1  -1  -1  -1 
 51  -1  -1  52  -1  -1  -1  -1  -1  -1  -1  -1  -1  -1  -1  -1  -1  -1  -1  -1  -1  -1 311 270  -1  -1 
 52 185  -1  -1  97 314  -1  -1  -1 137  -1  -1 226  -1 313  -1  -1  -1  -1  -1  -1  -1  -1  -1 141  -1 
 53  -1  53  -1  -1  -1 138  -1 241  -1  -1  -1 186  -1  65 109  -1 308  -1 273  98 316  -1   6 183  -1 

r\t   0   1   2   3   4   5   6   7   8   9  10  11  12  13  14  15  16  17  18  19  20  21  22  23  24 
  0  -1  -1  -1  -1  -1  -1  -1  -1 117  -1  -1  73  -1  33  -1  -1  13  85  -1  -1 265  -1  -1  -1  -1 
  1  -1  -1  -1  -1  -1  -1 298  -1  -1  -1  -1  -1  -1  -1  -1  -1  -1 192 192  -1  -1 240 148 148  -1 
  2 305  62  -1  29  -1  -1  -1 259 194  -1  -1 154  18  -1  -1  66 189  -1  -1  -1  -1  -1  -1  -1  -1 
  3  -1  -1  78  -1  -1  -1  -1  83  -1  -1  -1  -1  -1  88  -1  -1 168  -1  -1  -1  -1  -1 287  -1  -1 
  4  -1 232  -1  -1  -1  -1  -1  -1 159  -1  -1  -1 260  -1  -1  -1 131  -1  -1  -1 130 256 210  -1  86 
  5  -1 127  -1  56  -1  -1  -1  -1  -1  -1  -1  -1  -1  -1  -1  82 133  -1  -1  -1  -1 221 175  25  -1 
  6  -1 254  37  -1  45  -1  -1  -1  -1  -1 303  -1  -1  -1  -1  -1  -1  -1  -1  -1  -1  -1  -1  -1  -1 
  7  -1  -1  -1 166  -1  -1 204  -1 179  -1  -1  -1 247  -1  -1  -1  -1  -1 160  -1  -1  23 234 164  -1 
  8  -1  -1 103 219  -1  -1  -1  -1  84  -1  -1  27 147  -1  -1  -1  -1 292  -1  -1  -1 165  -1  -1  -1 
  9  -1  -1  -1 245  -1  -1  -1  -1  -1  -1  -1 171  -1  -1  -1  -1 296  -1 255  -1  -1  -1  43  -1  -1 
 10  -1  -1  -1 177  -1  -1  32 104 104  -1  -1 169  -1 264  -1  -1  -1 267  -1  -1  -1   3  -1 307  -1 
 11 150  -1  -1  -1 220  -1  -1  -1  -1  -1  -1  -1  -1 213  -1  -1  -1  60  60  -1  -1  -1  -1  -1  -1 
 12  -1  -1  44  -1  -1  -1 110  -1  -1  -1  -1  -1  -1 209  -1  -1  28  -1  -1  89  -1  -1  -1  -1  -1 
 13  -1  -1  -1  -1  -1  -1  -1  -1  79  -1  -1  67  -1  -1  -1  -1  -1 252  -1  -1  -1  -1 211 116  -1 
 14  -1  -1  58  -1  -1  -1  -1 208 306  87  -1 297  -1 120  -1  -1  77  -1 218  -1  -1  -1  -1  64  -1 
 15  -1  -1  -1  -1  -1  -1  -1  -1  -1  -1  -1  -1  -1  -1  -1  -1  -1 124  -1  -1  -1 293 300  -1  -1 
 16  -1 145  -1 108  38  -1 263  -1  -1  -1  -1 113  34  -1  -1  -1 243  -1  -1  -1  -1  -1  -1  -1  -1 
 17  -1 157 201  -1  -1  -1 173  -1  -1  40  -1 161  -1 214  -1  -1 152  16  16  -1  -1 216 191  -1  -1 
 18  -1  -1 122 202  -1  -1  69 289  59  -1  -1  -1  -1 217  -1 301 253  -1 135  -1  -1 111  -1  76  -1 
 19 198  -1 172  -1  -1  -1  -1 215  15  -1  -1  -1  -1  -1  -1  -1  -1  -1  26   1  -1 188 126  -1  -1 
 20  -1 277 167 262 199  -1  -1  -1 284  -1  -1 106  -1  -1  -1  -1  -1 203  -1  -1  -1  91  -1  -1  -1 
 21 286  -1  -1  -1  -1  -1 155  -1  -1  -1  81  -1  -1  36  -1  -1  -1 282 115  -1  -1  -1 121  -1  -1 
 22  -1 101 280 280  -1  42  -1  -1  39  -1  -1  -1  -1  14  -1  -1  -1 146  71  -1 242  -1  -1  -1  -1 
 23  -1  -1  -1  -1  -1  41  -1  35  -1 257  -1  -1  -1 248  -1  -1 223  -1 299  -1 176  -1  -1  -1  -1 
 24  -1 302  -1  -1  -1  -1 125 158  -1  -1  -1 246  -1  -1  -1  -1  -1 235  -1  -1  -1  -1 100 102  -1 
 25  -1  -1 236 236 170  -1 261  12  -1  -1  -1 304  -1  -1  -1  -1 276  -1 278  -1  -1  -1  80 249  -1 
 26  -1  -1 144  -1  -1  -1  -1  57  -1  -1  -1  -1 291  -1  -1  -1  -1 132  -1  -1  -1  70  -1  -1  -1 
 27  -1  47  -1  20  -1  -1 258 174  -1 238  -1  -1  -1 129  -1  -1 114  -1  -1  -1  -1 123  -1 190  -1 
 28  -1 212  -1  -1  -1  -1  22  -1 128  -1  -1  -1  -1  -1  -1  -1  -1  72 233  -1  -1 205  -1  -1  -1 
 29  -1 196  -1 290  -1  -1  -1 279  -1  -1  -1  -1  -1   0  -1  -1  -1  -1  -1  -1  -1  -1  -1  -1  -1 
 30  17  17  -1   4   4  -1  -1   2   2  -1  -1  -1  -1  -1  -1  -1  -1  24  -1  -1  -1  30  19  19  19 
 31  31  31  31  -1  -1  -1  -1  -1  -1  -1  -1  -1  -1  -1  -1  -1  -1  -1  -1  -1  -1  -1  -1  -1  -1 
 32  -1  -1  -1  74  -1  -1  -1  -1  68  -1  -1  -1  61  61  -1  -1  -1  -1  48  48  63  63  63  46  46 
 33  -1  -1  -1  -1  -1  -1  -1  -1  -1  -1  -1  -1  75  75  75  -1  -1  -1  -1  -1  -1  -1  -1  -1  -1 
 34  -1  -1  -1  -1  -1  -1 118 112  -1  -1  -1  -1 107 107 107 105 105  90  90  -1  -1  -1  92  92  -1 
 35  -1  -1 119 119 119  -1  -1  -1  -1  -1  -1  -1  -1  -1  -1  -1  -1  -1  -1  -1  -1  -1  -1  -1  -1 
 36  -1  -1  -1 134 134  -1  -1 151 151 151  -1  -1  -1  -1  -1  -1  -1 156  -1  -1 149 149 162 136 136 
 37  -1  -1  -1  -1  -1  -1  -1  -1  -1  -1  -1  -1 163 163 163  -1  -1  -1  -1  -1  -1  -1  -1  -1  -1 
 38  -1  -1  -1  -1  -1 195 195 195 206  -1  -1  -1 193 193  -1  -1 200  -1 180 180  -1  -1  -1 178 178 
 39  -1  -1  -1  -1  -1  -1  -1  -1  -1  -1 207 207 207  -1  -1  -1  -1  -1  -1  -1  -1  -1  -1  -1  -1 
 40  -1  -1 250  -1  -1  -1  -1 237 237  -1  -1  -1 239 239 239  -1  -1  -1 222 222  -1  -1 244 224 224 
 41  -1  -1  -1  -1  -1  -1 251 251 251  -1  -1  -1  -1  -1  -1  -1  -1  -1  -1  -1  -1  -1  -1  -1  -1 
 42  -1 288  -1 268 268  -1  -1  -1  -1  -1 283 283 283 294  -1  -1  -1  -1 266 266  -1  -1  -1 281 281 
 43  -1  -1  -1  -1  -1  -1  -1 295 295 295  -1  -1  -1  -1  -1  -1  -1  -1  -1  -1  -1  -1  -1  -1  -1 
 44  -1  96  93  -1  -1  -1  -1  -1  -1  -1  -1 241  -1  55  -1  -1   6  51  -1 140  -1 275  -1  -1  -1 
 45  -1 229 269  -1  -1  -1  -1  53  -1  -1  -1 308  -1 230 197  -1  54  -1  -1  -1  -1  -1  10  -1  -1 
 46  -1   9  -1  -1  -1  -1  -1  -1  94  -1  -1  -1 311  -1  -1  -1  95  -1  -1  -1  -1  -1 186  -1  -1 
 47  -1 274  -1  49  -1  -1 313  -1 273  -1  -1  -1  -1  -1  -1  -1  -1  -1 153  -1  -1  -1  52  -1  99 
 48  -1 184 231 227  -1 309  -1  -1 141  -1 316  -1  -1  -1  -1  -1 181   8  -1  -1  -1 142 228  -1 271 
 49  -1  -1 139  -1  -1  -1  65  98  50  -1  -1  -1  -1  -1 310  -1  -1  -1  -1  -1  -1  -1  -1 270  -1 
 50 315  -1 183  -1  -1  -1 285  -1 226  -1  -1  -1  -1 182  -1  -1  -1 187   7  -1  97  -1 138  -1  -1 
 51  -1  -1  -1  -1  -1  -1  -1  -1  -1  -1  -1  21  -1  -1  -1  -1 272 225  -1  -1  11  -1  -1  -1  -1 
 52  -1 137  -1  -1  -1  -1  -1  -1  -1  -1 109  -1  -1  -1  -1 312  -1  -1  -1  -1 143 185  -1  -1  -1 
 53  -1  -1   5  -1  -1  -1  -1  -1  -1 314  -1  -1  -1  -1  -1  -1  -1  -1  -1  -1  -1  -1  -1  -1  -1 

r\t   0   1   2   3   4   5   6   7   8   9  10  11  12  13  14  15  16  17  18  19  20  21  22  23  24 
  0  -1 144  82  -1  -1  -1  71 253  -1  -1  -1 101  -1 299 282 304  -1  -1 168  -1  -1  -1  -1  -1  -1 
  1  -1  -1 120  -1  -1  -1  -1 210  -1  -1  -1 190 214  -1  67  -1  -1  -1  -1  -1  -1 204  -1  -1  -1 
  2  -1  -1 263  -1  -1  -1  77 199  27  -1  -1 161 201  -1  -1  -1 110 303  -1  -1  39  56 242  -1  -1 
  3  -1 170  85  91  -1  -1 189  -1 117  -1  -1  15  -1 301  -1  -1  -1  -1  -1  -1  -1  79  -1  -1  -1 
  4  -1  -1  -1  -1  -1  -1 131  -1  -1  -1  -1  -1  -1  -1  -1  -1  -1 123  86  -1  -1  -1  81  -1  -1 
  5  -1 247  -1  -1  83  -1  -1 135  -1  -1  -1  -1  -1  23  -1  -1  -1 243 116  -1  -1  -1  42  -1  -1 
  6  -1  -1  -1  -1 262  -1  -1  -1  -1  -1  -1 292  -1 194  22  -1  70  -1 252  -1  -1  14  -1  -1  -1 
  7 265 191  -1 157  -1 220  12  89  -1  -1  -1  -1  -1  -1  -1  -1  -1  -1  -1  -1  -1 103  34  -1  -1 
  8  -1  -1 167  -1  -1  -1  -1 211  -1  -1  -1  -1  -1 254  -1  -1  -1  -1  -1  -1  -1  -1 289  -1  -1 
  9  -1  -1  18  -1  -1  -1 248  -1  -1  -1 306 122  -1  73  -1  -1  -1  -1  76  -1  -1  -1  -1  -1  -1 
 10  -1 209 219  -1  -1  -1  -1  -1  -1  -1  -1  -1 296  -1  -1  -1  -1  -1  -1  -1  -1  -1 114  -1  -1 
 11  -1 100  38  78  -1  -1 108  -1 205  -1 148 148  -1  -1  -1  -1  -1 104 104  -1  37 218 223  29  -1 
 12  -1  -1 286  -1  -1  -1  44  -1  -1  84  -1  -1  -1  -1  -1  -1  -1  -1 146 177  -1 159  88  -1  -1 
 13  -1 277  47  -1 307  -1  -1 124 150  -1  -1  -1  -1  -1  -1 280 280  -1 300 302  -1  -1  -1  69  -1 
 14  -1  -1  66  -1  -1  -1  -1  -1 245  -1  -1  -1  -1  -1  -1  -1  -1  -1  -1  -1  -1  -1  -1  -1  -1 
 15  -1 233  -1 235  -1  -1 160  -1  -1  -1  -1  -1 276  -1  -1  -1  -1 255  -1 133  -1  -1 172  -1  -1 
 16  -1 174  -1  -1  -1  -1  -1  -1  -1  -1  -1  -1  -1  -1  -1  -1  -1 305  -1  -1  -1 298  -1  -1  -1 
 17  -1  -1 203  -1  -1 176 297  -1  -1  -1  -1  59 236 236 261  -1  -1 155  28  45  -1  -1  57  -1  -1 
 18  -1 290  -1  16  16  -1  -1  33  -1  -1  -1  -1  -1  -1  -1  -1  -1  -1  -1  -1  -1 279 208  -1  -1 
 19 128 175 102  -1  -1  -1 215  -1  87 106  -1  -1  -1 202  -1  -1 154 287  -1  -1  -1  -1  -1  -1  -1 
 20  -1 125  -1 113  -1  41 132 179 260  -1  -1  -1  -1  -1  -1  -1  -1  -1  -1  -1  -1  -1  -1 130  -1 
 21  -1  32  -1  25  -1  -1  -1  36 293  -1  -1  -1  -1  -1  -1  -1  -1  -1  -1  -1  -1  -1  -1  58  -1 
 22  -1  -1   3  -1  -1  40 145  -1  -1  -1  -1 212 249  -1  -1  -1  -1  80  -1  -1  -1 256 171 115  -1 
 23  -1 126 240  -1  -1  -1  64  -1  -1  -1  -1 246 188  -1  -1  -1 196  -1  -1  -1  -1 221  -1  -1  -1 
 24  -1  -1  -1  -1  -1  -1  -1  -1 111  -1  -1  -1  -1  -1  -1  -1 121  -1  -1  -1  -1  35  -1 129  -1 
 25  -1  -1  -1  -1  -1  -1  -1  72  -1  -1  -1  -1   1  -1  -1  -1 259  -1  -1  -1  -1  -1  43 164 213 
 26  -1  -1 267 127  -1  -1  -1  -1 165  -1  -1  -1  -1  -1  -1  -1  -1  -1  -1  -1  -1  -1 169 216  -1 
 27  -1  -1 192 192  -1  -1   0 291  -1  -1  -1 264  26  -1  -1  -1  20 166 284  -1  -1 173  -1  -1  -1 
 28  -1  -1  -1  -1 198  -1  -1  -1  -1  -1  -1  -1  -1  62  -1  -1 257  -1  -1  -1  -1  -1 158 234  -1 
 29  60  60 147 278  -1  -1 232  -1  -1  -1 217  -1  -1 152 238  -1  -1  -1  13 258  -1  -1  -1  -1  -1 
 30  -1  -1  24  -1  -1  -1  -1  19  19  19   2   2  -1  30  -1  -1  -1  -1  -1  -1   4   4  17  17  -1 
 31  -1  -1  -1  -1  -1  -1  -1  -1  -1  -1  -1  -1  -1  -1  -1  31  31  31  -1  -1  -1  -1  -1  -1  -1 
 32  46  46  74  -1  -1  -1  -1  63  63  63  -1  -1  -1  -1  -1  -1  -1  61  61  -1  48  48  68  -1  -1 
 33  -1  -1  -1  -1  -1  -1  -1  -1  -1  -1  75  75  75  -1  -1  -1  -1  -1  -1  -1  -1  -1  -1  -1  -1 
 34  -1  -1  -1  -1  -1  -1 112  -1  -1  -1  90  90 105 105  -1  -1  -1  -1  92  92  -1 118 107 107 107 
 35  -1  -1  -1  -1  -1  -1  -1  -1  -1  -1  -1  -1 119 119 119  -1  -1  -1  -1  -1  -1  -1  -1  -1  -1 
 36  -1 156  -1 149 149  -1  -1 162  -1  -1 134 134  -1  -1  -1  -1  -1  -1  -1  -1 136 136 151 151 151 
 37  -1  -1  -1  -1  -1  -1  -1  -1  -1  -1  -1  -1 163 163 163  -1  -1  -1  -1  -1  -1  -1  -1  -1  -1 
 38 180 180  -1 200  -1  -1  -1  -1  -1  -1 178 178  -1  -1  -1  -1  -1 193 193  -1 195 195 195 206  -1 
 39  -1  -1  -1  -1  -1  -1  -1  -1  -1  -1  -1  -1  -1  -1  -1 207 207 207  -1  -1  -1  -1  -1  -1  -1 
 40 224 224  -1  -1  -1  -1  -1 239 239 239 222 222  -1  -1  -1  -1  -1  -1 237 237  -1  -1 250 244  -1 
 41  -1  -1 251 251 251  -1  -1  -1  -1  -1  -1  -1  -1  -1  -1  -1  -1  -1  -1  -1  -1  -1  -1  -1  -1 
 42  -1  -1  -1 294  -1 268 268 283 283 283  -1  -1  -1  -1  -1  -1 288  -1  -1  -1 266 266 281 281  -1 
 43  -1  -1  -1  -1  -1  -1  -1  -1  -1  -1  -1  -1  -1  -1  -1  -1  -1  -1  -1  -1  -1  -1 295 295 295 
 44  -1   7  -1 269  -1  10  -1  -1  -1  -1  -1  -1 273  -1  -1  -1  -1  -1  -1  -1  -1  -1  -1  -1  -1 
 45  -1  -1  -1  -1  -1  -1 226 153 197  -1  -1  -1  52  -1  -1  -1  -1  -1 231  -1  -1  -1  -1  -1  -1 
 46  -1 271 185  49  -1  -1  -1  -1  -1  -1  -1  -1 141 309  -1  -1  -1  -1   6  -1  -1  -1  -1  54  -1 
 47  -1  -1  -1 228  -1 143  -1  -1  -1  -1  -1  53  -1  -1  -1  -1  -1  -1  -1  -1  -1  -1  51  -1  -1 
 48  -1  -1  -1  11  -1  -1  -1  -1  -1 314  -1  -1 186  -1 310  -1  -1  -1 142  -1  -1  96  -1  -1 311 
 49 138  -1  -1  -1 315  -1  -1  -1  -1  -1 274  -1  -1 285  -1 316  -1  -1 187 225  -1  -1 181 182  -1 
 50   9  -1  -1 137  -1  -1  95  -1 308  -1  -1  -1  -1  -1  -1  -1 312 313 270  -1 229  -1  -1   8  -1 
 51  -1  99 139 183  -1  98  -1  -1  -1  -1  -1  -1  -1  -1  -1  -1 241  -1  -1  -1  93  -1  -1  -1  -1 
 52  97  -1  -1 109  -1  -1  -1  -1  -1  -1  -1  -1 227  -1  -1  -1  -1  -1  -1  21  -1  -1  -1 230  -1 
 53  -1 140  94  -1  -1  55 184  -1  -1  -1  -1  -1  -1  -1  -1  -1  65  -1  50 275  -1  -1   5 272  -1 

r\t   0   1   2   3   4   5   6   7   8   9  10  11  12  13  14  15  16  17  18  19  20  21  22  23  24 
  0  -1  -1  -1  -1  -1  -1  -1 297 248  -1  43  -1  -1 246  -1  -1   3  15  -1  -1  -1  -1 146 166  -1 
  1  -1  77  -1 233  -1  -1  -1  34  -1  -1  -1  -1 254  -1  -1  -1  -1  -1  -1  -1 238  -1  -1  -1  -1 
  2  40  35  -1  -1  -1  -1 214  -1 242  -1  -1  -1  -1 135  -1 262  -1  -1  -1  -1  -1  44  20  -1  -1 
  3  -1  -1 192 192  -1  -1  -1  -1  -1 261  -1  -1  -1  -1  -1  -1 179  -1 252  -1  -1  -1  -1  -1  -1 
  4  -1  -1 148 148  -1  -1  -1 127  70  -1  -1  -1  -1  -1 150 198  -1  -1  -1  -1  -1  -1  -1 240  -1 
  5  -1  37  -1  89  -1  -1  -1  -1 171 126  -1  -1  -1  -1  -1  -1 267  -1  -1  -1  -1  -1 218  -1  -1 
  6  -1  12 101  -1  -1  -1 159 102  36  -1  -1  -1  -1  -1  -1  -1  -1  -1 161  -1  -1  -1 202  -1  -1 
  7  -1 115  -1 203  -1  -1  80  -1 131  -1  -1 167 220  -1  -1  -1  -1  -1  -1  -1  -1 152 176  -1  -1 
  8 219 189  76  -1  -1  -1  42  -1  -1  -1  -1 249  -1 201  -1  -1  -1  -1  -1  -1  -1 116  -1  -1  -1 
  9  -1  -1 277  -1  -1  -1  -1  -1  -1  -1  -1 204  -1  -1  -1  -1  23  -1  -1  -1  -1  -1 223  -1  -1 
 10  -1 305  -1  -1  -1  -1  -1  -1  -1  -1 216 120  83 284  41  -1 103  -1  -1  -1  -1  -1 247  -1  -1 
 11  -1  -1  -1 255  -1  -1  -1  -1 111  -1  -1 188  58  -1 213  -1  -1  -1  -1  -1  -1 296  72 306  -1 
 12  -1  -1 172  -1  -1  -1 264 190 199  -1  -1  -1  -1  -1 215  -1  -1  -1 108  -1 155  -1  85  -1  -1 
 13  -1 287 259  -1  -1  -1  -1  -1  -1  -1  -1  -1  -1 157  -1  -1  -1  -1  -1  -1  -1  -1 121  -1  -1 
 14  -1  -1  -1  -1  -1  -1  -1  69  -1 263  -1 100  -1  -1 170  -1  -1  -1  -1  -1  -1  -1  -1  79 301 
 15  -1  -1  -1  -1  -1  -1  45  -1 307  -1  -1  32  25 290  18  -1 303  -1  -1  -1  -1 279 104 104  -1 
 16  -1  -1  29 278  -1  -1  33 158 125  -1  -1  -1  -1 154 286  -1  -1  -1  -1  -1  -1  -1  -1  14 177 
 17  -1 147 298  -1  -1  -1 106  88 293  -1  -1  78  16  16  -1  81  -1 256  -1  -1  -1 221  -1 302  -1 
 18  39 165  -1  -1  -1  -1 208  -1  -1  -1  -1 276 145  -1  -1  -1  -1  -1  -1  -1  -1  84  -1  -1  -1 
 19  -1  47  -1 257  -1  -1 245  -1  -1  -1 128  -1  -1 265  86  -1  28  -1  -1  -1  -1  -1 168  -1  -1 
 20  -1  66  -1  -1  -1  -1  -1  -1  -1  -1 236 236  -1  -1  -1  -1  -1  -1  -1  -1  -1 174 243  -1  -1 
 21  87  -1  -1 124  -1  -1  91  -1 260  -1  -1  59 212  82  -1  -1  -1  -1  -1  -1  -1  -1  -1 299  -1 
 22  -1  -1   0  -1  -1  -1 291 258  -1  -1  -1  -1  -1  57  -1  -1  -1  -1  -1  -1  67 304  -1  -1  -1 
 23  -1  71  -1  -1  -1  -1  64  -1 164  -1  -1  -1  -1  -1  -1  -1 194  -1  -1  -1  -1 133 280 280  -1 
 24  -1  -1  -1  -1  -1  -1 196  -1 210  -1  -1  -1  -1  -1  -1  -1  -1  38  -1  -1  -1  -1 292  -1   1 
 25  -1  -1  -1 160  -1  -1  -1 253  27  -1  -1 300  -1  -1 169  22 282  -1 144  -1  -1 191  26 123  -1 
 26  -1 235 114 132  -1  -1  -1 173  -1  -1  -1  -1  -1  -1 130  -1  -1  -1  -1  -1  -1  13  62  -1  -1 
 27  -1  -1  -1  -1  -1  -1 117  -1  -1  -1  -1  -1  -1  -1  -1  -1  -1  -1  -1  -1  -1  -1  -1  56  -1 
 28  -1 289  60  60  -1  -1 234 232  -1  -1  -1  -1  -1  -1  -1  -1  -1  -1  -1  -1 110  -1 129  -1 175 
 29  -1  -1 209  -1  -1  -1  -1  -1 211  -1  -1  -1 217 113  -1  -1 205 122  73  -1  -1  -1  -1  -1  -1 
 30  -1  -1  19  19  19  17  17  -1  -1  -1   4   4  -1  24  -1  -1  -1  -1  -1  -1  -1  30   2   2  -1 
 31  -1  -1  -1  -1  -1  -1  -1  -1  -1  -1  -1  -1  -1  -1  -1  -1  -1  31  31  31  -1  -1  -1  -1  -1 
 32  -1  -1  46  46  -1  -1  -1  63  63  63  -1  48  48  74  -1  -1  -1  61  61  -1  -1  68  -1  -1  -1 
 33  -1  -1  -1  -1  -1  -1  -1  -1  -1  -1  -1  -1  -1  -1  -1  75  75  75  -1  -1  -1  -1  -1  -1  -1 
 34 105 105  -1  -1  -1  -1  -1 118 112  -1  90  90 107 107 107  -1  -1  -1  -1  -1  -1  -1  92  92  -1 
 35  -1  -1  -1  -1  -1  -1  -1  -1  -1  -1  -1  -1  -1  -1  -1 119 119 119  -1  -1  -1  -1  -1  -1  -1 
 36  -1 162  -1  -1  -1 134 134 151 151 151 136 136 156  -1  -1 149 149  -1  -1  -1  -1  -1  -1  -1  -1 
 37  -1  -1  -1  -1  -1  -1  -1  -1  -1  -1  -1  -1  -1  -1  -1 163 163 163  -1  -1  -1  -1  -1  -1  -1 
 38  -1 200 180 180  -1  -1  -1  -1  -1  -1 178 178 195 195 195  -1  -1  -1  -1  -1  -1 206 193 193  -1 
 39  -1  -1  -1  -1  -1  -1  -1  -1  -1  -1  -1  -1  -1  -1  -1  -1  -1 207 207 207  -1  -1  -1  -1  -1 
 40  -1  -1  -1  -1  -1 224 224  -1  -1  -1 222 222 237 237  -1  -1 250 239 239 239  -1  -1  -1 244  -1 
 41 251 251 251  -1  -1  -1  -1  -1  -1  -1  -1  -1  -1  -1  -1  -1  -1  -1  -1  -1  -1  -1  -1  -1  -1 
 42  -1  -1  -1 288  -1  -1  -1 283 283 283 268 268  -1  -1  -1  -1 294 281 281  -1  -1  -1  -1 266 266 
 43  -1  -1  -1  -1  -1  -1  -1  -1  -1  -1  -1  -1  -1  -1  -1  -1  -1 295 295 295  -1  -1  -1  -1  -1 
 44 309  -1  -1  -1 310 185  -1   6  -1  -1  54  -1 285  -1  -1  -1  -1  -1 269  -1  -1  -1  -1 137  -1 
 45  -1   7  -1  -1 241 271  -1 228  21  -1  -1  -1  -1  -1  -1 316  -1  -1  -1  -1  -1  -1 273 186 143 
 46  -1 142  -1 230  -1   8  -1  -1  -1  -1  -1  -1  -1   9  -1  -1  -1  -1  53  65 197  -1 139  52  -1 
 47  -1  -1 140 272  -1  -1  -1  -1  -1  -1  -1  -1  -1  -1  -1  -1  50  -1  96 109  -1 184  -1  -1  -1 
 48  -1  95  94  -1  -1  -1  10 182  -1  -1  -1  -1  -1  51  -1  -1 231 313 141  -1  -1  98  -1  -1  97 
 49  -1 181  -1  -1  -1  55  -1  -1  -1  -1  -1  -1 138  -1  -1  -1  93  -1  -1  -1  -1 274  -1  -1 229 
 50  -1  -1  -1  -1  -1  99  -1  -1  -1  -1  -1  -1  -1  -1  -1  -1  -1  -1  -1  -1  -1  -1  -1  -1  -1 
 51  -1  -1  -1  -1  -1  -1  -1  -1 308  -1  -1  -1  -1  -1  -1  -1  -1  -1  -1  -1  -1  11  -1 225  -1 
 52  -1  -1 270  -1  -1  -1  -1  -1  -1 311  -1  -1  -1 227  -1  -1  -1  -1  -1 314 315  -1  -1  -1  -1 
 53  -1  -1 226  -1  -1  -1 183 275  -1  -1  -1  -1   5  -1 312  -1  -1  -1 187 153  -1  -1  -1  -1  49 

r\t   0   1   2   3   4   5   6   7   8   9  10  11  12  13  14  15  16  17  18  19  20  21  22  23  24 
  0  -1 277  -1  -1  -1  -1 190  -1  -1  -1  -1  -1  -1  -1  -1  -1  -1  23  -1  -1  -1  -1  -1  -1  -1 
  1  -1 179 258  -1  -1  -1  88 188 157  -1  -1  -1  -1 248  -1  -1  -1 234  -1  -1  -1  -1 291  -1   1 
  2  -1  -1  -1  -1  -1  -1 279  -1  45  -1  -1 284 240 170  -1  -1  33  -1  -1  -1  -1  -1  -1 253  -1 
  3 126 243  -1  -1  -1  -1  -1 145 298  -1  -1  -1 257 233  -1  -1  -1  56  -1  -1  -1  -1  -1  13  -1 
  4  -1  -1  -1  -1  -1 301  -1  -1 129  -1  -1 235  -1  -1  -1  -1 267 254  -1 238  -1 133  -1 293  -1 
  5  -1 108  87  -1  -1  -1  29  -1 175  -1  -1  -1  -1  -1  -1  -1 135  -1  -1  -1  -1  64  -1 219  -1 
  6  -1  -1  83  32  -1  -1  58  -1  -1  -1  -1 210  -1  -1  -1  -1  78  -1 127  -1  -1  -1  -1  -1 215 
  7  -1 223  -1  -1  -1  -1 167  -1  -1  -1  -1  -1  -1 110  -1  -1 155  -1 306  -1  -1  -1  -1  -1  -1 
  8  -1  -1 282 299  -1  -1  -1  -1  -1  -1  -1  -1  -1 211  -1  -1 287  -1 169  -1  -1  -1  -1  -1  -1 
  9  -1  -1  -1  -1  -1  -1 216  -1  -1 106  -1  89  -1 115  -1  -1  -1  86  22  -1  -1  -1  -1  -1  -1 
 10  -1 161  -1 121  -1 221  -1  -1 209  -1 198  20 192 192  -1  37 103  -1  -1  -1  -1  -1  -1  -1 174 
 11  -1 292 296  -1  -1  -1  -1  -1  -1  38  -1  -1  -1  -1  -1  -1  -1  -1  -1  67  43 152  -1  -1 131 
 12  41  62  -1  -1  -1  -1  -1  -1  -1  -1  -1 191  -1 160  -1  -1  -1  -1  39 303  -1  26 166  -1  -1 
 13  -1  -1 147 263  -1  16  16  57 146  -1  -1  77  -1  -1  -1  -1  -1 177 159  -1  -1 297  -1  -1  -1 
 14  -1  79  72  -1  -1  -1  -1  69  18  -1  -1 220  -1  -1  -1  -1  -1  -1 194  -1 307  14  -1 212  -1 
 15  -1  -1  -1  -1  -1 176 289  35  -1  -1  -1 114  -1  -1  -1  -1  -1 130 246  -1  -1  -1  -1  -1  -1 
 16  -1 256  25  -1  -1  -1 247  -1 171  -1  -1  -1  -1 261  -1  -1  -1  -1  -1  -1  -1 201  -1  -1  -1 
 17  -1  47  -1  -1  -1  -1  -1 236 236  -1  -1 144 300 172 260  -1 249  -1  -1  -1  -1 264 245  -1  -1 
 18  -1  -1  -1  -1  -1 173  -1  -1 196  -1  -1  -1 280 280  -1  -1  -1  -1  36 199  -1  -1  -1  -1  -1 
 19  40  12 128  -1  -1  -1  -1 117  -1  -1  -1  59  60  60  -1  -1  82  34  -1  -1  81  -1  -1  -1  -1 
 20  -1 205  -1  -1  85 111  -1  -1  80  -1  -1  71 208  44  -1  -1  15  -1 242  -1  -1  -1  -1  -1  -1 
 21  -1 125  -1  -1  -1  -1  -1  -1 100  -1  -1  -1 148 148  -1  -1 158   3  -1  -1  -1  -1  -1 122  -1 
 22  -1  -1 123  -1  -1  -1 304  -1  -1  -1  -1  -1 218  -1  -1  -1  -1  -1  27 262  -1  73  -1  -1  -1 
 23  -1  -1  -1  -1  -1 214 217  -1 305  -1  -1 252 255  -1  -1  -1 120 202  -1  -1  -1  -1  -1  -1  -1 
 24  -1  -1  -1  -1  -1  -1  70  -1 124  -1  -1 265  -1  -1  -1  -1  -1  -1  -1  -1  -1  -1  -1  -1  -1 
 25  -1  -1 104 104  -1  -1 232 276 132  -1  -1  28  -1  76 286  -1 203  -1  -1  -1 150  -1 154  -1  -1 
 26  -1  -1  -1 278  -1  -1  -1  -1  -1  -1  -1  -1 102  91  -1  -1  -1 164  66  -1  -1  -1 204 168  -1 
 27  -1 116  -1  -1  -1  -1  -1  -1  -1  -1  -1 165  -1 290  -1  -1 189  -1  84  -1  -1 213  -1  -1  -1 
 28  -1   0  -1  -1  42  -1 302  -1  -1  -1  -1  -1  -1  -1  -1  -1  -1 113  -1  -1  -1 101  -1  -1  -1 
 29  -1  -1  -1  -1  -1  -1  -1  -1  -1  -1  -1  -1  -1  -1  -1  -1  -1 259  -1  -1  -1  -1  -1  -1  -1 
 30  -1  30  19  19  19   2   2  -1  -1  -1  -1  -1  17  17  -1   4   4  -1  -1  -1  -1  -1  -1  24  -1 
 31  -1  -1  -1  -1  -1  -1  -1  -1  -1  -1  -1  -1  31  31  31  -1  -1  -1  -1  -1  -1  -1  -1  -1  -1 
 32  -1  68  63  63  63  46  46  -1  -1  -1  -1  -1  -1  -1  -1  48  48  74  -1  -1  -1  -1  61  61  -1 
 33  -1  -1  -1  -1  -1  -1  -1  -1  -1  -1  -1  -1  -1  -1  -1  -1  -1  -1  -1  -1  -1  -1  75  75  75 
 34  92  92  -1  -1  -1  -1 112  -1  -1  -1  -1  -1 118  -1  -1  90  90 107 107 107  -1  -1  -1 105 105 
 35  -1  -1  -1  -1  -1  -1  -1  -1  -1  -1  -1  -1  -1  -1  -1  -1  -1  -1  -1  -1  -1  -1 119 119 119 
 36  -1  -1  -1 149 149  -1  -1 156  -1  -1  -1 162 134 134  -1  -1  -1 151 151 151  -1  -1  -1 136 136 
 37  -1  -1 163 163 163  -1  -1  -1  -1  -1  -1  -1  -1  -1  -1  -1  -1  -1  -1  -1  -1  -1  -1  -1  -1 
 38  -1  -1 193 193  -1  -1 206 200  -1  -1  -1  -1 178 178  -1 180 180  -1  -1  -1  -1  -1 195 195 195 
 39  -1  -1 207 207 207  -1  -1  -1  -1  -1  -1  -1  -1  -1  -1  -1  -1  -1  -1  -1  -1  -1  -1  -1  -1 
 40  -1  -1 237 237  -1  -1  -1  -1 244  -1  -1  -1 222 222  -1 224 224  -1  -1  -1  -1 250 239 239 239 
 41  -1  -1 251 251 251  -1  -1  -1  -1  -1  -1  -1  -1  -1  -1  -1  -1  -1  -1  -1  -1  -1  -1  -1  -1 
 42 266 266  -1  -1  -1 268 268 288  -1  -1  -1  -1  -1  -1  -1  -1 294  -1 281 281  -1  -1 283 283 283 
 43  -1  -1  -1  -1  -1  -1  -1  -1  -1  -1  -1  -1  -1  -1  -1  -1  -1 295 295 295  -1  -1  -1  -1  -1 
 44  -1  -1  -1  -1  -1  -1  -1  -1  -1  -1  -1 181   6  -1  -1  -1  -1  -1  -1  -1  -1  10 308  -1  -1 
 45 225  -1  -1  -1  -1  -1  -1 142  -1  -1 109  52  99   5  -1  -1  -1 230  -1  -1  -1 182  -1 270  -1 
 46  -1 139  -1 272  -1  -1  -1  -1 228  -1  -1  -1  -1  -1  -1  -1  -1  53  -1  -1  -1  51  -1  -1  -1 
 47  54  -1 313  -1  -1  -1  -1 227 275  -1  -1  -1  -1  -1  -1 138  -1  -1  -1  -1  -1  95  -1  -1  -1 
 48  -1  -1  -1  -1  -1 143 229 271 186 314  -1  -1  55  -1  -1  -1  -1 137  -1  -1  -1  -1  -1  50  -1 
 49  -1  -1  -1  98  -1  -1  -1  97  93  -1  -1  -1  -1  -1 310  -1  -1  -1  -1  -1  -1  -1  -1 231  -1 
 50   8  -1  -1  -1  -1  -1 184 183  -1  -1 309  -1  -1  -1  -1  -1  -1  94 315  -1 312  -1  -1 187  -1 
 51 140  -1  -1  -1 316  -1 153  -1  -1 285  -1  -1  -1  -1  -1 269  -1  -1  -1  -1 241  -1  -1   9  -1 
 52 185 197  -1  -1  -1  -1  -1  11  -1  -1  -1 141 273 274  -1  -1  -1  -1  -1  -1  -1 226  -1  -1  -1 
 53  -1  -1  -1  -1  -1  -1  -1  49  -1  65  -1   7  -1  -1  -1  -1  -1  -1  -1 311  -1  -1  21  96  -1 

r\t   0   1   2   3   4   5   6   7   8   9  10  11  12  13  14  15  16  17  18  19  20  21  22  23  24 
  0  -1 245  -1  -1  -1  -1  -1  -1  -1 106  -1 147  -1  -1  -1  -1  -1  -1 114  -1  -1 144 234 255  -1 
  1  -1 150 154 177  -1  -1 170  -1  14  -1  -1 243  -1  -1  -1  -1  -1  -1  -1  -1  -1  -1 104 104  -1 
  2  -1 211 264  -1  -1  -1 164  69  -1  -1  -1  88  -1  -1  -1  -1  64 235 233  -1 214 116  -1  37  -1 
  3  -1  -1  -1  -1  -1  -1  -1  13  -1  -1 259 249 261  -1  -1 280 280 108 298  -1  -1  -1 289  -1  -1 
  4  -1  -1  -1  -1  -1  82  -1  -1 277  -1  -1  -1  -1 202  -1  -1  -1  -1 100  -1  -1  18 279  -1  -1 
  5  -1  -1  -1  -1  -1 110 278  -1  26  -1 129 113  -1  -1  -1  -1  -1  -1  -1  -1  -1  -1  -1  -1  -1 
  6  -1  29 307 167  -1  -1  -1  -1  -1  -1  -1  -1 152 248  -1  -1  -1  -1 282  -1 238  -1  -1  42  -1 
  7  -1 111  -1  -1  -1  -1  -1  -1 212  -1  60  60  -1  -1  -1  -1 240  -1 302  -1  -1  -1  84  27  -1 
  8  -1 287  -1  -1  -1  -1 174 166 299  -1  -1  -1  -1  44  -1  -1  -1 196  -1  -1  -1 132  -1  -1  -1 
  9  86 210  -1  -1  -1  -1  -1  -1  -1  91  -1  -1  -1  -1  -1 125  -1  -1 165  -1  -1  -1  -1 158  -1 
 10  -1  -1 157  -1  67  -1  -1 246 190 220  -1  -1 254 265  -1  -1  32  39  -1  -1 126 305  -1  -1  -1 
 11  -1  -1  15  -1  -1 221  -1  -1  -1  -1  -1 103 175  -1 258  -1  -1  -1  -1  -1  -1  33  -1  -1  -1 
 12  -1  40  -1  -1  -1  -1  20 124  -1  -1  -1  -1  -1  -1  -1  -1  -1 173  25  -1  -1  -1  72  -1  -1 
 13  -1  -1 291  -1  -1  -1  58  -1  73 155  -1  -1  -1  -1  -1  -1 205  -1  -1  -1  -1 301  -1  -1  -1 
 14  -1  -1  35 122  -1  -1 209 304  -1  -1  -1  -1  -1  -1  -1  -1  -1  -1  -1  -1 198  -1 123  -1  -1 
 15  -1 293  -1  80  -1  -1  -1 179  -1  -1  -1  -1  -1 120  -1  -1  -1 127  -1  -1  -1  57  -1  -1  -1 
 16  -1  -1 253  -1  -1  -1  -1  -1  -1  -1  -1 203  43  -1  -1  -1  76  -1  -1  -1 219  -1 260  -1  -1 
 17  -1  -1  -1  -1  -1  -1 188  -1  -1  -1  -1 290  -1  -1  -1 213  -1  -1  -1  81  -1  -1 176  -1  -1 
 18  -1  23  -1  45  -1  -1  -1  -1 159  -1  -1  -1  78  -1  -1  -1  12  16  16  -1  -1  -1  85  -1  -1 
 19  -1  -1  -1  -1  -1  -1  -1 201 117  -1  -1 276  -1  -1  -1  -1  -1  41  -1  -1  -1 303 128 121  -1 
 20  -1  -1  -1  -1  -1  -1  -1  -1  -1  -1  -1 223  -1  -1  -1  -1  -1   0  -1  -1 257  -1  -1  77  -1 
 21  -1  -1  -1  -1  -1  -1  79  -1  -1  -1  -1  -1  -1  -1  -1  -1  -1  -1  -1  -1  -1  -1 192 192  -1 
 22  -1  -1  47 145  -1  -1  -1  -1  -1  87  -1 130  -1 161  -1  -1  -1  -1 256  -1  -1  -1  -1  71  -1 
 23  -1 171 189  -1  -1  -1 232 148 148  -1  -1  -1  -1  -1  -1  -1 101 115  -1  -1  -1  -1 208  -1  -1 
 24  22  -1  -1  34  -1  -1 292  56  -1 286  -1  -1  -1  -1  -1  -1  -1  -1  -1  -1  -1 168  36  -1  -1 
 25  -1  -1  -1  -1  -1  -1   1 296  59  -1  -1  -1  62 146  -1  -1  -1  -1  -1  38  -1  -1  -1  -1  -1 
 26  -1  -1  70  -1  -1  -1  -1 236 236  -1  -1  28  -1  -1  -1  -1  -1  -1 191 262  -1 252  -1 204 133 
 27  -1  66 135 297  -1  -1  -1 194 247  -1  -1  -1  -1  -1  -1  -1 160 306  -1  -1 215  -1  -1 217  -1 
 28  -1 169  -1 218  -1  -1 131  89 102  -1  -1  -1  -1 300  -1  -1  -1  -1  -1  -1  -1   3  83  -1  -1 
 29  -1 199 172  -1  -1  -1  -1 216  -1 263  -1  -1  -1 284  -1  -1  -1  -1 267  -1  -1 242  -1  -1  -1 
 30  -1  -1   4   4  -1  -1  -1  30   2   2  -1  -1  17  17  -1  -1  -1  24  -1  -1  -1  -1  19  19  19 
 31  -1  -1  -1  -1  -1  -1  -1  -1  -1  -1  -1  -1  31  31  31  -1  -1  -1  -1  -1  -1  -1  -1  -1  -1 
 32  -1  68  -1  -1  -1  48  48  -1  46  46  -1  74  -1  -1  -1  -1  -1  61  61  -1  -1  -1  63  63  63 
 33  -1  -1  -1  -1  -1  -1  -1  -1  -1  -1  -1  -1  -1  -1  -1  -1  -1  75  75  75  -1  -1  -1  -1  -1 
 34  -1  -1 105 105  -1  -1 112  -1  -1  -1  -1  -1 107 107 107  -1 118  90  90  -1  -1  -1  -1  92  92 
 35  -1  -1 119 119 119  -1  -1  -1  -1  -1  -1  -1  -1  -1  -1  -1  -1  -1  -1  -1  -1  -1  -1  -1  -1 
 36  -1 156  -1  -1  -1 134 134 136 136  -1  -1  -1  -1  -1  -1 151 151 151 162  -1  -1  -1 149 149  -1 
 37  -1  -1  -1  -1  -1  -1  -1  -1  -1  -1 163 163 163  -1  -1  -1  -1  -1  -1  -1  -1  -1  -1  -1  -1 
 38  -1  -1 200  -1  -1 180 180  -1  -1  -1  -1  -1 195 195 195 193 193  -1  -1  -1  -1 206  -1 178 178 
 39  -1  -1  -1  -1  -1  -1  -1  -1  -1  -1  -1  -1  -1  -1  -1  -1  -1 207 207 207  -1  -1  -1  -1  -1 
 40 239 239 239 250  -1  -1 222 222  -1  -1  -1  -1  -1 237 237  -1  -1  -1  -1  -1  -1  -1 244 224 224 
 41  -1  -1  -1  -1  -1  -1  -1  -1  -1  -1  -1  -1  -1  -1  -1 251 251 251  -1  -1  -1  -1  -1  -1  -1 
 42  -1  -1 283 283 283 266 266  -1  -1  -1  -1  -1  -1  -1  -1  -1 288 294  -1  -1 281 281  -1 268 268 
 43  -1  -1  -1  -1  -1  -1  -1  -1  -1  -1  -1  -1  -1  -1  -1  -1  -1  -1  -1  -1 295 295 295  -1  -1 
 44  -1  -1  65 227  -1  -1  -1  -1 271 185  -1  -1  -1  -1  -1  -1  -1  55 226  -1  -1  52 228  -1  -1 
 45  -1  -1  -1 275  -1  -1  -1 274  -1  -1  -1  50  -1  -1  -1  -1  -1 272  -1  -1  -1  -1  49  53  -1 
 46  -1  -1  -1  -1  -1  -1  -1  -1  -1  -1  -1  -1  -1  -1  -1 310  -1  -1 183  -1  -1  97  -1  -1  -1 
 47  -1  -1 230  -1  -1  -1  -1  11  -1  -1  -1  -1 241   6  -1  -1 182 231  -1  -1  -1 181  94  -1  -1 
 48  -1  -1  -1  -1  -1   9  -1  -1  -1  -1 316 140  -1  -1  -1  -1   5  -1   7 315  -1  -1 138  -1  -1 
 49 197  -1  -1  -1  -1  -1  -1  -1  -1  -1  -1   8  -1  -1  -1  -1  93  -1  -1  -1  -1  -1  -1  10  -1 
 50 309  -1  -1 137 311  -1  -1  -1 229  -1 109 269  -1  -1  -1  -1  -1  -1  -1  -1  -1  -1  -1  -1  -1 
 51  -1  -1  96  -1  -1  -1  -1  54  95  -1  -1  -1 313 225 312  -1  -1  -1  -1  -1 314  -1  -1  -1  -1 
 52  -1 308  -1  98  -1  -1  -1  -1 187  -1  21 184 285  -1  -1  -1  51  -1 142  -1 153  -1  -1 143  -1 
 53  -1  -1 186  -1  -1  -1  99  -1  -1  -1  -1  -1  -1 139  -1  -1 270 141  -1  -1  -1  -1 273  -1  -1 

r\t   0   1   2   3   4   5   6   7   8   9  10  11  12  13  14  15  16  17  18  19  20  21  22  23  24 
  0  -1  -1  -1  -1  -1  -1  -1  60  60  -1  -1 233 296  -1  -1  -1  -1  -1  -1  -1  -1  -1  -1  -1  -1 
  1  -1 261  -1  -1  -1  -1  69  79  73  -1  -1  -1 192 192  -1  -1  -1  -1  72  86  -1  -1  -1 217  -1 
  2  -1 114 293  -1  -1  -1  -1  -1  -1  -1  -1  -1  -1  -1   1  -1  -1  -1  13  -1  -1  -1  -1  -1  -1 
  3  -1 256  22  42  -1  -1  -1 188  -1  -1 171  -1  47  -1  -1  -1  -1 303  41  -1  -1 205  -1  -1  -1 
  4  -1  -1  -1  -1  -1  -1  -1  -1 260  38  -1  70  -1  -1  -1  -1  34  58  -1 110  -1  -1  -1  -1  -1 
  5  -1  -1  -1  -1  -1  -1 125  -1  -1 126  -1  -1  62 128  -1  -1 155  -1  -1  -1  -1  -1  71 191  -1 
  6  -1  -1  -1  -1  -1  -1 133  -1  -1  -1  -1  -1  -1 172  -1  -1  -1  -1  -1  -1  -1  -1  85  -1  -1 
  7  -1  -1  -1  87  -1  -1 265 238  -1  -1  -1 299 120  -1  -1  -1  80  -1  -1  -1  -1  -1 116  -1  -1 
  8  82  -1  88  -1  -1  -1  -1  -1  -1  -1  -1 279  -1 169  -1  -1  -1  -1  -1  -1  -1  -1  33 218  -1 
  9  -1  81 203  -1  -1 132 122  -1  -1  -1  -1 157  -1  -1  -1  -1  -1  -1 124  -1 242 102  -1 121  -1 
 10 243  39  -1  25  -1  -1  -1  -1 240  -1 177  -1 236 236  -1  -1 111 165 253  -1  -1 164  -1 298  -1 
 11  -1  -1  -1 216  -1  -1  -1  -1  -1  -1 220  -1  -1 301  -1  -1  -1  35 160  -1  -1 194  -1  -1  -1 
 12  -1  -1  -1  -1  -1  -1 168  -1  -1  -1  -1  -1  -1  -1  -1  37  -1  -1 213  -1  -1 277 175  -1  -1 
 13  -1 152  32  -1  -1  -1 211  -1  -1 150  -1 147 167  -1  -1  -1  -1  -1  -1  -1  -1 179 146  -1  -1 
 14  83  15  -1  -1  -1  -1  -1  -1  -1  -1  -1 127  -1  -1  -1  -1  -1  -1  29  -1  -1 221  -1  -1  -1 
 15  -1 258  -1  -1  -1  -1  -1 276 263  -1  -1  -1  -1  -1  -1 259  -1 115  -1  -1  -1 123 159 235  -1 
 16 305  -1 304 170  -1  -1  28  -1 300  -1  -1  20  -1  -1  -1 174  -1  -1  -1  -1  -1  -1  -1 247  -1 
 17  -1  -1   3 291  -1 286 257 262 198  -1  -1  -1  -1  -1  -1 215  -1  -1 209  -1  -1 130  -1  -1  -1 
 18  -1  -1  -1  23  -1  -1  -1 252  -1  -1  -1  45 154  76  -1  -1  -1 245  44  -1  -1  12  -1  -1  -1 
 19  -1  -1  -1  -1  -1  -1 232  -1  -1  -1  -1 302  -1 292  -1  -1  -1  -1  -1  -1  -1  -1  -1  27 282 
 20  -1  -1  -1  -1  -1  -1 129 223 255  43  -1 190  -1  -1  -1  -1  40 212  -1  18  -1  -1 196 108  -1 
 21  -1  91  -1 208  -1  -1 103 148 148  -1  -1  -1  -1  26  -1  -1 199  -1 267  -1  -1  78 234  84  -1 
 22  -1  -1 264  -1  -1  -1  -1  -1  -1  -1  -1  -1  16  16  -1  -1  -1  -1  56  -1  -1  57 278 145  -1 
 23  -1  -1  -1  -1  -1  -1  14  -1  -1  -1  -1  -1 104 104 307  -1  -1  -1 287  -1  -1  -1 101  -1  -1 
 24  -1 297  -1  -1  -1  -1 189  -1  -1  -1  -1  -1  -1  -1  -1  -1 201  -1  -1  -1  67  -1 246  -1  -1 
 25  -1  -1  -1  -1  -1  -1  59  -1  -1  -1  -1  -1  -1 144  -1  -1  -1  -1  -1  -1  -1  -1  -1  -1  -1 
 26  -1  -1 117  -1  -1  -1  -1 158  -1 219  -1 248 280 280  -1  -1  -1  -1 214  -1  -1  -1  36 166  -1 
 27  -1  64  -1  -1  -1  -1  -1  -1  -1  -1  -1  -1  -1  -1  -1  -1  -1 176  -1  -1 173 289  -1 306  -1 
 28  -1  -1  -1  -1  -1  -1 284 290  -1  -1  -1 131 249 204  -1  -1  -1  -1  89  -1  -1   0  77  -1 106 
 29  -1 161  -1 113  -1  -1 210  -1  -1  -1  -1 202 135 254  -1  -1  66 100  -1  -1  -1  -1  -1  -1  -1 
 30  -1  24  -1  -1  -1   2   2  17  17  -1  -1  -1  30  -1  -1  -1  -1   4   4  -1  -1  -1  19  19  19 
 31  -1  -1  -1  -1  -1  -1  -1  31  31  31  -1  -1  -1  -1  -1  -1  -1  -1  -1  -1  -1  -1  -1  -1  -1 
 32  -1  74  61  61  -1  48  48  -1  -1  -1  -1  -1  -1  46  46  -1  -1  68  -1  -1  -1  -1  63  63  63 
 33  -1  -1  75  75  75  -1  -1  -1  -1  -1  -1  -1  -1  -1  -1  -1  -1  -1  -1  -1  -1  -1  -1  -1  -1 
 34  -1  -1 107 107 107  90  90 105 105  -1  -1 118  92  92  -1  -1 112  -1  -1  -1  -1  -1  -1  -1  -1 
 35  -1  -1  -1  -1  -1  -1  -1 119 119 119  -1  -1  -1  -1  -1  -1  -1  -1  -1  -1  -1  -1  -1  -1  -1 
 36  -1  -1  -1 149 149  -1  -1  -1  -1  -1 136 136  -1 156  -1  -1 162 151 151 151  -1 134 134  -1  -1 
 37  -1  -1 163 163 163  -1  -1  -1  -1  -1  -1  -1  -1  -1  -1  -1  -1  -1  -1  -1  -1  -1  -1  -1  -1 
 38  -1 206 195 195 195 180 180 200  -1  -1  -1  -1 178 178  -1  -1  -1 193 193  -1  -1  -1  -1  -1  -1 
 39  -1  -1  -1  -1  -1  -1  -1  -1  -1  -1  -1  -1  -1  -1  -1  -1  -1  -1  -1  -1  -1  -1 207 207 207 
 40  -1  -1 237 237  -1  -1 244  -1  -1  -1  -1  -1  -1 222 222  -1 250 239 239 239  -1  -1 224 224  -1 
 41  -1  -1 251 251 251  -1  -1  -1  -1  -1  -1  -1  -1  -1  -1  -1  -1  -1  -1  -1  -1  -1  -1  -1  -1 
 42  -1  -1 283 283 283  -1  -1  -1  -1  -1 268 268  -1 266 266 281 281  -1 294  -1  -1 288  -1  -1  -1 
 43  -1  -1  -1  -1  -1  -1  -1  -1  -1  -1  -1  -1  -1  -1  -1 295 295 295  -1  -1  -1  -1  -1  -1  -1 
 44  -1 270 183  -1  -1  -1  -1 181 275  -1  -1  -1  -1 138  -1  -1  -1  -1  -1  -1  -1  -1  -1  -1  -1 
 45  -1  -1  -1  -1  -1  -1  -1  -1  -1  -1  -1  -1  -1  -1 143  -1  -1  -1  -1  -1  -1  -1  -1 137  -1 
 46  -1 226  -1 315 310  -1 230  -1  -1  -1  -1  -1  -1  -1  -1  -1  -1  -1  -1  -1  -1  -1 273  -1  -1 
 47  -1 184  -1  -1  -1  -1  -1  11  54 285  -1 227  -1  -1  -1  -1  21  53  -1  -1  -1  -1  95  -1  -1 
 48  -1  -1  49  -1  -1  -1  -1 140  -1  -1  65  -1   8  -1  99  -1 313 142  -1 314  -1  93  -1  -1  -1 
 49  -1 109  -1  -1  -1  -1  -1  -1  -1  -1  97  -1 225  -1  -1  -1  -1  -1  -1  -1  -1  -1  -1  -1  -1 
 50  -1  55  -1  -1  -1  -1  -1  -1 139  -1  -1   5  -1  -1  -1  -1  -1  -1 231  -1 153  52  51  94  -1 
 51  -1  10  -1  -1  -1  -1  -1  -1 229  -1  -1  98  -1  -1  -1  -1  -1  96  -1 197 312 272  -1  -1 311 
 52  -1  -1  -1  -1  -1  -1  -1 274  -1 309  -1  -1 271  -1 185  -1 241  -1 187  -1  -1  -1   6 182  -1 
 53 308 141  -1  -1  -1 228  -1  50  -1  -1   9 186  -1   7  -1 316  -1  -1  -1  -1  -1  -1  -1 269  -1 

r\t   0   1   2   3   4   5   6   7   8   9  10  11  12  13  14  15  16  17  18  19  20  21  22  23  24 
  0  -1 203 121  -1  43  -1  -1  -1  -1  -1  -1  -1  -1 223  -1  -1  -1  -1  -1  -1  -1 214 264  -1  -1 
  1  -1  -1  -1  -1  -1  -1  -1 152 102  -1  -1  -1  -1  -1  -1  -1  -1  -1  -1  -1  -1  34  -1  -1  -1 
  2  -1  -1 221  -1  -1  -1  -1  -1  81  -1  -1 155  -1 101  -1  -1 188  -1  -1  -1  -1 161  -1 209  40 
  3  -1  -1  56  -1  -1 306 103  -1  -1  -1  -1 135  -1  -1  -1  -1  -1  -1  -1  -1  -1  -1 257  70  -1 
  4  -1  79  -1 172  -1  -1 215  -1  -1  -1  -1   0  -1  -1  -1 128 303  -1  -1 302  -1  -1  -1  -1  -1 
  5  -1  -1  -1  -1  -1  -1  12 115  -1  -1 238 167 212  -1  -1  -1  -1 160 219  -1  -1 232  18 282  -1 
  6  -1 279  -1  -1  -1  -1 291  -1  57  -1  -1  -1  -1  -1  -1  -1  -1  -1  -1  -1  -1  -1  -1  -1  -1 
  7  -1  -1  -1  -1  -1  -1 261 194 210  -1  -1  -1  -1  15  -1 236 236  -1  -1  -1  -1  13   3  -1  -1 
  8  -1 307 176  58  -1  -1  -1 129  86  -1  -1  -1  -1  -1  -1  -1 296  29  82  -1  -1  -1  -1  -1  67 
  9  -1  62  -1  -1  -1  -1 189  -1  -1  -1  -1  -1  -1  -1  -1 170  39  -1 245  -1  -1  -1 166  -1  -1 
 10  -1  -1 192 192  -1  -1  -1  -1  -1  -1  60  60  -1  -1  -1  -1  -1  16  16  -1  89  -1 278  -1  -1 
 11  -1  -1  -1  -1  -1 174  -1  -1  33  -1  -1  -1  -1  -1  -1  -1  -1  -1  -1 198  -1  -1 191  -1  -1 
 12  -1  -1  -1  -1  -1 199 211  -1  -1 175  -1 252 169 157  -1  -1  -1  -1 196  -1  -1  -1  -1 154  -1 
 13   1 116  73  -1 106  -1  77  -1 234 301  -1  -1  32 132  -1  -1  -1  -1  85  -1  -1 253 298  -1  -1 
 14  -1  -1  -1  -1  -1  -1  -1  -1 146  -1  -1 220 286  -1  -1 258  42  -1 280 280  -1  -1  80  -1  -1 
 15  -1 159  -1  69  -1  -1  -1  -1  -1  -1  41  -1  72  -1  -1 150  -1 104 104  -1  -1 277 113  -1  -1 
 16  -1  -1  -1 217  -1  -1  -1  -1 168  -1  -1 290  -1  -1  -1  -1  -1  -1  -1  -1  -1  -1  26  -1  -1 
 17  -1  -1  88  -1  -1  -1 240  78  36  -1  -1 205  -1  -1  -1  -1  -1 202  -1  -1  -1  -1 262  -1  -1 
 18  -1  -1  -1  -1  -1  -1  -1  -1  -1  -1  -1 216  -1 243  -1  -1 145  -1  -1  -1  -1  -1  44  66  -1 
 19  -1  -1  -1  -1  -1  -1  -1  -1 256  -1  83  -1  -1  -1 260  -1  -1 177 204  -1  -1 100  91  -1  -1 
 20  -1  -1  -1 249  -1  -1  -1  -1 259 133  -1 126  -1  84  -1  -1  64  -1  35  -1  45  -1 144  -1  -1 
 21  -1 246  -1 164 171  -1 147  -1  -1  -1 131  -1  -1 255  -1  -1 117  -1  -1  -1  -1  -1 304 248  -1 
 22  -1 233  -1 235  -1  -1  -1  -1  -1  -1  -1  -1 242 265  -1  -1  -1 292  -1  -1 213  -1 110  -1  -1 
 23  -1  -1  -1 108  22  -1  27  -1  -1  -1  -1  76 218  25  -1  -1  -1 254 165  -1  -1 120  -1 289  -1 
 24  -1  -1 158  -1  -1 179  59  -1 114  -1  -1  14 148 148  -1  -1  -1 124  -1  -1  -1  -1  -1  -1  -1 
 25  -1  -1  -1  -1  -1  -1  -1 297  71  -1  -1 276  -1  -1  -1  -1 267  -1  -1  -1  -1 305 247 111  -1 
 26  -1  47  -1  -1  -1  -1  -1  -1 293  -1  -1 122  23 201  -1  -1  -1  -1  -1 130  -1  -1  -1  -1  -1 
 27  -1 190 208 123  -1  -1  -1  -1  37  -1 125  -1  -1 300  -1  -1  -1  -1  -1  -1  -1  -1  -1  -1  -1 
 28  -1  -1 127  -1  -1  -1  -1  -1  -1  -1  -1  -1  -1 284  -1  -1  20  -1 299  -1  -1  -1  -1  -1  38 
 29  -1  -1  -1  -1  -1  87  -1  28  -1  -1  -1  -1 263  -1  -1  -1 287  -1  -1 173  -1  -1  -1  -1  -1 
 30  -1  -1  17  17  -1   2   2  19  19  19  -1  24  -1  -1  -1  -1   4   4  -1  -1  -1  -1  -1  30  -1 
 31  -1  31  31  31  -1  -1  -1  -1  -1  -1  -1  -1  -1  -1  -1  -1  -1  -1  -1  -1  -1  -1  -1  -1  -1 
 32  -1  -1  46  46  -1  -1  -1  -1  48  48  -1  -1  63  63  63  -1  74  61  61  -1  -1  68  -1  -1  -1 
 33  -1  -1  -1  -1  -1  -1  -1  -1  -1  -1  -1  -1  -1  -1  -1  -1  -1  75  75  75  -1  -1  -1  -1  -1 
 34 107 107 107  -1  -1  -1 118  -1  90  90 105 105  -1  -1  -1  -1  92  92 112  -1  -1  -1  -1  -1  -1 
 35  -1  -1  -1  -1  -1  -1  -1  -1  -1  -1 119 119 119  -1  -1  -1  -1  -1  -1  -1  -1  -1  -1  -1  -1 
 36 136 136 151 151 151  -1  -1  -1  -1  -1  -1  -1 156  -1  -1  -1 134 134 162  -1 149 149  -1  -1  -1 
 37  -1  -1  -1  -1  -1 163 163 163  -1  -1  -1  -1  -1  -1  -1  -1  -1  -1  -1  -1  -1  -1  -1  -1  -1 
 38 178 178  -1 206  -1  -1  -1 200 180 180  -1  -1 195 195 195  -1  -1  -1  -1  -1 193 193  -1  -1  -1 
 39  -1  -1  -1  -1  -1  -1  -1  -1  -1  -1  -1  -1  -1  -1  -1  -1  -1  -1  -1  -1 207 207 207  -1  -1 
 40  -1  -1  -1  -1  -1  -1  -1  -1 222 222  -1  -1 244  -1  -1  -1 250 237 237  -1 224 224 239 239 239 
 41  -1  -1  -1  -1  -1 251 251 251  -1  -1  -1  -1  -1  -1  -1  -1  -1  -1  -1  -1  -1  -1  -1  -1  -1 
 42  -1 294 281 281  -1 283 283 283 266 266  -1  -1  -1  -1  -1  -1  -1 268 268  -1  -1 288  -1  -1  -1 
 43  -1  -1 295 295 295  -1  -1  -1  -1  -1  -1  -1  -1  -1  -1  -1  -1  -1  -1  -1  -1  -1  -1  -1  -1 
 44  -1  -1   6  -1 241  -1  -1  -1  -1  -1  -1  52  -1  -1 285  -1  -1  -1  53 153 138  -1  -1  -1  -1 
 45  49  -1 142 272  -1  -1  93  65  -1  -1  -1 181  -1   5  -1  -1 231  -1 187  -1  -1 137  -1  -1  -1 
 46  -1  -1  -1  -1  -1  54  -1 109  -1  -1  -1 274  -1  -1 309 316  -1  -1  -1  -1  -1  94  -1  -1  -1 
 47  -1  -1  -1  -1  -1  -1 273  -1  -1  -1  -1  -1  -1  -1  -1  -1  -1  -1 140  -1  -1  55  -1  -1  -1 
 48 271  -1  -1  -1  -1  -1  -1  -1 143  -1  -1  -1  -1  -1  -1  -1  -1  -1  -1  -1 275 270 141  -1  -1 
 49  -1  -1  -1  96  -1  -1  50 313  11  -1  -1  -1 308  95  -1  -1  51  -1 230  -1  -1  -1 182  21  -1 
 50  -1  -1  -1 227  -1  -1 139  -1  -1  -1 310  -1  -1  -1  -1  -1  -1  -1   8  -1   9  10  -1 197  -1 
 51 225 269  -1  -1 312  -1 185  -1  -1  -1  -1  97  -1  -1  -1  -1  -1  -1  -1  -1  -1 183  -1 315 311 
 52  -1  -1  -1 186  -1  99  -1  -1  -1  -1  -1  -1  -1  -1  -1  -1 184 228  98  -1  -1  -1 226  -1  -1 
 53  -1 229  -1   7  -1  -1  -1  -1  -1  -1  -1  -1  -1  -1  -1  -1  -1  -1  -1 314  -1  -1  -1  -1  -1 

r\t   0   1   2   3   4   5   6   7   8   9  10  11  12  13  14  15  16  17  18  19  20  21  22  23  24 
  0  -1  -1 221  -1  -1  -1  77  -1  -1  -1  -1  -1  -1 171  -1  -1  -1  47 192 192  -1 102  -1  -1  -1 
  1  -1  -1 276  78  -1 216  -1 125  35  -1  -1 123  -1  -1  -1 104 104  84 233  -1  -1 117  -1  -1  -1 
  2  -1  -1 148 148  -1 259  -1  -1 114  -1  -1  80 249 246  -1  -1 300  -1  -1 303  -1 128  -1  -1  -1 
  3  -1  -1  -1 189  -1  -1  64 255  -1  -1  -1  -1 243 152  -1  -1  69 127  -1  -1  -1  -1  25  -1  -1 
  4  -1  -1  -1 293  -1  -1  -1  -1  -1  -1  -1 305  -1  -1  -1  -1  -1  -1 290  -1  -1  -1  -1  -1  -1 
  5 307  -1  -1  -1  -1 150  -1  -1  -1  -1  37 154 111 201  -1  -1  -1  79  73  -1  -1  -1  -1 172  -1 
  6  -1  -1 263 223  -1  -1  -1  71 257  -1  -1 191  67  72  -1  -1  -1  62  -1  -1  -1  -1  -1  -1  -1 
  7 265 146  -1  -1  -1  -1  -1  -1  -1  -1  -1  -1 214 279  -1  -1  -1  -1  -1  -1  -1  83  -1  18  -1 
  8  -1  -1  -1  -1  -1  -1  -1  -1  -1  -1  -1  57  27  -1  -1  -1  -1  -1  -1  -1  -1  -1  59  -1  -1 
  9  -1  66  -1  -1  -1 282  -1  -1  -1  -1  -1  -1 147  -1  -1  -1  -1  -1  39  -1  -1  23  -1 160  -1 
 10  -1 208  -1  -1  -1  -1 202 158  13  -1  -1 254  86 116  -1  -1  -1 164  -1  -1 198 155  -1 248  -1 
 11  -1  -1 179 122  -1 106  -1 133  -1  -1  -1  -1  -1  -1  -1  -1  58 177  -1  -1 306  -1  82  -1  -1 
 12  45  -1  -1  -1  89  -1  -1  -1  -1  -1  -1  -1 170  -1  -1 218 144  -1  -1  -1  -1  -1  -1 299  -1 
 13  -1  -1  -1  -1  -1  -1  -1  -1 131 238  -1 100  -1 220  -1 258 166  -1  -1  -1  -1  -1  -1  70  -1 
 14  -1  -1  -1  -1   1  -1  -1 262 168  -1  -1  12  -1  -1  -1  -1 190 240  -1  -1  -1  -1  -1 101  -1 
 15  -1 284  -1 286 176  -1 277  -1  -1  -1  -1  -1  -1 188  -1  -1  -1 110  -1  -1  -1  -1 296  -1  -1 
 16  -1  14  -1 267 169  -1  -1 236 236  -1  -1  -1  41 175  -1  -1  -1  -1 211  -1  -1  -1  -1 124  -1 
 17  -1 157  -1 242  -1  -1  15 261  76  -1 301  -1 194  -1  -1  -1  -1  -1 210  -1  -1  -1  -1  -1  -1 
 18  -1 234  -1  -1  -1  -1 145  -1  -1  -1  -1 161  -1 103  -1  -1 120  -1  -1  -1  -1  -1 287  -1 304 
 19  -1  -1  -1  -1  -1  -1  -1  -1  -1  -1  -1  -1 129  -1  -1  16  16  -1  -1  -1  -1  -1 165  -1  -1 
 20  -1  -1  -1  -1  -1  -1  -1 115 260  -1  -1  -1  -1 173  -1  -1 235 113  -1  -1  -1 199  -1  -1 215 
 21  -1  -1  -1  60  60  -1  -1  -1 203  -1  -1  -1 209  -1  -1  -1  -1  -1  -1  -1  -1  38 253  -1  -1 
 22  -1  -1 217  -1  -1  -1 289  -1  -1  -1  -1  -1  -1  -1  -1  -1  -1  -1  -1  -1  -1  -1  -1  -1  -1 
 23  -1  -1  -1  -1  -1  -1  -1  22  -1  -1  -1  -1  -1  40  -1  -1  -1  -1 247  -1  87 245  -1  -1  -1 
 24  -1  -1  -1  28  -1  -1  91  -1  -1  -1  -1  -1  36  88  -1  -1  -1  -1 130  -1  -1 205 196  -1  -1 
 25  -1 291 256 204  -1  -1  -1  -1  -1  -1  -1  -1  -1  -1  -1  -1  -1 264  -1  -1  -1 292  -1  -1  -1 
 26  -1  -1  -1  -1  -1  -1  -1 278 298  -1 280 280  85  44  -1  -1  -1  -1  20  -1  -1  81 126  -1  -1 
 27  -1  -1  -1 132 213  -1  -1   3 252  -1  -1 135  -1  -1  -1  -1  -1  -1 159  -1  42 232 174  -1  -1 
 28  -1  -1  -1 167  -1  -1  34  29   0  -1  -1 212  -1 302  -1  -1  -1  -1  -1  -1 219  -1  43  32  -1 
 29  -1  26 297  -1  -1  -1  -1  -1  -1  -1  -1  -1 121  33  -1  -1  -1  -1  56  -1  -1  -1 108  -1  -1 
 30   4   4  17  17  -1  -1  -1  -1  -1  -1   2   2  19  19  19  -1  30  -1  -1  -1  -1  24  -1  -1  -1 
 31  -1  -1  -1  -1  -1  -1  -1  -1  -1  -1  -1  -1  -1  -1  -1  -1  -1  31  31  31  -1  -1  -1  -1  -1 
 32  -1  74  48  48  -1  -1  -1  63  63  63  -1  -1  68  61  61  46  46  -1  -1  -1  -1  -1  -1  -1  -1 
 33  -1  -1  -1  -1  -1  -1  -1  -1  -1  -1  -1  -1  -1  -1  -1  -1  -1  -1  -1  -1  75  75  75  -1  -1 
 34  -1  -1 105 105  -1  -1 118 107 107 107  -1  -1  -1  -1  -1  92  92  -1  90  90  -1  -1 112  -1  -1 
 35 119 119 119  -1  -1  -1  -1  -1  -1  -1  -1  -1  -1  -1  -1  -1  -1  -1  -1  -1  -1  -1  -1  -1  -1 
 36 134 134 156  -1  -1  -1  -1  -1  -1  -1  -1  -1  -1  -1  -1 136 136 149 149  -1  -1 162 151 151 151 
 37  -1  -1  -1  -1  -1  -1  -1  -1  -1  -1  -1  -1 163 163 163  -1  -1  -1  -1  -1  -1  -1  -1  -1  -1 
 38 193 193 206  -1  -1  -1  -1 195 195 195 178 178  -1  -1  -1  -1 200  -1 180 180  -1  -1  -1  -1  -1 
 39  -1  -1  -1  -1  -1  -1  -1  -1  -1  -1  -1  -1  -1  -1  -1  -1  -1  -1  -1  -1  -1  -1 207 207 207 
 40 224 224  -1 250  -1  -1 244  -1  -1  -1 222 222  -1 237 237  -1  -1  -1  -1  -1  -1  -1 239 239 239 
 41  -1  -1  -1  -1  -1  -1  -1  -1  -1  -1  -1  -1  -1  -1  -1 251 251 251  -1  -1  -1  -1  -1  -1  -1 
 42  -1 266 266  -1  -1  -1 288 268 268  -1  -1 294  -1  -1  -1  -1  -1 283 283 283 281 281  -1  -1  -1 
 43  -1  -1  -1  -1  -1  -1  -1  -1  -1  -1  -1  -1 295 295 295  -1  -1  -1  -1  -1  -1  -1  -1  -1  -1 
 44  -1  94 197  -1  -1 311  52  -1 225  -1  -1 273  -1  -1  -1  -1  -1 227  -1  -1  -1 315  -1  -1  -1 
 45 186  -1  -1  -1  -1  -1 231  -1  95  -1 140  -1  -1  -1  -1   6 272 137  49  -1  -1  -1  -1 308 316 
 46  -1 182  -1  -1 228  -1  -1  -1  -1  -1 275  -1  -1 181  -1  -1  -1  -1  -1 138  -1  -1  21  -1  -1 
 47  -1  -1  -1  -1  -1  -1 109  -1  -1  -1  55  -1  -1 270  -1  -1  -1  -1   5  54  -1  -1  -1 285  -1 
 48  -1  -1  -1  99  -1  -1 184  -1  51  -1  -1  53  -1  -1 310  -1 187  -1 141  -1  -1  -1  -1  -1  -1 
 49  -1  -1 139  -1  -1  -1  -1  -1  -1  -1  97  -1  -1  -1  -1  -1  -1  -1 226  -1  -1  -1  -1  -1  -1 
 50  -1  -1  -1  -1 143  -1 142 230  -1  -1  -1  -1 309  -1  -1 269  -1  -1  -1  -1 314  -1  -1  -1  -1 
 51  -1  -1   8  -1  -1  -1   7  93  -1  -1  -1  -1  -1  -1  -1 185  10  -1  -1 229 241  -1  -1  65  -1 
 52  -1  -1  -1   9  50  -1  -1  -1  -1  -1  -1  -1  -1  11  -1  -1  -1  -1  -1  -1  -1  -1  -1  -1  -1 
 53  -1  -1  96 183 271  -1 274  -1 153 312  -1  98  -1  -1  -1  -1  -1  -1  -1  -1  -1  -1 313  -1  -1 

r\t   0   1   2   3   4   5   6   7   8   9  10  11  12  13  14  15  16  17  18  19  20  21  22  23  24 
  0 304  88  -1  -1  -1  -1  -1  -1  36  -1 128  -1  -1  -1  -1  -1  -1  -1  -1  -1  -1  -1  -1  -1  -1 
  1  -1  -1 296  -1  -1  -1  82 256  37  -1  -1  -1 260  -1  -1  -1  -1 103  -1  -1  -1  -1  91  -1  -1 
  2 150  -1  -1 299  -1 198 144  -1 254 307  -1  -1  -1  -1  -1  -1  -1  -1  -1  -1  -1 100 255  -1  -1 
  3  39  -1  -1 247  -1  -1  -1  83 289  -1  -1 292  85 238  -1  -1 243  -1  77  -1  -1  64 111  -1  -1 
  4  -1  -1 170  -1  -1  -1 249  -1 164  -1  -1  -1  -1  -1  -1  -1  -1  -1  -1  -1  -1 152  -1  -1  -1 
  5  66  69  -1  -1  -1  -1  -1 280 280  -1  -1  -1  25  -1  -1  -1  -1 147  -1  -1 177  78  -1  -1  -1 
  6  -1 108  16  16  -1  -1 174  -1  -1  -1  -1  -1 264 168  -1 306  15 196  -1  -1  -1  -1  -1  -1  -1 
  7  -1 232  80 167  -1  -1  -1  89  -1  -1  -1 135  -1  -1  -1 301  -1  -1  -1  -1  45 202  -1  -1 221 
  8 262  -1 248  -1  -1  -1 123  -1  -1  -1  -1  73  -1  -1  -1  84 223 122  -1  -1  -1 126  -1  -1  -1 
  9  -1  -1  -1  -1  -1  -1 211 192 192 216 127 155 297  -1  -1  -1  -1  -1 213  -1  -1  -1 194  -1  -1 
 10  -1  -1 113  35  -1  -1  -1  -1 165  -1  -1  -1  -1  -1  -1  -1  -1  -1  -1  -1  -1  -1  -1  -1   1 
 11  -1  -1  -1 145  -1  -1  -1  72  -1 219  -1  -1  -1  -1  -1  -1  -1  -1  -1  -1  -1 188  -1  -1  -1 
 12  -1 191 166  -1  -1  -1  -1  -1 208  -1  -1  -1  -1 245  -1  -1 267  -1  -1 175  -1  -1  -1 154  -1 
 13  -1  -1 277  70  -1  -1  62  -1 101  -1  -1  -1  14 201  -1  -1  -1  -1 261  -1  -1  -1 158  -1  -1 
 14  -1  59  -1  -1  -1  -1  -1 210 303  -1  -1  -1  -1  -1  -1  -1  -1  -1  71  -1  -1  -1  -1 252  -1 
 15  -1  -1  -1  -1  -1  -1  -1  -1  -1  -1  43  -1 114  -1  -1  -1  -1  -1 173  -1  -1  -1  -1  -1  -1 
 16  -1  29  -1  -1  -1 242  -1  -1  -1  -1  67 115  -1  -1  -1  -1  -1  -1  -1  -1  -1 240 276  -1  -1 
 17  -1  -1  -1  -1  -1  -1  -1  -1  -1  -1  -1  -1   0  -1  -1  -1  -1  -1  -1  -1  -1  -1  -1 110  -1 
 18  -1  -1  -1  -1 169  -1 284  -1  -1  -1  -1 212 160 287  -1  -1  -1  -1  -1 305  -1  -1  -1  -1  -1 
 19  87 157 146 279  -1  -1  -1  -1  12  -1  -1  -1  -1  -1  -1  -1  -1  -1  -1  -1  -1  -1  -1  -1  -1 
 20  -1  -1  -1 121  -1  -1 235  -1 116  -1  -1  -1  -1 291  -1  60  60  -1  -1  -1 265  -1  44 199  -1 
 21  -1 246  34  -1 131  -1  -1 148 148  -1  -1  32 104 104  -1  -1 205  -1  -1  -1  -1  -1 117  22 176 
 22  -1 129  -1 263  -1  -1  -1  -1  58  -1  -1  -1  -1  -1  -1  -1  -1  -1  -1  -1  -1  26 179  -1  -1 
 23 130 120 171  -1  -1  -1  -1  27  40  -1  41  38  -1  -1  -1 106  -1  76  -1  -1  -1 133 300 286  -1 
 24  -1  13  -1  -1  -1 214 258  -1  -1  -1  -1  -1  -1  -1  42  -1 161  -1  23  -1  -1 124  -1  -1  -1 
 25 125  -1 189  -1  -1  -1 190  -1  -1  -1  -1  -1  -1  -1  -1  -1 102  -1  -1  -1  -1  -1  -1  -1  -1 
 26  -1 278  -1  -1 302 218 298  56  33  -1  -1  -1 233  -1  -1  -1  -1  -1  -1  -1  -1  -1 236 236  -1 
 27  -1 257  81 209  -1  -1  47  -1  -1  -1  86   3 253  18 172  -1 282  -1  -1  -1  -1  -1 203  -1  -1 
 28  -1  -1  57 259  -1  -1  79 293 215  -1  -1  -1 204  -1  -1  -1 217  20  28  -1  -1  -1  -1 290  -1 
 29  -1 132  -1  -1  -1  -1 220 234  -1  -1  -1  -1  -1  -1  -1  -1  -1  -1  -1  -1  -1  -1  -1 159  -1 
 30  -1  -1  -1   4   4  19  19  19   2   2  -1  -1  -1  24  -1  -1  -1  -1  -1  -1  17  17  -1  30  -1 
 31  -1  -1  -1  -1  -1  -1  -1  -1  -1  -1  -1  -1  -1  -1  -1  31  31  31  -1  -1  -1  -1  -1  -1  -1 
 32  -1  48  48  46  46  -1  68  -1  -1  -1  -1  -1  61  61  -1  -1  -1  63  63  63  -1  -1  -1  74  -1 
 33  -1  -1  -1  -1  -1  -1  -1  -1  -1  -1  -1  -1  75  75  75  -1  -1  -1  -1  -1  -1  -1  -1  -1  -1 
 34  -1  -1 107 107 107 105 105  -1  90  90  -1  92  92 118  -1  -1  -1  -1  -1  -1  -1  -1  -1 112  -1 
 35  -1  -1  -1  -1  -1  -1  -1  -1  -1  -1  -1  -1  -1  -1  -1  -1  -1 119 119 119  -1  -1  -1  -1  -1 
 36  -1  -1 134 134  -1  -1 162  -1 136 136  -1 156 151 151 151 149 149  -1  -1  -1  -1  -1  -1  -1  -1 
 37  -1  -1  -1  -1  -1  -1  -1  -1  -1  -1  -1  -1  -1  -1  -1  -1  -1 163 163 163  -1  -1  -1  -1  -1 
 38  -1 200 206 180 180  -1  -1  -1 178 178  -1  -1 195 195 195  -1  -1  -1 193 193  -1  -1  -1  -1  -1 
 39  -1  -1  -1  -1  -1  -1  -1  -1  -1  -1  -1  -1  -1  -1  -1  -1  -1 207 207 207  -1  -1  -1  -1  -1 
 40  -1  -1 239 239 239  -1  -1  -1 222 222  -1 250  -1  -1  -1  -1 244  -1 237 237 224 224  -1  -1  -1 
 41  -1  -1  -1  -1  -1  -1  -1  -1  -1  -1  -1  -1  -1  -1  -1  -1  -1 251 251 251  -1  -1  -1  -1  -1 
 42  -1 288  -1 268 268  -1  -1  -1 266 266 283 283 283  -1  -1  -1 294  -1 281 281  -1  -1  -1  -1  -1 
 43  -1  -1  -1  -1  -1  -1  -1  -1  -1  -1  -1  -1  -1  -1  -1  -1  -1 295 295 295  -1  -1  -1  -1  -1 
 44 197  -1  -1  -1 143  -1  -1  -1  -1  -1  -1  -1  -1  -1  -1  -1  -1  -1 308  -1  -1  50  -1  -1  97 
 45  -1 187 183  -1  -1  -1  -1 274  -1  -1  -1  53  -1  -1  -1  -1   5  10  -1 309   9 186  -1  -1  -1 
 46  -1  -1 271  -1  -1  -1  -1 181  51  -1 241 231  -1  -1  -1  -1  95  -1  -1  -1  -1   6 228  65  -1 
 47 109  -1  -1  96  -1  -1  -1  -1  -1  54 316  -1 139  -1  -1  -1  52  -1  -1  -1  -1  -1 270  -1  -1 
 48  -1  -1  -1  -1  -1  -1 185  49  -1  -1  -1  -1  -1  -1 312  -1  -1  -1  -1  -1  -1  -1  -1  -1  -1 
 49  -1  -1  -1  -1  -1  -1 273 227  -1  -1  -1  21  -1  -1  -1  -1  -1  -1  -1  -1  99 269 137  -1 153 
 50  -1 226  -1  -1  -1  -1  93  -1  -1  -1  -1  -1  -1  -1  -1 311 182  98  -1  -1  -1  -1  -1  -1  55 
 51  -1 275  -1 229  -1  -1 141  -1  -1  -1  -1  -1  -1 313  -1  -1  -1 272  -1  -1  -1  -1  -1 315  -1 
 52 314  11   8  -1  -1  -1  -1 138  -1  -1  -1 184 225  -1  -1  -1 142 230  -1  -1 140  -1   7  -1 285 
 53  -1  -1  -1  -1  -1 310  -1  -1  -1  -1  -1  -1  -1  -1  -1  -1  -1  -1  -1  -1  -1  94  -1  -1  -1 

