317
22 11
14 0
5 30
16 11
7 30
1 52
17 48
0 50
20 53
12 47
13 45
18 46
13 22
7 17
6 4
8 20
17 28
2 30
16 4
22 30
1 19
11 47
10 19
21 3
11 30
22 0
12 29
18 9
13 8
6 7
21 30
1 31
23 29
16 16
17 5
7 3
16 6
5 0
17 17
3 7
9 5
4 16
3 22
3 5
20 4
8 27
17 32
6 24
0 32
7 51
3 51
23 50
13 48
12 45
16 46
5 44
16 28
3 9
7 18
1 1
17 6
12 32
21 27
22 32
11 10
2 52
6 3
9 0
6 32
18 15
7 24
23 16
3 10
16 27
11 32
12 33
2 0
23 17
21 19
17 16
8 24
10 4
3 27
16 9
23 2
18 1
17 12
5 12
23 25
7 5
0 34
12 25
5 34
16 44
8 45
20 52
18 50
14 44
3 50
13 46
13 20
16 13
3 24
1 8
5 8
17 34
21 23
22 34
8 14
2 49
12 3
11 29
8 34
2 23
23 10
22 13
11 26
6 10
21 34
17 35
1 28
12 16
17 3
13 28
7 14
0 21
15 3
20 20
3 23
10 10
15 15
23 20
17 24
7 19
13 36
6 5
0 36
3 52
5 50
8 46
18 44
23 51
16 47
20 44
17 27
3 15
16 26
18 24
20 13
22 36
4 8
10 36
7 4
2 44
6 18
9 16
3 36
2 20
11 25
13 26
16 2
21 21
18 36
22 37
12 7
17 25
6 29
1 23
8 18
24 18
3 25
18 22
13 12
18 14
18 23
8 3
14 29
17 4
12 38
18 25
7 38
6 47
1 53
20 50
16 53
5 47
0 51
22 53
6 1
16 0
7 1
8 25
12 21
2 38
18 27
22 38
1 7
15 44
11 21
21 28
6 38
16 19
17 1
23 8
8 1
12 0
21 38
2 39
22 27
7 8
11 6
13 24
18 18
6 9
3 8
10 5
7 25
3 2
3 19
21 7
18 8
23 14
5 40
22 28
0 40
7 46
13 47
8 53
17 47
20 48
12 50
16 45
18 2
6 26
1 16
2 6
15 1
7 40
21 1
12 40
3 6
9 53
11 14
22 5
17 40
7 2
21 20
22 26
16 20
12 24
18 40
2 41
11 16
6 6
8 15
1 11
13 29
11 23
4 7
9 4
5 6
11 9
16 17
12 4
17 8
20 2
0 42
13 5
7 42
23 44
14 48
5 45
3 48
22 47
6 52
16 50
3 28
6 17
8 28
7 16
22 3
10 42
13 14
17 42
1 22
4 44
2 28
21 12
21 42
11 18
23 0
18 4
3 11
8 19
16 42
10 43
2 25
17 2
13 15
1 20
7 27
12 22
12 8
4 29
0 25
3 13
11 7
3 1
11 49
4 45
10 50
2 48
24 53
21 45
19 48
9 48
15 53

