317
18 27
24 7
10 30
23 3
7 30
6 50
13 48
21 50
17 52
9 52
1 45
0 48
16 5
6 14
21 23
11 27
7 20
2 30
23 20
17 30
1 21
22 46
14 10
12 23
21 30
23 7
22 8
13 4
1 23
8 17
16 30
2 31
18 18
11 22
12 7
6 25
13 21
9 0
14 24
13 22
11 13
17 14
1 19
3 0
21 25
13 18
18 32
8 26
10 32
17 50
23 51
6 44
1 52
0 53
7 48
9 46
7 6
21 17
11 28
6 10
17 25
3 32
8 0
22 32
1 1
12 50
16 6
14 16
12 32
18 21
11 1
8 19
21 8
1 6
6 32
2 33
23 23
22 12
7 26
16 21
13 10
16 24
15 17
0 0
5 26
1 26
24 17
24 10
17 6
19 28
8 34
18 22
10 34
7 52
1 47
2 48
23 52
0 47
24 50
6 53
17 13
8 12
7 17
23 26
10 0
0 34
3 17
20 34
6 1
5 51
16 27
18 23
16 34
22 15
6 8
8 10
1 13
18 3
7 34
12 35
23 17
3 16
11 17
2 3
17 8
5 22
13 12
12 25
0 3
11 10
13 15
24 13
24 11
6 4
18 36
7 19
8 36
13 51
11 47
2 47
17 48
23 44
1 49
0 50
1 27
13 25
8 1
12 29
18 29
2 36
14 15
20 36
6 6
4 46
7 24
16 29
1 36
16 11
6 21
7 3
2 23
13 1
23 36
10 37
22 10
22 20
17 5
18 28
3 4
4 18
1 18
22 6
0 14
10 19
13 24
24 23
9 20
19 16
10 38
7 18
17 38
21 52
23 50
2 52
6 45
0 52
8 53
1 53
21 1
8 18
17 10
22 28
0 24
23 38
7 29
12 38
18 11
5 52
3 5
16 13
2 38
18 2
17 20
3 27
13 27
7 9
1 38
22 39
11 29
21 15
6 27
6 29
12 6
4 23
20 13
24 5
2 6
6 7
14 26
8 8
17 11
21 13
18 40
11 11
0 40
10 48
23 46
8 48
9 50
6 47
7 45
2 44
18 15
1 4
17 12
2 21
7 27
13 40
5 19
22 40
12 5
11 52
16 12
3 14
7 40
2 27
23 12
8 16
6 11
22 1
3 40
12 41
18 0
16 19
1 20
17 27
11 20
9 23
17 0
14 20
1 11
17 1
14 21
1 8
7 11
0 13
18 42
23 11
10 42
1 50
17 46
9 51
6 48
2 49
24 45
8 45
8 9
1 17
2 7
11 7
17 19
13 42
16 1
20 42
7 15
5 53
3 1
23 13
1 42
13 28
18 9
21 21
6 26
23 18
17 42
12 43
8 13
22 24
11 16
7 13
3 6
11 14
11 18
17 28
19 9
6 2
5 13
9 26
22 48
20 46
15 45
5 49
4 48
3 53
16 48
12 47
14 51

