317
8 5
24 25
12 30
1 10
20 30
11 48
18 51
6 52
9 51
23 53
16 53
10 46
11 15
23 17
21 25
8 6
12 7
17 30
7 14
2 30
16 17
22 45
5 8
1 18
7 30
8 24
23 27
3 22
12 28
16 27
22 30
17 31
6 8
1 21
13 0
11 9
2 29
15 4
10 15
16 24
10 0
14 13
18 21
23 8
18 8
3 14
8 32
2 6
10 32
23 51
16 52
21 46
1 44
6 51
24 48
20 50
21 12
16 9
6 18
23 25
0 6
12 32
22 8
17 32
11 3
7 49
5 18
2 21
22 32
23 19
7 22
17 21
18 4
11 29
1 32
12 33
8 26
16 0
2 2
21 17
6 2
22 18
5 20
23 12
19 27
17 17
14 26
6 29
23 29
11 25
8 34
16 2
12 34
21 48
3 47
6 44
2 51
20 52
18 44
10 51
8 13
3 21
12 8
21 26
17 11
0 34
5 7
22 34
11 23
14 50
16 15
7 9
16 34
7 15
11 19
13 20
23 4
17 14
18 34
0 35
6 9
22 29
3 8
21 1
12 14
18 16
19 1
18 27
8 22
16 18
6 16
8 25
18 28
1 22
10 36
13 6
8 36
21 47
20 53
23 47
12 47
2 50
16 47
6 49
16 20
6 24
11 12
18 20
20 5
22 36
7 25
2 36
12 3
13 52
17 23
5 3
7 36
6 17
3 26
17 12
11 8
21 2
13 36
22 37
18 13
12 21
16 23
8 9
2 8
24 27
19 4
18 9
7 19
15 3
10 7
7 8
3 23
10 4
8 38
6 10
20 38
12 48
16 49
13 47
1 49
11 47
2 53
18 47
2 15
8 21
3 10
16 4
12 1
17 38
6 23
22 38
1 8
15 53
14 21
7 13
3 38
13 4
21 7
23 10
12 26
16 16
2 38
17 39
8 7
1 14
6 28
7 12
11 22
24 7
7 11
0 12
1 0
6 4
23 0
13 19
10 5
24 2
2 40
16 22
8 40
20 49
23 50
13 45
18 45
11 46
1 45
6 53
1 1
11 16
3 11
13 22
5 26
20 40
0 25
17 40
23 24
16 50
7 16
12 2
6 40
12 25
16 5
8 23
7 6
18 6
1 40
21 41
3 18
13 29
11 11
2 9
17 9
0 29
12 18
15 13
0 5
1 27
2 14
0 20
2 25
20 28
8 42
23 28
10 42
21 53
1 48
12 52
16 44
6 46
13 46
24 52
21 20
8 20
6 14
17 8
12 24
18 42
7 29
2 42
11 14
22 47
23 26
14 17
13 42
18 19
11 20
8 12
3 15
22 27
6 42
17 43
2 7
7 5
16 26
1 5
21 22
12 11
14 28
12 9
3 27
12 5
5 5
24 17
17 44
19 49
14 46
4 49
5 53
7 48
0 50
22 52
15 44

