317
18 14
24 29
10 30
22 0
3 30
1 51
12 51
21 49
2 51
20 52
8 47
13 45
1 28
13 21
11 12
21 18
2 7
7 30
16 0
17 30
6 10
14 44
23 25
22 27
22 30
12 19
21 12
17 18
23 11
8 7
13 30
5 31
18 21
2 13
3 19
1 2
17 29
7 22
8 22
12 11
12 17
14 10
6 3
12 18
18 16
20 15
13 32
11 9
3 32
1 45
2 53
12 46
7 46
21 44
10 52
22 49
18 6
3 0
1 4
2 1
13 12
22 32
6 6
7 32
21 27
11 49
17 7
16 26
16 32
17 16
13 9
6 5
8 2
21 22
1 32
22 33
11 19
7 17
2 4
16 20
12 21
10 6
2 25
13 19
14 2
19 3
6 18
15 25
7 9
3 11
20 34
2 0
13 34
18 49
11 46
1 49
8 44
10 53
12 48
4 52
12 28
11 14
1 7
21 7
7 4
17 34
16 4
22 34
13 3
0 52
6 12
2 27
2 34
22 5
11 24
13 6
6 15
1 6
12 34
17 35
23 20
8 0
17 20
7 10
3 6
18 15
10 10
8 11
5 17
10 28
7 2
7 23
22 22
1 10
3 36
18 4
13 36
2 52
20 47
12 52
11 51
21 51
8 48
10 46
21 23
17 27
3 27
11 2
12 23
7 36
18 7
22 36
1 17
6 49
16 12
0 3
12 36
13 10
23 15
22 28
18 2
6 16
16 36
7 37
21 28
16 28
3 29
11 10
2 24
23 6
14 3
21 17
12 27
20 1
0 20
12 22
7 29
10 1
13 38
1 9
20 38
18 46
8 46
22 46
2 50
12 49
11 48
3 51
6 28
18 18
11 0
12 2
20 24
7 38
17 14
22 38
13 11
16 49
0 25
1 27
6 38
22 13
23 14
18 9
12 12
1 12
17 38
2 39
16 22
8 17
7 28
7 15
13 8
0 24
9 10
3 23
18 27
21 15
19 7
12 13
10 7
2 19
3 40
11 8
13 40
1 52
8 53
21 45
18 52
12 45
7 53
24 44
13 25
1 8
12 9
3 10
7 13
20 40
6 8
17 40
2 21
16 51
11 17
23 22
12 40
17 17
2 5
11 18
13 29
6 0
16 40
20 41
7 25
18 1
1 15
23 0
8 26
12 7
6 26
10 24
13 4
9 29
16 7
10 21
13 7
2 10
3 42
11 28
20 42
22 50
8 49
24 53
7 49
18 51
1 50
10 51
3 28
21 29
1 0
22 9
7 5
17 42
16 2
12 42
2 18
23 52
6 27
11 3
8 42
8 8
3 14
12 26
22 20
13 16
16 42
17 43
23 2
11 5
6 4
21 4
1 13
13 15
6 25
22 8
8 23
23 1
16 11
5 11
16 47
9 48
5 48
6 47
0 46
17 49
15 45
23 45
19 44

