317
3 5
15 5
18 30
22 22
10 30
2 47
7 51
6 47
16 46
9 49
8 50
21 52
6 6
16 11
18 1
21 9
7 8
13 30
22 10
2 30
11 15
17 46
23 5
1 23
8 30
6 9
3 14
17 6
23 9
11 7
1 30
12 31
7 14
16 1
21 19
22 26
16 9
21 13
13 3
11 25
3 6
5 21
0 9
15 2
7 28
6 14
18 32
8 29
10 32
3 45
2 49
16 47
22 44
21 49
15 50
9 53
2 14
11 0
7 15
3 16
15 4
22 32
1 19
12 32
21 25
8 53
17 23
5 25
7 32
3 27
6 5
18 6
12 7
2 29
21 32
22 33
13 21
16 13
17 25
1 2
8 16
12 27
15 14
0 4
2 25
23 1
4 21
8 11
3 4
16 3
8 34
2 24
10 34
7 52
18 45
21 45
22 45
12 51
13 44
19 50
21 15
8 23
18 23
7 18
12 1
3 34
2 17
22 34
6 22
15 47
17 8
1 4
18 34
21 27
1 3
3 10
11 28
17 12
2 34
5 35
23 0
12 3
7 10
13 18
16 16
4 10
14 8
24 5
0 2
8 24
22 17
1 0
16 19
21 23
10 36
22 27
7 36
13 48
9 45
18 49
6 48
3 46
2 44
15 46
2 3
6 0
8 0
12 23
10 2
3 36
5 23
17 36
21 17
1 46
22 2
23 24
2 36
1 8
23 18
7 17
18 2
11 16
16 36
12 37
6 15
16 21
8 22
3 8
22 6
6 19
12 22
5 15
1 26
5 6
20 1
17 20
13 11
10 15
11 38
2 7
8 38
21 51
22 46
6 49
16 44
7 46
3 53
15 51
16 25
3 23
12 2
17 28
7 13
18 38
2 27
22 38
11 19
1 47
5 26
14 19
6 38
22 8
13 19
12 21
21 29
16 12
7 38
17 39
3 7
8 15
1 6
2 5
23 22
8 6
16 6
8 14
5 28
16 8
13 26
9 5
2 8
21 4
8 40
7 2
10 40
6 44
12 44
16 50
22 51
19 46
3 44
18 53
8 1
11 10
22 0
6 1
2 15
17 40
1 28
12 40
16 23
20 44
23 26
7 20
22 40
7 27
12 25
11 13
13 6
1 7
23 40
15 41
2 6
6 24
8 5
18 16
3 9
15 22
7 19
10 28
4 13
2 0
14 27
10 10
22 28
13 28
18 42
7 3
11 42
6 52
3 51
10 49
2 52
21 47
9 47
8 44
6 26
12 13
11 8
17 15
2 13
15 42
14 24
22 42
8 21
7 53
5 14
1 29
7 42
16 26
13 17
6 18
3 26
22 9
8 42
15 43
1 5
21 6
18 17
2 28
11 9
8 3
17 26
24 0
9 26
0 29
20 26
12 10
23 50
1 49
0 46
14 52
24 48
17 47
20 48
5 47
4 47

