r\t   0   1   2   3   4   5   6   7   8   9  10  11  12  13  14  15  16  17  18  19  20  21  22  23  24 
  0  -1 101  -1  -1  -1  -1 303  -1 307  -1  -1  -1  -1 279  -1  -1  -1  -1  -1 198  -1  -1 122  -1  -1 
  1  -1  -1  -1  -1  -1  -1  -1  -1 188  -1  -1  -1  -1  -1  -1  -1 117  -1 253  -1  -1  -1  -1  -1 306 
  2  -1  -1  -1  -1  -1  -1 201  -1  -1  -1  -1  -1  -1  56  -1 176  -1 175  -1  -1  -1  -1   0  -1  -1 
  3  -1  -1  -1  -1  -1  -1 155  -1 120  -1  -1 276  -1  -1  -1  -1  -1  -1  -1 262  -1  -1  -1  41  -1 
  4  -1  -1  -1 108  -1  -1  44 278  16  16  -1  -1  -1  -1  -1  -1  -1  -1  -1  -1  60  60  -1  -1  -1 
  5  -1 293 287  -1  -1  -1  -1  -1 130  -1  -1  -1 114 290  -1  -1  -1  -1  -1  -1 236 236  -1  -1  -1 
  6  -1  -1 300 209  -1  -1  -1  -1  80  -1  37 210  -1 246  -1  -1  -1  -1  -1  -1  -1 133  -1  -1  -1 
  7  -1  -1  -1 238  -1  -1 121  -1  -1  -1 150 190  -1  -1  -1  -1  -1 157  -1  -1  -1 204 289  -1  -1 
  8  -1  -1  33  -1  -1  -1  -1  18 299  -1  -1 146 234   3 221  -1 291 297  -1  -1  -1  -1  -1  -1  -1 
  9  -1  -1  -1  -1 304  -1  -1  -1  -1  -1  -1  -1  -1  -1  -1  -1  85  -1 173 131  -1 298  -1  -1  -1 
 10  -1  88  -1  -1  -1  -1 277  -1  -1 220  81  69  -1  -1  -1  -1  -1  -1  -1  -1  -1  -1  -1 232  -1 
 11  -1 196 164  -1  -1  84  -1 154  -1  -1  -1  82  58  -1  -1  -1 147 248  -1  -1  -1  -1  -1  22 125 
 12  -1  -1 110  89  -1  -1  -1 113  -1  -1  -1 100 249  -1  -1  -1  -1  -1  29  -1  83  -1  47  -1  -1 
 13  -1 233 243  -1  -1  -1 191  -1  26  -1  -1  -1  -1  -1  -1  -1 264  -1  -1  -1  -1 217  -1  -1  -1 
 14  -1 214  -1  14  -1  -1 160 202  -1  -1  -1  -1  -1 240  -1  -1  -1  -1 124  40  -1  32  77  -1  -1 
 15  -1  -1  -1 280 280  -1 135 165 286  -1  -1  20 132  23  -1  -1  -1  -1  -1  -1  -1  79  -1  -1  -1 
 16  -1  78  36  -1  -1 302  -1  -1 256 129  -1 115 205 106  -1  -1  -1  -1 167  -1  -1 254 242  -1  -1 
 17  -1 159 123 301  -1  -1  -1  -1 267  -1  39  -1  -1  -1  -1  -1  -1 148 148  -1  -1  -1  -1  -1  -1 
 18  -1 116  -1 252  -1  -1  -1  -1  -1  -1  -1 161  -1  -1  -1 263  -1 104 104  -1  -1  -1  66 245  -1 
 19  -1  -1  -1 172  -1  -1   1  72  -1  -1  -1  -1  76  -1  -1  -1 102  -1  -1  -1  -1  -1  73  -1  -1 
 20  -1 219  -1  -1  -1  -1  -1  -1  -1  -1  -1  -1  -1  -1  -1  -1  70  43  -1  -1  -1  -1  25  67  -1 
 21  -1  -1  -1 158  -1  87  -1  -1  -1  -1  -1  -1  -1  -1  -1  -1 260  -1 203  86  -1 103  -1  -1  -1 
 22  -1  -1  -1  -1  -1  -1  57  -1  -1  -1  -1  -1 265  28 216  -1  -1  -1 305  -1  -1  -1  -1 199  -1 
 23  -1  13  -1  -1  -1  -1 258  -1 152  -1  -1  -1  -1  -1  -1  -1  35  -1 292  -1  -1 168 223  -1  -1 
 24  -1  -1  -1  -1  -1  -1  -1 194 257  -1  -1 211  15 171  -1  -1 189  -1  -1 259 282  -1  -1  -1  -1 
 25  -1 284  62  27  -1  -1  -1  -1  -1  -1  -1  -1 192 192  -1  -1 247 126  -1  -1  -1  -1 208  -1  -1 
 26  -1  -1  -1  -1  -1  -1 296  -1 212  -1  -1  -1  -1  -1  -1  -1  -1 177 179  -1  -1  -1  -1  -1  -1 
 27 215 144  38  -1  -1  -1  91  -1  -1  -1 111  -1 145  -1  -1  -1  -1  64  -1  -1  -1  -1  -1  -1  -1 
 28  -1  34  -1 218 169  -1  71  -1  -1  -1  -1 235  -1  -1  -1  -1  -1  -1 170  -1 174  -1  42  -1  -1 
 29  -1 255 213  45  -1  -1  -1  -1  -1  -1  -1  59 166  -1  -1  -1  12 261 128  -1  -1 127  -1  -1  -1 
 30  -1  -1  -1  -1  -1  -1  -1  30   2   2  -1  -1  -1  -1  -1   4   4  19  19  19  17  17  -1  24  -1 
 31  -1  -1  -1  -1  -1  -1  -1  -1  -1  -1  31  31  31  -1  -1  -1  -1  -1  -1  -1  -1  -1  -1  -1  -1 
 32  -1  -1  74  -1  -1  -1  -1  63  63  63  -1  -1  -1  46  46  48  48  -1  61  61  -1  -1  -1  68  -1 
 33  -1  -1  -1  -1  -1  -1  -1  -1  -1  -1  -1  -1  -1  -1  -1  -1  -1  75  75  75  -1  -1  -1  -1  -1 
 34  -1  -1  -1  -1  -1  -1  -1 107 107 107  -1  90  90 118  -1  92  92 112  -1  -1  -1  -1 105 105  -1 
 35  -1  -1  -1  -1  -1  -1  -1  -1  -1  -1  -1  -1  -1  -1  -1  -1  -1  -1  -1  -1 119 119 119  -1  -1 
 36 134 134 151 151 151  -1  -1 162 136 136  -1  -1  -1  -1  -1  -1 156  -1  -1  -1  -1  -1 149 149  -1 
 37  -1  -1  -1  -1  -1  -1  -1  -1  -1  -1  -1  -1  -1  -1  -1  -1  -1  -1  -1  -1  -1  -1 163 163 163 
 38  -1  -1  -1 193 193  -1  -1  -1 178 178  -1  -1  -1 180 180  -1 200  -1  -1  -1 195 195 195 206  -1 
 39 207 207 207  -1  -1  -1  -1  -1  -1  -1  -1  -1  -1  -1  -1  -1  -1  -1  -1  -1  -1  -1  -1  -1  -1 
 40 224 224 244  -1  -1  -1  -1 237 237  -1  -1 222 222  -1  -1  -1 239 239 239  -1  -1  -1 250  -1  -1 
 41  -1  -1  -1  -1  -1 251 251 251  -1  -1  -1  -1  -1  -1  -1  -1  -1  -1  -1  -1  -1  -1  -1  -1  -1 
 42 266 266  -1  -1  -1  -1  -1 288  -1  -1  -1 294  -1 268 268  -1  -1 283 283 283  -1  -1 281 281  -1 
 43  -1  -1  -1  -1  -1  -1  -1  -1  -1  -1  -1  -1  -1  -1  -1  -1  -1  -1  -1  -1  -1  -1 295 295 295 
 44  55  -1 311  -1  -1  -1  -1  -1  50  -1  -1 271  -1  -1  95  -1  -1  -1 197  -1 153  -1  -1  -1  -1 
 45   9   6  -1  -1  -1  -1 109  -1 230  -1  -1  -1  51 225  -1  -1  -1  94  -1  -1  -1  -1  -1  -1  -1 
 46  -1  -1  -1 183  -1  -1  -1  -1  98  -1  -1  -1  -1  -1  -1 270  -1  -1  -1 315 316   8  -1  -1  -1 
 47  99  -1  -1  -1  -1  -1  -1  -1  -1  -1  -1  -1 187 142  -1 143  -1  -1  -1  -1  -1 269  -1  -1 314 
 48  -1  -1  -1  -1  -1  -1  -1  -1  -1  -1 312  -1  -1  -1  -1  -1 186  -1  97  -1  -1 228  93  -1  -1 
 49  -1  -1  -1 273 310  -1 227  -1  -1  -1  -1 185  -1  -1  11  -1  -1 137  -1  -1  -1  96  -1  -1  -1 
 50  -1 182  -1  -1  -1  -1 181  -1  -1  -1  -1  -1   7  -1 138  -1 140  49 139  -1  -1  -1  -1  -1  -1 
 51  -1  52  -1   5  65  -1 275 308  -1 274 285 141  -1  -1  -1 229  -1  -1 226  -1  -1  -1 184 313  -1 
 52  -1  -1  -1  -1  -1 309  -1  -1  -1  -1  -1  -1  -1  -1  -1  -1 231  10  -1  -1  -1  53 272  -1  -1 
 53  -1  -1  21  -1  -1  -1  -1  -1  -1  -1  -1  54  -1  -1  -1  -1  -1  -1  -1 241  -1  -1  -1  -1  -1 

r\t   0   1   2   3   4   5   6   7   8   9  10  11  12  13  14  15  16  17  18  19  20  21  22  23  24 
  0  -1 189 194  77  -1  -1   0 253  -1  -1  -1  -1 249 111  -1 236 236  -1  -1  -1  -1  -1 108  -1  -1 
  1  -1  -1 297  -1  -1  -1  -1  -1  88  -1  -1  -1 282 299  -1  -1  56  -1  -1  -1  -1  -1  -1 221  -1 
  2  -1  -1  -1  -1 217  -1  -1  -1 166  -1  -1 126  -1 188  -1  -1  -1  -1  -1  -1  -1  -1  -1  -1  -1 
  3  -1 255  -1 291  -1  -1  45 168  66  -1  -1  -1 154 175  -1  -1  -1  -1  -1  -1  -1  -1  -1  -1  -1 
  4  -1  -1 238 176  -1  -1  70  -1  47  42  -1 146  60  60  -1  -1  -1  -1  -1  -1  -1 173 243  -1  -1 
  5  -1  -1  -1  39 307  -1 262  -1  -1  -1  -1  -1  -1  -1  -1  -1  -1  -1  -1  -1  -1  -1  -1  -1  -1 
  6  -1  20  -1  -1 306  -1  -1  -1  -1  -1  -1  -1  -1 121  -1  -1  -1 202  -1  -1  -1  14  -1 144  -1 
  7  -1  35 113  -1  -1 155  -1  -1  33  -1  -1  -1  -1  -1  -1  -1 293  -1  -1 169 215  73  -1  -1  -1 
  8  -1  -1  72 252  -1  -1 211  -1  -1  -1  -1 254  -1  -1  -1  -1  -1  -1  -1  -1  -1  -1  -1 204  -1 
  9  -1  57  16  16  -1  -1  -1  -1 130  -1  -1  -1  78  -1  -1  -1  -1  -1  -1  -1  -1  -1  -1 123  -1 
 10  -1 115  -1 240  -1  86  12  -1  -1  -1  -1  -1 292 152  -1  22  -1  -1  41  -1  -1 116  -1  -1  -1 
 11  -1 171  -1  -1  -1  -1 276 210 127  -1  -1  -1  -1 234  -1  -1  44  -1 300  -1  -1  -1 147  -1  -1 
 12  84  -1 280 280  -1  -1 124 286  -1  -1  -1  -1  23 209  -1  -1  -1  -1 164  -1  -1 279  38  -1  -1 
 13  -1  -1  -1  29  -1  -1  -1  80  -1  -1  -1 131  83  -1  -1  -1  -1 218  -1  -1  -1  -1 263  13  -1 
 14  -1 165  -1 174  -1  -1  40  -1  36  -1 257  -1 196  -1  -1  -1  -1  -1  -1  -1  -1  -1  -1 161  -1 
 15  -1 233  -1  -1  -1  -1 100  -1 267  -1  -1 191  -1  -1  -1  -1 264  -1  -1 106  -1  -1  -1  -1  -1 
 16  -1  -1 261  -1 199  -1  -1  -1  -1 214  -1  15 242 278  -1  -1  -1  -1  -1  -1  -1  -1  -1  -1 302 
 17  -1  -1 148 148  -1  -1  -1  -1  -1  -1  -1  -1  -1 248  -1  -1 159  -1  -1  -1 220  25  -1  81  -1 
 18  -1 145 213  -1  -1  -1 245  -1  -1  -1  -1  -1  -1  91  -1  -1  -1  58  -1  -1  -1  -1  -1  37  -1 
 19  -1  -1  -1  -1  -1  -1  -1  -1 103  -1  -1  -1  -1  -1  -1  -1  -1  -1  62  -1  -1  -1 208  -1  -1 
 20  -1  -1  -1  -1  -1  -1 304  -1 287  -1  -1  -1  -1   3  -1  -1  -1  -1  -1  -1  -1  -1  -1  -1  -1 
 21  -1 172  -1 114  -1  -1  -1  -1  -1  -1  -1 235 157  -1   1  -1  69  -1  79  -1  -1  43 289 246  -1 
 22  -1 125  34  -1  -1  -1 133  -1  76  -1  -1 296  -1  -1 305  -1  28 158  -1  -1  -1  -1  -1  -1  18 
 23 265  71  -1  -1  -1  -1  -1  -1 232  -1  -1  -1  -1  26 259  -1 128  -1  -1  -1  -1  -1 223  -1  -1 
 24  -1 284 160  -1  -1  -1  -1 110 135  67  -1  87  -1  -1  -1  -1  -1  -1 303  -1  -1 101 216 277  -1 
 25  -1  -1  -1  -1  -1  -1  27 150 192 192  -1  -1  -1 129  -1 219 201 132  -1  -1  -1  64  89  -1  -1 
 26 170  -1  -1  -1  -1  -1  -1 117  -1  -1  -1  -1  -1  -1  -1  -1  -1 120  -1  -1  -1  -1  -1 298  -1 
 27  -1  -1 179  85  -1  -1 290  -1  -1  -1  -1  59 122  -1  -1  -1  -1 177  -1  -1  -1 301 247  -1  -1 
 28  -1  -1 104 104  -1  -1 190  -1  -1 260  -1  -1  -1 167  -1  -1 256  -1  -1  -1  82  -1  -1  32  -1 
 29  -1  -1 203  -1  -1  -1  -1 198 205  -1  -1  -1  -1  -1  -1 258  -1  -1  -1  -1  -1 212  -1 102  -1 
 30   2   2   4   4  -1  -1  -1  19  19  19  -1  -1  30  -1  -1  -1  -1  17  17  -1  -1  -1  24  -1  -1 
 31  -1  -1  -1  -1  -1  -1  -1  -1  -1  -1  -1  -1  -1  -1  -1  -1  -1  31  31  31  -1  -1  -1  -1  -1 
 32  -1  -1  63  63  63  -1  -1  -1  -1  -1  -1  74  -1  48  48  -1  -1  68  -1  -1  46  46  61  61  -1 
 33  -1  -1  -1  -1  -1  -1  -1  -1  -1  -1  -1  -1  -1  -1  -1  -1  -1  -1  -1  -1  -1  -1  75  75  75 
 34  92  92  90  90  -1  -1  -1  -1 112  -1 105 105  -1  -1  -1 107 107 107 118  -1  -1  -1  -1  -1  -1 
 35  -1  -1  -1  -1  -1  -1  -1  -1  -1  -1 119 119 119  -1  -1  -1  -1  -1  -1  -1  -1  -1  -1  -1  -1 
 36 134 134  -1 162  -1  -1  -1  -1  -1  -1  -1 156  -1 136 136  -1  -1 151 151 151 149 149  -1  -1  -1 
 37  -1  -1  -1  -1  -1  -1  -1  -1  -1  -1  -1  -1  -1  -1  -1  -1  -1  -1  -1  -1 163 163 163  -1  -1 
 38  -1 206  -1 200  -1  -1  -1  -1  -1  -1  -1  -1  -1 178 178 193 193  -1  -1  -1 180 180 195 195 195 
 39  -1  -1  -1  -1  -1  -1  -1  -1  -1  -1 207 207 207  -1  -1  -1  -1  -1  -1  -1  -1  -1  -1  -1  -1 
 40 224 224 244  -1  -1 239 239 239 250  -1 222 222  -1  -1  -1  -1  -1 237 237  -1  -1  -1  -1  -1  -1 
 41  -1  -1  -1  -1  -1  -1  -1  -1  -1  -1  -1  -1  -1  -1  -1  -1  -1 251 251 251  -1  -1  -1  -1  -1 
 42  -1  -1 266 266  -1  -1  -1 294 288  -1 281 281  -1 268 268  -1  -1 283 283 283  -1  -1  -1  -1  -1 
 43  -1  -1  -1  -1  -1  -1  -1  -1  -1  -1  -1  -1  -1  -1  -1  -1  -1  -1  -1  -1 295 295 295  -1  -1 
 44 185 273  -1 230  -1  -1  -1  -1  -1  -1  54 274  -1  -1  -1  -1  -1  96  -1  -1  -1 229  -1  -1 241 
 45  -1  -1  -1  -1  -1  -1  -1  -1  -1  -1  -1 137  -1  -1 225  -1  -1 275 313  -1  -1  -1  -1  -1  -1 
 46  -1  -1  -1  -1 311 310  -1  -1  -1  -1  -1  50  -1  -1  -1  -1 183  -1  -1 316  -1  -1  -1 270 285 
 47  -1  -1  -1  -1  -1  -1  98  -1 226 309  -1 184  -1  -1  -1 314  -1  53  -1  -1  97  -1  -1  94  -1 
 48  -1  51  -1  52  -1  -1  -1  -1  -1  -1 138  -1  -1  -1  -1  -1 143  -1  -1  -1  -1  99  -1 141  -1 
 49  -1  -1  -1  -1  -1  -1  -1  -1  -1  -1  -1  -1  -1  -1  -1  -1  -1 228 109  -1  -1   8  -1  -1  -1 
 50  -1  -1 139 140  -1  -1 181  -1 153  -1  -1  -1  -1  21  -1  -1  10  -1  -1  -1  -1  -1 269  11  -1 
 51  -1  -1  -1  -1  -1  -1  -1 308  -1  -1   9  -1  -1  -1  93  -1  -1  -1  -1  -1  -1  -1  49  -1  -1 
 52  -1 186  -1  -1  -1  -1  -1  65  -1  -1  -1   6  -1 227  -1  -1  -1  -1  -1  -1   7 142 187  -1 312 
 53  55  -1  -1  -1  -1  -1 272  -1 182  -1 271  95 315  -1  -1  -1 231  -1 197  -1  -1  -1   5  -1  -1 

r\t   0   1   2   3   4   5   6   7   8   9  10  11  12  13  14  15  16  17  18  19  20  21  22  23  24 
  0  -1  -1  -1  -1  -1  -1  -1 125 148 148  -1  -1  -1  -1  -1 257  -1   0  -1  -1  -1 176 165  -1  -1 
  1  -1  -1  -1  -1  -1  -1  58  -1 234  81  -1 278  60  60  -1  -1  23  -1 287  -1 307 247 131 248  -1 
  2  -1 170 221 146  -1  -1   1 235 113  -1  -1 240  -1  -1  -1  -1  -1 210  -1  -1  -1  14  -1  -1 261 
  3  -1  78  -1 238  -1 220 290  -1 305  -1 130  -1  -1  -1  -1 303  -1  -1  -1  -1  -1 291  -1  -1  -1 
  4  -1 296 108   3  -1  -1 233  -1  -1  -1  -1  -1  -1  20  -1  -1  -1  -1 194 301  -1  85 306  -1  -1 
  5  -1  -1  71  -1 286  -1  -1  -1  -1  -1  -1  -1 104 104  -1  -1 110 144  -1  -1  -1  -1  -1  -1  -1 
  6  -1  -1  32 166  -1  -1  -1  29  -1  -1 175 293  -1  -1  -1  -1  -1  -1  -1  -1  -1  -1  43  -1  -1 
  7  -1  -1  -1  -1  -1  -1  -1  -1  -1  -1  -1  80  -1  -1  -1  -1  -1 111 154  -1  -1 232  34  -1  -1 
  8  -1 116  -1 249  -1  -1  -1  -1 168  -1  -1  -1 147  -1  -1  -1  -1 189  83  -1  -1  -1  -1  -1  -1 
  9  -1  -1 280 280  -1  -1  -1  -1  -1  -1  -1  -1  -1 300  -1  -1 157 211  26  -1 218  47  -1  -1  -1 
 10  -1  -1 121  -1  -1  -1  -1  -1  -1  -1  -1 255  -1 262  -1  -1  -1  -1  -1  -1  -1  -1  -1  -1  -1 
 11  -1  25  -1 123 150  -1  -1  59  -1  -1  -1  89  -1  -1  -1  -1 259  -1  -1  -1  -1  -1 246  36 260 
 12  -1 102  -1 223  66  -1  -1 282  44  -1  -1  -1  -1 190  -1  -1  -1 219  -1  -1  -1 135  -1 172  -1 
 13  -1 256 299 101  -1  -1  -1  -1  70  -1  -1  -1  -1  82  -1  -1  -1  -1  -1  -1  -1  -1  -1  -1  -1 
 14  -1  -1  -1  -1  -1  -1  -1 198  57  -1  -1  41 204  -1  -1  -1  -1  -1  72  37  -1 103  -1  -1  -1 
 15  -1 277  -1  -1  -1  -1  -1  -1  -1  -1  -1  28  -1  -1  -1  -1 289 132  -1  -1  -1 122  -1  -1  -1 
 16 213  -1  -1  38  -1  -1 208  69  -1  -1  -1  -1  -1  -1  -1  -1  -1 263  -1  -1  -1 202  -1  33  -1 
 17  -1  -1  -1  -1  22  -1  -1  -1 253  -1  -1 124  -1  -1  -1  -1  -1  39  -1  -1  -1  -1  -1  -1  -1 
 18  -1  -1  -1  -1  -1  -1  -1 179  -1  -1  -1  -1  -1  -1  -1  -1  62 167 128  -1  -1  -1  -1 160  -1 
 19 236 236  -1  -1  -1  -1  -1 120 129  -1  -1 161  -1 117  -1  -1  -1  -1  -1  -1  -1 126  -1  -1  -1 
 20  -1  -1  -1  -1  -1  -1 254  -1  16  16  -1  -1  -1  -1  67  -1  -1  91 106  -1  -1  -1  -1  86  -1 
 21  -1  -1  56  -1  -1  -1 100  84  -1  -1  -1 258  -1  -1  -1 173 209  -1  -1  -1  -1 155 216  -1  -1 
 22  -1  12  -1  -1  -1  -1  -1 158  -1  -1  -1  -1  15  -1  -1  -1  -1 127  -1  -1  -1  -1  -1 201  -1 
 23  -1 205  -1  -1  -1  -1 133  -1  -1 302  -1  -1  -1  -1  -1  -1 242  -1 215 171  -1  -1  -1  -1  -1 
 24  -1 188  -1  45  -1  -1  -1 267  -1  -1  -1  -1  76  -1  -1  -1  79 114 243  -1  -1  -1  -1  -1  -1 
 25  -1 164 145 214  -1  -1  -1  -1  -1  -1  -1  13 265  -1  -1  -1  -1  -1  -1  -1  -1  -1  -1 217  -1 
 26  -1  -1 159 292 169  18  -1  -1 191  -1  -1  -1  -1 212  -1  -1 174  -1  -1  -1  -1  73 297  -1  -1 
 27  -1  -1  -1  -1  -1 192 192  -1 203  -1  -1  -1 196  -1  -1  -1  -1  -1 115  -1  -1  -1  -1  -1  -1 
 28  -1  -1  -1  64  -1  -1  -1 245  -1  87 177 199  -1 276  -1  -1  -1 279 298  -1  -1  27  -1  -1  -1 
 29  -1  40  77  -1  -1  -1 152 304  35  -1  -1  -1 284  88  -1  -1  -1 252  42  -1  -1 264  -1  -1  -1 
 30   4   4  -1  24  -1  -1  -1  -1   2   2  -1  -1  -1  -1  -1  -1  30  19  19  19  -1  -1  17  17  -1 
 31  -1  -1  -1  -1  -1  -1  -1  -1  -1  -1  -1  -1  31  31  31  -1  -1  -1  -1  -1  -1  -1  -1  -1  -1 
 32  -1  46  46  -1  -1  -1  74  -1  -1  -1  48  48  -1  -1  -1  -1  68  63  63  63  -1  -1  -1  61  61 
 33  -1  -1  -1  -1  -1  -1  -1  -1  -1  -1  -1  -1  -1  -1  -1  -1  -1  -1  -1  -1  -1  -1  75  75  75 
 34  90  90  -1  -1  -1  92  92 107 107 107  -1  -1 112  -1  -1  -1 118  -1  -1  -1  -1  -1 105 105  -1 
 35  -1  -1  -1  -1  -1  -1  -1  -1  -1  -1  -1  -1  -1  -1  -1  -1  -1  -1  -1  -1 119 119 119  -1  -1 
 36 134 134  -1  -1  -1  -1  -1  -1 136 136 149 149  -1  -1  -1  -1  -1  -1 156  -1  -1 162 151 151 151 
 37  -1  -1  -1  -1  -1  -1  -1  -1  -1  -1  -1  -1 163 163 163  -1  -1  -1  -1  -1  -1  -1  -1  -1  -1 
 38 180 180  -1 193 193 178 178 206  -1  -1  -1  -1  -1  -1  -1  -1  -1  -1 200  -1 195 195 195  -1  -1 
 39  -1  -1 207 207 207  -1  -1  -1  -1  -1  -1  -1  -1  -1  -1  -1  -1  -1  -1  -1  -1  -1  -1  -1  -1 
 40 224 224  -1  -1  -1  -1  -1  -1 222 222  -1  -1 237 237  -1  -1 244  -1 250  -1  -1  -1 239 239 239 
 41  -1  -1  -1  -1  -1  -1  -1  -1  -1  -1  -1  -1 251 251 251  -1  -1  -1  -1  -1  -1  -1  -1  -1  -1 
 42 266 266  -1  -1  -1 281 281 288 294  -1 268 268  -1  -1  -1  -1  -1  -1  -1  -1  -1  -1 283 283 283 
 43  -1  -1  -1  -1  -1  -1  -1  -1  -1  -1  -1  -1  -1  -1  -1 295 295 295  -1  -1  -1  -1  -1  -1  -1 
 44  -1  -1 138  -1  -1  -1  -1  -1  -1  -1 230  -1  -1  -1  -1  -1  -1  -1  -1  -1  -1 231  -1 187  -1 
 45  -1  -1 270  -1  -1  -1 227  -1  -1  -1  -1  -1  -1  -1  -1  -1 153  -1  -1  -1  -1  -1 313  -1  -1 
 46  -1  -1  -1 273  -1  -1  -1  -1  -1 185  99  -1 183  -1  -1  -1 197  -1  -1  -1  -1  65  -1  -1  -1 
 47  55  -1  -1  -1  -1  -1 269  -1 186  -1 140  -1  97 274  -1  -1 314  -1  -1 241  -1  98  -1 225  -1 
 48  -1  -1  -1  93  -1  -1  -1 139  -1  -1  -1 226  -1  52  -1  -1  -1  -1  -1  -1  -1  -1  -1  -1  -1 
 49  -1  -1   9  -1  -1  -1  -1  51  -1  -1  -1  -1  -1 184 315  -1  -1 181  -1 310 316  -1  -1 142 312 
 50  -1  -1 182  -1 311 143  49  -1  -1  -1  -1  -1  -1  -1  -1  -1  -1  -1  -1 285  -1   8  -1   6  -1 
 51  -1  -1  -1  -1  -1 275  -1  11  -1  54  -1  -1  53  -1  -1  -1  -1  -1  -1  -1  -1  -1  -1  96  -1 
 52  -1  -1  95 137 109  -1  -1 229  94  -1   7 141  -1  -1  -1 309  -1  -1 308  -1  -1  -1  -1  -1  -1 
 53  -1  -1  -1  21  -1  50  -1  -1 272 271  -1  10   5  -1  -1  -1  -1 228  -1  -1  -1  -1  -1  -1  -1 

r\t   0   1   2   3   4   5   6   7   8   9  10  11  12  13  14  15  16  17  18  19  20  21  22  23  24 
  0  -1 190  80  -1  -1  -1  -1  -1  -1  -1  -1 159  -1  -1  -1  -1  73  -1 113  -1  -1 147 286  -1  -1 
  1  -1  -1  -1  -1  -1  -1 167  77 125  -1  -1 205  -1  -1  -1  -1  64 198  -1  -1  -1 111  -1  -1  -1 
  2 155  -1  -1  -1  -1  -1  -1  87  -1  -1  -1  47  -1 265  -1  -1  -1  27  -1  -1  -1  -1  -1  -1  -1 
  3  -1 298  -1 289  -1  -1 264 291 297  -1  -1 188 191 172  -1  -1  -1  36 165  -1  -1  -1  -1  -1  -1 
  4 263  -1  42  -1  -1 221  -1  -1  -1  -1  -1 245   3  -1  -1  -1  -1  -1  -1  -1  -1  26 128  -1  -1 
  5  -1  -1  -1  -1  -1  -1  29 210  -1  -1  -1  -1  28  -1  -1  -1 108  -1  -1  -1  -1  -1  -1 262  -1 
  6  -1  -1  -1 166  -1  -1 150  -1  -1  -1  -1  34  -1  14  -1  -1  -1  -1 202  -1  -1 161 106  -1  -1 
  7 257  -1  -1  -1  -1  -1  -1  -1  -1  -1  -1  -1  -1 104 104  -1  -1  -1  -1  -1  -1 212  -1 121  -1 
  8  -1  -1  -1  -1  -1  -1  57  -1 157  -1 242 292  -1  -1  -1  -1  -1  -1  37  -1  -1  -1  -1  -1  -1 
  9 126  -1  -1  76  -1  -1  -1 305  -1 127  -1 267 233  -1  -1  -1 219 120  -1  -1  -1  -1  -1  -1  -1 
 10  -1 232  -1 279  -1  -1  20 304  -1  -1  -1  13  -1  -1  -1  -1 160  -1  -1  -1  22  -1  -1 299  -1 
 11  67  -1 130  -1  -1  -1  -1 145  -1  -1  -1 258  -1  -1 282  -1 152  -1  -1  -1  -1 302  -1  -1  -1 
 12  -1  -1 252  81  84  -1  -1  -1 213  -1  -1  89  -1 253  -1 174 256  -1 177  -1  -1  -1  -1  59  -1 
 13  -1 255  -1 102  -1  -1  -1  -1  -1  -1  -1  -1  -1  -1  -1  45   0  -1  -1  -1  -1  -1  -1 278  -1 
 14  18  -1  -1  -1  -1  -1  -1 254  -1  -1  -1  -1  -1  79  -1  -1 290  -1  -1  -1  -1  -1  23  -1  -1 
 15  -1  70  -1  -1  -1  -1 135 217  -1 301  -1  -1 300  -1  -1  -1  -1  -1  -1  -1  -1 277 209 201  -1 
 16  -1  -1  -1  -1  38  -1  -1 236 236  -1  -1  -1  44  -1  -1 131 303  -1 284  -1  -1  -1  78 100  -1 
 17  -1 168  32  -1  -1  -1  -1  -1  71  -1  -1 144  -1  -1  -1  -1 240  -1  43 259  -1  56  -1  -1  -1 
 18  -1 260 148 148  -1  -1  -1  -1  -1  -1  -1 114 276  -1  -1  -1 203  -1  -1  -1  -1  -1 116  -1  -1 
 19  -1  -1 307  -1  -1  -1  -1  -1 194  -1  -1  69 110  -1  -1  -1  -1  -1  -1 175  -1  -1  -1 247  -1 
 20  -1  -1  -1  -1  -1  -1  -1  -1  -1  -1  -1  -1 132  35  -1  -1  -1  -1  -1  -1  -1  -1  -1  -1  -1 
 21  -1  -1  -1  -1  -1  -1 211  -1 154 214  -1  -1  -1  -1 306  -1  33  -1 146  -1  -1  -1  -1  82  -1 
 22  -1 176 216  -1  -1  -1  -1 101  -1 218  -1  -1  -1 164  -1  -1 173  -1  -1  -1  -1  15  -1  -1  -1 
 23  -1  66 243 208  -1  -1 293  -1  -1  -1  -1  -1  -1 115  -1 280 280 287  -1  -1  -1  91 296  -1  -1 
 24  -1 122  58 234  41  -1  72  -1  -1  -1  39  -1  60  60  -1  -1  -1  -1  -1  -1  -1  -1  -1  88  -1 
 25  -1 204  -1  25  -1  -1  -1  -1  -1 129  -1  85  -1 215  -1  -1  -1 171 196  -1  -1  -1 246  -1  -1 
 26  -1 103 223  -1  -1  -1 189  -1  -1  -1  -1  -1 220  -1  83  40  -1  -1  -1  86  -1  -1  -1  -1   1 
 27  -1 133  16  16  -1  -1 117  -1 170  -1  -1 235  -1  -1  -1  -1 179  -1  -1  -1  -1 248  -1 169  -1 
 28  -1  -1 192 192  -1  -1  -1 124 249 238  -1  -1  -1  -1 261  -1 199  -1  -1  -1  -1  -1  62  -1  -1 
 29  -1  -1  -1  -1  -1  -1  -1  -1  -1  -1  -1  -1 158  -1  -1  -1  12  -1  -1  -1  -1 123  -1  -1  -1 
 30  -1  24  -1   4   4   2   2  -1  17  17  -1  -1  -1  -1  -1  -1  -1  19  19  19  -1  -1  30  -1  -1 
 31  -1  -1  -1  -1  -1  -1  -1  31  31  31  -1  -1  -1  -1  -1  -1  -1  -1  -1  -1  -1  -1  -1  -1  -1 
 32  -1  -1  48  48  -1  46  46  63  63  63  -1  -1  -1  68  -1  -1  -1  61  61  -1  -1  -1  -1  74  -1 
 33  -1  -1  -1  -1  -1  -1  -1  -1  -1  -1  -1  -1  -1  -1  -1  -1  -1  75  75  75  -1  -1  -1  -1  -1 
 34  -1  -1  -1  90  90 105 105  -1 112  -1  -1  -1 118  -1  -1  92  92 107 107 107  -1  -1  -1  -1  -1 
 35 119 119 119  -1  -1  -1  -1  -1  -1  -1  -1  -1  -1  -1  -1  -1  -1  -1  -1  -1  -1  -1  -1  -1  -1 
 36  -1  -1  -1 134 134  -1  -1 156  -1  -1  -1  -1 151 151 151 136 136  -1 162  -1  -1  -1 149 149  -1 
 37  -1  -1  -1  -1  -1  -1  -1  -1  -1  -1  -1  -1  -1  -1  -1  -1  -1  -1  -1  -1  -1  -1 163 163 163 
 38  -1  -1 206 178 178 180 180  -1 200  -1  -1  -1  -1 193 193  -1  -1  -1  -1  -1  -1  -1 195 195 195 
 39  -1  -1  -1  -1  -1  -1  -1  -1  -1  -1  -1  -1 207 207 207  -1  -1  -1  -1  -1  -1  -1  -1  -1  -1 
 40  -1  -1  -1 222 222  -1 244  -1  -1  -1  -1  -1 250  -1  -1 224 224 237 237  -1  -1  -1 239 239 239 
 41  -1  -1  -1  -1  -1  -1  -1  -1  -1  -1  -1  -1  -1  -1  -1  -1  -1 251 251 251  -1  -1  -1  -1  -1 
 42 281 281  -1  -1  -1  -1  -1 283 283 283  -1  -1  -1  -1  -1 266 266  -1 294  -1  -1 288  -1 268 268 
 43  -1  -1 295 295 295  -1  -1  -1  -1  -1  -1  -1  -1  -1  -1  -1  -1  -1  -1  -1  -1  -1  -1  -1  -1 
 44  -1 225  -1  -1  -1  -1  -1  -1  -1 197  -1 230  -1  -1  -1  -1  -1  -1  -1  -1 310  -1  -1  -1  -1 
 45  -1  -1   9  -1  49  -1  -1  -1  -1  -1  -1 285 274  10  -1  -1  -1 313  -1  -1  -1  -1  -1  -1  -1 
 46  -1  -1  -1  -1  -1  -1  99  -1 311  -1  -1 142  21  98  -1  -1  -1 153  -1  -1  -1   7  -1   8  93 
 47 315 269  -1  -1  -1  -1  -1  -1  -1  -1 308  -1  -1  -1  -1  -1  -1  -1 271 312  -1 140  -1 231  55 
 48  -1  -1  -1  -1  -1 275 226 137  -1  -1  -1  65  -1  -1  -1  -1  -1  -1  95  -1  -1  -1  -1 141  -1 
 49  -1  -1 139  -1  -1  -1  -1  96  -1  -1  -1 187  -1  51  -1  -1  50  -1 143  -1 241  -1  -1  -1  -1 
 50  -1  -1 272  -1  -1  97  -1  -1 109 309  -1  -1  -1 181  -1  -1  -1  -1  -1  -1  -1 183 314  -1  -1 
 51  -1  94  -1  -1  -1  -1  -1 185  -1  -1  -1  -1  -1  -1  -1  -1  -1  -1  -1  -1  -1 228  -1  53  -1 
 52  -1   5 184  -1  -1  -1  -1 229  -1  -1  -1  -1  -1  -1  -1  11  -1  -1  54  -1  -1  52  -1 182  -1 
 53  -1  -1  -1 270  -1 138  -1  -1  -1  -1  -1   6  -1 227 316 186  -1  -1  -1  -1  -1 273  -1  -1  -1 

r\t   0   1   2   3   4   5   6   7   8   9  10  11  12  13  14  15  16  17  18  19  20  21  22  23  24 
  0  -1 196  -1  -1  -1  44 125  -1  -1  -1  -1  87  -1  -1  -1  -1  -1  -1  -1  -1  -1  -1  -1 147  -1 
  1  -1  -1 284 279  -1  -1  -1 129  72  -1  -1 110  59 235  -1  -1  -1  -1  -1  -1  -1 287  -1  -1  -1 
  2  -1 144  -1 289  66  -1  -1  -1  -1  -1  22  -1  -1 278  -1  -1  69  -1  -1  -1  -1  -1  16  16  -1 
  3  -1  -1  -1  -1  -1  -1 179  -1  -1  -1  -1  35  -1  -1  -1  62 245 262  -1  82  -1  -1  -1  67 260 
  4  -1  -1  -1  56  -1  -1  -1 301  -1  -1  -1  -1 233  -1  -1  -1  -1  -1  60  60  -1 123  -1  76  -1 
  5  -1 253  -1  89  -1  -1 170  27  43  -1  -1  -1  -1  -1 221  -1  -1 211 292  -1  -1  85  -1 121  -1 
  6  -1  -1 124  78  -1  -1  -1  -1  -1  -1  -1  -1 152  -1  -1  -1  -1  -1  -1  -1  -1  -1 236 236  -1 
  7  -1  -1  -1 154  -1  -1 256  -1 291  -1  -1 212 290 213  -1 216  -1  -1  28  -1  -1  -1  -1  34  -1 
  8  -1  -1 201  -1  -1 175  -1  -1 122  -1  -1  -1 246  -1  -1  -1 190  -1  -1  -1  -1  12  -1  -1  -1 
  9  -1 169 188  -1  -1  -1  -1  -1  -1  -1  -1  -1  -1  -1  -1  -1  -1  -1  84  -1  -1  -1  -1  -1  -1 
 10  -1 276  45  -1  -1  -1   3  -1  -1  -1  -1  -1  -1  -1  -1  -1 264  -1  -1  -1 259  -1 305  -1  -1 
 11  -1  25  -1 114  -1  -1  -1  -1  -1  -1  -1  -1 208  -1  -1 242 155  -1 164  -1  -1   0 220  -1  -1 
 12  -1 232 102  -1  -1  37  -1  -1  -1  -1  -1 174 265 101 263  -1  -1  38 205  -1  -1 267  -1 209  -1 
 13  -1  -1  -1  -1  -1  -1  33 218  -1  -1  -1  80  -1 204  -1  -1 127  -1  -1  -1  -1  26  -1  -1 238 
 14  -1 298  -1  -1  -1  -1  -1 297  -1  -1  -1 199  -1  -1  -1  -1  -1 243 254  -1  -1  -1  -1 280 280 
 15  -1 115  -1  -1  -1  -1  -1  -1 165  -1  -1 282 168  -1  -1  -1 234  -1  -1  -1  -1  -1 300  -1  -1 
 16  -1  -1  -1  -1  -1  -1 293 194  -1  -1  -1  -1  -1  88  83 128  -1 223  -1  -1  -1 161  -1  -1  -1 
 17  -1 202 248 247  -1  -1  40  -1  -1  -1  -1  -1  -1  -1  -1  -1  -1  -1  -1  -1  -1  -1  -1  -1  -1 
 18  -1  -1  -1 219  -1  -1 146  -1  39  -1  -1  -1 133  70  -1  -1 277  -1  -1  -1  -1  -1 116  -1  -1 
 19  -1 103  -1  32  -1  -1  -1 306  -1  -1 148 148  -1  -1  -1  -1  86 113 108  -1  -1  -1 104 104  -1 
 20  -1  58  -1  -1  -1 176  18 203 189  -1  -1  -1  -1  -1  -1  -1 296 210  -1 106  -1  -1  -1  47  -1 
 21  -1  -1  14  -1  -1  -1  64 150  -1 303  -1  -1  -1  -1  -1 257  -1 132 131  -1  -1  -1 255  -1  -1 
 22  -1 157  -1  -1  -1  -1  -1  36  -1  -1  -1  -1 100  57  -1  -1  -1  -1 120  -1 173  -1 191  -1  -1 
 23  -1  -1  -1  -1 198  -1 240  -1  -1  -1  -1  81  -1  -1  -1 215 135 217  73  -1  -1  -1  -1  -1 171 
 24  -1  -1  -1  -1  -1  -1  -1  -1 126  -1  -1  -1  29  -1  -1  -1 158 159  -1  -1  -1  -1  -1  -1  -1 
 25  -1  -1  -1 177  -1  -1  77 172  -1  -1  -1  23  -1  -1  -1  -1  20 192 192  -1  -1 252  -1  -1  -1 
 26  -1  -1  -1  42  -1  -1 111  -1  -1  -1  -1  -1  -1 307  -1  -1  -1 299  -1  -1 286  -1  -1  -1  -1 
 27  -1  -1  -1  -1  -1  -1  91 160 145  -1  -1  -1  15 166  -1  -1  -1  -1  -1  -1  -1  -1  -1  -1  -1 
 28  -1  -1  -1 167  -1  -1  41  -1  -1  -1  -1 249  -1  -1   1  -1  -1  -1 302  -1  -1  -1  -1 304  -1 
 29 261  -1  -1  -1  -1  -1  -1  71  -1  -1  -1  -1 117  -1 130  -1 258  79  13  -1 214  -1  -1  -1  -1 
 30   4   4  24  17  17  -1  -1  19  19  19  -1  -1   2   2  -1  -1  -1  -1  -1  -1  -1  -1  30  -1  -1 
 31  -1  -1  -1  -1  -1  -1  -1  -1  -1  -1  -1  -1  -1  -1  -1  31  31  31  -1  -1  -1  -1  -1  -1  -1 
 32  -1  74  -1  -1  -1  -1  -1  63  63  63  -1  -1  68  48  48  -1  46  46  -1  -1  61  61  -1  -1  -1 
 33  -1  -1  -1  -1  -1  -1  -1  -1  -1  -1  -1  -1  -1  -1  -1  -1  -1  -1  -1  -1  75  75  75  -1  -1 
 34  92  92  -1  -1  -1  -1  -1  -1 105 105  -1 112  -1 118  -1 107 107 107  -1  -1  -1  -1  90  90  -1 
 35  -1  -1  -1  -1  -1  -1  -1 119 119 119  -1  -1  -1  -1  -1  -1  -1  -1  -1  -1  -1  -1  -1  -1  -1 
 36 136 136 156  -1  -1 134 134  -1 162  -1  -1  -1  -1  -1  -1  -1  -1 151 151 151 149 149  -1  -1  -1 
 37  -1  -1  -1  -1  -1  -1  -1  -1  -1  -1  -1  -1  -1  -1  -1  -1  -1  -1  -1  -1  -1  -1 163 163 163 
 38 178 178  -1  -1  -1  -1 206  -1 200  -1  -1  -1 195 195 195  -1  -1 180 180  -1  -1  -1  -1 193 193 
 39  -1  -1  -1  -1  -1  -1  -1  -1  -1  -1  -1  -1  -1  -1  -1  -1  -1  -1  -1  -1 207 207 207  -1  -1 
 40 224 224 239 239 239  -1  -1 237 237  -1  -1  -1 222 222  -1  -1  -1 250  -1  -1  -1  -1  -1 244  -1 
 41  -1  -1  -1  -1  -1  -1  -1 251 251 251  -1  -1  -1  -1  -1  -1  -1  -1  -1  -1  -1  -1  -1  -1  -1 
 42 266 266  -1  -1  -1 268 268 283 283 283  -1  -1  -1 294  -1  -1  -1 281 281  -1  -1  -1  -1 288  -1 
 43  -1  -1 295 295 295  -1  -1  -1  -1  -1  -1  -1  -1  -1  -1  -1  -1  -1  -1  -1  -1  -1  -1  -1  -1 
 44  54  -1 230  -1  -1  11  -1 313  -1  -1 285  -1  -1  -1  -1  -1  95  -1  51  -1  -1  -1 275  -1  -1 
 45  -1  -1   9  -1  -1  -1 197  -1  -1  -1  -1  -1  49 269  -1  -1 226  -1  -1  -1  -1  -1   7  -1  -1 
 46  -1  55  -1   5 109  -1  -1  -1  -1 314  -1 315  -1  -1  -1  -1  -1  -1  -1  -1  -1  -1  -1 182  -1 
 47  -1  -1  -1  -1  -1  99  53  -1  -1  -1  -1  -1  -1 183 271  -1  -1  -1 225  -1  -1  52  -1  -1  -1 
 48  -1  -1 185  -1  -1  -1  -1  -1 143  -1  -1 241  -1  -1  -1  -1  -1  -1  -1 308  -1  -1  -1 227  -1 
 49  -1  -1  94  -1  -1  -1  -1  -1  -1  -1  -1  -1 184  -1  97  -1  -1 274  -1  -1  -1 229 181 141  -1 
 50  -1  -1 272  50 153  -1  -1  -1  -1  -1  -1  65  -1 137  -1 312  -1  -1 270  -1 309  98  -1 273 310 
 51  -1  -1  -1  -1  -1  -1 231  -1  -1  -1  -1  -1  93  -1  -1  -1  -1  -1   6  -1  -1 142  -1  -1  -1 
 52  -1  -1 140  -1  -1  -1  -1  -1 186  -1  -1  -1  -1  -1 138  -1  -1  10 139  21  -1  -1  -1  -1  -1 
 53  -1  -1  -1  -1 311 228  -1  -1  -1  -1 316  -1  -1  -1  -1  -1 187  -1  96  -1  -1  -1  -1   8  -1 

r\t   0   1   2   3   4   5   6   7   8   9  10  11  12  13  14  15  16  17  18  19  20  21  22  23  24 
  0  -1  -1  -1  -1  -1  -1  -1  60  60  -1  -1  -1  -1 253  -1  -1  -1  -1  -1  -1 126 293  57  85  -1 
  1  -1  -1  -1  -1  -1  -1  -1  -1  -1  -1  -1  -1 108 300  -1  -1  -1  -1 159  -1  -1  -1  -1  -1 265 
  2  -1 201  -1  -1  -1 221  -1  -1  -1  -1  -1  28  34  -1  -1  -1  73  -1  -1  -1  -1  -1  -1 258  -1 
  3  -1  -1  43  -1  -1 128  56  -1 210  -1  -1 124  -1  -1  81  -1  -1  -1  -1  -1  -1  -1  -1 147  -1 
  4  -1  -1 154 179  -1  -1 145 242  -1  -1 307  -1  -1 189  -1  -1 199  -1  -1  -1  -1  -1  -1  -1  -1 
  5  -1 123  88  -1  -1  -1 298  -1  -1  -1  -1  -1  -1  -1  -1  -1  18  16  16  -1  -1  -1  -1  -1  -1 
  6  -1  -1  -1 133  -1  -1 157  -1 235 150  -1 144  14  64  -1  -1  -1 290  -1  -1  -1  -1  -1  20  -1 
  7  67 286  -1 194  -1  -1  -1 277  -1  -1  -1  71 204 132  -1  -1 287  -1 216  -1  -1 254 291 215  -1 
  8  -1 243 188 264  -1  -1 267   3  -1  -1  -1 166  -1 168  44  -1  -1  -1  -1  -1  -1  -1  -1  -1  -1 
  9  -1  -1 160 205  -1  -1  -1  -1 211  -1  -1  -1  -1 102 111  -1  37  -1  -1  -1 238  -1  -1  83  -1 
 10  -1  -1  -1 116  -1  -1  -1  -1  -1  -1  -1  89  76  -1  -1  -1  -1  -1 219  -1  -1 214 240  -1  -1 
 11  -1  -1  -1  -1  -1  -1  -1  -1  -1  -1  -1  -1  41  -1  -1  -1  -1 248  -1  -1  -1  -1  -1  -1  -1 
 12  -1 165  -1  -1 263 174 306 208 170  -1  -1  -1  -1  -1  -1  -1  -1  -1  -1  -1  -1  -1 245  -1  -1 
 13  -1 213 121  80  -1  -1 117 192 192  -1  -1  -1  -1  -1  -1  -1  -1  -1  82  -1  -1 278  -1 209  -1 
 14 261  -1  -1  -1  -1  -1 172  -1  -1  -1  -1 252 255  -1  -1  -1  -1  -1  25  -1  42  -1 122  -1 262 
 15  -1  -1 101  12  -1  -1 234  -1   1 302  -1  -1 148 148  -1  -1  40  -1  -1  -1  -1  -1  -1  -1  -1 
 16  -1 198  33  87  -1  -1  -1 289  -1  -1 177  -1 114  77  -1  -1 120  -1  -1  -1  -1  -1  78  -1  -1 
 17  -1 127  -1  91  -1  -1  -1  23  -1  -1  -1 233  -1  13  -1  -1  -1  -1  -1  -1  -1  -1 173 217  -1 
 18  -1  -1  70  -1  -1  -1  -1 104 104  -1 169  -1  -1  -1  -1  -1  -1  -1 130 106  -1 175  -1 196  -1 
 19  -1 256  -1  -1  -1  -1  -1  -1  -1 110  -1  -1 236 236  -1  -1  -1  -1  -1  -1  -1  -1  -1 297  -1 
 20 305  69 299  -1  -1  -1  -1  -1  -1  -1  -1  -1  -1  -1 220  -1  32 164  -1 260  -1  -1  -1  -1  -1 
 21  -1  -1  36  45  -1  -1 190  -1  -1  -1  -1  -1  -1 115  -1  -1  -1  -1   0  -1  -1  -1  -1  58  -1 
 22  -1 296  -1  27  -1  -1  -1  -1 279  -1  -1  -1  -1  -1  -1  -1 158 303 125  -1  -1  -1  -1 249  -1 
 23  -1  -1  -1  -1  -1 304  15 129 167  -1  -1  -1  -1  35  -1  -1 155 202  -1  -1  -1  -1 276  -1  -1 
 24 282  -1 135  -1  -1  -1 218  -1  -1  -1  -1 191  -1  -1  -1  -1  62  -1  -1  -1  -1 103  -1 100 171 
 25  -1  -1  47  -1  -1  -1  86  -1 146  -1  -1  -1  -1 131  -1  -1  -1  -1 246  -1  -1  -1  84  29  -1 
 26  -1  -1  -1  -1 301  -1  -1  -1  -1  22  -1  -1  -1  -1  -1  -1  -1  -1  -1  -1  -1  -1  -1  -1  -1 
 27  -1  -1  -1 152  -1  -1  72  79  -1  -1  -1  -1  -1  -1  38  -1  -1  -1  -1  -1  -1  -1  -1 161  -1 
 28  -1  -1  -1 292  -1  -1  -1  -1  26  -1  -1  -1  -1  -1  -1  -1 247 113  -1  -1  -1  59  -1 284  -1 
 29  39  66 280 280  -1  -1  -1 223 176  -1  -1  -1  -1 212 257  -1 203  -1  -1  -1  -1 232  -1 259  -1 
 30  19  19  19  -1  -1  -1  30  -1  -1  -1   4   4  -1  -1  -1  -1  -1  24  -1  -1  17  17  -1   2   2 
 31  -1  -1  -1  -1  -1  -1  -1  -1  -1  -1  -1  -1  -1  -1  -1  -1  -1  -1  -1  -1  31  31  31  -1  -1 
 32  -1  -1  -1  -1  -1  48  48  68  -1  -1  63  63  63  -1  -1  -1  -1  61  61  -1  -1  74  -1  46  46 
 33  -1  -1  -1  -1  -1  -1  -1  -1  -1  -1  -1  -1  -1  -1  -1  -1  -1  75  75  75  -1  -1  -1  -1  -1 
 34 105 105  -1  -1  -1  92  92 118 112  -1  -1  -1  -1  -1  -1 107 107 107  -1  -1  -1  -1  -1  90  90 
 35  -1  -1  -1  -1  -1  -1  -1  -1  -1  -1  -1  -1  -1  -1  -1  -1  -1  -1  -1  -1 119 119 119  -1  -1 
 36  -1 162  -1  -1  -1 136 136 156  -1  -1  -1  -1  -1  -1  -1  -1  -1 151 151 151 149 149  -1 134 134 
 37  -1  -1  -1  -1  -1  -1  -1  -1  -1  -1  -1  -1  -1  -1  -1  -1  -1  -1  -1  -1 163 163 163  -1  -1 
 38  -1  -1 206  -1  -1 178 178  -1  -1  -1  -1 200  -1 180 180  -1  -1 195 195 195 193 193  -1  -1  -1 
 39  -1  -1  -1  -1  -1  -1  -1  -1  -1  -1  -1  -1  -1  -1  -1  -1  -1  -1  -1  -1 207 207 207  -1  -1 
 40  -1  -1 237 237  -1  -1 250  -1 244  -1 222 222  -1  -1  -1  -1  -1 239 239 239  -1  -1 224 224  -1 
 41  -1  -1 251 251 251  -1  -1  -1  -1  -1  -1  -1  -1  -1  -1  -1  -1  -1  -1  -1  -1  -1  -1  -1  -1 
 42  -1  -1  -1  -1  -1  -1  -1 288  -1  -1 281 281  -1 266 266  -1 294 283 283 283  -1  -1 268 268  -1 
 43  -1  -1  -1  -1  -1  -1  -1  -1  -1  -1 295 295 295  -1  -1  -1  -1  -1  -1  -1  -1  -1  -1  -1  -1 
 44  -1  -1  -1  -1  -1  -1  -1 182  -1  -1  99 183 137  -1  -1  -1  -1  -1  -1  -1 312 231  -1  -1  -1 
 45  -1 311  65  -1  -1  -1  -1  54 142  -1  -1  -1  -1  -1  -1  -1  -1  -1  -1  -1  -1  51  -1  -1  -1 
 46  -1  -1 275  -1 309  -1  -1  -1  -1  -1 143  -1  -1  97 138  -1  -1  -1  96  -1  -1 181  -1  -1 228 
 47 310  -1 226  -1  -1   9  -1  98 230  -1  -1  -1 197   8  -1  -1  -1  -1  -1  -1  -1  11  -1  -1 185 
 48  -1  -1  -1  -1  -1  -1 225 140 269  -1  -1  -1  10  -1  21  -1  -1  -1 141 316  -1  -1  -1  -1  -1 
 49  -1  -1   7 109  -1  -1 285  -1  93  -1  -1  -1  -1  -1  -1  -1 241  -1  -1  -1  -1  -1  -1  -1  -1 
 50  -1  -1  -1  -1  -1  -1  -1  -1  -1  -1  -1  -1  49  -1  -1  -1  -1  -1 184  -1  -1  -1  -1  -1  -1 
 51  -1 153  -1   5  -1  -1  -1  -1  -1  -1  -1 139 270  52  -1 314  -1  -1  53  -1  -1 274  55 187  -1 
 52  -1  -1  -1  -1  -1 271   6  -1  50 315  -1  -1 229 227  -1  -1 308 313 273  -1  -1  -1  -1  -1  -1 
 53  -1  -1 186  -1  -1  -1  -1 272  -1  -1  -1  -1  94  -1  -1  -1  -1  -1  -1  -1  -1  -1  95  -1  -1 

r\t   0   1   2   3   4   5   6   7   8   9  10  11  12  13  14  15  16  17  18  19  20  21  22  23  24 
  0  -1  -1 221 168  -1  -1 240 214  -1 286  -1  58 235  -1 199  -1 212  -1 157  -1  -1  -1  -1  -1  -1 
  1  -1 247  -1  -1  -1  -1  -1  33  -1  -1  -1 233  78 277 150  -1  -1 201  -1  -1  -1  -1  -1  13  -1 
  2  -1  -1 291 236 236  -1  -1 192 192 216  -1 298  -1  26  -1  -1 173 113 242  -1  -1  -1  -1 131  -1 
  3  -1 263  34  -1  -1  -1  -1  -1  69  -1  -1 279  -1  -1  -1  -1  -1  -1 204  -1 265 123  -1  -1  -1 
  4  -1 158 117  -1  -1  -1  -1  -1  87  -1  -1  -1 179 175 301  83  -1  -1  47  -1  -1  32  18 147  37 
  5  -1  -1  -1  16  16  -1  -1  -1  36  -1  -1  -1  -1 234  -1  -1 154  -1 120  -1  -1 101 307  59  -1 
  6  -1  23  -1  -1  -1 305 129  -1 292  -1  -1 217  -1 115  22  -1  79  -1  -1  -1  -1  81  -1  -1  -1 
  7  -1 276  -1  -1  -1  -1 296  -1  -1  -1  -1  -1 255  45  -1  84 220  -1  -1  -1 177  -1  -1  -1  -1 
  8  -1  -1 246  80  -1  -1  -1 169  -1  -1  -1 261  -1 160  -1  -1  88  -1  -1  -1  -1  -1  -1 202  -1 
  9  -1  71  -1  -1  -1  -1  -1  -1 164  -1  -1  -1   1 208  -1  -1  -1  62  -1  -1  -1  -1  -1 300  -1 
 10  -1  -1  72  -1  -1  -1  -1  -1   0  -1  -1  -1  -1  -1 174  -1  -1  -1  -1  -1  39  -1  -1  -1  -1 
 11  -1  -1  -1  -1  -1  -1  82 264  -1  -1  -1  -1 194 215  -1  -1  -1  -1  73  -1  -1  70  -1  25  -1 
 12  38  -1  -1 278  -1  -1 159  -1  -1  -1  -1  -1 111  -1  -1  -1  -1  -1  -1  -1 155  -1  -1  -1  -1 
 13  -1 191  -1  -1  -1 218 209 170 302 262  -1 258  42 125  -1  -1 171  -1 223  -1  -1  14  -1  -1  -1 
 14  -1  91  -1  -1  -1  85  -1  -1 256  -1  -1  -1  -1 188 259  -1  -1 167  -1  -1  -1  -1  -1  -1  -1 
 15  -1 297  -1  -1  89  -1  -1  -1  -1  -1  -1 210  -1  -1  -1  -1  -1 243 219  -1  -1  -1  -1  -1  -1 
 16  -1  -1 284  -1  -1  -1  -1 280 280  -1  -1  -1 304  -1  -1  -1  -1  -1  -1  -1  -1  -1  -1  -1  -1 
 17  -1  -1  -1 190  -1  -1  -1 108 122  -1  -1 100  20  -1 303  -1  -1  -1  -1  -1  -1 161  -1  -1  -1 
 18  -1  -1  -1  64  -1 198  -1  -1  -1  -1  -1  -1  -1  -1  -1  -1 254  -1  -1  -1  -1  -1  -1 121  -1 
 19  -1 110  -1 132  -1  -1  -1  -1  12  -1  -1 114  -1  -1  -1  -1  57  -1 189  -1  -1 253 152  -1  -1 
 20  -1 133  -1  -1  -1  -1  -1 166 203  -1  -1  -1  43  -1  -1  -1  -1 248  -1  -1  -1  -1  -1  -1  -1 
 21  -1  44  -1  -1  -1  -1  -1  -1  -1  -1  -1  -1  -1  -1  -1 282  -1 172  -1  -1  -1  -1  -1  -1  -1 
 22  -1   3  -1 124  -1 287  76 176  -1  67  -1  -1  -1  15  -1  -1  -1  -1  77  -1  -1  -1  -1  -1  -1 
 23  -1 213 104 104  -1  -1  -1 299  -1  -1  -1  -1 146 260  -1  -1  -1  -1  29  -1  -1  -1  -1  -1  40 
 24  -1  -1  -1  -1  -1  -1  -1  -1  -1  -1  -1  -1 267  -1  -1  -1  -1 306  -1  -1  60  60  -1  -1  -1 
 25  -1  28  -1  -1  -1  -1  -1  -1 103  -1 128 252  -1 102  -1 106  -1  -1 249  -1  -1  -1  -1  -1  -1 
 26  -1  -1 196  35  -1  -1  -1 148 148  -1  -1  -1  -1  -1  -1  -1  -1  -1 130  -1  86  -1 116  -1  -1 
 27  -1  -1  -1 205  -1 257  -1  -1 126  -1  -1  -1 165  -1  66  -1  -1  -1 144  -1  -1  -1  -1  -1  -1 
 28  41  -1  -1 293  -1  -1  -1  -1  27  -1  -1  -1  56 145  -1  -1 135  -1  -1  -1  -1 290  -1  -1  -1 
 29  -1 238  -1  -1  -1  -1  -1  -1  -1  -1  -1 211  -1 289  -1  -1  -1 127  -1  -1  -1  -1 245 232  -1 
 30  -1  -1  -1   4   4  19  19  19  -1  -1  -1  30  -1  -1  -1  -1  -1  17  17  -1   2   2  24  -1  -1 
 31  -1  -1  -1  -1  -1  -1  -1  -1  -1  -1  -1  -1  -1  -1  -1  31  31  31  -1  -1  -1  -1  -1  -1  -1 
 32  63  63  63  46  46  61  61  48  48  -1  -1  74  -1  -1  -1  -1  -1  68  -1  -1  -1  -1  -1  -1  -1 
 33  -1  -1  -1  -1  -1  -1  -1  -1  -1  -1  -1  -1  -1  -1  -1  -1  -1  -1  -1  -1  -1  -1  75  75  75 
 34  -1 112  -1  -1  -1  -1  -1  -1  -1  -1  92  92 118  -1  -1  -1  -1 107 107 107  90  90 105 105  -1 
 35  -1  -1  -1  -1  -1  -1  -1 119 119 119  -1  -1  -1  -1  -1  -1  -1  -1  -1  -1  -1  -1  -1  -1  -1 
 36  -1  -1 151 151 151 149 149 136 136  -1 134 134 162  -1  -1  -1 156  -1  -1  -1  -1  -1  -1  -1  -1 
 37  -1  -1  -1  -1  -1  -1  -1  -1  -1  -1  -1  -1  -1  -1  -1  -1  -1  -1  -1  -1  -1  -1 163 163 163 
 38  -1  -1  -1 180 180  -1  -1 200  -1  -1 178 178  -1  -1  -1 193 193  -1  -1  -1  -1 206 195 195 195 
 39 207 207 207  -1  -1  -1  -1  -1  -1  -1  -1  -1  -1  -1  -1  -1  -1  -1  -1  -1  -1  -1  -1  -1  -1 
 40  -1  -1  -1 222 222  -1  -1 237 237  -1 224 224  -1 244  -1  -1  -1  -1  -1  -1 239 239 239 250  -1 
 41  -1  -1  -1  -1  -1 251 251 251  -1  -1  -1  -1  -1  -1  -1  -1  -1  -1  -1  -1  -1  -1  -1  -1  -1 
 42  -1  -1 266 266  -1  -1  -1  -1  -1  -1 268 268 288  -1  -1  -1 294  -1 281 281  -1  -1 283 283 283 
 43  -1  -1  -1  -1  -1  -1  -1  -1  -1  -1  -1  -1  -1  -1  -1  -1  -1 295 295 295  -1  -1  -1  -1  -1 
 44  -1  -1  -1  -1 271  -1  -1  96  -1  -1  -1  -1  -1 185  -1  -1  -1  -1  -1  -1  -1  -1  -1  -1  -1 
 45  -1  -1  -1  99  -1 314  49  -1  -1  -1  -1  -1  52   7  -1  -1 272  -1  97  21  -1 231  -1  -1  -1 
 46  -1  -1  -1  -1  -1  -1 140  -1  -1  -1  -1  -1 285 227  -1  -1  -1  -1  -1  -1  -1  -1  -1  -1  -1 
 47  -1  -1   8  -1  -1  -1 181  -1  -1  -1  -1  -1  -1  -1 315  -1 183 197   5 241  -1  -1 313  11  -1 
 48  -1  -1  -1  -1  -1  -1 230  -1 275  -1  55  -1  -1  94  -1  -1  -1  -1  65  -1  -1 270  -1 226  -1 
 49  -1  -1  -1  -1  -1 109 269 228  -1 316   9   6 143  -1  -1 310  51  -1  -1  -1  -1 141  -1  -1  -1 
 50  -1 273 139  -1  -1  -1  -1  -1  -1  -1  -1  -1  -1  -1  -1  -1  -1  -1  -1  -1  50  -1  -1 142 312 
 51  -1  -1 186  -1  -1  -1  -1  -1  -1  -1  -1  -1  -1 138  -1  -1  10  -1 182 311  -1  -1  -1  95  -1 
 52  -1  -1  -1  -1  -1  -1  93  -1 225  -1  -1  -1 229 274  -1  -1  -1 308 137  -1  -1 187  -1  -1  -1 
 53 309  -1  98  -1  -1  -1  -1  -1 184  -1  -1  54  -1  -1  -1  -1  -1 153  -1  -1  -1  53  -1  -1  -1 

r\t   0   1   2   3   4   5   6   7   8   9  10  11  12  13  14  15  16  17  18  19  20  21  22  23  24 
  0  -1 247 190  -1  -1  -1 121 293  83  -1 307  -1  81 172  -1  -1  -1  -1  -1  -1  -1  -1  -1  -1  -1 
  1  -1 116  -1  -1  -1  -1  -1 217  -1  -1  -1  -1  -1  77  43  -1  -1 115  -1  -1  -1  -1  -1  -1  -1 
  2  -1  -1  16  16  -1  -1  -1  -1 209  -1  -1 159  -1  -1  -1  -1  -1 167  -1  -1  -1  59  -1  -1  -1 
  3  -1  -1  -1  -1  -1  -1  -1 254 127  -1  -1 264  66  -1  -1  -1  -1 259  -1  -1  -1 276  -1 300  -1 
  4  -1 158 208 191  -1  -1  -1  34 174  -1  -1  -1 125  -1  85  -1  -1  -1  -1  -1 265  -1  -1  -1 260 
  5  -1  -1 262  89  -1  86  -1 223 267 171  -1 299  -1  -1  -1  -1  -1  80  -1  -1  -1 173  -1  -1  -1 
  6  -1  -1  -1 211  -1  -1  -1 160  72  -1  -1  36 280 280  -1  -1 110  -1  -1 129  -1  -1  -1  -1  -1 
  7  -1  -1 277  -1 150  -1  -1  -1  -1  -1  -1  -1  -1  -1  -1  -1  -1  -1  -1  -1  -1  -1  -1  -1  -1 
  8  18  -1 123  -1  -1  -1  29  -1  -1  -1  -1  -1 164 144  -1  -1  -1  -1 126  -1  -1  -1 236 236  -1 
  9  -1  -1 168  -1  -1  -1  -1  -1 298  -1  -1  -1  -1 166   1  -1  -1  -1  57 177  -1  -1  -1  -1  -1 
 10  -1  73 221 278  -1  -1  -1  69  -1  41  -1  -1  -1  -1 131  -1  70 199 114  -1  -1  -1  -1  -1  -1 
 11  -1  -1  -1  -1  -1  -1 165  -1  -1  -1  -1  -1  -1  -1  -1  -1  -1  -1  76  -1 170  -1  -1  -1 218 
 12  -1  -1  32 235  -1  -1  -1 305  -1  -1  -1  -1  -1  71 282  -1  -1  -1  -1  -1  -1 103 213  -1  -1 
 13  -1  -1  91  -1  -1  -1 155  -1  -1  -1 128  -1 108 100  -1  -1 243  -1  -1  -1  -1  -1  -1 255  -1 
 14  -1 297  38  -1  -1  -1  62  -1 253 306  -1  -1  -1 296  -1  -1 279  -1  -1  -1  -1  -1  -1  -1  -1 
 15  -1  47  -1  -1  -1  -1 194  -1  -1  -1  -1 212  -1  88  -1  -1  -1  -1  -1  -1  -1 290  -1 257  -1 
 16  -1  -1  -1  -1  -1  -1  -1 203  35  -1  -1 252  -1 214  -1 198  -1 104 104  -1  -1 233 284 258  -1 
 17  -1  -1  -1  -1 301  -1  -1  -1  -1  -1  -1 220 261 232  -1  -1  -1  -1  -1  -1  -1 120  15  -1  -1 
 18  -1 133  -1 146 286  -1 289  -1 122  -1  -1 101 145  27  -1  -1  -1 132  -1  -1  -1  13  -1  -1  -1 
 19  -1  -1 292  -1  -1  87 215  23  -1  -1  -1 189  -1  -1  -1  -1  -1  26  -1  -1  -1 205  -1  -1  -1 
 20  -1 152 240  -1  -1  37 242  -1  -1  -1  -1  -1  -1  -1  -1  -1  -1  58  -1  -1  -1 196  -1  -1  -1 
 21  -1 102  -1  82  -1  -1 304  -1 169  84  -1  -1  33  -1  -1  -1  -1  -1  -1  -1 130  -1  -1  -1  -1 
 22  -1  -1  -1  -1  39  40  -1  -1  -1  -1  -1  79 124 117  -1  -1  -1  -1  -1  -1  -1  -1 245  20  -1 
 23  -1 188  -1  -1 106  -1  -1  -1  -1  -1  -1  -1  -1  -1  -1  -1  -1 302  -1  -1  -1  78  -1  -1  -1 
 24  -1 210 111  -1 303  -1  -1 238   0  22  -1  -1 219  -1  -1  -1  -1  -1  12  -1  -1  28  -1  -1  -1 
 25  -1  -1  -1 291  -1  -1  -1 216  -1  -1  -1  56 249 256  -1  -1 157 148 148  -1  -1  -1  -1 113  -1 
 26  -1 234 246  25  -1  -1  -1  -1  -1  -1  -1  -1 201  -1 176  -1  -1 179  -1  -1  45 161  -1  -1  -1 
 27  -1  -1  -1  -1  -1  -1 248   3 287  -1  -1  -1 192 192  -1  -1 154  -1  -1  -1  -1 135  44  -1  -1 
 28  -1 263  -1  -1  -1  42  -1  -1  -1  -1  -1 147  14  64  -1 175  -1  -1  -1  -1  -1  -1  -1  -1  -1 
 29  -1  67  -1  -1  -1  -1  -1  -1  -1  -1  -1  -1  -1 204  -1  -1 202  -1  -1  -1  -1  -1  60  60  -1 
 30  -1  24  -1  -1  -1  -1  -1  -1  -1  -1  17  17   4   4  -1  19  19  19  30  -1   2   2  -1  -1  -1 
 31  -1  -1  -1  -1  -1  -1  -1  -1  -1  -1  -1  -1  -1  -1  -1  -1  -1  -1  -1  -1  -1  -1  31  31  31 
 32  -1  -1  -1  61  61  -1  -1  63  63  63  -1  -1  68  48  48  -1  -1  46  46  -1  -1  -1  -1  74  -1 
 33  -1  -1  75  75  75  -1  -1  -1  -1  -1  -1  -1  -1  -1  -1  -1  -1  -1  -1  -1  -1  -1  -1  -1  -1 
 34  -1  -1  -1  -1  -1  -1  -1 105 105  -1  -1 112  -1  -1  -1  -1 118  -1  92  92  90  90 107 107 107 
 35  -1  -1  -1  -1  -1  -1  -1 119 119 119  -1  -1  -1  -1  -1  -1  -1  -1  -1  -1  -1  -1  -1  -1  -1 
 36  -1  -1 134 134  -1  -1 162 151 151 151  -1  -1  -1 136 136  -1  -1  -1 156  -1  -1  -1 149 149  -1 
 37  -1  -1  -1  -1  -1  -1  -1  -1  -1  -1  -1  -1  -1  -1  -1  -1  -1  -1  -1  -1  -1  -1 163 163 163 
 38 178 178  -1  -1  -1  -1 200 195 195 195  -1  -1  -1  -1  -1  -1  -1  -1 206  -1 180 180 193 193  -1 
 39  -1  -1  -1  -1  -1  -1  -1  -1  -1  -1  -1  -1  -1  -1  -1  -1  -1  -1  -1  -1  -1  -1 207 207 207 
 40 224 224  -1  -1  -1  -1  -1  -1  -1  -1 239 239 239 222 222  -1 244 237 237  -1  -1 250  -1  -1  -1 
 41  -1  -1  -1  -1  -1  -1  -1  -1  -1  -1  -1  -1  -1  -1  -1  -1  -1 251 251 251  -1  -1  -1  -1  -1 
 42 266 266 268 268  -1 283 283 283  -1  -1  -1  -1 288  -1  -1  -1 294 281 281  -1  -1  -1  -1  -1  -1 
 43  -1  -1  -1  -1  -1  -1  -1  -1  -1  -1  -1  -1  -1  -1  -1  -1  -1 295 295 295  -1  -1  -1  -1  -1 
 44  51  -1  -1  -1  -1  -1  -1 275  96  -1  -1  53  -1  -1  -1 312  -1  -1 231  -1  -1  -1  -1 315  -1 
 45  -1  -1  -1  -1  -1  -1  21  -1  -1  -1  -1  98 183  -1  -1  -1  -1  -1  -1  -1  -1  -1 271  -1  -1 
 46  -1  -1  -1   6  -1  -1  -1 182 228 316  -1  -1  -1  -1  -1  -1  -1  -1 269   7  -1 153  -1  -1  -1 
 47  -1  10  52 229  -1  -1 314  49  -1  -1  -1  -1  -1 186  -1  -1 313 226  -1  -1  -1 274 230  -1  -1 
 48  -1  -1  -1  -1  -1  -1  -1  -1  -1  -1  -1 184  -1  -1  -1  -1 197  -1  -1  54 225  -1  -1 285  -1 
 49  -1  -1  -1  -1  -1  -1  -1 141  -1  -1 310 140 272  -1  -1  -1  65  -1 142 143  -1  -1  -1  -1  -1 
 50  99  -1  -1  -1  -1  -1  -1  -1  -1  -1  -1  -1 139 273  -1  -1  -1  -1  -1  -1  -1  55  -1  -1 308 
 51 138  -1  -1 181  -1  -1 109  -1  -1  -1  -1   9  -1  -1  97  -1  -1 270 187  -1  -1 227  -1  -1  -1 
 52  -1  -1 185  -1  -1 309  -1  -1  50  -1  -1  -1  93  -1  -1  -1  -1  -1   8  -1  -1  -1  11  -1  -1 
 53  -1  95   5  -1 311  -1  -1  -1  -1 241  -1  -1  -1  -1  -1  -1  -1  94  -1  -1 137  -1  -1  -1  -1 

r\t   0   1   2   3   4   5   6   7   8   9  10  11  12  13  14  15  16  17  18  19  20  21  22  23  24 
  0  -1 188  -1 172 171  -1  -1  -1 212  -1  -1  29  -1 194  -1  -1  -1 104 104  85  -1 299  -1  23  -1 
  1 260  -1  -1  -1  83  -1  -1  -1  -1  -1  -1 252  -1  -1  -1  -1  -1  -1 220  -1  -1  -1  -1  -1  -1 
  2 265  -1  -1  -1 173  -1  -1  89 263 219  -1 304  -1  -1  -1  -1 203 123 254  -1  -1 235  -1  69  -1 
  3  -1 205 247  -1  -1  -1 223 164  -1  -1  -1  -1  -1  56  -1  -1  -1  -1  -1  -1 106  -1  -1 264  -1 
  4  -1  -1  -1  -1  -1  -1 108  -1  -1 198  -1 233  -1  -1  -1  -1  -1  -1  -1  -1  -1  -1  80  -1  -1 
  5  -1  -1  -1 150  -1  -1  -1  -1 249  -1  -1  59  20  38  -1  -1  -1  -1 177  -1  -1  45  -1 120  -1 
  6  -1  -1  -1  32  -1  -1  -1  -1  -1  -1  -1 218 291  -1  -1  -1  -1  16  16  -1  -1  -1  -1  -1  -1 
  7  -1  -1  -1  -1  -1  -1  -1  -1  -1  -1  -1 211 147 115  -1  -1  91  -1  -1  -1  -1  -1 158 146  -1 
  8  -1  -1  -1  -1  -1  -1  -1 209  82  -1  -1 129  -1  -1  -1  -1  -1 276  86  -1  -1  -1  -1 204  -1 
  9  -1   0  -1  -1  -1  -1  -1  78 213 307  -1 217  37 216  -1 125  -1  34  -1  -1  -1  -1 130 296  -1 
 10  -1  14  -1  -1  -1 221  -1  47  -1  -1 169 293 176  -1  -1  -1 190  -1 116  -1  -1  -1 154  -1  -1 
 11  -1 122  -1  -1  -1  -1  27  -1 262  -1  -1 114  -1  -1  -1  -1  77 245  -1  -1  -1  -1  -1  -1 215 
 12  -1 284  62  -1  -1  -1 201  -1  -1  -1  -1  -1  -1  73  -1  -1  -1 298  -1  -1  -1  -1  -1 258  -1 
 13  -1  -1  -1  79  -1  -1 191  -1  -1  -1  -1  13  -1 111  -1  -1  -1  -1 196  -1  -1 128  -1  -1  -1 
 14  40 232  -1 248  -1  -1 243  -1  -1  -1  -1  -1  -1 297  -1  -1  26  81 202 257  -1  -1  -1  -1  -1 
 15  -1  84 167  -1  -1  -1  -1  -1  33 242  -1 259  -1 255  -1  -1  57  88  -1  -1  -1  70  -1  -1  -1 
 16 170  58  -1  -1  -1  -1 300  -1  -1  -1 148 148 279  -1  -1  -1  -1  -1 160  -1  -1  -1  -1 159  -1 
 17  -1 246  -1  18  -1  -1  12  -1  36  -1  -1 103 236 236  -1  -1 168  -1  -1  -1  -1  -1 280 280  -1 
 18  -1  41  -1  -1  -1  -1  -1  -1 102  -1  -1  -1  -1 277  67  -1  -1  -1  -1 282  -1 152  -1  -1  -1 
 19  -1  -1  -1  -1  -1  -1  -1  -1  -1  -1  -1  -1  -1 179  -1  -1  -1 135  -1  -1  -1  -1  -1   3   1 
 20  -1 306  -1  -1 131  -1  -1  -1  -1  -1  -1 189  -1  -1  -1  -1  -1  71  -1  -1  -1  64 240  44  -1 
 21  -1  -1  72  -1  -1  -1  -1  -1  -1  -1  -1 161  -1  -1  -1  -1 144  -1  -1 126 287  15  -1 234  -1 
 22  -1  -1  -1  -1  -1  -1 117  -1 175  -1  -1 278  -1  -1  -1  87  -1  -1  -1  -1  42 133 113  -1  -1 
 23  -1 101  -1  -1  -1  -1  43  -1 290  -1  -1  -1  -1  -1  22  -1  -1  -1  -1  -1  -1 302  -1  -1  -1 
 24  -1  -1 155  -1  -1  -1  -1  -1  -1  -1  -1  -1 100  -1  -1  -1  -1  -1  -1 238  -1  -1 208  28  -1 
 25  -1 166  -1  -1  -1  -1  -1  66  60  60  -1  -1  -1  39  -1  -1 110  -1  76  -1  -1 286  -1 132  -1 
 26  -1 145  -1  -1  -1  -1  -1  -1  -1  -1  -1  -1  -1  -1  -1  -1  -1 127 289  -1  -1  -1  -1  -1  -1 
 27  -1  -1  -1  -1  -1  -1 214  -1  -1  -1  -1  -1 253  -1  -1 199 121  -1  -1 174  -1  -1 292  -1  -1 
 28  -1  -1  25  -1  -1  -1 165 192 192  -1  -1  -1  -1  35  -1  -1  -1  -1  -1  -1  -1 267  -1  -1  -1 
 29  -1  -1  -1 157  -1  -1 256 124  -1 301  -1 210  -1 261  -1  -1  -1  -1  -1  -1  -1 305  -1 303  -1 
 30  -1  24  -1  -1  -1   2   2  19  19  19  -1  -1   4   4  -1  17  17  -1  30  -1  -1  -1  -1  -1  -1 
 31  -1  -1  -1  -1  -1  -1  -1  -1  -1  -1  -1  -1  -1  -1  -1  -1  -1  -1  -1  -1  31  31  31  -1  -1 
 32  48  48  -1  68  -1  46  46  -1  74  -1  -1  -1  -1  -1  -1  -1  -1  63  63  63  -1  -1  61  61  -1 
 33  -1  -1  -1  -1  -1  -1  -1  -1  -1  -1  75  75  75  -1  -1  -1  -1  -1  -1  -1  -1  -1  -1  -1  -1 
 34  -1  -1 105 105  -1  92  92  -1 112  -1  90  90 118  -1  -1  -1  -1  -1  -1  -1  -1  -1 107 107 107 
 35  -1  -1 119 119 119  -1  -1  -1  -1  -1  -1  -1  -1  -1  -1  -1  -1  -1  -1  -1  -1  -1  -1  -1  -1 
 36 134 134  -1  -1  -1 151 151 151 162  -1 136 136  -1  -1  -1  -1  -1 156 149 149  -1  -1  -1  -1  -1 
 37  -1  -1  -1  -1  -1  -1  -1  -1  -1  -1  -1  -1 163 163 163  -1  -1  -1  -1  -1  -1  -1  -1  -1  -1 
 38  -1  -1 193 193  -1 178 178 180 180  -1  -1  -1 200  -1  -1  -1  -1  -1  -1  -1  -1 206 195 195 195 
 39  -1  -1 207 207 207  -1  -1  -1  -1  -1  -1  -1  -1  -1  -1  -1  -1  -1  -1  -1  -1  -1  -1  -1  -1 
 40  -1  -1 239 239 239  -1  -1 222 222  -1  -1  -1 224 224  -1  -1 250 237 237  -1  -1  -1  -1 244  -1 
 41  -1  -1  -1  -1  -1  -1  -1  -1  -1  -1  -1  -1  -1  -1  -1  -1  -1  -1  -1  -1 251 251 251  -1  -1 
 42  -1 294 281 281  -1 266 266 283 283 283 268 268  -1  -1  -1  -1 288  -1  -1  -1  -1  -1  -1  -1  -1 
 43  -1  -1 295 295 295  -1  -1  -1  -1  -1  -1  -1  -1  -1  -1  -1  -1  -1  -1  -1  -1  -1  -1  -1  -1 
 44  -1 231 313  -1  -1  -1 142  -1  -1  -1  -1 228  -1  -1  -1  -1  -1  -1  -1  -1 308 184  -1 226 143 
 45 225  -1  -1  65  -1  -1  -1  -1  -1  -1  -1  -1 271  -1  -1  -1 285 182 140  -1  -1  -1  -1  96 274 
 46  -1  -1  -1  -1 316  -1  -1  -1 138  -1  -1  -1  -1  -1  -1  -1   7 229 273  -1  -1  -1  -1  -1  55 
 47   8  -1  -1 314  -1  -1  -1  -1  54  -1  -1  -1  49  -1 197  -1  -1  -1  -1  -1  -1  -1  -1  -1  -1 
 48  -1  -1  -1  -1  -1  -1  -1 137  94  -1 185  -1  -1  -1 312  -1 186 153  -1  -1  -1  10  -1  -1  -1 
 49  -1 181  -1  -1  -1  -1  -1  -1  -1  -1  -1  11  -1  51  -1 309  -1  -1  -1  -1  -1  -1  -1  -1 230 
 50  99  -1  -1  -1  -1  -1  -1  -1  -1 311   9  -1  -1  -1  -1  -1  53 270   5  -1  -1  97  -1  -1  -1 
 51 183  -1  -1  -1  -1  -1  -1  -1  -1 109  -1  -1  95 269  -1 241  -1  -1  -1 310  -1  -1  -1  -1  -1 
 52  -1  93  -1  -1  -1  -1  -1  -1  -1  -1  -1  50 141  -1  -1  -1 139   6  98  -1  -1  -1  -1  -1  -1 
 53  -1 275  21  -1  -1  -1  -1 272  -1  -1  -1 187  -1  -1  -1  -1 227  52  -1  -1  -1  -1 315  -1  -1 

r\t   0   1   2   3   4   5   6   7   8   9  10  11  12  13  14  15  16  17  18  19  20  21  22  23  24 
  0  -1  28 129 116  -1  -1  -1 154  -1  -1  -1  12  -1  -1  -1 262 152  78  -1  -1  -1 277  -1  -1  -1 
  1  -1 179  -1  -1  -1 127 290 259  -1  -1  -1  -1  -1  -1  -1  -1  -1  -1 215  -1  -1  57  -1  -1  -1 
  2  -1 255  -1  -1  -1 286 258  -1 167  -1  -1 214  -1  -1  -1  -1 133  -1  56  -1  -1 147  -1  -1  -1 
  3  -1 145  -1 150  -1  -1  -1  -1  79  -1  -1  -1  -1  -1  -1  -1 299  -1  13  -1  -1  -1  -1  -1  -1 
  4  -1 260 135  -1  -1  -1  -1  23  -1  -1  40  -1 158  -1  -1  -1  -1  -1  -1  -1  -1 161  -1 218  -1 
  5  -1 199  -1  -1  -1  -1  -1  -1  -1  -1  -1  -1 194  33  -1  -1 276  -1  -1  -1  -1  -1  -1 304  -1 
  6  -1 130  -1  76  -1  22  -1  -1 209  -1  -1  64  -1  -1  -1  -1  34  62  -1  -1  -1  -1  -1 211  -1 
  7  -1  -1  -1  -1 198  -1  -1  -1  -1  -1  -1  -1  -1  -1  -1  -1  -1 160  -1  -1  -1  -1  -1  -1  -1 
  8  -1  -1 236 236  -1 173  -1  -1 132 287  -1 176  -1 159  -1  -1 264  -1  -1  -1  -1  -1 247 120  -1 
  9  91 123  -1  -1  -1  -1  -1  -1  -1  -1  -1  -1 253  36  -1  -1  -1  -1 233  -1  -1  -1 289  -1 174 
 10  -1 303  60  60  -1  -1  -1  -1  -1  -1  -1  -1  -1  -1  -1 261  -1 115 267  -1 238  -1  -1  -1  -1 
 11  -1  -1  -1  -1  -1  -1  -1 280 280  -1  -1  -1 219  -1  -1  -1  -1  -1 249  -1  -1 205  -1  -1  -1 
 12  -1  -1  -1 165  -1  -1 191 111  -1  -1  -1  -1  -1 279  -1  -1  82  -1  -1  -1  -1  -1  25 221  -1 
 13  -1  -1 196  -1  -1  -1 257  -1  -1  -1  -1  -1  -1  -1  -1  85 168  -1  26  -1  -1  -1  -1  -1  -1 
 14  -1 201  -1 171  -1  -1 256  69 128  -1  -1  -1  -1  -1  -1  -1  89 223  -1  -1  -1 103  -1  -1  -1 
 15  -1  80  -1  -1  -1 169  29  -1 146  -1  -1  -1  -1 189  -1 301 254  -1  -1  -1  -1 113 307 246  -1 
 16  -1 164  -1  -1  -1  -1  -1 172 117  -1  -1  -1  27 245  -1  -1  -1  -1  -1  -1  -1  32  -1 298  42 
 17  -1 232 220 177  67  -1 166 157   1  -1  -1 284  -1 216  -1  -1  -1 204 212  -1  -1 293  -1  -1  -1 
 18  38 292  70 202  -1  -1  15  35  -1  -1  -1  -1  -1  -1  -1  -1  -1 296 302  -1  -1  -1  -1  -1 242 
 19  -1 101 121  -1  -1  -1 265  -1  -1  -1  -1  43  -1  -1  -1  -1   3  -1  -1  -1  -1  -1  -1 170  -1 
 20  -1  -1  -1  -1  -1  66  -1  -1  -1  -1  -1  73  87  -1  -1 110  44 243 124  -1  -1  -1  -1  72 175 
 21  -1 126 102  -1  -1  -1 240  -1  -1  -1  -1  -1  -1 144  -1 217 208  14  -1  -1  -1  -1  -1 210  -1 
 22  -1  -1  -1  -1  -1  -1  -1  -1  88  -1  -1 188  -1  -1  -1  -1  -1 104 104  -1  -1  81  37  -1  -1 
 23  -1  20  -1  -1  -1 106 100  -1  -1 155  -1  -1  -1  -1  -1  -1  -1  -1  -1  -1  -1  -1  -1  -1  -1 
 24  -1  -1 306  -1  -1  -1  -1  -1  58  -1  -1 203  83  -1 305  -1  59  -1  -1  -1  -1  -1  -1  -1  -1 
 25  -1  -1  -1  -1  -1  -1  -1  -1  -1  -1  -1  -1  86  -1  -1  -1  -1 148 148  41  -1  -1  77  -1  84 
 26  -1  -1  -1 297  -1  -1   0  -1  -1  -1  -1  -1  -1 263  -1  -1  -1  -1 282  -1  -1 190  -1  -1  18 
 27  -1  -1 291 252  -1  -1  -1  -1  -1  -1  -1 122  -1  -1  -1  -1 114 248  -1  -1  -1 234  -1  -1  -1 
 28  -1  -1  -1 108  -1  -1  45  -1  -1  -1  -1  -1  -1  -1 125  -1 235  47  -1  -1  -1  -1 192 192  39 
 29  -1 131  -1  -1  -1  -1  -1 300  -1  -1  -1  -1  -1  -1  -1  -1  -1 278 213  -1  -1  71  16  16  -1 
 30  -1  -1  17  17  -1  -1  -1  -1  -1  -1  -1  -1  19  19  19  -1  -1  30   2   2   4   4  -1  24  -1 
 31  -1  -1  31  31  31  -1  -1  -1  -1  -1  -1  -1  -1  -1  -1  -1  -1  -1  -1  -1  -1  -1  -1  -1  -1 
 32  -1  -1  -1  -1  -1  -1  -1  -1  68  -1  -1  -1  61  61  -1  -1  74  -1  46  46  48  48  63  63  63 
 33  -1  -1  -1  -1  -1  -1  -1  -1  -1  -1  -1  -1  75  75  75  -1  -1  -1  -1  -1  -1  -1  -1  -1  -1 
 34  -1  -1  -1  -1  -1  -1 118 112  -1  -1  -1  -1 105 105  -1  -1  -1  -1  92  92  90  90 107 107 107 
 35  -1  -1  -1  -1  -1  -1  -1  -1  -1  -1  -1  -1 119 119 119  -1  -1  -1  -1  -1  -1  -1  -1  -1  -1 
 36 136 136  -1 162  -1  -1  -1  -1  -1  -1 151 151 151  -1  -1  -1  -1  -1 156  -1 134 134 149 149  -1 
 37  -1  -1  -1  -1  -1  -1  -1  -1  -1  -1  -1  -1  -1  -1  -1  -1  -1  -1  -1  -1  -1  -1 163 163 163 
 38  -1  -1  -1  -1  -1  -1  -1 193 193  -1  -1  -1 206 200  -1  -1  -1 195 195 195 180 180 178 178  -1 
 39  -1  -1  -1  -1  -1 207 207 207  -1  -1  -1  -1  -1  -1  -1  -1  -1  -1  -1  -1  -1  -1  -1  -1  -1 
 40 224 224 244  -1  -1  -1  -1 237 237  -1  -1 250 239 239 239  -1  -1  -1 222 222  -1  -1  -1  -1  -1 
 41  -1  -1  -1  -1  -1  -1  -1 251 251 251  -1  -1  -1  -1  -1  -1  -1  -1  -1  -1  -1  -1  -1  -1  -1 
 42 266 266 283 283 283  -1  -1  -1  -1  -1  -1 294  -1  -1  -1  -1  -1  -1 288  -1 268 268 281 281  -1 
 43  -1  -1  -1  -1  -1  -1  -1  -1  -1  -1  -1  -1 295 295 295  -1  -1  -1  -1  -1  -1  -1  -1  -1  -1 
 44  -1  -1  -1  -1  -1  -1  97  -1  -1  -1  -1  -1 313 187  -1  -1 225  -1  -1  -1  -1  -1  -1 142  -1 
 45  -1  99  94  95  -1  -1  -1  -1  -1 309  -1  -1  -1  53  -1  -1  -1  -1  -1 138  -1  -1  -1  -1  -1 
 46  -1  -1 153 227  -1  -1 181  -1  -1  -1 241  52  -1 231  -1  -1  -1  -1  -1  -1  -1  -1  -1  -1  -1 
 47 185  -1  -1  -1  -1  -1 141 308 270  -1  -1  10  -1   8  -1  -1  -1  98  -1  -1  -1 230  -1   9  -1 
 48  -1  -1  -1  -1  -1  -1 226  65  -1  -1  -1 228  -1 140  -1  -1 184 182  -1  -1  -1  -1  -1  -1  -1 
 49   7  49  -1  -1  -1  -1  -1  -1 183  -1 285  93  -1  96  -1  -1  -1  11  -1  -1  -1  -1 229  -1  -1 
 50  -1  -1 186  -1  -1  -1  -1  -1  -1  -1 314  -1  -1  -1 316  -1  -1 143  -1  -1  -1  -1 273  -1  -1 
 51  -1  -1  -1  -1 312  -1  -1  -1  -1  -1  -1  -1  -1 269  -1  -1  -1  -1 137  -1  -1  -1  -1 274 311 
 52  54  -1  51  50  -1  -1  -1  -1  55  -1  -1 139  -1  -1  -1  -1  -1 275  -1  -1  -1  -1   5  -1  -1 
 53  -1   6  -1  -1  -1 310  -1  -1  -1 197 109 272  -1  -1  -1 315  21  -1  -1 271  -1  -1  -1  -1  -1 

