317
23 25
14 8
15 30
11 23
3 30
1 51
18 46
21 45
5 47
2 45
13 44
22 46
16 13
21 8
22 15
23 15
2 5
8 30
12 17
17 30
1 12
6 44
10 16
11 17
2 30
1 25
11 7
17 9
6 25
23 23
13 30
7 31
3 18
16 23
21 23
22 6
16 1
17 19
0 13
8 25
19 29
6 26
10 29
8 21
17 26
3 24
15 32
13 22
21 32
4 50
23 52
14 49
2 53
5 48
18 51
19 49
18 11
17 22
16 25
21 21
22 9
8 32
13 13
10 32
2 13
1 46
0 12
6 8
23 32
16 26
18 1
11 26
21 10
6 18
2 32
7 33
12 14
13 7
1 11
23 12
17 11
19 1
9 26
5 26
10 19
15 8
23 8
15 9
23 16
19 8
17 34
21 28
15 34
5 49
3 48
1 52
13 48
4 52
22 51
11 50
3 26
11 4
22 0
23 10
17 14
12 34
6 13
0 34
16 16
21 50
8 28
7 23
6 34
1 26
18 13
16 27
21 24
7 20
8 34
12 35
2 9
23 11
12 24
22 23
17 4
23 4
8 19
11 0
3 16
11 3
23 13
0 28
1 5
4 17
15 36
2 14
17 36
21 48
22 52
23 46
3 53
13 47
11 44
19 51
21 25
3 22
1 27
16 12
17 12
22 36
20 3
12 36
6 4
2 49
8 29
9 24
21 36
23 18
13 3
11 24
2 26
8 22
3 36
5 37
12 15
3 28
16 24
22 12
17 21
18 6
24 18
6 12
20 15
9 6
23 26
16 17
19 18
3 21
15 38
1 18
13 38
22 53
23 49
11 53
5 53
4 46
18 49
2 51
13 27
16 10
2 19
12 16
7 17
18 38
0 18
20 38
11 22
17 53
6 7
1 3
6 38
22 2
1 16
8 7
16 8
21 3
23 38
10 39
18 8
13 2
17 16
7 11
2 29
11 1
19 4
18 28
18 15
5 15
12 29
7 25
1 24
23 0
3 40
22 27
13 40
21 46
16 50
11 51
5 45
19 44
18 47
2 50
1 21
18 7
13 24
21 2
3 8
15 40
22 21
7 40
23 5
6 46
10 0
12 23
21 40
8 5
1 0
22 24
11 8
13 17
6 40
15 41
2 8
7 29
12 6
3 6
18 4
7 21
0 22
3 20
11 13
19 27
12 5
2 4
21 20
23 14
13 42
16 29
3 42
18 52
2 52
15 50
11 48
5 52
22 48
17 45
7 7
13 26
22 13
17 27
10 28
20 42
8 11
0 42
18 25
6 51
12 11
16 22
8 42
13 20
23 7
1 28
3 11
13 15
16 42
17 43
6 21
2 18
12 19
7 1
22 11
3 17
7 10
10 15
3 25
9 28
17 13
13 28
12 52
24 44
7 50
10 46
0 47
6 52
8 46
20 52
9 45

