317
7 0
18 6
15 30
23 19
0 30
13 45
22 44
11 44
2 46
5 47
8 50
17 45
1 13
17 22
16 19
13 10
22 17
7 30
21 5
2 30
11 16
6 49
19 10
10 25
6 30
7 22
18 23
1 0
11 7
22 18
17 30
12 31
8 29
2 24
21 21
23 24
1 27
8 26
6 6
23 10
7 23
12 25
19 1
14 6
5 22
19 4
0 32
16 8
22 32
17 52
13 46
3 46
11 50
8 51
15 52
2 47
11 15
1 19
17 28
13 1
22 12
3 32
6 27
7 32
12 8
18 45
16 14
21 8
16 32
22 9
18 20
7 19
8 27
2 16
11 32
12 33
6 29
3 22
1 12
23 29
17 12
9 6
23 22
5 19
3 10
5 24
15 14
20 14
3 13
23 3
18 34
17 11
15 34
7 49
1 53
8 45
13 48
5 44
11 47
22 52
7 25
8 15
18 25
16 7
20 18
12 34
4 24
0 34
3 15
14 49
6 21
17 7
6 34
17 2
16 20
7 18
21 9
18 13
3 34
10 35
2 0
13 0
12 9
22 3
8 21
17 21
19 23
1 28
5 3
4 1
6 5
23 26
17 9
7 2
15 36
2 2
0 36
23 44
3 48
8 53
11 49
13 50
22 47
5 51
16 24
13 6
11 21
1 25
2 7
22 36
9 16
17 36
7 27
21 50
6 9
12 22
2 36
1 29
18 2
17 14
11 11
21 10
12 36
22 37
16 2
12 4
6 16
3 23
7 29
11 14
4 20
0 19
16 3
3 20
10 10
24 7
5 25
15 3
18 38
7 10
0 38
17 44
8 52
11 53
22 50
3 44
13 44
2 49
2 5
8 9
3 1
23 15
17 29
20 38
7 12
12 38
22 6
6 51
4 8
16 9
7 38
16 26
18 3
8 24
12 17
2 25
6 38
22 39
11 22
21 0
3 0
3 27
13 7
4 16
1 4
14 15
10 4
12 15
13 11
2 18
15 9
5 8
18 40
7 4
0 40
17 46
13 53
16 52
8 46
11 48
23 48
22 45
1 18
18 4
16 5
17 19
22 7
12 40
21 25
2 40
11 17
9 48
7 24
6 25
21 40
17 6
1 2
2 29
3 11
8 12
23 40
12 41
22 23
16 28
18 0
11 26
6 13
14 14
14 27
2 6
3 29
14 29
13 15
6 28
23 20
0 26
15 42
1 24
7 42
3 52
13 52
5 52
22 51
11 45
17 51
2 45
2 10
7 3
8 4
16 11
13 18
17 42
12 3
22 42
3 21
1 48
6 23
21 2
2 42
18 11
3 18
8 6
11 13
23 18
6 42
17 43
12 7
7 16
16 27
13 16
22 2
14 25
7 8
20 16
6 7
6 1
24 20
18 7
21 47
14 48
10 45
20 51
4 51
6 46
9 47
12 47
24 46

