r\t   0   1   2   3   4   5   6   7   8   9  10  11  12  13  14  15  16  17  18  19  20  21  22  23  24 
  0  -1 263  -1  -1  -1  83 213  -1  88 238  -1 114  43 208  -1 125  -1 300  -1  -1  -1 191 146 171  -1 
  1  -1  -1 260  -1  -1  -1  77 282  -1 305  -1  89  -1 265  -1 126  -1 117  -1  -1  -1  -1  -1 209  -1 
  2  -1 144  -1  -1  -1  -1  -1  -1 232 215  -1 216  -1 130  87  -1  -1 280 280  -1  -1 167  -1  -1  -1 
  3  -1  -1  -1 160  -1  -1  -1  -1  -1 155  -1  85  71  -1  -1  -1 158  -1  -1  82  45  -1  -1 127  -1 
  4  -1  -1  33 132  -1  -1  -1  -1  -1  -1  -1 211  22  -1  -1  -1  -1  -1  -1  -1  -1 255  -1  -1  -1 
  5  -1  -1  59  -1  -1  -1 129 296 116  -1  -1  -1  -1  -1  -1  -1  -1  -1  -1  -1  -1  14  -1  -1  -1 
  6  -1  36  37  -1  -1  -1  -1  72  -1 303  -1 190  -1 236 236  -1 235  -1  -1  -1  -1  -1  -1  -1  -1 
  7  -1  -1  -1  -1  -1  -1 276  -1  -1  -1  -1  -1  -1  -1  -1  -1  -1  -1  -1  -1 219  -1 173  -1  -1 
  8  -1  -1  -1  -1  -1  -1  -1 121  76  -1  -1  -1  -1 152  -1  -1 131  69  -1  84  -1  47 307  -1 176 
  9  -1  41  -1  -1  -1  -1   0  26  -1  -1  -1   3  -1  -1  -1  -1  -1  -1  -1  -1  -1  -1  -1  -1  -1 
 10 306  -1  -1  40  -1  -1  -1 240  -1  -1  -1  35 147 249  -1  -1  20  -1  -1  67  -1  -1  80  18  -1 
 11  -1  73  -1  -1  -1  -1  -1  -1  -1  -1  -1  -1  -1  -1  -1  -1  -1  -1  -1  -1  -1 214  -1  -1 221 
 12  -1 261 245  -1  -1  -1 133 166  -1  -1  -1 135  -1 290  -1 169  -1  -1 203  -1  -1  -1  58 157  -1 
 13  -1 204  -1 264  38  -1 299  -1  -1  -1  -1 210  -1  78  -1 262 188  -1  -1  -1  -1  -1  -1  -1  -1 
 14  -1 304  -1  34  -1  -1  -1  -1  -1  -1  -1  -1 286 284  -1  -1 108  -1  -1  -1  -1  -1  -1  32  -1 
 15  -1  91  -1 212  -1  -1  -1 148 148  -1  -1  -1  -1  -1  -1  -1 124  -1  42  -1  -1  -1  -1  -1  -1 
 16  -1  27 291  -1  -1  -1  -1  -1 278  -1  -1 254 242  -1  -1  -1  -1  -1  -1  -1  -1 298 196 252  -1 
 17  -1  13  -1  -1  -1  -1  -1  -1  -1  -1  -1  -1  -1  -1  -1  -1 248  -1 175  -1  -1  70  -1  -1  -1 
 18  -1 111  -1  -1  -1  -1  -1  39  -1  -1  -1  -1  -1  -1  -1  -1  -1  -1  -1  -1  -1  -1  -1 289  -1 
 19  -1  -1 165  -1  -1  -1  -1  -1  -1  -1  -1  -1 115  -1  -1  -1  79 164 259  -1  -1  -1  -1  -1  -1 
 20 218  -1 122  -1  -1  -1  -1  -1  -1  -1  -1 161 192 192  -1  -1 174  -1  -1  -1 220  -1  -1 150 301 
 21  -1  -1  -1  -1  -1  -1  -1  -1 292  -1  -1 154  -1  -1  -1  -1  -1 177 159  81  -1 113  -1  -1 217 
 22  -1 297  -1  -1  -1  -1 189 110  -1 106  -1  -1  -1  -1  -1  -1  28  -1  -1  -1  -1  -1  -1 120  -1 
 23  -1  -1  -1  -1  -1  -1  -1  -1 205  -1  -1 267 104 104  -1  -1  -1  -1  -1  -1  -1  66  -1  -1  -1 
 24  -1  -1  16  16  -1  86  12  -1  -1  -1  -1 257  -1  15  -1  -1  -1 234  44  -1  -1  25  -1  -1  -1 
 25  -1  -1 201  64 172  -1  57  -1  -1  -1  -1 287  -1  -1  -1  -1  -1 302 233  -1  -1  -1  -1 243  -1 
 26  -1  -1  -1  -1  -1 258  -1  -1 256  -1 198  23  -1  -1  -1  -1  -1 247 102  -1  -1  -1 279 194  -1 
 27  -1  -1  -1  -1  -1  -1 168  -1 199  -1  -1  -1  -1  -1  -1  -1 277  -1  -1  -1  -1 103  -1  -1  -1 
 28  -1 223  -1 253  -1  -1 123  -1 179  -1  60  60 246  -1  -1  -1  -1 202 293  -1  -1 145  -1  -1  -1 
 29  -1  56  -1 170  -1 128  -1  -1 100  -1  -1  -1  62  29   1  -1  -1 101  -1  -1  -1  -1  -1  -1  -1 
 30  -1  -1  -1  -1  -1  -1  30  19  19  19  -1  -1  -1  -1  -1   2   2  17  17  -1   4   4  24  -1  -1 
 31  -1  -1  -1  -1  -1  -1  -1  -1  -1  -1  -1  -1  -1  -1  -1  -1  -1  31  31  31  -1  -1  -1  -1  -1 
 32  -1  -1  -1  -1  -1  -1  -1  63  63  63  -1  74  -1  48  48  46  46  61  61  -1  -1  -1  -1  68  -1 
 33  -1  -1  75  75  75  -1  -1  -1  -1  -1  -1  -1  -1  -1  -1  -1  -1  -1  -1  -1  -1  -1  -1  -1  -1 
 34  -1  -1  -1 105 105  -1  -1  -1  -1  -1  -1  -1  -1 118  -1  92  92  -1 112  -1  90  90 107 107 107 
 35  -1  -1 119 119 119  -1  -1  -1  -1  -1  -1  -1  -1  -1  -1  -1  -1  -1  -1  -1  -1  -1  -1  -1  -1 
 36  -1 162 149 149  -1  -1  -1  -1  -1  -1  -1  -1  -1  -1  -1 134 134 151 151 151 136 136 156  -1  -1 
 37  -1  -1  -1  -1  -1  -1  -1  -1  -1  -1  -1  -1 163 163 163  -1  -1  -1  -1  -1  -1  -1  -1  -1  -1 
 38  -1  -1 195 195 195  -1 200 206  -1  -1  -1  -1  -1 180 180 178 178  -1 193 193  -1  -1  -1  -1  -1 
 39  -1  -1  -1  -1  -1  -1  -1  -1  -1  -1  -1  -1  -1  -1  -1  -1  -1  -1  -1  -1 207 207 207  -1  -1 
 40  -1 250 239 239 239  -1  -1  -1  -1  -1  -1  -1  -1 222 222 224 224  -1 244  -1 237 237  -1  -1  -1 
 41  -1  -1  -1  -1  -1 251 251 251  -1  -1  -1  -1  -1  -1  -1  -1  -1  -1  -1  -1  -1  -1  -1  -1  -1 
 42 283 283 283 294  -1  -1  -1  -1  -1  -1  -1 288  -1  -1  -1  -1  -1 268 268  -1 266 266  -1 281 281 
 43  -1  -1  -1  -1  -1  -1  -1  -1  -1  -1  -1  -1  -1  -1  -1  -1  -1  -1  -1  -1  -1  -1 295 295 295 
 44  -1 241  -1  -1 310  -1 269 313 272  -1  -1 185  -1  -1 275  -1  -1  -1  -1  -1  -1 225  21  65  -1 
 45 153  -1 273  -1  -1 316  -1  -1  -1  -1  -1  -1  -1  -1  -1  -1  -1  -1 143  -1  -1  -1  -1  -1  -1 
 46  -1 139 181  -1  -1  -1  96  -1  -1  -1 311  -1  -1 137  -1  -1  -1 231 186  -1  -1  -1 184  -1  55 
 47  -1  -1  95   7  -1  -1  -1  -1  -1  -1 285  -1  -1  10  99  -1  -1  -1  93 109  -1  -1 229  -1  -1 
 48  -1  -1   8  -1  -1  -1  51  -1 226  -1  -1  -1  -1  -1  -1  -1  -1  11  -1  -1  -1 183  -1  -1   9 
 49  -1 182  -1  53  -1  -1  -1 197  -1  -1  -1  -1  -1  -1  -1  -1 274  -1  -1  -1  -1  -1  -1  -1 138 
 50  -1  -1  -1  98  -1  -1  -1  -1 142  -1  -1 227  -1  -1  -1  -1  -1  -1  -1  -1  -1  -1  54  -1  -1 
 51  -1   5  -1  -1  -1  -1  -1  -1  -1  -1  -1  -1  -1  -1  -1 271  -1  -1  -1  -1  -1  -1  -1  -1  -1 
 52  -1  52 230  -1  -1  -1  -1  -1  -1  -1  -1  -1  -1  97  -1  -1  -1  94  -1  -1  -1  -1 141  -1  -1 
 53 309  -1 140  -1  -1  -1 187  -1   6 312  -1  50 308  -1  -1  -1  -1  49 228 314  -1  -1 270 315  -1 

r\t   0   1   2   3   4   5   6   7   8   9  10  11  12  13  14  15  16  17  18  19  20  21  22  23  24 
  0  -1 278  -1 279 106  -1   1 236 236  -1 260  -1  -1  -1  -1 302  -1 102 210  -1  -1 300  -1  -1  -1 
  1  -1  -1  -1  -1  -1  -1  -1  16  16  -1 215  -1 174  82  -1  -1  -1 205  -1  -1  -1 246  -1  -1  -1 
  2  -1  -1  91  -1  -1  -1  -1  -1  -1  18  -1  -1  -1 145  -1 242 159  60  60  -1  -1  -1  -1  -1  -1 
  3  -1  -1  -1  -1  87  -1 232  -1  -1  -1  -1  -1  -1  -1  -1  -1  -1 235  -1  -1  -1  -1  -1 179  -1 
  4  -1 189 111  -1  -1  -1  -1 252 212  -1  -1  15  -1  -1  -1  -1 211  -1  -1  -1  -1  -1  -1  -1 238 
  5  -1 213  -1  -1  -1  -1  26  -1  -1 170  -1  -1  -1  29  -1  -1  -1 291 148 148  -1 113  -1  -1  -1 
  6  -1  -1  -1  -1 259  -1 161 296  -1  -1  -1 108  -1  -1  -1  -1  -1  -1 297  -1  -1  35 120  -1  -1 
  7  -1  -1  -1  -1  67  -1  -1  -1 299  -1  -1 214  -1  -1  -1  -1  43  -1  25  37  -1 128  -1 201  -1 
  8  -1  -1  -1  -1  -1  -1  -1 280 280  -1  -1 196  62 217  -1  -1 154  -1  -1  -1  -1  -1  -1  -1  -1 
  9  -1  -1  86  -1  -1  -1 204  -1  -1  -1  41  -1  -1  -1  -1  -1  -1  -1  -1  -1  -1  -1  -1 199  -1 
 10  -1 249  -1 262  -1  -1  -1  -1  -1  -1  -1  -1  -1 209  -1  -1  -1  -1  -1  -1  -1  -1 150  34  -1 
 11  -1  -1  -1  -1  -1  -1  72 122  -1  -1  -1  79 191  73  -1  -1  -1  80  -1  -1  -1  -1  -1 248  -1 
 12  -1  -1  27 165 175  -1  83  -1  -1  -1  -1 123 167  38 257 172  -1  -1  -1  -1  -1 221  -1 133  -1 
 13  -1  -1 203 219  -1 130 292  -1  -1  -1  -1 131  20  -1  -1  -1  -1  14 264  -1  40  -1  -1  -1  -1 
 14  -1 124 192 192  -1  -1  -1  -1  -1  -1 286  -1 127  -1  -1  -1 282 169  -1  -1  -1  -1 293  -1  -1 
 15  -1 306  -1  88  -1 129  -1  -1  -1  -1  -1  -1  -1 267  -1  -1  -1  -1  70  -1  -1 147  -1  -1  -1 
 16  -1  -1  -1  -1  -1  -1 101 208  -1  -1  42  -1  -1  -1  -1  -1  -1 115 218  -1  -1  -1  -1  -1  -1 
 17  -1  47  57  71  -1  -1  -1  -1  76  -1  -1 253  69  -1  -1  -1  -1  -1 132  -1  -1  -1  -1  -1  -1 
 18  -1  -1  -1 220  -1  -1  -1  28  -1  -1  -1  -1  -1 157  -1  -1  -1 135  89  -1  -1  59 247  -1  -1 
 19  -1  -1  77  -1  -1  -1 277 303 255  -1  -1 265  -1  13  -1  -1  -1  -1 164  -1  -1  -1 243  -1  -1 
 20  -1  78  -1 117  -1 125  81  -1  -1  85  -1  -1 307  58  -1  -1 234  -1 261  -1  -1  -1  23  -1  -1 
 21  -1  -1 284 233  -1  -1  -1  84  -1  -1  -1  -1  -1 116  -1  -1  66 166  -1  -1  -1 240  -1   3  22 
 22  -1 298  -1 254  -1  -1  -1  -1 301  -1  -1  44  -1  -1  -1  -1  -1 155  -1  -1  -1  -1  -1  -1  -1 
 23  -1 100 160  32 198  -1 173  -1  -1  -1  -1  56 104 104  -1  -1 258  -1  -1  -1  -1 276  33  -1  -1 
 24  -1  -1  36  12  -1  -1  64  -1  -1  -1  -1 146 245  -1  -1  -1  -1 188  -1  -1 177 103  -1 152  -1 
 25  -1  -1  -1  -1  -1 305 144  -1  -1  -1  -1  -1  -1  -1  -1  -1 256  -1 114  -1  -1 304 194  -1  -1 
 26  -1  -1  -1  -1  -1 216  -1  -1 126  -1 171 290  39  -1  -1  -1 110  -1  -1  -1  -1 202 158  -1  -1 
 27  -1  -1  -1   0  -1  -1  -1  -1  -1  -1  -1 263 287  -1 176  -1  -1  -1  -1  -1  -1  -1  -1  -1  -1 
 28  -1  -1 223 289  -1  -1  -1  -1  -1  -1  -1  -1  -1 190  -1  -1  -1  -1  -1  -1  -1  -1  -1  -1  -1 
 29  -1  -1  -1  -1  -1  -1  -1  -1  -1  -1  -1  -1 121  -1  -1  -1  -1  -1  -1  45  -1 168  -1  -1  -1 
 30  19  19  19  -1  -1  -1  -1  -1  24  -1  -1  -1  -1   2   2  17  17  30   4   4  -1  -1  -1  -1  -1 
 31  -1  -1  -1  -1  -1  -1  -1  -1  -1  -1  31  31  31  -1  -1  -1  -1  -1  -1  -1  -1  -1  -1  -1  -1 
 32  -1  -1  -1  -1  -1  48  48  63  63  63  -1  -1  -1  46  46  -1  68  -1  -1  -1  -1  74  61  61  -1 
 33  -1  -1  -1  -1  -1  -1  -1  -1  -1  -1  -1  -1  -1  -1  -1  -1  -1  -1  -1  -1  -1  -1  75  75  75 
 34  -1  -1 112  -1  -1  92  92 105 105  -1  -1  -1  -1  -1  -1  -1 118  -1  -1  -1  90  90 107 107 107 
 35  -1  -1  -1  -1  -1  -1  -1 119 119 119  -1  -1  -1  -1  -1  -1  -1  -1  -1  -1  -1  -1  -1  -1  -1 
 36  -1 162 151 151 151 136 136 149 149  -1  -1 156  -1  -1  -1  -1  -1  -1  -1  -1 134 134  -1  -1  -1 
 37  -1  -1  -1  -1  -1  -1  -1 163 163 163  -1  -1  -1  -1  -1  -1  -1  -1  -1  -1  -1  -1  -1  -1  -1 
 38  -1 206  -1 200  -1 180 180 195 195 195  -1  -1  -1  -1  -1 193 193  -1 178 178  -1  -1  -1  -1  -1 
 39  -1  -1  -1  -1  -1  -1  -1  -1  -1  -1 207 207 207  -1  -1  -1  -1  -1  -1  -1  -1  -1  -1  -1  -1 
 40 237 237 244  -1  -1 222 222 224 224  -1 239 239 239 250  -1  -1  -1  -1  -1  -1  -1  -1  -1  -1  -1 
 41  -1  -1  -1  -1  -1  -1  -1  -1  -1  -1  -1  -1  -1  -1  -1  -1  -1 251 251 251  -1  -1  -1  -1  -1 
 42  -1  -1  -1  -1  -1  -1  -1 268 268  -1  -1  -1  -1 288  -1  -1 294 281 281  -1 266 266 283 283 283 
 43  -1  -1 295 295 295  -1  -1  -1  -1  -1  -1  -1  -1  -1  -1  -1  -1  -1  -1  -1  -1  -1  -1  -1  -1 
 44  -1  -1  -1  -1  -1  -1  -1  -1   7  -1  -1 137 314 285 228  -1  -1 226  -1  -1  -1  10  -1  -1  -1 
 45  -1  95  -1  -1  -1  -1 273  -1  -1  -1  -1  -1  -1  -1  -1  -1  -1  -1  -1 271  11  -1  -1 227  -1 
 46  -1 270  -1  -1  -1  -1  -1  -1  -1  -1  -1  -1  -1 230 138  -1  -1   8  50  -1  -1  -1  -1  -1  -1 
 47  -1  -1 181  -1  -1  -1  -1  -1 140  -1  -1  -1  -1  98  -1 109  -1  -1  -1  -1  -1 182  -1  -1  -1 
 48  -1 142 141  -1  -1  -1  -1  -1  -1  -1  -1  -1  -1  -1  -1  -1  -1  -1  -1  -1 225  -1  -1  -1  -1 
 49 310  -1 241 272  -1  -1  -1  -1  53 315  -1 187 153 139  -1 312  -1 269  -1 143  -1  51  -1  -1  -1 
 50  -1  -1  49  -1 309 274  -1  -1  -1  -1  -1  -1  -1  -1  -1  -1  -1 185  -1  99  -1  -1  -1  21 197 
 51  -1 229  -1 183  -1   9  -1   6  -1  -1 316  93  -1 184 275  -1  -1  54  -1  -1  55  -1  -1  -1 311 
 52  -1 186   5  52  -1  -1  -1  -1  96  -1  -1  -1  -1  -1  -1  -1  -1  94  -1  -1  -1  -1  -1  -1  -1 
 53  -1  65  -1  -1  -1  -1  -1  -1  -1  -1  -1  -1  -1  -1  97  -1 313  -1 231  -1  -1  -1 308  -1  -1 

r\t   0   1   2   3   4   5   6   7   8   9  10  11  12  13  14  15  16  17  18  19  20  21  22  23  24 
  0  -1  -1  -1  -1  -1  -1 302 261  82  -1  -1  -1 277  -1  -1  -1  -1 146  41  -1  -1  28  -1  -1  -1 
  1  -1  -1  -1  -1  -1  -1 165  -1 257  -1  -1 210 120 234  -1  -1  -1 115  -1  -1  -1  -1 174  -1  -1 
  2  -1  -1  -1  -1  -1  -1 300  64  -1  -1  -1  -1  -1  -1  -1  -1 209 201 305 131  -1  -1  -1  -1  -1 
  3  -1  -1  -1 247  -1  -1  -1  -1  -1  -1  -1  -1  -1  -1  -1  -1 298  -1  -1  -1  -1 299  -1  -1  -1 
  4  -1  23  -1  -1  -1  -1  -1  -1 126  -1  -1  26  -1 265  -1  -1  -1  -1 157 106  -1 213  81 117  -1 
  5  -1 133  -1  58  -1  -1  -1  16  16  -1  -1  -1  -1  -1  -1  -1  59  -1  -1 176  -1  14  -1  -1  -1 
  6  -1  -1 287  -1  -1  -1 278  -1  -1  -1  -1 263  -1  -1  -1  -1  -1  -1  -1  -1  -1 179  -1  -1  -1 
  7  -1 232 158  -1  -1  -1  -1  -1 293  -1  -1  -1 159  -1  -1  -1  -1  -1  89  -1  -1  -1  -1  -1  -1 
  8  -1  -1  -1 132  -1 238 135  32  -1  -1  -1 286  -1  -1  -1  -1  -1  -1  -1  -1  -1 199  -1  76  -1 
  9  -1  -1  -1  -1  -1  -1  -1  -1  25  -1  -1 252  -1  45  -1  -1 235 108  -1  -1  -1  -1 152  -1  -1 
 10  -1 306  -1  -1  -1  18  -1 121  -1  -1  -1 113  47  -1 169  -1  -1  60  60  -1  -1  43  -1 296  -1 
 11  -1 196  39  69  85  -1  -1  -1  -1  -1  -1  -1  -1 211  -1  -1  -1  -1  -1  -1  83  -1  -1 171  -1 
 12  -1 260  -1  -1  -1  -1  -1 276  -1  37  -1  -1  78  -1  -1  -1  -1  44 175  -1  -1  70  -1  -1  -1 
 13  -1  56  -1 177  38  -1  -1  -1  73  -1  -1  -1  -1 103  -1 262 279  -1 223 220  -1  -1 292  -1  -1 
 14  -1  -1 154  -1 198  -1  87  -1  -1 128  -1 161  20  -1  -1  -1 218  -1 212  -1  -1  -1  -1  -1  -1 
 15  -1  -1 246  35 259  -1  40 170  -1  -1  -1  -1  -1  -1  -1  -1  71  -1  -1  -1  -1 256  80 168  -1 
 16  -1  -1  -1  -1  -1  -1 123 127  -1  -1  -1 194  -1  13  -1  -1 189  -1 145  -1  -1 173 104 104  -1 
 17  -1 203  62  -1  -1  -1  -1 148 148  -1  -1  -1  -1  -1  -1  -1 102  -1  -1  -1  -1 240  -1  -1  -1 
 18  -1  -1  -1  15  -1  -1  -1  -1 160  -1  -1  -1  -1 255  -1 301  -1  -1  -1  -1  -1  -1  -1  -1  -1 
 19  -1  91  -1  -1  -1  -1 304  -1 101  -1 242  66  -1  -1  -1  -1 249 248 303  -1  -1 221  -1  88  -1 
 20  -1 122  22 166  -1  -1 258 130  -1  -1  -1  -1  -1  -1  -1  -1  12  84  -1  -1  -1 147 307 264  -1 
 21  -1 111  -1 144  -1  -1  -1  -1 116  -1  67  -1  -1 164  -1  -1  33  -1 114  -1 215  -1  -1 204  -1 
 22  -1  34  -1   0  -1  -1  -1  -1  -1  -1  -1  -1  -1  -1  -1  -1 124 233  -1  -1  -1  -1  -1  -1  -1 
 23 280 280  29  -1  -1  -1  -1  -1 284 129  -1  -1  -1  -1  -1  -1 150  -1 289  -1  -1  -1 208  -1 217 
 24  -1  -1 291  -1 155  -1  -1  -1 205  -1  -1  -1  -1  -1  -1  -1  -1  -1  86  -1  -1  57  -1  -1  -1 
 25  -1  -1  -1  -1  -1  -1  -1  -1  -1  -1  -1 243 290 219  -1  -1  -1  72  -1  -1  -1  -1  -1  -1  -1 
 26  -1  79  -1 267  -1 214 245 236 236  -1  -1  -1  -1  -1  -1  -1  -1 167  -1  -1 110  -1  -1  -1  -1 
 27  -1   3  -1  -1  -1  -1 191  -1  -1 172  -1  -1   1 188  -1  -1  36  -1  -1  -1  -1  -1  -1  -1  -1 
 28  -1 125  -1 202  -1  -1  -1  -1 192 192  -1  -1  -1  -1  -1  -1  -1  27 216  -1  -1  -1  -1  -1  -1 
 29  -1 297  42 282  -1  -1 100  -1 253  -1  -1  -1 190  -1  -1  -1  77  -1 254  -1  -1  -1  -1  -1  -1 
 30  -1  -1  -1  -1  -1  -1  24  -1   4   4  -1  -1  -1  30  -1   2   2  19  19  19  -1  -1  17  17  -1 
 31  -1  -1  -1  -1  -1  -1  -1  -1  -1  -1  -1  -1  -1  -1  -1  -1  -1  -1  -1  -1  -1  -1  31  31  31 
 32  -1  -1  68  -1  -1  61  61  -1  48  48  -1  74  -1  -1  -1  -1  -1  -1  46  46  -1  -1  63  63  63 
 33  -1  -1  -1  -1  -1  75  75  75  -1  -1  -1  -1  -1  -1  -1  -1  -1  -1  -1  -1  -1  -1  -1  -1  -1 
 34  -1  -1 105 105  -1  -1  -1  -1  90  90 107 107 107  -1  -1  92  92  -1  -1  -1  -1 112 118  -1  -1 
 35  -1  -1 119 119 119  -1  -1  -1  -1  -1  -1  -1  -1  -1  -1  -1  -1  -1  -1  -1  -1  -1  -1  -1  -1 
 36  -1  -1  -1  -1  -1 149 149 162 136 136 151 151 151  -1  -1  -1 156  -1 134 134  -1  -1  -1  -1  -1 
 37  -1  -1  -1  -1  -1  -1  -1  -1  -1  -1  -1  -1  -1  -1  -1  -1  -1  -1  -1  -1 163 163 163  -1  -1 
 38  -1  -1  -1  -1  -1  -1  -1  -1 180 180  -1  -1 200  -1  -1 178 178 193 193  -1  -1 206 195 195 195 
 39  -1  -1  -1  -1  -1 207 207 207  -1  -1  -1  -1  -1  -1  -1  -1  -1  -1  -1  -1  -1  -1  -1  -1  -1 
 40  -1  -1 239 239 239  -1  -1 250 222 222  -1  -1 244  -1  -1 224 224  -1  -1  -1  -1  -1 237 237  -1 
 41  -1  -1  -1  -1  -1  -1  -1  -1  -1  -1  -1  -1  -1  -1  -1  -1  -1  -1  -1  -1  -1  -1 251 251 251 
 42  -1  -1  -1 294  -1  -1  -1  -1 266 266  -1 288  -1  -1  -1 268 268 281 281  -1  -1  -1 283 283 283 
 43  -1  -1  -1  -1  -1  -1  -1  -1  -1  -1  -1  -1  -1  -1  -1  -1  -1 295 295 295  -1  -1  -1  -1  -1 
 44  -1 181  -1  -1  -1 315  -1 138  -1  -1  -1  -1  -1  -1  -1  -1  -1 228  -1  -1  -1  53  -1  52  -1 
 45  -1 273  -1  -1 309  -1 274  -1  -1  -1  -1  -1  -1   8  -1  54  -1 186  -1  -1  -1  -1  -1  -1  -1 
 46  -1 226  -1  -1  -1  -1  -1  -1  -1  -1 316  -1  65  96  -1  -1  -1  94  -1  -1  -1  -1 137  10  -1 
 47  -1  -1  -1  -1  -1  -1   5  49  -1  -1  -1  -1 140  -1  -1  -1  -1  -1 270  -1  -1  -1 272  -1 153 
 48  -1  55  -1  -1  -1 109  -1  -1  -1  -1  -1  21  -1  -1  -1 143  -1  -1 241  -1  -1   7  97  -1  -1 
 49  -1  -1  -1  -1  -1  -1  -1  99  -1  -1  -1  -1 229 231  -1  -1  -1 139  -1  -1  -1  -1  -1  -1  -1 
 50  -1  -1  -1  50  -1  -1 183   9  -1  -1  -1  -1  -1 141  -1  -1  -1  -1  -1  -1  -1 275  -1 230  -1 
 51  -1  -1 308  -1  -1  -1 225 227  -1  -1  -1  -1  -1  -1  -1  -1  51  -1  -1  -1  -1  -1  -1  -1  -1 
 52  -1  -1  -1  98  -1  -1  95  -1  -1  -1  -1  -1 184 187  -1  -1  -1  -1 185  -1 314  -1  -1 142 311 
 53 310  -1 197  -1  -1  -1  -1 271  -1  -1 285 313 269  -1 312  -1  -1  -1   6  -1  -1  93  11 182  -1 

r\t   0   1   2   3   4   5   6   7   8   9  10  11  12  13  14  15  16  17  18  19  20  21  22  23  24 
  0  -1  -1 113  -1  -1  -1 265  -1  -1 216  -1  88  -1  -1 302  45 293  -1  -1 126  -1 221  -1 108  -1 
  1  -1  79 267  -1  -1  -1  12  -1  -1  -1  -1  -1  27  -1  -1  -1  -1  -1 202  -1  -1  -1  -1  -1  -1 
  2  -1 133  -1 212  -1  -1 121  -1  -1  -1  -1  -1  -1  -1  -1  -1  -1  -1 235  -1  -1 147  -1  -1  -1 
  3  -1 301 165  -1  -1  -1  -1 194  47  -1 306  -1 213  -1  -1  -1 264  -1  20  -1  -1 117  -1  -1  -1 
  4  -1  58  -1 278  39  -1 214  -1 261  -1  -1  -1  -1  -1  -1  -1  -1 240  -1  -1  -1  -1  -1  42  -1 
  5  -1 277 190 160  -1  87 125  -1  -1  -1  -1  82 245  36  -1  -1  -1 291 148 148  -1  -1  15  -1  -1 
  6 199  -1  25  -1  -1  -1  -1  -1 258  -1  -1 144 102  44  -1  -1  -1 305  72  -1  -1  -1  -1 179  -1 
  7  -1  -1 262  -1  -1 286 205  -1 249  -1  -1  -1  -1 114 215  -1  -1  -1  -1  -1  -1  -1  -1  -1  -1 
  8  -1  -1  -1  -1  -1  -1  -1  43 155  -1  -1  -1  -1  33  -1  -1  -1  -1  -1  -1  -1 174  -1  -1  -1 
  9  -1  -1  -1  -1  -1  -1  35  -1  -1  -1  -1  -1 280 280  81  -1  -1  -1  -1  -1  -1  -1  -1  -1  -1 
 10  38  -1  -1  -1  -1  84  -1  -1  -1  -1  -1 169 208 168 129  -1  -1  -1  -1  -1  -1  -1  -1  -1  -1 
 11  -1  -1 296  32  -1 128  -1  -1 159  -1  -1  34  -1 203  -1  -1 256  -1   1  -1  -1  41 111 246  -1 
 12  -1  -1  -1  -1  -1  -1  -1  -1 276  -1  67  -1  -1  -1  -1  -1  -1  -1  -1  -1 220  -1  -1  -1  -1 
 13  -1 243  -1  -1  -1  -1  -1  -1  -1  -1 287  -1  -1  14  -1  -1 234  -1  -1  -1  -1  -1 191  -1 106 
 14  18  -1  -1 255  -1  -1  -1  -1 188  -1  -1  78  -1  -1  -1  -1  -1  -1  26  -1  -1  59 279  -1  -1 
 15  -1 196  -1 120  66  -1 164  -1  -1 130  -1  -1 192 192  -1  -1  -1  -1  -1  -1  -1  28  -1  -1  -1 
 16  -1  -1  -1  73  -1  -1 189  -1   0  -1  -1  40 219 298  -1  -1 201  -1  -1  -1  -1  -1  -1  -1  -1 
 17  -1 152 304  -1  37  -1  -1 211  29  -1  85  -1  -1  -1  -1  -1  -1  -1  -1  -1  -1  -1  -1  -1  -1 
 18  -1  -1  -1  -1  -1  -1 223  62  76  -1  -1  -1  -1  -1  -1  -1 101  -1  -1 131  -1  -1  -1  -1  -1 
 19 303  -1  -1  56  -1  -1 127 158 123  -1  -1 166  -1  -1  -1  -1 157  -1  -1  -1 175 110  -1  -1  -1 
 20 150  -1 282 292  -1  -1 284  -1  -1  -1  -1  -1  -1  -1  -1  -1  22  -1 171  -1  -1  -1  -1  -1  -1 
 21  -1 204  -1  -1  -1  -1 259  71  -1  -1  -1 289  60  60  -1  -1  -1 154 167  -1  -1  -1  -1 209  -1 
 22  -1  -1  86  83  -1  -1 290 300 263  -1  -1  -1 115  -1  -1  -1  -1  -1  -1  -1  -1  70  -1  -1  -1 
 23  -1  -1  69 177  -1  -1 238  -1 210  -1  -1  -1  -1 253  -1  -1  64  -1  -1  -1  -1  -1  -1  -1  -1 
 24  -1 299  -1  -1  -1  -1  57 116  -1  -1  -1  -1  -1  -1  -1  -1   3  -1  -1  -1  -1 161 247  -1  -1 
 25  -1  -1  -1  -1  -1  -1 254  -1  -1  -1 217  -1 236 236  -1  -1  -1  -1  -1  -1  -1  -1 218  -1  -1 
 26  -1  -1  -1  -1  -1  -1  -1 242 103  -1  -1 233  -1 145 176  -1  -1  80 122  -1  -1  -1  -1  -1  -1 
 27  -1  -1 252 260  -1  -1  -1  -1  -1  -1 198  13 173  -1  -1  -1 307  -1  -1  -1  -1  -1 170  -1  -1 
 28  -1  -1 104 104  -1  -1  77  -1 135  -1  -1  -1  -1 100 172 257  -1  23 297  -1  -1  91  -1  89  -1 
 29  -1  -1  16  16  -1  -1 132 248 232  -1  -1  -1 146  -1  -1  -1  -1  -1  -1  -1  -1  -1  -1 124  -1 
 30  -1  24  -1  -1  -1  -1  -1  19  19  19  -1  -1  -1   4   4  -1  -1  30  -1  -1   2   2  -1  17  17 
 31  -1  -1  -1  -1  -1  -1  -1  -1  -1  -1  -1  -1  -1  -1  -1  -1  -1  -1  -1  -1  -1  -1  31  31  31 
 32  -1  -1  48  48  -1  -1  -1  -1  -1  -1  -1  -1  -1  74  -1  -1  68  63  63  63  46  46  61  61  -1 
 33  -1  -1  -1  -1  -1  -1  -1  -1  -1  -1  -1  -1  -1  -1  -1  -1  -1  -1  -1  -1  -1  -1  75  75  75 
 34  -1  -1  92  92  -1 107 107 107  90  90  -1 118  -1  -1  -1  -1  -1 105 105  -1  -1  -1 112  -1  -1 
 35  -1  -1  -1  -1  -1  -1  -1  -1  -1  -1  -1  -1  -1  -1  -1  -1  -1 119 119 119  -1  -1  -1  -1  -1 
 36  -1  -1 162  -1  -1 151 151 151  -1  -1  -1  -1  -1 134 134 136 136 156  -1  -1  -1  -1 149 149  -1 
 37  -1  -1  -1  -1  -1  -1  -1  -1  -1  -1  -1  -1  -1  -1  -1  -1  -1  -1  -1  -1  -1  -1 163 163 163 
 38  -1  -1 200  -1  -1  -1  -1  -1 178 178  -1 206  -1  -1  -1 180 180 195 195 195 193 193  -1  -1  -1 
 39  -1  -1  -1  -1  -1  -1  -1  -1  -1  -1  -1  -1  -1  -1  -1  -1  -1  -1  -1  -1 207 207 207  -1  -1 
 40  -1 244 237 237  -1  -1  -1  -1  -1  -1  -1 250  -1 222 222 224 224  -1  -1  -1  -1  -1 239 239 239 
 41  -1  -1  -1  -1  -1  -1  -1  -1  -1  -1  -1  -1  -1  -1  -1  -1  -1 251 251 251  -1  -1  -1  -1  -1 
 42  -1  -1  -1  -1  -1  -1  -1  -1 266 266  -1 288 268 268  -1  -1  -1 283 283 283 281 281  -1 294  -1 
 43  -1  -1  -1  -1  -1  -1  -1  -1  -1  -1  -1  -1  -1  -1  -1  -1  -1  -1  -1  -1 295 295 295  -1  -1 
 44  -1  49  -1 141  -1  -1 185  -1  65  -1  -1  -1  -1  93  55  -1  -1  -1  -1  -1  -1 182  -1  -1  -1 
 45  -1 273  -1 270  -1  -1  -1  -1  -1  -1  -1 186 137  -1  -1  -1  -1  -1  -1  -1  -1  -1  -1  -1  -1 
 46  -1   7  11  -1  -1 312  -1  -1  -1  54  -1  -1 187 184  -1  -1  52  -1  -1  -1  -1  -1  -1 197  -1 
 47 241  -1  -1  -1  -1  -1  -1  -1  -1  -1  -1  -1  -1  -1 271  -1  96  -1  -1  -1  -1  -1  -1  -1  -1 
 48 314  -1  -1  -1  -1  -1  -1 285  -1  -1  -1 230  51  -1  -1  95  -1  -1 142  -1  -1 139  -1  -1  -1 
 49  -1 183 228  -1 310  -1  -1 313  -1  -1 311  53  97  -1  -1  -1  -1 315  -1  -1 140  -1 309 275  -1 
 50  -1  94  -1  -1  -1  -1   8  -1  -1  -1  -1  10  -1  -1  -1  -1  -1  -1  -1  -1  -1  -1  -1  -1 316 
 51  -1  -1 153  -1  -1  -1  -1  -1  -1  -1  -1  -1  21  -1  99  -1  -1  -1  -1  -1  -1  -1  -1   6  -1 
 52  -1  -1 181 226  -1  -1  50  -1  -1 225 109 269 227  -1  -1 274  -1  -1  -1  -1  98 272  -1  -1  -1 
 53  -1  -1  -1   5  -1  -1  -1  -1 231 143  -1 138  -1  -1  -1   9  -1  -1  -1 308  -1  -1  -1 229  -1 

r\t   0   1   2   3   4   5   6   7   8   9  10  11  12  13  14  15  16  17  18  19  20  21  22  23  24 
  0  -1  -1  -1  -1  -1  -1  -1  -1  -1  -1 221 168  -1  -1  -1  -1  -1  -1  -1  -1 303  -1 217  -1  -1 
  1  -1 254  -1  -1 306  -1  -1  -1  -1  -1  -1 284  -1  -1  -1  -1  -1 192 192  -1 286  28 167 194  -1 
  2  -1  -1  -1 100  -1  -1  -1  58  -1  -1  -1  -1  -1  -1  -1  -1 108  -1  -1  -1  -1  -1  -1 129  -1 
  3  -1 277  -1 253  -1  -1 111 158  -1  -1  83  -1 265 173  -1  -1 161  -1  -1  -1  -1  22  -1  -1  -1 
  4  -1  -1  -1  -1  -1  -1 164  -1  13  -1  -1 205 236 236  37  -1 190  80  -1 171  -1  -1  -1  -1  -1 
  5  -1 301  -1 132  -1  -1  -1  -1 102  -1  -1  78  -1  -1  -1  -1  23 212  -1  -1  -1  -1 215  -1  -1 
  6  -1  -1 202  82  -1  -1 211  77  -1  -1  -1  -1  -1  -1  -1  -1 170  -1 291  -1  -1  -1 280 280  -1 
  7  -1  -1  -1  -1  -1 106  -1 208  -1  42  -1  -1 148 148  -1  -1 305  26  -1  -1 150  -1  -1  87  -1 
  8  -1  -1  -1  -1  -1  -1  66  -1 279  -1  -1  -1  34  -1  -1  -1   3 252  -1  -1  -1  -1  -1  86  -1 
  9  -1  -1 267 278  -1  -1  -1  -1  -1  -1  -1  -1  -1  -1  -1  -1 117  -1 307  -1  -1  -1  -1 296 263 
 10  -1  -1 282  -1  -1  -1 258 302  38  -1  -1  -1  60  60  -1  -1  -1 297  20  -1  -1  -1  -1  -1  -1 
 11  -1 165  -1 116  -1  -1  -1 246 115  -1  -1  -1  -1  -1  -1  -1  -1  -1 304  -1  -1  -1 292 130  -1 
 12  -1  -1 300 234  -1  -1  -1  -1   0  -1  -1  57  -1 223  -1  -1  -1  -1  -1  -1  -1  -1  -1  -1  -1 
 13 238  -1  -1  -1  -1  -1  -1  25 159  -1  -1 240  -1  -1  -1  -1  -1  15  -1  -1  -1  62  -1 233  -1 
 14  -1  -1  27  47  -1  -1  -1  -1 248 198  -1 103  -1 262  -1  -1 260  -1  72  -1  -1  -1  81  -1  -1 
 15  -1  -1 128  -1  -1  -1 114  -1  -1  -1 213  -1  -1 191  -1  -1 249  -1  -1  -1  -1 287  -1  -1  -1 
 16  -1  -1  -1  -1  -1  -1  -1  14  -1  -1  -1  -1 120 276  -1  -1 261  -1  44  -1  -1  -1  -1  76  -1 
 17  -1 175  -1  70  -1  40  79 219  -1  -1 131  -1  -1 113  -1 177  88  -1   1  -1  -1  -1  -1  91  -1 
 18  -1  -1 152  -1  -1  -1  -1 124  -1  -1  -1  -1  -1  -1  -1  -1  -1  -1 204  -1  -1  -1  -1 255  -1 
 19  -1  33 121  12  -1  -1 247  -1 298  -1  -1  -1  -1 166  -1  -1 147  -1  -1  -1  -1 235  69  -1  -1 
 20  -1  -1  -1 203  -1  -1  -1 289  -1  -1  -1 144 196  -1  -1  -1 232  -1  -1  84  -1 199  -1  -1  -1 
 21  -1  -1 245  -1  -1  -1  -1  -1 135  -1  -1  -1  16  16  18  -1 201  -1  -1  -1 174  -1  -1 179  -1 
 22  -1  -1  -1  -1  -1  -1 243  -1  -1  -1  -1  35  -1  -1  -1  -1  -1  -1 256  -1 214  -1 145  -1  -1 
 23  -1 110  64  -1  -1  -1  -1  73  -1  -1  -1  -1  -1  -1  -1  -1  -1  -1  -1  -1  -1  -1  -1 209  -1 
 24  -1 293 133  -1  -1  -1  -1  -1  45 257  -1  -1  85  -1  -1  -1  -1  -1  -1  -1  -1  -1  -1  -1  -1 
 25  -1 123  -1  36  -1  -1  -1  89  -1  -1 218  -1  -1  -1  -1  -1  71  -1  -1 127 126 299  -1  -1  -1 
 26  -1 242  -1  -1  -1  -1  -1  39  -1  -1  -1  -1 290  29  -1  -1  -1 104 104  -1  -1  -1 122 169  -1 
 27 216  -1 101 146 176  -1  32  -1 155  67  -1 188  -1  -1  -1  -1  56  -1  -1  -1 259  -1 264 220  -1 
 28  -1  59  -1 160  41  43  -1  -1 210  -1  -1  -1  -1  -1  -1  -1  -1  -1  -1  -1  -1  -1  -1  -1  -1 
 29  -1 154  -1  -1  -1  -1  -1  -1 172  -1  -1  -1  -1  -1  -1  -1  -1 125  -1  -1  -1  -1 189 157  -1 
 30  19  19  19   4   4  -1  -1  -1  24  -1   2   2  -1  -1  -1  -1  30  -1  -1  -1  -1  -1  17  17  -1 
 31  -1  -1  -1  -1  -1  -1  -1  -1  -1  -1  -1  -1  -1  -1  -1  -1  -1  -1  -1  -1  -1  -1  31  31  31 
 32  -1  -1  -1  -1  -1  -1  68  -1  -1  -1  48  48  -1  74  -1  46  46  61  61  -1  -1  -1  63  63  63 
 33  75  75  75  -1  -1  -1  -1  -1  -1  -1  -1  -1  -1  -1  -1  -1  -1  -1  -1  -1  -1  -1  -1  -1  -1 
 34  -1  -1  92  92  -1  -1  -1  -1  -1  -1  90  90 107 107 107  -1  -1 112 118  -1 105 105  -1  -1  -1 
 35  -1  -1  -1  -1  -1  -1  -1  -1  -1  -1  -1  -1  -1  -1  -1  -1  -1  -1  -1  -1 119 119 119  -1  -1 
 36  -1 162  -1  -1  -1 151 151 151  -1  -1  -1  -1 136 136  -1  -1  -1  -1 149 149  -1 156 134 134  -1 
 37  -1  -1  -1  -1  -1  -1  -1  -1  -1  -1  -1  -1  -1  -1  -1  -1  -1 163 163 163  -1  -1  -1  -1  -1 
 38 195 195 195  -1  -1  -1  -1 193 193  -1 178 178  -1  -1  -1  -1  -1  -1 180 180  -1 206 200  -1  -1 
 39  -1  -1  -1  -1  -1  -1  -1  -1  -1  -1  -1  -1 207 207 207  -1  -1  -1  -1  -1  -1  -1  -1  -1  -1 
 40  -1  -1  -1 222 222  -1  -1 237 237  -1  -1 250  -1 244  -1 224 224 239 239 239  -1  -1  -1  -1  -1 
 41  -1  -1  -1  -1  -1  -1  -1  -1  -1  -1  -1  -1  -1  -1  -1  -1  -1  -1  -1  -1 251 251 251  -1  -1 
 42  -1  -1  -1 266 266 281 281  -1  -1  -1  -1 288  -1 294  -1 268 268 283 283 283  -1  -1  -1  -1  -1 
 43  -1  -1  -1  -1  -1 295 295 295  -1  -1  -1  -1  -1  -1  -1  -1  -1  -1  -1  -1  -1  -1  -1  -1  -1 
 44  -1  -1  -1  -1  -1  -1  -1  -1  -1  -1  -1  -1 225  -1  -1  -1  -1  55 137  -1  -1  -1  -1  -1  -1 
 45  -1  -1  -1  -1  -1  -1  -1  10 183  -1  -1  -1  51  11  -1 140  -1  -1  -1  -1  -1  -1  -1 109  -1 
 46  -1  -1  -1 182  94  -1  -1  -1 228  -1  -1  -1  -1  -1 315  99  -1  -1  -1  -1  -1  -1   5  -1  -1 
 47  -1  -1 230  65  49  -1  21 272  -1  -1  -1 139  -1  -1  -1  -1  -1  93  95  54  -1  -1  -1  -1 310 
 48  -1  -1  -1  -1  -1  -1 197  53  96  -1  -1  -1 184  -1  -1  -1 185  -1  -1   9  -1  -1 186  -1  -1 
 49 312  -1  -1  -1  -1 314 313 181 275  -1  -1 269  -1  -1  -1  -1  -1  -1  -1  -1  -1  -1  -1  52  -1 
 50  -1  -1  -1  -1  -1  -1  -1  -1  -1  -1 271  -1   6 274  -1   7  -1 187 226  -1  -1 308  98  -1  -1 
 51  -1 311  -1  -1  -1  -1  -1 141  -1  -1  -1  -1  -1  -1  -1  -1  -1   8  -1  -1  -1  -1  -1  -1 241 
 52  -1  -1  -1  -1 143  -1  -1 231  -1  -1 138  -1  -1  50  -1  -1  -1  -1 270  -1  -1  -1 227  -1  -1 
 53  -1  -1  -1  -1  -1  -1  -1  -1  -1 316  -1 229  -1  -1 285  -1 142  -1  -1  97 309 153  -1 273  -1 

r\t   0   1   2   3   4   5   6   7   8   9  10  11  12  13  14  15  16  17  18  19  20  21  22  23  24 
  0  45   0  -1  -1  -1  -1  -1  -1  -1  -1  -1 215  -1  -1 305  -1  -1  -1  -1  -1  -1 126 298  -1  -1 
  1  -1  -1  -1  -1 106  -1 167  -1  33  -1  -1 301  -1  -1 131  -1  -1  -1  -1  -1  -1  -1  -1  -1  -1 
  2  -1  -1  -1 290  -1  -1 135 286  -1  -1  -1  -1 201  -1  82  -1  -1 160  83  -1  -1 279 147  -1  -1 
  3  -1  -1  -1  26  -1 221  84  34  -1 110  -1  -1  -1 171  -1  -1  -1  -1  44  -1  -1 264  -1  -1  -1 
  4  -1 247  -1  -1 263  -1 213 302  -1  -1  -1  58  42  -1  -1  -1  -1 172  -1  -1  -1  -1 189  -1  -1 
  5 177 168  -1  -1  -1  -1  -1  -1  62 150  -1  39  -1 155  -1  -1  76  -1 108  -1  -1  -1  -1  73  -1 
  6 265  -1  -1  -1  -1  -1 211  -1  86  -1  -1 144  -1  -1  -1 287  85  -1  -1  -1  -1 128  -1  -1  -1 
  7  -1  91 218  -1  -1  -1 101  -1 296  -1  -1  -1  -1 293  -1  -1  -1  15  -1  -1  -1  -1  -1  25  -1 
  8  -1  -1  -1 158  -1  -1  -1 205  -1  -1  -1  -1 103  -1  -1  -1  -1  -1  -1  -1  -1  -1  -1  -1  -1 
  9  -1  -1  -1 203  -1  -1 276  -1 284 238  -1  -1 291  -1  -1  -1  -1  -1 174  -1  -1  -1 258 188 307 
 10  -1  -1  -1  -1  -1  -1  -1 100 223  -1  -1  -1  -1  -1  -1  -1  -1  -1  -1 169  -1 204  -1  -1  -1 
 11  -1  67  -1  -1  -1  -1  -1  81  -1  -1  -1 212  -1  -1  -1  -1 191  -1  -1  -1  -1 170  -1  -1  -1 
 12  -1  -1  -1  -1  -1  -1  -1  -1  -1  -1  -1  -1  -1  79  -1  -1 262  -1 209  22  -1  -1 252  -1  -1 
 13  37  -1  43  -1  -1  -1 210  -1  69  -1  -1 254  72 246  -1  -1  -1  -1  -1  -1  -1 255 176  88  -1 
 14  -1 111  -1  -1  -1  -1  -1  -1  87  -1  -1  -1  -1 303  -1  -1 146 115  -1  -1  -1  32  16  16 127 
 15  -1  -1  -1  -1  -1  -1  80 192 192  -1  -1  20  -1  66  -1  -1  -1  -1  -1  -1  -1  -1  -1 208  18 
 16  -1  -1 282 179  -1  -1 292  -1  -1  -1 216 122  -1  -1  -1  -1  -1  -1  57  -1  40 152  -1 289  -1 
 17  -1  -1  -1 278  -1  -1  -1  -1  -1  -1  -1  -1 249  -1  -1  -1   1  -1 196  -1  -1 219 261  -1  -1 
 18  -1 233  -1 113  -1  -1 240 299  -1  -1  -1  38  -1  -1  -1 236 236  -1  23  -1  -1  64  -1  -1  -1 
 19  -1  12  -1 248  -1  -1  -1 267 132 198  -1 257  -1  -1  -1  -1 214  -1  35  -1  -1  -1 104 104  -1 
 20  -1  -1  -1  -1  -1  -1 253  -1 242  -1  -1  -1  -1  -1  -1  -1  -1  71  77  -1  -1 232  -1  -1  -1 
 21  -1 120 243  -1  -1  -1 173  14  -1  -1 304  -1  -1  -1  -1  -1  -1  -1  -1  -1  -1 175  -1  -1  -1 
 22  -1 133  -1  -1  -1  -1  56  70  -1  -1  -1  28  -1  -1  -1  -1  -1  -1  -1  -1  -1  -1  -1  -1  -1 
 23  -1  78 194 306  -1  -1 116  59 157  -1 125  -1  -1  -1  -1  -1  -1  -1 165  -1  -1  -1  -1 234  -1 
 24  -1 277  -1  -1  -1  -1  13  -1  -1  -1  -1  -1 164  -1  -1  -1 124  -1  -1 130  -1  -1  -1  -1  -1 
 25  -1  -1  -1 199  -1  -1  36  -1  -1  -1  -1  -1  -1 159  -1  -1  -1  29   3  -1  -1  -1  -1  -1  -1 
 26  -1 190 300  -1  -1  -1  27 145  -1  -1  -1 166 154  -1 129  -1  -1  -1  -1  -1  -1  -1  -1 161  -1 
 27  -1  47  -1  -1  -1  -1  -1  -1  -1  -1  -1  -1  -1 202  -1  -1 256  -1  89  -1  -1  -1  -1  -1  -1 
 28  -1 260  -1 235  -1  -1  -1  -1 245  -1  -1 102  41  -1  -1  -1 217  -1 114  -1  -1 220  -1 117  -1 
 29  -1  -1  60  60  -1  -1  -1 121 123  -1  -1 297  -1  -1  -1  -1  -1 148 148  -1  -1 259 280 280  -1 
 30  -1  30  19  19  19  -1   4   4  -1  -1   2   2  17  17  -1  -1  -1  -1  -1  -1  -1  -1  24  -1  -1 
 31  -1  -1  -1  -1  -1  -1  -1  -1  -1  -1  -1  -1  31  31  31  -1  -1  -1  -1  -1  -1  -1  -1  -1  -1 
 32  -1  -1  74  -1  -1  46  46  -1  -1  -1  48  48  -1  68  -1  63  63  63  -1  -1  -1  -1  61  61  -1 
 33  -1  -1  -1  -1  -1  -1  -1  -1  -1  -1  -1  -1  -1  -1  -1  -1  -1  -1  -1  -1  75  75  75  -1  -1 
 34  -1  -1 105 105  -1  -1  -1  90  90  -1  92  92  -1  -1  -1 107 107 107  -1  -1  -1 118 112  -1  -1 
 35  -1  -1  -1  -1  -1  -1  -1  -1  -1  -1  -1  -1 119 119 119  -1  -1  -1  -1  -1  -1  -1  -1  -1  -1 
 36  -1  -1 151 151 151  -1  -1 156  -1  -1 136 136  -1  -1  -1  -1 162 134 134  -1  -1  -1  -1 149 149 
 37  -1  -1  -1  -1  -1  -1  -1  -1  -1  -1  -1  -1  -1  -1  -1  -1  -1  -1  -1  -1 163 163 163  -1  -1 
 38  -1  -1 200  -1  -1  -1  -1 180 180  -1 178 178 195 195 195  -1  -1  -1  -1  -1 193 193 206  -1  -1 
 39  -1  -1  -1  -1  -1  -1  -1  -1  -1  -1  -1  -1  -1  -1  -1 207 207 207  -1  -1  -1  -1  -1  -1  -1 
 40  -1  -1 244  -1  -1  -1  -1 250  -1  -1 224 224 239 239 239  -1  -1  -1 237 237  -1  -1 222 222  -1 
 41  -1  -1  -1  -1  -1  -1  -1  -1  -1  -1  -1  -1  -1  -1  -1  -1  -1 251 251 251  -1  -1  -1  -1  -1 
 42  -1  -1  -1  -1  -1 266 266  -1  -1  -1 268 268 283 283 283  -1 294 281 281  -1  -1 288  -1  -1  -1 
 43  -1  -1  -1  -1  -1  -1  -1  -1  -1  -1  -1  -1  -1  -1  -1  -1  -1 295 295 295  -1  -1  -1  -1  -1 
 44  93 187  -1 227  -1  -1  -1  -1  -1  -1  -1  -1  65  -1  54  -1  -1  -1  -1  -1  -1  53  98  52  -1 
 45  -1  -1  -1  -1  -1  99  -1  51  -1 285  -1  -1  -1  -1  -1 314  -1  11  -1 316  -1  -1  -1  -1  -1 
 46 139  -1  -1  50  -1 185  -1  -1  -1  -1  -1  -1  -1  -1  -1  -1  -1 184  -1  -1  -1  -1  -1  -1 309 
 47  -1  -1  -1  -1 312   9  -1 230  -1  -1  -1  -1  -1  -1  -1  -1 272  -1  -1  -1  -1 182   5   6 241 
 48  -1  -1  -1  -1  -1  -1 153  -1  -1  -1  -1  -1 315  -1 140  -1  -1  -1  -1 197  -1  -1  -1 186  -1 
 49  -1 231 313  -1  -1 138  97 137  -1 311  -1  -1  -1  -1  -1  -1  -1  -1 270 109  -1  -1 142  -1  -1 
 50  -1  -1  -1  -1  -1  -1  -1  -1  -1  -1  -1  -1  -1 308  -1  -1 226  -1 181  -1  -1  -1  -1  -1  -1 
 51  -1  -1  -1  95  -1  -1 183  -1 274  -1  -1  -1  -1  -1  -1  -1  55  49  -1  -1  -1  96  -1  -1  -1 
 52   8  -1  -1  -1  -1  -1 229  -1  10  -1  -1  -1  -1  -1  -1  -1 143  94  -1  -1 310  -1  -1 275  -1 
 53 225 269  -1 271  -1  -1  -1  -1  -1  21  -1  -1  -1  -1  -1  -1  -1 228  -1  -1  -1   7 273 141  -1 

r\t   0   1   2   3   4   5   6   7   8   9  10  11  12  13  14  15  16  17  18  19  20  21  22  23  24 
  0  -1 218  -1 297  -1  -1  -1  -1  -1  -1  -1 267  -1  -1  -1  -1  59  -1 255  -1  -1   3  -1  -1  -1 
  1  -1 259 247 157  -1  -1  -1  -1  56  44  -1  -1 121  -1  -1  -1 235 191  -1  -1  -1  -1  -1 188  -1 
  2  -1  70  -1  -1  -1 172  -1  -1  -1  -1  -1  -1  -1 301 174  -1  -1  -1 304  -1  -1  -1  -1 114  -1 
  3  -1 146 260 280 280  -1  45  -1 122  -1  -1  35 263 203  -1  -1  -1  -1  14  -1  -1 290  -1  76  -1 
  4  -1  -1  -1  -1  -1 214  28  -1  -1 171   1  -1  -1  -1  -1  -1 132  -1 165 220 302  71 238  37  -1 
  5 265  58  -1  -1  -1  -1 276 159  -1  -1  -1 123 243 253  -1 175 296 201  -1  -1  -1  -1 115 160  -1 
  6  -1  -1  -1  -1  -1  -1 158  -1  -1  -1  -1  86  29 116  -1  -1 108  -1  -1  -1  -1 258  -1  23  -1 
  7  -1  -1  -1  -1 198  -1  -1  -1  -1  -1  -1 161  -1  -1  -1  -1  -1  -1 277  -1  -1 278  -1 252  -1 
  8  -1  33  -1  -1  -1  -1  -1  -1 208  -1  -1 169  73  -1  -1  -1  -1  -1  -1 177  -1  77  38 282  -1 
  9  -1  -1 291   0  -1  -1  -1 103  -1  -1  84  -1  -1 129  -1  -1  -1  -1  -1  -1  -1 152  -1 307  -1 
 10  -1 166  16  16  -1  -1  -1  -1  -1  -1  -1  -1 147 111  -1  -1 164 240  -1  -1  -1  -1  -1  -1  -1 
 11  -1  -1  -1  -1  -1 221  -1  66 289  -1  -1 216  -1  -1  -1 199  -1  -1  -1  -1  -1  32  -1 236 236 
 12  -1  -1  -1  -1  -1  -1  -1  -1  43  -1  -1  -1  -1  -1  -1  -1  -1  91 233  -1  -1 100  18  -1  -1 
 13  -1  -1  -1  -1 150  -1 298  -1  -1  -1  -1  -1  87  62  -1  -1  15  60  60  -1  81  -1 155  -1  -1 
 14  -1  -1  -1  -1  -1  -1  -1 279 234  -1  -1 300  -1  -1  -1  22 212  -1  -1  -1  -1 133  -1  -1  -1 
 15  -1 286 135 248  -1  -1  -1  -1  78  -1 176  -1  -1  -1  -1  -1  -1  -1  -1  -1  -1  -1  -1  -1  -1 
 16  -1  -1  -1 179  -1  -1  -1  -1  -1  -1  -1  -1  -1  -1  -1  -1 173 303  72  -1  -1 261  -1  -1  -1 
 17  -1  -1  -1 205  -1  -1  -1  -1  -1  -1 148 148  -1  79  -1  -1  -1  -1  26  -1  -1 168  -1 154 219 
 18  -1  -1  -1  -1  -1  -1  -1 192 192  -1  -1  -1  -1  -1  -1  -1  -1 130  -1  -1  -1 209  -1  -1  -1 
 19  -1  -1 117  -1  -1  -1  -1  -1 249  42  -1 287 293  -1  -1  -1  80  -1  -1  -1  -1  -1  -1  -1  -1 
 20  -1 127 167  -1  -1  -1  64  -1  -1  -1 223  -1  -1 170  -1  -1  -1  -1  -1  -1  -1  -1  -1  -1  -1 
 21  82 126  -1  -1  -1  -1  -1  -1  -1  -1  -1  -1 202 262  -1  -1 257 110 144  -1  -1 125  -1  83  -1 
 22  -1  -1  -1  27  -1 306  20 242  -1  -1  -1  47  -1  -1  -1  -1  -1 292  -1  -1  -1  39  -1  -1  -1 
 23  -1 124  -1  -1  -1  -1 189 256  -1  -1  -1  -1  -1  -1  -1  -1  -1  13  -1  -1  -1  -1  -1  -1  -1 
 24  -1  12 145  -1  -1 131  -1  -1 102  -1  -1 128  -1  -1  -1  -1  -1  -1 101  -1  -1  -1  -1  -1  -1 
 25  -1 246 196  36  -1  -1  -1  -1  -1  -1  -1  -1  -1  -1  -1  -1  -1 113 299  -1  -1 217  -1  -1  -1 
 26  40  -1  -1  -1  -1  -1  -1  -1  -1  -1  -1  -1 254  -1  -1  -1  89  -1  85  -1  -1  -1  -1  -1  -1 
 27  -1  -1  -1  -1  41  -1  -1  -1 305  -1  -1  67 106  -1  -1  -1  -1  -1  -1  -1  -1  88  -1  -1  -1 
 28  -1  -1  -1 194  -1  -1 232  -1 284  -1  -1 245  -1  -1  -1  -1 190  34 120  -1 215 264  -1  25  -1 
 29  -1  -1 104 104  -1  -1 211 210  -1  -1  -1  69  -1  -1  -1  -1  -1  -1 204  -1 213  57  -1  -1  -1 
 30   2   2  -1  -1  -1  -1  -1  17  17  -1  -1  -1  19  19  19  -1  30  -1   4   4  -1  -1  24  -1  -1 
 31  -1  -1  -1  -1  -1  -1  -1  31  31  31  -1  -1  -1  -1  -1  -1  -1  -1  -1  -1  -1  -1  -1  -1  -1 
 32  48  48  -1  61  61  -1  -1  74  -1  -1  -1  -1  -1  -1  -1  46  46  68  -1  -1  -1  -1  63  63  63 
 33  -1  -1  75  75  75  -1  -1  -1  -1  -1  -1  -1  -1  -1  -1  -1  -1  -1  -1  -1  -1  -1  -1  -1  -1 
 34  92  92  -1 112  -1  -1  -1  -1  90  90 105 105  -1  -1  -1  -1  -1  -1  -1  -1  -1 118 107 107 107 
 35  -1  -1  -1  -1  -1 119 119 119  -1  -1  -1  -1  -1  -1  -1  -1  -1  -1  -1  -1  -1  -1  -1  -1  -1 
 36 136 136  -1  -1  -1  -1  -1 151 151 151 134 134  -1  -1  -1 149 149  -1 162  -1  -1  -1 156  -1  -1 
 37  -1  -1  -1  -1  -1  -1  -1  -1  -1  -1  -1  -1 163 163 163  -1  -1  -1  -1  -1  -1  -1  -1  -1  -1 
 38  -1  -1  -1  -1  -1 178 178  -1 180 180  -1  -1 195 195 195  -1  -1  -1  -1  -1 193 193 200 206  -1 
 39 207 207 207  -1  -1  -1  -1  -1  -1  -1  -1  -1  -1  -1  -1  -1  -1  -1  -1  -1  -1  -1  -1  -1  -1 
 40 224 224 239 239 239  -1  -1  -1 222 222 237 237  -1  -1  -1  -1  -1  -1  -1  -1  -1 244 250  -1  -1 
 41  -1  -1  -1  -1  -1  -1  -1  -1  -1  -1  -1  -1  -1  -1  -1 251 251 251  -1  -1  -1  -1  -1  -1  -1 
 42  -1  -1 268 268  -1 266 266  -1  -1  -1  -1  -1 283 283 283 281 281  -1  -1  -1  -1  -1 294 288  -1 
 43  -1  -1  -1  -1  -1  -1  -1 295 295 295  -1  -1  -1  -1  -1  -1  -1  -1  -1  -1  -1  -1  -1  -1  -1 
 44  -1  -1  -1 141  -1  -1 225 315  -1  -1  -1  -1  -1  -1  -1 274  -1 226  -1 138 109  53  -1  -1  -1 
 45  -1  -1  -1  -1  -1 140  -1  -1   8  -1  -1  -1  -1  -1 309  -1  -1  -1 229 271  -1 184  -1  -1  -1 
 46  -1  -1  -1  -1  -1   7  -1  -1  -1  -1  -1  -1  -1  -1  -1  97  -1  51  -1  -1  -1  21 311  -1  -1 
 47  -1  -1  -1  -1  -1  -1  -1  -1  -1  -1  98 230  -1 241  -1 143 227 153 272  -1  -1  -1  -1  -1  -1 
 48  -1  -1  -1  -1  -1  -1 137  -1  -1  -1  -1  -1  -1  -1  -1  -1 181  -1 142  -1  -1  -1  -1  -1  -1 
 49  -1  -1  11  94  -1  55  -1  -1  -1  -1  -1  -1  -1  -1  -1  -1 273 269 183  99 310  -1  -1  -1 316 
 50  -1  -1  93  -1  -1  -1  -1  -1  -1  -1  -1  10 313  -1  -1  -1  -1 186  -1  -1  -1  -1 285  -1  -1 
 51  -1  -1 187  -1  -1  -1   6  -1  49  -1 275 182  65 314  -1  -1  -1   9  95  -1  -1 228  -1 308  -1 
 52  -1 185  -1 231 312  -1  -1  -1 139  -1  50  96  -1  -1  -1  -1  -1  -1  52  -1  -1  -1 197  -1  -1 
 53  -1  -1  -1  -1  -1  -1  -1  -1 270  -1  -1  -1  -1  -1  -1  -1   5  -1  -1  54  -1  -1  -1  -1  -1 

r\t   0   1   2   3   4   5   6   7   8   9  10  11  12  13  14  15  16  17  18  19  20  21  22  23  24 
  0  -1  -1  -1  -1 126  -1  -1  -1 279  -1  -1  -1 254  -1  -1  -1 240  -1  -1  -1  -1  -1  72  -1  -1 
  1  -1 157 190 120  -1  -1 242 236 236 170  -1  38  -1 302  -1  -1 124 160 144  -1  -1  -1  -1  -1  -1 
  2  -1 191  -1  -1  -1  82 210  -1  -1  -1  -1 292 277  -1  -1  -1 179 145  -1  -1  -1  -1  -1  80  -1 
  3  -1 257   1  -1  -1  -1  -1  -1  -1  -1  -1 213  -1  60  60  -1  86  -1  -1  -1  -1 212  -1 264  -1 
  4  -1 208  -1 188  -1 130  -1  -1  -1  -1  -1 286  -1  -1  -1 258  -1  37  26  -1  -1 219  -1  -1  -1 
  5  -1  -1  -1  -1  -1  -1  -1 174 189  -1 220  -1 106  -1  39  -1  -1 245  -1  -1  -1  -1  -1 306  -1 
  6  -1  -1  -1  -1  -1  -1  64  -1 304  -1 131  -1  -1  -1  -1 198 253  59  -1  -1  -1  -1  -1  -1  -1 
  7  -1  47  -1 146  -1  -1  -1  -1  -1  -1  -1  79 234  -1  -1  -1  12  -1 168  -1  -1  -1  -1 305  -1 
  8  -1  -1  -1  -1  -1  -1 150  -1 211  -1  -1 249 296  -1  -1  -1 267  -1 223  -1  -1  23  -1  -1  -1 
  9  -1  29  -1 167  -1  -1  -1  -1  70  -1  -1  -1  -1  -1  -1  -1  -1  -1  -1  -1  -1  -1  -1  -1  -1 
 10  -1  -1  -1  -1  -1  -1 121  18  -1  -1  -1  28  73 214  -1  -1  -1  -1  -1  -1  -1 155  -1 132  -1 
 11  -1  -1 113  -1  22  -1 161 199  -1  -1 133  -1  -1  -1  -1  -1 282 196  -1  -1  -1  36 165  -1  -1 
 12  -1 232  -1  57  -1  -1  13  -1  -1  -1  -1  -1  -1 100  -1  -1  -1  -1  -1 303  -1  -1 263  -1  -1 
 13  -1 260  -1  -1 129  -1  43  -1 252  -1  -1  -1  -1 248  -1  -1  -1  -1  56  -1  -1  -1  -1  -1  -1 
 14  -1 101  -1 103  -1  -1  -1 255  -1  -1  -1  42  -1  -1  -1  -1  -1  -1 243  85  -1  -1  -1  -1 127 
 15  -1  -1  -1  44  -1  -1 135  -1  -1  -1  -1  -1  -1 278  -1  -1  58 202  -1  -1  -1  -1  -1  -1  -1 
 16  -1  -1  -1  35  -1 192 192  -1  -1 221  -1 235  -1  -1  -1  -1  -1  76  -1  -1  -1 238  -1  -1  -1 
 17  -1  -1  -1 300  -1  -1 289  -1  14  -1  -1 205  -1  -1  -1  -1  -1  16  16  -1  -1  27 201  -1  -1 
 18  -1 290 102  -1  -1  -1 276  -1  -1  -1  -1  -1  -1 158  -1  -1  77  -1  -1  -1  -1  -1  -1 209 261 
 19 265  -1  -1 280 280 262  -1  -1  -1  -1  -1  -1  -1  -1  -1 301 203  -1 177  -1  -1  -1  -1  -1  -1 
 20  -1  -1  -1  -1  -1  -1  -1  -1  -1  -1  -1 154  91  -1  -1 169  89  -1  -1  -1  -1  62  -1  -1  -1 
 21  -1  -1  -1  -1  -1 110  -1 104 104  -1 128  -1  -1  88  -1  -1 147  -1  -1  -1  -1 256  -1 217  -1 
 22  -1  78  -1  -1 173  -1  -1   3  -1  -1  -1  -1  -1 299  -1  -1  -1  -1  -1  -1  -1 175  -1 291  -1 
 23  -1 152 284  -1  67  -1  -1 116 298  -1 176 111  -1  -1  -1  -1  -1  34  -1  -1  -1  -1  -1  -1  -1 
 24 307  -1 166 247  -1  -1  -1  -1  -1  -1  -1  -1 148 148  -1  84  -1  -1  -1  -1  -1 297  -1 164  41 
 25  -1  15  -1  20  -1  -1  -1  -1 123  81  -1  -1  -1 117  -1  -1  -1  -1 115  -1  -1 215  -1  -1  -1 
 26 218  -1 125  -1  -1  -1  -1  -1  25  -1  -1  -1  -1  69  -1  -1 108 114  -1  -1  -1 287   0  -1  -1 
 27 216  -1  45 204  -1  -1  -1  -1  40  -1  -1 159  -1  -1  -1  -1 194  -1  71  -1  -1  -1  -1  -1  -1 
 28  -1  87 246  -1  -1  -1  32  -1  -1  -1  -1  -1  -1 233  -1  -1  -1  -1  -1  -1  -1 122  -1  33  -1 
 29  -1  -1  -1  -1  -1  -1  -1  -1  -1  -1  -1  66  -1  -1  -1  -1 259  -1  -1  -1  83 171 293  -1 172 
 30   2   2  -1  -1  -1  -1  -1  24  -1  -1  -1  -1  17  17  -1  -1  30   4   4  -1  -1  -1  19  19  19 
 31  -1  -1  -1  -1  -1  -1  -1  -1  -1  -1  -1  -1  31  31  31  -1  -1  -1  -1  -1  -1  -1  -1  -1  -1 
 32  -1  -1  -1  74  -1  -1  -1  61  61  -1  -1  -1  48  48  -1  -1  -1  46  46  -1  -1  68  63  63  63 
 33  -1  -1  -1  -1  -1  75  75  75  -1  -1  -1  -1  -1  -1  -1  -1  -1  -1  -1  -1  -1  -1  -1  -1  -1 
 34  92  92  -1  -1  -1  -1  -1  -1  90  90  -1 118 112  -1  -1  -1  -1 107 107 107  -1  -1 105 105  -1 
 35  -1  -1  -1  -1  -1  -1  -1  -1  -1  -1  -1  -1  -1  -1  -1  -1  -1  -1  -1  -1 119 119 119  -1  -1 
 36 134 134  -1  -1  -1  -1  -1 149 149  -1  -1  -1  -1  -1  -1  -1 156 136 136  -1  -1 162 151 151 151 
 37  -1  -1  -1  -1  -1  -1  -1 163 163 163  -1  -1  -1  -1  -1  -1  -1  -1  -1  -1  -1  -1  -1  -1  -1 
 38 178 178 206  -1  -1  -1  -1 200 180 180  -1  -1 193 193  -1  -1  -1  -1  -1  -1 195 195 195  -1  -1 
 39  -1  -1  -1  -1  -1  -1  -1  -1  -1  -1  -1  -1 207 207 207  -1  -1  -1  -1  -1  -1  -1  -1  -1  -1 
 40 224 224 239 239 239  -1 244  -1  -1  -1  -1  -1 222 222  -1  -1  -1  -1 250  -1  -1  -1 237 237  -1 
 41  -1  -1  -1  -1  -1  -1  -1  -1  -1  -1  -1  -1  -1  -1  -1  -1  -1  -1  -1  -1  -1  -1 251 251 251 
 42  -1 266 266  -1  -1  -1  -1 288 268 268  -1  -1  -1  -1  -1  -1 294  -1 281 281  -1  -1 283 283 283 
 43  -1  -1  -1  -1  -1  -1  -1  -1  -1  -1  -1  -1  -1  -1  -1  -1  -1 295 295 295  -1  -1  -1  -1  -1 
 44  -1  -1  98  -1  -1 315  -1  -1 229  -1  -1 313 184  -1  -1 316  -1  -1  -1  -1 241  -1  -1  -1  -1 
 45  -1  -1  -1  97  -1  -1   5  -1  53   9  -1  -1  -1 275  -1  -1  -1  -1  -1  -1  -1  -1  -1  -1  -1 
 46  -1  -1 153   6  -1  -1 270  93 139  -1 271  -1  -1  -1  -1  -1  49  -1  -1  -1  -1 308 182  96  -1 
 47  -1  -1 185  -1  -1  -1  95 285  -1  -1  11  -1  -1  -1  -1  -1  -1  94  -1  -1  -1  -1 141 181  -1 
 48  -1  65  -1  -1  -1  -1  -1  -1  -1  -1  99 197  -1 140  -1 109  -1 230  -1  -1  -1  -1 228 227  -1 
 49  55  -1  -1 231  -1  -1  -1  -1   7  -1  -1  -1 269  -1  -1  -1 138 187  -1  -1  -1  -1 273  -1  -1 
 50  -1  -1  -1 186  -1  -1  51  -1  -1  50  -1  -1 143  -1  -1  -1   8  -1  -1  -1  -1  -1  -1  -1  -1 
 51  -1  -1  -1  -1 311  -1 183 226  -1  -1  -1  -1  -1  -1 314  -1 225  -1  -1  -1  -1  -1  -1  -1  -1 
 52  -1  -1  -1 274  -1  -1  -1  -1  -1  -1  54  21  -1  -1  -1  -1  -1 272  -1 312 310  -1  52  -1  -1 
 53  -1  -1  -1 142  -1  -1  -1 137  -1  -1  -1  -1  10  -1  -1  -1  -1  -1  -1  -1  -1  -1  -1  -1 309 

r\t   0   1   2   3   4   5   6   7   8   9  10  11  12  13  14  15  16  17  18  19  20  21  22  23  24 
  0  -1  -1  64  -1  -1  -1 161  -1  -1  -1  -1  -1 209 296  -1  -1  89  -1  -1  -1  -1  -1  16  16  -1 
  1  37  -1  -1  12  -1 221 123  -1  -1  -1  -1  -1  -1  59  -1  -1  -1  -1 111  -1  -1 188 155  -1  -1 
  2  -1  -1 247  -1 171  -1  73  -1  -1  -1 287 304  -1  13  -1  -1  -1  -1  -1  -1  -1  81  -1  60  60 
  3 169 196  -1  40  -1  -1  -1  -1  -1  -1  -1  -1 148 148  -1  -1 254  -1  -1  -1  -1  -1  -1  -1  -1 
  4  -1  -1  -1 279  -1  -1  -1 286  -1  -1  -1  -1  -1  -1  -1  -1  -1  -1  -1  -1  -1  -1 194 101  -1 
  5 263  -1  -1  -1  -1  -1 278  35  -1  -1  -1  -1  -1  -1  -1  -1  -1  -1  -1  -1  -1  -1  -1  -1  -1 
  6 199 232  -1  -1  -1  -1  -1  -1  -1  -1  -1  -1  -1  25  -1  -1 282 191 245  -1  -1  -1  -1  71  -1 
  7  -1  -1  -1  -1  -1  91  -1  -1  -1  -1  -1  -1  -1  -1  -1  -1  -1  -1  23  -1  -1  84  -1 305 216 
  8  -1  -1 160  -1  -1  -1 215 128  -1  -1  -1  -1  -1  -1  -1  -1  -1  -1  76  -1  -1 100 110  -1  -1 
  9  -1  -1  -1  -1  -1  -1 211  -1  -1  -1  -1 252 166 201  -1  -1  -1  -1  -1  -1  -1  44  -1 130  41 
 10  -1 144  -1  -1  -1  -1  -1  -1  -1  -1  -1  -1 299  -1 176  -1 205 242  -1  -1  38  26  -1  -1  -1 
 11  -1 164  -1  -1  -1  -1 129  -1  -1  -1  -1 212 214  -1  -1  -1 267  -1  -1  -1  -1  -1  -1 292  -1 
 12  -1  -1  -1 248  -1  -1 147  -1  -1  -1 198  78 131 235  -1  -1  39  -1  -1  -1  -1  -1 246 133  -1 
 13  -1  56  -1  79  -1  -1  85  -1  18  -1  -1 219  -1 261  -1  -1  -1 213  -1  -1  -1  -1 300  -1  -1 
 14  -1  -1 202 159  -1  -1 240  -1  -1  -1  -1  -1  -1  -1  -1  -1 145  43  -1 307  -1 154  -1 115  -1 
 15  -1  69  -1 258  -1  -1 103  -1 127 302 259  -1  -1  -1  -1 106  -1  -1  -1  -1  -1  -1 114  -1  -1 
 16  -1  -1  -1  36  -1  -1  -1  -1  88  -1  -1  -1  32  -1  -1 218  15 167  -1  -1  -1  -1  -1 152  -1 
 17  -1  -1  33  66  -1  -1 256  -1  -1  -1  83  -1  47 255  -1  -1  -1 102 157 217  -1  -1 126 203 301 
 18  -1 204  -1  -1  -1  -1  -1  -1 208  -1 170  -1  -1  -1  -1  -1  -1  -1  28  -1  -1  -1  82  77  -1 
 19  -1  -1 236 236 223  -1 297  -1  -1  -1  -1  -1 122  -1  42  -1  -1  -1  -1  -1  -1 135  -1  -1  -1 
 20  -1 165 190  -1  -1  -1  -1 293 116  -1  -1  -1  20  -1  -1  -1 179  -1  -1  -1  -1 249  62  -1  -1 
 21  -1 290 265  -1 262  -1  58  -1   3  -1  -1  14 280 280  -1  -1  -1  -1  87 238  -1  72  -1  -1  -1 
 22  -1  -1 113 177  -1  -1  -1 121  -1  -1  -1 220 192 192 173  -1 298  -1  -1  -1  -1  -1  -1  -1  -1 
 23  -1  -1 104 104  -1  -1  -1  -1  -1  -1  -1 284  -1  -1  -1  -1  -1  -1  -1  -1  -1  -1  -1 303  -1 
 24  -1  -1  -1   0  -1  -1 264 125  -1  -1  -1 146 172  -1  -1  -1  -1  -1  -1  67 174  -1  -1 189  -1 
 25  -1 132  -1  -1  -1  -1 210  -1 277  -1  -1  -1 233 168  -1  -1  70  -1  -1  -1 306  -1 158  -1  -1 
 26 260  27  -1  -1  -1  -1  -1  -1  -1  -1  -1  57 253  -1  -1  -1 124  80 243  -1  -1  -1  -1  -1  -1 
 27  -1 108  -1  -1  -1  -1  -1  -1  -1  -1  -1  -1  -1  -1  -1  -1  -1  -1  -1  -1  -1  -1  -1  -1  -1 
 28  -1 120  -1  -1  -1  -1   1  86  29  -1  -1 234  -1  -1  -1  -1  -1 150 289  -1 175 257  -1  -1  -1 
 29  -1 276  45  -1  -1  -1  -1  -1 291  -1  -1  -1  -1  -1  -1  -1  -1 117  -1  22  -1  -1  -1  34  -1 
 30  19  19  19  -1  -1  -1  -1  -1  -1  -1  -1  24  -1   4   4  -1  -1  -1  -1  -1  17  17  30   2   2 
 31  -1  -1  -1  -1  -1  -1  -1  -1  -1  -1  -1  -1  -1  -1  -1  31  31  31  -1  -1  -1  -1  -1  -1  -1 
 32  -1  -1  -1  68  -1  48  48  61  61  -1  -1  -1  74  -1  -1  -1  63  63  63  -1  -1  -1  -1  46  46 
 33  -1  -1  -1  -1  -1  -1  -1  75  75  75  -1  -1  -1  -1  -1  -1  -1  -1  -1  -1  -1  -1  -1  -1  -1 
 34  -1  -1  -1  92  92  -1  -1 107 107 107  -1  -1  -1 105 105  -1  -1  -1 112  -1  -1 118  -1  90  90 
 35  -1  -1  -1  -1  -1  -1  -1  -1  -1  -1  -1  -1 119 119 119  -1  -1  -1  -1  -1  -1  -1  -1  -1  -1 
 36  -1  -1 151 151 151 134 134 149 149  -1  -1 136 136  -1  -1  -1 156  -1  -1  -1  -1 162  -1  -1  -1 
 37  -1  -1  -1  -1  -1  -1  -1 163 163 163  -1  -1  -1  -1  -1  -1  -1  -1  -1  -1  -1  -1  -1  -1  -1 
 38  -1 180 180  -1  -1  -1  -1 195 195 195  -1  -1  -1  -1  -1  -1  -1  -1 193 193  -1 206 200 178 178 
 39  -1  -1  -1  -1  -1  -1  -1  -1  -1  -1  -1  -1  -1  -1  -1  -1  -1 207 207 207  -1  -1  -1  -1  -1 
 40  -1 244  -1  -1  -1  -1  -1 237 237  -1  -1  -1  -1 222 222  -1  -1 250  -1  -1 239 239 239 224 224 
 41  -1  -1  -1  -1  -1  -1  -1 251 251 251  -1  -1  -1  -1  -1  -1  -1  -1  -1  -1  -1  -1  -1  -1  -1 
 42  -1  -1  -1 294  -1  -1  -1  -1 266 266  -1 288 268 268  -1  -1  -1  -1 281 281  -1  -1 283 283 283 
 43  -1  -1  -1  -1  -1  -1  -1  -1  -1  -1  -1  -1  -1  -1  -1  -1  -1 295 295 295  -1  -1  -1  -1  -1 
 44  -1  -1  -1 142 269  -1  -1  -1  -1  -1 109  -1  -1 139  -1  -1  -1  -1  -1 310  -1 187  -1  -1  -1 
 45  -1  -1  -1 229 185  -1  -1  -1  -1  -1  -1 275  96  98 138  -1  10  -1  -1  -1  -1  -1 313  -1 143 
 46 285  -1  -1 272  -1  -1 231  -1  49  -1  -1   8  -1  -1  -1  -1 197  -1  -1  -1  -1  -1  -1  -1  -1 
 47 311 273  -1  -1  -1 274  -1  -1  -1  -1  -1  -1 227  -1  55  -1  -1  -1 308  -1  -1  11  -1  -1  -1 
 48  -1  -1  -1  -1  -1 183  -1  -1  -1  -1  -1 182   7  -1  -1  -1  -1  -1  -1  -1  -1 270  -1  -1  -1 
 49  -1  99 137  -1  -1  -1  -1  21  -1  -1 309  -1  -1  -1  -1  -1  -1 314  -1  -1  -1  -1  -1  -1  -1 
 50  -1 230  -1  -1  54  -1  -1  -1 226  -1 241  50  -1 186 271 316 228  -1  -1  -1 312  -1  -1  -1  -1 
 51  -1  52  94  -1  -1   9  -1  -1  -1  -1  -1  -1  65  -1  -1  -1 141  -1  -1  -1  -1  -1  -1  -1  -1 
 52  -1  -1  -1  -1  -1  -1 184  -1 140  -1  -1  -1 181  -1  -1  -1  -1  -1 153  -1  -1  95  -1  -1  -1 
 53  -1  -1 225  -1   5  -1  93 315  -1   6  -1  97  -1  51  -1  -1  53  -1  -1  -1  -1  -1  -1  -1  -1 

r\t   0   1   2   3   4   5   6   7   8   9  10  11  12  13  14  15  16  17  18  19  20  21  22  23  24 
  0  -1  -1  -1  -1  -1  -1  -1  -1  14  -1  -1 256  -1 292  -1  -1   0  58 194  -1  -1 246 104 104 221 
  1  -1  -1 280 280  -1  -1 209  -1 101  -1  -1  81 213 100  -1  -1  -1  -1  -1  -1  -1  -1 242 216  -1 
  2  -1  -1  15  -1  -1  42 303  -1  25  -1  -1  -1  -1  -1  -1  -1 114  -1  88  -1  -1  -1  -1  -1 175 
  3  -1  -1  -1  -1  -1  -1  -1   3  -1  -1 127  -1  71 191  -1  -1  -1 208  -1  -1  -1  -1  -1  -1  -1 
  4  -1  -1 166 133  -1  -1  -1 201  -1  -1  -1 126  -1  -1  -1  -1  -1  -1 263  -1  -1 277  -1  -1  -1 
  5  -1 254 154  26  -1  -1 262  -1  -1  -1  -1  76  -1  -1  -1  -1  85 115  -1  -1  -1 164  -1  -1 198 
  6  -1 259  66 212  -1  -1  -1  -1  -1 305  -1  -1  -1 235  -1  -1  57  -1 132  -1  -1  -1  -1  -1  -1 
  7  -1  -1  39 117  -1  -1  -1 245 264  -1 169  36 157  -1  -1  -1  -1 189 223  -1  -1  -1  -1  -1  -1 
  8  -1  -1  -1  -1  -1  -1  -1  -1 301  -1  -1 146  -1  -1  -1  -1  -1  79  -1  -1  82  -1  -1  -1  -1 
  9  -1 293 135  -1  -1  -1  -1  -1  45  -1  -1  12  -1  -1 130  -1 160  -1 108  -1  -1  73  -1  -1  -1 
 10  -1  -1  -1 174  -1  -1  38  -1  -1  -1  -1  -1  -1  -1  -1  -1  -1 176  -1  -1  86  13 121  -1  -1 
 11  -1 111  34  -1  -1 131  -1  32 276  -1  -1 299 196  -1  -1  -1  -1  -1 179  -1  -1  -1  -1  -1  -1 
 12  -1 287  -1  -1  -1  -1 125  -1  -1  -1  40  -1  33  -1  -1  -1  -1 165 243  -1  -1  64  -1  -1  -1 
 13  -1  23  -1 152  -1  -1  -1  -1  -1  -1  -1  27  -1  -1  -1  -1  28  -1  -1  -1  -1  -1  -1 278  -1 
 14 219 202  -1  -1  -1  -1  -1  -1  -1  -1  -1 113 240  -1  -1  -1  -1  -1 144  -1  -1  -1  -1  -1   1 
 15  -1  67  -1  -1  -1 155  -1  -1  -1  -1  -1 190  -1 304  87 302  -1 252  44  -1  -1  -1 199  -1  -1 
 16  -1  -1  -1  56  -1  -1 150 282  -1  -1  -1  -1 148 148  -1  -1  20 173  -1  -1  -1  -1  -1  -1  -1 
 17  -1  37 103  -1  89  -1  -1  -1 147  -1  -1  43  -1  -1  -1  -1  -1  -1  72  -1  -1  -1  -1  -1 171 
 18 306  -1 248  -1 307  -1 170 122  -1  -1  -1 167  -1  -1  -1  -1  -1  -1 260 238  -1  -1  -1 203  -1 
 19  -1  -1  78  -1 220  -1 298  -1  -1  -1  -1  91 128  77  -1  -1  -1  -1  -1 106  -1  -1  -1 116  -1 
 20  22  -1 124  -1  -1  -1  -1  -1  -1  -1  -1 257  -1  -1  -1  -1 284  -1 255  -1  -1 211 286  -1  -1 
 21  -1 168  -1  -1  -1 218  69  -1  -1  -1  -1  -1 120  -1  -1  -1 210  -1  -1  -1  -1  -1  -1 247  -1 
 22  -1  -1  -1  -1  -1  -1  -1  -1 253  -1  60  60  -1  -1  -1  -1  -1  -1 204  -1 265  -1  -1  -1  -1 
 23  -1  -1  -1  84  -1  -1  -1  18 289  -1  -1 110  -1  -1  -1  -1  -1  -1  59  -1  -1  -1  -1  -1  -1 
 24  -1  -1 188 249  -1  -1  -1  -1  70  -1 129  -1  -1  -1  -1  -1  -1 145  -1  -1 192 192 300  29  -1 
 25 236 236  -1 291  -1  -1 161  -1  -1  -1  -1 205 296  -1  -1  -1  -1 279  -1 258  -1  -1  16  16  -1 
 26  -1  -1  -1  -1  -1  -1 261 267  -1  -1  -1  -1  -1  -1  -1 172  -1  -1  -1  -1  -1  -1 159 158  -1 
 27  -1  -1 297  -1  -1  -1  62  -1  -1  -1  -1 214  -1  -1  -1  -1  -1 215  -1 217  -1  35  -1 232  -1 
 28  -1  -1  47 102  -1  -1  -1  -1  -1  -1  -1  83  -1  -1  -1  -1  -1  -1  -1  -1  -1 123  -1  -1  -1 
 29  -1  -1  -1 177  -1  -1  -1  80  -1  -1  41 233  -1  -1  -1  -1  -1  -1  -1  -1  -1 234  -1 290  -1 
 30  -1  30  -1  -1  -1  -1  24  -1  -1  -1   4   4  19  19  19  -1  -1  17  17  -1   2   2  -1  -1  -1 
 31  -1  -1  -1  -1  -1  -1  -1  -1  -1  -1  -1  -1  -1  -1  -1  -1  -1  31  31  31  -1  -1  -1  -1  -1 
 32  -1  -1  -1  74  -1  -1  -1  -1  -1  -1  48  48  63  63  63  -1  -1  68  -1  -1  46  46  61  61  -1 
 33  -1  -1  -1  -1  -1  -1  -1  -1  -1  -1  -1  -1  -1  -1  -1  -1  -1  -1  -1  -1  -1  -1  75  75  75 
 34  -1 112  -1  -1  -1 105 105  -1  -1  -1  -1  -1  -1  -1  -1 107 107 107 118  -1  90  90  -1  92  92 
 35  -1  -1  -1  -1  -1 119 119 119  -1  -1  -1  -1  -1  -1  -1  -1  -1  -1  -1  -1  -1  -1  -1  -1  -1 
 36  -1  -1  -1  -1  -1  -1  -1  -1  -1  -1  -1 134 134 156  -1 149 149  -1 162  -1 136 136 151 151 151 
 37  -1  -1  -1  -1  -1  -1  -1 163 163 163  -1  -1  -1  -1  -1  -1  -1  -1  -1  -1  -1  -1  -1  -1  -1 
 38 193 193  -1  -1  -1 195 195 195 206  -1 178 178  -1  -1  -1  -1  -1  -1  -1  -1 180 180 200  -1  -1 
 39  -1  -1  -1  -1  -1  -1  -1  -1  -1  -1  -1  -1 207 207 207  -1  -1  -1  -1  -1  -1  -1  -1  -1  -1 
 40  -1  -1 237 237  -1  -1 250 239 239 239 222 222  -1  -1  -1  -1 244  -1  -1  -1 224 224  -1  -1  -1 
 41  -1  -1  -1  -1  -1  -1  -1  -1  -1  -1  -1  -1 251 251 251  -1  -1  -1  -1  -1  -1  -1  -1  -1  -1 
 42  -1  -1  -1 266 266  -1  -1 288  -1  -1 268 268 283 283 283  -1 294  -1 281 281  -1  -1  -1  -1  -1 
 43  -1  -1  -1  -1  -1  -1  -1  -1  -1  -1  -1  -1  -1  -1  -1  -1  -1 295 295 295  -1  -1  -1  -1  -1 
 44  -1 153 274  -1  -1 312 285  -1  -1  65  -1  -1  -1 273  -1  -1  -1  -1  -1  -1  -1  -1  -1  -1  -1 
 45  -1  -1  -1  -1   9  -1  -1  52 137  -1  -1  -1  -1  -1 314  -1 272  -1  -1 311  -1  -1  -1   8  -1 
 46  -1  -1  97   5  -1  -1  -1 182  -1 316  -1  -1  95  -1  -1  -1  96 270  -1  -1  -1  -1  -1 269  -1 
 47  -1  -1  -1  49  -1  -1  -1  -1  98  -1  -1  -1  -1  -1  -1  -1  -1 139  -1  -1  -1  -1  -1  -1  -1 
 48  -1  -1 184  -1 140  -1 308  -1  -1  -1  -1  -1  -1 138  -1  -1  -1  -1  -1  -1  -1  -1  -1  -1 271 
 49  -1  -1  -1  -1  -1  -1  -1  -1   6  -1  -1  -1  53  11  -1  -1 230  51  -1  -1  -1  -1  -1  54  -1 
 50  -1  -1  -1 227 183  -1 241 225  -1  -1  -1  -1  -1 181  -1  -1 186  -1  -1  -1  -1  -1  -1  -1  -1 
 51  -1  -1   7  -1  -1  -1  21  -1 231  -1 143  -1  -1  -1  -1  -1  -1  -1  -1  -1  -1 275  -1  -1  -1 
 52  -1 315 229  94  -1  -1  -1 142 187  -1  -1  -1  -1  93  -1 309 141  10  -1 197  -1  -1  -1 228  -1 
 53 310  -1  -1  -1  55  -1  -1  -1  -1  -1  99  -1  -1  -1 109  -1  50 226  -1  -1  -1  -1 313 185  -1 

