1 35034 460.281000 14898 1709 635 454 3000 7500 1600
2 13967 452.169000 12810 1607 775 428 5000 3500 1500
3 7118 445.227000 11966 1688 750 428 2000 5000 2100
4 17127 438.846000 12434 1449 757 428 4000 4500 1300
5 12363 444.338000 10459 1496 632 431 2000 4500 1400
6 20997 444.026000 14643 1563 764 416 4000 6000 1900
7 2751 431.155000 20308 1514 843 451 9000 6000 2500
8 16389 427.817000 12117 1349 633 435 4000 4000 1700
9 9706 444.962000 15123 1666 709 448 4000 7000 1300
10 21943 438.690000 19289 1514 646 429 8000 7000 1700
