317
2 5
14 16
5 30
16 20
20 30
23 53
13 45
11 49
1 44
12 50
18 46
8 48
1 8
21 6
23 16
12 29
8 10
17 30
22 0
2 30
13 1
16 50
10 20
7 26
7 30
6 7
13 10
2 13
23 0
16 23
12 30
17 31
8 7
1 17
21 28
22 18
1 26
22 20
6 2
3 1
24 16
7 8
4 11
15 12
11 11
6 16
17 32
12 2
7 32
13 52
21 53
16 51
23 50
1 50
5 53
14 52
11 12
23 1
13 7
22 25
7 6
15 32
3 6
0 32
18 3
24 51
12 28
9 26
13 32
8 27
1 16
17 2
11 14
7 23
23 32
20 33
3 24
17 29
18 17
13 19
2 29
4 9
20 10
23 3
13 29
21 18
9 22
18 7
1 24
11 3
20 34
2 20
13 34
6 46
8 45
12 46
16 48
7 51
17 44
5 44
21 4
6 20
1 22
17 4
12 14
7 34
3 16
22 34
16 26
15 51
10 24
2 11
6 34
23 29
11 2
13 16
1 2
7 18
12 34
17 35
21 12
2 12
18 29
3 29
8 28
0 29
2 2
16 17
21 29
9 17
3 26
20 25
17 26
21 16
5 36
7 15
13 36
11 51
12 52
23 44
20 45
2 45
16 47
1 46
16 7
6 8
23 21
1 13
12 6
10 36
7 16
17 36
21 26
22 48
3 9
8 3
12 36
11 6
17 0
16 19
6 9
3 13
8 36
0 37
18 21
8 2
23 25
13 15
22 1
18 11
0 7
18 5
18 4
16 0
18 2
19 11
2 0
20 29
5 38
1 0
13 38
8 46
17 51
23 52
18 50
11 47
21 50
12 48
18 8
21 8
11 9
17 12
12 12
8 38
16 13
2 38
6 28
22 51
24 7
1 9
11 38
1 28
21 25
23 24
3 15
6 10
12 38
7 39
16 1
13 17
17 18
17 3
2 6
14 28
9 28
5 26
11 16
16 21
12 0
22 19
16 5
2 9
13 40
1 4
20 40
12 45
7 48
17 45
23 46
18 51
8 49
11 44
16 4
11 7
12 24
13 18
20 7
7 40
19 14
22 40
6 17
15 46
1 15
3 18
3 40
11 15
23 12
22 26
21 21
1 25
17 40
5 41
18 24
16 24
12 17
8 21
2 17
16 18
13 11
16 9
12 16
24 25
19 12
21 2
2 18
20 20
6 42
21 1
13 42
17 52
11 53
5 49
16 46
18 45
8 44
1 51
7 12
2 15
6 19
17 24
10 4
18 42
12 15
22 42
8 19
3 49
4 19
21 11
3 42
3 5
23 13
12 23
6 23
13 20
16 42
17 43
7 19
11 10
2 16
8 16
22 23
13 21
14 27
3 2
1 1
0 6
12 10
20 12
19 48
24 52
9 48
15 45
10 52
3 44
4 50
22 49
0 47

