317
17 27
12 2
5 30
11 15
20 30
1 46
16 46
2 50
10 50
15 53
23 48
7 51
16 7
23 17
21 10
1 5
5 14
2 30
8 26
17 30
12 9
22 47
11 2
13 13
23 30
22 6
17 8
13 28
6 16
1 29
16 30
2 31
21 17
11 27
7 18
8 28
12 11
3 7
9 24
1 28
19 0
6 6
8 3
17 5
12 7
20 0
5 32
21 18
15 32
17 50
10 46
8 50
1 47
11 53
7 48
23 51
12 6
16 28
23 25
6 13
8 13
2 32
13 2
17 32
1 25
21 52
22 11
14 6
13 32
12 17
18 11
8 20
6 0
1 11
21 32
2 33
16 10
8 29
22 5
11 3
17 24
2 19
13 8
16 4
14 18
10 21
8 24
11 21
17 29
7 17
15 34
21 9
10 34
8 53
12 46
6 44
2 45
20 49
1 45
5 47
12 4
11 4
1 12
16 14
8 12
23 34
4 27
17 34
7 15
21 49
13 0
3 6
6 34
16 9
11 17
13 15
1 22
8 21
12 34
22 35
18 12
2 21
21 29
3 4
7 8
3 13
2 2
18 28
3 1
1 18
12 16
8 25
23 16
1 19
15 36
8 1
10 36
21 44
20 45
6 45
7 44
2 51
12 45
5 48
6 12
21 22
23 7
16 1
12 21
17 36
22 19
2 36
7 2
9 51
8 23
14 14
6 36
8 18
3 12
23 28
12 1
16 22
13 36
17 37
22 18
11 9
21 4
7 12
2 13
7 23
7 19
20 13
24 11
17 20
21 1
1 26
7 5
18 19
5 38
10 2
20 38
2 46
1 44
16 48
17 48
23 53
8 45
11 52
23 27
21 6
6 21
12 24
7 11
13 38
22 14
2 38
18 24
10 49
15 29
19 2
23 38
6 1
16 21
17 6
3 17
11 1
1 38
12 39
2 22
8 15
22 10
21 24
7 28
6 17
24 18
21 5
2 29
5 25
17 1
18 14
15 18
2 8
5 40
12 28
10 40
18 44
21 48
16 47
1 49
17 49
20 44
8 51
21 15
18 21
11 19
17 11
5 8
7 40
13 3
22 40
1 27
19 51
12 22
3 10
16 40
13 23
23 2
21 2
22 20
3 27
12 40
7 41
17 7
6 29
11 10
18 20
1 9
15 22
10 29
21 26
12 3
20 21
14 21
19 1
6 24
20 15
7 42
23 29
10 42
18 48
16 51
5 46
1 53
17 52
15 45
21 53
21 23
16 25
17 25
11 28
7 16
12 42
19 3
2 42
6 23
22 48
23 15
9 25
23 42
12 29
21 12
17 23
6 11
3 23
16 42
12 43
7 14
18 25
11 23
8 14
1 10
6 3
18 22
7 29
2 9
11 0
3 26
15 15
22 53
3 45
0 47
24 51
14 48
13 45
9 45
19 49
4 47

