317
1 22
6 10
20 30
16 9
22 30
11 49
17 50
18 47
0 48
10 53
8 48
3 51
1 25
23 2
22 1
8 5
17 28
12 30
16 11
2 30
11 5
24 48
5 24
7 16
17 30
16 0
8 24
3 21
11 11
23 21
7 30
12 31
18 3
1 24
22 10
21 12
2 28
0 8
22 8
21 4
1 23
21 14
3 12
7 7
2 15
6 17
0 32
16 13
20 32
17 46
8 50
18 46
11 47
23 45
10 47
13 49
8 22
21 16
23 20
11 14
12 17
17 32
16 27
2 32
1 0
22 53
7 24
9 19
22 32
11 2
2 13
7 2
23 28
12 13
16 32
17 33
3 15
7 4
8 26
13 25
21 25
21 22
16 24
2 17
22 21
16 4
12 27
0 3
13 28
16 18
22 34
21 7
17 34
11 53
3 52
1 47
6 47
10 50
8 45
20 47
23 5
22 27
11 7
13 21
17 18
2 34
5 14
7 34
6 21
4 49
21 23
12 7
12 34
8 4
22 17
23 15
17 0
13 12
21 34
0 35
6 26
7 0
2 1
18 14
11 25
7 21
1 8
12 23
6 19
9 25
20 17
4 8
2 2
1 9
10 36
6 4
20 36
8 44
23 44
3 53
22 52
13 46
16 52
0 46
16 1
22 20
21 24
2 10
10 27
18 36
4 13
7 36
3 2
24 53
12 4
6 3
3 36
11 3
7 19
6 29
23 0
16 22
22 36
17 37
8 14
21 3
13 4
12 6
1 18
19 23
17 21
13 5
7 13
24 15
11 0
7 15
8 2
20 24
10 38
22 22
0 38
13 52
6 44
3 45
16 47
2 46
23 52
18 53
6 6
8 17
1 29
16 17
2 8
17 38
7 27
12 38
23 10
19 49
22 9
21 9
23 38
7 17
11 18
13 13
6 13
18 0
22 38
15 39
3 28
21 6
2 21
2 18
8 3
9 18
6 2
1 26
8 27
11 13
12 21
6 18
10 23
20 29
21 40
18 17
0 40
23 51
6 53
17 53
16 48
11 50
8 52
2 44
21 27
6 9
16 25
17 1
23 4
2 40
9 27
12 40
1 20
5 45
7 20
18 20
16 40
12 18
7 22
17 8
18 7
23 29
11 40
2 41
21 13
13 0
6 25
1 14
22 18
16 16
3 3
4 16
6 24
17 15
21 21
13 14
8 18
3 20
16 42
18 10
20 42
10 44
13 48
23 53
1 53
11 52
22 51
6 46
16 8
8 7
6 22
11 19
22 6
12 42
7 18
0 42
17 14
18 52
19 17
24 28
6 42
18 2
2 5
23 9
22 29
18 29
11 42
12 43
7 23
21 26
17 9
8 11
3 9
10 20
8 16
8 8
21 29
22 26
13 11
19 13
7 49
5 52
14 48
9 51
19 52
4 53
12 44
24 47
15 48

