317
1 22
12 1
15 30
11 9
5 30
8 44
21 47
0 45
20 48
9 49
13 47
2 50
1 12
6 18
8 29
16 12
13 8
22 30
11 8
2 30
21 22
7 46
18 21
17 6
7 30
8 0
13 21
1 4
21 6
16 18
11 30
22 31
6 26
2 11
18 23
17 29
3 7
0 14
16 22
24 0
9 2
8 7
17 8
17 22
3 10
20 8
0 32
21 2
5 32
2 48
22 46
11 47
13 52
8 50
15 51
16 44
6 22
1 25
2 25
3 28
10 14
17 32
21 23
12 32
16 26
23 53
7 2
9 13
8 32
1 7
2 0
13 16
7 11
16 7
21 32
17 33
12 17
11 11
23 20
8 21
3 25
0 2
17 14
0 19
8 18
5 28
20 4
18 8
11 26
16 4
20 34
3 21
0 34
6 49
8 47
2 53
12 52
5 48
15 50
9 51
1 3
2 27
8 25
6 28
10 24
22 34
17 28
12 34
16 28
7 45
3 23
18 1
17 34
2 22
13 28
12 7
8 1
18 15
11 34
22 35
1 0
6 6
21 10
7 1
16 20
1 10
2 3
5 11
10 0
22 7
1 24
23 18
13 19
21 1
0 36
12 16
5 36
11 45
9 50
22 48
15 48
8 53
16 53
20 53
6 4
13 10
1 27
2 1
22 28
8 36
14 5
17 36
3 8
7 51
12 29
24 28
11 36
13 9
17 23
18 17
6 10
1 19
7 36
2 37
16 29
7 7
23 6
12 20
22 27
8 15
11 21
2 10
12 18
0 0
0 29
0 28
5 8
20 18
8 38
22 0
0 38
12 48
13 50
11 52
16 51
6 48
15 47
21 49
8 24
21 4
6 24
11 15
12 25
17 38
7 4
2 38
16 21
23 51
14 22
22 1
13 38
23 10
2 7
3 0
22 4
16 3
11 38
17 39
6 3
12 6
7 12
7 3
21 25
11 0
5 20
6 29
5 12
6 12
14 17
4 1
15 3
5 27
8 40
2 17
20 40
6 50
11 48
13 48
1 52
0 51
16 52
3 48
8 6
3 11
6 27
1 13
15 23
22 40
17 5
12 40
21 5
18 51
7 10
2 9
3 40
12 21
8 23
6 16
18 9
17 16
11 40
22 41
2 8
13 0
16 14
1 2
21 26
10 23
3 22
3 12
4 9
11 28
15 25
8 11
16 10
12 11
8 42
13 2
2 42
20 45
6 46
0 44
11 51
21 45
15 53
1 44
11 7
1 5
8 27
21 8
2 14
22 42
7 8
17 42
12 3
5 47
13 23
10 9
11 42
22 15
13 22
6 15
3 9
18 26
7 42
22 43
1 18
8 28
21 28
2 23
17 26
0 6
21 27
15 8
6 13
18 16
18 14
18 27
14 44
17 52
18 46
10 53
24 49
23 44
4 49
7 52
19 49

