317
8 10
12 8
20 30
17 13
23 30
1 53
13 45
16 50
5 44
0 53
11 52
18 51
21 29
11 21
18 5
13 11
22 24
2 30
15 9
6 30
12 18
17 53
4 23
14 0
17 30
18 23
12 28
8 5
6 12
23 13
13 30
1 31
16 8
7 8
22 13
21 24
7 1
9 0
21 28
21 25
18 3
6 26
23 6
10 19
16 9
13 27
0 32
21 6
5 32
18 44
11 46
12 46
17 44
23 44
8 49
20 47
6 5
11 19
8 11
12 1
17 8
2 32
7 0
22 32
1 17
14 48
19 11
21 2
17 32
22 29
23 4
6 27
18 22
1 29
11 32
2 33
8 14
7 25
12 21
16 21
21 1
22 25
3 18
22 9
17 12
9 10
1 20
23 7
2 27
11 22
20 34
0 2
5 34
23 50
18 50
8 53
16 47
12 44
1 49
13 48
8 19
21 0
2 14
1 26
12 10
23 34
15 7
17 34
16 16
9 47
7 15
3 3
3 34
13 18
17 28
18 26
6 14
2 23
16 34
22 35
12 26
7 23
23 16
8 27
1 25
8 22
4 4
17 20
18 6
24 2
19 4
23 11
12 7
0 20
5 36
13 20
1 36
21 46
24 47
23 51
11 47
16 48
17 49
8 52
12 3
1 21
11 2
22 5
7 17
23 36
4 7
17 36
21 23
3 53
13 6
9 13
12 36
11 0
2 8
7 12
17 25
23 2
16 36
20 37
6 20
18 28
8 3
13 23
3 14
13 26
22 16
22 27
15 20
22 15
10 5
16 5
0 17
18 18
5 38
13 24
20 38
8 44
11 49
23 49
1 47
12 49
2 51
17 45
8 9
1 2
6 2
17 7
12 15
2 38
7 26
22 38
16 22
4 48
10 20
19 1
11 38
21 13
23 14
3 20
13 22
7 24
1 38
15 39
2 4
12 25
6 29
8 8
22 28
21 10
14 16
21 17
12 27
11 24
0 19
1 23
16 7
5 8
20 40
13 28
0 40
17 48
12 51
23 52
2 52
6 50
11 53
18 53
18 21
2 2
12 16
11 13
20 4
22 40
19 9
7 40
16 27
4 52
13 5
3 5
17 40
3 23
7 4
8 15
18 10
13 3
16 40
22 41
11 10
1 7
2 7
21 22
12 29
24 13
0 27
19 14
11 7
19 7
1 11
7 28
8 6
13 19
20 42
17 16
23 42
11 44
18 52
12 52
1 50
6 52
0 52
16 52
18 9
1 9
16 19
2 26
23 28
10 42
17 6
5 42
3 6
14 52
15 29
22 1
16 42
2 20
6 16
23 26
22 19
12 5
8 42
2 43
17 9
21 26
1 10
18 20
11 14
15 17
23 3
1 19
23 22
15 23
9 24
0 1
10 52
3 47
4 49
14 53
19 52
7 45
9 53
22 49
15 52

