317
7 17
8 12
23 30
3 20
13 30
16 46
2 51
1 49
21 44
0 46
17 47
20 45
16 13
13 16
7 20
11 1
20 24
0 30
22 28
17 30
12 1
3 51
9 13
6 18
2 30
3 9
21 27
7 19
13 17
18 25
22 30
10 31
1 4
6 17
23 13
16 9
6 4
21 17
23 18
13 21
24 16
2 16
3 29
22 16
12 13
0 8
13 32
21 10
2 32
8 51
7 51
11 53
23 46
17 50
20 53
1 44
8 15
3 27
7 12
11 3
12 25
15 32
21 11
22 32
1 14
18 51
6 15
4 22
8 32
11 25
13 28
3 21
7 0
18 15
12 32
15 33
23 4
1 8
2 28
8 13
21 13
20 25
11 28
24 10
21 5
6 12
13 15
0 22
17 5
11 5
0 34
16 22
20 34
2 49
23 50
12 46
8 44
14 50
7 45
13 51
21 29
1 3
13 11
12 18
7 29
2 34
19 3
22 34
11 29
18 50
6 9
16 10
16 34
6 25
13 19
12 16
23 14
17 24
18 34
2 35
8 14
22 17
2 12
21 20
11 20
8 22
8 0
17 18
23 27
1 26
19 28
15 17
3 1
17 0
13 36
12 7
7 36
16 50
0 45
23 44
11 44
1 47
21 47
20 50
1 18
7 14
8 26
21 9
15 14
22 36
10 10
2 36
11 17
6 52
12 2
18 3
6 36
13 5
18 19
16 19
8 28
21 2
1 36
22 37
3 8
3 25
12 29
11 26
7 13
3 28
20 16
7 10
4 8
1 28
4 6
5 25
0 25
20 6
23 38
8 4
16 38
12 51
13 45
2 45
1 52
21 51
7 50
11 49
17 17
7 9
16 28
21 8
10 9
12 38
18 6
2 38
23 26
6 45
22 11
8 10
7 38
22 27
1 7
2 27
23 25
11 23
8 38
12 39
17 10
6 26
18 8
18 9
21 23
8 27
14 3
1 2
2 19
14 29
7 26
12 19
14 1
23 1
12 40
16 4
20 40
11 47
2 46
1 48
17 46
0 47
8 45
7 46
1 22
15 13
21 1
17 29
12 3
3 40
16 6
5 40
11 12
18 47
24 26
22 0
18 40
7 28
11 2
16 24
17 2
21 4
8 40
2 41
22 1
6 5
12 14
1 12
23 23
11 7
1 17
4 13
15 26
15 25
7 11
4 9
13 10
0 12
20 42
3 18
23 42
12 50
17 53
11 50
8 50
16 51
1 45
2 50
2 17
23 2
21 22
18 29
15 5
12 42
14 6
5 42
1 21
4 47
3 24
22 24
1 42
23 8
7 7
3 23
11 10
23 19
16 42
17 43
12 21
2 22
22 13
13 13
6 19
14 28
21 3
14 2
10 12
19 22
17 15
1 11
18 48
6 53
19 47
15 52
9 47
22 44
10 51
4 46
5 50

