317
12 11
8 18
23 30
11 5
3 30
1 53
17 44
19 44
18 45
2 47
7 48
21 50
1 15
17 5
18 17
7 26
2 17
20 30
11 14
12 30
23 2
16 44
9 20
6 29
17 30
16 29
8 11
11 16
23 21
1 12
6 30
20 31
18 1
12 25
2 9
3 13
12 5
11 29
21 7
19 19
12 12
10 29
3 6
5 1
11 19
3 26
17 32
21 5
1 32
23 53
4 49
8 51
13 47
22 48
19 51
12 52
2 4
18 27
17 27
1 8
12 19
22 32
6 28
7 32
3 4
16 46
14 11
21 1
21 32
1 29
17 24
7 16
8 3
2 0
12 32
22 33
18 5
6 24
11 4
21 14
16 26
22 28
19 27
11 8
13 14
5 18
24 22
23 16
8 28
11 22
1 34
21 28
23 34
3 48
12 51
13 45
18 50
19 45
22 47
4 51
22 26
23 4
12 0
13 16
2 8
17 34
5 13
7 34
1 24
6 52
21 6
14 22
3 34
7 22
11 17
13 0
22 19
2 23
12 34
15 35
8 1
23 9
16 16
21 12
1 10
24 20
20 28
23 14
23 28
6 22
16 2
24 0
13 13
7 0
3 36
11 11
18 36
22 52
21 51
23 49
12 49
1 51
17 45
8 44
3 29
18 9
17 4
21 20
12 27
22 36
16 19
0 36
8 26
6 50
11 13
5 21
12 36
13 10
2 1
3 18
17 29
21 11
16 36
22 37
1 23
16 27
6 10
11 24
8 19
14 27
11 2
2 26
15 6
0 8
24 1
9 18
24 7
19 2
11 38
23 27
1 38
3 47
8 53
21 46
22 44
4 46
13 50
18 48
18 22
11 12
1 16
17 16
2 19
20 38
23 0
7 38
16 1
10 49
14 24
6 14
3 38
21 29
22 4
12 13
1 6
7 11
13 38
15 39
11 20
2 12
6 19
6 7
23 29
0 4
0 29
9 26
21 15
0 17
22 7
13 2
19 3
2 2
3 40
18 8
7 40
1 45
22 45
17 47
11 45
21 48
13 51
23 47
21 23
17 17
1 18
3 22
7 6
23 40
16 12
12 40
2 18
10 44
6 12
18 18
18 40
1 28
13 5
11 0
12 17
6 6
17 40
22 41
8 2
16 15
3 10
21 26
7 2
22 29
23 25
17 19
12 24
19 21
20 7
24 23
1 3
13 4
3 42
8 10
17 42
24 47
22 50
19 48
23 50
12 50
11 47
7 52
23 23
12 3
11 6
21 27
17 0
5 42
8 24
0 42
22 6
16 53
14 1
15 16
8 42
21 4
17 15
2 21
12 15
3 1
16 42
20 43
6 18
1 1
23 8
7 29
13 11
15 23
15 4
17 18
18 19
18 11
13 18
5 22
16 48
14 49
10 45
0 49
15 53
6 48
9 52
20 49
5 53

