317
21 28
6 7
18 30
7 9
2 30
1 52
11 53
8 45
20 48
9 46
13 50
17 48
21 14
18 28
13 5
8 11
2 17
10 30
15 20
22 30
1 12
16 49
5 26
7 15
8 30
23 17
7 2
2 23
1 17
13 8
21 30
10 31
18 23
16 13
17 1
3 11
16 22
4 0
13 14
16 25
1 14
21 23
6 24
14 8
11 19
13 15
18 32
16 12
6 32
17 53
9 50
3 44
21 50
2 46
20 49
1 45
7 18
18 5
11 8
17 9
0 7
22 32
12 14
2 32
21 18
16 45
8 10
5 0
8 32
17 24
1 16
7 17
6 18
21 12
12 32
22 33
2 24
7 26
11 18
16 24
3 22
18 24
22 0
24 24
3 27
21 19
17 7
17 29
21 22
16 26
8 34
7 22
17 34
23 47
3 50
19 46
1 53
20 51
11 48
6 44
1 6
23 11
11 29
13 1
17 0
5 34
24 0
2 34
21 4
10 51
22 21
7 29
7 34
3 21
16 14
18 27
21 9
8 24
11 34
12 35
2 26
23 29
12 23
22 23
6 23
2 9
22 28
8 2
22 29
23 19
0 22
4 11
13 7
1 27
20 36
2 4
17 36
3 45
19 45
6 49
8 50
11 47
16 51
9 52
11 9
6 27
3 26
21 5
17 10
22 36
5 22
12 36
1 0
2 49
7 12
15 16
16 36
17 27
2 20
6 4
12 24
21 26
11 36
22 37
8 6
11 27
7 25
18 20
3 2
16 15
5 8
7 7
16 0
21 8
21 27
2 10
9 1
17 23
18 38
6 2
20 38
1 51
3 46
2 50
7 49
16 48
8 53
11 50
11 22
1 11
16 5
13 9
2 1
7 38
10 20
22 38
17 13
6 50
4 28
15 1
1 38
21 3
18 16
16 16
23 28
11 10
2 38
12 39
8 22
3 3
6 8
6 29
22 22
14 7
12 27
4 21
9 24
9 22
7 11
17 21
20 13
21 11
18 40
7 19
8 40
16 53
3 53
17 49
6 45
23 46
1 47
13 49
13 27
6 26
18 15
16 19
23 21
3 40
5 12
10 40
17 19
0 51
22 12
7 16
6 40
11 16
23 25
1 18
8 13
22 5
13 40
2 41
18 6
12 28
7 13
17 3
21 7
11 11
0 20
18 17
9 4
13 4
16 18
13 10
1 20
20 9
8 42
11 28
18 42
23 48
16 52
3 48
13 45
21 53
7 44
2 47
7 23
18 1
16 10
8 9
2 12
23 42
4 2
12 42
22 25
6 46
17 6
11 1
1 42
3 5
12 6
18 8
8 19
16 23
11 42
22 43
6 19
17 14
2 13
7 28
21 20
15 22
4 25
2 3
18 21
3 28
13 28
10 13
12 52
10 50
24 46
4 52
15 44
22 53
0 53
5 52
14 44

