317
21 29
13 0
0 30
16 1
2 30
7 52
6 45
8 48
11 45
15 49
18 51
19 44
2 19
3 12
1 8
12 19
7 27
18 30
9 0
22 30
11 4
16 51
14 8
17 0
16 30
22 11
23 16
8 4
17 13
1 2
21 30
10 31
18 23
6 22
7 11
3 23
8 13
17 18
3 9
21 15
5 12
8 18
22 27
10 10
18 5
2 11
15 32
7 4
10 32
8 45
21 50
1 46
6 49
23 49
0 52
3 49
3 27
8 7
1 6
11 12
20 11
12 32
22 5
17 32
16 8
7 53
4 12
5 15
7 32
6 11
1 9
21 23
17 4
11 22
3 32
12 33
18 1
21 0
22 22
7 18
2 10
6 26
20 7
9 6
20 4
5 22
8 29
11 19
6 1
23 2
2 34
13 3
0 34
11 50
18 49
10 46
7 48
19 52
21 45
16 49
6 29
18 6
11 28
17 17
2 17
20 34
13 12
7 34
16 19
22 53
4 17
12 23
11 34
6 16
21 7
22 21
3 13
13 28
12 34
15 35
8 28
1 10
17 6
2 2
23 0
17 19
2 1
9 12
11 17
3 20
8 12
7 12
7 6
10 24
2 36
16 28
0 36
18 46
15 50
13 50
6 53
21 51
8 51
11 51
21 17
7 0
8 11
11 9
2 28
23 36
5 10
17 36
13 9
12 50
4 14
16 23
6 36
8 25
11 7
3 29
18 14
21 25
16 36
22 37
1 13
17 8
2 7
7 16
13 23
7 21
8 5
9 7
17 25
17 7
15 6
7 10
0 15
15 21
18 38
21 6
7 38
13 53
1 49
11 53
23 53
10 52
6 48
2 53
11 3
23 25
6 7
12 21
7 1
13 38
22 10
2 38
18 8
21 52
17 10
16 5
6 38
2 6
18 13
16 10
23 9
11 24
21 38
12 39
22 28
1 1
8 0
8 19
3 6
22 29
7 24
9 19
7 23
24 17
7 15
2 29
7 26
10 13
18 40
6 6
15 40
11 47
8 52
3 52
23 52
0 45
1 51
13 48
1 7
18 19
7 9
16 21
13 15
22 40
6 5
2 40
8 14
24 47
12 0
17 26
12 40
8 3
18 4
11 26
6 9
1 24
17 40
20 41
2 26
7 7
16 3
23 22
3 3
15 27
17 9
24 8
2 9
3 19
2 14
8 17
23 24
0 0
18 42
11 1
15 42
10 44
1 48
21 48
3 45
7 45
8 49
6 50
1 21
23 23
21 24
16 11
17 12
13 42
11 5
7 42
3 2
22 52
2 8
4 29
1 42
12 24
8 16
16 7
22 13
17 15
6 42
12 43
21 19
18 18
11 8
23 3
2 0
8 24
19 27
6 25
24 19
16 17
21 8
16 20
22 49
5 50
9 53
4 51
14 47
12 45
24 52
17 50
20 47

