317
17 15
1 24
5 30
18 6
3 30
21 53
12 44
16 52
11 48
20 52
22 45
7 45
21 26
6 23
7 1
3 23
15 1
12 30
18 9
22 30
11 16
8 51
0 8
2 15
17 30
16 15
22 26
3 1
7 20
13 25
21 30
10 31
18 29
2 5
6 4
8 28
1 5
13 10
6 15
17 28
5 27
8 16
23 5
19 4
11 22
20 24
17 32
2 2
5 32
21 49
12 52
1 45
23 51
7 51
16 45
4 49
1 16
6 17
11 26
16 23
17 7
22 32
2 16
7 32
21 19
13 49
14 15
3 26
1 32
16 29
7 27
3 24
2 21
21 6
12 32
22 33
6 25
3 28
11 14
18 24
8 17
15 13
2 13
15 25
10 4
9 29
20 23
18 5
12 22
18 23
3 34
17 13
5 34
21 45
23 45
16 53
11 50
20 46
7 53
2 45
6 8
21 29
12 9
11 24
3 29
22 34
15 8
7 34
16 7
13 45
1 0
17 24
17 34
7 0
6 9
8 26
11 0
16 12
2 34
22 35
1 22
12 6
23 12
13 11
18 11
5 18
20 28
24 8
11 4
13 28
16 9
10 0
16 3
23 25
3 36
22 12
20 36
1 53
2 53
18 49
5 50
12 49
6 45
17 50
1 11
16 4
17 0
12 29
2 17
10 36
19 5
7 36
21 27
13 51
22 6
24 19
6 36
1 29
23 18
21 20
7 13
13 1
16 36
10 37
18 13
17 20
2 29
3 5
8 22
19 2
1 1
1 21
7 15
7 7
9 13
20 13
5 4
2 24
3 38
12 3
20 38
18 48
16 49
23 49
6 47
22 50
1 47
11 52
3 18
21 9
6 29
8 5
22 13
0 38
12 27
17 38
7 26
14 50
24 7
13 18
11 38
1 3
3 22
12 28
17 26
21 12
13 38
7 39
16 17
6 19
23 1
23 11
18 4
19 7
13 12
7 9
18 17
5 11
14 23
17 9
1 25
23 8
3 40
18 8
20 40
11 53
16 48
2 49
5 46
6 49
17 53
12 53
1 4
12 21
21 0
11 27
2 9
5 40
24 24
15 40
8 27
18 44
22 21
13 5
12 40
17 14
23 23
22 2
2 26
3 8
18 40
7 41
11 13
16 14
1 18
13 6
6 6
1 28
1 8
9 21
14 16
0 13
6 24
23 16
17 10
20 1
5 42
11 23
22 42
12 47
1 49
21 48
2 50
7 47
18 50
16 44
23 14
6 13
21 14
7 6
17 25
3 42
0 27
12 42
22 8
8 50
19 29
11 21
16 42
2 1
8 1
12 14
11 8
21 13
7 42
2 43
17 5
13 7
1 27
18 27
23 19
11 1
1 26
0 19
6 12
4 2
2 7
13 19
19 44
15 48
9 50
0 45
14 47
13 50
8 45
24 44
10 47

