317
1 7
12 26
5 30
13 9
20 30
22 48
7 50
11 53
0 50
23 48
16 50
8 53
1 0
7 23
6 19
11 25
22 23
18 30
24 9
2 30
8 11
15 48
10 12
13 12
22 30
23 24
6 18
3 7
16 25
11 28
8 30
17 31
21 1
2 24
7 11
13 17
1 2
5 7
19 19
20 19
9 1
17 11
5 9
1 27
16 10
8 17
20 32
1 24
5 32
12 45
18 53
23 52
11 46
13 49
22 50
0 46
21 13
22 18
23 26
11 18
12 27
17 32
1 10
2 32
8 13
7 53
9 27
15 8
7 32
1 8
2 1
22 26
21 7
6 23
12 32
17 33
16 26
23 11
13 16
7 24
3 25
2 7
13 8
11 29
21 14
16 5
0 29
13 7
11 3
16 16
0 34
7 21
5 34
23 53
21 48
8 48
12 52
20 51
18 44
22 52
1 25
21 23
18 22
2 22
5 3
22 34
15 17
12 34
11 14
10 46
7 9
17 12
21 34
13 4
16 2
17 25
7 0
23 27
18 34
2 35
12 8
8 18
1 23
6 5
22 10
4 2
3 1
7 20
5 21
20 13
4 16
10 4
2 26
23 8
20 36
12 25
5 36
13 52
8 50
18 52
11 48
16 44
1 51
0 45
13 25
21 26
18 9
17 29
8 7
10 36
22 15
2 36
16 6
24 48
12 20
7 3
7 36
8 9
23 17
12 0
3 26
18 24
1 36
15 37
13 10
1 22
11 4
6 10
21 19
19 28
9 0
3 2
11 20
1 29
24 23
14 14
13 20
18 15
5 38
7 15
20 38
16 46
1 53
12 50
11 52
23 46
8 46
2 51
6 29
16 3
11 9
8 24
12 19
22 38
7 5
0 38
21 10
17 46
15 3
3 5
13 38
1 14
18 27
17 17
7 4
21 6
8 38
22 39
6 25
3 16
12 10
12 1
2 25
1 6
23 18
12 15
6 11
24 17
9 22
18 29
18 28
5 29
20 40
6 12
0 40
7 52
11 50
22 53
13 47
8 47
16 53
2 47
6 20
1 4
18 2
16 29
7 14
22 40
4 14
12 40
21 12
10 48
17 4
3 8
16 40
13 0
8 27
6 2
2 14
1 21
11 40
22 41
17 8
12 14
3 20
18 4
21 8
2 17
15 29
0 2
15 10
16 22
1 18
14 1
12 6
0 15
20 42
8 26
5 42
11 47
1 50
22 47
23 45
13 53
18 50
16 51
6 8
11 16
12 7
16 4
22 13
18 42
14 24
2 42
21 9
8 45
7 28
24 11
8 42
8 3
1 15
13 13
22 11
12 11
16 42
17 43
23 12
11 8
6 24
21 22
2 0
5 11
11 12
10 5
21 11
24 5
11 23
14 27
17 44
19 51
10 44
24 53
4 45
3 50
14 46
9 44
15 45

