317
23 15
8 24
10 30
12 24
0 30
18 44
6 49
17 44
20 53
5 46
7 44
13 49
1 27
11 20
13 13
23 28
5 21
18 30
12 20
2 30
7 0
16 52
22 25
21 16
23 30
22 14
8 14
13 1
16 7
3 6
7 30
17 31
21 10
11 14
12 1
1 7
13 25
14 17
14 23
12 21
12 17
10 27
18 2
24 11
1 16
2 14
5 32
8 28
10 32
17 52
3 50
12 51
18 45
23 46
20 47
0 48
17 7
6 4
18 4
3 19
0 10
12 32
21 8
22 32
11 13
7 53
16 27
8 3
18 32
21 9
11 9
6 10
8 18
17 6
3 32
12 33
23 20
17 13
1 4
18 9
7 22
23 16
17 25
9 9
17 22
17 28
3 8
1 26
3 27
11 26
0 34
10 0
5 34
23 50
12 53
20 44
17 51
8 48
7 51
13 50
23 7
6 7
8 13
1 20
12 22
17 34
16 0
2 34
7 27
9 45
21 26
22 23
7 34
3 21
11 19
12 0
22 2
6 17
13 34
17 35
1 2
23 29
17 4
21 5
8 6
19 12
21 2
1 13
4 3
4 5
6 23
20 7
5 26
23 13
17 36
6 2
10 36
7 47
0 45
2 52
8 45
3 49
13 47
1 52
1 1
17 0
11 12
12 28
7 1
2 36
15 2
20 36
13 27
4 46
16 16
6 13
6 36
7 4
22 22
17 27
2 6
11 7
1 36
12 37
16 25
1 15
18 8
8 20
21 7
16 17
1 3
12 5
4 0
3 18
8 10
5 1
0 29
20 22
12 38
23 24
5 38
11 47
18 51
8 44
1 49
7 46
10 51
17 48
11 22
6 16
13 3
12 12
7 2
17 38
21 11
2 38
16 23
22 45
9 21
23 18
7 38
1 28
22 18
23 27
3 4
16 19
8 38
17 39
12 27
6 29
13 8
11 3
2 22
19 4
6 11
10 25
4 19
16 11
16 6
5 19
5 24
20 8
10 40
23 17
0 40
13 45
17 46
6 45
3 46
8 49
7 52
12 46
8 4
1 22
7 11
3 26
10 10
12 40
23 11
17 40
2 21
16 51
22 13
21 23
6 40
22 26
18 7
1 23
11 24
17 29
23 40
2 41
7 21
12 13
13 2
8 29
16 8
1 12
7 16
1 9
7 6
2 23
8 27
5 7
7 15
0 7
5 42
23 3
10 42
2 47
17 45
8 50
1 44
18 52
13 46
20 49
1 18
8 12
6 18
11 11
22 21
12 42
21 29
17 42
2 10
3 47
9 16
16 2
21 42
13 5
22 7
3 28
8 23
18 14
23 42
12 43
7 10
2 20
11 29
6 5
17 20
19 8
6 9
8 11
7 7
6 1
6 15
11 16
21 46
16 50
15 47
9 44
14 45
22 44
24 51
4 48
19 46

