317
12 28
8 13
5 30
16 12
23 30
1 47
11 44
0 51
9 49
10 50
13 44
22 49
11 16
6 18
13 10
1 9
22 10
2 30
21 29
17 30
8 4
7 48
14 8
16 24
22 30
23 1
6 9
18 13
1 4
12 20
7 30
2 31
21 13
17 29
11 7
13 4
16 8
16 6
22 16
3 21
18 26
12 27
7 16
24 26
12 15
23 8
5 32
22 24
0 32
21 49
3 52
16 51
11 52
13 46
8 52
24 53
1 24
13 19
16 17
3 9
20 24
8 32
2 18
10 32
7 8
18 46
17 17
22 2
17 32
21 8
23 21
13 29
18 12
6 10
3 32
7 33
11 29
13 28
1 28
16 1
22 5
2 10
7 27
13 12
14 17
10 19
10 14
19 20
11 13
23 11
0 34
22 15
5 34
10 44
8 53
21 44
16 47
9 46
3 49
24 48
6 20
8 6
21 27
11 25
2 6
17 34
15 15
12 34
1 29
20 49
7 4
22 4
21 34
11 4
6 15
8 11
1 0
22 7
7 34
17 35
12 8
2 12
16 5
3 27
23 6
6 27
19 27
14 14
1 10
0 11
2 17
23 13
13 21
21 9
0 36
12 7
5 36
3 51
9 47
8 47
11 49
22 53
16 44
10 52
16 29
3 17
11 3
6 23
7 0
22 36
4 13
17 36
13 5
20 51
12 2
2 3
12 36
11 5
7 12
8 12
17 19
3 23
16 36
22 37
6 2
18 17
1 1
13 7
21 21
0 5
14 23
12 21
3 7
3 24
22 8
17 11
24 16
10 10
22 38
21 22
8 38
1 46
16 52
13 47
11 51
5 48
0 44
6 50
6 8
16 25
8 24
12 19
22 25
13 38
7 3
2 38
11 10
18 45
21 17
17 23
7 38
1 18
3 20
6 16
16 19
21 3
18 38
12 39
17 3
8 1
22 23
22 22
2 9
4 0
5 19
21 11
17 8
24 25
20 2
11 8
24 8
23 14
8 40
22 12
0 40
5 44
11 47
6 53
21 45
12 53
16 53
13 50
13 0
6 17
16 0
8 26
20 6
3 40
22 18
10 40
2 20
7 45
18 8
17 14
16 40
11 24
21 15
22 20
7 5
8 10
13 40
2 41
18 25
12 13
6 7
17 18
1 13
9 10
16 16
10 2
7 2
9 2
7 6
21 19
22 26
0 14
8 42
21 25
10 42
3 46
16 46
24 52
6 44
1 50
5 49
23 45
23 24
6 12
8 7
18 4
2 5
15 42
7 21
12 42
22 1
20 50
21 18
4 15
22 42
18 22
21 28
2 24
6 21
13 18
23 42
17 43
8 25
3 1
16 28
7 29
11 19
6 28
15 12
24 22
12 26
13 15
22 19
8 27
18 44
2 45
4 51
17 50
19 53
7 44
20 45
14 53
15 45

