317
7 4
18 21
0 30
22 27
13 30
11 50
3 50
21 52
23 46
12 44
19 48
4 45
13 28
11 20
12 16
16 9
3 18
20 30
2 23
5 30
18 11
22 51
10 7
8 13
12 30
13 2
1 12
6 14
8 1
22 12
2 30
15 31
11 4
7 14
3 9
21 21
7 9
11 23
4 10
22 14
14 29
23 23
19 13
19 23
11 8
6 29
18 32
1 1
22 32
7 45
21 51
13 52
12 49
3 48
15 46
0 45
7 16
11 0
18 20
21 20
22 5
2 32
16 15
12 32
6 6
17 48
8 25
1 23
7 32
23 20
6 19
16 21
13 11
22 4
1 32
2 33
11 25
18 16
17 28
21 2
8 7
24 4
3 29
11 26
20 20
11 1
13 25
18 18
11 11
15 4
21 34
6 17
3 34
12 47
1 47
7 46
18 53
13 50
23 45
0 50
3 15
1 24
7 25
11 28
22 16
17 34
6 7
12 34
21 10
16 53
2 4
8 11
1 34
21 22
13 18
12 13
8 16
2 19
11 34
17 35
23 10
7 17
17 3
6 26
3 20
4 26
24 15
2 2
3 12
6 4
20 16
12 5
6 9
21 26
22 36
12 24
0 36
11 46
14 45
13 49
3 49
18 49
7 44
15 45
1 18
13 19
7 15
2 3
22 8
3 36
10 8
17 36
6 0
12 53
8 3
16 18
12 36
11 24
23 13
8 28
18 10
1 3
16 36
2 37
6 21
17 29
7 21
13 21
21 6
14 24
7 27
1 2
12 1
15 11
14 16
23 2
21 3
15 24
18 38
12 18
13 38
3 51
23 50
1 44
6 44
4 48
22 44
7 47
7 12
13 20
6 5
3 28
18 0
0 38
8 27
22 38
2 13
11 47
16 0
12 4
12 38
17 27
23 7
22 25
18 12
3 13
11 38
0 39
6 23
13 9
7 19
7 28
16 16
9 10
6 15
7 0
22 7
3 4
3 0
22 2
7 18
11 21
3 40
0 28
13 40
1 53
23 52
6 52
15 52
12 48
21 46
18 50
21 7
3 1
7 13
1 7
12 27
17 40
10 12
22 40
6 13
2 53
8 9
16 5
8 40
23 4
11 13
6 11
7 29
12 19
21 40
17 41
2 0
22 17
13 23
3 7
16 1
2 24
9 18
16 23
4 4
16 7
13 13
8 22
21 27
11 19
0 42
3 21
12 42
19 49
22 50
14 49
6 45
18 47
4 47
15 50
18 17
1 8
3 27
7 7
12 3
5 42
2 29
22 42
11 16
8 47
17 13
16 22
16 42
3 8
13 29
21 28
23 14
3 24
8 42
5 43
17 22
22 26
2 17
18 5
12 11
0 14
17 12
15 22
20 29
9 23
9 29
15 14
8 46
20 51
24 52
10 46
9 53
17 47
16 48
2 51
5 49

