317
18 27
13 29
23 30
17 27
5 30
2 50
11 49
1 48
3 45
19 50
7 52
21 44
6 9
1 5
11 18
18 13
2 19
20 30
14 16
7 30
22 9
12 49
16 24
17 10
17 30
18 14
3 11
12 14
23 8
8 16
1 30
20 31
16 8
11 21
2 16
6 15
13 1
15 11
15 17
5 9
5 27
16 10
4 27
19 5
18 16
3 15
20 32
13 25
5 32
23 52
11 44
8 46
2 51
17 46
24 47
19 51
11 4
23 11
2 5
16 23
20 5
17 32
13 0
7 32
6 22
1 52
12 2
22 10
12 32
22 6
18 6
7 2
8 28
13 28
2 32
15 33
23 9
13 23
1 29
11 22
6 29
24 17
24 9
24 24
14 10
6 4
0 13
14 21
23 21
11 24
20 34
3 5
5 34
2 53
18 47
17 47
7 49
19 52
13 45
1 53
1 20
6 26
17 8
18 15
12 27
8 34
4 18
22 34
21 17
16 46
14 28
3 2
16 34
23 6
11 28
12 5
3 3
18 11
13 34
7 35
22 17
1 4
8 21
2 10
17 16
1 12
17 19
0 26
15 16
19 15
13 3
2 25
7 27
6 27
1 36
8 12
17 36
23 53
24 49
21 48
19 45
3 46
11 50
5 47
23 28
3 4
7 28
22 20
17 21
20 36
0 2
12 36
6 6
4 46
8 3
16 11
3 36
1 19
11 13
12 18
8 4
23 20
7 36
20 37
13 5
7 9
17 5
2 8
16 13
24 11
3 20
3 28
15 19
23 13
24 4
5 1
20 11
3 12
6 38
1 18
18 38
13 48
11 51
2 45
21 50
5 51
8 47
17 52
17 28
2 7
6 8
12 15
7 1
13 38
16 19
22 38
11 12
4 48
15 2
1 23
2 38
18 0
22 25
23 17
1 10
16 28
17 38
10 39
7 8
13 22
6 24
6 12
3 25
21 16
11 26
8 15
9 3
13 10
23 0
6 11
3 6
21 26
18 40
11 6
23 40
20 47
7 51
2 46
13 46
8 51
6 52
17 45
3 14
18 25
13 4
23 1
15 9
7 40
9 14
0 40
21 4
22 45
12 28
11 5
22 40
11 20
18 8
16 14
17 22
23 22
3 40
5 41
2 15
1 16
12 16
8 19
21 14
12 20
19 9
15 1
18 26
11 27
3 0
0 8
2 2
5 19
20 42
8 6
23 42
17 48
1 50
19 44
11 45
18 44
7 50
6 48
6 13
17 25
18 12
11 8
23 16
12 42
16 17
2 42
7 21
8 48
9 8
22 3
16 42
16 22
1 3
6 17
21 11
8 24
11 42
12 43
22 7
7 3
18 18
23 2
2 6
4 24
11 9
14 20
22 5
22 29
1 26
23 10
4 53
14 53
0 50
9 47
15 53
16 45
12 52
22 47
10 53

