317
18 15
6 14
22 30
7 19
2 30
10 46
21 48
8 52
19 48
9 52
11 53
20 44
18 21
23 19
8 14
3 10
21 2
11 30
5 6
15 30
13 23
7 53
0 1
1 4
7 30
8 5
6 2
2 13
11 16
16 10
21 30
12 31
23 18
1 5
22 22
18 23
1 10
12 9
12 10
11 23
16 11
4 6
21 20
17 3
16 27
19 15
2 32
18 22
6 32
20 46
8 48
22 48
21 46
11 46
9 49
15 52
8 13
6 5
16 26
7 18
1 2
21 32
13 22
10 32
23 23
18 48
17 29
0 10
16 32
3 14
12 28
18 19
17 15
1 19
8 32
21 33
11 28
18 4
7 29
2 23
13 29
23 11
1 16
20 26
2 22
8 4
17 10
16 2
7 9
23 21
18 34
21 5
15 34
2 44
9 48
22 49
11 51
10 51
3 48
20 49
16 0
18 7
22 13
13 19
3 12
11 34
5 0
6 34
23 26
17 52
1 7
21 29
21 34
18 3
8 27
6 15
3 4
22 24
9 34
12 35
16 21
2 0
11 22
1 3
23 7
3 25
0 12
10 26
8 9
6 8
23 6
3 17
19 14
16 12
10 36
18 17
8 36
7 49
6 51
20 50
2 51
21 51
3 44
15 53
21 22
13 6
11 7
8 11
6 27
1 36
4 26
22 36
16 6
12 50
18 25
17 0
7 36
6 7
16 7
11 29
21 9
22 5
13 36
1 37
12 29
12 12
17 6
8 28
23 13
6 11
9 23
21 12
7 17
13 4
2 21
8 0
9 20
10 13
2 38
7 16
21 38
23 47
16 47
11 44
8 49
20 52
6 48
15 48
8 2
2 29
6 19
23 1
20 15
16 38
7 13
11 38
18 28
4 46
24 20
1 23
23 38
12 25
3 28
1 22
7 3
16 3
8 38
17 39
6 13
13 26
22 11
21 21
11 6
7 24
21 13
2 19
9 7
0 13
15 26
0 26
20 23
2 18
22 40
9 26
7 40
6 45
11 47
18 52
3 46
15 45
16 51
21 53
6 17
23 2
8 3
22 14
15 13
18 40
13 21
10 40
7 22
24 50
4 8
1 0
1 40
11 10
7 7
16 23
12 13
6 25
3 40
17 41
22 8
13 12
8 12
23 3
2 24
15 3
19 16
20 12
6 1
19 18
22 20
10 3
6 10
15 4
18 42
10 10
22 42
8 46
11 52
20 51
16 53
7 45
21 45
9 46
6 0
23 15
8 29
12 7
16 18
20 42
14 27
2 42
18 13
10 50
5 22
1 12
8 42
13 1
16 16
1 28
22 4
2 7
7 42
11 43
21 25
3 3
6 26
23 22
17 13
9 6
13 10
12 27
0 8
13 5
1 25
12 14
12 52
0 47
14 46
13 53
24 46
17 53
1 48
5 53
4 50

