317
17 20
6 25
8 30
21 28
2 30
16 48
13 47
18 48
11 49
5 48
23 49
7 47
16 18
7 3
8 1
2 11
17 18
12 30
21 4
22 30
6 12
10 52
0 24
1 18
17 30
18 12
8 5
23 7
11 26
1 6
7 30
12 31
16 10
21 11
3 24
2 14
22 24
23 2
19 25
17 10
1 12
17 19
23 6
12 16
13 8
3 18
8 32
2 22
5 32
22 45
11 45
16 52
21 44
23 45
7 51
17 44
7 24
21 15
6 13
8 25
10 7
17 32
12 25
22 32
16 2
2 44
1 27
4 10
1 32
7 2
2 26
23 22
22 12
8 13
11 32
17 33
16 16
23 20
12 18
6 21
3 15
19 17
5 4
22 28
22 7
22 18
0 9
9 22
11 2
7 28
17 34
9 9
23 34
16 49
22 47
8 51
2 51
21 46
3 52
6 53
18 4
16 23
8 28
11 11
22 1
2 34
9 0
12 34
17 3
10 50
5 5
1 7
6 34
11 5
18 0
17 23
21 2
8 19
16 34
2 35
13 15
23 19
3 14
22 14
7 12
15 9
20 10
17 15
22 19
10 5
11 22
6 28
21 8
24 26
5 36
2 27
7 36
3 50
22 48
13 53
11 48
17 53
18 52
23 52
21 0
3 22
13 25
11 0
7 23
22 36
1 1
15 36
12 6
20 52
2 1
9 13
1 36
2 10
23 9
8 18
16 27
13 22
18 36
10 37
6 2
18 9
7 8
3 6
21 24
1 28
6 1
1 23
2 29
17 12
6 8
12 11
22 17
3 1
23 38
7 15
5 38
21 47
16 47
18 46
11 52
9 44
2 53
8 52
6 17
2 23
8 10
18 26
22 21
15 38
7 27
12 38
17 8
0 49
20 14
1 29
2 38
7 19
13 4
11 16
23 26
16 13
21 38
17 39
22 23
6 14
1 9
1 2
8 7
15 17
20 2
20 27
7 29
23 27
3 28
20 16
9 10
5 11
6 40
11 20
23 40
13 51
18 44
3 44
22 44
8 50
2 47
17 47
6 23
18 2
22 0
17 2
7 26
13 40
20 6
0 40
16 7
12 47
21 29
11 1
22 40
1 0
7 10
8 27
13 6
11 3
3 40
15 41
21 26
2 16
12 10
23 0
18 22
20 20
14 11
10 3
22 16
12 3
19 26
9 29
2 2
13 10
5 42
18 29
23 42
11 50
16 53
8 44
17 45
22 53
7 45
3 45
11 19
8 4
6 5
22 4
15 3
20 42
18 6
2 42
13 29
12 52
9 24
1 8
16 42
22 3
11 17
2 13
6 24
1 15
17 42
20 43
7 25
3 27
18 3
8 8
13 28
21 13
18 7
21 19
7 14
21 10
17 27
2 6
1 52
0 50
15 46
4 50
14 51
12 51
20 51
19 48
10 48

