317
16 21
20 7
10 30
6 7
3 30
1 49
17 45
8 44
7 51
21 47
23 49
13 48
21 11
11 12
23 17
13 19
3 12
15 30
2 19
7 30
12 19
22 47
18 1
6 11
1 30
2 27
23 20
6 1
16 7
11 29
21 30
12 31
3 5
7 22
18 29
17 19
6 18
15 27
13 6
1 6
18 19
15 9
24 8
11 22
21 7
13 20
3 32
1 29
10 32
2 50
16 48
23 45
8 53
6 49
12 49
20 50
11 15
23 28
12 29
16 3
2 25
17 32
1 15
5 32
8 7
22 45
14 17
24 21
12 32
3 1
16 27
6 3
11 11
1 16
23 32
17 33
8 4
6 19
21 12
2 23
13 17
22 2
18 20
21 29
7 3
5 24
2 7
23 9
16 10
4 0
10 34
17 23
2 34
12 46
6 44
7 53
21 46
20 49
1 53
8 50
16 29
6 27
3 3
11 7
20 17
8 34
19 17
12 34
2 0
0 49
17 7
18 7
6 34
11 17
3 26
2 11
16 28
8 2
7 34
22 35
13 9
18 27
22 10
17 9
1 19
19 5
22 5
11 23
17 27
21 0
5 19
11 5
6 24
21 22
3 36
2 12
10 36
23 50
1 47
16 51
12 50
17 47
8 46
7 50
3 21
23 13
11 9
12 23
8 5
5 36
20 19
17 36
13 29
22 46
2 21
0 13
16 36
8 27
23 22
22 19
17 6
11 28
1 36
12 37
3 16
3 24
6 12
7 0
18 21
0 6
6 17
18 6
2 22
14 6
5 9
5 23
4 8
1 20
10 38
8 17
20 38
12 52
16 44
23 51
3 48
13 47
2 48
7 44
11 6
13 24
21 8
16 4
22 8
2 38
15 23
5 38
18 22
0 53
14 24
8 21
22 38
8 6
1 25
3 27
11 14
16 25
13 38
17 39
12 4
6 21
21 2
23 6
7 19
17 12
22 14
22 25
22 3
13 10
7 5
8 23
10 21
2 4
3 40
8 20
20 40
1 48
6 53
13 50
17 52
11 49
16 47
7 45
3 22
6 29
1 4
7 17
15 14
18 40
24 24
12 40
2 29
8 51
22 21
23 11
23 40
13 11
2 18
21 21
6 20
8 11
11 40
17 41
3 20
12 2
7 18
1 23
16 12
7 6
16 17
23 2
23 16
12 26
22 29
3 6
12 27
20 28
3 42
16 0
10 42
6 52
21 49
2 52
7 46
8 48
1 46
17 50
11 3
1 26
2 13
3 10
7 10
22 42
5 5
17 42
21 27
14 51
13 23
16 1
7 42
7 4
2 16
16 8
13 21
18 5
1 42
22 43
12 8
17 16
8 18
11 26
21 19
7 23
0 12
17 0
19 19
17 22
15 6
7 24
24 46
18 51
15 44
0 45
5 44
9 53
14 45
22 48
19 48

