317
1 14
24 17
15 30
11 23
7 30
3 48
21 45
0 50
22 47
20 52
12 46
9 50
16 7
1 22
3 1
18 12
7 10
20 30
6 19
12 30
17 14
2 47
23 17
11 29
3 30
2 11
22 18
8 8
16 4
12 17
23 30
17 31
1 1
7 17
6 1
11 27
7 2
14 14
6 12
13 18
1 9
13 5
9 13
19 3
7 19
20 0
8 32
22 22
12 32
21 53
1 53
11 44
3 45
16 44
0 46
15 47
11 26
16 6
12 0
13 4
7 18
3 32
22 13
17 32
1 0
23 45
6 25
24 19
21 32
12 26
22 16
6 8
17 17
1 11
7 32
2 33
16 5
18 14
8 22
11 3
23 11
15 2
13 21
11 15
11 8
1 10
22 8
7 0
11 9
21 22
8 34
1 26
15 34
17 51
22 44
24 52
3 53
13 47
0 53
12 53
17 21
16 18
22 24
8 24
12 27
2 34
20 16
5 34
11 6
1 49
18 20
23 25
23 34
6 5
17 12
16 26
11 10
22 20
18 34
2 35
8 25
12 4
2 19
13 15
21 21
13 13
2 4
14 26
5 26
4 10
15 12
4 3
21 25
0 1
15 36
1 15
12 36
11 53
20 49
7 45
3 52
8 50
22 52
17 49
21 4
16 23
17 1
12 20
2 14
7 36
18 9
22 36
11 11
6 53
1 13
14 10
11 36
13 23
3 3
23 29
17 22
22 28
18 36
7 37
21 24
16 2
2 22
12 25
6 20
5 21
11 21
8 2
14 2
22 4
0 24
13 9
24 27
20 2
8 38
3 6
15 38
7 52
13 46
12 52
22 48
17 46
21 51
1 46
16 28
21 27
17 20
22 7
8 21
13 38
18 6
0 38
12 24
23 49
6 23
3 26
17 38
22 25
23 18
16 14
3 16
7 5
18 38
10 39
2 26
13 11
8 19
8 23
1 8
7 16
5 4
9 8
9 3
15 5
17 2
5 14
9 19
24 29
12 40
17 8
15 40
22 45
1 51
11 45
7 50
21 47
3 51
8 48
3 15
11 4
16 8
7 20
12 7
22 40
17 5
0 40
8 3
20 45
18 27
6 29
6 40
1 6
18 19
16 9
17 15
13 8
3 40
21 41
8 28
2 1
11 17
7 25
12 3
0 9
17 28
19 26
10 20
14 5
7 23
22 14
16 10
0 16
7 42
3 2
20 42
22 50
12 47
24 53
11 46
15 50
9 53
1 50
11 2
21 8
1 23
12 22
7 27
22 42
2 9
17 42
13 16
3 46
5 22
6 14
6 42
13 0
1 2
18 10
22 5
16 24
3 42
12 43
7 26
17 16
11 19
8 13
23 13
12 23
11 28
18 18
9 24
13 2
10 8
3 25
10 48
4 51
19 44
14 47
23 47
18 47
6 48
2 48
5 44

