r\t   0   1   2   3   4   5   6   7   8   9  10  11  12  13  14  15  16  17  18  19  20  21  22  23  24 
  0  -1 232  -1  -1 214  -1 267  -1  -1  -1  -1  14  -1 220  -1  -1 165  -1  -1  -1  -1 233  -1  -1  -1 
  1  -1  -1  69  -1  -1  -1 234  -1  -1  -1  -1  -1  -1  -1  -1  -1  -1  -1  32  -1  -1  -1  -1  -1  -1 
  2  -1  -1  -1  -1  -1 218 155  -1  -1  -1  -1  -1 202  -1  -1  -1  57  -1  -1  -1  -1 113  -1  -1  -1 
  3  -1  -1  -1  -1  -1  -1 291  -1 263  -1  -1  -1  -1  -1  -1  -1  -1 116  -1  -1  -1  33  -1  -1  -1 
  4  -1 205  -1  82  -1  -1 286  -1  -1  -1  -1 292  -1 145  -1  -1  -1  -1  -1  -1  -1 204  -1  -1  -1 
  5  -1 296  -1  79  -1  -1 164  35 297  -1  -1  -1  -1 103  -1  -1  -1 154  -1  -1  -1  -1  -1  34  -1 
  6 280 280  -1  -1  -1  -1  -1  -1  -1  -1  -1  25  -1  -1  -1 177 209  26  -1  -1  -1  -1  36 212 125 
  7  -1   3  -1  -1  85 238  -1  -1 211  -1  -1  -1  -1  -1  -1  -1  -1  -1  -1  -1 131 298  -1  -1  -1 
  8  -1  -1  -1 304  -1  -1  15 194  -1  -1 150  -1  -1  -1  -1  -1  -1  -1  -1  -1  -1  -1 201  -1  -1 
  9  -1  73 299  -1  -1  -1  -1  -1 242  -1  -1  -1 236 236  -1  -1  -1  -1  83  -1  -1 100  16  16  -1 
 10  -1 161  -1  -1  -1  -1  -1  -1  86  -1  -1  -1 276 284  18  -1 101  -1 192 192 172  -1  -1 128  -1 
 11  -1  -1  41 215  -1  -1  -1  -1 277  -1  -1  -1  -1  -1  -1  -1  -1  -1 262  -1  -1 169 148 148  -1 
 12  -1  -1  -1  -1  -1  -1  78  -1  60  60  -1  -1  -1  64  -1  -1 123  -1  -1  -1  -1  42  -1  -1  -1 
 13  -1  -1  -1  -1  -1  -1  -1  -1  -1  -1  -1  -1 307  -1  -1  -1  -1  -1  77  -1  -1  -1  -1  38  -1 
 14 259 191 256  -1  -1  23 135  -1  -1  -1  -1 146  13  -1  -1  37  -1 198 290  -1  -1  -1 235  -1  -1 
 15  -1  -1  -1  -1  -1  -1 253 208  -1  -1  -1  -1  -1  -1  -1  -1  -1  -1 133  -1  -1  84  -1  -1  -1 
 16  -1  -1  62  -1  -1  -1  56 254  -1  -1  -1 102  -1 300  -1  -1  88  -1  -1  -1  -1  -1  -1  -1 127 
 17  -1 264  -1  -1  -1  -1  -1  -1 120  43  -1  -1 167 306  -1 258 147  81 108 106  -1  -1  -1  -1  -1 
 18  -1  -1  -1  -1  -1 257  -1 158 245  -1  -1  -1  -1 124  -1  -1  -1  -1  44  -1  -1 144 171 129  -1 
 19  -1  -1  -1 303  -1  -1 210  67  -1  -1  -1  -1  -1 265 221  -1  -1 110  -1  -1  -1 217  27  -1  -1 
 20  -1  -1  -1  -1 174 173  -1  -1   1 219  -1  -1 190  -1  -1  -1  -1  -1 121  -1  -1  -1 289  -1  -1 
 21  -1 301  -1  -1  -1  -1  -1  -1 176  -1  -1 249  -1  70  -1  -1  -1  71 152  -1 302  -1  -1 168  -1 
 22  -1  -1  -1  -1  -1  -1  -1  47  -1  -1  -1 117  59  -1  -1  -1  12 160  -1  -1  -1  20 166  -1  66 
 23  -1  -1  -1  -1  -1  -1  -1  -1  -1  -1  -1  -1 216 157  -1  -1 132  -1  -1 175  40 255  -1 240  -1 
 24  -1  -1  -1  -1  -1  -1  29 293  -1  -1  -1 203  -1 189  -1  -1 248  -1  -1  -1  -1  58  80 114  -1 
 25  -1  -1  -1 282  -1  -1 188  -1  -1  -1  -1  -1  -1  45 287  -1   0  -1  -1  -1  -1  -1  -1  -1  -1 
 26  -1  -1  -1 122  -1  -1 261 104 104  -1  -1  -1 213  -1  -1  -1  -1 305 223  87  -1  -1 115  -1  -1 
 27  -1  -1  -1  -1  -1  -1  -1 278 260  -1  89  -1  91  -1  -1  -1  -1  -1 247  39  -1  -1  -1  -1  -1 
 28  -1 130  -1 252  -1  -1  -1 179 196  -1  -1  -1 111  -1  -1  -1  76 243  -1  -1  -1  72 279  -1  -1 
 29 126  28  -1  -1  -1  -1  -1  -1 159  22  -1 199  -1 246  -1  -1  -1  -1  -1  -1  -1  -1  -1 170  -1 
 30  -1  -1  17  17  -1  -1  -1  -1  -1  -1   2   2  30  -1  -1  -1  24  19  19  19   4   4  -1  -1  -1 
 31  -1  -1  31  31  31  -1  -1  -1  -1  -1  -1  -1  -1  -1  -1  -1  -1  -1  -1  -1  -1  -1  -1  -1  -1 
 32  -1  -1  -1  61  61  -1  -1  -1  74  -1  -1  -1  -1  -1  -1  46  46  63  63  63  48  48  -1  68  -1 
 33  -1  -1  -1  -1  -1  -1  -1  -1  -1  -1  75  75  75  -1  -1  -1  -1  -1  -1  -1  -1  -1  -1  -1  -1 
 34  -1  -1 105 105  -1  -1 118  90  90  -1  -1  -1 112  -1  -1  -1  -1  -1  -1  -1  92  92 107 107 107 
 35  -1  -1 119 119 119  -1  -1  -1  -1  -1  -1  -1  -1  -1  -1  -1  -1  -1  -1  -1  -1  -1  -1  -1  -1 
 36  -1  -1 149 149  -1  -1  -1 151 151 151  -1 156 136 136  -1  -1 162  -1  -1  -1 134 134  -1  -1  -1 
 37  -1  -1 163 163 163  -1  -1  -1  -1  -1  -1  -1  -1  -1  -1  -1  -1  -1  -1  -1  -1  -1  -1  -1  -1 
 38  -1  -1 193 193  -1  -1  -1  -1  -1  -1  -1  -1  -1 180 180  -1  -1 200 206  -1 178 178 195 195 195 
 39  -1  -1 207 207 207  -1  -1  -1  -1  -1  -1  -1  -1  -1  -1  -1  -1  -1  -1  -1  -1  -1  -1  -1  -1 
 40  -1 250 239 239 239  -1  -1  -1  -1  -1 222 222  -1  -1  -1 237 237 244  -1  -1 224 224  -1  -1  -1 
 41  -1  -1  -1  -1  -1  -1  -1  -1  -1  -1  -1  -1  -1  -1  -1  -1  -1  -1  -1  -1  -1  -1 251 251 251 
 42  -1  -1  -1 288  -1  -1  -1  -1  -1  -1 268 268  -1  -1  -1  -1 294 283 283 283 266 266  -1 281 281 
 43  -1  -1  -1  -1  -1  -1  -1  -1  -1  -1  -1  -1  -1  -1  -1  -1  -1  -1  -1  -1  -1  -1 295 295 295 
 44 197  -1  -1  -1  -1  -1 186  -1  -1  -1  -1  -1 274  -1  -1  -1  -1  -1  -1  -1  -1  -1  -1   5  -1 
 45 109 228  -1  -1 309  -1  -1  -1  -1  -1  -1  -1  -1  -1  -1 271  -1  -1  -1  -1  -1  -1  -1  -1  -1 
 46 153  -1  -1  -1  -1  -1  -1   8  51  -1  -1  94  49  -1  -1  -1  -1  -1  -1 312  -1  -1  -1  -1  -1 
 47  -1  -1  -1  -1  -1  -1  93 226  -1  -1  -1  -1  -1  -1  99 143  -1  -1 182  -1  -1  -1  -1  -1 315 
 48  -1  96  -1  -1  -1  -1 230  -1  -1  -1  -1  -1 183  -1  -1 229 227  -1  95  -1  -1  -1 140  -1  -1 
 49 316 181  -1  -1  -1 310  -1  -1 141  -1  -1  -1  -1  98  -1  -1 273  -1  -1  -1  -1  -1  53  -1  -1 
 50  -1  50 314  -1  -1  -1  55  -1  -1  -1  -1  -1  -1  -1 138  97  -1  -1  -1  -1  -1  -1   9  65  -1 
 51  -1 142  -1 308  -1  -1  -1  -1  -1  -1  -1  -1 225  -1  -1  -1  -1  -1  -1  -1  -1  -1 184 231  -1 
 52  -1  21  -1  -1  -1  -1  10 275  -1  -1 185  52   6  11  -1  -1  -1 313 241  -1  -1  -1  -1 139  -1 
 53  -1  -1 285  -1  -1  -1  -1  -1 272 311  -1 137  -1  -1  54   7 187  -1 269  -1  -1  -1 270  -1  -1 

r\t   0   1   2   3   4   5   6   7   8   9  10  11  12  13  14  15  16  17  18  19  20  21  22  23  24 
  0  -1 110  -1  -1  -1  -1  -1 113  -1  -1 131 116  -1  -1  -1  -1  -1 146  -1  -1  -1 234  -1  -1  -1 
  1  -1 170 289  27  -1  -1  -1  14 290  -1  -1 301  -1 161  -1  16  16  -1  -1  -1 265  -1  -1 210  -1 
  2  -1  -1  47  -1 305  -1  -1  -1  -1  -1  -1  -1  -1  -1  -1  -1  -1  -1  -1 169  -1  -1 247  -1  -1 
  3  -1 201  -1  -1  -1  -1  -1  -1  -1  -1  -1  -1 179  -1  -1  -1 132  -1  -1  -1  -1  -1  -1  -1  -1 
  4  -1 232  -1  -1  -1 176  34  -1  -1  -1  84 128  -1  -1  -1  -1 145  -1 212  43  -1  -1  -1  -1  -1 
  5  -1  36  33 167  -1  -1  -1  -1 191  -1  -1  -1  -1 243  -1  -1  -1 296  87 150  -1  -1  -1  42  -1 
  6  -1  -1  -1  -1  -1  -1 256 279  -1  -1  -1  -1 121 255  -1  -1  -1  -1   3  -1  -1  73 154  -1  -1 
  7  -1  -1 306  -1  -1  -1  -1 173  -1  -1  -1  -1  -1 297  -1  -1 108  60  60 213  -1  -1  -1  -1 198 
  8  22 258  -1 249  -1  -1 100  -1  -1  -1  -1 292  -1  -1  -1 106  -1  -1 223  -1  -1  -1 284 221 127 
  9  -1  -1 236 236  -1  -1 114 215  -1  -1  -1  -1 102  -1  -1  -1 130 219  18  -1  -1 189  -1  -1  -1 
 10  -1  -1  -1  -1  -1  -1  -1  -1  -1  -1  -1  -1  -1  37  -1  -1  -1 264  -1  -1  -1  -1  -1  -1  -1 
 11  -1 144  -1  -1  -1 217  -1  -1  -1  -1  -1  -1  -1 123  -1  -1  -1  -1 124  -1  -1  -1  -1 211  -1 
 12  -1  -1  -1  -1  -1  -1 304  -1  -1  -1  -1  -1  -1 214  -1  -1 117  -1  -1  -1  -1 205 135 122  -1 
 13 261  -1  82  -1  -1  -1 277 160  -1 174  -1 252  -1  -1  -1  81  -1  91 164  -1 175 293 192 192  -1 
 14  -1  -1  -1  -1  -1  -1  -1  -1  -1  -1  -1  78 291  -1  -1  -1 253 245  -1  -1  -1 278  -1 276  -1 
 15  -1  -1  23  -1  -1  -1  38 172  -1  -1  -1  -1  -1  -1  66  -1  25   0  -1  -1  -1  -1  -1  -1  -1 
 16  -1  56  62  -1  -1  -1  -1  -1  41  -1  -1  20  -1  -1 260  -1  -1  -1  -1  -1  -1  -1  -1 263  -1 
 17  -1  -1 148 148  -1  -1  57  -1  80  -1  -1  -1  -1  -1  -1  -1 208  -1 216  -1  -1  -1  -1  -1  -1 
 18  -1 254  -1 188  -1 125  -1  -1  -1  -1  -1  -1  -1 199  -1  -1  -1  -1  -1  -1  -1  -1  -1 158  -1 
 19 303  -1  -1  -1  -1  -1 209  -1  -1  -1  -1  -1  -1 307  -1  -1  -1  -1  -1  -1  -1  64  -1 300 155 
 20  -1  -1  -1  -1  -1  -1  -1  28  -1  -1  -1  -1  -1  -1  -1  -1  -1 165  -1  -1  -1 159  -1  -1  -1 
 21  -1 171  72  -1  -1  -1  -1  -1  -1 259  -1 287 233  -1  -1  -1  -1  -1  -1  -1  -1  -1 242  -1  -1 
 22  -1 120  -1 202  -1  -1  -1  -1 168  -1  -1  44  88  -1  -1  -1  -1  -1  -1  -1  -1  -1  -1  -1  -1 
 23  -1  -1  -1  15  -1  -1  13  -1  -1  -1  -1 267  -1  -1 218  -1  59  -1  89  -1  86  -1  -1 246  -1 
 24  -1   1 177  71  -1  -1 262  -1  -1  -1  -1 103  -1  -1  -1  -1  -1 111  79  -1  45  -1  -1  -1 238 
 25  -1 220  -1  -1  -1  -1  76  -1  -1  -1  -1  -1  -1  29  -1  83  -1 280 280  -1  -1  -1  -1 133  -1 
 26  -1 302 248  67  -1  -1  -1 196 115  -1  -1  58  -1  -1  -1  -1  -1 204  -1  -1  -1  12  26  -1  -1 
 27 282 298  -1  -1  -1  40  -1  70 240  -1  -1 235 194  -1  -1  -1  -1  -1 299  -1  -1 152  -1  -1  -1 
 28  -1 257  -1  77  -1  -1  -1  -1  35  -1  -1  -1 203 129  -1  -1  -1  39  -1  -1 126  -1  -1  -1  -1 
 29  -1 157 166 104 104  -1 190  -1  -1  85  -1  -1 147  -1  -1  -1  69  -1  32 286  -1 101  -1  -1  -1 
 30  -1  -1  -1   4   4   2   2  -1  -1  -1  -1  -1  17  17  -1  -1  -1  24  -1  -1  -1  30  19  19  19 
 31  -1  -1  -1  -1  -1  -1  -1  -1  -1  -1  31  31  31  -1  -1  -1  -1  -1  -1  -1  -1  -1  -1  -1  -1 
 32  -1  68  -1  -1  -1  48  48  63  63  63  -1  -1  74  -1  -1  -1  -1  46  46  -1  -1  -1  61  61  -1 
 33  -1  -1  -1  -1  -1  -1  -1  -1  -1  -1  -1  -1  -1  -1  -1  -1  -1  -1  -1  -1  -1  -1  75  75  75 
 34  -1  -1 118  90  90  92  92 107 107 107  -1  -1  -1  -1  -1  -1  -1 112  -1  -1  -1  -1 105 105  -1 
 35  -1  -1  -1  -1  -1  -1  -1  -1  -1  -1  -1  -1  -1  -1  -1  -1  -1  -1  -1  -1  -1  -1 119 119 119 
 36  -1  -1  -1 134 134  -1 156 151 151 151 149 149  -1  -1  -1  -1 162  -1  -1  -1 136 136  -1  -1  -1 
 37  -1  -1  -1  -1  -1  -1  -1  -1  -1  -1 163 163 163  -1  -1  -1  -1  -1  -1  -1  -1  -1  -1  -1  -1 
 38 193 193  -1 178 178  -1  -1  -1  -1  -1  -1 200  -1 206  -1  -1  -1 195 195 195 180 180  -1  -1  -1 
 39  -1  -1  -1  -1  -1  -1  -1 207 207 207  -1  -1  -1  -1  -1  -1  -1  -1  -1  -1  -1  -1  -1  -1  -1 
 40  -1  -1  -1 222 222 237 237  -1  -1  -1  -1  -1 244  -1  -1 239 239 239 250  -1 224 224  -1  -1  -1 
 41  -1  -1  -1  -1  -1  -1  -1 251 251 251  -1  -1  -1  -1  -1  -1  -1  -1  -1  -1  -1  -1  -1  -1  -1 
 42  -1  -1  -1 281 281 266 266 294  -1  -1  -1  -1 283 283 283  -1 288  -1  -1  -1  -1  -1 268 268  -1 
 43  -1  -1 295 295 295  -1  -1  -1  -1  -1  -1  -1  -1  -1  -1  -1  -1  -1  -1  -1  -1  -1  -1  -1  -1 
 44  -1  -1  -1  -1  -1  -1  -1  -1  -1  -1  -1  -1   6  -1  -1  -1 275  -1 241 308  -1  -1  -1  -1 315 
 45 311  51  99  -1  -1  -1 142  11 314  -1  -1  -1  -1 109  -1  -1  54  -1  -1  -1  -1  93  10  94  -1 
 46  -1  -1  -1  -1  -1 228  -1  -1  -1  -1  -1  -1  -1  -1  -1  -1  -1  -1  -1  -1  97  -1  -1  -1  -1 
 47  -1 186  -1  -1  -1  -1 184 273  -1  -1 316  -1 269  -1 312  -1  -1  -1  -1  -1  -1  -1  -1  -1  -1 
 48  -1  -1  -1  -1  -1  -1  -1  -1  -1  -1  -1   8  -1  -1  -1 309 226  -1 181  -1  -1 271  -1  -1  -1 
 49  -1 270 227  -1  55  -1 229  -1  -1  -1  -1  -1 141  65  -1  -1 182  -1 139  -1  -1  49  -1 183  -1 
 50  -1  -1 272  -1  -1 140  -1  -1 285 310  -1  96  -1 313 197  -1  -1 143 274  -1  -1  -1 185  -1  -1 
 51  -1  -1  -1  -1  -1  -1  -1  53  21  -1  -1  -1  -1 153  -1  -1  -1  -1  -1  -1  -1  -1  -1  52  -1 
 52  -1  -1  -1  -1  -1  -1  -1  -1  -1  -1  -1 187  50  -1  -1  -1   7  -1  -1  -1   9  -1  -1  -1  -1 
 53  -1 137 138  -1  -1  -1  -1  98  -1  -1  -1 225 231  -1  -1  -1  95 230  -1  -1  -1   5  -1  -1  -1 

r\t   0   1   2   3   4   5   6   7   8   9  10  11  12  13  14  15  16  17  18  19  20  21  22  23  24 
  0  -1 173  -1  -1 170  -1 254  -1  -1  -1 110  -1  -1  -1  -1  -1  -1  -1  -1  -1  -1 209 192 192  22 
  1  -1  -1 278 292  -1  -1  -1 253 258  -1 150  81  32  -1  -1  -1  -1  -1  -1  -1  -1  -1  -1  -1  -1 
  2  -1  58  -1 233  -1  -1 169 199 297  -1  -1 210  -1  -1  -1  -1  -1  -1  -1  -1  -1  -1  -1  15  -1 
  3  -1 203  -1  -1 198  -1  39  -1  57  38  42 287  -1 154 303  -1  -1  -1  -1  -1  -1  69  -1  -1  -1 
  4  -1 277  -1  -1  -1  -1  -1 212  -1  -1  -1  -1  -1  -1  -1  -1 120 155  -1  -1  -1 190 240  -1  -1 
  5  -1  -1  -1  -1 218  -1 159  -1 245  -1  -1  -1 175  -1  -1  -1 205  -1 252  -1  -1  -1  -1  -1  -1 
  6  -1  -1  -1 121  -1  -1  -1  72 132  -1  -1 267  43  -1  -1  -1  -1  -1  -1  -1  -1  -1  60  60  -1 
  7  -1  36  -1  -1  -1  -1 179  -1  79  -1  -1 124  -1  -1  -1  -1 168  -1  -1  -1  -1  -1  29  -1  -1 
  8  -1  -1  -1  -1  -1  -1  -1  -1  -1  -1  -1  -1  91  -1  -1  -1  88  -1 302  -1  -1  66  -1  -1  -1 
  9  -1  33 247  -1  -1  -1  -1 243  -1 259  -1  64  -1   0  -1  -1  59  -1  -1  -1  -1  37  -1  -1  -1 
 10  -1  -1  -1  -1  -1  -1 194  -1  -1  -1 236 236  -1  -1  -1  -1 213 249  -1 257  -1 284 280 280  -1 
 11 304  -1 165 108  -1 106  20  -1  -1  -1 171  -1  -1  -1 215  -1  73  -1  -1  -1  -1  -1  -1  -1  -1 
 12  -1 116  82  -1  -1  -1  -1  -1  -1  -1  -1  -1   3 157  -1  -1  -1  -1  -1  -1  -1  13  -1  70  -1 
 13  -1 146 123  -1  -1  -1 219  -1 125  67  -1  77  -1  -1  -1  -1 133  -1 263  -1  -1  -1  -1 129  -1 
 14  -1  -1  -1  -1  -1  -1  -1 260 301 238  86 211  -1 100  -1  -1 276  -1  -1  -1 265 217  -1  -1  -1 
 15  -1  -1 102  -1  -1 305  28 158  -1  -1  -1  -1  -1  -1  -1  -1 214  -1  -1  -1  -1  47  -1  -1  -1 
 16  -1  -1 202  -1  -1  -1  -1  -1 242  -1  -1  89  -1 135  -1  -1 256  -1  -1  -1  -1  -1  -1 126  -1 
 17  -1  12 296 152  -1  -1 144  -1  -1  -1  -1  -1  76  -1  -1  -1 289  26  -1  -1  -1 232  -1  -1  -1 
 18  -1 235  -1  -1  -1  -1  45  -1  -1  -1  -1 167  -1  -1 216  -1  -1 166  -1  -1  -1  -1  -1  -1  -1 
 19  -1  -1  62  -1  -1  -1  -1  -1  -1  -1  -1  -1 145  -1  18  -1  -1 128  -1  -1 220  -1  -1  -1  -1 
 20  -1 246 261 177  -1  -1 122  -1  -1  -1  -1 255 130 117  -1  -1  -1  -1  -1 174  -1  -1  -1  -1  -1 
 21  -1  41  -1 279  -1  -1 291  -1 189  -1  -1  -1  -1  -1  -1  87  -1  23  -1  -1  -1 147  -1  -1 286 
 22  -1 196  -1  -1  -1  -1  -1  -1 204  -1  -1  -1 111  25  -1  -1  -1 282   1  -1  -1  -1  -1  -1  -1 
 23  -1 101  -1 248  -1  -1  -1 293 223  -1  -1  -1  -1  -1  -1  -1  -1  -1 148 148  -1  -1  80  -1  -1 
 24 306  78  -1  27  -1  -1  -1  -1  -1  -1  -1  -1  -1  -1  -1  -1  -1  -1 298  -1  -1  -1 114 221  -1 
 25  -1  -1  -1  56  -1  -1  -1  -1 264  -1  -1  -1  -1  -1  -1  -1 191  -1  -1  -1  -1  34  85  -1  -1 
 26  -1 299  -1  -1  -1  -1  -1  -1  -1  -1  -1 131  -1  14  -1  -1  -1  -1 113  -1  -1  -1  -1 115  -1 
 27 172  -1 234  -1  -1  -1 127  -1 164  -1  40  -1 208  -1  -1  16  16  -1  -1  -1  44 161  -1  35  -1 
 28  -1  -1  -1  -1  -1  -1 201 262 307  -1  84  -1  -1  -1  -1  -1 103  -1  -1  -1  -1 300 290  -1  -1 
 29  -1 160 188  -1  -1  -1  -1  -1  -1  -1  -1 176  83  71  -1  -1  -1  -1  -1  -1  -1  -1 104 104  -1 
 30   2   2  19  19  19  -1  -1  17  17  -1  -1  24  -1  -1  -1  -1  30  -1  -1  -1   4   4  -1  -1  -1 
 31  -1  -1  -1  -1  -1  -1  -1  31  31  31  -1  -1  -1  -1  -1  -1  -1  -1  -1  -1  -1  -1  -1  -1  -1 
 32  48  48  -1  74  -1  -1  -1  -1  68  -1  -1  -1  63  63  63  -1  -1  61  61  -1  -1  -1  46  46  -1 
 33  -1  -1  -1  -1  -1  -1  -1  -1  -1  -1  -1  -1  -1  -1  -1  -1  -1  75  75  75  -1  -1  -1  -1  -1 
 34  92  92  -1  -1  -1  -1  -1  -1 105 105  -1  -1 112  -1  -1  -1  -1 107 107 107  -1 118  90  90  -1 
 35  -1  -1  -1  -1  -1  -1  -1 119 119 119  -1  -1  -1  -1  -1  -1  -1  -1  -1  -1  -1  -1  -1  -1  -1 
 36 136 136 162  -1  -1  -1  -1 151 151 151  -1  -1 156  -1  -1  -1  -1  -1  -1  -1 134 134 149 149  -1 
 37  -1  -1  -1  -1  -1  -1  -1  -1  -1  -1  -1  -1  -1  -1  -1  -1  -1  -1  -1  -1  -1  -1 163 163 163 
 38 178 178  -1  -1  -1  -1  -1  -1  -1  -1  -1  -1 195 195 195  -1  -1 193 193  -1 180 180 200 206  -1 
 39  -1  -1  -1  -1  -1  -1  -1  -1  -1  -1  -1  -1  -1  -1  -1  -1  -1 207 207 207  -1  -1  -1  -1  -1 
 40 224 224  -1 222 222  -1  -1  -1  -1  -1  -1  -1 237 237  -1  -1  -1 239 239 239  -1 250 244  -1  -1 
 41  -1  -1  -1  -1  -1  -1  -1  -1  -1  -1  -1  -1 251 251 251  -1  -1  -1  -1  -1  -1  -1  -1  -1  -1 
 42 266 266  -1 268 268 283 283 283  -1  -1  -1 294 281 281  -1  -1  -1 288  -1  -1  -1  -1  -1  -1  -1 
 43  -1  -1  -1  -1  -1  -1  -1  -1  -1  -1  -1  -1 295 295 295  -1  -1  -1  -1  -1  -1  -1  -1  -1  -1 
 44  -1  -1 228  -1  54  -1  -1  -1  -1  -1  -1  -1  -1  -1  -1 316   7 309  -1  -1  -1  -1  -1 140  -1 
 45  -1  -1  94  98  97  -1  -1  -1  -1  -1  -1  -1 272  -1  -1  -1  -1  -1  -1  -1  -1  -1  -1 183 241 
 46  -1  -1  -1  -1  -1  -1  96 313  -1  -1  -1  53  -1  -1  -1  -1  52  -1  -1 310  -1  -1 185 274 315 
 47  -1  -1  11 141  -1  -1  10  -1   8  -1  -1   6  21  -1  -1  -1 226  -1 139  -1  -1  -1  -1  -1  -1 
 48  -1  -1  -1  -1  -1  -1  -1  -1  -1  -1  -1  -1  -1  -1  -1 197 270  -1 181  -1  -1  -1 275  -1  -1 
 49  -1  -1  -1  50 138 312  -1  -1  55 314  -1 230  -1  -1 311 109  -1  -1  -1  -1  -1  -1 225  -1  -1 
 50  -1  -1  -1  -1  -1  -1  -1  65  -1  -1 308  -1  51  -1  -1 285  -1  -1  -1  -1  95  -1   9  -1  -1 
 51  -1  -1 186  -1  -1  -1 231  -1  -1  -1  -1  -1 137 227  -1  -1  -1  -1 273  -1  -1 229  -1   5  -1 
 52  -1  -1 271  -1  -1  -1  -1  -1 187  -1  -1 142  -1  -1  -1  -1  -1  -1  49  -1  -1  93  -1  -1  -1 
 53  -1  -1 153  -1  -1  -1 143  -1  -1  -1  -1  -1 182  99  -1  -1 184  -1  -1  -1  -1 269  -1  -1  -1 

r\t   0   1   2   3   4   5   6   7   8   9  10  11  12  13  14  15  16  17  18  19  20  21  22  23  24 
  0  -1 306  -1  -1  -1 104 104  -1  -1  -1  -1  -1  -1 100  -1  -1 191  22  -1 129  -1  -1  -1  81  -1 
  1  -1  -1 236 236  -1 303  -1 168  -1  -1  -1  89  -1  -1  -1  -1  85 282 276  -1  -1  -1  44  -1  -1 
  2  -1  -1  -1  -1  66  -1  -1  -1 252  -1  -1  15 280 280  -1  -1  -1 299  -1  -1  -1  -1  84  -1  -1 
  3  -1  -1  -1  -1 106  -1  -1 264  -1  -1  -1  -1  -1 248  -1  -1  -1 117  -1  -1  -1  -1 102  -1  -1 
  4  -1  -1 286  -1  -1  -1  -1  -1  -1  -1  -1 211 145  -1  -1  -1  -1  -1  -1  -1  -1  -1  56  -1  -1 
  5  -1  70  -1  -1  -1  -1  -1  -1 300  -1  -1 219  40  -1  -1  -1  -1  -1  -1  -1  -1  62  33  -1  -1 
  6  -1  -1  -1 115  -1  -1  57  -1 122  -1  -1  -1  -1 194  -1  -1  -1 245  -1  -1  -1  -1  73  58  -1 
  7  -1 232  -1  26  -1  -1 189  -1  -1  -1  -1 247  -1 304  -1  -1  -1  -1 305  -1  -1 287 289 256  -1 
  8  -1  -1  -1  -1  -1  -1  -1 198  -1  -1  -1 188  -1 144  -1  -1  29  -1  -1  -1  -1  -1  16  16  -1 
  9  -1   0  88  -1  -1  -1 208  -1  -1  -1  -1 223  -1 160  -1  -1 157 167  -1  -1  -1  -1  36  -1  -1 
 10 265  -1  -1  -1 171 307  -1  -1 166 131  -1  38  25  -1  -1  -1  -1 155  -1 263  -1  -1  -1  -1  -1 
 11  -1 249  -1  80  -1  -1  -1 255  -1  -1  -1 214  -1 213  -1  -1 113  -1 120  -1  -1  -1  -1 103  -1 
 12  -1  -1  -1  -1  -1  -1  72  -1 234  -1  -1  32 199  -1  -1  -1  -1  34 209 133  -1  -1  -1  -1  -1 
 13  -1  -1  -1 159  -1  -1  -1  -1 204  -1  -1  -1  -1  -1  -1  -1  -1  -1 190  -1  -1  -1 152  -1  -1 
 14  -1  -1  -1  -1  -1  -1  -1  -1  -1  -1  -1 165  -1  -1  -1  -1 253  -1  91  -1  -1 292  -1  -1  -1 
 15  -1  -1  -1  -1  -1  -1 235  -1  -1  -1  -1 114  -1 179  -1  -1  -1  -1  35  -1  -1  -1 201  -1 176 
 16 220  12 202  -1  -1  -1  83  -1  -1  -1  -1 279  -1  -1  -1  -1 238  -1   3  -1  -1 205  -1  -1  -1 
 17  -1 277  -1 212  -1 148 148 290  -1 242 218  -1  -1  -1 261  -1  -1  -1 257  -1  -1  69  -1  -1  -1 
 18  -1  -1  -1  -1  -1  -1  -1  -1  -1  -1  41  -1 246  -1  -1  -1  23  -1  -1  -1  -1 154  -1 215  -1 
 19  -1  -1  -1  -1  -1  -1  -1  -1  -1  -1  -1 146 101 293  -1  37  -1  -1  -1  -1  -1  -1  -1  -1  -1 
 20  67  -1  -1  -1  -1  -1  28 259  -1  -1 262  59  60  60  -1  -1 258  -1  -1  -1  82  18  -1  -1  -1 
 21  -1 126 254  -1  -1 172  -1 210  -1  -1  -1  -1 121  -1  -1  -1  -1  -1 150  -1  -1  -1  -1  79  -1 
 22  -1  -1 124  -1  -1  -1  -1  -1  -1  -1  -1  -1  13  -1  -1  -1  64 196  43  -1  -1  -1  -1  27  -1 
 23  -1 291 158  45  -1  -1  20  -1  -1  -1  -1  -1  78  -1  -1 302  -1  -1  -1  -1  -1  -1  -1  -1   1 
 24  -1 177  47  -1 174  -1  -1  -1  -1  -1  -1  -1  -1 116 110  -1  -1  -1  -1  -1  -1 111  -1 147  -1 
 25  -1 164 128  -1  -1  -1  -1 173  77  -1  -1  -1  -1  -1  -1  -1 296  -1 135  -1  87  -1  -1  -1  -1 
 26  -1  -1  -1  -1  -1  -1  -1 217 170  -1  -1  -1  -1  -1  -1  -1  -1  -1  86  -1  -1  -1  -1  -1  -1 
 27 260  -1 130  -1  -1  -1  -1  -1  -1  -1  -1 132  -1  -1  -1  -1  -1 243  76 175  -1  -1  -1  -1  -1 
 28  -1  -1 267  -1  -1  -1  -1 216 192 192  -1 108 298  14  -1  -1  -1  -1  -1  39  -1  -1 284 123  -1 
 29  -1  -1 297 278 169  -1 125  71  -1  -1  -1  -1 203 301  42  -1 127  -1 233  -1  -1 161 240  -1 221 
 30  -1  30  19  19  19  -1  -1  17  17  -1  -1   4   4  24  -1  -1  -1  -1  -1  -1  -1  -1   2   2  -1 
 31  -1  -1  -1  -1  -1  -1  -1  31  31  31  -1  -1  -1  -1  -1  -1  -1  -1  -1  -1  -1  -1  -1  -1  -1 
 32  -1  -1  68  -1  -1  48  48  63  63  63  -1  -1  -1  74  -1  -1  -1  61  61  -1  -1  -1  -1  46  46 
 33  -1  -1  -1  -1  -1  -1  -1  -1  -1  -1  -1  -1  -1  -1  -1  75  75  75  -1  -1  -1  -1  -1  -1  -1 
 34  -1 112 105 105  -1  92  92  -1  -1  -1  -1  -1  -1  -1  -1 107 107 107  -1  -1  -1 118  -1  90  90 
 35  -1  -1  -1  -1  -1  -1  -1 119 119 119  -1  -1  -1  -1  -1  -1  -1  -1  -1  -1  -1  -1  -1  -1  -1 
 36 134 134 151 151 151 136 136 149 149  -1  -1  -1 162  -1  -1  -1  -1  -1 156  -1  -1  -1  -1  -1  -1 
 37  -1  -1  -1  -1  -1  -1  -1  -1  -1  -1  -1  -1  -1  -1  -1  -1  -1  -1  -1  -1  -1  -1 163 163 163 
 38  -1  -1 193 193  -1 180 180  -1  -1  -1  -1  -1  -1 200  -1  -1  -1  -1 178 178 195 195 195 206  -1 
 39  -1  -1  -1  -1  -1  -1  -1  -1  -1  -1  -1  -1  -1  -1  -1 207 207 207  -1  -1  -1  -1  -1  -1  -1 
 40  -1  -1  -1 244  -1 222 222 224 224  -1  -1  -1 239 239 239  -1  -1  -1 250  -1 237 237  -1  -1  -1 
 41  -1  -1  -1  -1  -1  -1  -1  -1  -1  -1  -1  -1  -1  -1  -1  -1  -1  -1  -1  -1 251 251 251  -1  -1 
 42  -1  -1  -1  -1  -1 266 266 283 283 283  -1 294 268 268  -1  -1  -1  -1 288  -1  -1  -1  -1 281 281 
 43  -1  -1  -1  -1  -1  -1  -1  -1  -1  -1  -1  -1  -1  -1  -1  -1  -1  -1  -1  -1  -1  -1 295 295 295 
 44  -1  -1 181 275  -1   9  -1  -1  -1  -1  -1 241 143  -1 310  -1  -1  -1 272  54 314  -1  -1  -1  -1 
 45  -1 271  -1  -1 197  -1  -1  -1  -1  -1  -1  49  96   5  -1  -1 309 308 230  -1  -1  -1 269  -1  -1 
 46  -1  94  -1  99  -1  -1  -1  -1  53  -1  -1  -1  55  51  -1  -1  -1  -1  50  -1  -1  -1  -1  -1  -1 
 47  -1 227  65  -1  -1  -1  -1  -1  -1  -1  -1 182  -1  -1  -1  -1 285  -1  -1  98  -1  -1  -1  -1  -1 
 48  -1  52  -1  -1  -1  -1  -1 140  -1  -1  -1 270  -1  95  -1  -1  -1  -1  21  -1  -1  -1  -1  -1  -1 
 49  -1  -1  -1  -1  -1  -1  -1  -1 183  -1  -1  -1  -1 226  -1  -1 153  -1 109  -1  -1  -1  93 184  -1 
 50  -1  -1 225 186  -1  -1  -1  -1  11  -1  -1  -1  -1  -1  -1  -1  -1  -1  -1  -1  -1 313 141 139  -1 
 51   7  -1  -1  -1  -1  -1  -1  -1  -1 315 312  -1  -1 142  -1 316  -1  -1  -1 274  -1  -1  -1  -1  -1 
 52  97  -1   6 137  -1  -1  -1  -1  -1  -1  -1  -1  -1  -1  -1  -1  -1  -1  -1   8  -1  -1 187 231  -1 
 53 185  -1  -1 229 311  -1  10  -1 138  -1  -1  -1  -1  -1  -1  -1  -1  -1  -1 228  -1  -1  -1 273  -1 

r\t   0   1   2   3   4   5   6   7   8   9  10  11  12  13  14  15  16  17  18  19  20  21  22  23  24 
  0  -1  12  70  -1  -1  -1  -1  26 292  -1  -1 276  -1  -1  -1  -1  -1  -1  -1  -1 238  -1  -1  89  -1 
  1  -1  56 113  -1  -1  -1  -1 116  -1 257  -1 259 298 265 176  -1 247  72  -1  -1  -1  -1  -1  -1  -1 
  2 219  -1  -1  -1  -1  -1 123  -1  -1  -1  -1  -1  -1  -1  -1 198  -1 160 122  -1  -1 145  -1 209  -1 
  3  -1 284 253  -1  -1  -1 232  -1  -1  -1  -1  -1  -1  -1  -1  -1  -1  -1  -1  -1  -1  -1  -1 264  -1 
  4 220 128  -1  -1  -1  -1  -1  -1  -1  -1  -1  -1 115 174  -1  -1  -1  -1  -1  -1  -1  -1 245  -1  -1 
  5  -1 190 104 104  -1  -1  -1  -1  -1  -1  -1 249  -1  -1  -1  -1  -1  -1  -1  -1  -1  -1  -1 179  -1 
  6  -1  -1  -1  -1  -1  -1  -1  -1 201  -1  -1  29  -1  -1  -1  -1  67 199  -1  -1  -1  -1 147  -1  -1 
  7  -1 129  -1  -1  -1  -1  -1  -1  76  -1 110  -1 148 148  -1  -1 131  -1  -1  -1 301   3 240  -1  -1 
  8  -1 157 234  -1  -1  -1  25  83  -1  -1  -1  -1  35  -1  -1  -1  -1  -1  -1  -1 303  62  -1 124  -1 
  9  -1 254  -1  27  -1  -1  -1  -1  -1 213  -1  -1  -1  -1  -1  -1  -1  -1  -1  -1  -1  -1  -1 223  -1 
 10  -1 307  -1 302  -1  -1  -1  -1  -1  -1  -1 146  -1 246  -1  -1  -1  -1 212  -1 150  -1  -1  -1  -1 
 11  -1  86  -1  -1  -1  -1 277  -1  -1  -1  -1  59 166  -1  -1 305 155  -1  -1  -1  -1  -1  -1 291  -1 
 12  -1  -1  33 248  -1  -1   0  -1 121 304  -1 159  -1  -1   1  -1  -1  -1  28  -1 263  73  -1  -1  -1 
 13  66 306  45 280 280  -1  -1 255 168 217  -1  -1 218  -1  -1 236 236  -1  -1  -1  -1  -1  -1  13  -1 
 14  -1  69  -1  -1  -1  -1 188  -1  -1  -1  -1  -1 203  -1  -1  -1  41  -1  -1  -1  -1  -1  -1  -1  -1 
 15  -1  -1  -1 290  -1  -1  -1  -1  -1  -1 175  -1  -1  -1  -1  -1  -1  -1  -1  -1  -1  47  -1  -1  -1 
 16  -1 132  -1  80 260  -1  -1 158  -1  -1  -1  -1 256  44  -1  -1  -1 262  -1  85  -1 101  14 194  -1 
 17  -1  -1  -1  -1  -1  -1  -1 125  39  -1  -1 114  -1  -1  -1  -1  -1  -1 267  -1  38  87  88  -1  -1 
 18  -1  -1  -1  15  -1  -1 202  71  -1  -1  -1  -1 215  -1  -1  -1  -1  -1  -1  -1 214  -1  -1 243  -1 
 19  37  -1 287  -1  -1  -1 133  -1  -1  -1  -1  -1 279  -1  -1  -1  -1  -1  -1  -1  -1  -1  -1  81  -1 
 20  -1  -1  -1  -1  -1  -1  64  -1 242  -1  -1  -1  -1  -1  -1 169  -1  -1  -1  -1  -1 221 191  -1  -1 
 21  -1  36  -1 167  -1  -1  -1  -1  -1  -1  18  -1  -1 100  43  -1  -1  -1 177  -1  -1 196  -1  -1  -1 
 22  -1  -1  -1 235  -1  -1  -1 278  -1  -1  -1  -1  91  78  -1  -1  -1  -1  79  -1  -1  -1  -1  34  -1 
 23  -1  -1 205  58  -1  -1 296 135 154  -1  -1  -1  -1  -1  -1  -1 204 171  -1  -1  -1  -1  -1 108  -1 
 24  -1 144 170  -1  -1  -1  -1  -1 286  -1  -1 289  16  16  -1  -1  -1  -1  -1 106  -1  32  -1  42  -1 
 25  -1 211  -1  -1  -1  -1  -1  77  -1  -1  -1  -1 111 173 261  -1  -1  -1 165  -1  -1 117  -1  -1  -1 
 26  -1 210  -1  -1  -1  -1 103 299  -1  -1  -1 130  84  -1  -1  -1  -1  -1  57  -1  -1 161  -1  -1  -1 
 27  -1 233 258 120  -1  -1  -1  -1 252  40  -1  -1 216 164  -1  -1 127  -1  -1  -1  -1  -1 293  -1  -1 
 28  22 300 192 192  -1  -1  -1  -1  23  -1  -1  -1  -1 208  -1 126  20 172 282  -1  -1  -1 102  -1  -1 
 29  -1  -1  -1  -1  -1  -1 152  -1  -1  -1  -1 189  60  60  -1  82  -1  -1  -1  -1  -1 297  -1  -1  -1 
 30  -1   2   2   4   4  19  19  19  30  -1  -1  -1  -1  -1  -1  -1  -1  17  17  -1  -1  -1  24  -1  -1 
 31  -1  -1  -1  -1  -1  -1  -1  -1  -1  -1  -1  -1  -1  -1  -1  31  31  31  -1  -1  -1  -1  -1  -1  -1 
 32  -1  -1  -1  46  46  48  48  63  63  63  -1  74  -1  -1  -1  -1  -1  -1  68  -1  -1  -1  61  61  -1 
 33  -1  -1  -1  -1  -1  -1  -1  -1  -1  -1  -1  -1  -1  -1  -1  -1  -1  -1  -1  -1  -1  -1  75  75  75 
 34  -1  -1  -1  90  90  92  92 107 107 107  -1  -1  -1 118  -1  -1  -1 105 105  -1  -1  -1 112  -1  -1 
 35  -1  -1  -1  -1  -1  -1  -1  -1  -1  -1  -1  -1  -1  -1  -1 119 119 119  -1  -1  -1  -1  -1  -1  -1 
 36  -1  -1 156 149 149  -1  -1  -1  -1  -1  -1 134 134 136 136  -1 162 151 151 151  -1  -1  -1  -1  -1 
 37  -1  -1  -1  -1  -1  -1  -1  -1  -1  -1  -1  -1  -1  -1  -1  -1  -1  -1  -1  -1  -1  -1 163 163 163 
 38  -1  -1  -1 178 178 180 180 195 195 195  -1 206 193 193  -1  -1  -1 200  -1  -1  -1  -1  -1  -1  -1 
 39  -1  -1  -1  -1  -1  -1  -1  -1  -1  -1  -1  -1  -1  -1  -1  -1  -1  -1  -1  -1 207 207 207  -1  -1 
 40  -1 224 224 222 222  -1 244  -1  -1  -1  -1  -1 239 239 239  -1  -1 237 237  -1  -1  -1  -1 250  -1 
 41  -1  -1  -1  -1  -1  -1  -1  -1  -1  -1  -1  -1  -1  -1  -1  -1  -1 251 251 251  -1  -1  -1  -1  -1 
 42 266 266  -1 268 268  -1  -1  -1  -1  -1  -1 288  -1  -1  -1 281 281  -1 294  -1 283 283 283  -1  -1 
 43  -1  -1  -1  -1  -1  -1  -1  -1  -1  -1  -1  -1  -1  -1  -1 295 295 295  -1  -1  -1  -1  -1  -1  -1 
 44  -1  54  -1  -1  -1 140  -1 273  -1  -1  -1  97  51  -1  -1  -1  -1  -1 142  -1  -1 141  -1  10 311 
 45  -1  -1  -1  -1  -1  -1 269  -1  -1  -1  -1  -1  -1 231  -1  -1  -1  -1  49  -1  -1  -1  -1  -1  -1 
 46  -1  -1 186  -1  -1  -1  -1  -1 313  -1  -1  -1  -1  94  -1  -1  -1  -1  -1  -1  -1  96  52  -1  -1 
 47 185  -1  -1 139  -1 271 227 153  -1  -1  -1 226  -1  -1 274  -1 309  -1  -1  -1 109 182  11  -1  -1 
 48  -1  95  -1  -1  -1  -1  -1 229  -1  -1 285   6   9  -1  -1  -1  -1  65 230  -1 314  21  -1  53  -1 
 49  -1  -1  -1  -1  -1  -1  -1  -1  -1  -1  -1  -1  -1  -1  -1  -1  -1  -1  -1  -1  -1  -1  -1  -1  -1 
 50  -1 181 137  -1 143 225  -1   8  -1  -1  -1  50 270  -1  -1 310  -1  -1  98  -1  -1  -1  -1  -1  -1 
 51 138  -1  -1  -1  -1  -1  -1  -1  -1 312  -1  -1  -1   7  55  -1 197  -1   5  -1  -1 272  -1  -1  -1 
 52  -1  -1  93  -1  -1  -1  -1  -1  -1  -1 315 187  -1 184  -1  -1  -1 308  -1 316  -1  -1  -1  -1  -1 
 53  -1  -1  -1  -1  -1  -1  -1  -1  -1 241  -1 275 183  -1  99  -1  -1  -1  -1  -1  -1  -1 228  -1  -1 

r\t   0   1   2   3   4   5   6   7   8   9  10  11  12  13  14  15  16  17  18  19  20  21  22  23  24 
  0  -1 257  -1  -1  -1  -1 159 289 194  -1  -1 217  60  60  -1  -1  -1  -1 246  -1  -1 168  26  -1  -1 
  1  -1  -1  -1  -1  -1  -1  -1 252  -1  -1  -1 172  -1  -1  -1  -1  -1  -1  -1  -1  -1  -1  -1 290  -1 
  2  -1  66  45 201  -1  -1  -1  -1  -1  -1  -1  87 236 236  -1  -1 267  -1  -1  -1  -1 204  -1  -1  -1 
  3  -1 161  -1  -1  -1  -1  -1  -1  -1  -1  -1  59 165 160  -1  42  -1  -1  -1  -1  -1 196 287  -1  -1 
  4  -1  -1  -1  -1  -1  -1 223  -1  -1  -1  -1  -1   0  -1  -1  -1 110 191  -1  -1  -1  71  -1  -1  -1 
  5  -1  15  -1  -1  -1  -1  64  -1  -1  -1 220 216  -1  -1 150  -1 179  -1 297  40  -1  -1  -1  -1  -1 
  6  -1  -1  -1  -1  -1  -1  -1  85  -1  -1  -1  -1 279  -1  -1 303  -1  -1  -1 221  -1  -1  -1 245  -1 
  7  -1  -1  -1  -1  -1  -1  -1  -1  28  -1  -1  -1  -1  -1  -1  41 247  -1  20  -1  -1 152  -1  -1 132 
  8  -1  -1  -1 173  67  -1 189  -1  -1 169  -1  -1 256  -1  -1  -1  -1 248 113  -1  -1 129 166  79  -1 
  9  -1  -1  -1  29 175  -1  -1  -1  -1  -1  -1 146 292  -1  -1  -1 232  -1  -1  -1   1  58  18  81  -1 
 10  -1 264  -1  -1  -1  -1  76  -1 124  -1 128  -1  -1 174  -1  -1  84  69  -1  -1  -1 233  -1  56  -1 
 11  -1  47  -1  -1  -1  -1  -1 176 203  -1  -1 214  -1  -1  -1  -1  -1 104 104  -1  -1  -1  -1  -1  -1 
 12  -1  -1  -1  -1  -1  -1 108 103 282  -1  -1  -1 145  -1  -1  -1  -1  -1  -1  -1  -1  -1  62  -1  -1 
 13  -1  -1  -1  38  -1  -1  -1  -1 111  -1  -1  78  -1  -1  -1  -1  77  -1 284  -1  -1  -1  -1  44  -1 
 14 304 255  -1  -1  -1  -1  -1  -1  -1  -1  -1  -1  -1 278 238  -1  -1  -1  -1  -1  -1  -1  -1 121  -1 
 15  -1  -1 240  -1  -1  -1  -1  -1 263  -1  -1 258  -1  -1  -1  -1 147  -1  -1  -1  -1 106  -1 190  -1 
 16  -1  -1  80  -1 305 302  -1  -1  -1  -1  -1 100  25 299  -1  -1  -1 234  -1  -1  -1  -1 116  -1  -1 
 17 131  -1 293  -1  -1  -1  -1  -1  -1  -1  -1  -1  -1  -1  -1  -1  -1  -1  -1  -1  -1  -1  -1  -1  -1 
 18  -1 101  -1  -1  -1 213 144  -1 164  -1  -1 296  -1 208  -1 242 286 306 130  -1 265 123 125  -1  -1 
 19  -1  -1  -1  23 262  -1  -1 158  -1  -1  -1  -1  -1  -1  -1  -1  -1  36  -1  -1 177  -1  -1  -1  -1 
 20  -1  35  -1  70  -1  -1  -1  -1  -1  -1  -1  32 102  -1  -1 218  -1  -1  -1  -1  -1  -1  -1  -1  -1 
 21  -1  39  -1  -1  -1  -1  -1  -1 253  -1  -1  -1 192 192 171  -1  -1 291  -1  -1  -1  -1 254  88  -1 
 22  -1  -1 122  -1  -1  -1  -1 115  -1  -1  -1  -1  -1  -1  -1  -1 307 120  -1  83  -1 261 154  -1  -1 
 23  -1 135  -1  -1  -1  -1  -1  -1  -1  -1  -1  -1  -1  -1  -1  -1 205  -1  33  -1  -1  -1  -1  -1  -1 
 24  -1 212 209  -1 127  -1 114  -1  -1  -1  -1  -1  -1  -1  -1  -1  57 276  73  -1  -1  -1  72  14  -1 
 25  -1  -1  -1  -1  -1  -1  -1  82 298  -1  -1  -1 211 249  -1  -1  -1  13 167  -1  -1  91 202 133  -1 
 26  -1  -1  22  -1  -1  -1  -1  -1 219  -1  -1 277  -1  43  -1  16  16  -1 126  -1 155  -1 243 235  -1 
 27  -1  -1  -1  -1  -1  -1  -1  -1  -1  -1  -1  -1  -1  -1  -1  -1  34 148 148  -1  -1  -1  86 280 280 
 28  -1  -1   3 300  -1  -1  -1  -1  -1  -1  -1 117  37  -1 301  -1  -1  -1  -1  -1  -1  -1  -1  -1  -1 
 29 215 170  -1  -1  -1  -1  89 188  -1  -1  -1 210 259  -1 198  -1 157  27  -1  -1  -1  12 199 260  -1 
 30  -1  -1  -1  -1  -1  17  17  -1  -1  -1  19  19  19  24  -1  -1  -1  -1   4   4  -1  30  -1   2   2 
 31  -1  -1  -1  -1  -1  31  31  31  -1  -1  -1  -1  -1  -1  -1  -1  -1  -1  -1  -1  -1  -1  -1  -1  -1 
 32  -1  68  -1  -1  -1  -1  -1  61  61  -1  48  48  -1  74  -1  -1  -1  63  63  63  46  46  -1  -1  -1 
 33  -1  -1  -1  -1  -1  -1  -1  75  75  75  -1  -1  -1  -1  -1  -1  -1  -1  -1  -1  -1  -1  -1  -1  -1 
 34  -1  -1 105 105  -1  -1  -1  -1  -1  -1  92  92 112 118  -1  -1  -1  -1  90  90  -1  -1 107 107 107 
 35  -1  -1 119 119 119  -1  -1  -1  -1  -1  -1  -1  -1  -1  -1  -1  -1  -1  -1  -1  -1  -1  -1  -1  -1 
 36  -1  -1 149 149  -1  -1  -1 151 151 151 134 134 162  -1  -1  -1  -1 156 136 136  -1  -1  -1  -1  -1 
 37  -1  -1 163 163 163  -1  -1  -1  -1  -1  -1  -1  -1  -1  -1  -1  -1  -1  -1  -1  -1  -1  -1  -1  -1 
 38  -1  -1 195 195 195  -1 206 200  -1  -1  -1  -1 180 180  -1  -1  -1  -1 193 193  -1  -1  -1 178 178 
 39  -1  -1  -1  -1  -1  -1  -1  -1  -1  -1  -1  -1  -1  -1  -1  -1  -1 207 207 207  -1  -1  -1  -1  -1 
 40  -1  -1  -1 237 237  -1 250 239 239 239  -1 244  -1  -1  -1  -1  -1  -1  -1  -1 222 222  -1 224 224 
 41  -1  -1 251 251 251  -1  -1  -1  -1  -1  -1  -1  -1  -1  -1  -1  -1  -1  -1  -1  -1  -1  -1  -1  -1 
 42  -1  -1 283 283 283 281 281  -1  -1  -1  -1  -1 268 268  -1  -1 294  -1 266 266  -1 288  -1  -1  -1 
 43  -1  -1  -1  -1  -1 295 295 295  -1  -1  -1  -1  -1  -1  -1  -1  -1  -1  -1  -1  -1  -1  -1  -1  -1 
 44 309  -1  -1  -1  -1  -1  -1  -1  21  -1  -1 183  -1  -1  -1  -1  -1  -1  -1  -1  -1  -1  -1  -1  -1 
 45  -1  -1  -1  -1  -1  -1 241  -1  -1  -1  -1  -1 143 227 310  -1  -1 182  -1  -1  -1  -1  -1  -1 274 
 46  -1   7  -1  -1  -1  -1  -1  -1  -1  -1  -1  -1  -1  94  -1  -1 229  52  -1  -1  -1  -1 315  -1  55 
 47  -1 226  96  -1  -1  -1  -1  11 313  -1  -1 270  97  49 109  -1  51 230  -1  -1  -1   6  -1  -1  -1 
 48  -1  -1  -1  -1  -1  -1  10  -1  -1  -1  -1  -1  -1   5  -1 285  -1  -1  -1  -1  -1  -1  -1 269  -1 
 49  -1 184 139  -1 316  -1  53  50  -1 314  -1 231 228  -1  -1  -1  -1 272  -1  -1  -1 141  -1  -1  -1 
 50  -1  -1  -1  65  -1  -1 187  -1  -1  -1  -1  -1  -1  -1  -1  -1   8  -1 225  -1  -1 186  -1  -1  -1 
 51  -1  98  -1  -1  -1  -1 142 273  -1  -1 271  -1  -1  -1  -1 311 137 140  -1  -1  -1  -1  -1  -1  -1 
 52  -1  -1  -1 308  -1  -1  -1  -1  -1  -1 185  -1  54  -1  -1  -1  -1   9  -1  -1  -1 275  -1  -1  -1 
 53  -1 153 181  -1  -1 312  -1  95  -1  -1  -1  -1  -1 138  -1  -1 197  99  -1  -1  93  -1  -1  -1  -1 

r\t   0   1   2   3   4   5   6   7   8   9  10  11  12  13  14  15  16  17  18  19  20  21  22  23  24 
  0  -1  -1  -1  -1  -1  -1 210  -1  60  60  -1 168  -1  -1  -1  -1  -1 116 161  -1  -1 190 165  -1  -1 
  1  -1 103  -1  -1  87  -1  -1  -1 164  -1  -1  -1  -1 132  -1  -1 111  -1  -1  -1  -1  -1  -1  -1  -1 
  2  -1  -1  -1 209  -1  -1 115  -1  -1  -1  -1  -1  -1 171  -1  -1  -1  -1 248  -1  -1  71  -1  -1  -1 
  3  -1  -1  56  44  -1  -1 211 159  -1  -1  -1 286  -1  -1  -1  -1  -1  -1 196  -1  -1  -1 135 133  -1 
  4  -1  69 188 146  -1 216  -1  -1  -1  -1  -1  -1  -1  -1  -1  -1  -1  -1  73  -1  -1  -1  -1  -1  -1 
  5  -1  -1 296   3  -1  -1  -1  -1  -1  -1  -1  -1 166  -1  -1 173  -1 234  -1  -1  -1 204  -1  -1  -1 
  6 238  -1 223  -1  -1  -1  -1  -1  -1  -1  -1 108  -1  82 221  -1 121  16  16  -1 175 218  -1  -1  -1 
  7  -1  -1 304 299  -1 214  80  33  -1  -1 177  -1  -1 246  -1 169 263 191  -1  -1 259  -1  -1 152  85 
  8  -1  62  -1  -1  -1  -1  -1  -1  -1  -1  -1  -1  -1  -1  -1  -1 131  -1 233  -1  -1 122 154  32  -1 
  9  -1  -1  -1  -1  81  -1 256 305  -1  -1  -1 254 265  -1  -1  -1  -1  -1  -1  -1  -1 293  -1 215  -1 
 10 198  -1  35  -1  -1  -1  -1  -1  -1  -1  -1 117 262  -1  -1  -1 130  -1  -1  -1  -1  64  -1  -1  -1 
 11  -1 125 280 280  -1  -1  45 176  -1  -1  -1  -1  -1 203  -1  -1  -1  -1  26  -1  -1 160  72  -1  -1 
 12  -1  -1  -1  -1  42  -1  91  -1  -1  -1  -1  -1  -1 144  -1  -1  -1  -1  -1  -1  -1  -1 297  -1  -1 
 13  -1 201  -1  58  -1  -1  -1  -1  -1  -1  -1  28 300 232  -1  -1  -1  -1 123  -1  -1  -1  -1  -1  -1 
 14  -1 253 167  -1  -1  -1  -1  -1   0  -1  -1 267  -1  -1  -1  -1  83 298  -1  -1  -1  -1  38  -1  84 
 15  -1 243  43  23  -1  67  -1 279 194  -1  -1  -1  -1  -1  -1  -1  -1  -1  -1  -1  -1  -1  -1  13  -1 
 16  -1 150 242  -1  -1  41  -1 189 179  -1  -1  -1  -1  78  -1  -1  -1  -1 278  -1  -1 174  -1  77  -1 
 17  -1  -1  88  -1  37  -1  12 252  -1  -1  -1 290 307  -1  -1  -1  -1  -1  -1  -1  -1  -1  -1  -1  -1 
 18  -1  -1 212  -1 172  -1  -1  -1  -1  -1  -1  -1  59  -1  -1  -1 247  -1  -1  -1  -1  14  -1  -1  -1 
 19  -1 199  -1 113  -1  -1 110  36  -1  -1  -1  20  -1 276  -1  -1 303  -1 264  -1  -1 126  25  -1 155 
 20  -1 292  15 128  -1  -1  -1 124  76  -1 306 202  -1  -1  -1  -1  -1  -1 261  -1  -1 255  -1  -1  -1 
 21  -1  -1  -1  -1  -1  -1  -1  47 114  -1 220  -1  -1 219  -1  -1 235  -1 148 148  -1  -1  -1  -1  -1 
 22  -1  29  -1  -1  -1  -1 302  66  89  -1  -1 240  -1 170  -1  -1  18  -1 217  -1  -1 277  -1 127  -1 
 23  -1 157  -1  79  -1  -1  -1  -1  27  -1  -1  -1  -1  -1  -1  -1  -1  -1  -1  -1  -1  -1  -1  -1  -1 
 24 257  -1 145  34  -1  -1 158  -1  -1  -1  -1  -1 104 104  -1  86 282  -1 205  -1  -1  -1 192 192 258 
 25  -1  -1  -1  -1  -1  -1  -1  70  -1  -1  -1  -1 284  -1  -1  -1  -1  -1 100  -1 236 236  -1  -1  -1 
 26  -1  22  -1  -1 213  -1  -1  -1  40  -1  -1  -1  -1  -1  -1  -1  -1  -1  -1  -1  -1  -1  -1  39  -1 
 27  -1  -1 120  -1  -1  -1  -1  -1  -1  -1  -1  -1  -1  -1  -1  -1  -1 147  -1   1  -1  -1 208 291  -1 
 28  -1 287  -1  -1  -1  -1  -1  -1 249  -1  -1 129  -1  57  -1  -1  -1  -1 260  -1  -1  -1  -1  -1  -1 
 29  -1  -1 245  -1  -1  -1  -1 102 289  -1  -1  -1  -1  -1  -1  -1  -1 106  -1  -1  -1 301  -1 101  -1 
 30  -1  -1  -1  -1  -1  -1  -1  19  19  19   2   2  17  17  -1  -1  30  -1  -1  -1  -1  24   4   4  -1 
 31  -1  -1  -1  -1  -1  -1  -1  -1  -1  -1  -1  -1  31  31  31  -1  -1  -1  -1  -1  -1  -1  -1  -1  -1 
 32  -1  -1  68  -1  -1  -1  -1  -1  -1  -1  -1  -1  74  48  48  -1  -1  61  61  -1  46  46  63  63  63 
 33  -1  -1  -1  -1  -1  -1  -1  -1  -1  -1  -1  -1  -1  -1  -1  75  75  75  -1  -1  -1  -1  -1  -1  -1 
 34  -1  -1 107 107 107  -1  -1  -1  -1  -1  92  92 112 118  -1  -1  -1  -1  90  90 105 105  -1  -1  -1 
 35  -1  -1  -1  -1  -1  -1  -1  -1  -1  -1  -1  -1  -1  -1  -1  -1  -1  -1  -1  -1 119 119 119  -1  -1 
 36  -1  -1  -1 156  -1  -1  -1 151 151 151 149 149  -1  -1  -1  -1  -1  -1 134 134 136 136 162  -1  -1 
 37  -1  -1  -1  -1  -1  -1  -1  -1  -1  -1  -1  -1  -1  -1  -1 163 163 163  -1  -1  -1  -1  -1  -1  -1 
 38  -1  -1 178 178  -1  -1  -1 200  -1  -1  -1  -1 195 195 195 193 193  -1  -1  -1 180 180  -1 206  -1 
 39  -1  -1  -1  -1  -1  -1  -1  -1  -1  -1  -1  -1  -1  -1  -1 207 207 207  -1  -1  -1  -1  -1  -1  -1 
 40  -1  -1  -1 250  -1  -1  -1 239 239 239  -1  -1 222 222  -1  -1  -1 244  -1  -1 224 224 237 237  -1 
 41  -1  -1  -1  -1  -1  -1  -1  -1  -1  -1  -1  -1  -1  -1  -1  -1  -1  -1  -1  -1  -1  -1 251 251 251 
 42  -1  -1  -1  -1  -1 281 281  -1  -1  -1  -1  -1  -1 266 266  -1 294  -1 288  -1 268 268 283 283 283 
 43  -1  -1  -1  -1  -1  -1  -1 295 295 295  -1  -1  -1  -1  -1  -1  -1  -1  -1  -1  -1  -1  -1  -1  -1 
 44  -1  -1  -1 269  -1 241 142  -1  49  -1 271  -1  -1  -1  -1  -1  -1 308  53  -1  -1   5  -1 231  21 
 45  -1  -1  55  -1  -1 310  -1  -1  -1  -1  -1  -1  -1  -1  -1  -1  -1  -1  -1  -1   9  -1  -1  -1  -1 
 46  -1 315  -1  -1  -1  -1   7   8 273  -1  -1  -1  -1  -1  -1  -1 313  -1  -1  -1  -1  -1  -1  -1  -1 
 47  -1  -1 137 140  -1  -1 226  -1  -1  -1  -1  -1  -1  -1 143  -1  -1  -1 227 183  -1  -1 185 274  -1 
 48  -1  -1   6 229  -1 109  -1  -1 230  -1  -1 225  51  -1  -1  -1  -1  -1  -1  -1  -1  -1  -1  94  -1 
 49  -1  -1 272  93  -1  -1 186  -1 141  -1  -1  -1  -1  -1  99 314  -1 285  -1 228  -1  -1  52  -1  -1 
 50  -1  -1  -1  -1  -1  -1 270  95  -1  -1  -1  65  11 184  -1  -1  -1  -1  10  -1  -1  96  -1 187  -1 
 51 316  -1  -1  -1  -1  -1  -1  -1  -1  -1 138  -1  -1  -1  -1  -1  -1  -1  -1 275  -1  -1  -1  -1  -1 
 52  -1  -1  -1  -1 311 197  -1  -1  -1 309  50 182 153  98  -1  -1  -1  -1 181  -1  -1  -1  -1  -1  -1 
 53  -1  -1  -1  -1  -1  -1  -1  -1  -1  -1  -1 139  97  -1  -1  -1  -1  -1  -1  54  -1  -1  -1  -1 312 

r\t   0   1   2   3   4   5   6   7   8   9  10  11  12  13  14  15  16  17  18  19  20  21  22  23  24 
  0  -1 188  -1  -1  -1  -1  -1 102  -1 170  -1  -1  -1  -1  -1  -1  -1  -1  -1  -1  -1  -1  -1 154  -1 
  1  -1 246  -1 286 198  -1  -1  -1 210  -1  -1  -1 243  -1  -1  -1  -1 279 203  -1  -1  -1  -1  -1  -1 
  2  -1  -1  -1 247  -1  -1  -1 306 124  -1  -1  -1 192 192  82  -1  35  80  -1  -1  -1 240 191 258  -1 
  3  -1 204 161  86  -1  -1  -1 216  -1  -1  -1  -1 104 104  -1  -1  -1  -1  -1  -1  39  -1  -1  -1  -1 
  4  -1  -1  -1  -1  -1  -1  13 299  47  -1  -1  -1  -1 209  -1  -1  -1 300  -1  -1  -1  -1  -1  22  -1 
  5  -1  -1 201  -1  -1  -1 235  -1  -1  -1  -1  79  -1  26   1  -1 147 249  -1  -1  -1  -1  -1  -1  -1 
  6  -1 127  -1  -1  -1  -1 292  -1 234  -1  -1  -1  -1 115  -1  -1 202 116  29  -1  -1  -1 264  -1  -1 
  7 280 280  -1 177  -1  -1  -1  -1  -1  -1  -1 220  -1 254  -1  -1 121 131  59  -1  -1  -1  -1  -1  -1 
  8 262  -1  -1 167  81  -1  -1  -1  62 173  -1  42 159  -1  -1  40  -1  -1 111  -1  -1  -1  -1  -1  -1 
  9  -1  -1  -1 267  -1 305 278  20  -1  -1  -1  -1  -1 260  -1  -1  -1  -1  -1 219  -1 293  -1 160  -1 
 10  -1 120  -1 113  -1  -1  -1  -1  -1  -1  -1  -1  -1  -1  -1  -1  -1  -1  -1  -1  -1  -1  -1  -1  -1 
 11  -1 298  -1  88  67  -1  -1 223 211 303  -1 157  -1  -1  -1  -1  -1  -1  91  -1  -1  -1  -1  -1  -1 
 12  84  -1  -1  -1  -1  -1  -1  -1  -1  -1  -1 190  -1  -1  -1  -1  -1  -1  -1 106  -1 126  -1  -1  -1 
 13  -1  27  -1  78  -1 221 108 148 148  -1  -1  -1 218  -1  -1  -1 290  -1  -1  -1  -1  -1  -1  -1  -1 
 14  -1 146  -1  -1  -1  -1  -1 208 282  37  -1  -1  -1  -1  -1  -1  -1 100  -1  -1  -1  -1 175  -1  -1 
 15  -1  -1 248  57  -1  -1  28 179  77  -1  -1 214  -1  -1  -1  -1  -1  -1 233  -1  -1 255  -1  -1  -1 
 16  -1 261  -1  -1  -1  -1  -1  -1  -1  -1  -1 114  -1  -1  -1  41  -1  -1  -1  -1 304 215  -1  -1 307 
 17  -1  -1  -1  36  -1  -1 172  87  -1  -1 236 236  -1  14  -1  -1  -1  -1  -1  -1  -1  -1  -1  -1  -1 
 18  -1  -1 125  -1  -1  -1 117  -1  -1  -1  -1  -1  -1  -1  -1  -1  -1  -1  -1 174  -1  -1 135  -1  -1 
 19  -1 232  -1 212  -1 213  -1  -1 194  -1  -1  58  66  -1  -1  -1  -1  34 252  -1  -1 122  -1  -1  -1 
 20  -1  -1 257  -1  -1  -1 263 199  -1  -1 287 301  -1  56  -1  -1 256 238  -1  -1  -1 205  -1 291  -1 
 21  -1 103  -1 289  -1 176  -1  -1 296  -1  -1 132  23  -1  -1  -1  -1  45  -1  18  -1  -1 217  -1 129 
 22  -1  -1  -1  -1  -1  -1  -1 165  15  -1  -1  -1  -1  -1  -1  -1  -1  -1  -1  -1  -1  64  83  -1  -1 
 23  -1  -1 284 145  -1  -1  -1  -1  -1  -1 110  -1  -1  -1  -1  -1  -1 259 302  -1  -1 133  -1  -1  -1 
 24  -1  -1  -1  43  -1  -1  38  72  -1  -1  -1  44  -1  -1  -1  -1  76  -1  -1  -1  -1  32 155  -1  -1 
 25  -1  -1  -1  -1  -1 128  -1  -1 164 150  -1 245  -1  -1  -1  -1  -1  -1  70  -1  -1 152 158  -1  -1 
 26  -1  12 265 196  -1  -1  71 276  -1  -1  -1  -1  -1  -1  -1  -1  -1  -1  -1  -1  -1  73  -1  -1  -1 
 27  -1 166  33  -1  -1  -1  85 242 101  -1  -1  89 171 144  -1  60  60  -1 277  -1  -1 189  25  -1  -1 
 28  -1  -1  -1  -1  -1  -1  -1  -1  -1  -1  -1   3  69  -1  -1  -1 168  16  16  -1  -1  -1 297  -1  -1 
 29 130   0  -1  -1  -1  -1  -1  -1  -1  -1  -1  -1 253  -1  -1  -1  -1  -1 123 169  -1  -1  -1  -1  -1 
 30  -1  -1  19  19  19   2   2  -1  -1  -1  -1  -1  30  -1  -1  -1  -1   4   4  -1  17  17  -1  24  -1 
 31  -1  -1  -1  -1  -1  -1  -1  31  31  31  -1  -1  -1  -1  -1  -1  -1  -1  -1  -1  -1  -1  -1  -1  -1 
 32  -1  74  48  48  -1  63  63  63  -1  -1  -1  -1  -1  68  -1  46  46  -1  -1  -1  -1  -1  61  61  -1 
 33  -1  -1  -1  -1  -1  -1  -1  -1  -1  -1  -1  -1  -1  -1  -1  -1  -1  -1  -1  -1  -1  -1  75  75  75 
 34  -1  -1 107 107 107  92  92 112  -1  -1  -1  -1 118  90  90  -1  -1  -1  -1  -1  -1  -1 105 105  -1 
 35  -1  -1  -1  -1  -1  -1  -1  -1  -1  -1  -1  -1  -1  -1  -1  -1  -1  -1  -1  -1  -1  -1 119 119 119 
 36  -1  -1  -1  -1  -1 134 134 162  -1  -1 151 151 151 156  -1 136 136 149 149  -1  -1  -1  -1  -1  -1 
 37  -1  -1  -1  -1  -1  -1  -1  -1  -1  -1  -1  -1  -1  -1  -1  -1  -1 163 163 163  -1  -1  -1  -1  -1 
 38  -1  -1  -1  -1  -1  -1  -1  -1  -1  -1  -1 206 200 180 180 178 178 195 195 195  -1  -1  -1 193 193 
 39  -1  -1  -1  -1  -1  -1  -1  -1  -1  -1  -1  -1  -1  -1  -1  -1  -1  -1  -1  -1  -1  -1 207 207 207 
 40  -1  -1 239 239 239  -1 250  -1 244  -1  -1  -1  -1 222 222 224 224  -1  -1  -1  -1  -1 237 237  -1 
 41  -1  -1  -1  -1  -1  -1  -1  -1  -1  -1  -1  -1  -1  -1  -1  -1  -1  -1  -1  -1  -1  -1 251 251 251 
 42  -1  -1  -1 288  -1 266 266  -1  -1  -1  -1 294 281 281  -1 268 268  -1  -1  -1  -1  -1 283 283 283 
 43  -1  -1  -1  -1  -1  -1  -1  -1  -1  -1  -1  -1 295 295 295  -1  -1  -1  -1  -1  -1  -1  -1  -1  -1 
 44  -1  -1  -1  10  -1  -1  51  -1  -1  -1  -1  -1  -1   7  -1  -1  -1  -1 269  -1  -1  50  -1  -1  -1 
 45  -1  97  -1 137  -1  -1  -1  49  -1 197 310  -1  -1  -1  -1  -1  -1  -1  -1 285 314   6  53  -1 316 
 46  -1  -1  -1  -1 311  -1  -1  -1  -1  -1  -1  -1  -1  -1  -1  -1  -1  -1 187  -1  -1 275  -1  -1  -1 
 47  -1  -1  -1  -1  -1  -1 229 143  -1  -1  -1  -1  -1  -1  -1  -1  -1  -1  -1  -1  -1  96  -1 313  -1 
 48 308 226  -1  -1  -1  -1 182  -1  98  -1  -1  -1 309  -1 140  -1  -1 271  -1  -1  -1  -1 181  -1  -1 
 49  -1 186 230  -1  -1  -1  -1 274  -1  -1  -1 273  -1 270  55  -1  -1  -1 227 312 109  -1  -1  -1  -1 
 50  -1  -1  -1  -1  -1  -1  -1  -1 138 315  -1 185  -1 139  -1  -1  -1  -1 141  -1  -1  -1 231  -1  -1 
 51  -1 142 184  -1  -1  -1  -1  11  -1  -1  -1  -1  -1  -1  -1   9  94  95  -1  -1  -1  -1  -1  -1  -1 
 52  -1  65 153  -1  -1  -1  -1  93 225  -1  -1  21  -1  -1  -1  99  -1  -1  54  -1  -1 183   8  -1  -1 
 53  -1 272  -1  -1  -1  -1  -1  -1  -1  -1  -1  -1  -1  52  -1  -1   5  -1  -1 241  -1 228  -1  -1  -1 

r\t   0   1   2   3   4   5   6   7   8   9  10  11  12  13  14  15  16  17  18  19  20  21  22  23  24 
  0  -1  80  -1  -1  -1  -1  -1  -1  -1  -1  -1  -1 148 148  -1  -1  88  -1  -1  -1  -1 246  -1  -1  -1 
  1  -1 101 117  -1  -1  -1  -1  -1  -1  -1  -1  -1 122  -1  -1  -1 211  -1  -1  -1  -1 298  -1 221  -1 
  2 150  -1  -1 299  -1 128 123  -1 160  -1  -1  -1 290  -1  -1  -1  -1  -1  -1  -1  -1  -1 247 120  -1 
  3  -1  -1  81  -1  -1  -1 196  -1  -1  -1  -1 216  59  -1 286  -1  -1  -1 168  -1  -1  14 152  35  -1 
  4  -1  -1 172 252  37  -1 145  72 306  -1  -1  -1  -1  45  -1 259 115 240  -1  -1  -1  -1  -1  -1  -1 
  5  67  -1 303  76 169  -1  -1 209  -1 173  -1  -1 204  -1  -1  -1  13  -1  -1  -1  -1  -1 242  42  -1 
  6  -1 292   3  -1  -1  -1  -1  -1  -1  -1  -1  -1 243  15  -1  -1   0  -1  -1  -1  -1  -1 289  -1  -1 
  7  16  16 261  -1  -1  -1 212  -1  39  -1  -1  -1  -1  -1 198 131  -1  -1  40  -1  87  57 191  -1  -1 
  8  -1  -1  -1  -1  -1  -1  -1 199  -1  -1  -1  -1  -1  -1  -1 304 133  -1  -1  -1  -1  -1  29  -1  -1 
  9  -1  -1 276  -1  -1  -1  -1 280 280  -1  -1 253 188 179  -1  -1  -1  -1  -1  -1  -1  -1  -1  -1 238 
 10  -1  -1 157  25  -1  -1  -1 291  -1 176  -1 166 223  -1 258  -1  62  -1  -1  -1  -1  -1 104 104  -1 
 11  -1  -1  -1  -1 282  -1  -1 217  -1  -1  -1  -1 248 235 170  -1  -1  -1  -1  -1 305 113  -1  -1  -1 
 12  -1  -1  -1  -1  -1  -1  27  -1 190  -1  -1  -1  -1  -1  -1  -1  -1 189  43  -1  -1  -1  -1 161  -1 
 13  -1 278  18 202  -1  -1  -1  -1 121  -1  -1  -1  -1  -1  -1  -1 102  -1  -1  -1  -1  -1  -1  -1 171 
 14  -1 124  -1  -1  -1  -1  -1  -1  -1  -1  -1  89  -1 284  -1  -1  -1  38  -1  -1  -1 279  73  -1  -1 
 15  -1  64  91 100  -1 302  -1  -1  71  -1  -1  -1  -1 265  -1  -1  41  -1 300  -1  -1 108  -1 215  -1 
 16  -1  -1 110  -1  -1 263 232  -1  -1  -1  -1  -1  -1  -1  -1  -1  86  -1  -1  -1  -1  -1  -1 135  -1 
 17  -1  -1  -1  -1 155  -1  -1  -1  -1  -1  -1 267  -1 159  -1 127 264  -1  -1  -1  -1  -1  -1  -1  -1 
 18  -1  -1 132  -1  -1  -1 245  -1  -1  83  -1  -1  -1 194  -1  -1  -1  -1  -1  -1  -1  -1  -1  -1  -1 
 19  -1  -1 249  -1  -1  -1  -1 154  -1  -1  -1  -1  -1  -1  -1  -1 158  -1  -1  -1  -1  -1  -1  -1  -1 
 20  -1  -1  -1  -1  -1  -1  -1  -1 213  -1  -1 287  -1  -1  -1  -1  -1  -1  -1  -1 192 192  -1  -1  -1 
 21  -1  -1  -1  -1  -1  -1 277  -1  -1 301  -1  -1  -1  -1 130  -1  -1 114  -1  -1 126 307  -1  -1  -1 
 22  -1 147  32  -1  -1 214  -1  -1  33  -1  -1  -1  -1  -1  -1  -1 210  -1  -1  -1  -1  -1  -1  -1   1 
 23  -1 256 203 125  -1  -1  12  66 201  -1  60  60  20  -1  -1 174  -1 106 111  -1  -1  -1  -1  -1  -1 
 24  -1  -1 296  -1  -1  -1 219  -1  58  84  -1  -1 164  -1  -1  85  -1 293  23 262  -1  -1  -1  69  -1 
 25  -1  -1  70 177  -1  -1  56 165 146  -1  -1  28  78 208  -1  -1  -1  -1  -1  -1  -1  -1  -1  -1  -1 
 26  -1  -1  -1  -1  -1  -1  -1 260  36  -1  -1  -1  -1 220  -1  -1  34  -1  -1  -1  -1 205  -1  -1  -1 
 27  -1  -1  -1  -1  -1  -1  -1 236 236  -1  22  -1 257  -1  -1  -1  -1  -1  -1  -1  -1  -1  -1  -1  -1 
 28  -1  -1  -1  -1  -1  -1 103  -1  77  -1  -1 144  -1 254  -1  -1  -1  -1  -1  -1  82 234  44  -1 129 
 29  -1  -1 218 167  -1  -1 297 116 255  -1 175 233  -1  -1  -1  -1  47  26  -1  -1  -1  79  -1  -1  -1 
 30  -1  24  -1  -1  -1   4   4  19  19  19  -1  -1  -1  -1  -1  -1  -1  -1  30  -1   2   2  17  17  -1 
 31  -1  -1  -1  -1  -1  -1  -1  -1  -1  -1  -1  -1  31  31  31  -1  -1  -1  -1  -1  -1  -1  -1  -1  -1 
 32  -1  -1  63  63  63  -1  -1  -1  48  48  -1  74  -1  -1  -1  -1  68  -1  -1  -1  46  46  61  61  -1 
 33  -1  -1  -1  -1  -1  -1  -1  -1  -1  -1  -1  -1  -1  -1  -1  -1  -1  75  75  75  -1  -1  -1  -1  -1 
 34  -1  -1  -1 112  -1  -1  -1 107 107 107  -1  -1 105 105  -1  -1  -1  -1 118  -1  92  92  90  90  -1 
 35  -1  -1  -1  -1  -1  -1  -1  -1  -1  -1  -1  -1 119 119 119  -1  -1  -1  -1  -1  -1  -1  -1  -1  -1 
 36  -1 156  -1  -1  -1 136 136 162  -1  -1  -1 134 134  -1  -1  -1  -1 151 151 151 149 149  -1  -1  -1 
 37  -1  -1  -1  -1  -1  -1  -1  -1  -1  -1  -1  -1  -1  -1  -1  -1  -1  -1  -1  -1 163 163 163  -1  -1 
 38 195 195 195  -1  -1 178 178  -1  -1  -1  -1 206  -1  -1  -1 193 193 200  -1  -1 180 180  -1  -1  -1 
 39  -1  -1  -1  -1  -1  -1  -1  -1  -1  -1  -1  -1  -1  -1  -1  -1  -1  -1  -1  -1  -1  -1 207 207 207 
 40 239 239 239  -1  -1 222 222 250  -1  -1  -1  -1  -1  -1  -1  -1 244  -1 237 237 224 224  -1  -1  -1 
 41  -1  -1  -1  -1  -1  -1  -1  -1  -1  -1  -1  -1  -1  -1  -1  -1  -1 251 251 251  -1  -1  -1  -1  -1 
 42  -1  -1  -1  -1  -1 268 268  -1 294  -1  -1 288  -1  -1  -1  -1  -1 283 283 283 266 266 281 281  -1 
 43  -1  -1  -1  -1  -1  -1  -1  -1  -1  -1  -1  -1  -1  -1  -1  -1  -1  -1  -1  -1  -1  -1 295 295 295 
 44  -1  -1 228 226  -1  97  50  -1  94  -1  -1  -1 275 141  -1 312 231  -1  -1  -1  -1 137  -1  -1  -1 
 45  -1 230  -1  -1  -1  -1  -1  -1 227  -1  -1 181  -1  -1  -1  -1  -1  -1  -1  -1  -1  -1  -1  -1 140 
 46  -1  -1 182 143  -1  -1  -1  -1  -1 138 109  -1 186  -1  -1  65  -1  21 197  -1  -1  -1  -1  51  -1 
 47  -1 142  -1  -1  -1  -1  -1  -1   9 271  -1 229  -1  -1  -1  -1  -1  -1  -1  -1  -1  -1   8  -1  98 
 48  -1  -1 272  -1 241  -1  -1  -1 185  -1  -1   5  49   7 310  -1  -1  -1  -1  -1  -1  -1 270  11  -1 
 49  -1  99  -1  -1  -1  54  93 315  -1  -1 309  -1  -1  -1  -1  -1  -1  -1  -1 316  -1  -1 187  -1  -1 
 50  -1 183  -1  95  -1  -1  -1  -1 274 225  -1  -1  -1  96  -1  -1 184  -1  -1  -1  -1  -1  -1  -1  -1 
 51  -1  52  -1 273  -1  -1  -1  -1  -1  -1  -1  53  -1  -1  -1  -1  -1 313 314  -1  -1  -1  -1  -1  55 
 52  -1 269  -1   6  -1  -1  -1  -1  -1  -1 285  -1  -1  -1  -1  -1  -1  -1  -1  -1  -1  -1  -1 153  -1 
 53 311  10  -1  -1 308  -1  -1  -1 139  -1  -1  -1  -1  -1  -1  -1  -1  -1  -1  -1  -1  -1  -1  -1  -1 

r\t   0   1   2   3   4   5   6   7   8   9  10  11  12  13  14  15  16  17  18  19  20  21  22  23  24 
  0  -1 257 259  -1  -1  -1 234  79  -1  -1  -1 176 170 179  -1  -1  39 102  -1  -1  -1  -1  87  -1  -1 
  1  83  -1  -1  -1  -1 217 116  -1  -1  -1  -1  35  -1  -1  -1  -1  -1  -1 108  -1  -1  -1 202 113  -1 
  2  -1 276  57  -1  -1  -1  -1  -1  -1  -1  -1  -1 122  -1  -1  -1  -1  -1  -1 307  -1  -1  -1  -1  -1 
  3 261 247  -1 287  -1  -1  -1  -1  -1  -1  -1  -1  -1 267  81 155 293  -1  14  -1  -1 161  -1  -1  -1 
  4  -1  -1  -1  -1  -1  -1  -1  56  -1  -1  22  -1  -1 292  -1  -1 282 300  89  -1  -1  -1  60  60  -1 
  5  -1  -1 101  -1  -1  -1  -1  -1  -1  -1  -1  91  -1 160  -1  -1 214 166  -1  -1  -1  -1  -1  32  -1 
  6  -1  -1  -1  -1  -1  38  -1  -1 129  -1  -1 208  -1  -1  -1  -1 111  -1  -1  -1  -1  -1  -1  -1  -1 
  7  -1  -1  -1  -1  -1  -1  -1  -1  58  -1  -1  -1  -1  -1  23  -1  -1  -1 278  -1 177  -1 255  -1  -1 
  8  -1  -1  -1  77  -1  -1  -1  -1 218  -1  -1  -1  -1  -1  -1  -1  -1  -1  -1  -1  -1  -1 279  -1  -1 
  9  -1  44  -1  -1  -1  -1  -1 123 291  -1  -1  -1  -1  -1  -1  -1  -1  -1  28  -1  -1  -1  -1  -1  67 
 10  -1  -1  -1  84  -1  -1 201 240 209  -1  -1 165  -1 194  -1  -1  -1 248  -1  -1  -1  -1  -1 203  -1 
 11  -1 191  25  -1  -1  -1  47  16  16  -1  42  64 148 148  -1  -1 211  -1 249  -1  -1  -1  -1  -1  -1 
 12  -1  -1  -1  -1  -1  -1  36 104 104  -1  -1 106 258 263  -1  -1  -1 189  -1  -1  -1  -1  -1  -1  -1 
 13  -1  43  -1 246  -1  -1  -1  -1  -1  85  -1  -1  -1 256  -1 213 164  -1  -1  -1  -1 298  -1  -1  -1 
 14  -1  -1 157  -1  -1  -1  -1  -1 264  -1  -1  -1 216  -1  -1  82  -1 130  -1  -1  45  34  -1 173  -1 
 15 286 114 290  -1  -1  -1  -1  -1 245  -1  -1 299  69  -1  -1  -1  -1  -1 152  -1  -1  -1   3  -1 238 
 16  -1 125  -1  -1  -1  -1  33  -1 121  -1  -1 146  -1 204  -1  -1 242  -1  -1  -1  -1 120  -1 289  -1 
 17 175 205 265  -1  -1  -1 301  -1  -1  -1  -1 188  -1  -1  -1  -1  -1  -1  -1  -1  -1  -1  -1  -1  -1 
 18  -1  -1 262 110  -1  -1  -1  -1  -1  -1  -1  -1  -1  -1  -1  -1 210  -1  -1  -1  -1  -1  -1  -1  -1 
 19  -1  -1  -1  -1  -1 128  -1 297  -1  41  -1  76  -1  -1 172  -1  -1 233 131  -1  -1  -1 192 192  -1 
 20  -1 167 171  73  -1  -1  66  -1  71  -1  -1  -1  -1  -1  -1  -1 254  -1  -1  -1  -1 190 236 236  -1 
 21  -1  -1 115  -1  -1  -1  -1  -1  -1  -1  -1  -1  -1  -1  -1  -1  -1  -1  -1  -1  -1 103  -1 252  -1 
 22  -1  40  78  -1  -1  -1  -1  -1  -1 305  -1  -1  13   1  -1  -1  62  -1 159  -1 221  -1 147  -1  -1 
 23 127 100 284  -1  -1  -1  -1 253  -1  -1  -1  -1  -1 306 198  -1  -1 220 124  -1  -1  -1  -1  -1  -1 
 24  -1 223  -1 150  -1  -1  -1 215 168  -1  -1  -1  -1  -1 174  -1  -1  -1 235  -1  -1 144  -1  12  -1 
 25  -1 135  -1  26  -1  -1  -1  -1  -1  -1  -1 219  29 126  -1  -1  -1  -1 196  -1  -1  -1  -1  37  -1 
 26  -1  59 145  -1  86  -1  72  -1  27  -1  -1  -1  -1  -1  -1  -1  15  20  -1  -1  -1  -1  -1  88 169 
 27  -1   0  -1  -1  -1 304 133 212 232  -1  -1  -1 280 280  -1  -1 154  -1  -1  -1  -1  -1  70  -1  18 
 28  -1  -1  -1 260  -1  -1  -1 132 303  -1  -1  -1 296  -1  -1  -1 199  -1  -1  -1  -1  -1  -1  80  -1 
 29  -1  -1  -1  -1  -1  -1  -1 158  -1  -1  -1 277  -1  -1 243  -1  -1 117  -1  -1  -1 302  -1  -1  -1 
 30  -1  30  19  19  19  17  17  -1   4   4  -1   2   2  -1  -1  -1  -1  -1  -1  -1  -1  -1  24  -1  -1 
 31  -1  -1  -1  -1  -1  -1  -1  -1  -1  -1  -1  -1  -1  -1  -1  31  31  31  -1  -1  -1  -1  -1  -1  -1 
 32  -1  -1  -1  -1  -1  -1  -1  -1  46  46  -1  -1  63  63  63  -1  74  -1  61  61  -1  68  48  48  -1 
 33  -1  -1  -1  -1  -1  -1  -1  -1  -1  -1  -1  -1  -1  -1  -1  -1  -1  75  75  75  -1  -1  -1  -1  -1 
 34  -1  92  92 118  -1  -1  -1  -1  90  90  -1  -1 105 105  -1  -1 112  -1  -1  -1  -1  -1 107 107 107 
 35  -1  -1  -1  -1  -1  -1  -1  -1  -1  -1  -1  -1 119 119 119  -1  -1  -1  -1  -1  -1  -1  -1  -1  -1 
 36  -1  -1  -1 156  -1  -1  -1 151 151 151  -1 162 136 136  -1  -1  -1  -1 134 134  -1  -1  -1 149 149 
 37  -1  -1  -1  -1  -1  -1  -1  -1  -1  -1  -1  -1  -1  -1  -1  -1  -1  -1  -1  -1  -1  -1 163 163 163 
 38  -1  -1  -1 193 193  -1  -1 195 195 195  -1  -1 206  -1  -1  -1  -1 200 180 180  -1  -1 178 178  -1 
 39  -1  -1 207 207 207  -1  -1  -1  -1  -1  -1  -1  -1  -1  -1  -1  -1  -1  -1  -1  -1  -1  -1  -1  -1 
 40  -1  -1 239 239 239  -1 250  -1  -1  -1  -1  -1 237 237  -1  -1  -1  -1 222 222  -1 244 224 224  -1 
 41  -1  -1  -1  -1  -1  -1  -1  -1  -1  -1 251 251 251  -1  -1  -1  -1  -1  -1  -1  -1  -1  -1  -1  -1 
 42  -1 288  -1  -1  -1  -1 294 283 283 283  -1 268 268  -1  -1  -1  -1  -1  -1  -1 266 266  -1 281 281 
 43  -1  -1  -1  -1  -1  -1  -1  -1  -1  -1  -1  -1  -1  -1  -1  -1  -1  -1  -1  -1  -1  -1 295 295 295 
 44  -1 241  -1  -1 109  -1  -1 187  -1  -1  -1  -1  -1  -1  -1  -1  -1  -1  -1  -1  -1  -1  -1  -1  -1 
 45  -1  -1  -1  -1  -1  -1  98  -1 141  -1  -1  -1 186 226  -1 285  -1 183 270  99  97  -1  -1 274  -1 
 46  -1  -1  55  -1  -1  -1  -1   8  -1  -1  -1  -1  -1  -1  -1  -1  -1  94  -1  -1  -1  -1  -1  -1  -1 
 47 197  -1  -1  -1  -1  -1  -1  -1  -1 229  -1  -1  -1  -1  -1  -1 311  -1  -1  -1  -1  93  -1  -1  -1 
 48  -1  -1 181  65  -1  -1 225 269  -1  -1 308  51  -1  -1  -1  -1  -1  -1  -1   5  -1  -1  21  -1  -1 
 49  -1 184  -1  -1 314  -1  -1  -1  -1  -1  -1  -1  -1  -1  -1  -1  -1  52  -1  -1   9 185  -1  -1  -1 
 50 316  -1  -1  -1  -1  -1 182  -1  -1  -1  -1  -1 230  50 309 310  -1  -1  10  -1  -1 139  -1   6  -1 
 51  -1 273 140  -1  -1  -1 271  95  -1  -1  -1 142  -1  -1  -1  -1  -1 143  -1  -1  -1   7 137  -1  -1 
 52  -1 153  -1  -1  -1 312  -1  49 227  -1  -1  -1  -1  -1  -1  -1  -1 272  -1  -1 138  54  -1  -1 315 
 53  -1  -1  -1 313  -1  -1  11 231  -1  -1  -1  -1  96  -1  -1  -1  -1  -1  53 275  -1 228  -1  -1  -1 

