317
16 8
24 14
8 30
11 13
2 30
1 44
6 48
17 53
15 48
5 47
23 51
7 50
2 14
7 13
1 20
17 17
5 27
13 30
0 20
20 30
8 24
11 46
19 7
18 2
1 30
2 18
22 7
7 11
11 18
18 0
23 30
12 31
3 1
8 16
6 23
16 24
8 10
1 4
14 9
10 23
4 4
19 14
9 12
17 28
8 0
2 12
15 32
3 25
22 32
1 46
6 45
7 49
13 52
24 49
5 50
9 50
6 9
8 28
1 24
7 22
22 3
12 32
21 2
17 32
16 22
3 49
4 6
14 7
21 32
23 29
1 8
17 8
18 22
13 5
8 32
10 33
3 17
16 17
7 2
21 27
2 1
11 0
10 26
23 23
5 5
20 27
11 10
17 0
1 13
11 6
23 34
17 5
5 34
16 49
7 53
15 53
2 45
9 49
8 53
13 49
16 1
7 5
8 7
23 17
13 29
2 34
17 19
20 34
6 26
0 52
12 14
18 28
16 34
21 17
6 28
7 9
13 21
18 6
8 34
2 35
22 22
23 8
2 9
12 25
17 4
2 10
19 25
24 25
5 17
0 8
10 27
22 20
17 27
1 21
2 36
13 9
5 36
11 52
9 44
16 44
24 45
7 46
23 46
15 47
16 5
7 8
6 24
2 24
3 11
17 36
8 14
20 36
11 25
19 48
13 15
14 15
16 36
17 24
23 22
21 14
6 4
13 7
7 36
10 37
22 26
7 12
3 23
18 18
1 0
18 15
9 22
5 7
18 25
12 29
4 3
16 21
15 12
5 28
6 38
13 0
8 38
1 51
11 50
22 52
23 53
17 46
2 44
16 50
11 16
17 20
6 3
1 27
7 29
15 38
13 4
22 38
3 26
18 48
12 28
21 24
17 38
6 19
22 11
16 12
21 8
1 19
18 38
2 39
11 27
7 6
12 10
13 26
8 22
14 26
12 19
4 12
22 16
12 24
0 23
20 10
3 16
5 3
1 40
15 10
23 40
17 47
7 51
11 47
22 49
6 50
13 46
16 53
13 1
17 22
22 8
16 9
2 5
8 40
4 0
10 40
6 20
18 49
20 23
21 13
22 40
11 21
3 21
21 4
23 26
1 25
13 40
7 41
17 18
12 16
2 0
18 21
6 25
18 23
0 26
2 23
0 21
19 3
6 16
4 17
8 5
11 12
2 42
17 16
23 42
16 46
6 52
15 50
13 51
1 45
22 47
9 53
8 20
2 26
22 0
7 7
15 14
0 42
20 14
12 42
6 2
21 53
18 7
17 15
21 42
7 28
23 4
13 17
17 2
1 7
22 42
5 43
16 3
12 12
8 13
18 1
2 6
3 12
5 4
5 14
16 26
3 29
23 0
2 19
12 47
0 45
4 47
14 46
19 53
18 52
20 47
21 48
10 48

