317
6 15
24 15
0 30
23 23
17 30
16 49
13 48
21 44
12 51
5 45
8 46
3 53
1 16
6 9
8 26
22 25
17 10
13 30
15 17
2 30
21 12
7 50
11 27
23 8
11 30
13 12
8 16
3 1
23 29
18 11
6 30
20 31
12 11
2 25
7 0
16 29
2 29
15 20
12 19
13 19
0 6
12 3
1 13
10 10
6 27
20 15
22 32
21 13
12 32
0 46
17 47
8 52
16 50
1 52
24 44
5 52
6 1
12 13
8 1
13 8
22 0
17 32
7 14
2 32
1 11
11 44
21 5
15 26
7 32
8 4
21 14
1 6
2 27
16 27
11 32
17 33
23 5
1 3
13 4
6 16
22 24
6 11
13 6
12 23
1 12
14 6
21 24
6 29
12 6
16 5
23 34
13 23
5 34
1 45
22 51
18 46
3 45
0 52
17 52
21 50
12 24
21 7
22 15
6 14
17 19
2 34
13 16
7 34
23 11
20 50
19 13
11 25
18 34
11 13
23 27
21 8
7 4
17 4
22 34
2 35
13 27
8 14
1 1
6 23
16 26
5 6
13 0
9 12
13 13
9 2
8 29
5 20
17 9
1 7
5 36
16 11
23 36
8 50
3 52
12 45
18 47
13 53
22 45
0 44
23 15
13 29
12 17
6 25
18 7
7 36
16 13
20 36
3 2
11 48
2 23
4 12
11 36
12 28
22 20
21 4
2 17
6 8
3 36
7 37
23 25
3 16
17 24
13 17
16 21
14 10
14 24
14 8
24 11
18 4
14 0
15 15
0 28
17 12
5 38
12 20
20 38
18 53
1 46
22 48
13 44
24 48
16 46
23 47
13 1
16 1
21 28
6 7
22 19
8 38
11 22
2 38
7 5
15 44
19 2
12 10
22 38
2 19
16 0
11 5
18 14
6 5
12 38
7 39
13 15
1 17
23 1
21 3
3 29
20 13
14 17
3 9
22 29
14 15
16 19
5 3
22 17
5 14
23 40
8 13
20 40
6 51
3 48
17 46
16 47
18 51
1 48
12 52
6 19
23 14
21 20
22 21
15 4
17 40
7 9
12 40
3 23
11 45
8 17
4 26
7 40
16 15
12 29
11 21
13 21
18 5
6 40
0 41
23 20
21 15
17 22
22 8
3 13
12 1
23 6
1 20
23 4
18 20
21 0
8 23
16 14
20 27
0 42
8 2
23 42
12 47
13 49
21 48
6 53
17 48
3 49
5 49
6 12
21 22
23 16
1 28
12 9
2 42
8 8
17 42
16 28
7 48
22 2
11 20
13 42
3 27
17 7
11 24
6 6
23 17
16 42
2 43
8 24
12 2
1 14
7 2
21 25
16 20
5 5
9 16
11 8
10 5
24 20
8 5
7 46
15 47
4 50
9 46
14 51
11 49
19 45
2 49
10 49

