317
8 10
12 9
20 30
13 28
17 30
7 46
2 49
11 50
3 50
15 53
16 48
23 44
3 15
23 12
21 8
11 0
17 28
7 30
22 3
0 30
16 24
9 48
10 23
13 21
16 30
11 18
17 26
2 17
22 1
8 15
13 30
5 31
18 20
1 24
23 7
21 9
2 14
20 11
24 15
20 24
0 5
6 10
0 1
16 0
3 26
15 2
20 32
16 26
5 32
2 52
11 51
12 47
18 51
23 53
7 50
8 46
7 15
3 16
8 28
2 24
22 18
12 32
16 20
17 32
11 11
1 53
9 20
24 2
8 32
22 17
16 12
6 29
7 2
11 4
1 32
12 33
18 23
6 17
3 21
21 7
17 5
21 25
2 2
9 27
20 15
1 22
13 8
17 10
8 21
23 3
15 34
3 1
20 34
7 51
17 52
2 44
12 48
6 48
11 45
18 45
16 7
18 29
11 26
13 7
20 2
0 34
5 14
7 34
17 19
10 52
22 16
3 24
22 34
1 28
17 1
16 28
7 25
21 17
18 34
12 35
3 7
8 1
11 7
6 4
23 22
14 21
10 17
10 26
16 4
0 8
1 3
5 29
2 1
20 14
17 36
11 12
7 36
16 45
5 53
12 45
21 47
3 46
6 46
23 47
21 24
16 1
23 10
12 3
7 29
5 36
15 6
0 36
13 22
11 44
22 27
19 20
23 36
8 7
3 25
2 26
17 3
11 22
16 36
12 37
1 21
18 24
7 12
21 6
22 19
10 27
17 8
18 25
4 0
2 13
22 26
18 17
7 3
15 4
5 38
21 1
17 38
12 50
11 47
20 47
2 47
16 46
8 44
3 51
11 23
6 5
18 26
12 19
7 11
22 38
13 14
0 38
16 22
21 49
9 0
19 4
11 38
7 18
18 8
16 13
1 25
21 19
3 38
22 39
2 22
8 23
13 25
13 1
6 21
13 26
5 26
9 23
0 10
4 7
16 8
7 14
12 5
21 12
5 40
11 1
15 40
2 45
13 52
7 49
23 46
20 48
17 53
3 47
16 16
6 3
12 24
7 4
2 23
0 40
10 10
17 40
8 18
24 52
11 16
22 8
12 40
17 6
1 8
6 0
16 2
2 28
23 40
7 41
11 2
18 7
3 12
13 29
22 14
1 12
3 0
0 12
15 18
6 1
0 11
9 14
12 10
20 21
17 42
11 15
5 42
3 52
21 51
8 45
16 49
2 51
7 45
13 53
17 24
6 26
8 14
7 17
12 17
22 42
11 14
2 42
21 27
19 53
15 17
1 14
13 42
18 14
3 6
8 22
6 19
17 4
1 42
22 43
11 9
7 19
16 10
12 25
21 16
6 25
12 7
16 9
10 7
9 16
11 19
0 29
14 48
10 44
9 45
19 51
0 50
1 52
24 47
22 48
4 49

