317
17 4
14 27
23 30
6 6
12 30
7 46
22 48
8 47
11 45
5 46
1 49
21 44
1 16
7 13
8 0
3 21
22 4
10 30
20 12
17 30
12 24
6 53
0 7
16 26
16 30
18 20
17 15
12 1
1 4
8 1
21 30
2 31
23 28
13 13
22 11
7 17
11 15
4 21
8 4
4 10
6 11
16 29
18 19
21 19
22 22
8 19
23 32
21 8
13 32
2 51
11 50
12 47
18 50
7 52
1 48
5 48
12 10
7 8
13 23
11 21
22 9
3 32
16 18
17 32
2 25
6 51
21 21
9 7
6 32
17 27
18 8
22 13
23 13
7 1
11 32
0 33
3 18
7 2
12 9
21 18
16 15
17 0
2 1
2 27
23 8
15 14
24 4
0 26
2 0
6 4
13 34
1 14
23 34
21 45
8 52
11 49
17 47
22 49
18 47
5 44
21 1
2 21
13 26
11 17
22 27
17 34
16 23
7 34
6 22
3 47
1 21
12 4
2 34
23 12
6 14
3 8
7 26
21 13
11 34
17 35
22 7
8 28
16 7
13 29
1 3
18 10
15 29
0 18
14 11
20 19
15 11
22 24
21 0
12 29
23 36
2 19
13 36
7 47
5 49
6 50
11 52
1 45
17 50
22 46
21 2
1 18
13 25
6 7
22 15
7 36
3 0
17 36
11 0
10 45
2 15
16 11
2 36
3 20
12 19
23 7
17 19
6 25
16 36
7 37
22 17
16 24
21 7
1 25
13 22
6 9
4 15
2 8
16 2
21 17
20 14
17 18
5 22
22 21
23 38
1 24
13 38
18 49
17 49
7 53
8 45
2 48
21 52
12 52
16 12
7 3
23 21
8 14
12 20
3 38
6 18
17 38
22 3
1 50
11 3
20 9
7 38
13 21
21 3
8 26
23 14
1 20
6 38
2 39
18 13
12 25
16 13
16 5
11 27
17 9
11 2
18 26
12 27
2 11
0 29
4 16
24 11
23 23
5 40
11 5
7 40
14 52
1 53
13 47
21 49
22 44
18 44
12 53
8 13
22 25
12 14
13 17
5 20
17 40
20 2
2 40
21 12
0 46
11 22
19 15
22 40
12 22
1 19
2 6
3 1
13 8
21 40
15 41
7 10
6 1
11 20
8 21
18 15
10 9
9 20
12 16
1 17
7 24
1 28
9 9
6 2
12 13
13 42
11 19
23 42
7 45
17 48
5 45
1 52
2 53
21 53
18 48
13 18
21 22
23 0
2 3
0 13
17 42
3 19
7 42
12 18
11 44
22 29
16 1
2 42
18 17
8 25
22 14
23 6
13 15
6 42
17 43
1 12
21 29
16 28
3 28
11 11
20 15
19 3
4 14
1 6
8 24
5 8
11 12
16 46
19 51
4 46
15 52
10 47
3 50
20 48
9 46
0 44

