317
1 1
18 12
8 30
13 8
22 30
2 46
7 52
21 50
19 48
0 47
16 46
12 44
8 28
21 5
16 23
12 13
22 26
0 30
17 10
5 30
18 26
3 52
14 4
13 1
3 30
2 7
23 2
7 29
13 9
16 25
21 30
10 31
1 5
8 0
22 27
17 26
7 5
24 12
12 9
11 6
5 12
1 12
20 12
4 17
7 6
13 7
0 32
12 0
18 32
11 47
22 53
16 50
23 53
8 50
2 49
9 50
8 5
1 24
11 8
16 1
17 18
22 32
6 21
2 32
21 16
12 50
10 21
5 17
12 32
7 23
13 25
3 19
2 10
8 21
16 32
20 33
23 29
3 6
17 20
6 12
11 15
9 29
9 25
18 0
8 22
3 5
16 8
24 13
1 18
23 16
8 34
21 25
12 34
6 48
11 51
0 44
18 49
19 47
22 44
7 48
22 12
8 9
7 27
1 17
12 22
17 34
24 17
2 34
6 3
5 48
14 11
21 29
11 34
1 3
2 23
12 18
6 2
3 27
21 34
15 35
22 13
8 10
17 27
7 16
13 2
13 24
19 1
4 0
7 4
13 29
12 8
6 26
18 9
21 20
12 36
16 14
0 36
6 53
7 47
8 51
11 50
22 51
2 53
19 52
18 2
2 24
1 26
8 11
12 23
10 36
3 15
22 36
7 19
17 50
16 18
5 27
3 36
2 19
22 8
11 0
17 0
6 6
16 36
7 37
12 12
18 15
13 5
1 8
21 0
18 7
9 28
8 6
11 25
16 26
19 6
16 22
11 21
6 15
18 38
12 21
0 38
22 50
21 49
8 52
13 50
9 47
7 49
2 47
2 22
1 20
18 29
17 3
7 7
10 38
3 18
22 38
16 27
14 45
5 10
12 27
3 38
22 11
6 4
7 1
11 20
18 25
13 38
15 39
12 7
23 24
1 19
2 18
21 10
0 17
2 9
10 24
1 22
13 14
15 6
11 17
13 18
21 4
18 40
1 7
8 40
0 51
6 51
16 47
23 45
11 45
22 47
2 48
13 10
6 17
23 6
22 5
15 21
3 40
7 21
10 40
21 19
5 53
17 5
1 27
6 40
11 16
21 22
23 3
17 4
18 24
13 40
2 41
7 18
12 3
16 17
8 12
1 9
0 15
6 27
18 8
17 2
6 14
3 10
3 0
11 26
0 22
8 42
23 1
18 42
1 44
13 45
2 51
21 48
12 53
7 44
16 49
24 29
16 29
18 20
11 11
7 25
12 42
17 9
2 42
21 11
23 52
6 28
5 21
17 42
21 21
8 8
11 14
12 14
1 28
6 42
20 43
16 15
13 3
23 12
18 10
3 12
13 4
7 11
21 9
18 1
7 9
5 25
4 26
17 44
20 45
14 47
15 47
4 49
3 44
10 49
5 45
24 45

