1 11776 670.648000 12858 1622 784 452 4000 3500 2500
2 31811 678.901000 13049 1716 644 489 4000 4500 1700
3 10604 654.892000 16917 1683 796 438 6000 5500 2500
4 32170 656.828000 16847 1669 648 430 6000 6500 1600
5 23637 636.499000 12324 1454 764 406 3000 5000 1700
6 12074 652.942000 11996 1585 993 418 4000 3000 2000
7 18265 648.512000 10957 1566 740 451 2000 5000 1200
8 18380 667.996000 11079 1612 950 417 3000 3500 1600
9 15625 641.165000 13854 1480 735 439 5000 5000 1200
10 25489 645.953000 12653 1653 962 438 3000 5000 1600
