317
16 19
20 13
18 30
12 14
13 30
7 50
1 48
8 48
21 46
3 53
2 44
17 53
17 12
18 10
16 25
1 7
8 25
10 30
15 4
22 30
7 3
12 49
4 29
0 24
1 30
3 28
11 2
23 27
8 16
16 9
12 30
5 31
2 28
22 4
13 18
17 18
21 25
2 5
13 15
1 0
12 27
14 27
8 27
15 9
3 13
19 22
13 32
21 8
7 32
2 47
18 47
12 53
17 49
1 47
6 53
20 44
18 26
12 23
17 22
13 11
7 14
23 32
16 4
2 32
1 10
11 53
5 18
21 5
18 32
11 9
17 17
7 10
3 14
21 29
6 32
22 33
2 22
1 16
8 20
13 14
16 26
23 5
20 1
24 28
11 5
2 18
23 10
13 0
7 29
19 16
20 34
6 7
17 34
3 51
13 45
12 45
1 49
14 44
16 48
22 47
12 9
13 13
21 17
22 26
17 16
2 34
5 10
7 34
16 18
6 49
11 15
23 7
16 34
8 17
21 4
22 8
11 8
17 5
23 34
2 35
6 13
12 13
1 13
13 9
18 0
8 8
13 29
0 4
12 2
1 9
4 1
22 1
16 24
6 8
20 36
7 16
13 36
8 44
19 52
2 51
1 45
17 44
12 46
3 52
21 12
8 2
1 6
16 13
2 3
22 36
15 0
10 36
17 2
18 52
7 8
9 23
2 36
1 2
6 23
12 11
17 27
11 7
16 36
22 37
13 28
16 16
8 23
3 27
21 0
21 22
21 7
21 13
15 5
22 0
23 0
18 8
20 20
17 14
2 38
8 11
18 38
1 53
22 51
21 48
12 51
7 48
6 44
13 50
6 15
18 13
1 22
12 8
2 4
7 38
11 1
22 38
13 20
15 52
4 28
16 29
6 38
18 27
16 8
22 2
7 25
3 18
21 38
12 39
23 2
8 18
1 3
2 29
17 0
14 28
6 29
13 23
5 9
8 26
9 2
11 16
19 15
20 28
13 40
6 9
7 40
17 45
22 52
12 50
1 52
18 44
16 53
3 44
16 20
3 23
13 2
22 25
7 6
17 40
6 6
0 40
23 16
24 48
10 12
11 12
16 40
7 19
3 19
1 18
2 14
12 5
6 40
21 41
17 8
8 3
11 28
18 1
13 6
11 13
13 24
8 10
4 23
11 0
2 15
5 16
21 23
12 17
2 42
6 14
13 42
18 51
16 47
19 44
22 48
7 52
1 51
8 53
13 1
8 12
7 5
18 12
2 9
15 42
4 4
20 42
12 16
11 50
6 5
23 9
11 42
16 12
13 21
3 5
6 24
23 19
1 42
15 43
8 22
2 11
18 2
7 4
21 18
6 0
1 8
5 17
0 20
21 28
1 1
19 5
11 48
9 49
5 49
24 50
10 53
23 49
4 47
15 49
0 52

