317
2 14
14 29
20 30
17 23
18 30
7 52
13 50
3 50
11 46
16 47
8 49
1 45
21 26
13 12
11 21
7 14
3 19
15 30
0 1
22 30
8 18
17 50
9 3
12 20
17 30
18 22
11 11
2 24
8 17
23 14
12 30
5 31
16 3
1 19
3 17
21 22
1 25
21 23
6 28
0 19
0 11
23 5
4 1
10 24
11 2
3 1
13 32
7 0
0 32
8 53
21 51
17 46
18 46
6 44
20 52
19 47
8 22
1 20
6 18
21 4
13 22
22 32
7 9
15 32
18 20
2 47
12 28
4 14
7 32
6 7
1 0
16 8
17 14
21 13
12 32
22 33
2 11
18 3
13 14
8 13
3 7
23 26
24 7
24 2
10 28
7 23
5 15
17 4
7 3
16 9
0 34
20 5
18 34
6 48
17 48
14 50
13 46
2 52
21 45
3 53
21 25
13 1
17 19
18 2
2 25
10 34
5 0
7 34
6 21
15 51
23 0
22 27
22 34
8 2
1 24
3 6
18 23
6 25
21 34
10 35
17 22
2 21
23 18
13 13
7 12
22 6
21 16
8 16
20 27
23 4
12 12
10 27
7 18
1 6
17 36
11 28
20 36
2 44
0 47
3 45
19 45
6 49
16 52
8 48
18 24
16 7
2 1
21 10
7 25
22 36
9 19
12 36
1 9
4 45
15 18
11 22
16 36
17 21
13 24
11 25
8 14
21 17
6 36
22 37
12 19
7 5
2 4
18 16
1 8
21 29
20 19
12 6
12 16
18 21
18 1
16 20
7 17
3 11
18 38
8 10
20 38
17 52
6 50
2 45
1 50
16 46
0 50
11 44
11 16
7 13
1 21
12 3
17 26
13 38
8 5
22 38
3 27
5 48
15 2
4 8
1 38
17 2
23 3
22 23
6 29
11 12
7 38
12 39
8 26
16 21
2 28
2 12
18 5
5 22
12 5
19 15
7 27
8 3
3 0
1 26
0 15
14 10
2 40
13 3
20 40
11 50
6 46
18 50
19 49
16 44
17 51
1 46
16 17
21 14
18 12
22 16
2 29
0 40
10 6
7 40
23 15
15 45
12 25
13 2
18 40
3 20
8 1
17 0
16 15
12 22
6 40
22 41
7 21
1 7
2 16
21 0
13 17
17 6
2 13
15 12
17 8
1 5
24 0
5 13
3 3
20 26
0 42
8 21
18 42
17 53
11 48
16 50
21 47
7 48
2 50
6 47
7 10
1 22
3 13
2 19
17 27
12 42
8 12
22 42
11 7
9 44
5 20
15 25
17 42
12 7
8 20
1 15
2 2
22 11
6 42
12 43
16 5
3 8
11 15
18 29
23 16
10 26
0 17
2 0
17 15
11 27
15 19
17 25
23 48
22 53
5 53
15 49
10 44
12 46
9 53
4 47
24 53

