317
21 11
6 2
10 30
23 24
12 30
3 53
16 47
22 48
15 44
20 45
1 51
0 45
21 26
13 14
11 20
12 6
0 12
17 30
24 12
7 30
16 7
23 48
14 20
2 1
1 30
3 0
22 15
8 11
16 10
13 17
21 30
17 31
2 4
7 15
23 4
11 19
6 0
11 17
12 12
22 9
21 9
24 11
0 24
12 9
11 1
15 17
0 32
16 2
2 32
22 53
13 44
8 47
21 52
23 50
10 44
12 49
1 15
8 4
2 27
3 29
12 20
22 32
18 11
5 32
21 29
16 44
14 5
17 28
8 32
18 16
16 14
1 24
3 4
7 19
11 32
20 33
23 12
1 27
12 15
8 18
17 4
11 22
0 17
12 10
4 9
7 18
11 0
4 21
21 28
2 17
10 34
6 21
15 34
22 44
3 48
23 45
1 49
20 51
8 51
0 46
11 28
16 0
17 3
8 21
3 11
22 34
24 13
12 34
2 25
18 46
5 13
6 12
18 34
22 21
11 8
12 29
1 10
16 8
6 34
7 35
21 27
13 26
8 22
3 10
17 9
24 6
5 8
10 10
13 22
17 8
20 28
9 0
2 12
6 4
12 36
1 6
15 36
11 47
10 52
20 52
3 52
21 48
8 44
0 47
21 21
16 18
11 2
22 5
12 25
23 36
18 22
7 36
2 16
17 53
1 2
4 8
3 36
2 9
6 20
18 1
13 6
21 13
11 36
22 37
17 10
11 11
16 12
1 4
8 27
1 9
19 2
24 10
3 13
20 22
9 5
11 29
0 15
15 18
11 38
16 26
20 38
13 48
6 47
22 52
3 49
23 46
1 46
2 51
2 15
1 26
11 24
21 22
22 23
17 38
4 6
7 38
12 8
16 48
24 15
10 5
2 38
8 13
11 26
1 20
12 28
16 25
3 38
17 39
22 7
6 25
23 20
23 19
7 27
12 16
2 21
14 12
10 7
13 28
5 14
22 11
2 3
20 24
0 40
13 1
15 40
10 53
6 44
3 47
12 51
8 49
11 53
21 46
16 16
6 14
12 13
11 3
2 2
22 40
4 22
17 40
21 18
9 51
13 12
7 9
8 40
17 15
1 3
6 6
16 11
3 14
7 40
22 41
11 18
18 24
2 10
13 10
21 23
15 7
14 27
19 7
19 29
13 21
12 14
10 23
23 2
0 1
2 42
8 7
10 42
15 52
21 51
12 52
16 49
13 46
1 44
6 49
16 29
13 2
11 16
1 5
2 8
5 42
17 12
20 42
7 8
18 45
14 7
8 24
16 42
7 29
22 24
13 19
1 23
12 23
23 42
5 43
17 16
11 13
8 3
18 27
2 18
24 17
8 16
12 7
13 16
16 5
11 14
1 17
7 47
5 51
4 49
9 50
17 49
18 50
14 49
24 46
19 50

