1 2447 209.953000 8041 1496 719 426 1000 3500 900
2 1417 206.735000 15111 1620 861 430 3000 7500 1700
3 7366 207.719000 13995 1507 762 426 5000 4000 2300
4 6091 207.030000 12071 1587 1058 426 4000 3500 1500
5 2930 208.047000 13073 1594 731 448 4000 4500 1800
6 4271 201.547000 15071 1517 743 411 5000 6000 1400
7 3486 195.063000 12682 1386 637 459 4000 4500 1700
8 6148 206.984000 10488 1593 653 442 1000 5000 1800
9 20066 196.766000 13276 1409 735 432 3000 5500 2200
10 18950 207.735000 12879 1666 966 447 4000 4500 1300
