317
15 1
6 16
23 30
16 0
3 30
8 47
11 50
7 51
10 44
1 52
2 52
22 46
2 5
7 17
8 3
1 26
22 6
12 30
21 5
17 30
11 19
5 47
0 13
16 21
16 30
18 2
6 1
23 19
11 10
3 29
8 30
12 31
21 29
17 11
22 2
2 15
23 23
11 8
4 24
16 18
18 12
16 24
4 28
7 22
16 3
8 11
23 32
17 9
3 32
7 45
6 44
11 45
22 44
1 50
21 51
15 50
21 10
3 18
16 17
12 24
22 9
5 32
17 25
0 32
7 29
18 51
13 26
14 3
7 32
16 13
6 26
21 28
2 21
18 18
13 32
10 33
3 3
22 7
23 26
17 2
8 4
17 23
23 1
24 0
1 7
17 10
5 24
14 27
8 20
10 2
3 34
6 4
23 34
21 44
11 52
7 50
17 45
1 49
22 48
2 44
2 16
23 25
1 1
11 20
7 16
20 34
19 26
12 34
16 12
0 47
6 13
18 14
22 34
11 4
3 20
1 6
7 14
21 7
2 34
15 35
12 20
8 25
17 15
6 2
23 10
1 22
1 5
6 17
1 24
9 6
11 14
16 23
6 21
1 21
3 36
8 15
23 36
16 52
15 49
2 48
7 44
11 46
17 53
10 46
23 15
6 15
2 11
16 14
3 5
17 36
5 23
20 36
11 18
8 53
13 25
12 17
6 36
7 4
23 13
22 28
3 11
16 9
2 36
17 37
21 8
2 29
12 6
8 7
13 1
18 24
16 29
9 5
21 0
7 15
12 8
24 19
21 18
10 12
7 38
23 2
3 38
1 48
16 47
15 53
22 50
2 45
6 50
11 48
8 19
21 25
6 23
1 4
2 22
18 38
9 1
12 38
17 26
20 45
0 12
23 20
23 38
3 0
13 15
11 1
1 9
16 25
21 38
17 39
6 9
22 21
7 7
8 10
2 19
22 24
9 14
9 10
1 25
17 4
13 18
7 21
6 28
10 15
3 40
1 8
15 40
2 53
8 45
17 50
21 53
7 49
22 52
11 51
7 0
17 22
3 17
2 3
15 26
22 40
9 18
12 40
8 13
18 53
1 11
20 6
7 40
16 6
11 12
13 24
12 4
8 29
2 40
22 41
3 10
1 27
18 27
21 20
6 22
2 0
4 22
8 14
18 5
3 26
18 9
0 3
22 29
15 21
3 42
16 16
10 42
21 52
8 48
1 47
23 48
7 47
2 47
6 49
11 21
6 27
8 1
7 11
2 4
17 42
13 2
22 42
1 12
12 49
0 9
16 2
13 42
1 10
7 28
22 27
21 23
1 15
6 42
17 43
11 2
23 16
3 27
12 9
16 22
4 6
2 8
23 3
20 8
4 15
18 11
21 14
19 46
9 51
5 44
0 51
12 46
13 45
20 51
18 50
14 49

