317
22 25
12 6
10 30
16 20
7 30
21 50
18 46
6 44
1 44
19 48
2 51
9 49
21 20
7 6
8 3
11 21
17 0
2 30
16 17
22 30
1 0
5 50
14 18
13 13
16 30
22 23
13 3
8 7
17 13
1 14
21 30
2 31
18 9
7 11
6 20
11 13
8 20
8 2
19 16
16 9
8 23
23 28
21 7
14 17
3 6
19 10
8 32
21 0
22 32
16 50
10 45
6 49
11 47
2 45
18 50
7 50
6 23
3 25
7 4
8 0
22 2
12 32
17 9
0 32
11 23
15 51
21 12
4 26
17 32
23 1
16 25
2 20
3 16
22 11
7 32
12 33
11 17
2 11
6 28
21 13
18 19
20 20
11 24
11 6
8 27
9 3
18 25
22 6
21 3
23 17
7 34
16 4
10 34
22 51
18 53
6 46
3 48
1 48
12 47
9 53
7 5
8 12
22 9
21 8
10 19
2 34
15 12
17 34
6 12
16 49
13 27
24 17
21 34
13 25
8 26
7 10
17 18
22 18
6 34
2 35
11 29
18 15
2 16
16 1
23 14
19 8
4 9
14 9
10 9
18 10
16 13
8 17
3 10
12 25
18 36
1 5
8 36
6 48
7 48
11 51
10 48
21 53
22 52
2 48
21 15
6 19
11 16
22 24
7 15
23 36
4 15
15 36
12 16
13 47
1 26
0 2
7 36
6 7
17 20
18 1
13 11
21 22
11 36
22 37
16 10
11 25
3 12
8 28
1 29
3 19
6 18
7 26
7 13
7 19
9 1
4 5
19 26
10 27
11 38
16 27
21 38
3 46
7 52
2 44
18 47
1 51
23 48
6 45
1 9
11 7
22 8
8 29
5 1
2 38
13 26
17 38
23 26
14 52
24 0
16 6
16 38
23 18
12 12
17 28
22 13
6 6
13 38
7 39
2 27
18 11
1 13
1 21
21 2
2 4
0 28
20 6
19 21
20 1
15 0
16 28
9 24
21 14
2 40
6 26
11 40
8 53
23 51
1 46
19 50
10 47
18 45
7 47
12 15
18 4
11 5
16 15
2 3
7 40
0 17
22 40
17 27
20 47
13 0
6 27
18 40
11 10
21 19
23 25
3 24
8 16
13 40
15 41
7 0
1 22
2 9
12 13
6 22
18 26
11 22
0 26
5 5
19 20
8 22
9 11
1 10
12 20
8 42
11 18
18 42
2 46
21 48
16 52
23 52
22 50
6 53
10 46
8 11
18 16
6 14
22 10
15 7
23 42
7 12
2 42
12 10
11 46
17 23
13 9
16 42
23 6
13 24
18 18
8 1
3 27
11 42
22 43
7 1
17 21
21 24
6 24
2 6
16 8
21 21
20 22
3 29
5 21
1 19
14 20
0 47
14 48
24 45
20 44
5 45
4 53
17 46
13 45
15 50

