317
16 27
24 1
5 30
11 19
20 30
13 52
18 52
2 52
23 50
22 52
1 51
7 49
16 4
6 4
7 14
13 25
22 27
2 30
8 6
17 30
21 18
11 44
0 11
12 23
11 30
13 8
21 11
18 13
7 1
1 10
22 30
2 31
12 29
16 18
8 5
6 18
18 2
5 26
6 15
1 3
14 15
14 23
4 4
7 28
16 23
6 19
23 32
7 21
3 32
22 51
2 51
21 47
11 49
13 49
5 46
18 48
3 5
18 7
16 20
11 17
7 13
12 32
1 9
20 32
23 1
17 44
9 26
0 10
17 32
2 2
1 16
22 6
18 18
11 12
7 32
12 33
23 20
22 19
8 0
17 28
3 28
17 22
2 9
24 17
16 12
16 13
13 22
3 12
13 12
11 28
3 34
24 22
20 34
2 45
18 47
7 52
6 48
23 47
22 47
1 49
13 29
2 17
3 25
1 6
22 29
17 34
9 23
5 34
11 23
19 48
8 4
12 5
12 34
1 28
6 11
7 6
22 4
13 7
8 34
15 35
2 19
21 9
17 23
23 25
11 24
20 24
3 14
16 11
4 10
9 15
13 9
5 6
3 24
1 22
5 36
13 4
22 36
2 48
4 53
21 50
20 47
7 47
16 47
24 49
21 20
6 5
3 4
16 2
22 23
17 36
9 28
10 36
2 14
0 47
8 3
13 11
21 36
8 21
1 27
2 20
23 0
16 17
13 36
17 37
12 6
12 22
6 7
7 20
22 25
6 6
16 25
14 0
11 13
14 8
23 5
23 17
11 2
20 18
5 38
23 19
3 38
13 48
18 49
2 44
22 45
1 44
21 51
16 44
11 11
22 2
13 21
18 0
2 26
15 38
12 9
7 38
17 6
24 44
0 27
23 24
13 38
7 17
22 7
12 16
23 13
16 5
11 38
17 39
1 29
8 10
2 11
3 16
6 8
5 11
11 3
16 19
3 20
16 6
15 3
17 25
20 28
5 21
3 40
11 10
23 40
16 53
13 53
6 53
7 51
22 48
18 53
21 45
6 2
22 20
3 21
2 28
7 18
20 40
19 13
12 40
1 26
11 52
15 0
17 17
16 40
13 1
8 24
6 24
21 1
23 8
11 40
0 41
18 11
12 12
22 5
17 0
3 2
10 17
16 8
4 26
18 8
24 6
6 16
15 19
18 29
24 7
3 42
11 5
20 42
7 53
1 47
23 49
16 52
6 47
22 44
13 45
22 8
23 16
21 28
6 12
13 14
0 42
2 5
17 42
7 23
8 51
12 1
11 0
11 42
7 15
17 27
2 12
1 2
22 16
16 42
5 43
12 21
3 10
8 28
13 16
23 18
14 25
5 12
6 26
0 6
3 27
9 5
13 28
17 49
14 47
10 45
12 47
19 52
8 44
9 49
0 52
15 46

