317
7 11
20 10
18 30
21 6
10 30
12 52
16 48
8 48
2 49
23 47
3 50
6 51
6 24
18 12
16 17
3 26
23 15
7 30
21 23
12 30
2 25
17 44
1 4
22 27
23 30
16 20
22 2
11 22
21 10
1 28
17 30
2 31
12 3
8 5
6 3
7 2
13 15
9 22
2 17
0 25
12 4
4 20
8 16
24 13
23 7
19 22
3 32
6 9
10 32
16 49
18 45
21 47
8 44
12 53
2 48
20 48
8 19
21 27
11 0
23 24
15 2
12 32
6 16
0 32
3 10
22 52
17 17
7 22
18 32
16 4
8 15
1 1
3 19
11 2
23 32
12 33
6 19
2 22
22 8
17 26
7 18
20 11
21 12
10 24
1 19
10 17
20 6
17 28
6 0
18 15
3 34
23 16
10 34
19 46
16 45
13 51
8 50
20 50
12 45
21 45
21 21
11 13
12 17
6 13
15 28
0 34
22 28
7 34
13 12
5 49
17 0
23 1
16 34
11 1
21 19
23 28
8 0
17 25
22 34
0 35
13 21
7 4
1 14
6 23
18 10
11 4
13 28
20 5
6 22
3 13
8 7
9 20
8 27
6 25
3 36
23 22
10 36
21 52
20 44
18 51
16 52
7 53
13 50
2 50
7 1
2 10
3 6
17 6
8 6
15 36
23 5
12 36
18 5
1 51
22 13
24 0
21 36
23 3
13 25
11 23
7 0
16 26
8 36
17 37
12 13
8 24
2 18
22 9
1 20
13 8
24 25
21 24
4 2
23 27
22 21
24 5
20 28
19 4
6 38
13 5
3 38
11 46
21 51
18 49
16 46
12 48
8 52
23 52
21 9
16 0
6 7
23 21
7 3
0 38
22 14
10 38
3 29
17 48
15 17
13 17
17 38
7 19
6 6
18 8
22 24
12 12
21 38
0 39
23 19
3 0
13 6
13 13
8 12
8 13
2 13
7 23
11 6
8 21
14 4
9 12
6 1
19 21
20 40
8 25
10 40
18 53
7 48
2 47
4 45
3 51
16 53
12 50
2 7
18 11
7 13
6 26
3 21
22 40
1 29
12 40
21 11
15 46
8 29
17 2
7 40
11 12
18 14
16 24
13 29
3 20
6 40
22 41
2 23
12 21
8 22
21 26
1 10
10 15
7 12
24 2
7 7
22 20
16 15
9 7
16 3
20 26
7 42
18 21
10 42
21 53
3 49
19 49
23 53
6 47
13 44
4 44
11 20
6 4
13 18
16 29
7 9
2 42
12 5
22 42
1 21
18 44
5 14
17 7
17 42
16 19
12 19
6 20
23 8
7 14
13 42
0 43
22 5
8 11
18 2
21 16
3 14
1 5
17 10
18 9
6 12
11 9
21 18
10 22
22 51
9 51
5 52
24 47
14 52
1 49
0 50
17 53
15 52

