r\t   0   1   2   3   4   5   6   7   8   9  10  11  12  13  14  15  16  17  18  19  20  21  22  23  24 
  0  -1 159 179  -1  -1  -1  -1 123  -1  -1  -1  -1  -1 144  -1  -1  -1  -1  -1  -1  -1 277  -1  70 219 
  1  -1  57  -1  69  -1  -1 165  34  72  -1  -1  -1  -1 290  -1  -1  -1  -1  -1  -1  -1 221  -1 234  -1 
  2  -1  87  16  16  -1  -1 121  -1  88  -1  -1 132 154  -1  -1  -1  -1  -1  -1  -1  -1  -1 148 148  -1 
  3  -1 289  -1  -1  -1  -1  -1 220  -1  -1  -1 167  27  -1  -1  -1  -1  -1  -1  -1  -1  -1  -1  -1  -1 
  4  -1  -1 158  -1  86 258  -1  -1  -1  -1  -1 262  -1 172  -1  -1  64  -1  -1  -1 265 122 168  -1 198 
  5  -1  -1  -1  -1 282  -1  85  -1  60  60  -1  -1 157  -1  -1  -1  -1  20  -1  -1  -1  44 214  -1  -1 
  6  -1  -1 194 260  -1  -1  -1  -1 160  -1  -1  33  -1  36  -1  -1 259  -1  -1  -1  -1 101  -1  -1  -1 
  7  -1  -1  -1  37  -1  -1  -1  -1  -1  -1  -1 284  -1 196  -1  -1  -1  -1  -1  -1  -1  -1 278  -1  -1 
  8  -1  -1  -1  -1  -1  -1  -1  -1  -1  -1  -1 215 115  -1 155  -1 161  -1  -1  -1  -1  -1 125 166  -1 
  9  -1 102 243  25  -1  -1 238  -1  -1  -1 104 104  -1  -1  -1  -1  -1  -1  -1  -1  -1 152  -1  -1  -1 
 10  -1  -1 252  -1  -1  -1  -1 145  -1  -1  -1  -1 247  -1  -1  -1  -1  -1  -1  -1  -1  -1  56 256  22 
 11  -1  -1  83  -1  -1  -1  -1   3 254  -1  -1  -1  -1  -1  -1  -1  -1  -1 209  -1  -1  -1  80 217  -1 
 12  -1  -1 131  -1  -1  -1  -1 253  15 218  -1  59 191  -1  -1  -1  -1  -1  -1  -1  -1  -1  -1  -1  -1 
 13  -1  41  32 298  -1  -1  23  -1 100  -1  -1  -1  -1  -1  -1  -1  -1  -1  -1  -1  -1  -1  -1  39  -1 
 14  -1 212  -1  89  -1  -1  -1 204  29  -1  -1 248  -1  -1  -1  -1  -1  -1  -1  -1  -1  58  -1  -1  -1 
 15  -1 233  73  82  -1  -1  35  -1  -1  -1  -1  -1  -1  -1  -1  -1 135  -1  -1  -1  -1  -1  -1  84  -1 
 16  -1  -1 103  -1  -1  -1  76  -1  -1  -1  -1  -1  -1  -1  -1  -1  -1  -1  -1  -1  -1 133  -1 279  -1 
 17  18  -1  -1  -1  -1 130  -1  -1  -1  -1  -1  -1  -1  45  -1  -1  -1  -1  -1  -1  -1  -1 192 192  -1 
 18  -1  -1  -1  47  -1 303 245  -1 291 176  -1  71  -1  12 127 175 267  -1 108  -1  -1  -1  14 211  -1 
 19  42  -1  -1  -1 307  -1  -1  -1  -1  -1  -1  -1  62  -1  -1  -1  -1 173 216 174  -1  -1  -1  -1  40 
 20  -1 190  -1  -1 199  -1 111  -1  -1  -1  -1 188  -1  -1  -1  -1  -1 203  -1  -1  -1 210 205  26  -1 
 21  -1 255  -1 177  -1  -1  -1  -1 208 306  -1   0  -1 264  -1  -1  -1  -1 113  -1 263 129  -1  -1  -1 
 22  -1  79 201 202  67  -1  -1  -1  -1  -1  -1  -1 169 126  -1  -1  -1 296  -1  -1  -1  -1  -1  66  -1 
 23 261 117 223  -1  -1  -1  -1  -1  -1 213  -1  -1  78 280 280  -1  -1  -1  -1  -1  -1  38  -1  -1  -1 
 24  -1  -1  -1 235  -1 106 150  -1  -1  -1  -1  -1  -1 232  -1  -1  -1 147   1 304  -1  -1 249 292  -1 
 25  -1  81  -1  -1  -1  -1  -1 236 236  -1  -1  -1 287  -1  -1  -1  -1  -1  -1  -1  -1  -1  -1  -1  -1 
 26  -1  -1  -1  -1  -1  -1 257 297 116 305  -1  -1  -1 114  -1  -1  -1 120  -1  -1  -1 189  -1  -1  -1 
 27  -1  -1  -1 164  -1  -1 293 301  -1  -1  -1  77  -1  -1  -1  -1  -1  -1 299  -1  -1  -1 300  -1 242 
 28  -1  -1  -1 124  -1  -1  -1  -1 146  -1  -1  -1 170  91  -1  -1 128  -1 276 171  -1  -1 240  -1  -1 
 29  -1  -1 302  -1  -1  43  -1  -1  -1  -1  -1  -1 110 246  -1  -1  -1 286  -1  -1  -1  28  -1  13  -1 
 30  -1  30   4   4  -1  -1  -1  -1   2   2  19  19  19  -1  -1  17  17  -1  -1  -1  -1  -1  24  -1  -1 
 31  -1  -1  -1  -1  -1  -1  -1  -1  -1  -1  -1  -1  -1  -1  -1  31  31  31  -1  -1  -1  -1  -1  -1  -1 
 32  46  46  -1  -1  -1  63  63  63  48  48  -1  -1  -1  -1  -1  -1  74  61  61  -1  -1  68  -1  -1  -1 
 33  -1  -1  -1  -1  -1  -1  -1  -1  -1  -1  -1  -1  -1  -1  -1  -1  -1  75  75  75  -1  -1  -1  -1  -1 
 34  92  92 112  -1  -1  -1  -1  -1  -1  -1  -1 118  -1  -1  -1 107 107 107  -1  -1  90  90  -1 105 105 
 35  -1  -1  -1  -1  -1  -1  -1  -1  -1  -1  -1  -1  -1  -1  -1  -1  -1  -1  -1  -1  -1  -1 119 119 119 
 36 134 134 151 151 151  -1 162  -1 136 136  -1  -1  -1 156  -1  -1  -1  -1 149 149  -1  -1  -1  -1  -1 
 37  -1  -1  -1  -1  -1  -1  -1  -1  -1  -1  -1  -1  -1  -1  -1  -1  -1 163 163 163  -1  -1  -1  -1  -1 
 38  -1  -1  -1  -1  -1  -1 206 193 193  -1  -1  -1  -1  -1  -1  -1 200 195 195 195 180 180 178 178  -1 
 39  -1  -1  -1  -1  -1  -1  -1  -1  -1  -1  -1  -1 207 207 207  -1  -1  -1  -1  -1  -1  -1  -1  -1  -1 
 40 224 224  -1 250  -1  -1  -1  -1 222 222 239 239 239  -1  -1  -1 244 237 237  -1  -1  -1  -1  -1  -1 
 41  -1  -1  -1  -1  -1  -1  -1  -1  -1  -1  -1  -1  -1  -1  -1  -1  -1 251 251 251  -1  -1  -1  -1  -1 
 42  -1  -1 281 281  -1 283 283 283  -1  -1 266 266 294  -1  -1  -1 288  -1  -1  -1  -1  -1 268 268  -1 
 43 295 295 295  -1  -1  -1  -1  -1  -1  -1  -1  -1  -1  -1  -1  -1  -1  -1  -1  -1  -1  -1  -1  -1  -1 
 44  -1 186  95  -1  -1  -1 313  21  -1  -1 143  -1  -1 109  -1  -1  -1  -1  -1  -1 229  -1  53   7  -1 
 45  -1  -1  -1  -1  -1  -1  -1  -1  -1  -1  99  -1  -1  -1 316 309  10  -1  -1  -1  -1  -1  -1  -1  -1 
 46  -1   8  -1  -1  -1  -1  -1  -1 270  -1  54  -1 314  -1  -1  -1 285  -1  -1  -1  -1  -1  -1  -1  -1 
 47  -1  -1  -1  -1  -1  -1  -1  -1 184  -1  -1  -1  -1  11  -1 241  -1  -1  98  -1   9  -1  -1  -1  -1 
 48  -1  -1  -1 228  -1  -1  -1  -1  -1  -1 183  -1  -1  -1  -1  -1  96  -1  50  -1  -1  -1  -1  -1  -1 
 49 185  -1 269  -1  -1 310 197  -1  -1  -1  -1  94  -1  -1  -1  -1 182  -1  -1  -1  -1   6 225  -1  -1 
 50  -1  -1  -1  -1 312  -1  -1  -1  -1  -1  -1  -1  -1 138  -1  -1  -1 308 142 311  -1  -1  -1 227  -1 
 51  -1 271  -1  65  -1  -1  -1  93  -1 273  -1  49  -1 231  -1  -1 230  -1  -1  -1  55  -1   5  -1  -1 
 52  -1  -1  51  -1  -1  -1  -1 187  -1  97  -1 181  -1  -1  -1  -1  52  -1 275  -1 140  -1  -1  -1  -1 
 53  -1  -1  -1 272  -1  -1  -1 141  -1  -1  -1  -1  -1  -1  -1  -1 153  -1 226  -1  -1 274 139 137 315 

r\t   0   1   2   3   4   5   6   7   8   9  10  11  12  13  14  15  16  17  18  19  20  21  22  23  24 
  0  -1  -1  -1  -1  22  -1 277  -1  -1  -1 215  -1  -1  -1  -1  -1  -1  -1  -1  43  -1  -1  -1 145  -1 
  1  -1 160 209  -1  -1 221 130 301 267  -1  -1 161 169 211  82  -1 196  -1  -1  -1  -1  -1 238 174  -1 
  2  -1 190  44 204  -1  -1 154  -1  25  -1  -1  -1 104 104  -1  -1  36  -1  -1  -1  -1  35  -1 240  -1 
  3  -1  -1 123 111  -1  -1  -1  -1 291  -1  -1  57 115  87  -1  -1  -1  -1  -1  -1  -1  -1  -1  -1  -1 
  4 257 121  -1  -1  -1  -1  85  -1  -1  -1  -1  -1  -1 114  -1  -1  -1 106 259  -1  -1  15  -1  -1  -1 
  5  -1  -1  60  60  -1  -1 101  -1  -1  -1  -1  -1 205  72 172  -1  33  -1  -1  -1  -1 127 263  84  -1 
  6 265  -1  -1  14  -1 303  -1  -1 242  18  -1  38 253  -1  -1  -1  -1  -1 261 302  -1  -1 258  -1  -1 
  7  -1  -1 192 192 150 176  -1  -1  -1  37  -1  71 219  -1  -1  -1 289 252  64  -1  -1  -1  -1  -1  -1 
  8  -1 255  -1  -1  -1  -1  -1 158  -1  -1  -1 210 194  -1  -1  -1  56 198  27  -1  -1  80  34  -1  -1 
  9  45  -1  -1  -1  -1  -1  -1  -1 166  -1  -1  -1 173  -1  -1  -1  12  -1  -1  -1  -1  62  -1  -1  -1 
 10  -1  -1  -1  -1  -1 306  -1  -1  69  -1  -1 124  -1  -1  -1  -1 202  -1  -1  -1  -1  -1 113 132  -1 
 11  -1  -1  -1  -1  -1  -1  -1  -1  -1  -1  -1 254  81  -1  -1  -1  -1  -1 212  -1  -1  -1  -1  -1  -1 
 12  -1 100  -1  -1  -1  -1  -1  -1  -1  -1  -1  89  -1 245  -1  -1  -1 307  -1  -1  -1  -1  -1  76  -1 
 13  -1 284  -1  -1  -1  -1  -1  -1  -1  -1  -1  -1  -1 159  -1  -1  -1 147  -1  -1  -1 103 300 129  -1 
 14  -1 170  -1 165  -1  -1 234  16  16  41  -1  28 233 304  -1 177  -1  -1  -1  -1  -1  -1  -1  -1  -1 
 15  -1  26  -1  -1  -1  -1  -1  -1  -1  -1  -1  -1  -1  -1  -1  -1  -1  -1  -1  -1  -1  47  -1 175  -1 
 16 236 236 148 148  -1  -1  32  -1  -1  -1  -1 296  -1  -1  -1  -1  -1  -1  -1  -1  -1  -1  -1   3  -1 
 17  -1 125  -1 290  -1  -1  -1  -1  83  -1  -1 235 292 262 305  -1  -1  -1  -1  -1  -1 146  -1  -1  -1 
 18  -1  -1  -1  -1  -1  -1  -1 152  -1  -1  -1   0  -1  -1  -1  -1  -1  -1  -1  -1  -1  -1 191  -1  -1 
 19   1  -1 102  -1  -1  -1  -1 133  -1  -1 214  42  -1  -1  -1  -1 117  -1  -1  -1  -1  -1  -1  -1  -1 
 20  -1  -1  -1  -1  -1  -1  58  -1 126  -1  -1  -1  -1  -1  67  -1 131 201 298  -1  -1  -1  23  88  -1 
 21  -1  -1  -1  -1  -1  -1  -1  -1  -1  -1  -1  20 179  -1  -1  -1  -1  -1 199  -1  -1  -1  -1 188  -1 
 22  -1  -1  13 116  -1  -1  -1  39 122  -1  -1  -1  -1  -1  -1 220  -1  -1  -1  -1  -1 232  -1 293  -1 
 23 217  -1 280 280  -1  -1 264  -1 286  -1  -1  77 164  -1  -1  -1  -1  -1  -1  -1  -1  -1  -1 167  -1 
 24  -1  -1  -1  -1 287  -1 135 203 223 155  -1  -1  -1  -1  -1  -1  91  -1 256  -1  -1  -1 247  -1  -1 
 25  -1  -1  -1  -1  -1  -1 297  -1  -1  -1  -1  -1  -1 279  -1  -1 144  59  -1  -1  -1  -1  -1  -1 171 
 26  -1  -1  -1  -1  -1  -1  79 278 216  -1 260  -1  -1  -1  -1  -1  73  -1  -1  -1  -1 246  -1  29  -1 
 27  -1  -1  -1  -1  -1  -1  -1 218 208  -1  -1  -1  -1 189  -1  -1 110  -1  -1  -1  -1 157  -1 248  -1 
 28  -1  -1  -1 128  -1  -1  -1  -1  -1  -1  -1 108 213  -1  -1  -1 249  -1  -1  -1  -1  -1  70  -1  -1 
 29  -1  78  -1  -1  66  -1  -1 243  -1  -1  -1 276  -1 299  -1  -1 168  40 282  -1  -1  -1  86 120  -1 
 30  -1  -1  -1  30  -1   4   4  24  -1  -1  -1  -1  17  17  -1   2   2  19  19  19  -1  -1  -1  -1  -1 
 31  -1  -1  -1  -1  -1  -1  -1  -1  -1  -1  -1  -1  31  31  31  -1  -1  -1  -1  -1  -1  -1  -1  -1  -1 
 32  -1  -1  -1  74  -1  46  46  -1  61  61  48  48  68  -1  -1  -1  -1  -1  -1  -1  -1  -1  63  63  63 
 33  -1  -1  -1  -1  -1  -1  -1  -1  -1  -1  -1  -1  -1  -1  -1  -1  -1  75  75  75  -1  -1  -1  -1  -1 
 34  90  90  -1  -1  -1  92  92 105 105  -1  -1  -1  -1  -1  -1  -1  -1 112 118  -1  -1  -1 107 107 107 
 35  -1  -1  -1  -1  -1  -1  -1 119 119 119  -1  -1  -1  -1  -1  -1  -1  -1  -1  -1  -1  -1  -1  -1  -1 
 36 136 136  -1 162  -1  -1  -1  -1  -1  -1 134 134 151 151 151  -1  -1  -1 149 149  -1  -1 156  -1  -1 
 37  -1  -1  -1  -1  -1  -1  -1  -1  -1  -1  -1  -1  -1  -1  -1  -1  -1 163 163 163  -1  -1  -1  -1  -1 
 38  -1 200 180 180  -1  -1 206 195 195 195 178 178  -1  -1  -1  -1  -1  -1  -1  -1 193 193  -1  -1  -1 
 39  -1  -1  -1  -1  -1  -1  -1  -1  -1  -1  -1  -1  -1  -1  -1  -1  -1  -1  -1  -1 207 207 207  -1  -1 
 40 224 224 237 237  -1  -1  -1 244 250  -1 222 222  -1  -1  -1  -1  -1 239 239 239  -1  -1  -1  -1  -1 
 41  -1  -1 251 251 251  -1  -1  -1  -1  -1  -1  -1  -1  -1  -1  -1  -1  -1  -1  -1  -1  -1  -1  -1  -1 
 42  -1 294 266 266  -1  -1  -1 288  -1  -1 268 268  -1  -1  -1 281 281  -1  -1  -1  -1  -1 283 283 283 
 43  -1  -1  -1  -1  -1  -1  -1  -1  -1  -1  -1  -1  -1  -1  -1 295 295 295  -1  -1  -1  -1  -1  -1  -1 
 44  -1 274 231  -1  -1  -1  -1  -1   9  -1  -1  -1  97  93  -1  -1 270  -1  -1  -1  -1 269  -1 182  -1 
 45  -1  -1  -1  -1  -1  -1  -1  -1  54  -1  11  -1  53  -1  -1  -1 229  -1 310  -1  -1  -1  -1 272  -1 
 46  -1  -1  -1 139  -1  -1 184 275 137  -1  99  -1  -1 273 314  98  52  -1  -1  -1  -1 183  -1  21  -1 
 47 185  -1 143   7  -1  -1  -1  -1  -1  -1  -1  -1  -1 228  -1  -1  -1  -1  -1  -1  -1  96 153  -1  -1 
 48  -1  -1   8  -1  -1 271  -1  -1  94  -1  -1  -1 285  -1 197  -1 142  -1  -1 316  -1  -1  -1  -1  -1 
 49  -1 181  -1  -1  -1  -1  -1   5  -1  -1  -1  -1 225 186  -1  -1  -1  -1  -1  -1 308  -1  -1  -1  -1 
 50  -1  -1  -1  -1  -1  -1  -1  -1  -1  -1  -1  -1  -1  65  -1  -1  -1  -1  -1  -1  -1  10  -1  -1  -1 
 51  -1   6  -1  -1  -1  -1  -1  51  -1 315  -1  -1  -1  -1  -1 140 187  -1  -1  -1  -1  -1  -1  -1 311 
 52  -1  50  95  -1  -1  -1  -1  -1  -1  -1  -1  -1  -1  -1  -1  49  -1 309 109  -1  -1 227 313 230  -1 
 53  -1  -1  -1  55 312 138 226  -1  -1  -1  -1  -1  -1  -1 241  -1  -1  -1  -1  -1  -1 141  -1  -1  -1 

r\t   0   1   2   3   4   5   6   7   8   9  10  11  12  13  14  15  16  17  18  19  20  21  22  23  24 
  0  -1  -1  13 132 110  -1  -1  33  -1  -1  22 189  -1 116  -1  -1  -1  -1 177  -1  -1  84  -1  -1  -1 
  1  -1  -1 164  -1  -1  -1  -1  -1  -1  -1  -1 256 218  88  -1  -1  -1  -1  -1  -1  -1 133  -1 297  -1 
  2  -1  25  -1  -1  -1  -1  -1  -1  -1  -1  -1 123 249  -1  -1  -1 259  -1 103  -1  -1  -1  -1  -1  -1 
  3  -1  -1  -1  -1  -1  -1 299  -1 235  -1  -1  -1 179 166  -1  -1 194  -1 232  -1  -1  -1  -1  -1  -1 
  4  -1  -1  -1  -1 155  -1  -1  -1 160  -1  -1 167 300  -1  -1  -1  -1  60  60  -1  -1  -1  -1  -1  -1 
  5  -1  -1  -1 210  -1  -1  64  -1  -1  -1  -1  58   1  -1  -1  -1  -1  -1  -1  -1  -1  -1  -1  -1  -1 
  6  -1  -1 117  -1  -1  -1  -1  81 220  -1  -1  -1 121  29  -1  -1  66  -1  -1  -1  -1  -1  -1  -1  -1 
  7  -1  -1 277 252  -1 214  -1  -1  -1  -1  -1  -1  56  -1  -1  -1  -1  -1  -1  -1  16  16  -1  -1  -1 
  8 217 205  -1  -1  -1  -1  36  -1  -1  -1  -1  -1 236 236  -1  -1  -1  -1  -1  -1  -1  -1  -1  -1  -1 
  9  -1  -1  -1  89  -1  -1  -1  -1  -1 213  -1  -1  -1  -1  -1  -1  -1  -1  -1  -1  -1  57  -1  -1  -1 
 10  -1 289 298  -1  -1  -1  41 131 100  -1  -1  35 146  -1  -1  -1  -1  -1  -1  -1  -1  -1 201  -1  -1 
 11  -1  40 148 148  -1  -1 302  69 292  -1  -1 276  -1  79  -1  -1  -1  -1  -1  -1  -1  -1 293  -1  -1 
 12  -1  62  -1  38  37  -1 233  -1  -1  -1  -1  77  -1 196  -1  -1 301   0  78  -1  -1  -1 306  -1  -1 
 13  -1 262 108  14  -1 169  -1 168 114  -1  -1  73  -1  -1  -1  -1 147  -1  -1  -1  -1  80  59  -1  -1 
 14  -1  85 258  -1  -1  -1  27 102  -1  -1  -1  -1  -1 208  -1 175  -1  -1  -1  -1  -1  -1  -1  -1  -1 
 15  -1  47 171  32  39  -1  -1  -1 145  -1  -1  -1  -1  -1  43  -1  -1  -1  23  45  -1  -1  82 122  -1 
 16  -1  -1  -1 305  -1  -1  -1 223 126  -1  67 204 104 104  -1  -1 120  -1  44  -1  -1  -1  -1  -1  -1 
 17 307 219  -1  -1  -1  -1  91  -1  -1  -1  -1  -1  -1  -1  -1  -1  -1  -1  -1  -1  -1  -1  70  -1  -1 
 18  -1 101  -1  -1  -1  -1  -1  -1  -1  -1 238  12 265  -1  -1  -1 263 129 245  -1  -1  -1  -1  87  -1 
 19 282 234  -1  -1  -1  -1  -1 280 280  -1  -1  -1  42 267  -1  -1  -1  -1  -1  -1  -1 216  -1  -1  -1 
 20  -1  -1 211 240 242  -1 254 127  -1 304  -1  -1 284  -1  -1  -1  -1  -1 279  -1  -1  -1  -1  -1  -1 
 21  -1 303  -1  -1  -1  -1  -1 215 209 172  -1  -1  -1  15  -1  -1  -1  -1 161  -1  -1  -1  -1  -1  -1 
 22  -1  71  -1  -1  -1  -1 191  -1  72  -1  -1  -1  -1  -1  -1  -1  26 248  -1  -1  -1 257  -1  76  -1 
 23  -1  -1  -1  -1 173  -1  -1 115  -1  -1  -1  -1  -1  -1  -1  -1 253 188   3  -1  -1 291  -1  -1  -1 
 24  -1 165  -1  -1  -1  -1  -1  -1  -1 170  -1  -1 157  -1  -1 174  -1  -1 113  -1  -1 202  -1 158  -1 
 25  -1  20 192 192  -1  -1  -1  -1  -1  -1  -1 135  -1  -1 221 198  -1  -1  -1 261  -1  -1 159 247  -1 
 26  -1 144  -1  -1  -1  -1 111 246  -1  -1  -1  -1  -1 286 176  -1  -1  -1  -1  -1  -1  -1  -1 212  -1 
 27  -1 278  -1  -1  -1  -1  86 243  -1  -1  -1  -1 199  -1  -1  18 203  -1  -1  -1  -1  -1  -1  -1  -1 
 28  -1 190  -1  -1  -1 287  -1 296 128 150  -1 154  -1 152  -1  -1  -1  -1  -1  -1  -1  28  -1  -1  -1 
 29  -1 255  83 124  -1  -1 260  -1 264  -1  -1  -1  -1 290  -1  -1  -1  -1  34  -1 106  -1 130  -1 125 
 30  -1  -1  24  -1  -1  -1  -1  19  19  19  -1  -1  -1   2   2  -1  -1  30  -1  -1   4   4  17  17  -1 
 31  -1  -1  -1  -1  -1  -1  -1  -1  -1  -1  -1  -1  -1  -1  -1  -1  -1  -1  -1  -1  -1  -1  31  31  31 
 32  -1  -1  61  61  -1  -1  -1  63  63  63  -1  -1  68  48  48  -1  -1  74  -1  -1  46  46  -1  -1  -1 
 33  -1  -1  75  75  75  -1  -1  -1  -1  -1  -1  -1  -1  -1  -1  -1  -1  -1  -1  -1  -1  -1  -1  -1  -1 
 34  -1 112  -1  -1  -1  -1 118  90  90  -1  -1  -1  -1  -1  -1 107 107 107  92  92  -1  -1 105 105  -1 
 35  -1  -1  -1  -1  -1  -1  -1  -1  -1  -1  -1  -1  -1  -1  -1  -1  -1  -1  -1  -1  -1  -1 119 119 119 
 36  -1  -1  -1 162  -1  -1 156 136 136  -1  -1  -1 134 134  -1  -1  -1 149 149  -1  -1  -1 151 151 151 
 37  -1  -1  -1  -1  -1  -1  -1  -1  -1  -1  -1  -1  -1  -1  -1 163 163 163  -1  -1  -1  -1  -1  -1  -1 
 38  -1 178 178  -1  -1  -1  -1 193 193  -1  -1  -1 206  -1  -1  -1  -1 200  -1  -1 180 180 195 195 195 
 39  -1  -1  -1  -1  -1 207 207 207  -1  -1  -1  -1  -1  -1  -1  -1  -1  -1  -1  -1  -1  -1  -1  -1  -1 
 40  -1  -1 244  -1  -1  -1  -1  -1 250  -1  -1 224 224  -1  -1 239 239 239 222 222  -1  -1 237 237  -1 
 41  -1  -1  -1  -1  -1  -1  -1  -1  -1  -1  -1  -1  -1  -1  -1  -1  -1  -1  -1  -1 251 251 251  -1  -1 
 42  -1 288 268 268  -1  -1  -1  -1  -1  -1  -1  -1  -1  -1  -1 281 281  -1 294  -1 266 266 283 283 283 
 43  -1  -1  -1  -1  -1  -1  -1  -1  -1  -1  -1  -1  -1  -1  -1 295 295 295  -1  -1  -1  -1  -1  -1  -1 
 44 109  10  -1 227  -1  -1  -1  -1  -1  -1  -1  -1  -1 186  -1  -1 315  -1  -1  -1  -1  -1  54  -1  -1 
 45  -1 142  -1  -1  -1  -1   7 270  -1 309  -1  49  -1  -1 271  -1  -1  -1 272  -1  -1  96  -1  -1  -1 
 46  -1  -1 137  -1  -1  -1 229  -1  -1  -1  -1  -1  -1  -1  -1  -1  21  -1  -1 269 139  -1  -1  -1 241 
 47 308 225 230  -1  -1  -1  -1  -1  -1  -1  -1  -1  -1 228 143  -1  -1  -1  -1  -1  -1  -1  -1  -1 312 
 48  -1  -1  -1  -1  -1  -1  53  -1  -1 197  -1  98  -1  -1  -1  -1  -1  55  -1  -1  -1  -1  -1  65  -1 
 49  -1  -1  94 181  -1 153  -1  52  -1  -1  -1  -1  93  -1  -1  -1  -1 183  -1  -1  -1  -1  -1  -1  -1 
 50  -1  -1  -1  -1  -1 310 182  -1  -1  -1 285 184  50  -1  -1 316  -1  -1  -1 185  -1  -1 231  -1  -1 
 51  -1 274   8  -1  -1  -1 273  -1  -1  -1 314  11  -1  -1  -1  -1  -1  -1  -1 138  -1 226  -1  -1  -1 
 52  -1  99  -1  51  -1  -1 140  -1  -1  -1  -1  -1  -1  -1  97  -1  -1  -1  -1   9  -1  -1  -1 313  -1 
 53  -1  -1  -1   6 311  -1  -1   5 187  -1  -1 275  -1  -1  -1  -1  -1  -1 141  -1  -1  -1  95  -1  -1 

r\t   0   1   2   3   4   5   6   7   8   9  10  11  12  13  14  15  16  17  18  19  20  21  22  23  24 
  0  -1  -1  -1  -1  -1  -1  72  -1  -1  -1  -1 305  -1 110  -1  -1  -1  -1  -1  40  45  -1  -1  -1  -1 
  1  -1  -1  -1 128  -1  -1 201  -1 135  -1  -1 205 160  -1  -1  -1 147 218  -1 263  -1 174  -1  -1  -1 
  2  -1  -1 126  -1  -1  -1  -1 152  -1  -1 179  22   1  62  -1  -1  -1  -1  -1 199  -1 247  -1 246  -1 
  3  -1  -1  -1  -1  -1  -1 301  -1  42  -1  -1  79 260 238  -1  -1  -1  -1  -1 282  -1  -1  -1  -1  -1 
  4  -1  -1  -1 123  -1  -1  -1  -1  -1  -1  -1 101 100  -1  -1  -1  83  -1  -1  -1  -1 166  -1  -1  -1 
  5  -1  15  -1  -1  -1  -1  -1 176  -1  -1  -1  -1  -1  -1  -1  -1  -1  43  -1  -1  -1 215  78  -1  -1 
  6  -1  -1  -1 111  -1  -1  41  -1  -1  -1  -1  -1  56  -1  67  -1  -1 203  -1  -1  -1 189  25  -1  -1 
  7  -1  -1  -1  37  -1  -1  -1  -1  -1  -1  -1  -1  44  -1  -1  -1  12 252  -1  -1  -1  -1  -1 146  -1 
  8  -1  -1 221  -1  -1 236 236 124  -1  -1  -1  -1  -1  82  -1  -1  -1  26  -1  -1  -1  -1  -1  -1  -1 
  9  -1 256 304  -1  -1  -1  -1  -1  -1  -1  -1 165  20  -1  -1  -1 113  -1  -1  -1  -1  91  -1  -1  -1 
 10  -1 300  -1 243  -1  -1  -1  -1  -1  -1  -1 254  -1  -1  -1  -1  76  -1  -1  -1  -1  14 210  -1  -1 
 11  -1  73  -1  -1  -1  -1 292 192 192  -1  -1  -1  36  -1  -1  -1  -1 235  70  -1  -1  -1  66  -1 172 
 12  -1 102  -1 158  -1  -1 144 167 104 104  -1  -1  -1  -1  -1  -1  -1  -1 120  -1  -1 290  -1  -1  -1 
 13  -1  -1 168 125  -1  -1  59  -1  60  60  -1  -1  -1  23  -1  -1  -1  -1  -1  -1 171  -1  -1  -1  -1 
 14  -1  -1  -1  -1  -1  16  16 296 299  -1  -1  -1  -1  -1 155  -1 103  -1 219  -1  -1  -1 194  -1  -1 
 15  -1  -1  -1  -1  -1  -1  -1 108 209  -1  -1   3  -1 115  -1 307  -1  -1  -1  -1 265 232  -1 286  -1 
 16  -1  -1  -1  -1  -1  -1  28 280 280  -1  -1  -1 130  -1  -1  -1  -1  -1  -1  -1  -1  -1  -1 132  -1 
 17  -1  -1  -1 204  -1  -1 213  89  -1  -1  -1 114  69  -1  -1  -1  -1  -1  -1  -1  -1  32  -1  13  -1 
 18  -1 129  -1  -1  -1  -1  -1  34 157  -1  -1  -1  -1  -1  84 220  -1  -1  -1  -1  -1  47 164  -1 214 
 19  -1 133  81  -1  -1  -1  -1 170  -1  -1  -1 234  -1  -1  -1  -1  -1  -1 177  -1  -1  -1 150  -1  -1 
 20  -1  -1  -1  -1  -1  -1  -1  -1  71  -1  -1  -1  -1  -1  -1  -1  -1 173 255  -1  -1  -1 248  -1  -1 
 21  -1  -1 121  -1  -1  -1 190  -1 117  -1  85  87 148 148 262  -1 202  -1 233  -1 261  -1  -1  -1  -1 
 22  -1 116 208  -1  -1  -1  -1  -1  -1  -1  -1  -1 242  -1  -1 257 161  -1 302  -1  -1 145  -1  -1  -1 
 23  -1  -1  -1 293  -1  -1 284 169 154  -1  -1 298  -1 245  -1  -1  -1 291  -1  -1  -1 276  -1  -1  -1 
 24  -1  -1  -1  -1  -1  -1 264  -1  86  38  -1  -1 191  -1  -1  -1  -1  80 196  -1  -1 211  -1  -1  -1 
 25  -1  64  -1  -1  -1 217  -1  -1 131 287  -1  -1  -1  -1  -1  -1 277 278 297  -1  -1  -1  -1  58  -1 
 26  -1 175  -1 306  -1  -1  -1  -1  18  -1  -1  -1  -1  -1  -1  -1  -1  -1  -1  -1  -1 259  -1  -1  -1 
 27  -1 240  -1 249 106  -1  -1  -1  -1  -1  -1  33  -1  -1  -1  -1  -1   0  -1  -1  -1  -1  -1 188  -1 
 28  -1  39  -1  -1  -1  -1  -1 212  35  -1  -1 279 223  27  -1  -1  57  -1 127  -1  -1  -1  -1 159  -1 
 29  -1  29 216  -1  -1  -1 253 303  77  -1 258  -1 289  -1  -1 198  -1  88  -1  -1  -1 122  -1 267  -1 
 30  -1  -1  17  17  -1   2   2  -1  -1  -1  -1  -1  -1  -1  -1  -1  30  19  19  19   4   4  -1  24  -1 
 31  -1  -1  31  31  31  -1  -1  -1  -1  -1  -1  -1  -1  -1  -1  -1  -1  -1  -1  -1  -1  -1  -1  -1  -1 
 32  -1  -1  61  61  -1  46  46  -1  -1  -1  -1  -1  -1  68  -1  48  48  63  63  63  -1  74  -1  -1  -1 
 33  -1  -1  75  75  75  -1  -1  -1  -1  -1  -1  -1  -1  -1  -1  -1  -1  -1  -1  -1  -1  -1  -1  -1  -1 
 34  -1  -1  -1  -1  -1  -1 112  -1  -1  -1  92  92 118  -1  -1  90  90 107 107 107  -1  -1  -1 105 105 
 35  -1  -1  -1  -1  -1  -1  -1  -1  -1  -1  -1  -1  -1  -1  -1  -1  -1  -1  -1  -1  -1  -1 119 119 119 
 36  -1  -1 151 151 151  -1 156  -1  -1  -1 136 136  -1 162  -1 134 134 149 149  -1  -1  -1  -1  -1  -1 
 37  -1  -1  -1  -1  -1  -1  -1  -1  -1  -1  -1  -1  -1  -1  -1  -1  -1 163 163 163  -1  -1  -1  -1  -1 
 38  -1 206 195 195 195 178 178  -1  -1  -1  -1  -1  -1 193 193  -1  -1  -1  -1  -1 180 180  -1 200  -1 
 39  -1  -1  -1  -1  -1  -1  -1  -1  -1  -1  -1  -1 207 207 207  -1  -1  -1  -1  -1  -1  -1  -1  -1  -1 
 40  -1  -1  -1  -1  -1 222 222 237 237  -1 224 224 250  -1  -1  -1 244  -1  -1  -1  -1  -1 239 239 239 
 41  -1  -1  -1  -1  -1  -1  -1 251 251 251  -1  -1  -1  -1  -1  -1  -1  -1  -1  -1  -1  -1  -1  -1  -1 
 42  -1  -1 283 283 283  -1  -1 266 266  -1 268 268 281 281  -1  -1 294  -1  -1  -1  -1  -1  -1 288  -1 
 43  -1  -1  -1  -1  -1  -1  -1  -1  -1  -1  -1  -1 295 295 295  -1  -1  -1  -1  -1  -1  -1  -1  -1  -1 
 44  -1 182  -1  -1  -1  -1  95 140  -1  -1  -1  -1  -1  -1  -1  -1  -1  -1 225  -1 230 137  -1  -1  -1 
 45  -1  98  96 309  -1  -1 139  -1 186 314  -1  -1 142 313  -1 274  -1  -1  -1  -1 138  -1  -1  -1  -1 
 46  -1   5 181  -1  -1 271  -1  -1  -1  -1  50  -1  94  -1  -1  -1   6  -1  -1  -1  -1  -1  -1  -1  -1 
 47 310  52  -1  -1 316  99  -1  -1  -1  -1  -1  -1  -1  -1  -1  -1 227  -1  -1  -1  -1  -1  21  -1  -1 
 48  -1  -1  -1  -1  -1 143  -1  54  -1  -1  -1  -1  -1  -1 312  -1 183 184 269  -1  -1 226 285  10  -1 
 49  -1 228  -1  -1  -1  -1  -1  -1  -1  -1 197  -1  -1  -1  -1  -1  -1 229  -1 315  97 109  -1  -1  -1 
 50  -1  -1   7  -1  -1  -1  -1  -1  51  -1   8  -1  -1  -1  -1  -1  -1  49  -1  -1  -1  -1  -1  -1  -1 
 51  -1  -1 141  -1  -1  -1  -1  11 231 153  -1  -1  -1  -1  -1  -1 270  -1  -1 241  -1  -1  -1  55 311 
 52  -1  -1  -1  -1  -1  -1  -1  -1  -1  -1  -1 187  -1  -1  -1  -1  -1 273  -1  -1  -1  65  -1  -1  -1 
 53  -1 272  -1  -1  -1  -1  -1  -1  93  -1  -1  53  -1  -1  -1   9  -1  -1  -1  -1  -1 275 308 185  -1 

r\t   0   1   2   3   4   5   6   7   8   9  10  11  12  13  14  15  16  17  18  19  20  21  22  23  24 
  0  -1  35  -1 293  -1  -1  -1  -1  25 130  -1  -1 102  -1  -1  -1  -1  -1 135  -1  -1  85  82  -1  22 
  1  -1 144  66  -1  -1  -1  23  -1 201  -1  -1 108  -1  -1  -1  -1  -1  -1  -1  -1  -1  91  -1  -1  -1 
  2  -1  69  29 160 169  -1  -1  -1 263  -1 306  -1  -1  -1  -1 173 189  -1  -1  -1  -1 125  -1  -1  -1 
  3 216  -1  -1 116  89  -1  -1  -1 245  -1  -1  58  -1 179  -1  -1  18  -1 154  -1  -1 133  -1 209  -1 
  4  -1  -1  -1  -1  -1  -1  41  -1  -1  -1  -1  -1 120  -1  -1  -1  84  -1  -1  -1  -1 304  -1  -1  -1 
  5  -1  -1  -1  -1  -1  -1  -1 253  -1  -1  42  -1  57  72  -1  -1  -1  -1  -1  -1  -1  -1  -1 219  -1 
  6  -1  -1 301  -1  -1  -1 165  -1 117  -1  -1  27 296  -1  -1 265  40 126 122  -1  62  -1  44 158  -1 
  7 280 280  -1  -1  -1  -1  -1  -1  -1  -1  -1  80  -1  -1  -1  -1   3  -1  -1  -1  -1  -1  -1 220  -1 
  8  -1 191  -1  45  -1  -1  79  -1  -1  -1  -1  -1  -1  -1 198  -1  77  26  34  -1  -1  -1  -1  -1  -1 
  9  -1  -1  -1  -1  -1  -1  -1  -1  -1  -1  -1 277  -1 299  -1  -1 146 215  -1  -1  -1  -1  39  -1  -1 
 10  -1 176  -1  -1  -1  -1 287  -1  -1 127  -1  -1 192 192  -1  -1  -1 290  -1  -1  -1  -1 159  87  -1 
 11 170  -1  -1  -1  -1  -1  -1  -1  15  -1  -1  -1  71 101  -1  -1 132  -1 248  -1  -1  -1  78  -1  -1 
 12  -1 111 221  -1  -1  -1  -1  -1  -1  -1  -1  -1  -1  -1  -1  60  60  -1 260  -1  -1  -1 252  -1  -1 
 13  -1  -1  -1  -1  -1  -1  -1  -1  -1  -1 148 148  -1  -1  86  -1  -1  -1  -1  -1  -1  -1  -1  -1 238 
 14  -1  -1 188  -1  -1  -1  -1  -1  -1  -1  -1  -1  -1  -1  -1  -1  -1 217 213  -1  -1  -1  -1 114  -1 
 15 236 236 168 232  -1  -1  -1  -1  -1  -1  -1  -1  20  -1  -1  -1  -1 157 167  -1  -1  -1  -1 291  -1 
 16  -1  12  -1  -1  -1 106  -1 205  -1  -1  -1 255  -1  -1  -1  -1 166  73 172  -1  -1  -1  -1  47  -1 
 17  -1  -1  -1 302  -1  -1  -1  -1 289  -1  -1 292  -1  59  -1  -1  -1  16  16  -1 262 110  88  -1  -1 
 18  -1  -1 286 210  -1  -1 199 164  -1  -1  -1  -1  -1  -1  -1  -1  -1  -1  -1  -1  -1 256  -1 258  -1 
 19  -1 123 174  -1  -1  -1  -1  -1  -1  -1  -1 161  -1  -1  -1  -1 235 233 243  -1  -1  -1  -1 214  -1 
 20  -1  -1  70 246  -1  -1  -1  -1  -1  -1  -1  14   1  -1  83  -1 261  -1 276 259  -1  -1 131  -1 305 
 21  -1  -1  -1  -1  -1  -1  -1  32  -1  -1  -1 240  -1  -1  -1  -1 121 267  -1  -1  -1 234 242  28  37 
 22  -1 254  -1 307  -1  -1 171 129  -1  -1  -1 203 202  -1  -1  -1  -1  -1 194  -1  -1 115 147 128 303 
 23  -1  43  -1  -1  -1  -1 155 124  81  -1  -1 113  -1  -1  -1  -1 204  -1  -1  -1  -1  -1 196 152  -1 
 24  -1 208 211  -1  -1  -1  -1  -1  -1  -1  -1  -1  -1  -1  -1  -1  -1 145  -1  -1  -1  -1 104 104  -1 
 25  -1  56 300 190  -1  -1  67  -1  -1  -1 218 257  -1  33  -1  -1 278  -1  -1  -1  -1  -1  -1  -1  -1 
 26  -1 298  -1 284  -1  -1  -1  -1  -1  -1  -1  -1  -1  36  -1  -1  -1 282 212  -1  -1  -1 223 249  -1 
 27  -1  -1  -1  64  -1  -1  -1 279  -1  -1  -1  -1  -1  -1  -1  -1  -1  -1  -1  -1 150  -1 264  -1  -1 
 28  -1  -1  -1  -1  -1  -1  -1  -1  -1  -1  -1  -1 175  13  -1  -1 247  -1  -1  -1  -1  -1  -1  -1  -1 
 29  -1  -1  -1  -1  -1  -1  -1  -1   0  -1 177  -1  -1  -1  -1  -1 100 103  76  -1  38  -1 297  -1  -1 
 30  -1  -1  19  19  19  -1  24  -1  -1  -1   2   2  -1  -1  -1  -1  30   4   4  -1  -1  -1  17  17  -1 
 31  -1  -1  -1  -1  -1  -1  -1  -1  -1  -1  -1  -1  -1  -1  -1  -1  -1  -1  -1  -1  31  31  31  -1  -1 
 32  -1  -1  -1  -1  -1  -1  68  -1  61  61  48  48  46  46  -1  -1  -1  63  63  63  -1  74  -1  -1  -1 
 33  -1  -1  -1  -1  -1  -1  -1  75  75  75  -1  -1  -1  -1  -1  -1  -1  -1  -1  -1  -1  -1  -1  -1  -1 
 34  -1  -1 105 105  -1  -1 112 107 107 107  92  92  -1  -1  -1  90  90  -1  -1  -1  -1  -1 118  -1  -1 
 35  -1  -1  -1  -1  -1  -1  -1  -1  -1  -1  -1  -1  -1  -1  -1  -1  -1 119 119 119  -1  -1  -1  -1  -1 
 36  -1 156 149 149  -1  -1 162 151 151 151 134 134  -1  -1  -1  -1  -1  -1  -1  -1  -1  -1 136 136  -1 
 37  -1  -1  -1  -1  -1  -1  -1  -1  -1  -1  -1  -1 163 163 163  -1  -1  -1  -1  -1  -1  -1  -1  -1  -1 
 38  -1  -1  -1 178 178  -1 206 195 195 195  -1  -1  -1  -1  -1 180 180 200  -1  -1 193 193  -1  -1  -1 
 39  -1  -1  -1  -1  -1  -1  -1  -1  -1  -1  -1  -1  -1  -1  -1  -1  -1  -1  -1  -1 207 207 207  -1  -1 
 40  -1  -1  -1 222 222  -1 250 239 239 239 224 224 237 237  -1  -1  -1 244  -1  -1  -1  -1  -1  -1  -1 
 41  -1  -1  -1  -1  -1  -1  -1  -1  -1  -1  -1  -1 251 251 251  -1  -1  -1  -1  -1  -1  -1  -1  -1  -1 
 42  -1  -1  -1 266 266  -1 294  -1  -1  -1 268 268  -1 281 281  -1 288  -1  -1  -1  -1  -1 283 283 283 
 43  -1  -1  -1  -1  -1  -1  -1 295 295 295  -1  -1  -1  -1  -1  -1  -1  -1  -1  -1  -1  -1  -1  -1  -1 
 44  -1  -1 139  -1 143  -1  -1  21  -1  -1  -1  -1 184  -1  -1  -1  -1 227  -1 197 309  -1   5  -1  -1 
 45  -1  52  -1  96  -1 285  -1  -1 187  -1  -1  -1  -1  -1  -1  -1  -1  -1  -1  -1  -1  -1  -1  65  -1 
 46 315 274   8  -1  -1  -1 313  -1  -1  -1  -1  -1 271  -1  -1  -1  53  -1 269  -1  -1  -1  -1  -1  -1 
 47 153  -1  -1  -1  54  -1  -1  -1 231  -1  -1  -1  -1 228  -1 138  -1  -1  -1 311  -1 272  -1  -1  -1 
 48  -1  -1  -1 140  -1  -1 109  -1 141  -1  -1  -1  -1  11 314  -1  -1  -1  -1  -1  -1  49  -1  10 310 
 49  -1   7  -1  -1  -1  -1  -1  -1  -1  -1  -1  -1  -1  -1  -1  55 275  -1  51  -1  -1  -1  -1 181  -1 
 50  -1  -1 185  -1  -1  -1  -1 308  95 312  -1 186  -1  -1  -1  -1  -1 183  -1  -1  -1 226 182  -1  -1 
 51  -1 142  93   6  -1  -1  -1  -1  50  -1  -1  -1  -1  -1  -1   9  -1 137  -1  -1  -1  -1  -1  98  -1 
 52  -1  -1  -1  -1  -1  -1 241  -1  -1  -1  -1  -1  97  94  -1 229  -1  -1  99  -1  -1  -1  -1  -1  -1 
 53  -1 225  -1  -1  -1 316  -1  -1 270  -1  -1  -1  -1 273  -1  -1 230  -1  -1  -1  -1  -1  -1  -1  -1 

r\t   0   1   2   3   4   5   6   7   8   9  10  11  12  13  14  15  16  17  18  19  20  21  22  23  24 
  0  -1 147 152  -1  -1  86 133  44  -1  -1  -1  -1 234  -1  -1 258 155 220  -1  -1  -1 252  88  -1  -1 
  1  -1  -1  -1  -1  -1 261  32  71 286  -1  -1  -1  -1  -1  -1  -1  -1 279  -1  -1  -1 113  -1  -1  -1 
  2 173  35  -1  -1 218  -1  -1 145 117  -1  -1 166 249  -1  82  -1  -1 175 282 177  -1 243  -1  -1  -1 
  3  -1  20  -1  -1  -1  -1 127  -1  -1  -1  -1 103  -1  -1  -1  -1  -1 132 160  -1  -1  -1  -1  -1  -1 
  4  -1  -1 247  13  -1  -1  -1  -1  -1  -1 238  -1  -1  -1  -1 236 236  -1  -1  -1  -1  36  -1  -1  -1 
  5  -1  -1 128  -1  -1  -1  -1  -1 240  -1  -1  -1  -1 292  -1  -1  -1  -1  -1  -1  -1  -1 192 192  -1 
  6  -1  37 121  -1 257  -1  -1 297  -1  -1  -1  -1  -1  -1  -1  -1  70  80  -1  89  -1  -1  -1  -1  -1 
  7  -1  -1  -1 189  -1  -1 124  -1  -1  -1  22  -1 159  -1  -1  -1  -1  -1 298  -1  45 150  -1  -1  -1 
  8  -1  -1  -1  -1  -1  -1  -1 205  -1  -1  -1  -1  -1  -1  -1  -1  -1  -1  -1  -1  -1 157  -1 100  -1 
  9  -1 246  -1  57  42  -1  56  -1  -1  -1  -1  -1  -1  -1  -1 172  -1  -1  -1  -1  -1  -1 203  -1  -1 
 10  -1 208 210  -1  -1  -1 256  -1  -1  -1  -1  -1  -1  26  -1  -1  -1  -1  -1  -1  -1  78  -1  -1  -1 
 11  -1 116  -1  -1  -1  -1  -1  -1  -1  -1  -1 299 122 209  -1  -1  -1  -1  -1  -1  -1  -1  -1  -1  -1 
 12  -1  -1  -1  -1  -1  -1  -1  -1  -1  -1 125  -1   1 101  -1  -1  67  -1 232  -1  -1  -1  -1  -1  -1 
 13  -1  -1  -1  -1  -1  -1 291  -1  -1  -1  -1  -1 296  -1  -1  -1  -1  -1  91  -1  -1 300 216  -1  -1 
 14  -1  -1  -1  -1  -1  -1 201 168  -1  -1  -1 254  -1  -1  -1 263  -1  -1  -1  -1  -1  -1  -1  -1  -1 
 15 110  -1 214 290  41  -1  -1  -1  -1  -1  -1 126  -1 215  -1  -1 169  -1  -1  -1  -1  -1  -1  -1  -1 
 16  -1  -1  -1 248  -1  -1  -1  -1  -1  -1  -1  15  -1 164  -1  -1  -1  -1  76  -1 221  -1  -1  -1  -1 
 17  -1  -1 104 104  -1  -1  -1  -1  -1 106  -1  -1 108  -1  -1  -1 284  -1 267  -1  43  -1  -1 293  -1 
 18  -1  69 179  -1  -1  16  16  -1 111  -1  -1  -1 277  -1  -1 174 289  -1  -1  -1 219  -1 255 167  -1 
 19  -1 223 264 123  -1  -1  72  -1  25 130  -1 306  -1   3  -1  -1  -1  -1 202  -1  -1 287  39  -1  -1 
 20  -1  -1  79  -1  -1  -1  -1 102  -1  38  -1  -1  -1  23  -1  -1  -1 190 196  -1  -1  -1  27  -1  -1 
 21  -1  -1  -1  -1  -1  -1  -1  58  62 305 304  -1  -1  -1 242  -1 199  -1  -1  -1  -1 129  -1  -1  -1 
 22 303 170  -1  -1  -1  -1  -1 262  18  -1  -1 144  -1  -1  -1  -1  -1  85  -1 307 265  12  -1  -1  -1 
 23  -1  -1  -1  -1  -1  -1  -1  -1  -1  -1 260  64 148 148  -1  -1  -1 114  -1  -1  -1 198 120  -1 131 
 24  -1  -1  29 161  -1  -1  -1  -1 301  -1 259  -1  -1  -1  -1  -1 165  84  -1  -1  -1 171  -1  -1  -1 
 25  -1  -1 194  83  -1  -1 158  -1 213  -1  -1  -1  -1 188  -1  -1  28  -1  -1  -1 176  -1 135  -1  -1 
 26  -1  -1 302  -1  -1  -1  -1  -1 154  -1  -1  -1 191  -1  -1  -1 204 245 115  -1  -1  -1  60  60  -1 
 27  -1 278 211 146  -1  -1  -1 235  -1  -1 280 280  -1  -1  -1  -1  -1  -1  -1  -1  -1  -1  -1  -1  -1 
 28  -1  -1  47  34  -1  -1  40 217 212  -1  -1  -1  87  -1  -1  -1  -1  -1 253  -1  -1  33   0  -1  -1 
 29  -1  59  14  -1  -1  -1 233 276  77  -1  -1  73  -1  -1  -1  -1  -1  81  -1  -1  -1  66  -1  -1  -1 
 30  -1  -1  -1   4   4   2   2  24  -1  -1  -1  30  -1  -1  -1  -1  -1  17  17  -1  -1  -1  19  19  19 
 31  -1  -1  -1  -1  -1  -1  -1  -1  -1  -1  -1  -1  -1  -1  -1  -1  -1  31  31  31  -1  -1  -1  -1  -1 
 32  -1  -1  68  48  48  46  46  -1  -1  -1  -1  -1  61  61  -1  -1  -1  63  63  63  -1  -1  -1  74  -1 
 33  -1  -1  -1  -1  -1  -1  -1  -1  -1  -1  -1  -1  75  75  75  -1  -1  -1  -1  -1  -1  -1  -1  -1  -1 
 34  -1  -1  -1  90  90  92  92 112  -1  -1  -1  -1  -1  -1  -1  -1 118 105 105  -1 107 107 107  -1  -1 
 35  -1  -1  -1  -1  -1  -1  -1  -1  -1  -1 119 119 119  -1  -1  -1  -1  -1  -1  -1  -1  -1  -1  -1  -1 
 36  -1  -1  -1 134 134  -1  -1  -1  -1  -1  -1  -1 136 136  -1  -1 162 151 151 151  -1  -1 156 149 149 
 37 163 163 163  -1  -1  -1  -1  -1  -1  -1  -1  -1  -1  -1  -1  -1  -1  -1  -1  -1  -1  -1  -1  -1  -1 
 38  -1  -1  -1 180 180  -1  -1 195 195 195 193 193  -1  -1  -1  -1  -1 178 178  -1  -1 206  -1 200  -1 
 39  -1  -1  -1  -1  -1  -1  -1  -1  -1  -1 207 207 207  -1  -1  -1  -1  -1  -1  -1  -1  -1  -1  -1  -1 
 40  -1  -1 239 239 239  -1  -1  -1  -1  -1  -1 224 224 244  -1  -1 250  -1 222 222  -1  -1  -1 237 237 
 41  -1  -1  -1  -1  -1  -1  -1 251 251 251  -1  -1  -1  -1  -1  -1  -1  -1  -1  -1  -1  -1  -1  -1  -1 
 42  -1 288 281 281  -1 268 268  -1 294  -1  -1  -1 266 266  -1  -1  -1  -1  -1  -1  -1  -1 283 283 283 
 43  -1  -1  -1  -1  -1  -1  -1  -1  -1  -1  -1  -1  -1  -1  -1 295 295 295  -1  -1  -1  -1  -1  -1  -1 
 44  -1 185  -1  -1  -1  -1 187 231  -1 312  -1  98  -1  -1  -1  -1  -1  10  -1  -1  -1  -1 272  -1  -1 
 45  -1  99  -1  -1  -1 143  -1  -1  -1  -1  -1  -1  -1  -1  -1  -1  -1  -1   5  -1  -1  -1  -1  51  -1 
 46 314  54  -1 269  -1  -1  -1  11  -1  -1  -1  -1  -1  -1 316  -1  -1  -1  -1  -1  -1  -1  -1  -1  -1 
 47  -1  -1  97  -1  -1  -1 227  -1  -1  -1 309  -1  -1  -1  -1  -1  21  49  -1  -1 138  -1  -1 183  -1 
 48  -1  -1  65  -1  -1 186  -1 139  -1  -1  -1  -1  -1  -1  -1  -1  -1  -1  -1  -1  -1 315 225  93  -1 
 49  -1  -1  -1  -1  -1  -1  -1 273  -1 285  -1 140  -1 228  -1  -1  -1  -1  -1 270  -1  -1 153 230  -1 
 50  -1  -1   8  -1 271  -1  -1  -1  -1  -1  -1 274  -1  50  -1 310  -1  -1  53  -1  -1  -1  55  -1  -1 
 51  -1 275 141  -1  -1  -1  -1  94  -1  -1  -1  52  -1  96  -1  -1 308  -1 142  -1  -1  -1  -1 137  -1 
 52 197 241  -1  -1  -1 229  -1  -1 313  -1  -1   6  -1 182  -1  -1  -1  95  -1  -1  -1  -1  -1  -1  -1 
 53  -1   9 226  -1  -1  -1  -1  -1  -1  -1  -1  -1 181  -1  -1  -1 109  -1  -1  -1   7  -1 184  -1 311 

r\t   0   1   2   3   4   5   6   7   8   9  10  11  12  13  14  15  16  17  18  19  20  21  22  23  24 
  0  -1 168  -1 154  -1  -1  -1  -1  -1  -1  -1  -1  -1  -1  -1  -1  -1 116  -1  -1  22  -1  -1 122  -1 
  1  -1  -1  -1  -1  -1  -1 211 246 291  -1  -1 284  -1  -1  -1  -1  -1  -1  -1  82  -1  -1  -1  -1  -1 
  2  -1  -1  -1  -1  -1  -1 216  13 189  -1 192 192 236 236 287 148 148  -1  27 171  -1  47  -1  -1  -1 
  3  -1  -1  -1  -1  -1  -1  -1 135 277  -1  -1  -1  -1  -1  -1  -1  36  -1 190  -1  -1 144  -1  -1  -1 
  4  -1  37 108  -1  -1  -1 111 172 157  -1  -1  -1 292  16  16  -1  -1  -1  -1  -1  -1  58  -1  -1 132 
  5  -1  39  -1  -1  -1  -1 194 117  -1  -1  -1  -1  26 198  -1  -1  -1  -1  -1  -1  -1  -1  -1  -1  -1 
  6  -1 255  -1  -1  -1  -1 167  80 223  -1  -1 175  -1 152  -1  -1  -1  -1 202  -1  -1  -1 252  -1  -1 
  7  -1  -1  -1  -1  -1  -1  -1  -1 130  -1  -1  -1 280 280  -1  -1 264  71 123 220  -1  -1  -1  -1  -1 
  8  -1  -1  -1  -1  -1  -1  -1  -1  -1  -1  -1  -1   1  88  -1  -1 203  -1  -1  89  85  -1 290  -1  -1 
  9  -1  -1  -1  -1  -1 129  -1  -1  -1  -1  -1  -1 209 299  -1  -1  -1  -1  -1  -1  -1  -1  -1 306  -1 
 10  -1 114  35  -1  -1  -1  -1  25 243  -1  -1 296  -1 302  -1  -1  -1  -1 289  -1  -1  -1  66 256  -1 
 11  -1  -1  -1  -1  -1  -1  -1  -1  -1  -1  -1  -1  -1  -1 258  -1  -1  -1  -1  -1  -1  -1  -1  -1  -1 
 12  -1  -1  -1 215  -1  -1  32  -1  -1  -1  -1 234  -1  -1  -1  -1  56  -1  -1  -1  -1 232  -1  -1  -1 
 13  -1  -1  -1  29  -1  38  -1  -1  -1  -1  -1 113  -1  -1  -1  -1  -1  -1  -1  -1  -1  -1  -1  -1  -1 
 14  -1 101 293 257 127  -1  -1  -1  -1  -1  -1 214  -1 253  -1  -1  -1  -1  77  -1  -1  41 276  -1 301 
 15  -1  73 128  -1  -1  -1  18  -1  -1  -1  -1  -1 125  -1  -1  -1  -1 248  -1  -1  -1  -1  -1  -1  -1 
 16  -1  15   3 204  -1  -1  -1 166 208  -1  -1  69  -1  -1  -1  -1  -1  -1  -1  -1  -1  -1  83  -1  -1 
 17  -1  -1  -1  -1 218 238  -1  -1  57  -1  -1 161 245  -1  -1  -1 235 158  -1  -1  -1  72  -1 303  -1 
 18  -1 133 201  -1  -1  -1 304 188  -1 170  -1 106 120  -1  -1  -1  12 199  -1  -1  -1  -1  -1  79  -1 
 19  -1 300 160 110  40  -1 145  -1 247  -1  -1 254  -1  -1  -1  -1  -1  -1  59  -1  -1  -1  -1  -1 259 
 20  -1  34  -1 174  -1  -1  -1  -1  -1 221  -1  20  -1  -1  -1  -1  -1  -1 260  -1  -1  42  -1  -1  44 
 21 126 212  -1  -1  -1  -1  -1  -1  -1  -1  -1 217  -1  -1  -1 177 298  -1 233  -1  43 267  -1  -1  -1 
 22  -1  -1  -1  -1  -1  -1 286  -1 146 307  -1  -1  -1  -1  -1  -1  -1 104 104  -1  -1 103  -1  87  -1 
 23  -1  -1  -1  -1  -1  -1 242 278 124  -1  -1  91  -1  -1  -1  -1  -1  -1  -1  -1 219   0  -1  -1  -1 
 24  -1  -1  -1 115  -1  -1  -1 150  -1  -1  60  60  -1 262  -1  -1 121  -1  -1  -1  -1  -1 165  -1  -1 
 25 265 261  64 213  -1  -1  -1  84  76  -1  -1  -1  -1 305  -1  -1 279  -1  -1  -1  -1 164  -1  -1  -1 
 26  -1  -1  -1  -1  -1  -1  -1 100  -1  -1  -1  -1  -1  -1  -1  -1  78  62 159  -1  -1  -1 191 173  -1 
 27  -1  -1 147  -1  -1  -1 210 297  -1  -1 176  -1  -1 179  67  86  -1  33  -1  -1  -1  28  -1 282  -1 
 28  -1  -1  23  -1  -1  -1  -1  -1  14  -1  -1  -1  -1  70  -1  -1 196  -1  81 169  -1 205  -1 155  -1 
 29  -1 131 240  -1  -1  -1  -1  -1 102  -1  -1  -1  -1  45 263  -1  -1  -1  -1  -1  -1 249  -1  -1  -1 
 30   2   2  -1  -1  -1  -1  -1  -1  24  -1  -1  -1  -1  30  -1   4   4  19  19  19  -1  -1  17  17  -1 
 31  -1  -1  -1  -1  -1  -1  -1  -1  -1  -1  -1  -1  -1  -1  -1  -1  -1  -1  -1  -1  -1  -1  31  31  31 
 32  -1  -1  -1  61  61  63  63  63  46  46  -1  -1  74  -1  -1  48  48  -1  -1  -1  -1  -1  -1  68  -1 
 33  -1  -1  75  75  75  -1  -1  -1  -1  -1  -1  -1  -1  -1  -1  -1  -1  -1  -1  -1  -1  -1  -1  -1  -1 
 34  90  90 118  -1  -1  -1 112  -1  -1  -1  -1  -1 107 107 107  92  92  -1  -1  -1  -1  -1 105 105  -1 
 35  -1  -1  -1  -1  -1  -1  -1  -1  -1  -1  -1  -1  -1  -1  -1  -1  -1  -1  -1  -1 119 119 119  -1  -1 
 36  -1  -1  -1 156  -1  -1  -1  -1 136 136 149 149  -1  -1  -1 134 134 151 151 151  -1  -1  -1 162  -1 
 37  -1  -1  -1  -1  -1  -1  -1  -1  -1  -1  -1  -1 163 163 163  -1  -1  -1  -1  -1  -1  -1  -1  -1  -1 
 38 195 195 195  -1  -1  -1  -1  -1 180 180  -1 206  -1 200  -1  -1  -1  -1 178 178  -1  -1  -1 193 193 
 39  -1  -1  -1  -1  -1  -1  -1  -1  -1  -1  -1  -1  -1  -1  -1  -1  -1  -1  -1  -1  -1  -1 207 207 207 
 40 224 224  -1 237 237  -1  -1  -1  -1  -1 222 222  -1  -1  -1  -1 244  -1 250  -1  -1  -1 239 239 239 
 41  -1  -1 251 251 251  -1  -1  -1  -1  -1  -1  -1  -1  -1  -1  -1  -1  -1  -1  -1  -1  -1  -1  -1  -1 
 42  -1  -1 283 283 283  -1  -1  -1 266 266  -1 268 268  -1  -1  -1  -1 281 281  -1  -1 288  -1 294  -1 
 43  -1  -1  -1  -1  -1  -1  -1  -1  -1  -1  -1  -1  -1  -1  -1  -1  -1 295 295 295  -1  -1  -1  -1  -1 
 44  -1 183  -1  -1  -1  -1  -1   5  95  -1  -1 182  -1 274 311  -1 185  -1  -1  50  -1  -1  -1  -1  -1 
 45  -1  -1  -1 315  -1  -1  -1  -1  -1  -1 138  -1  -1  -1  -1  -1  -1  -1 231  -1  -1 181  -1  -1  -1 
 46  49  -1  -1  -1 109  -1  -1  96  -1  -1  99   6  51  -1  -1 228  -1  -1 273  -1  -1 230  -1  -1  -1 
 47  -1 270 140  21  -1  -1  -1 187  -1  97  -1  -1 186  -1  -1 269  -1 314  -1  -1  -1  -1  -1  65  98 
 48  -1  -1  -1  -1  -1 312  -1  -1  -1  -1  -1 142 225  -1  -1  -1  -1  -1  94  -1  -1 285  -1  -1  -1 
 49  -1  -1  -1  -1 310  -1 313  -1  -1   8 271  55  -1  -1  -1  -1 229  -1  53  -1  -1  -1 309  -1  -1 
 50  -1  -1 184 197  -1  -1  -1 272   7  -1   9  -1  -1 137  -1  -1  -1 241  11  -1  -1  -1 153 308  -1 
 51  -1  52  -1  -1  -1  -1  -1 226  -1  -1  54  -1  -1  -1  -1  -1  -1  -1 141  -1  -1  -1  -1  -1 275 
 52 143  -1  93  -1  -1  -1  -1  -1  -1  -1  -1  -1  -1  10  -1  -1  -1  -1  -1  -1 316 139  -1  -1  -1 
 53  -1  -1  -1  -1  -1  -1  -1  -1  -1  -1  -1  -1  -1 227  -1  -1  -1  -1  -1  -1  -1  -1  -1  -1  -1 

r\t   0   1   2   3   4   5   6   7   8   9  10  11  12  13  14  15  16  17  18  19  20  21  22  23  24 
  0  -1  -1  -1 278  -1  -1  -1 116 102  -1  -1 114 216  -1  -1  -1  -1  -1  -1  -1  -1  -1 120  -1  -1 
  1  -1  25  -1  14  -1  -1  -1  -1  -1 127  -1  -1  84  -1  -1  -1 202  -1  12 304  -1  -1  -1  -1  -1 
  2  -1 144 223  -1  -1  -1 135 245  -1  -1  -1  -1 159  -1  -1  -1 291 254 196  -1  -1  18  -1  -1  -1 
  3  -1  -1  -1  -1  -1  -1  -1  -1  -1  -1  -1 248  -1  -1  -1 236 236 179  -1 177  -1  -1  -1  -1  -1 
  4  -1 277  -1  -1  -1  -1  -1  -1  -1  -1  -1  72  -1  -1  -1  -1  -1  -1  -1  -1  -1 113  -1  -1  -1 
  5  -1  -1  -1  -1  -1  -1  -1  -1  -1  -1  -1 306  -1  -1  -1  -1  -1  58  57  -1  -1  -1  -1  -1  -1 
  6  -1  -1  -1  -1  -1  -1 218  -1  42  -1  -1  -1 247 154  -1  -1  -1  -1  -1  -1  -1  -1  -1 290  -1 
  7  -1  -1 172  32  -1 302 165  -1  -1  -1  -1  56  -1  -1  -1  -1  -1  -1  -1 133  -1  -1  -1 199  -1 
  8 238  -1  -1  -1  -1  -1 155 235  -1  -1  -1  -1  -1  -1  -1  22  -1  35  -1  -1  -1  -1  27  -1  81 
  9  -1  -1  -1  -1  -1 307  28  -1 279  -1  -1  -1  -1  -1  -1  -1  85 297 168 258  -1  -1  -1 214  -1 
 10  -1  -1 148 148  -1 125 189 305  -1  -1  -1  -1  47  -1  -1  -1  -1  -1 280 280  -1  62  86  -1   1 
 11  60  60 267 292  -1  -1 289 130  -1  41 169  -1  -1  -1  -1  -1  -1  79  -1  -1  -1  -1 173 152  -1 
 12  -1  -1  -1  -1  -1  -1  45 175 190  -1  -1 146  -1  80 263  -1  -1 174 132  -1  -1  -1  -1 256  -1 
 13  -1 157 282 167  -1 262 123  -1  -1  -1  -1  -1  -1  66  -1 126  40 122  -1  -1  -1  -1 286 276  -1 
 14 110  37  -1  -1  -1  -1   0  -1  76  -1  -1  -1  -1  -1  -1  -1  -1  -1  -1  -1  -1  -1  -1  -1  -1 
 15  -1 205  -1  -1  -1  -1  -1  -1 160  -1  -1   3  -1  -1  -1  -1  -1  -1  -1  -1 106 150  -1  59  -1 
 16  -1  13 242  -1  -1 213  -1  70 121  -1  -1  -1  -1  -1  -1  -1  29  -1 203  -1  -1  -1  16  16 170 
 17  -1 124  -1  -1  -1  -1 171  -1 234  -1  -1  -1  -1 201  -1  -1  -1 194 249  -1  -1  -1  -1  -1  -1 
 18  -1 299 100 117  -1  -1  20  -1  -1  -1  -1  -1  -1  -1  -1 220  -1 158 264  -1  -1  -1  -1  -1  -1 
 19  -1  78  -1 255  -1  -1  -1  -1  -1  -1  -1  -1  67  -1  -1  -1  -1  -1  -1  -1  -1  -1  36  -1  -1 
 20  -1  -1  -1 111  -1  -1 108 219 303  -1  -1  -1  -1  -1  -1  -1  39  -1  -1  82  -1  33  -1  -1 265 
 21  -1  -1  -1  -1  -1  -1  -1  -1  -1  -1 192 192 260  -1  -1  -1  -1  -1  34  -1  -1  -1  -1  -1  -1 
 22  -1 191  -1  -1  -1  -1 211 101 298  -1 176 300 104 104  -1  -1  -1  -1  -1  -1  -1  -1  -1  -1  -1 
 23  -1  -1  77  44  -1  -1  -1  -1 128 215  -1  -1 293 115  -1  -1 131 257  -1  -1  -1  -1 198 243  43 
 24  -1 217 252  -1  -1  -1  -1  -1  -1  -1  -1  23 145 164  -1  -1  87 103  -1  -1  -1 209  -1  -1  -1 
 25  -1  -1  -1  -1  89 259  64  -1 208  -1  -1 212 204  -1  -1  -1  69  -1  -1  -1  -1  -1  -1  -1  -1 
 26  -1 301  -1  -1  -1  -1 210  -1  -1  -1  -1  -1  -1  -1  83  -1  -1  -1  -1  -1  -1  -1  -1  -1  -1 
 27  -1  -1  15  91  -1  -1  38 188  -1  -1  -1  -1  -1  -1  -1  -1 261  -1  -1  -1  -1 240  -1  -1 221 
 28  -1 232 296  -1  -1  -1  -1  -1 253  -1  -1 166  26 246 129  -1  -1 284  -1  -1  -1 161 147  -1  -1 
 29  -1  -1  -1  71  -1  -1 233  -1  -1  -1  -1  -1  88  -1  -1  -1 287  -1  73  -1  -1  -1  -1  -1  -1 
 30  -1  -1  24   4   4  -1  -1  17  17  -1  -1  30  19  19  19  -1  -1   2   2  -1  -1  -1  -1  -1  -1 
 31  -1  -1  -1  -1  -1  -1  -1  31  31  31  -1  -1  -1  -1  -1  -1  -1  -1  -1  -1  -1  -1  -1  -1  -1 
 32  46  46  63  63  63  -1  -1  61  61  -1  -1  -1  68  -1  -1  -1  -1  48  48  -1  -1  74  -1  -1  -1 
 33  -1  -1  -1  -1  -1  -1  -1  -1  -1  -1  -1  -1  -1  -1  -1  -1  -1  -1  -1  -1  -1  -1  75  75  75 
 34  -1  -1 112  -1  -1  -1  90  90  -1  -1  -1  -1 118  -1  -1 105 105  -1  92  92  -1  -1 107 107 107 
 35  -1  -1  -1  -1  -1  -1  -1  -1  -1  -1  -1  -1  -1  -1  -1 119 119 119  -1  -1  -1  -1  -1  -1  -1 
 36 136 136 156  -1  -1  -1 162 151 151 151 134 134  -1  -1  -1  -1  -1 149 149  -1  -1  -1  -1  -1  -1 
 37  -1  -1  -1  -1  -1  -1  -1  -1  -1  -1  -1  -1  -1  -1  -1  -1  -1  -1  -1  -1  -1  -1 163 163 163 
 38 178 178 193 193  -1  -1  -1 180 180  -1  -1  -1 195 195 195  -1  -1  -1  -1  -1  -1  -1 206 200  -1 
 39  -1  -1 207 207 207  -1  -1  -1  -1  -1  -1  -1  -1  -1  -1  -1  -1  -1  -1  -1  -1  -1  -1  -1  -1 
 40  -1  -1  -1 222 222  -1 250  -1  -1  -1 224 224 239 239 239  -1 244 237 237  -1  -1  -1  -1  -1  -1 
 41  -1  -1  -1  -1  -1  -1  -1  -1  -1  -1  -1  -1  -1  -1  -1  -1  -1  -1  -1  -1 251 251 251  -1  -1 
 42 266 266  -1  -1  -1 281 281  -1  -1  -1 268 268 283 283 283  -1  -1  -1 294  -1  -1 288  -1  -1  -1 
 43  -1  -1  -1  -1  -1 295 295 295  -1  -1  -1  -1  -1  -1  -1  -1  -1  -1  -1  -1  -1  -1  -1  -1  -1 
 44  -1  -1  -1  -1  -1  -1  -1  -1  -1  -1  -1  -1   5  -1  -1  -1  -1  96  -1  54  -1  -1  -1  -1  -1 
 45  -1   8 142 181  -1  -1 230  -1  -1  -1  -1  -1  -1  -1  -1  -1  -1  -1  -1 229  -1 313  -1  -1  -1 
 46  -1  -1  -1  -1  -1 241 182  -1 272 311  -1  -1  -1  -1  -1  -1  -1  -1  -1 275  -1 109 312  -1  -1 
 47   9  -1  -1  -1 271  -1  -1  -1 231  -1  -1  -1 186  -1  -1  50  -1 269 227   6 316 197  -1  -1  -1 
 48  -1  94  51  -1  -1  -1  -1 228  10  -1   7  -1 137  -1  -1 138  -1 226  -1  -1  -1  -1  -1  -1  -1 
 49  -1 225  -1  -1 143  -1  -1  53  55  -1  -1  98  -1  -1 310 274  -1 139  -1  -1  -1  -1  -1  -1  -1 
 50  -1  -1  11 270  -1 314  -1  -1 141  -1  -1  -1  -1 309  -1 185 153  -1  -1  -1  -1  -1  -1  -1 187 
 51  -1  -1  -1 140  -1  -1  -1  -1  -1  -1  -1  -1  -1  -1  -1  -1 315  -1 183  -1  -1  -1  -1  -1  -1 
 52  -1  -1  -1  -1  -1  -1  -1 273  -1  -1  97 184  -1  -1  -1  -1  65  -1  -1  -1  -1 285  -1  -1  -1 
 53  -1  -1  99  -1  -1  -1  -1  -1  93  -1  49  52  -1  -1  -1  -1  21  -1  -1  -1  -1  -1  -1 308  95 

r\t   0   1   2   3   4   5   6   7   8   9  10  11  12  13  14  15  16  17  18  19  20  21  22  23  24 
  0  -1  -1  -1  -1  -1 215 297  87  -1  -1  -1  20  -1  -1  -1  -1  -1  -1 219  -1  -1  -1 279 121  -1 
  1  -1  -1  -1  -1  -1  -1  -1 234 167 176  -1  -1 124 174  -1  -1  -1 114  -1  -1  -1 108  -1  -1  -1 
  2  -1  -1  -1  -1  -1  -1  -1 286  -1  -1  -1  -1  -1  -1  -1  -1  -1  -1  -1  -1  -1  73  -1 235  -1 
  3  -1 133  -1 166  -1  -1  -1  -1  -1  -1  -1 252  -1  -1  -1  -1  -1  -1  -1  -1  85 256  -1  -1  -1 
  4  -1  -1  76  -1  67  -1 145  -1  77  -1  -1  69  -1  -1  -1  -1  -1  -1  -1  -1 131  -1  -1  25  -1 
  5  -1  -1  -1  -1  -1  -1  35  -1  -1 214  -1  -1  -1 111  -1  -1  -1 249 254  -1  -1  -1 150  -1  -1 
  6  -1  -1  -1  -1  -1  -1  -1  16  16 127  -1  -1  -1 209  -1  -1  -1  -1 262  -1  -1  -1  -1 165  -1 
  7  -1 179  -1  -1  -1  -1  -1 189  -1  -1  -1  -1  -1  81  -1  -1  -1  60  60  -1  -1  -1  -1 110  -1 
  8  -1 202  -1  -1  -1  -1 157  -1 232 220  -1  -1  -1 161  -1  -1 144  -1  -1  -1  -1  -1  -1  -1  22 
  9  -1 103  -1  -1  -1  -1   3  -1  84  -1  -1  -1  -1  -1  -1 242  -1 301  -1  -1  -1 116  -1  -1  -1 
 10  -1 300  -1 146  -1  -1  -1  40 257  -1  -1 278  -1  -1  -1 173 129  -1 305  -1  -1  -1  -1  -1  -1 
 11  -1  -1  -1  27  -1  -1  -1 291 190  -1  -1  -1  -1  -1  -1  -1  -1 217  -1  -1  -1  -1  -1 284  -1 
 12  -1  47  -1 246  -1  -1  -1  28  41  -1  -1 106  -1  -1  -1  -1  59  -1  -1  -1  -1  -1  -1  -1  -1 
 13  -1  -1 122  -1  -1  -1 125 267  88  -1  -1  -1 265  62  -1 258 208  -1 204  -1  -1 276  -1  -1  -1 
 14  -1  -1  -1  -1  -1  -1  18  -1 113  -1  -1  91  -1  -1  -1  -1  -1  -1  -1  -1  -1  -1  -1  -1  -1 
 15  -1  12  -1  -1  -1  -1  38  -1  -1  -1  -1  -1  58  82  -1 126  -1  -1  -1  -1  -1  -1 135  -1  -1 
 16  -1 158  -1  80  -1  -1  -1  -1 277  42 213 260  -1  -1  -1  -1  78  13  -1  -1  -1 160 205  -1  -1 
 17  -1  36  -1  -1  -1  -1  -1  -1  71  -1  -1  -1  -1  79  -1 287  -1  -1 292  -1  -1  64 289  -1  -1 
 18  -1  -1  -1  -1 198  -1  -1  -1  -1  -1  -1  -1 164  -1  -1  -1 188  -1 191  -1  -1 298  -1 154  -1 
 19  -1 152 203 293  -1 238  -1  86  -1  -1  -1 259  -1  -1  -1  -1   1 130  14  -1  -1  -1 101  -1  -1 
 20  -1   0  -1  -1  -1  -1  -1  -1  34  -1  -1 171 102 117  -1 218 296 147  -1  -1  -1 212  -1 175 216 
 21  -1 247  66  -1  -1  -1 210  44  -1  -1  -1  29  -1  -1 169  -1  -1 280 280  -1  -1 233  -1 201  -1 
 22  -1  -1  -1  -1  -1  -1 120 211 304  -1  89  -1  -1 261 306  -1  -1  -1  26  -1  -1  -1  -1  -1 155 
 23  -1  -1 199  -1  -1  -1  72  -1  -1  -1 236 236  -1  -1  -1 194 168  -1 307  -1 221  -1 123  23  -1 
 24  -1  37 248  -1  -1  -1 264  -1 253  -1  -1  56  -1  -1  -1  -1  -1  -1 303  -1  -1  -1  -1  -1  -1 
 25  -1  -1  -1  -1  -1  -1 132  -1 263  -1  -1 290  -1 282  -1  -1 243 104 104  -1  -1  32  -1  -1  -1 
 26  -1  -1  -1  45  -1 192 192  -1  -1  -1  -1 196 255  -1  -1  -1 170  -1  -1  -1  -1  -1  -1  -1  -1 
 27  -1  -1  33  -1  -1  -1 245  -1 100  -1  -1 159  -1  -1  -1  -1  -1 299 115  -1  -1  -1  -1  -1  -1 
 28  -1  70  -1  -1  -1  -1  57  -1  -1 128  -1  -1  -1  83  -1  -1  -1  -1  -1  -1  -1  15  -1  -1  -1 
 29  -1  -1  39 177  -1 302 172 148 148  -1  -1  -1  43  -1  -1  -1 223  -1  -1  -1  -1  -1 240  -1  -1 
 30  -1  -1  19  19  19  -1  -1  -1   2   2  -1  -1  17  17  -1  -1  -1  30   4   4  -1  -1  24  -1  -1 
 31  -1  -1  -1  -1  -1  -1  -1  -1  -1  -1  -1  -1  31  31  31  -1  -1  -1  -1  -1  -1  -1  -1  -1  -1 
 32  -1  -1  -1  -1  -1  -1  -1  63  63  63  48  48  -1  68  -1  -1  -1  74  46  46  -1  -1  61  61  -1 
 33  -1  -1  -1  -1  -1  -1  -1  -1  -1  -1  -1  -1  -1  -1  -1  -1  -1  -1  -1  -1  -1  -1  75  75  75 
 34  -1  -1 105 105  -1 107 107 107  -1  -1  -1 112  -1  -1  -1  -1 118  -1  90  90  92  92  -1  -1  -1 
 35 119 119 119  -1  -1  -1  -1  -1  -1  -1  -1  -1  -1  -1  -1  -1  -1  -1  -1  -1  -1  -1  -1  -1  -1 
 36  -1  -1  -1  -1  -1  -1  -1 156  -1  -1 134 134 151 151 151  -1  -1  -1 149 149 136 136  -1 162  -1 
 37  -1  -1  -1  -1  -1  -1  -1  -1  -1  -1  -1  -1  -1  -1  -1  -1  -1 163 163 163  -1  -1  -1  -1  -1 
 38  -1  -1  -1  -1  -1  -1  -1  -1 200  -1  -1  -1 193 193  -1  -1  -1 206 178 178 180 180 195 195 195 
 39  -1  -1  -1  -1  -1  -1  -1  -1  -1  -1 207 207 207  -1  -1  -1  -1  -1  -1  -1  -1  -1  -1  -1  -1 
 40  -1  -1 239 239 239  -1  -1 250  -1  -1 222 222 237 237  -1  -1 244 224 224  -1  -1  -1  -1  -1  -1 
 41  -1  -1  -1  -1  -1  -1  -1  -1  -1  -1  -1  -1  -1  -1  -1  -1  -1  -1  -1  -1  -1  -1 251 251 251 
 42  -1  -1 283 283 283 281 281  -1 294  -1 268 268  -1 288  -1  -1  -1 266 266  -1  -1  -1  -1  -1  -1 
 43  -1  -1  -1  -1  -1  -1  -1  -1  -1  -1  -1  -1  -1  -1  -1  -1  -1  -1  -1  -1  -1  -1 295 295 295 
 44  -1  -1  -1  -1  -1  -1  -1  -1 227  -1  -1  -1  -1  -1  -1  -1  -1  -1  -1  -1 273  -1  -1  -1  -1 
 45  -1  -1  -1 141  -1  -1  -1  11 269  94  -1  -1 231  -1  -1 312 137  -1  -1  -1  -1  52  -1  -1 308 
 46  -1 272  -1  -1  -1  -1  53  -1  -1  -1  -1  -1  50  -1 285  -1  -1 142  -1  -1   8   6  97  -1  -1 
 47  -1  -1  -1  -1  -1 315  -1 225 143 275  -1  -1 187  -1  -1  21 185  99  -1 271  -1  -1  -1  -1  -1 
 48  -1  98  -1  -1 316  -1  -1 139 186  -1  -1 182  -1  -1  -1  -1  -1  55  -1  -1  -1  -1  -1  -1  -1 
 49  -1  65  -1  -1  -1  -1  -1 184  -1  -1  -1  10  -1  -1  -1  -1  51  -1  -1 228  -1  -1  -1 313  -1 
 50  -1 230 309  -1  -1  -1 229  -1  -1  -1  -1  -1  -1 311  -1  -1  -1 181  -1  -1  -1  -1  -1  -1  -1 
 51 241  -1  -1  -1  -1  -1 183  -1  -1  -1  -1  -1  -1  -1  -1  -1  95  -1  -1  -1  54 226   7  -1 109 
 52 310 197 153  96  -1  -1  -1  -1  49  -1  -1  -1  -1  -1 314  -1  -1   9  -1  -1  -1  -1  -1  -1  -1 
 53  -1  -1  -1  -1  -1  -1  -1  -1  -1 138   5  -1  93  -1  -1  -1 274  -1 140  -1  -1 270  -1  -1  -1 

r\t   0   1   2   3   4   5   6   7   8   9  10  11  12  13  14  15  16  17  18  19  20  21  22  23  24 
  0  -1  -1  -1  -1 173  -1  -1 302 147  -1  -1  -1  -1 289  -1 172 267  -1  -1  -1  -1  -1  -1  -1  -1 
  1 150  -1  -1  -1  -1  -1 215 211 279  -1  -1  -1  -1  -1  -1  -1  -1  91 291  -1  -1  -1  -1   3  -1 
  2  -1  -1  -1  -1 287  -1  -1 245  -1  -1  -1  -1  -1  -1  -1  -1  -1  -1  -1  -1  -1  -1  60  60  -1 
  3  -1 129  -1  -1  -1  -1 253  82  -1  -1 131  27  -1  -1  -1  -1 189 148 148  -1  -1 176 235 264  -1 
  4  -1  -1  -1  -1  -1  -1 128  -1  -1  -1  -1  -1  -1  -1  -1  -1 201  -1  -1  -1  -1 252 301 233  -1 
  5  -1  -1  -1  -1  -1  83 210  16  16  -1  -1 298  -1  -1  -1  -1  -1  -1  -1  -1  -1  59  -1  -1  -1 
  6  -1  -1 157  -1  -1  -1  -1  -1  -1  -1  -1  -1  -1  14  -1  -1 219 179  -1  -1  -1  -1  -1 126 213 
  7  -1  -1  -1 248 175  -1  -1  -1  56  -1  -1 155  -1  -1  -1  -1  -1  -1 284  -1  -1  -1  -1  -1  -1 
  8  -1  -1  -1  -1  -1  -1 168 133 254  -1  -1 122  -1  -1  -1  -1  64  -1 100  -1 306  -1  -1  -1  84 
  9  -1  35  -1  -1  -1  -1 188 296  -1  -1  -1  18  78  33  -1  -1 169  -1  -1  -1  -1 209  -1  -1  -1 
 10  -1  15  -1  -1  -1  -1  -1  47 166  -1  -1  36  -1 202  -1  -1  -1 115 258  -1  -1  -1 125  -1  -1 
 11  -1  -1 290  69  -1  -1  34  -1  -1  -1  -1  -1  -1  -1 305  41  37  -1 124  -1  -1  -1  -1  -1  -1 
 12  -1  -1  -1 154  -1  -1  -1  72  -1  -1  -1  -1  -1  45  -1  -1  89 204 261  -1  -1  -1  -1  -1  -1 
 13  -1 132  -1  -1  -1  -1 146 277 191  -1  67  -1  -1  -1  -1 170 144  -1  73  -1  43   0  -1 300  -1 
 14  -1  -1  -1 263  -1  -1  -1 116  32  42  -1 203  -1 159  -1  -1  -1  -1 174  -1  -1  -1  -1  -1  -1 
 15  -1 108  -1  29  22  -1 240  -1  44 214 238 158  -1 102  -1  -1  -1  -1  -1  -1  -1 117  -1  76  -1 
 16  -1 127 113  -1  -1  -1  -1 234 299  -1  -1  -1  -1  39  -1  -1  -1  -1  -1 198  -1  -1  -1  -1  -1 
 17  -1 247  -1  -1  -1  -1 278 152  -1  -1  -1  -1  -1 249  -1 236 236 111  -1  -1  -1 293  -1  -1  -1 
 18  -1  -1  -1  -1  -1  -1  -1  -1  -1  -1 216  -1  66  -1 221  -1  -1  -1 212 286  -1  86  77  -1  -1 
 19  -1 205  87 260  -1  -1  -1  62  -1  -1  -1  -1 103  -1 110  -1  -1  -1  -1  -1 130  -1  -1  -1  -1 
 20  -1  -1 262 167  -1 220  -1  -1 121 304  -1  -1  -1  -1  -1  -1  -1 297  -1  -1  -1 223  -1 255  -1 
 21 280 280  70  -1  -1  -1 123 259  -1  -1  -1  -1  -1 307  40  -1  -1  -1  -1  -1  -1  -1  -1 101 171 
 22  -1  -1 265  -1  -1  -1  58 104 104  -1  -1 242  -1  -1  -1  -1  20 160  -1  -1  -1  -1  -1  -1  -1 
 23  -1 120  -1  13  -1  -1  -1  -1  -1  -1  -1  -1  -1  -1  -1  -1  -1  -1  -1  -1  -1 161 192 192  -1 
 24  -1  57 246 135  -1  -1  -1 217  -1  -1  -1 199  -1  -1  -1  -1  -1  -1  28  -1  -1 190  -1  -1  -1 
 25 257  80  88  -1  -1  -1  -1  -1  79  -1  -1 282 243  -1  -1  -1 303  -1  -1  -1  -1  71  -1  -1  -1 
 26  -1  -1  -1  -1  -1  -1  12  -1  -1  -1  -1  -1 164  -1  -1  -1  -1 276  -1  -1  -1  -1  25  23  -1 
 27  -1  -1 145  -1  -1  -1  -1  -1  -1  -1  -1  -1  -1  -1  -1  -1 165  -1 177  -1  -1  26  -1  -1  -1 
 28  -1  85  -1  -1  -1  38 292 194 208  -1  -1 256  -1  -1  -1 106  -1  -1  -1  -1 218  -1  -1  -1  -1 
 29  -1 196   1  -1  -1  -1  81  -1 232  -1  -1  -1  -1  -1  -1  -1 114  -1  -1  -1  -1  -1  -1  -1  -1 
 30  -1  -1  -1  -1  -1   4   4  24  -1  -1  -1  -1  -1   2   2  -1  -1  17  17  -1  19  19  19  30  -1 
 31  -1  -1  -1  -1  -1  -1  -1  -1  -1  -1  -1  -1  -1  -1  -1  31  31  31  -1  -1  -1  -1  -1  -1  -1 
 32  -1  -1  63  63  63  46  46  -1  68  -1  -1  74  -1  -1  -1  -1  -1  61  61  -1  -1  48  48  -1  -1 
 33  -1  -1  -1  -1  -1  -1  -1  -1  -1  -1  -1  -1  -1  -1  -1  75  75  75  -1  -1  -1  -1  -1  -1  -1 
 34  -1  -1 107 107 107  92  92  -1  90  90  -1  -1  -1  -1  -1  -1  -1  -1  -1  -1 105 105 112 118  -1 
 35  -1  -1  -1  -1  -1  -1  -1  -1  -1  -1 119 119 119  -1  -1  -1  -1  -1  -1  -1  -1  -1  -1  -1  -1 
 36  -1 156  -1  -1  -1 136 136  -1  -1  -1  -1  -1 151 151 151  -1 162 134 134  -1  -1  -1 149 149  -1 
 37  -1  -1  -1  -1  -1  -1  -1  -1  -1  -1  -1  -1  -1  -1  -1  -1  -1  -1  -1  -1  -1  -1 163 163 163 
 38  -1  -1  -1 193 193 178 178  -1 180 180  -1  -1 195 195 195  -1  -1  -1  -1  -1  -1  -1 200 206  -1 
 39  -1  -1 207 207 207  -1  -1  -1  -1  -1  -1  -1  -1  -1  -1  -1  -1  -1  -1  -1  -1  -1  -1  -1  -1 
 40  -1  -1 239 239 239  -1 224 224 222 222  -1  -1  -1  -1  -1  -1 244 237 237  -1  -1  -1 250  -1  -1 
 41  -1  -1  -1  -1  -1  -1  -1  -1  -1  -1  -1  -1  -1  -1  -1  -1  -1 251 251 251  -1  -1  -1  -1  -1 
 42  -1  -1  -1 288  -1 268 268  -1 266 266  -1  -1 281 281  -1  -1 294  -1  -1  -1  -1  -1 283 283 283 
 43  -1  -1  -1  -1  -1  -1  -1  -1  -1  -1  -1  -1 295 295 295  -1  -1  -1  -1  -1  -1  -1  -1  -1  -1 
 44  -1  52  -1  -1  -1  -1  -1  98 138  -1  -1  -1  -1 225  -1  -1 226  -1  -1  -1  -1  93 228 184  -1 
 45  -1  -1  -1 181  -1  -1  -1 274  -1  -1  -1  65  21  -1  -1  -1  -1 273   5  -1  -1 241  -1  -1  -1 
 46  -1  -1  -1  -1  -1  -1  -1  -1  -1  -1  -1  -1  -1  -1  55  -1  -1 229  -1  -1  -1 140  -1  94  -1 
 47  -1  97  -1  -1 308  -1  -1  -1  -1  -1  -1  -1  -1  -1  -1  -1 139  -1  -1  -1  -1  -1  -1 141  -1 
 48  -1 230  -1 269  -1  -1  -1  -1  -1  -1  -1  -1  -1 272  -1  -1  49  -1 275  -1  -1  -1 187  53  -1 
 49  -1  -1 185  -1  -1  -1  -1  -1  -1  -1  -1  -1 312  -1  -1  -1 285 197  -1  -1  -1  -1  -1  -1 314 
 50  -1 271 137 227  -1  -1  -1  -1  -1 143  -1  -1  -1 142  -1  -1  -1  -1  -1  -1 153  -1  -1  -1  -1 
 51 109  -1  -1   6  -1  -1  -1  -1  -1  54  -1  -1  -1  -1  -1 310 186  -1  95  -1 315  -1  -1  -1  -1 
 52  -1  10  51  -1  -1  -1  -1   8  -1   9  -1  -1  -1 182  -1  -1  -1  -1  -1  -1  -1  -1  99 231  -1 
 53 311 183  -1  -1  -1  -1  -1  -1  11  -1 316 313  -1  96  -1  -1  -1   7  50 309  -1 270  -1  -1  -1 

