317
21 16
13 24
18 30
7 4
0 30
2 44
17 53
6 48
12 53
20 44
23 49
16 52
1 24
18 8
17 21
16 25
2 28
10 30
9 14
22 30
12 9
7 45
15 16
8 24
7 30
8 27
3 0
22 17
23 26
17 25
2 30
10 31
6 5
21 8
1 4
18 1
22 12
9 13
16 28
20 20
24 23
21 6
18 2
23 10
13 19
19 9
0 32
2 17
17 32
20 48
12 46
6 51
23 47
21 50
15 46
7 50
13 22
6 14
12 2
1 11
17 29
22 32
3 27
7 32
21 5
2 48
11 2
16 1
16 32
1 29
17 2
13 17
7 3
3 19
21 32
22 33
8 2
13 29
11 15
2 27
18 20
9 17
2 24
20 12
12 13
22 24
21 4
8 23
1 10
23 17
15 34
6 26
20 34
2 51
17 51
13 44
12 51
0 48
22 46
7 53
1 15
22 23
21 25
2 23
13 20
17 34
5 17
7 34
23 6
6 49
11 29
3 7
11 34
7 8
23 7
21 9
3 5
12 8
22 34
17 35
8 17
2 10
17 1
1 26
13 12
8 26
14 14
19 21
4 17
7 10
16 13
10 1
6 12
23 1
0 36
13 3
15 36
21 49
20 46
17 44
18 47
7 47
12 49
19 46
1 7
12 22
16 2
6 9
17 28
20 36
5 7
2 36
7 12
22 45
11 6
13 26
17 36
16 8
3 1
2 11
13 16
6 10
12 36
7 37
1 17
12 10
21 13
18 19
22 2
3 4
19 19
1 8
15 9
0 14
7 5
11 20
0 20
19 7
17 38
13 5
20 38
22 51
1 44
23 53
6 45
15 53
16 51
12 47
12 14
18 14
21 7
17 18
22 11
15 38
13 6
2 38
7 6
8 51
9 5
11 24
11 38
2 4
16 14
17 4
1 28
8 10
12 38
5 39
22 7
13 18
23 18
23 23
3 23
20 15
11 17
2 29
12 26
21 29
13 27
13 28
15 7
21 12
22 40
16 23
0 40
20 52
6 53
17 47
19 53
18 53
13 50
12 44
23 4
1 14
22 0
3 16
12 11
17 40
16 6
7 40
2 13
5 53
24 2
11 9
12 40
17 6
22 15
23 12
11 3
8 4
13 40
2 41
7 16
16 0
18 0
1 21
6 17
11 11
11 23
6 28
14 27
14 28
10 11
8 25
2 20
13 23
0 42
23 3
18 42
17 52
21 53
16 47
22 52
6 52
7 49
12 48
16 7
7 19
6 20
17 10
0 9
20 42
23 2
10 42
2 22
15 50
8 7
3 29
6 42
6 11
12 7
3 8
17 9
1 20
23 42
20 43
16 17
2 19
8 5
18 27
13 13
23 5
6 7
19 11
7 2
8 21
13 7
0 3
8 50
9 44
5 51
3 50
10 49
11 51
4 49
24 47
14 53

