317
13 29
19 19
7 30
21 10
3 30
2 53
16 44
18 50
17 48
1 46
22 45
20 51
7 25
16 0
13 22
8 19
17 17
0 30
12 2
22 30
3 27
11 51
6 28
21 7
17 30
23 5
18 19
11 8
16 12
3 2
21 30
0 31
6 10
13 0
12 16
7 23
13 21
2 6
4 16
8 22
9 17
5 23
5 22
22 9
2 12
4 6
23 32
1 27
18 32
3 47
8 49
17 44
22 47
7 45
16 45
13 44
3 5
7 26
2 14
8 18
17 11
12 32
1 2
20 32
23 14
6 49
15 2
11 13
8 32
6 18
21 26
18 22
17 28
11 0
3 32
12 33
23 18
16 14
2 3
8 13
22 25
10 21
15 5
7 3
8 8
17 0
24 4
9 14
13 3
19 12
17 34
21 20
22 34
2 44
8 46
16 46
1 44
20 50
7 49
24 47
22 24
1 22
23 24
2 8
7 10
15 34
11 20
12 34
3 16
10 52
6 12
21 18
7 34
11 16
16 27
18 21
23 13
8 0
6 34
2 35
13 14
22 21
2 18
21 27
17 15
6 24
22 19
1 5
8 28
13 27
20 4
16 4
17 26
16 5
3 36
18 18
23 36
1 52
22 50
2 49
19 44
8 48
21 48
20 52
2 26
1 16
17 22
12 8
22 1
20 36
0 11
7 36
16 17
18 47
11 2
6 21
17 36
1 17
7 24
8 4
18 7
11 17
22 36
12 37
23 7
21 8
3 7
2 20
16 3
11 10
4 25
11 9
2 19
6 17
7 27
22 5
20 23
3 10
23 38
8 7
18 38
16 48
13 50
2 50
1 48
21 52
22 46
17 50
21 19
16 2
23 27
22 17
17 1
12 38
8 2
5 38
1 29
14 45
0 19
4 20
16 38
2 17
3 18
17 20
6 7
21 28
8 38
10 39
7 14
13 12
22 4
22 13
1 28
13 11
13 17
7 19
21 17
13 18
18 14
3 8
4 11
21 5
18 40
16 23
23 40
17 51
8 50
3 48
22 48
1 45
13 45
2 48
1 4
18 28
22 7
17 24
2 25
7 40
9 27
12 40
21 1
11 44
20 22
16 16
22 40
3 9
11 24
12 7
13 23
23 25
2 40
6 41
17 13
16 18
1 6
18 9
21 4
9 23
6 27
7 2
12 4
6 25
3 20
6 16
13 10
20 0
18 42
17 10
3 42
2 45
23 49
24 48
16 51
8 47
1 47
21 44
16 25
1 20
18 25
7 29
2 22
23 42
17 21
10 42
8 20
6 50
0 21
22 3
1 42
7 18
3 29
12 26
17 8
21 15
13 42
7 43
16 9
11 14
6 1
18 23
22 15
15 18
1 24
10 6
11 25
0 2
8 14
23 10
11 45
5 48
14 49
12 46
15 52
6 47
9 53
0 50
10 48

