317
6 27
10 2
0 30
2 1
20 30
16 46
12 45
13 51
11 48
4 47
8 46
3 48
21 11
1 7
3 16
6 3
12 8
17 30
14 7
22 30
16 26
2 46
9 29
7 7
7 30
6 1
13 29
23 16
3 7
16 0
11 30
17 31
8 0
22 2
2 5
1 28
21 15
19 20
8 19
21 27
6 18
18 17
5 26
22 27
2 25
0 14
20 32
12 27
10 32
3 47
13 52
16 52
8 48
23 48
6 47
4 50
3 14
13 27
2 27
11 28
20 24
8 32
22 25
17 32
16 18
12 53
1 19
5 19
16 32
17 29
22 4
3 5
2 10
12 3
6 32
7 33
23 18
13 18
11 20
16 21
1 15
14 20
24 25
16 19
12 9
9 20
5 0
6 2
17 27
16 20
20 34
10 11
0 34
2 49
13 44
12 52
8 51
4 51
3 44
11 47
12 28
11 5
17 8
21 5
3 17
7 34
15 16
22 34
13 20
9 48
10 24
18 5
18 34
1 21
13 7
11 16
23 21
17 21
12 34
5 35
2 29
22 12
7 21
21 26
16 17
2 12
7 1
0 4
2 9
10 12
24 16
6 24
8 24
3 21
20 36
13 25
10 36
23 49
4 53
2 50
12 50
16 49
6 50
0 51
11 19
23 29
21 2
2 23
15 7
17 36
22 1
7 36
3 2
1 48
13 13
14 11
13 36
23 27
3 15
1 29
12 11
16 28
6 36
17 37
8 21
7 6
21 0
22 14
11 7
21 8
16 27
5 24
11 25
16 15
0 24
4 11
20 14
17 4
0 38
2 28
3 38
13 53
16 48
6 51
21 47
10 44
11 45
8 45
3 0
8 13
16 10
1 6
20 17
23 38
2 14
12 38
17 12
7 45
5 5
18 16
6 38
12 0
17 15
18 28
3 29
21 23
2 38
22 39
1 0
13 16
8 15
7 0
11 24
20 28
20 3
20 20
7 18
11 29
9 23
4 1
10 20
2 11
12 40
1 14
20 40
0 49
6 53
11 53
17 45
4 45
16 51
3 45
21 4
13 17
11 2
12 16
3 25
7 40
19 5
22 40
17 25
5 49
1 24
18 27
6 40
17 10
2 3
1 17
12 7
21 9
16 40
7 41
23 17
13 4
11 13
18 3
22 10
5 20
9 27
20 27
23 13
15 4
20 1
5 8
17 3
20 7
3 42
8 29
10 42
6 46
23 53
0 48
16 45
21 53
1 45
2 52
23 24
2 6
6 12
12 20
3 20
13 42
8 10
17 42
21 7
7 48
22 23
24 17
8 42
12 12
2 0
17 19
22 15
16 16
1 42
12 43
7 14
18 20
11 0
6 6
23 11
4 8
2 24
6 17
15 17
5 22
23 22
0 5
9 44
14 48
19 48
18 51
5 45
7 44
24 47
22 46
15 53

