317
21 9
8 7
10 30
6 11
15 30
1 46
2 53
3 44
4 46
0 49
22 44
13 52
11 23
16 21
13 29
17 2
0 26
2 30
12 21
22 30
18 26
7 53
9 12
6 17
6 30
22 14
8 23
3 9
16 5
12 23
21 30
17 31
23 12
2 24
1 18
13 10
3 29
1 15
15 6
16 20
0 2
11 8
21 26
0 23
22 17
3 5
0 32
2 22
15 32
13 46
11 53
7 52
6 52
21 45
4 50
10 48
16 26
6 1
1 13
17 22
12 16
22 32
2 2
7 32
18 10
5 45
14 20
24 22
13 32
12 5
3 4
6 2
8 4
16 0
21 32
17 33
2 29
6 4
23 14
11 18
1 9
19 11
14 13
19 2
11 24
16 14
5 4
20 6
7 4
11 29
15 34
6 8
3 34
2 51
13 48
8 44
21 44
0 50
1 45
10 52
8 9
16 16
13 7
21 21
2 17
17 34
9 6
22 34
11 3
20 53
6 21
12 10
12 34
23 16
3 1
1 27
7 24
13 0
2 34
17 35
21 27
6 23
18 15
8 29
11 11
5 1
7 12
23 4
22 12
1 14
24 15
13 3
17 0
16 11
10 36
6 12
0 36
8 46
4 49
21 48
7 46
22 48
3 51
15 47
11 4
1 11
3 15
21 18
7 13
22 36
6 16
12 36
17 16
2 47
18 19
19 19
6 36
7 7
12 3
11 2
1 4
21 8
2 36
22 37
13 28
2 14
17 7
8 5
16 15
7 17
7 19
21 12
13 25
6 29
5 29
5 2
21 29
10 19
15 38
22 24
0 38
11 44
7 47
3 50
17 52
2 45
13 47
8 53
16 12
21 5
17 20
3 14
0 6
12 38
18 3
5 38
11 7
23 44
4 21
22 18
2 38
7 15
22 0
23 18
6 18
11 17
3 38
12 39
17 9
1 2
18 29
16 2
8 21
16 6
1 28
21 7
6 26
24 28
20 9
1 20
4 16
21 6
0 40
8 17
15 40
3 47
7 49
11 46
13 44
10 50
6 45
2 44
16 25
6 24
13 12
11 12
2 27
22 40
5 8
17 40
1 8
20 47
12 7
8 19
13 40
6 10
18 20
12 22
11 0
17 10
7 40
22 41
3 19
1 23
8 24
2 15
21 19
0 18
2 9
19 0
2 13
15 0
0 0
1 5
13 9
0 21
15 42
21 2
3 42
22 46
6 51
1 52
7 48
11 47
2 46
10 44
6 5
1 21
3 8
2 26
10 27
12 42
20 24
17 42
8 15
23 53
5 28
21 24
23 42
23 15
2 11
12 14
18 25
11 10
6 42
7 43
17 15
13 27
22 27
16 19
1 12
16 23
21 4
9 14
18 14
10 12
11 5
19 5
19 44
12 48
14 48
9 51
5 47
23 48
24 46
18 44
20 51

