317
3 17
14 23
10 30
2 18
20 30
23 52
13 49
1 47
19 46
22 46
18 53
12 52
18 19
12 26
11 20
8 10
22 7
3 30
24 4
15 30
13 10
2 44
5 12
6 23
2 30
1 10
12 24
17 1
23 4
6 26
13 30
7 31
3 5
16 15
22 24
21 18
18 7
2 24
3 22
20 9
15 21
0 24
1 23
6 1
19 28
13 0
22 32
3 7
10 32
21 53
12 50
1 45
8 50
18 52
20 52
14 48
18 28
11 16
12 15
2 3
22 15
20 32
6 12
7 32
1 1
3 51
16 29
17 0
12 32
22 12
11 12
6 13
8 0
23 28
17 32
0 33
3 27
6 6
18 13
21 10
13 13
2 15
16 0
8 19
17 25
24 2
9 10
18 5
8 12
10 14
20 34
11 23
12 34
3 45
1 48
23 45
18 50
2 49
14 49
22 51
3 26
8 8
12 19
13 4
22 22
17 34
16 18
0 34
21 28
6 46
7 0
11 24
6 34
1 15
23 21
21 8
13 3
8 26
22 34
17 35
3 25
11 28
18 27
12 6
7 25
22 8
18 10
17 6
5 20
9 27
8 14
23 26
23 12
19 11
10 36
22 29
0 36
21 46
20 53
13 52
3 50
18 49
8 51
12 49
11 5
21 17
23 29
1 16
17 26
2 36
22 17
12 36
8 3
7 46
6 10
16 12
18 36
21 3
12 29
13 26
16 13
1 9
7 36
2 37
6 16
6 20
22 13
23 6
17 4
6 24
4 28
23 14
9 8
2 19
22 25
23 10
20 10
19 12
22 38
12 0
13 38
8 45
1 52
11 48
3 47
10 50
21 52
18 51
13 5
21 0
11 22
6 19
22 5
7 38
12 27
0 38
18 4
9 49
16 6
17 20
12 38
3 11
18 0
13 15
16 23
8 20
11 38
5 39
23 16
1 6
22 6
21 7
2 23
14 7
7 29
10 18
22 28
20 8
17 28
1 21
0 26
14 12
10 40
23 2
20 40
13 53
8 49
2 45
22 44
1 50
12 47
3 46
8 29
22 20
1 24
2 4
10 9
12 40
24 22
17 40
7 23
16 46
4 16
23 25
2 40
17 9
11 6
12 22
21 4
22 26
16 40
5 41
3 13
18 23
23 8
1 27
8 21
1 29
4 12
15 13
19 17
20 7
15 17
22 19
18 20
0 1
1 42
3 18
20 42
12 48
8 44
10 46
11 52
13 48
14 53
19 53
21 19
2 22
1 28
23 18
18 18
12 42
17 23
7 42
22 1
16 47
3 24
6 8
11 42
12 28
2 5
7 26
18 21
8 24
3 42
22 43
16 24
6 4
13 25
17 16
21 12
17 27
15 4
6 7
7 7
21 1
23 11
4 7
7 53
5 45
9 50
6 48
24 51
17 53
16 49
4 50
15 50

