1 4498 646.093000 11957 1548 846 463 3000 4500 1600
2 4877 660.228000 12279 1684 658 437 3000 4500 2000
3 34076 657.825000 16986 1705 739 442 4000 8500 1600
4 1944 644.627000 11457 1489 752 416 3000 3500 2300
5 11637 627.124000 14161 1568 836 457 4000 5500 1800
6 18445 636.656000 13493 1587 778 428 3000 5000 2700
7 7837 657.716000 14045 1583 683 479 6000 3500 1800
8 13393 633.036000 15164 1578 747 439 5000 5500 1900
9 31080 617.795000 19761 1430 861 470 8000 7000 2000
10 24109 640.072000 9783 1584 750 449 1000 4000 2000
