317
1 3
12 4
10 30
8 16
15 30
17 44
13 48
7 49
20 47
0 44
21 50
3 49
16 17
1 10
21 21
13 4
2 23
22 30
5 8
17 30
11 4
8 44
14 8
6 9
6 30
7 25
3 1
13 28
21 22
17 12
2 30
22 31
8 10
11 22
1 1
16 28
11 6
9 0
24 3
2 0
19 26
8 23
6 18
0 29
7 6
13 13
0 32
3 3
10 32
8 52
15 50
21 48
16 52
17 51
12 49
20 53
11 13
16 16
12 10
1 29
7 12
22 32
3 16
17 32
21 20
2 50
14 23
6 15
7 32
11 25
13 19
17 17
8 8
21 15
2 32
22 33
16 23
17 1
1 24
7 2
12 17
15 7
7 19
6 28
4 6
1 22
11 7
13 22
22 28
3 25
0 34
16 0
10 34
12 53
17 49
15 51
8 46
20 46
13 52
21 46
1 5
22 9
12 16
13 21
8 26
20 34
16 21
17 34
11 24
23 50
4 15
2 24
23 34
17 29
1 0
2 26
13 0
21 9
22 34
5 35
18 11
11 8
7 28
12 13
3 27
5 4
8 6
21 12
12 24
17 0
15 2
11 20
20 16
21 11
0 36
8 17
10 36
22 51
12 47
16 45
13 51
7 44
17 47
15 44
11 19
7 8
13 24
12 0
0 13
2 36
6 7
17 36
21 8
8 49
23 10
24 29
13 36
12 22
23 23
7 5
18 22
1 15
16 36
2 37
6 26
17 22
8 29
11 15
22 21
2 1
13 9
17 25
15 8
15 20
11 11
7 10
17 23
20 24
10 38
1 14
7 38
3 47
16 50
21 52
12 46
0 49
22 49
18 53
7 14
8 13
21 4
16 4
18 8
3 38
6 21
12 38
22 3
1 48
15 22
23 20
17 38
13 14
21 25
22 2
7 7
1 2
6 38
2 39
8 28
12 18
16 12
18 20
11 2
13 2
2 8
8 15
7 27
15 19
20 26
13 7
15 3
21 14
10 40
18 17
0 40
13 47
16 53
22 44
20 44
17 46
7 51
3 44
16 27
3 7
17 27
22 24
0 11
7 40
2 4
12 40
21 23
23 49
18 19
6 29
3 40
18 25
22 18
11 28
12 19
23 16
16 40
7 41
2 10
13 16
17 5
1 19
6 12
4 28
2 2
16 18
19 28
8 1
5 3
1 23
8 22
0 2
20 42
7 23
15 42
12 52
17 45
22 46
11 47
1 52
10 50
3 50
8 18
22 1
21 6
12 2
3 12
13 42
23 25
17 42
1 7
6 50
7 11
2 20
7 42
7 0
17 20
3 10
22 15
1 20
11 42
12 43
23 22
2 19
8 27
21 3
16 10
9 22
8 2
16 15
9 12
7 20
8 9
16 20
23 44
6 48
9 50
24 44
19 52
2 53
4 52
14 46
5 47

