317
7 17
10 24
20 30
23 2
3 30
2 45
18 51
17 45
11 47
15 48
13 46
16 46
3 13
16 19
21 10
7 21
17 24
13 30
23 11
0 30
11 25
22 51
6 18
8 17
6 30
8 9
16 21
2 14
11 17
22 1
18 30
12 31
7 24
1 12
17 16
23 27
3 9
8 20
18 27
0 2
23 16
2 25
15 9
24 10
18 23
2 12
12 32
11 23
3 32
20 53
1 53
21 51
7 50
17 49
10 44
15 45
12 4
1 24
13 10
3 25
18 16
7 32
6 22
22 32
21 8
0 44
11 24
16 23
16 32
13 7
12 29
3 12
18 12
6 15
11 32
7 33
23 21
3 16
1 8
17 21
21 11
6 0
11 22
23 25
20 24
22 11
10 7
0 16
23 20
4 18
10 34
12 27
17 34
21 48
2 49
3 50
7 53
20 47
16 48
15 49
11 5
3 2
2 29
21 20
17 9
5 34
8 14
22 34
16 16
1 46
12 17
13 25
2 34
23 10
13 9
11 1
16 27
3 23
12 34
5 35
22 21
17 6
8 0
18 0
1 3
17 28
17 25
8 26
22 15
14 23
14 3
3 14
20 27
1 2
15 36
2 26
12 36
3 44
4 49
11 51
23 49
21 46
7 48
10 45
16 14
12 15
13 3
11 4
23 23
8 36
22 9
17 36
1 0
6 48
2 18
0 1
22 36
21 22
16 6
18 22
3 26
6 6
2 36
7 37
17 0
2 9
13 29
23 6
11 6
14 20
21 12
24 5
15 8
20 13
15 27
24 0
4 1
10 4
15 38
12 11
20 38
17 48
7 46
23 53
1 48
11 49
13 48
3 52
7 27
13 16
21 1
11 14
23 24
17 38
6 9
1 38
16 10
12 46
22 0
8 27
8 38
22 19
11 9
1 7
23 3
16 4
7 38
17 39
2 2
6 10
13 24
12 6
21 24
5 22
15 19
8 1
4 12
23 28
4 11
16 3
15 14
23 9
3 40
21 25
1 40
20 46
11 46
18 48
16 52
17 47
7 52
10 49
8 13
1 22
18 8
2 13
15 12
12 40
24 21
5 40
11 15
0 50
21 4
22 17
11 40
18 18
7 19
6 29
8 15
22 24
16 40
12 41
2 0
1 29
17 20
3 17
21 23
15 13
14 25
18 21
8 21
9 21
0 26
8 7
1 1
20 6
3 42
7 5
15 42
10 48
21 44
18 50
13 49
11 52
2 51
17 52
3 10
2 8
1 4
21 19
17 13
23 42
7 10
12 42
16 28
6 53
8 18
19 19
17 42
8 8
16 7
13 26
3 7
7 3
18 42
22 43
1 27
12 22
6 5
2 24
21 9
5 24
15 21
13 13
7 16
5 26
10 12
7 8
8 48
5 49
24 44
6 52
0 46
14 51
19 49
22 49
9 50

