r\t   0   1   2   3   4   5   6   7   8   9  10  11  12  13  14  15  16  17  18  19  20  21  22  23  24 
  0  -1 190 214  -1  -1  -1  72  -1  -1  -1  -1  -1  -1  -1  -1  -1  -1  -1  -1  -1  -1  -1 102 161  -1 
  1  -1  -1  69  34  -1  -1  66 100 276  -1  -1  -1  -1  -1  -1 172  -1  -1  -1  -1  -1 246  -1 223  41 
  2 155  -1 110  40  -1  -1  -1  -1 125  -1  -1  -1  -1 201  -1  -1  -1  -1  -1  -1  -1  -1 234  -1  -1 
  3  -1  -1  -1 192 192  -1  -1  -1 164  -1  -1  -1  -1  57  -1  16  16 196  -1  -1  -1 194 179  -1  -1 
  4  85 291  -1  -1 220  22  -1 176  80  -1  -1  -1  -1 103  -1  -1  47 217  -1  -1  -1  -1  -1  -1  -1 
  5  -1  59 209  -1  -1 174  -1  -1  -1  -1  -1  -1  -1 299  -1  -1  71  -1  35  -1  -1  -1  -1  -1  -1 
  6  -1  -1  -1 203  -1  -1  -1  -1  26  -1  -1  -1  25  -1  -1  -1 258 243  81  -1  -1 111  -1 146  -1 
  7  -1  -1  -1  -1  -1  -1 286  44   1  -1  -1  -1  -1 240  -1  -1 157  -1 233  -1  -1  20 199  -1  -1 
  8  -1  -1  -1 260  -1  -1 123  -1  -1  -1  -1  -1  -1  -1  -1  -1 245  84 132  -1  -1  -1  -1  -1  -1 
  9  -1  -1  -1  -1  -1  -1  -1  -1  -1  -1  -1  -1 212  32  -1  -1  64  -1  -1  -1  -1 262  -1  -1  -1 
 10 287  -1 160 219  -1  -1 301  -1 302 306  -1  -1  -1  -1  -1 106  -1  -1   3  -1 221  -1  15  13  -1 
 11  -1  -1 154  -1 216  -1  -1  -1  -1  -1  -1  -1  -1  -1  -1  -1 205 170  -1  -1  86  -1  -1 114  -1 
 12  -1  33 297  -1  -1  -1  -1 256  -1  -1  -1 175  -1  -1  -1  -1  -1  -1 171  -1 177  -1  -1  -1  -1 
 13  -1 232  91 293  -1  -1  -1 289 252  -1  -1  -1  -1  -1 169 198  -1 254  -1  -1  -1  -1  -1  -1  -1 
 14  -1  -1  -1  -1  -1  -1  -1  56  -1 307  -1   0  -1  -1  -1  -1  -1 290 167  -1  -1 115 147  -1  -1 
 15  -1  -1  87 117  83  -1  -1  -1  -1  -1  -1  -1 277 128  -1  -1  -1  -1  76  -1  -1  -1  -1  89  -1 
 16  -1  -1  -1  -1  -1  -1  -1  -1  -1  -1  -1  -1  -1  -1  -1  -1  -1  -1  -1  -1  -1  -1  -1  -1  -1 
 17  -1 129  36 248  -1 126  -1 158 211  -1  -1 204  -1  -1  37  -1  -1  -1 145  -1  -1  62  -1  -1  -1 
 18  -1 124  -1  -1  -1 173 261  -1  -1  -1 304 279  -1 166  42  -1  29  -1  -1  -1  -1  -1  -1  38  -1 
 19  -1  -1  -1  -1  -1  -1  -1  12 121  -1  -1  -1  -1  -1  -1  -1  -1  -1  -1 263  -1  70  -1  -1  -1 
 20  -1  -1  -1  73  -1  -1  -1 116  -1  -1  -1  -1  -1  88  -1  -1  -1  18 303  -1  -1  -1 249 108  -1 
 21  -1  -1 188  -1  -1  -1  -1 267  -1  -1  -1  -1  -1 278  -1 150 264  -1  -1  -1  -1 152  -1  -1  39 
 22  -1 133  27 104 104  -1  -1  -1 101  -1  -1 113 296  -1  -1  -1  -1  -1 257  -1  45 300  -1 130  -1 
 23  -1  -1 236 236  -1  -1 159 208  -1  -1  -1  -1  -1 255  -1  -1 191  -1 253 218  -1 282  -1 202  -1 
 24  -1  -1  14 165  -1  -1  -1  -1  -1  -1  -1  -1  -1  -1  -1  -1 235  77  -1  -1  -1  -1  -1  -1  -1 
 25  -1  79  -1  -1  -1 215  -1  -1  58  -1  -1  78  -1  -1  -1  -1 122  -1  23  -1 265  -1  -1  -1  -1 
 26  -1 284 280 280  -1  -1 298 259 210 131 305 127 148 148  -1  -1  -1  -1  -1  -1  -1  -1  -1  28  -1 
 27  -1 213  -1  -1  -1  -1  -1  -1  -1  -1  -1  -1  -1  -1  -1  -1  -1  -1  -1  -1  43  -1  -1  -1  -1 
 28  -1 247  60  60  -1  -1  -1  -1  82  -1  -1  -1 168  -1  -1  -1  -1  -1  -1  -1  -1  -1  -1 189  -1 
 29  -1  -1 135 144  -1  -1  -1  -1  -1  -1  67 292  -1 120  -1  -1  -1  -1  -1  -1  -1 242  -1 238  -1 
 30  17  17  -1   4   4  -1  30  -1  -1  -1  -1  24  19  19  19  -1  -1  -1  -1  -1  -1  -1  -1   2   2 
 31  -1  -1  -1  -1  -1  -1  -1  -1  -1  -1  -1  -1  -1  -1  -1  -1  -1  -1  -1  -1  31  31  31  -1  -1 
 32  -1  -1  -1  46  46  -1  -1  68  -1  -1  -1  -1  74  48  48  -1  -1  63  63  63  -1  -1  61  61  -1 
 33  -1  -1  -1  -1  -1  -1  -1  -1  -1  -1  -1  -1  -1  -1  -1  -1  -1  -1  -1  -1  -1  -1  75  75  75 
 34  -1  -1 112  92  92  -1  -1  90  90  -1 107 107 107  -1  -1  -1  -1 105 105  -1  -1  -1 118  -1  -1 
 35  -1  -1  -1  -1  -1  -1  -1  -1  -1  -1  -1  -1  -1  -1  -1  -1  -1 119 119 119  -1  -1  -1  -1  -1 
 36  -1  -1  -1 162  -1 151 151 151  -1  -1 149 149  -1 136 136  -1  -1 156  -1  -1  -1  -1  -1 134 134 
 37  -1  -1  -1  -1  -1  -1  -1  -1  -1  -1  -1  -1  -1  -1  -1  -1  -1  -1  -1  -1 163 163 163  -1  -1 
 38  -1 200 180 180  -1  -1  -1 193 193  -1  -1  -1 195 195 195  -1  -1  -1  -1  -1  -1 206  -1 178 178 
 39  -1  -1  -1  -1  -1  -1  -1  -1  -1  -1  -1  -1  -1  -1  -1  -1  -1 207 207 207  -1  -1  -1  -1  -1 
 40  -1  -1 244  -1  -1  -1 250 239 239 239 237 237  -1 224 224  -1  -1  -1 222 222  -1  -1  -1  -1  -1 
 41  -1  -1  -1  -1  -1  -1  -1  -1  -1  -1 251 251 251  -1  -1  -1  -1  -1  -1  -1  -1  -1  -1  -1  -1 
 42  -1  -1  -1 268 268  -1  -1  -1 288  -1  -1  -1  -1 266 266  -1 294 283 283 283  -1  -1 281 281  -1 
 43  -1  -1  -1  -1  -1  -1  -1  -1  -1  -1  -1  -1  -1  -1  -1  -1  -1  -1  -1  -1  -1  -1 295 295 295 
 44  -1  -1  -1  -1 143  -1 109  -1  -1  -1  -1  -1  -1  -1  -1  -1 181  -1  -1  -1  -1  -1 230  -1  -1 
 45  -1 183 228  -1  -1  -1 309   7 226 316  -1  -1  -1 184  -1  -1  -1  -1  -1  -1  -1  -1  -1  -1  -1 
 46  -1 271   5  -1  -1  -1  21  -1 272  -1  -1  -1  -1  -1  -1  -1  96  -1  -1  -1  -1  -1  -1  -1  97 
 47  -1  -1  -1  -1 185  -1 197  -1 186  -1  -1 273  -1  -1  95  -1  -1  -1  51  11  -1  -1  -1  -1  -1 
 48  -1  54  -1 231  -1  -1  -1  -1  49  -1  -1  50 313  -1  -1  -1  -1  -1  -1  -1  -1  -1  -1  -1  -1 
 49 314  -1  -1  -1  -1  -1  -1  -1  -1  -1  -1 141  65  -1  -1 311 137  -1  98  -1  99 315   6  -1  -1 
 50  -1  -1  55  -1  -1  -1  -1  -1  -1  -1  -1  -1  -1  -1  -1  -1  10 308  -1  -1  -1  -1  94  52 225 
 51  -1  93  -1  -1  -1  -1  -1  -1  -1  -1  -1  -1  -1   8  -1  -1 227  -1  -1  -1  -1  -1  -1 274  -1 
 52  -1   9 275 140  -1 310  -1 285  -1  -1  -1 187  -1  -1  -1  -1  -1  -1 270  -1  -1  -1  53  -1  -1 
 53  -1 229  -1  -1  -1  -1 241 139 142  -1 312  -1  -1  -1  -1  -1  -1 153 182 138  -1  -1 269  -1  -1 

r\t   0   1   2   3   4   5   6   7   8   9  10  11  12  13  14  15  16  17  18  19  20  21  22  23  24 
  0  -1  -1 189  35  -1  -1 263 204  79  -1  -1  -1  -1 132  -1  -1  37  -1  44  -1  -1  15 301  -1  -1 
  1 282  42  -1  -1  -1  -1 284  -1   0  -1  -1  20 148 148  -1  -1  -1  -1  -1  -1  -1 161  -1  -1  -1 
  2  -1  -1  -1  -1  -1  -1  12  -1 209  -1  -1  -1 157  -1  -1 126  -1  -1 122  -1  -1 264 111 110  -1 
  3  -1  -1 103  -1  -1  -1 307  -1  -1  -1  -1  -1  -1 236 236  -1  -1  18  32  -1  -1 121  -1 278  -1 
  4  -1  -1 280 280  -1  -1  -1  -1 216  -1 257 171  -1  -1  -1  -1  -1  -1 135 177  -1  -1  -1  80  -1 
  5 170  -1 176  -1  -1  -1  -1  -1 146 150  -1  -1 192 192  -1  -1  -1  -1  -1  -1  -1  -1  -1  -1  -1 
  6  -1  -1  -1  -1  -1  -1  87  -1 276  -1  -1  -1  -1  -1  -1  -1  84  -1 305  -1  -1  -1  -1 164  -1 
  7  -1 131  -1  -1  -1  -1  -1  -1  27  -1  -1  -1 255  -1  -1  -1  76  -1  16  16  -1  -1  -1  -1  -1 
  8  -1  -1 300 261  -1  -1  -1 289  -1  -1  -1  -1  -1  -1  -1  -1 196  -1 154  -1  -1 215  -1  -1  -1 
  9  -1   3  -1 246  -1  -1  -1  -1 298  -1  -1  -1  -1  -1  -1  -1  -1  -1 245  -1  -1  -1  22  -1  -1 
 10  -1  -1  14 210  -1  -1  -1 120  -1  -1  -1  -1 117  -1  -1  -1  -1  -1  -1  -1  -1  -1  60  60  -1 
 11 304 205  45 292  -1  -1  81 279  -1  -1  -1 267  -1  -1 125  -1 133 191  -1 258  -1 128 286  -1  -1 
 12  -1  -1 220 169  -1  -1  -1  -1  -1  -1 173 147 259  -1  -1  -1 235  -1 101  -1  -1 144  -1  -1  -1 
 13  -1 223  -1 218  -1  -1  -1  -1  -1  -1  -1  -1  -1  -1  -1  -1  -1 297 190  -1  -1  -1 212  23  -1 
 14  -1  -1 249  -1  -1  -1  88  -1  -1  -1  -1  -1 232 203  -1  -1  -1 254  -1  -1  -1  70 159  -1  -1 
 15  -1  -1  -1  -1  -1  -1  -1  56  41  66  -1  -1  -1  -1  -1  -1  -1  -1 233  -1  -1  -1 247  -1 175 
 16  -1 302  -1  -1  -1  -1  36  -1  -1  -1 198 287 265  -1  -1  -1 152  -1  -1  -1  -1 262  -1  -1  -1 
 17  -1  -1  -1  13  -1  -1 108 188 217  -1  -1 167  -1  -1  -1  -1  25  -1  -1  -1  -1  -1  69  -1  -1 
 18  -1  -1  -1 213  -1  -1  -1  33  -1  -1  -1 252  -1  -1  -1  -1  -1  -1  -1  -1  -1 100 123 116  -1 
 19  -1  -1  38  -1  -1  -1 145  -1  -1  -1  -1  -1  -1  -1  -1  -1  -1  77  -1  -1  -1  -1  -1  85  -1 
 20  -1  78  -1  47  -1  -1  72  -1  -1  -1  -1  -1  -1 290  -1  -1  -1 168  -1  -1  -1  -1  -1 299  -1 
 21 199  34  -1  -1  67  -1  -1 165  -1  -1  -1  -1  -1 124  -1  -1  -1  71 291  -1  -1  26  -1  83  -1 
 22  -1  -1  -1  -1  -1 106  58  -1  -1  -1  -1  29  -1 166  -1  -1  -1  -1  -1  -1  -1 242 296  -1  -1 
 23  -1  -1  -1 179  -1  -1  -1  -1 113  -1  -1  -1  -1  -1  -1 130  -1  -1  -1 127  -1 277 243  -1  -1 
 24  -1 214  -1 114  -1  -1  -1  -1  -1  -1  -1  -1 208  -1  -1  -1  -1  -1  -1  -1  -1  -1  -1 202  -1 
 25  -1  -1  -1  62  -1  -1  -1  -1  39  -1  -1  -1  -1  -1  -1  -1 253  -1  -1  -1  -1 303  -1 234  -1 
 26  -1 256  28  89  -1  -1  -1  -1 306 219  -1  73 104 104  -1  -1 158  -1  -1  -1 221  -1  -1  -1  -1 
 27  -1 115  -1 194  -1  -1  -1  -1  -1  40  -1  -1  -1  -1  -1  -1  -1 155  -1  -1  -1  -1  -1  91  -1 
 28  -1 102  -1  -1  -1  -1  -1 240  -1  -1  -1  -1  -1 129  82  -1 293 174  -1  -1  -1  59  86 248  -1 
 29  -1  43  -1 211  -1  -1 160  -1  -1  -1  -1  64 260  -1  -1  -1  57 238  -1  -1 172 201  -1  -1   1 
 30  -1  -1  -1  -1  -1  -1  -1  19  19  19  -1  -1  17  17  -1  -1  -1  24   4   4   2   2  30  -1  -1 
 31  -1  -1  -1  -1  -1  -1  -1  -1  -1  -1  -1  -1  31  31  31  -1  -1  -1  -1  -1  -1  -1  -1  -1  -1 
 32  -1  -1  -1  74  -1  -1  48  48  68  -1  -1  -1  61  61  -1  -1  -1  63  63  63  46  46  -1  -1  -1 
 33  -1  -1  -1  -1  -1  -1  -1  -1  -1  -1  -1  -1  75  75  75  -1  -1  -1  -1  -1  -1  -1  -1  -1  -1 
 34  -1  -1 118  -1  -1  -1  -1 107 107 107  -1 112  92  92  -1 105 105  -1  90  90  -1  -1  -1  -1  -1 
 35  -1  -1  -1  -1  -1  -1  -1  -1  -1  -1  -1  -1  -1  -1  -1 119 119 119  -1  -1  -1  -1  -1  -1  -1 
 36  -1  -1 149 149  -1  -1 136 136 162  -1  -1 134 134  -1  -1  -1  -1  -1 156  -1  -1  -1 151 151 151 
 37  -1 163 163 163  -1  -1  -1  -1  -1  -1  -1  -1  -1  -1  -1  -1  -1  -1  -1  -1  -1  -1  -1  -1  -1 
 38  -1  -1  -1  -1  -1  -1 200  -1 193 193  -1 206 180 180  -1  -1  -1  -1  -1  -1 195 195 195 178 178 
 39  -1  -1  -1  -1  -1  -1  -1  -1  -1  -1  -1  -1  -1  -1  -1 207 207 207  -1  -1  -1  -1  -1  -1  -1 
 40  -1  -1 239 239 239  -1  -1  -1 237 237  -1 222 222 250  -1  -1  -1  -1  -1  -1  -1 244  -1 224 224 
 41  -1  -1  -1  -1  -1  -1 251 251 251  -1  -1  -1  -1  -1  -1  -1  -1  -1  -1  -1  -1  -1  -1  -1  -1 
 42  -1  -1 268 268  -1  -1  -1  -1  -1  -1  -1 294  -1 281 281 283 283 283 266 266  -1 288  -1  -1  -1 
 43  -1  -1  -1  -1  -1 295 295 295  -1  -1  -1  -1  -1  -1  -1  -1  -1  -1  -1  -1  -1  -1  -1  -1  -1 
 44  -1  95  -1  -1 309  -1  -1 270  -1 314  -1  -1  -1 275  -1  -1  -1  -1  -1  -1  -1  -1  -1  -1  -1 
 45  -1 241  -1  -1  -1 197  -1 181  -1  -1  -1  -1  -1  -1 308  -1  -1  -1 231  -1  -1  -1  -1 269  54 
 46 310  21  -1  -1 285  -1 228  -1 183  -1  -1  -1  -1  -1  -1  -1  -1  -1  -1 225  -1  -1  -1  -1  -1 
 47  -1 273  -1  -1  -1  -1  -1  -1 140  -1  -1  -1  -1  -1  -1 312  -1  -1  -1  -1 138  -1  -1  55  99 
 48 153  -1  -1 142  -1  -1 184 226  93  -1  -1  -1  -1  -1  -1  -1 227  -1  -1  -1  -1  -1 315  -1 271 
 49  -1  -1  -1 229  -1  -1  -1  -1  -1  -1  -1  -1  -1  10  -1  -1  53  -1  -1  -1 274 137  -1 139  -1 
 50  -1 186  -1  -1 109  -1   9  -1  -1  -1  -1  98  -1  -1  -1  -1 187  -1  -1  -1  -1  -1  -1  -1  -1 
 51  65 141  -1  -1  -1  -1  -1   6  -1  -1 311   5  -1  -1  -1  -1   8 313  -1 143  -1  94  -1  -1  -1 
 52  -1  49  96  -1  -1  -1  -1  -1 272  -1  -1 185  -1  -1  -1  -1  -1  -1  -1  -1  -1  -1  -1  -1  -1 
 53  -1  -1  11   7  -1 316  -1  -1  50  -1  -1  52  51 230  -1  -1  -1  -1 182  -1  97  -1  -1  -1  -1 

r\t   0   1   2   3   4   5   6   7   8   9  10  11  12  13  14  15  16  17  18  19  20  21  22  23  24 
  0  -1  12 300  -1  -1  -1  -1 116  -1 170  -1  -1 159 245  -1  -1  -1  -1  -1  -1  -1  -1  -1  -1  -1 
  1  -1  -1  70 126  -1  -1  -1  -1  -1  40  -1  -1 211  -1 263  -1  -1  -1  -1  -1  -1  32  -1  -1  -1 
  2 259  36  -1 171 125  -1 247  -1  -1  -1  -1  -1  -1  -1  -1  -1 114  -1 234  -1  -1  -1  -1  -1  -1 
  3  -1  -1  -1  -1  -1 104 104 155 289  -1  -1  88  -1  -1  -1 198 189  -1  -1  -1  -1  -1  -1  -1  -1 
  4  -1 233  -1  -1  -1  -1  -1 204  -1  -1 131 166  -1 113  -1  -1 279 242 255  -1  -1  -1  -1  -1  -1 
  5  -1  -1  -1 199  -1  -1 123 194  -1  -1 303  -1  -1  -1  -1  -1  85  -1  -1  -1  -1  -1  -1  -1 305 
  6  -1 213  -1  -1  -1  -1  -1  -1  -1  -1  -1  -1 264  -1  -1  -1 152  -1  -1  -1  -1 205  -1  -1  -1 
  7  -1   0  81  27  -1  37  -1  -1 148 148  -1  -1 278  87  -1  -1  -1  -1  -1  -1  -1  72  -1  -1  -1 
  8  -1  69  -1 243  -1  -1 276  -1  -1  -1  -1 297 120  82  -1  67  -1 252  -1  -1  -1 256  -1 133  -1 
  9  -1  -1  -1  -1  -1  42  -1 110 157  -1  -1 190  -1   3  -1  -1  -1  -1 146  -1  -1 284  -1  -1  18 
 10  -1  62  -1  -1  -1  -1 167  -1  -1  -1  -1  -1 210 164  -1 260  44  -1  -1  -1  -1 196 124  -1  -1 
 11  -1  -1  -1  -1  -1 301 216  34  20  -1  -1  -1 293  -1  -1  -1  -1  41  -1  -1  -1 304 292  77 287 
 12  -1  -1  -1  -1  -1  -1 223  -1  -1  -1  22 302  -1  23  -1  -1  -1 111  -1  -1  -1 240  -1 296  -1 
 13  -1  -1  -1  -1  -1  -1  -1  -1  64  -1  -1  -1  -1 291  -1  -1  -1  -1  -1  -1 129  56 280 280  -1 
 14  -1 201 248  -1 238  -1  -1 236 236  -1  -1 108 253  -1 175  -1  -1  -1  -1  -1  -1  84  -1  -1  -1 
 15 265 290  -1  -1  -1  -1  -1 179  -1  -1  -1  -1 215  -1  -1  -1  -1  -1 177  -1  -1  -1 150  -1  -1 
 16  -1  -1  -1 209 130  -1  -1  -1  -1  -1  -1 277  -1  78  -1  -1  89  -1  -1  -1  -1  -1  -1  -1  -1 
 17  -1  -1 257  -1  -1  -1  -1  -1  45  -1  -1  -1  -1  35  -1 106  -1 203  -1  -1  -1  -1  -1 158 217 
 18  -1 262  -1  -1  -1  -1  26  -1 121  -1  -1  59  -1  -1  -1  -1  -1  -1  -1  -1  -1  -1  57 214  -1 
 19  -1  -1  -1  -1  -1  -1  14  -1  -1  -1  -1  -1 192 192  -1  -1  -1  -1  -1  38  39 168  -1  -1  -1 
 20  -1  -1  -1 254  -1  -1 232 127  -1  -1  -1 172 154 176  -1  -1  -1  -1  -1  -1  -1  -1  -1  -1  -1 
 21  -1 249  -1  -1  -1 128  -1  91  -1  -1  -1  -1  -1  -1  -1  -1  -1  -1  -1  -1  -1  -1  -1  -1  -1 
 22  -1 165 103  -1  -1  -1  -1  -1  -1 218  -1  -1  -1  -1  -1  -1 261  -1 102  -1  -1 299  -1  -1  -1 
 23  -1 122  -1  -1  -1  -1  73  13  -1  -1  -1 306  -1  -1  -1  -1  -1  -1  -1  -1  -1 101  16  16 174 
 24  -1  47  33  -1  -1  -1 298  79 191  -1  -1  -1  -1  -1 282  -1  -1  -1 161  -1  -1  -1  -1  25  -1 
 25  -1 100 212  80  -1  -1 208  -1  -1  -1  -1  15 135 144  -1  -1  28 115  -1  -1  -1  -1  -1  -1  -1 
 26  -1  -1 132 160  -1  -1  -1  -1 267  -1  -1  -1   1  -1  -1  -1  76  -1  -1  -1  -1 145  71  58  -1 
 27  -1  43  -1  -1  -1  -1  -1  -1 246  66  -1  -1  60  60 307  -1  -1  -1 202  -1  -1  -1  -1 117  -1 
 28  -1  -1  -1  -1  -1  -1  -1 286  -1  -1  -1  29  -1  -1  -1  -1  -1  -1 220 169  -1  -1  -1  -1  -1 
 29  86 173  -1  -1  -1 221 188  -1  -1  -1  -1  83  -1  -1  -1 258 235 147 219  -1  -1  -1  -1  -1  -1 
 30  -1  -1  19  19  19   2   2  -1  30  -1  -1  -1  -1  -1  -1  -1  -1  -1  17  17   4   4  24  -1  -1 
 31  -1  -1  -1  -1  -1  -1  -1  -1  -1  -1  -1  -1  -1  -1  -1  -1  -1  31  31  31  -1  -1  -1  -1  -1 
 32  -1  -1  63  63  63  48  48  68  -1  -1  -1  -1  74  -1  -1  -1  -1  61  61  -1  46  46  -1  -1  -1 
 33  -1  -1  -1  -1  -1  -1  -1  -1  -1  -1  -1  -1  -1  -1  -1  -1  -1  75  75  75  -1  -1  -1  -1  -1 
 34  90  90  -1  -1  -1  92  92  -1  -1  -1  -1  -1 107 107 107  -1  -1  -1 118  -1  -1 112 105 105  -1 
 35  -1  -1 119 119 119  -1  -1  -1  -1  -1  -1  -1  -1  -1  -1  -1  -1  -1  -1  -1  -1  -1  -1  -1  -1 
 36  -1 162 151 151 151 136 136 156  -1  -1 149 149  -1  -1  -1  -1  -1  -1  -1  -1 134 134  -1  -1  -1 
 37  -1  -1  -1  -1  -1  -1  -1  -1  -1  -1  -1  -1  -1  -1  -1 163 163 163  -1  -1  -1  -1  -1  -1  -1 
 38 195 195 195  -1  -1 178 178  -1 206  -1  -1  -1  -1 200  -1  -1  -1  -1  -1  -1 180 180 193 193  -1 
 39  -1  -1  -1  -1  -1  -1  -1  -1  -1  -1  -1  -1  -1  -1  -1  -1  -1  -1  -1  -1  -1  -1 207 207 207 
 40 224 224  -1  -1  -1  -1  -1  -1  -1  -1  -1 250 239 239 239  -1 244  -1  -1  -1 222 222 237 237  -1 
 41  -1  -1  -1  -1  -1  -1  -1  -1  -1  -1  -1  -1  -1  -1  -1  -1  -1  -1  -1  -1  -1  -1 251 251 251 
 42  -1  -1 283 283 283 268 268  -1 288  -1  -1  -1  -1  -1  -1  -1 294  -1 281 281 266 266  -1  -1  -1 
 43  -1  -1  -1  -1  -1  -1  -1  -1  -1  -1  -1  -1  -1  -1  -1  -1  -1 295 295 295  -1  -1  -1  -1  -1 
 44  -1  -1  -1  -1  -1  -1  -1  -1  -1 315 310  -1  -1  -1  -1  -1 141 308  98  -1  -1  -1  -1  -1  -1 
 45 143  -1  -1  -1 312  -1  -1  -1 285  -1  -1  -1  49  -1  -1 316  -1  -1  -1  -1  -1  -1  -1 272  -1 
 46  55  -1  -1  -1  -1  -1  -1  -1 186  -1 109  52  -1  -1 314  -1 181 197  -1  -1  -1  -1  -1 185  -1 
 47  -1  -1 231  -1  -1  -1  -1  -1 229  -1  -1 269  -1 228  -1  -1  -1  -1  -1  -1  -1  -1 271  -1  -1 
 48  -1  -1  -1  -1  -1  -1  -1  -1  95  -1 241 140  -1  -1  -1  21  -1  -1  -1  -1  -1  94   5   9 153 
 49  -1  -1  -1  -1  -1  -1  -1  -1  -1  -1  -1  -1  -1  53  -1  -1  -1  -1  -1  -1  -1  -1  -1  -1  -1 
 50   8 270  -1 313  -1  -1  -1   6 138  -1  -1 226 183  -1  -1  -1  10  -1 274  -1  -1  -1  54  -1  -1 
 51  -1 142 187  -1  -1  -1  -1  -1  -1  -1  -1  -1  -1  -1  -1  -1 275  -1  -1 309  97  -1  -1  -1  -1 
 52  -1  -1  -1  -1  -1  -1  -1 225  -1  -1  -1 184  96 137  -1  -1  -1  -1 139  -1  -1  -1  99  51  -1 
 53  -1 182  -1  -1  -1  -1  -1  65  11  -1  -1   7  -1 273  -1  -1 230  -1  50  -1  -1  -1 227  93 311 

r\t   0   1   2   3   4   5   6   7   8   9  10  11  12  13  14  15  16  17  18  19  20  21  22  23  24 
  0  -1  -1  -1  -1  -1  -1  -1 252 296  -1  -1 205  72  -1  -1  -1  -1  22 159  -1  -1  -1  -1  -1  -1 
  1  40  -1  -1  25  -1  -1 243  -1 157  -1  -1  -1  -1  -1  -1  -1  -1  -1  89  -1 106  79 278  -1  -1 
  2  -1 199  84 267  -1  -1  47  28  -1  -1  -1  -1 165  -1  -1  -1 293 264 260  -1  -1  -1  -1  -1  -1 
  3  -1  62 190  -1  -1 125  -1  78  -1  -1  -1  -1  -1 172  -1  -1 101  36 154  -1 262  -1  -1  -1  -1 
  4  -1 306 246 126  -1  -1  -1  -1  -1  -1  -1  29  -1  57  -1  -1  64  -1  -1  -1  -1  -1  -1 129  -1 
  5  -1 170 208  -1  -1  -1 277  -1  -1  -1  -1  -1  38  34  -1  -1  -1  -1  -1  -1  -1  -1  -1 253  87 
  6  -1  -1 279  -1  -1  -1  -1  -1 203  -1  -1  13  -1  -1  81  -1 152  -1  -1 155  -1  85  -1  -1  -1 
  7  -1 147 130  -1  -1  -1  -1 173  -1  -1  -1  -1  35  -1  86  -1  -1  -1  -1  -1  -1  -1 245  -1  -1 
  8  -1  -1  -1  -1  -1  -1  -1  -1  -1  -1  -1  -1  -1  -1  -1  -1  -1 212 232  -1  -1  -1  -1 113  -1 
  9  -1 284  -1  -1  -1  -1  -1  -1  -1  -1 132  -1 175  -1  -1  -1  -1  -1  -1  -1  -1 289 168  -1  -1 
 10  -1 131  -1  -1  -1  -1  -1 202  -1  -1  -1  -1  18 215  -1  -1  -1  -1  20  -1  -1 263  -1  -1  -1 
 11  -1 242  -1 234  -1  -1  -1  -1  -1  -1  -1  -1  -1  -1  -1  82  -1 116 248  -1  -1  -1  -1  -1  83 
 12  -1  -1  76  58  -1  -1 166  -1  -1  -1  -1  -1  -1 117 304  -1  -1  -1  -1  -1  -1  -1  -1  -1  -1 
 13 305 219  -1  -1  -1  -1 257  -1  -1  -1  -1   0  -1 100  -1  -1  -1  -1  -1  -1  -1  -1  -1  69  -1 
 14  -1 247  -1  -1  -1 148 148 174 255  -1  -1  -1 171  -1  -1  -1  -1  -1  -1  -1  -1  -1 179  -1  -1 
 15  -1 210  -1  -1  -1  -1  -1 150  26  -1  -1  39  -1  -1  -1  -1 201 133  -1  -1  -1  -1 135  -1  -1 
 16  -1 110  -1 115  -1  -1 292  -1  45  -1  -1 103  -1 240  -1  -1  15 258  -1  -1  -1  59  88  -1  -1 
 17 213  -1  16  16  -1  -1  -1  -1  -1  -1  -1  -1  -1  71  -1 177  -1 291  -1  -1  -1 209  60  60  -1 
 18  -1  -1 221 104 104 127  -1  -1 301  -1  -1  -1  -1 164  -1  -1  -1 158 204 282 287  -1 120  -1  -1 
 19 218  -1  -1 189  -1  -1  -1  -1 216  -1  -1  -1  -1  77  -1 220  73  -1 297  -1  -1  -1  -1 145  -1 
 20  -1  42  -1  -1  -1  -1  66 122  -1  -1  -1  -1  -1  -1  -1  -1  -1  -1  -1  -1  -1  -1  43 265  -1 
 21  -1 114  -1  -1  -1  -1  -1 307  -1  -1  -1 144  -1  -1  -1 236 236 302  -1  -1  -1 188 194  -1  -1 
 22  -1  -1  -1 161  -1 176  12  -1  -1  -1  -1  -1 111  -1  -1  -1  -1  27   1  -1 214 146  -1  -1  -1 
 23  -1  -1  -1  -1  -1  -1  -1  -1  -1  67  -1  -1 124 300  -1  -1  -1 102  -1  -1  -1 276 169  -1  -1 
 24 238  -1  56  -1  -1  -1 223 299 259  -1  -1  -1 290  -1  37  -1 249 254  -1  -1  -1  -1  -1  -1  -1 
 25  -1  80  -1  -1  -1  -1  -1  -1 261  -1  -1 256  -1  -1  -1  -1 123 192 192  -1  -1  -1 298 191  -1 
 26  -1  23  -1 211  -1  -1  -1 167  -1  -1  -1 233 235  -1  -1  -1  -1  -1  -1  -1 128  -1  -1  -1  -1 
 27  -1  32  -1  -1  -1  -1  -1 280 280  -1  -1 196  -1  -1  -1  -1  -1  -1  -1  -1  -1  -1  -1 160  -1 
 28  -1  -1  44  70  -1  -1 121  -1  -1  -1  -1  -1  -1  -1  -1  -1  33 303  -1  -1  -1  91  -1  -1  -1 
 29  -1 217  -1  -1  -1  -1  -1  -1  -1 286  -1  41  -1  -1  -1  -1  -1   3 108 198  -1  14  -1  -1  -1 
 30  -1  -1  24   4   4   2   2  19  19  19  -1  -1  -1  -1  -1  -1  -1  -1  -1  -1  -1  30  -1  17  17 
 31  -1  -1  -1  -1  -1  -1  -1  -1  -1  -1  -1  -1  -1  -1  -1  -1  -1  -1  -1  -1  -1  -1  31  31  31 
 32  -1  -1  -1  46  46  -1  74  -1  -1  -1  63  63  63  -1  -1  -1  -1  61  61  -1  -1  68  48  48  -1 
 33  -1  -1  -1  -1  -1  -1  -1  -1  -1  -1  -1  -1  -1  -1  -1  -1  -1  75  75  75  -1  -1  -1  -1  -1 
 34  -1  -1 118  90  90  -1  -1 105 105  -1  -1 112  -1  -1  -1  92  92  -1  -1  -1  -1  -1 107 107 107 
 35  -1  -1  -1  -1  -1  -1  -1 119 119 119  -1  -1  -1  -1  -1  -1  -1  -1  -1  -1  -1  -1  -1  -1  -1 
 36  -1  -1 149 149  -1 136 136  -1  -1  -1  -1 162 151 151 151 134 134  -1  -1  -1  -1 156  -1  -1  -1 
 37 163 163 163  -1  -1  -1  -1  -1  -1  -1  -1  -1  -1  -1  -1  -1  -1  -1  -1  -1  -1  -1  -1  -1  -1 
 38  -1  -1  -1 178 178  -1  -1 195 195 195  -1  -1 193 193  -1  -1  -1 180 180  -1  -1  -1 206 200  -1 
 39  -1  -1  -1  -1  -1  -1  -1  -1  -1  -1  -1  -1 207 207 207  -1  -1  -1  -1  -1  -1  -1  -1  -1  -1 
 40  -1  -1  -1 222 222  -1 244 237 237  -1  -1  -1  -1  -1  -1  -1  -1 224 224  -1  -1 250 239 239 239 
 41  -1  -1  -1  -1  -1  -1  -1  -1  -1  -1  -1  -1 251 251 251  -1  -1  -1  -1  -1  -1  -1  -1  -1  -1 
 42  -1  -1  -1 294  -1  -1  -1  -1  -1  -1 268 268 283 283 283 266 266 281 281  -1  -1 288  -1  -1  -1 
 43 295 295 295  -1  -1  -1  -1  -1  -1  -1  -1  -1  -1  -1  -1  -1  -1  -1  -1  -1  -1  -1  -1  -1  -1 
 44  -1  -1  -1  -1 143  -1 184 315  -1  -1  -1  93  -1  -1  -1  -1  -1  94  -1  -1  -1 109  -1  -1  -1 
 45  -1 313 187  -1  -1  -1  96  65 183 316  -1  53  -1  -1  -1  -1 227  49  -1  -1  -1  50  -1 140  -1 
 46  -1  -1  -1 285  -1  98  -1  -1 231  -1  -1  -1  -1  -1  -1   9  51  -1  -1  11  -1  -1  -1  -1 310 
 47  -1  -1   8  -1  -1 274 269  -1 272  -1 228  -1  -1  -1  -1  -1  -1  -1  -1  -1  -1  -1  -1  -1  -1 
 48  -1  -1 139  -1  -1  -1  -1  -1  -1  -1 181 141  -1  -1  -1  -1   6  -1 271  -1 309 185 273  -1  -1 
 49  -1  -1  -1  -1 275  55  -1  -1  -1  -1  99 230  -1  -1  -1  -1  -1  -1  -1 229  -1 226  -1  -1  -1 
 50  -1  -1  -1  -1  -1 225  -1  -1  -1  -1  -1  -1  -1  21  -1  54  -1  -1  52  -1  -1  -1 153  -1  -1 
 51  -1  -1  -1  -1  -1  -1  -1  -1 138  -1  -1  -1 308  -1 314  -1  -1  -1  -1  -1 241   7  -1 186  -1 
 52  -1  -1  95 142  -1  -1  -1  -1  -1  -1  -1  -1  -1 311  -1  -1  -1  -1  -1  -1  -1 137  -1  -1  -1 
 53 312  -1  -1  -1  -1  -1  -1  -1  -1  -1  10 182  -1  -1  -1  -1 197  -1  -1  97  -1 270  -1   5  -1 

r\t   0   1   2   3   4   5   6   7   8   9  10  11  12  13  14  15  16  17  18  19  20  21  22  23  24 
  0  -1 209  -1  -1  -1  -1 208  -1 100  -1  -1  -1  -1  -1  -1  -1 298 302  -1  -1  -1 131  -1  41  -1 
  1  -1 179  -1 177  -1  -1  -1 218 265  -1  -1  -1  -1  -1  -1 303  28  85  -1  -1  -1 296 145 246  -1 
  2  -1  -1 199  -1  -1  -1  -1 133  -1  38  -1 155 293  69 175  -1  -1  -1  87  -1  -1  -1 267  -1  -1 
  3  -1  62  -1 196  -1  -1 101  58  -1  -1  -1 258 278  -1  -1  -1  -1 148 148  -1  -1  -1 173  -1  -1 
  4  -1 259  72  89  -1  -1 190 211  -1  -1  -1  -1  -1  -1  -1  -1  -1 126 166  -1  -1  25  -1 221  -1 
  5  -1  -1 279  -1  -1  -1  -1  -1  -1  -1  -1  -1  -1 129  -1  -1  -1  -1 233  -1  -1 249  -1  -1  -1 
  6  -1  71  -1  -1  -1  -1  -1 152  -1  -1  -1  -1  -1  -1  -1  -1  57  -1  -1  -1  -1 114  -1  -1  -1 
  7  -1  -1  -1  -1  -1  -1  -1  -1  -1  -1  -1  -1  -1 256  -1  -1  -1 170  15  -1  -1  -1  -1 306  -1 
  8  -1  -1  -1  -1  -1  -1  -1  43 248  -1  -1 282  -1  -1  -1  -1  -1  -1  -1  -1 219  18 132  -1  -1 
  9 174  -1 201  -1  -1  -1  -1  -1 290  -1  -1  -1 104 104  -1  -1  -1  -1  -1  -1  -1 243  -1 135  -1 
 10  -1  -1  -1  -1  -1  -1  34 300  -1  -1  -1 165  -1 191  -1  -1 277 234  -1  -1  -1  -1  -1  -1  -1 
 11  -1  35  -1 238  -1  -1 213  37  76  -1  -1  -1  -1 113  -1  -1  -1 159  -1  -1  -1  -1  -1 264  -1 
 12  -1  -1  -1  -1  -1  -1 146  70  -1  -1 215  67  -1  -1  -1  -1  -1  -1  -1  -1  -1 205 115  -1  -1 
 13  -1  -1  -1  -1  -1  66  -1  -1 121 262  -1  79  -1  -1  -1  -1 164  -1  -1  -1  -1  -1  64  59  -1 
 14  -1 284  29  -1  -1  -1 158  -1  -1  -1  22  -1 120  -1  -1  -1 144 280 280  -1  -1  -1  -1 128 169 
 15  -1  -1  -1  -1  -1  -1  -1 123  27  -1  -1  -1 240  -1  -1  -1  42  -1  -1  -1  -1  -1  88  -1  -1 
 16  -1  47 242  -1  -1  -1  -1  -1  -1  40  -1  -1  -1  -1  -1 176  -1  -1  -1  -1  -1  -1 292 150  -1 
 17  -1  -1 260 124  -1  -1  80 307 168  -1  -1 194  -1  -1  -1  -1  -1  -1  -1  -1  -1  -1  -1  -1  -1 
 18  -1  77  -1  -1  -1  -1  14  -1  -1  -1  -1  -1 305  26  -1  -1  78  -1  -1  -1  -1 301  -1 299  -1 
 19  -1 161 111 252  -1  -1  -1 192 192  -1  -1  -1  -1 203  -1  -1 245  -1 122  -1  -1 154  -1  -1  -1 
 20  -1 102 255 223  -1  -1  -1 253  -1  -1  -1 297  -1  -1  -1 125 189  -1  -1 304  -1  -1  -1  91  -1 
 21  -1 147 289  -1  -1  -1  -1  -1  -1 217  -1  -1  -1  44  -1  -1 204  60  60  -1  -1  -1  -1  -1  -1 
 22 236 236  -1  -1  -1  -1  -1  -1  36  -1  -1  -1  -1  -1  82  -1  -1 202  -1 216  39  -1  16  16  83 
 23  -1  -1  -1 261  -1  -1  -1  -1  -1  -1  -1 110   1 276  -1  -1  -1  -1  -1  -1  -1 287  -1  73  -1 
 24  -1 198 117  -1  -1  -1 257  -1  -1  -1  -1  -1  -1  13  -1  -1  -1  -1 254 286  -1  -1  -1  32  -1 
 25  -1  12  -1 108  -1 263  45 210  -1  -1  -1  -1 188  -1  84  -1  23  -1  -1  -1  -1 214 167  -1  -1 
 26  -1  -1  -1  81  -1 130  -1  -1  -1  -1  -1  -1  -1 172  -1  -1  -1  -1  -1  -1  -1  -1  -1  -1  -1 
 27  -1 171  -1 212  -1  -1 232  -1  -1 127  -1  -1  -1  -1  -1  -1 235  -1  -1  -1  -1  -1  86  -1 106 
 28  -1 220  -1  -1  -1  -1 116  33  -1  -1  -1  -1 160 291  -1  -1  -1  -1  -1  -1  -1  -1  -1 157  -1 
 29  -1  -1  -1  -1  -1  -1 247 103  56  -1  -1  -1  -1  -1  -1  -1   3  20  -1  -1  -1  -1   0  -1  -1 
 30  -1  -1  19  19  19   4   4  17  17  -1  -1  30  -1   2   2  -1  -1  -1  -1  -1  -1  -1  24  -1  -1 
 31  -1  -1  -1  -1  -1  -1  -1  -1  -1  -1  -1  -1  -1  -1  -1  -1  -1  31  31  31  -1  -1  -1  -1  -1 
 32  -1  -1  63  63  63  -1  -1  -1  46  46  -1  -1  61  61  -1  48  48  74  68  -1  -1  -1  -1  -1  -1 
 33  -1  -1  -1  -1  -1  -1  -1  -1  -1  -1  -1  -1  -1  -1  -1  -1  -1  -1  -1  -1  75  75  75  -1  -1 
 34  -1 112  -1  -1  -1  92  92  -1  -1  -1  -1  -1  -1  90  90  -1  -1 105 105  -1 107 107 107 118  -1 
 35  -1  -1  -1  -1  -1  -1  -1  -1  -1  -1  -1  -1  -1  -1  -1  -1  -1 119 119 119  -1  -1  -1  -1  -1 
 36  -1  -1 149 149  -1 134 134  -1  -1  -1  -1 162 151 151 151  -1  -1 136 136  -1  -1 156  -1  -1  -1 
 37  -1  -1 163 163 163  -1  -1  -1  -1  -1  -1  -1  -1  -1  -1  -1  -1  -1  -1  -1  -1  -1  -1  -1  -1 
 38  -1  -1  -1  -1  -1  -1  -1  -1 178 178  -1 200 206 180 180  -1  -1 195 195 195  -1  -1 193 193  -1 
 39  -1  -1  -1  -1  -1  -1  -1  -1  -1  -1  -1  -1  -1  -1  -1  -1  -1  -1  -1  -1  -1  -1 207 207 207 
 40  -1 244  -1  -1  -1 222 222 239 239 239 237 237  -1  -1  -1 224 224 250  -1  -1  -1  -1  -1  -1  -1 
 41  -1  -1  -1  -1  -1  -1  -1  -1  -1  -1 251 251 251  -1  -1  -1  -1  -1  -1  -1  -1  -1  -1  -1  -1 
 42  -1  -1  -1  -1  -1 283 283 283  -1  -1  -1  -1 266 266  -1 268 268 294 288  -1  -1  -1 281 281  -1 
 43  -1 295 295 295  -1  -1  -1  -1  -1  -1  -1  -1  -1  -1  -1  -1  -1  -1  -1  -1  -1  -1  -1  -1  -1 
 44  -1   6  -1  -1  -1  -1  -1  -1 153  -1  -1  -1 141  -1  -1  -1 137  -1  -1 315  -1  -1  51  10  -1 
 45  -1 139  -1  -1  -1  -1  -1  -1  -1  -1  -1 313  53 142  55  -1 184 228 274  -1  -1  -1  -1 109  -1 
 46  -1  -1 309 140  -1  -1  -1  -1 226  97  -1  21  -1  -1  -1   7  -1  -1  -1  -1  -1  -1 230  -1  65 
 47  -1  94  -1  -1  -1  -1  -1  54  -1   9  -1  -1  -1 227  -1  93  -1  49  -1  -1  -1 197  -1 182  -1 
 48 310  -1  -1  -1 316  -1 181  99  -1  -1  -1  -1  -1  -1  -1  -1  -1 275  50  -1 241 308  -1  -1  -1 
 49 285  -1  -1  -1  -1 185  -1 186  -1  -1  -1  -1  -1  -1 229  -1  -1  -1  -1  -1  -1  -1  -1  -1  -1 
 50  -1  -1  -1 272  -1  -1  -1  -1  -1  -1  -1  -1  95  -1 271  -1  96  -1  -1  -1  -1  -1  -1  -1  -1 
 51  -1 270  -1   5  -1  -1  -1  -1   8 269  -1  -1  -1  -1  -1 138  -1  -1  -1  -1 314  -1 183  -1  -1 
 52  -1  -1  -1  -1  -1  -1 273  -1  98 143  -1  -1 225  -1  -1  -1  -1  -1  -1  -1  -1  -1  -1  52 311 
 53  -1  -1  -1  -1  -1  -1  -1  11  -1  -1 312  -1 187  -1  -1  -1  -1  -1 231  -1  -1  -1  -1  -1  -1 

r\t   0   1   2   3   4   5   6   7   8   9  10  11  12  13  14  15  16  17  18  19  20  21  22  23  24 
  0  -1  -1  -1  -1  -1  -1 284  -1 188  -1  -1  -1  -1 199 150  -1  -1  -1 192 192  -1  -1  62 111  -1 
  1  -1 289 152  29 287  -1  -1  81 102  -1  -1  25  -1  -1 304  -1  -1 282  -1  -1  -1  91  -1 168  -1 
  2  -1 205  -1  -1  -1  -1  -1  -1  -1  -1  -1  -1  -1  -1 130  -1  -1  -1  -1  -1  -1 121 116  -1  -1 
  3  -1  -1 243  -1  -1  -1  -1 305 114  -1  -1  -1  -1 220  -1  -1  -1  40  -1  -1  -1  -1  -1  -1  -1 
  4  -1  -1  -1 154  -1  -1  -1  -1  -1  -1  -1  -1  -1  45  -1  -1  -1  -1  -1  -1  -1 256 170  -1  -1 
  5  -1  -1  -1  -1  -1  -1  -1  -1  -1  -1  -1  -1  -1  -1  -1  -1 299  -1  -1  -1  16  16  -1  26  -1 
  6  -1  -1  82 166  -1  -1  -1  -1 155  -1  -1  -1  -1  -1 175  -1 161  -1  -1  -1  -1 232  -1 209  -1 
  7  86  -1 133  -1  -1  -1  -1  60  60  -1  -1 259  -1  -1  -1  -1  32  -1  -1  -1 177  -1 201  -1  -1 
  8  -1  -1  -1  -1  -1  -1  66 211  -1  -1  -1  -1  -1 145  -1  -1  43 301  41  -1  -1  -1  23  -1  -1 
  9  -1  -1 252  -1  -1  -1 110  -1  -1  -1  -1  59  -1  -1 173  -1  -1  -1  -1 217 221  -1  -1  -1  -1 
 10  39  -1  -1  -1  -1  -1  -1  -1 279  -1  -1 117  57  -1  -1  -1  -1  -1  -1  -1  -1  -1  28  -1  -1 
 11 286 255 223  67  -1  -1 115  -1  -1  -1  -1  78 104 104 238  -1  -1  -1 278  -1 172  -1  -1 240  -1 
 12  -1  -1  -1  -1 127  -1  -1 189  -1  -1  -1 277  -1  -1  -1  -1  -1 296  70  -1  -1  -1  -1  18  -1 
 13  -1  -1  -1  -1  -1  -1  -1  -1  -1 306  -1  -1 293  -1  -1  -1  -1  -1 120  -1  -1  58  -1  -1  -1 
 14  -1  -1  -1  -1  -1  -1  -1  36  -1  -1  -1 203 254 297  -1  -1 113 257  -1  -1 265  -1  47  -1  -1 
 15 125 157 215  -1  -1  -1  -1  89  27  -1  -1 190  13  -1  -1  -1 103  80  -1  -1  -1 212  -1  -1  -1 
 16  -1 191 280 280  -1  -1  -1  -1  -1  -1  -1  -1  -1  -1  -1  -1  -1 198  -1  -1  -1 106 235 131  84 
 17  -1  15  -1 242  -1  -1  -1  -1  -1  -1  37  -1  -1  -1  -1  -1  -1  -1  -1  -1  -1 264  -1  -1  -1 
 18  -1 263  -1  73  -1  -1  -1 124  -1  -1  -1 258  -1 246  -1  -1  -1  -1  -1 261  -1  -1  -1  -1  -1 
 19  -1 146 218 122  -1  -1 194 213  -1  -1  -1 167  -1  -1 171 216 248  -1 260  -1  -1  -1   3  69  -1 
 20  -1  -1  85  -1  -1 307  -1  -1 253  -1  -1  -1  -1 132  -1  -1  -1  -1  -1  -1  -1  -1 290  -1  -1 
 21  -1  -1  -1 126  -1  -1  -1  -1   0  -1  -1 249  -1  -1 302  -1  64  -1  -1 214  -1 160  -1  -1  -1 
 22  -1  -1  -1  -1  -1  -1  -1 165  -1  -1  -1  14 196  -1  -1  -1  -1 267 202  -1  -1  -1  -1  -1  -1 
 23  -1 234 298  -1  -1  -1  -1 210  77  -1  -1  -1  -1  -1  -1  -1 147  88 262 219  -1  79 176  -1  -1 
 24  -1  -1  -1  -1  -1  -1  33  72  71  83  -1 291  -1  -1 128  -1  -1 233 247 303  -1 144 100 123  -1 
 25 129  -1  -1  -1  -1  -1  -1  -1  44  -1  -1  -1  -1  20  -1  -1  -1  35  34  87  -1  -1  -1  -1  -1 
 26  -1 101  -1  -1  -1  -1 164 245  -1  -1  -1  -1  -1 159  -1  -1  76  -1  42  -1  -1 300  -1  -1  -1 
 27  -1  -1  -1  -1  -1  -1  -1  -1 135  -1  -1 108 158  -1  -1  -1 276  -1 292  -1  -1  -1  -1  -1  -1 
 28  -1  -1  -1  -1  22  -1  -1  -1  -1  -1  -1  -1 208 179  -1  -1  -1  -1  -1  -1  -1  -1 148 148   1 
 29  -1  -1 174  38  -1  -1  -1  -1 169  -1  -1  -1 236 236  -1  -1 204  -1  12  -1  -1  -1  -1  56  -1 
 30  -1  -1  -1  -1  -1  19  19  19  -1  -1   2   2  -1  30  -1  17  17   4   4  -1  -1  24  -1  -1  -1 
 31  31  31  31  -1  -1  -1  -1  -1  -1  -1  -1  -1  -1  -1  -1  -1  -1  -1  -1  -1  -1  -1  -1  -1  -1 
 32  61  61  -1  -1  -1  -1  68  -1  -1  -1  48  48  74  -1  -1  -1  -1  63  63  63  46  46  -1  -1  -1 
 33  75  75  75  -1  -1  -1  -1  -1  -1  -1  -1  -1  -1  -1  -1  -1  -1  -1  -1  -1  -1  -1  -1  -1  -1 
 34  -1  -1 105 105  -1  -1  -1  -1  -1  -1  92  92 112 118  -1  90  90 107 107 107  -1  -1  -1  -1  -1 
 35  -1  -1 119 119 119  -1  -1  -1  -1  -1  -1  -1  -1  -1  -1  -1  -1  -1  -1  -1  -1  -1  -1  -1  -1 
 36  -1  -1  -1  -1  -1 151 151 151 162  -1  -1  -1  -1  -1  -1 134 134  -1 149 149 136 136 156  -1  -1 
 37  -1  -1  -1  -1  -1  -1  -1  -1  -1  -1  -1  -1  -1  -1  -1  -1  -1 163 163 163  -1  -1  -1  -1  -1 
 38  -1  -1  -1 193 193  -1  -1  -1 200  -1 178 178  -1 206  -1 180 180  -1  -1  -1  -1  -1 195 195 195 
 39  -1  -1 207 207 207  -1  -1  -1  -1  -1  -1  -1  -1  -1  -1  -1  -1  -1  -1  -1  -1  -1  -1  -1  -1 
 40  -1  -1  -1  -1  -1  -1 250 239 239 239 222 222  -1  -1  -1 224 224 244 237 237  -1  -1  -1  -1  -1 
 41  -1  -1  -1  -1  -1  -1  -1  -1  -1  -1  -1  -1  -1  -1  -1  -1  -1  -1  -1  -1  -1  -1 251 251 251 
 42  -1  -1  -1 288  -1  -1  -1  -1 294  -1 268 268  -1 281 281 266 266  -1  -1  -1  -1  -1 283 283 283 
 43  -1  -1  -1  -1  -1 295 295 295  -1  -1  -1  -1  -1  -1  -1  -1  -1  -1  -1  -1  -1  -1  -1  -1  -1 
 44  -1  -1  52  -1  -1  -1  -1  -1  95 109  -1  -1  -1   6  -1  -1  -1  -1  -1  -1  -1  -1  -1  -1  -1 
 45  -1  96  -1  -1  -1  -1  -1 273  -1 285  -1  -1  98  -1 314  49  -1  -1 274 311   9  -1 229  -1  -1 
 46  -1 183  -1  -1  -1 310  -1 186  -1  -1 143  -1 275  93  -1  -1  -1  -1  -1  -1  -1  -1 140  -1  -1 
 47  -1 225 187  21  -1  -1 241  -1 181  -1  -1 153 141  -1  -1  -1  -1  -1 182  -1  -1 184  -1  -1  -1 
 48 316 272  -1 313  -1  -1  -1  -1 270  -1  -1  -1 185  -1  -1  -1  -1  53 142  -1  -1 226  94 315  -1 
 49  -1  10  -1  -1  -1  -1  -1  -1  -1  -1  -1  -1 227  -1  -1  -1   5 228  -1  -1  -1  -1  -1  -1 138 
 50  -1 139 269  -1  -1  -1  -1  55 230  -1  -1  -1  11  -1  -1  -1  -1  -1  -1  -1  97  -1  -1  -1  54 
 51 197  -1  -1  -1  -1  -1  -1 137  -1  -1  -1  -1  50  -1  -1  -1  -1  -1  -1  -1  -1  -1  -1  -1  99 
 52  -1  -1  -1  -1 312  -1 308  -1  -1  -1  -1  -1  -1  -1  65   8  -1  -1  -1  -1  -1  -1  -1  -1  -1 
 53  -1  -1  -1  -1  -1  -1  -1  -1  -1 309  -1  -1  -1 271  -1  -1  51  -1 231  -1  -1   7  -1  -1  -1 

r\t   0   1   2   3   4   5   6   7   8   9  10  11  12  13  14  15  16  17  18  19  20  21  22  23  24 
  0  -1 255  14  18  -1  -1  -1  -1 210  -1  -1  -1  36  -1  -1 110  -1 214 249  -1  -1  -1  -1  -1  -1 
  1  -1  -1  -1  -1 287 217 240 133  -1  -1  -1  -1  -1 125 242  -1 267  -1  59 219  -1  -1  -1  42  -1 
  2  -1  -1  -1 165  -1  -1  -1  -1 216  -1  -1  -1 147  -1  -1  -1  -1 213  44  -1  -1  32  -1  -1  -1 
  3  86  -1  -1  -1  -1  -1 198  -1  -1  -1  -1  -1 300  -1  -1  84  -1 148 148  -1  67  -1 100 289  -1 
  4  -1  -1  -1 252  -1  -1  -1  25  -1  -1  -1 233  -1  -1  -1  -1 282  -1   1  -1  -1 298 132  -1  -1 
  5  -1 115  -1  64  -1  -1  -1 293 166  -1  -1  -1 202  -1  -1  -1  -1 194 157  -1  -1  -1  -1 253  -1 
  6  -1 290   0  -1 150 257  -1  -1  -1  -1  -1  27  -1  -1  -1  -1  -1 278 299  -1  -1  -1  28 111  -1 
  7  -1 102  -1  -1  66  -1  26 189  -1  -1  -1  -1  -1  -1  -1  -1  -1 167  -1  -1  -1  -1  -1  -1 175 
  8  -1  -1  -1  80  -1  -1  -1  -1 144  -1  -1  -1  -1  -1  -1  -1  -1 179 188  -1  -1  -1  -1  -1  -1 
  9  -1 160  -1  -1  -1  87  62  -1  -1  -1 221 146  16  16  -1 170  43 209  -1  -1  -1  -1  -1  -1  -1 
 10 307  -1  -1  -1  -1  -1  -1  60  60  -1  -1  -1  -1  -1  -1  -1 190  -1 174  -1  -1  -1  -1  -1  -1 
 11  -1  -1  -1  45 173  -1  -1 158  -1  -1  -1 247  -1 220  -1  -1  -1  -1  -1 301  -1  -1  -1  -1 260 
 12  40 204  -1  -1  -1  -1  -1  -1  12  -1  -1  -1  -1  -1  -1  -1  -1  57  -1 126  -1  -1 196  -1  -1 
 13  -1  -1 261 212 238  -1  -1  -1 234  -1 177  13 265 286  -1  -1  -1  -1  -1  -1  -1 191  -1  -1  -1 
 14  -1  -1  -1 171  -1  -1 297  -1  -1  -1  -1  47  -1  -1  -1 303 223 296  79  -1  -1  -1  15 164  -1 
 15  -1 259  70  -1  -1  -1 120  -1 264  -1  -1  -1 122  -1  39  -1  -1  -1  -1  -1  -1   3  -1 124  -1 
 16  -1  -1 236 236  -1  -1  -1  -1  -1  -1  -1 101  -1  -1  -1  -1  -1  -1  -1  -1  -1  73  -1  22  -1 
 17  -1  -1  -1  -1  -1 304  -1  -1 103 176  -1  -1  76 232  -1  -1  -1 248  -1  -1 106  -1  -1  -1  -1 
 18  -1  29  41  -1  -1  -1  -1 113 291  -1  -1 129  -1  -1  -1  -1  -1  -1  -1  -1  -1  -1 218  -1  -1 
 19  -1  69  -1  -1  -1  -1  -1 211  -1  -1  -1  71  -1  -1  -1  -1  -1  -1  -1  -1  -1  23  -1  -1 306 
 20  -1 135 280 280 262  -1 263  -1  -1  -1 130 203  -1  -1  -1  -1 169  -1 104 104  -1  -1 161  -1  -1 
 21  -1  -1 201 145  -1  -1  -1  -1 192 192  -1 168  -1  34  -1  -1 254  -1 277  -1  -1 159  -1  -1  -1 
 22  -1  -1  56 114  -1 127  -1  -1  88  37  -1  -1  -1  -1  -1  -1  -1  72  -1  -1  -1  -1  -1  -1  -1 
 23  -1 154  -1 108  -1  -1 208  -1  -1  -1  -1 292  -1  -1  -1  -1  -1  -1 123  -1 199  -1  -1  -1  -1 
 24  -1  -1  -1  89  -1  -1  -1  -1  -1  -1  -1  -1  33  -1  -1  -1  -1  -1  -1  -1  -1 205  -1  -1  -1 
 25  -1 258  -1  -1  -1  -1  -1  -1 305  -1  -1  77  -1  -1  -1  -1 243  -1  -1  -1  -1  -1  -1  -1  -1 
 26  -1  -1  35  -1  -1  -1  -1 215  -1  -1  -1  -1 284  -1  81 155  58  82  20  83  -1 117  -1  -1  -1 
 27  -1  -1  -1  -1  -1  -1  -1  -1  78  -1  -1  -1  -1  -1  -1  -1  -1  -1  -1  -1  -1 279  -1 128  38 
 28  -1  -1  91  -1  -1  -1  -1  -1 256  -1  -1 276 246  -1  -1  -1 121  -1  -1  -1 302  -1  -1  -1  -1 
 29  -1  -1  -1  -1  -1  -1  85 235  -1  -1  -1 131  -1 152  -1  -1  -1 116 172  -1  -1  -1 245  -1  -1 
 30   2   2  -1  -1  -1  19  19  19  30  -1  -1  -1   4   4  -1  17  17  -1  -1  -1  -1  -1  -1  24  -1 
 31  -1  -1  -1  -1  -1  -1  -1  -1  -1  -1  -1  -1  -1  -1  -1  31  31  31  -1  -1  -1  -1  -1  -1  -1 
 32  46  46  -1  -1  -1  -1  -1  74  48  48  -1  -1  63  63  63  -1  68  -1  -1  -1  -1  -1  61  61  -1 
 33  -1  -1  -1  -1  -1  -1  -1  -1  -1  -1  -1  -1  -1  -1  -1  -1  -1  -1  -1  -1  -1  -1  75  75  75 
 34  92  92 118  -1  -1 107 107 107  -1  -1  -1  -1 105 105  -1  -1  -1  90  90  -1  -1  -1 112  -1  -1 
 35  -1  -1  -1  -1  -1  -1  -1  -1  -1  -1  -1  -1 119 119 119  -1  -1  -1  -1  -1  -1  -1  -1  -1  -1 
 36  -1  -1 162  -1  -1 149 149  -1  -1  -1 134 134  -1  -1  -1  -1 156 136 136  -1  -1  -1 151 151 151 
 37  -1  -1  -1  -1  -1  -1  -1  -1  -1  -1  -1  -1 163 163 163  -1  -1  -1  -1  -1  -1  -1  -1  -1  -1 
 38 180 180 195 195 195  -1  -1 178 178  -1  -1  -1 193 193  -1  -1 200  -1 206  -1  -1  -1  -1  -1  -1 
 39  -1  -1  -1  -1  -1  -1  -1  -1  -1  -1  -1  -1  -1  -1  -1  -1  -1  -1  -1  -1  -1  -1 207 207 207 
 40 224 224 244  -1  -1  -1  -1  -1 222 222  -1  -1  -1  -1  -1  -1  -1 237 237  -1  -1 250 239 239 239 
 41  -1  -1  -1  -1  -1 251 251 251  -1  -1  -1  -1  -1  -1  -1  -1  -1  -1  -1  -1  -1  -1  -1  -1  -1 
 42 266 266 294  -1  -1 283 283 283  -1  -1 268 268  -1  -1  -1  -1 288  -1  -1  -1  -1  -1  -1 281 281 
 43  -1  -1  -1  -1  -1  -1  -1  -1  -1  -1  -1  -1  -1  -1  -1  -1  -1  -1  -1  -1  -1  -1 295 295 295 
 44  -1  -1  -1  -1  -1  -1  -1  -1  -1 275  -1  94 229  -1  -1  -1  50 269  -1  -1  -1 181 273  -1  -1 
 45  -1  -1  -1  -1 315  -1  -1  -1 143  -1  -1  -1  -1  -1 311  -1 187  49  -1  -1  -1  -1  98  -1  -1 
 46  -1  -1  -1  -1  -1  -1  -1  -1  -1 153  -1  -1  99  -1  -1  -1  -1  -1 272  -1  -1  -1  -1  -1  -1 
 47  -1  -1 231  -1  -1  -1  -1  -1  -1  -1  -1 227  -1  -1 285  -1  -1  -1  -1 312 241 226  -1  -1  -1 
 48  -1  -1 271  -1  -1 314  -1  -1  10  -1  -1  -1  -1  -1  -1 316   8  -1  -1  -1  -1 141  -1  -1 310 
 49 138  -1 139 183  -1  -1  -1  -1  -1  -1  -1  -1  -1  -1  -1  -1  95 230 185  -1  -1 270  -1  -1  -1 
 50  -1  -1 109  -1  -1  -1  -1  53  -1  11   9   5  -1 186  -1  -1  -1  -1  -1  -1  -1  -1 182 308  -1 
 51  -1  -1  -1 140  -1  -1 313  -1  -1  93  97 197  -1  51  -1  -1 142  -1 225  -1  -1  -1   7  -1  -1 
 52  -1  -1  54 228  21  -1  -1  -1  -1  -1  -1  -1 184  -1  -1  -1  -1   6  -1  -1  -1  52  -1  -1  -1 
 53  -1  -1  -1 274  -1  -1  -1  -1  -1  -1  55  65  -1 137  -1  -1  -1  -1  -1  -1 309  96  -1  -1  -1 

r\t   0   1   2   3   4   5   6   7   8   9  10  11  12  13  14  15  16  17  18  19  20  21  22  23  24 
  0  -1  -1 279  -1  -1  -1 277 212  -1  -1  -1  -1  60  60 303  -1  82  -1 170  -1  -1 111  47  -1  -1 
  1  -1  -1 101  -1 307  -1  14  -1  -1  -1  -1 147  -1  -1  -1  -1  -1  -1  -1  -1  -1  -1  -1  -1  -1 
  2  -1  71 211  -1  -1  -1  87  -1  -1 259  -1  -1  -1  40  -1  -1 256  -1  -1  -1  -1  -1  -1  88  -1 
  3  -1  -1  59 218  -1  -1  -1  -1 282  -1  -1  -1 152  -1  -1 260  -1  -1  -1  -1 265  -1 216  -1  -1 
  4  -1  -1  -1 306  -1  -1  -1  -1  25  -1  -1 242 253  -1  -1  -1  -1  -1  -1  -1  -1 298  16  16  -1 
  5 198  -1  -1   3  -1  -1 113  -1  -1  -1  -1  -1 234  -1  -1  -1  -1  -1  -1  -1  -1  -1 204  -1  -1 
  6 127  -1  -1  -1  -1  -1  70  -1 255 301  -1  12 296  -1  -1  -1  -1  -1  -1  -1  -1  -1  -1  -1  -1 
  7  -1  -1  72  -1  -1 104 104  -1  -1 258  -1 287  -1  -1  -1  -1  -1  -1  -1  -1  -1  -1 264  -1  -1 
  8  -1  -1  -1  26  -1  -1 169 240 125  -1  -1  -1  -1  -1  -1  -1  64  -1  -1  -1  -1 202  -1  -1  -1 
  9  -1  -1 172  77  -1  -1  -1 219  62  -1  -1  -1  -1  -1  -1  -1 157  -1  -1  -1  -1  -1  -1 276  -1 
 10  -1  -1  -1 100  -1  -1  32  -1 201  -1  -1  69  -1  79  -1  -1  20  -1  -1  -1  -1 247  67  -1  -1 
 11 257  -1  -1  -1  -1  -1  -1 120  -1 174  -1  43  -1  -1  -1  -1  -1  -1 217  -1  -1  -1  -1  -1  -1 
 12 150 223  -1  -1  -1  -1 191  -1  -1  -1  -1  -1 122 154 213  -1 300  -1 249  -1  45 199  -1 133  -1 
 13  -1  -1  -1 177  -1  84  -1  13  -1  -1  -1  -1  -1  -1  -1  -1  73  -1  -1  -1  -1 243 165  -1 155 
 14  -1  -1 146  -1  -1  -1  -1  -1 293  -1  -1  33  36  -1  -1  -1  -1  -1 203  -1  -1  -1  39  -1  38 
 15  -1 254  -1 302  -1 171  -1  -1  -1  -1  -1  -1  -1 248  -1  -1  -1  -1  -1  -1  -1  -1  -1  -1  -1 
 16  -1  -1  -1  -1   1  -1  85  -1  -1  -1  -1  -1  27 161  -1  -1  -1  -1 129  -1  -1  -1  -1  29  -1 
 17  -1  -1  -1  -1  -1  -1 205  -1  -1  -1  -1  66  44 126  -1  -1  -1 132 173  -1 176  -1 284 262  -1 
 18  -1  -1 168  56  -1  -1  -1  -1  -1  -1  -1  -1  -1  -1  42  -1  -1  -1  -1  -1  -1  -1 130  57  -1 
 19  -1  58  -1  -1  -1  -1  -1  -1 238  -1  -1  -1  -1 209  -1  -1  -1  -1  -1  81  -1 160  -1  -1  -1 
 20  -1  -1  -1 145  -1  -1 304  -1  76  -1  -1  -1  -1 280 280  -1  -1 144 131  -1  -1  18  78  -1  -1 
 21  -1  -1 179 246  -1  -1  -1  80 164  -1 214  -1 286  -1  -1  -1  -1  -1 167  -1 148 148  -1  -1  -1 
 22  -1  91  -1 114  -1  -1  -1  -1  -1  -1  -1 245  -1 135  -1  -1  -1  -1 263  -1  -1  -1  -1  -1 106 
 23  -1 189  -1  23  -1  -1  -1 291  -1  -1  -1  -1 220 196  -1  -1 215  -1  -1  -1  -1  -1  35 221  -1 
 24  -1  -1  15  -1  -1  -1 297  -1  -1  -1  -1  -1  -1 232  -1  -1  28 290  -1  -1  -1  34 124  -1  -1 
 25  -1 115 210  -1  -1  -1  -1 159  -1  41  -1  -1 103  -1  -1 305 208  -1 123  -1  86 117  -1  -1  -1 
 26  -1  -1  -1 166  -1  -1 158 278  -1  -1  -1 110   0  -1  -1  -1  -1 252  -1  -1  -1  -1  -1 289  -1 
 27  -1  -1  -1  -1  -1  -1 235 261  -1  -1  -1  -1  -1  -1  -1  -1 190 128 175  -1  -1  -1  -1  -1  -1 
 28  22  -1  -1  -1  -1  37  -1 188  -1  -1  -1  -1 267 108  -1  -1 116 192 192  -1  -1  -1  89 102  -1 
 29  -1  -1 236 236  -1  -1  -1  -1 194  -1  -1 292  -1 299  -1  -1  -1 121  83  -1  -1  -1 233  -1  -1 
 30  -1  30  -1  -1  -1  -1  -1  24  -1  -1  -1  -1  19  19  19   2   2  17  17  -1  -1  -1   4   4  -1 
 31  -1  -1  -1  -1  -1  -1  -1  -1  -1  -1  -1  -1  -1  -1  -1  -1  -1  31  31  31  -1  -1  -1  -1  -1 
 32  -1  48  48  46  46  63  63  63  -1  -1  -1  -1  -1  68  -1  -1  -1  61  61  -1  -1  -1  -1  74  -1 
 33  -1  -1  -1  -1  -1  -1  -1  -1  -1  -1  -1  -1  -1  -1  -1  -1  -1  75  75  75  -1  -1  -1  -1  -1 
 34  -1  -1 118  90  90  -1  -1 107 107 107  -1  -1  -1  -1  -1  92  92 105 105  -1  -1  -1  -1 112  -1 
 35  -1  -1  -1  -1  -1  -1  -1  -1  -1  -1  -1  -1 119 119 119  -1  -1  -1  -1  -1  -1  -1  -1  -1  -1 
 36  -1 136 136 134 134  -1  -1 151 151 151  -1  -1  -1  -1  -1 149 149 156  -1  -1  -1  -1 162  -1  -1 
 37  -1  -1  -1  -1  -1  -1  -1  -1  -1  -1 163 163 163  -1  -1  -1  -1  -1  -1  -1  -1  -1  -1  -1  -1 
 38  -1 200  -1  -1  -1  -1  -1  -1  -1  -1 193 193  -1 180 180 178 178 206  -1  -1  -1  -1 195 195 195 
 39  -1  -1  -1  -1  -1  -1  -1  -1  -1  -1 207 207 207  -1  -1  -1  -1  -1  -1  -1  -1  -1  -1  -1  -1 
 40 237 237 250 222 222  -1  -1  -1  -1  -1  -1  -1  -1 224 224  -1  -1 239 239 239  -1  -1 244  -1  -1 
 41  -1  -1  -1  -1  -1 251 251 251  -1  -1  -1  -1  -1  -1  -1  -1  -1  -1  -1  -1  -1  -1  -1  -1  -1 
 42  -1 294  -1 281 281  -1  -1  -1  -1  -1  -1  -1  -1 268 268 266 266 283 283 283  -1  -1  -1 288  -1 
 43  -1  -1 295 295 295  -1  -1  -1  -1  -1  -1  -1  -1  -1  -1  -1  -1  -1  -1  -1  -1  -1  -1  -1  -1 
 44 315  -1 197  -1  -1  -1   7  -1  -1  -1  -1 308  -1  -1  -1  -1 139  -1  94  -1  -1  -1  -1  -1  -1 
 45  -1 269  -1  -1  -1  -1 270  -1  -1  -1  -1  -1  95  -1  -1  -1  -1  -1  -1 153  -1  -1  -1  -1  -1 
 46  -1  -1   6  -1  -1  -1  -1  -1  21  -1  -1  -1  -1  -1  -1  -1  52 231 273  -1  -1  -1  -1  -1 241 
 47  -1   8  -1 271  -1  -1  -1  50  -1  -1  -1  -1  -1  10  -1  -1 227  -1  -1  -1 140  -1  -1  -1  -1 
 48  -1  -1  99  -1  -1 316 187 226  -1  -1  -1  -1  -1  -1  -1  -1  -1  -1 138  -1  -1 311  -1  -1  -1 
 49  -1  -1  -1  -1  -1  -1  49 182  -1  -1  -1  -1  -1  96  55 143  -1  -1  -1 313 228  -1 137 275  -1 
 50  -1 183  -1  -1  -1  -1 142   5  -1  -1  -1  -1  -1  -1 141  -1  -1  97 181  -1  -1  -1  -1  -1  -1 
 51  -1  -1 225  -1  -1  -1  -1  -1  -1 310  -1  -1  -1  51  -1  -1  -1  -1  -1  -1   9  -1  -1  53  -1 
 52  -1  -1  -1  -1  -1  -1  98  -1 309  -1 312  -1  -1  -1  -1 229  -1  -1  11  -1  -1  65  -1  -1 314 
 53  -1 109 274  -1 186  -1  -1 272  -1  -1  -1  -1  -1  -1  -1  54  -1 185  -1  -1  93 285 230 184  -1 

r\t   0   1   2   3   4   5   6   7   8   9  10  11  12  13  14  15  16  17  18  19  20  21  22  23  24 
  0  -1  59 160  56  -1  -1 100  -1  -1  -1  -1  -1  -1  -1  -1  -1  25  -1  -1  -1  -1  -1  -1  -1  -1 
  1  -1  14  -1 291 106 172 301 135  -1  -1  -1  -1  -1  -1  -1  -1  -1  -1  -1  -1  -1  62  -1  86  -1 
  2  -1 297  -1  -1  -1  -1 299  -1  35  -1  -1 298  -1  -1  -1  -1  -1  -1  -1  -1  -1  -1 236 236  -1 
  3 305  -1  -1  -1  -1  -1  12 166 232  -1  -1  -1  -1  -1  -1 150 293  -1 170  -1  -1  -1  -1  -1  -1 
  4 220  -1  -1 194  -1  -1  -1  44  -1  -1  -1  -1  -1  -1  -1  -1 124  -1  -1  -1  -1  -1  -1  -1 173 
  5  -1  -1  80  -1  -1  -1  -1 201  -1  -1 262  73  -1 219  -1  -1  -1 132  -1  -1  -1 126  -1  -1  -1 
  6  -1  -1  -1  -1  -1  -1 167 277  -1  -1  -1 169  -1  -1  -1  -1 198  -1  -1  -1  -1 154  87  88  -1 
  7  -1  41 307  -1  -1  -1 209 296  -1  -1  -1  -1  -1  -1  -1  -1  -1  -1  26  -1  -1  -1  -1  83 238 
  8  -1  70  91 168  -1  -1  -1  71  -1  -1  -1  -1  -1  -1  -1  -1  -1  -1  -1  -1 155 174   0 284 171 
  9  -1 254 211   3  -1  -1  -1 223  -1  -1  -1  -1  -1  -1  -1  -1  23  -1  -1  -1  -1  -1 104 104  -1 
 10  -1 258  -1 114  -1  -1  -1  -1  76  -1  -1  47  -1 144  -1  -1  -1  -1 188 260  -1  18  -1  -1  -1 
 11 216 234  -1  32  -1  -1 120  -1  -1  -1  -1  -1  -1  -1  -1  -1  -1 280 280  -1  -1  -1  -1  -1  -1 
 12  -1  -1  13 133  -1  -1  -1  40  -1 128  -1 159 125 191  -1  -1  -1 302  -1  -1  -1  -1 204  -1  -1 
 13 148 148  45  -1  -1  -1  -1  -1  -1  -1  -1  -1 259  -1  -1  -1 165 202  -1  -1  -1  -1  -1  -1  -1 
 14  -1  -1  -1  -1  -1  -1 256  -1  -1  -1  -1 205  -1  -1  -1  -1  -1  15 245  -1  -1  -1 152 131  -1 
 15  -1  34  64 248  -1  -1  57  -1  -1  -1  -1 263  -1 102  -1  -1  84  -1  -1  -1  -1  78  36 122  -1 
 16  -1  -1 121  -1  -1  -1  -1  29 282 213  -1 129  -1  -1  -1  -1  -1 247  -1  -1  -1  -1  -1  -1  -1 
 17  -1 303  -1  -1  -1  -1  -1  -1 267  -1  -1  -1  -1  -1 214  -1  -1  -1  -1  -1  -1 242  -1 290  -1 
 18  -1  -1 189  37  -1  -1 278  -1 116  -1  -1  20 279  -1  -1  -1  -1  60  60  -1  -1 199  -1  58 257 
 19  -1 210  -1 261  -1 221  -1 217  -1  -1  -1  -1  -1  -1  -1  81 287 300 113  85  -1  -1  -1  -1 286 
 20  -1 101  -1  -1  -1  -1  -1 243 212  -1  -1  -1  -1  -1  -1  -1  -1 264  -1  -1  -1 161  -1 252  -1 
 21  -1  -1  -1 108  38  -1 147  -1  -1  -1  -1  -1  -1 306  -1  -1  -1 164  -1  -1  -1  -1 255  -1  -1 
 22  -1  -1 233  -1  -1  -1 190  42  -1  -1  -1 240 127  -1  -1  -1  -1  -1  -1  -1  -1 110 215  -1  -1 
 23  -1  -1  -1  -1  -1  -1  77  16  16  -1  -1  -1  -1  -1  43  22  -1 196 175  -1  -1  -1  -1 265  -1 
 24  -1  -1  -1  -1  -1  -1  -1 246  -1  -1  -1  -1 158  -1  -1  -1  -1  -1   1  89  -1  -1  -1  -1  -1 
 25  -1  -1 146  -1  39  -1  -1  -1 292  -1  -1  -1  -1  -1  -1  -1  -1  -1  -1  -1  -1  33  -1  -1  -1 
 26  -1  -1 111  -1  -1  -1  -1  -1 249  -1  -1  67  -1  -1  -1  -1  79 117  -1  -1  -1  -1  -1  -1  -1 
 27  -1  -1 253 235  -1  -1  -1 192 192  -1  -1  -1  -1  28  -1  -1  66  72 304  -1  -1  -1  -1 208  -1 
 28  -1 218  -1  69  -1  -1  -1  -1  -1 176  -1  -1  -1 289  -1  -1  -1  -1 145  -1  -1  -1 276 130  82 
 29  -1 115  -1 179  -1  -1  -1  -1 157  -1  -1 103  -1 123  -1  -1 203 177  -1  -1  -1  -1  -1  27  -1 
 30   2   2  30  -1  -1  -1   4   4  -1  -1  -1  -1  17  17  -1  -1  -1  24  -1  -1  -1  -1  19  19  19 
 31  -1  -1  -1  -1  -1  -1  -1  -1  -1  -1  31  31  31  -1  -1  -1  -1  -1  -1  -1  -1  -1  -1  -1  -1 
 32  46  46  -1  -1  -1  -1  -1  63  63  63  -1  -1  61  61  -1  -1  68  -1  48  48  -1  -1  -1  74  -1 
 33  -1  -1  -1  -1  -1  -1  -1  -1  -1  -1  -1  -1  75  75  75  -1  -1  -1  -1  -1  -1  -1  -1  -1  -1 
 34  90  90  -1  -1  -1  92  92 107 107 107  -1  -1  -1  -1  -1  -1  -1 105 105  -1  -1 118 112  -1  -1 
 35  -1  -1  -1  -1  -1  -1  -1  -1  -1  -1 119 119 119  -1  -1  -1  -1  -1  -1  -1  -1  -1  -1  -1  -1 
 36  -1 156  -1  -1  -1 136 136 149 149  -1 151 151 151  -1  -1  -1 162  -1 134 134  -1  -1  -1  -1  -1 
 37  -1  -1  -1  -1  -1  -1  -1  -1  -1  -1  -1  -1  -1  -1  -1  -1  -1  -1  -1  -1  -1  -1 163 163 163 
 38 180 180  -1 200  -1  -1  -1  -1  -1  -1 193 193  -1  -1  -1  -1  -1  -1 178 178  -1 206 195 195 195 
 39  -1  -1  -1  -1  -1  -1  -1  -1  -1  -1  -1  -1 207 207 207  -1  -1  -1  -1  -1  -1  -1  -1  -1  -1 
 40  -1  -1  -1  -1  -1  -1  -1  -1 222 222  -1  -1 237 237  -1  -1 250 239 239 239  -1 244 224 224  -1 
 41  -1  -1  -1  -1  -1  -1  -1  -1  -1  -1  -1 251 251 251  -1  -1  -1  -1  -1  -1  -1  -1  -1  -1  -1 
 42 266 266 283 283 283 268 268  -1  -1  -1  -1  -1  -1 281 281  -1  -1  -1  -1  -1  -1 288 294  -1  -1 
 43  -1  -1  -1  -1  -1  -1  -1  -1  -1  -1  -1  -1 295 295 295  -1  -1  -1  -1  -1  -1  -1  -1  -1  -1 
 44  -1  -1 139  -1 197  -1  -1  -1  -1  -1  -1  -1  -1  -1  -1  -1 153  -1  -1  -1  -1  -1 181  -1  65 
 45 138 137  -1  -1  -1 186  -1  -1  -1  -1  -1  -1  -1  -1  -1  -1  -1  93 273  -1  -1 285  -1 141  -1 
 46  -1  -1  -1  -1 315  -1  -1 183  -1 271  -1  -1  -1 226  -1  -1  -1  -1  -1   8  -1  -1 272  -1  -1 
 47  -1  -1 228  -1  -1   7  -1  94  -1  -1 311  -1  -1  -1  -1  -1  -1 231  -1  -1  -1  -1  -1  -1  -1 
 48  -1  -1   6  -1  -1  55 225  -1 140  -1  -1 269  -1  96  -1  -1  -1  -1  -1  -1  -1 309  -1  -1 310 
 49  -1 229  -1  -1  -1  -1  -1  -1  11  -1  -1  97  -1 270 312  -1 241  -1  -1  -1  -1  -1  -1  -1  -1 
 50  -1  -1  -1 227  -1  -1  -1  -1  -1 143  -1 184  -1   5  -1 314  -1  -1  -1  -1  -1  -1  98  -1  -1 
 51  -1  -1 185  21  -1  -1  -1  -1  -1  -1  -1 230  -1 142  -1  -1 313  10  95  -1  -1  -1  -1  -1  -1 
 52  -1  -1  -1  54  -1  -1  53  -1  -1  -1  -1  -1 308  51  -1  -1  -1  50  -1 275  -1  -1  -1  49  -1 
 53  -1  -1  -1  99  -1  -1 182 274 187   9  -1  -1  -1  -1  -1  -1 109  -1  -1  -1 316  -1  52  -1  -1 

r\t   0   1   2   3   4   5   6   7   8   9  10  11  12  13  14  15  16  17  18  19  20  21  22  23  24 
  0  -1  -1  -1 191  -1  -1  22  -1  86  89  -1 276 194  -1  -1  -1  -1  -1  -1  -1  -1  57  -1  -1  -1 
  1  -1  -1 132  -1  -1  67  -1 291 168  -1  -1  -1  -1 240  -1  -1  79 123  13  -1 282  -1  -1  -1  -1 
  2   1  -1  -1 232  -1  37  -1  -1  -1 221 171  64  -1 284  -1  -1 121  -1  -1  -1  -1  28 145  -1  -1 
  3  -1 234  -1  -1  -1  -1 199  -1 278  -1  -1 152  -1  -1  -1  -1  -1  -1  -1  -1  -1  -1 292 101  -1 
  4  -1  -1  -1  -1  -1  -1  62  25 146  -1 177  -1 235  -1 173  -1 108  -1  -1  84  -1  -1  -1  -1  -1 
  5  -1  -1 212 122  -1  -1 242 307  -1  -1  -1  -1  33  -1  -1  -1 245 279  -1  -1 129  -1  -1 157  -1 
  6  -1  -1  -1  -1  -1  -1  -1  -1 293  -1  -1  -1  -1  -1  -1  -1 155  72  -1  -1  -1  -1  71  20  -1 
  7  -1  -1  -1  -1  -1  -1 256 277  -1  -1  -1  -1 287 113  82  -1  59  -1  42  -1  -1  -1 100 246 130 
  8  -1  -1  -1  -1  -1  -1 106 236 236  -1  -1  -1  18  -1 170  -1  -1  -1 165  -1  -1 248  -1  -1  -1 
  9  -1  -1  -1  -1  -1  -1  -1 208 204  -1  -1 233  -1  -1  -1  -1  -1  -1 263  -1  -1  -1 117 144  -1 
 10  -1 172  -1  -1  -1  -1  -1  -1  -1  -1  -1  -1  -1 265  -1  -1  -1  -1  -1  -1  -1  -1 247  -1  -1 
 11 306  -1  -1  -1  -1  -1  -1  56  -1  -1  -1  -1 300  -1 176  -1  -1  -1  -1  -1  -1  -1  -1  -1  -1 
 12  -1 166  80  69  -1  -1 215 133  -1  -1  -1  -1  -1 174  -1  -1 135  -1  -1 198 217  -1  -1 169 125 
 13  -1 290  -1  -1  -1  -1  -1  -1 115  -1  -1  -1  -1  -1  -1  -1  -1   3 205  -1  -1  -1 126 196  -1 
 14  -1  -1  -1  -1  -1  -1 114  -1  -1  -1  -1  -1  -1  -1  -1 218  -1 243  -1  -1  -1  -1  -1  76  -1 
 15  -1 189  -1  -1  -1  -1  -1  -1 249  -1  -1  -1  -1  -1 150  -1  -1  29 298  -1  -1  -1 280 280  -1 
 16  -1  -1  -1  -1  -1  -1  87  -1 302  -1  -1 203  -1  36  -1  40 210  -1  -1  -1  -1  -1  -1  -1  -1 
 17  -1  -1  -1  -1  -1  -1  -1  -1  -1  -1  -1  -1  -1  -1  -1  -1  -1 192 192  -1  -1  23  -1  -1  -1 
 18  -1 303  -1 127  -1  -1  -1 124  -1  -1  -1  -1  -1 190  -1  -1  14  60  60  -1 259  -1  -1 209  -1 
 19  -1  -1  -1 201  -1  -1  -1  -1  -1  -1  -1 103  -1  27  -1  -1  -1  -1  -1  -1  -1  -1  -1  -1  -1 
 20 260  -1  -1  -1  -1  -1  -1 158  -1  -1  -1  73  -1  -1  -1  -1  35 160  -1  83  -1  -1 167  -1  -1 
 21  -1  -1 264  44  -1  -1  -1  -1  -1  -1  -1 255  -1  -1  -1  -1 289 254  85  -1  -1  -1  -1  -1  -1 
 22  -1  12  45  -1  66  -1 154  -1  -1  -1  -1 188  -1  16  16 213  -1 301 261  -1  -1  -1  -1  43  -1 
 23 148 148 164  -1  -1  -1  -1   0  -1  -1  -1 267  -1  -1  -1  -1  -1 223  -1  -1 131  -1 304  -1  -1 
 24  -1  -1 179 220 238  -1  -1 252  32  -1  -1 120  -1 161  -1  -1 214 104 104  -1  -1  -1  77  -1  -1 
 25  -1  70  -1  26  -1  -1 286  -1  78  -1  -1  -1  -1  -1  -1  -1  -1 257 253  -1  -1  -1  -1  -1  -1 
 26  -1  47  -1 159 219  -1  -1  91 102  -1  -1  -1  -1  -1 262  -1  -1 211  38  -1  -1  -1  -1 296  -1 
 27  -1  -1  -1  -1  -1  -1  -1  -1  -1  -1  -1  34  -1  -1 258  -1  88  -1  -1  -1  -1 299  -1  -1  -1 
 28  -1 202  -1  -1  -1  -1 297  -1  -1  -1  -1  -1 128  81  -1  -1 175  -1  -1  -1  -1  -1  39  -1  -1 
 29  -1  -1  -1  58  -1  -1  -1 111  -1  -1  41  -1 147  -1  -1 216 305  -1 116  -1  -1 110  15  -1  -1 
 30  -1  30  19  19  19  -1  24  17  17  -1   2   2  -1   4   4  -1  -1  -1  -1  -1  -1  -1  -1  -1  -1 
 31  -1  -1  -1  -1  -1  -1  -1  -1  -1  -1  -1  -1  -1  -1  -1  -1  -1  -1  -1  -1  -1  -1  31  31  31 
 32  -1  -1  -1  -1  -1  -1  -1  74  46  46  -1  -1  61  61  -1  -1  68  48  48  -1  -1  -1  63  63  63 
 33  -1  -1  -1  -1  -1  -1  -1  -1  -1  -1  -1  -1  75  75  75  -1  -1  -1  -1  -1  -1  -1  -1  -1  -1 
 34  -1  -1  -1 105 105  -1  -1  -1  -1  -1  92  92 107 107 107  -1  -1  90  90  -1  -1 118  -1 112  -1 
 35  -1  -1 119 119 119  -1  -1  -1  -1  -1  -1  -1  -1  -1  -1  -1  -1  -1  -1  -1  -1  -1  -1  -1  -1 
 36 134 134 149 149  -1  -1  -1  -1  -1  -1  -1  -1  -1  -1  -1  -1 162 151 151 151  -1 156 136 136  -1 
 37  -1  -1  -1  -1  -1  -1  -1  -1  -1  -1 163 163 163  -1  -1  -1  -1  -1  -1  -1  -1  -1  -1  -1  -1 
 38 178 178  -1  -1  -1  -1 206 195 195 195  -1  -1  -1 200  -1  -1  -1 180 180  -1 193 193  -1  -1  -1 
 39  -1  -1  -1  -1  -1  -1  -1  -1  -1  -1  -1  -1  -1  -1  -1  -1  -1  -1  -1  -1 207 207 207  -1  -1 
 40 224 224 244 250  -1  -1  -1  -1  -1  -1 222 222  -1  -1  -1  -1  -1  -1 237 237  -1  -1 239 239 239 
 41  -1  -1  -1  -1  -1  -1  -1  -1  -1  -1  -1  -1 251 251 251  -1  -1  -1  -1  -1  -1  -1  -1  -1  -1 
 42 283 283 283 294  -1  -1  -1  -1 266 266  -1 288  -1  -1  -1 281 281  -1  -1  -1  -1  -1 268 268  -1 
 43  -1  -1  -1  -1  -1  -1  -1  -1  -1  -1  -1  -1  -1  -1  -1 295 295 295  -1  -1  -1  -1  -1  -1  -1 
 44  -1  -1  -1  93  -1  -1  -1  -1  -1  -1  -1  -1  -1 186  -1 311  -1 137  -1  -1  -1  -1  96 226  -1 
 45 109  -1  -1  -1  -1  -1  -1  -1 184  -1 275  53  -1 227  -1  -1   7  21 229  -1  -1  -1  -1 181  -1 
 46  -1  -1  -1  -1  -1  -1  -1  49 230  -1  -1  -1  -1  -1  -1  -1  -1  -1  -1  -1 310  -1  -1  -1  -1 
 47  -1  -1  -1 273 314  -1  -1  -1   6  -1  -1  -1  -1  -1  -1  -1 182 272  -1  -1  -1 153  -1  -1  -1 
 48  -1  -1 197  -1  -1  -1  -1  -1  -1  -1  -1 187  -1 141  -1  -1  -1  -1 270  -1  -1  -1  -1  -1  -1 
 49  -1  -1  -1  -1  -1  -1  -1 183  -1 140  -1  -1  -1  -1  -1  -1  51  -1  -1 312  -1 241  -1  -1 309 
 50  55  10  -1  -1  -1  -1 315  -1  99  -1  -1 142 313  -1  -1  -1 231  -1  -1  -1  -1  -1  -1   5  -1 
 51  -1 269  -1  -1  -1  -1  -1 274  -1  -1  -1  -1  -1  -1  -1  -1  -1  -1  11  -1  -1 308  -1  98  -1 
 52  -1  95  97 143  -1 316  -1  -1 139  -1  -1  -1  -1  94 271  -1  -1  -1  -1  -1  -1 285   8  -1  -1 
 53  -1  65 228 185  -1  -1  -1 225  -1   9  54  -1  -1  52  -1  -1  -1  -1 138  -1  -1  -1  -1  50  -1 

