317
11 6
24 0
8 30
21 20
2 30
1 46
6 45
23 50
18 53
4 50
12 48
22 47
2 0
23 1
1 29
3 5
8 7
17 30
7 13
10 30
22 15
21 50
19 9
13 7
23 30
7 1
22 10
12 14
21 3
18 22
6 30
15 31
2 19
11 19
1 24
3 14
11 1
18 20
0 24
11 23
4 8
6 1
24 8
13 28
21 5
2 13
23 32
18 19
3 32
16 50
8 49
22 45
6 52
11 47
1 52
10 53
1 26
6 20
3 27
21 9
22 4
12 32
18 7
7 32
11 5
17 53
0 25
19 6
16 32
18 3
11 9
1 5
3 20
22 14
6 32
12 33
8 14
23 13
21 14
16 1
2 6
7 24
16 6
23 10
23 21
19 25
10 23
3 11
8 5
11 4
23 34
2 11
3 34
12 47
1 49
10 52
16 53
9 45
21 46
22 49
3 24
1 11
12 25
8 25
22 29
17 34
15 11
5 34
11 7
0 49
2 15
13 22
1 34
6 19
11 27
13 6
22 1
2 8
12 34
17 35
7 19
21 17
16 2
23 16
3 6
8 18
23 23
7 20
6 24
16 20
1 14
11 2
3 29
21 13
10 36
8 3
23 36
6 47
9 49
1 48
2 45
16 44
18 45
4 49
1 9
18 6
16 16
6 21
23 20
2 36
17 5
12 36
7 27
0 52
22 9
8 26
16 36
17 15
12 3
11 10
23 2
8 21
22 36
5 37
13 20
22 27
2 22
18 25
3 10
12 26
1 15
17 0
18 11
17 14
17 2
8 4
9 9
10 20
23 38
18 13
3 38
11 45
8 48
12 50
16 49
1 51
6 49
21 49
11 26
16 29
6 23
3 22
0 0
12 38
18 15
20 38
8 17
17 51
2 16
7 16
16 38
21 25
7 10
18 0
8 24
11 21
17 38
12 39
1 10
23 12
2 10
2 17
22 5
3 1
1 18
17 22
0 14
18 4
5 20
16 3
24 19
21 12
3 40
11 15
22 40
2 49
8 46
1 50
16 45
9 50
6 46
12 49
16 12
6 6
8 22
22 19
2 21
0 40
7 28
17 40
23 14
20 44
10 28
11 25
6 40
3 19
21 10
23 18
7 2
18 8
8 40
12 41
17 11
1 3
2 2
11 14
16 14
16 15
5 1
15 17
19 4
1 7
24 25
3 17
23 15
12 8
8 42
18 23
2 42
10 44
21 51
4 46
16 46
11 44
1 53
24 52
11 20
17 10
16 4
8 12
2 23
5 42
18 1
20 42
12 5
13 51
14 13
0 20
18 42
6 29
16 13
13 23
21 18
2 25
17 42
5 43
22 25
11 0
8 29
23 6
1 25
4 26
17 3
17 18
19 23
3 18
3 4
17 23
17 47
5 53
19 51
7 49
20 47
13 44
14 53
0 50
15 47

