317
11 2
16 19
13 30
1 18
23 30
6 51
8 48
3 49
18 46
15 46
21 48
2 53
23 3
6 26
11 7
8 20
18 5
2 30
10 15
20 30
7 26
12 51
1 4
17 9
17 30
11 23
16 6
22 29
18 8
6 22
12 30
7 31
23 29
1 26
2 16
3 11
22 26
6 10
10 26
7 28
12 3
14 13
1 21
22 11
21 7
15 9
23 32
2 19
13 32
8 47
3 45
1 45
16 45
6 49
20 46
22 49
21 19
6 12
22 7
23 6
0 6
10 32
2 3
7 32
13 7
18 48
17 4
19 15
16 32
23 5
17 18
6 24
7 22
22 12
1 32
10 33
13 5
8 15
2 2
21 29
18 2
21 11
4 7
11 8
7 0
13 15
2 11
19 22
13 27
2 23
15 34
3 14
23 34
8 49
22 47
18 50
11 52
20 52
21 45
1 51
1 11
18 3
16 4
11 27
22 25
7 34
9 28
12 34
21 23
17 50
4 24
3 4
3 34
11 6
22 19
23 14
18 29
1 5
21 34
5 35
13 28
17 19
7 2
16 5
2 28
23 19
9 12
12 4
18 18
8 11
24 8
22 13
23 21
6 25
20 36
8 26
13 36
3 44
24 50
22 45
11 51
2 45
16 53
15 47
3 21
23 23
21 2
16 15
10 29
17 36
5 21
0 36
22 5
8 45
12 12
7 9
22 36
23 12
3 29
2 25
7 3
16 3
8 36
17 37
1 24
8 8
12 29
21 15
13 11
10 13
23 10
20 22
2 26
0 24
10 3
7 7
14 21
20 28
23 38
6 27
15 38
21 52
3 50
1 50
13 49
22 48
11 53
8 46
13 18
8 22
22 16
21 24
23 20
17 38
12 19
0 38
16 11
7 53
10 2
6 19
13 38
21 27
3 16
1 10
23 15
16 27
11 38
17 39
8 18
12 16
7 29
6 18
22 21
16 17
10 21
11 0
12 13
1 12
19 23
2 7
24 1
21 16
22 40
1 22
13 40
20 51
8 44
16 52
11 47
15 48
2 47
18 52
8 28
18 13
13 6
11 22
23 22
15 40
1 14
2 40
21 3
17 46
9 6
12 11
12 40
17 14
21 14
13 1
11 14
22 3
1 40
5 41
2 6
18 17
16 16
8 9
3 9
2 24
17 22
3 18
1 28
7 24
19 24
14 19
2 0
20 4
15 42
11 4
23 42
1 52
13 44
22 50
6 47
18 49
8 51
3 47
8 27
18 19
6 2
16 29
23 0
13 42
7 19
0 42
22 6
17 51
21 10
11 25
8 42
8 23
23 26
1 17
18 23
2 20
11 42
12 43
17 7
3 13
6 0
16 23
21 9
14 23
14 12
4 20
8 14
16 12
3 26
8 3
7 45
10 53
5 45
4 52
19 46
17 48
0 52
12 50
9 49

