r\t   0   1   2   3   4   5   6   7   8   9  10  11  12  13  14  15  16  17  18  19  20  21  22  23  24 
  0  -1  27 263  -1  -1  -1  -1 254  -1  -1  -1  -1 265   0  -1  -1  -1  -1 291  37  -1  -1 293  -1  -1 
  1  -1  36  13  -1  -1  -1 135  -1  -1  86  -1 101  41  -1 306  -1  29  -1  -1  -1 127  -1 208 167  -1 
  2  -1  71  -1  -1  -1  -1  58  -1  -1  -1  -1  -1  -1  26  -1 177  14 304  -1  -1  -1  -1  -1  -1  -1 
  3  -1  -1  -1  -1  -1  -1 123  -1  -1  -1  -1  -1  -1  -1  -1  -1 161  -1  -1  -1  -1 243  44  -1  -1 
  4  -1  -1  -1  -1  -1  -1 233 158 116  -1  -1  -1  -1 115  -1  -1  -1  -1  -1  -1  -1  -1 301  -1  -1 
  5  -1 289  -1  -1  -1  -1  -1  -1  -1 172  -1 216  -1 280 280  -1  47  -1  -1  -1  -1  -1  -1  15  -1 
  6  -1  -1  33  -1  -1  -1 267  -1  -1  -1  -1  -1  84 130  -1  -1  -1  59 262  -1  -1  77  -1  -1 221 
  7  -1  -1 122  -1  -1  -1  -1  -1  -1  -1  -1  -1  -1 248  -1  -1 209 276  -1  -1  -1  -1  -1  -1  -1 
  8  -1 191 166  -1  -1  16  16  -1  -1  -1  -1  70 192 192  -1  -1  69  -1 212  -1  -1  66  -1  -1  -1 
  9   1  -1 219  -1  -1  -1  -1 188  -1  -1  -1  -1 204  -1  -1  -1  -1  -1 170  -1  -1  -1 196  -1  -1 
 10  -1 168  -1  -1  -1  -1 292  -1 190 217  -1 165 220  -1 198  -1 147 100 256 238  -1 157  22  78  -1 
 11  -1  20  -1  80  -1 110  -1 232 176  -1  -1 114  -1  -1  -1  -1  -1 297 111  -1  -1  38 252 144  -1 
 12  -1 205 253  62  -1  -1  -1  -1 299  -1  -1  64  -1  -1  -1  -1  -1  -1  35  -1  -1 199  -1  -1  -1 
 13  -1  -1  72  -1  -1  -1 194 121 211  -1  -1  -1  -1  -1  -1  -1  -1  -1 242  -1  -1 171  -1 189  -1 
 14  -1 152  -1 261  -1  -1  -1 264 131  -1  -1  -1  -1  83  -1  -1 106  -1 117  -1  -1  -1 173  -1 125 
 15  -1  -1 126 282  -1  -1  -1  -1  -1  -1  -1  -1 160  -1  -1  -1  -1  -1  -1  -1  87  32 145  -1  -1 
 16  -1 133 302  -1  -1  -1 179  -1 258  -1  -1  -1 290  -1  -1  -1  -1 201  -1  -1  -1 120  -1  -1  -1 
 17  -1  -1  56  -1  -1  -1 287  -1 159  -1  -1  -1  -1 102 150  -1  91  -1  82  -1  -1  -1  -1  -1  -1 
 18  -1 240  -1  -1  -1  -1  -1  -1  -1  -1  -1  -1  -1  -1  -1  -1  -1  -1  -1  -1  -1 300  -1  -1  -1 
 19  -1  -1  -1  -1  -1  -1  -1  -1  -1  -1  -1  -1  -1  -1  -1  40  -1 124  -1  -1  -1 255  42 203  -1 
 20  -1 213 259  -1  -1  -1  -1  -1  85  -1  -1  -1  76  -1  -1  -1  -1  -1  -1  -1  -1  23  -1  -1  -1 
 21  -1  -1  -1  -1  -1  -1  -1 104 104  -1  -1  -1  -1  -1  -1  -1  -1  -1 257  -1  -1  -1  81  25  -1 
 22  -1  -1  -1  -1  67  -1 155  -1 249  -1  -1  -1  -1 202  -1  -1  39  34  -1  -1  -1  -1  -1 223  -1 
 23  -1  -1 307  -1  -1  -1  28 296  -1  -1  -1 260  -1  -1  -1  -1  -1  -1  -1  -1  -1  -1  -1  -1  -1 
 24  45  -1 236 236 303  -1  -1  -1 210  -1 174 246  -1  -1  -1  -1  -1  12  18  -1  -1  -1  60  60  -1 
 25  -1 245  -1  -1  -1  -1 164  -1  -1  -1  -1 279  -1  -1  -1  89 284  79  -1  -1  -1 154   3 103  -1 
 26  -1  -1  -1  -1  -1  -1  -1 278 277  -1  -1 175 148 148  -1  -1  -1  -1  -1  -1  -1  -1 128 113  -1 
 27  -1  -1  -1 298  -1  -1  88  -1 215  -1  -1  -1 108 132  -1  -1 235  -1  -1  -1  -1  -1 169 129  -1 
 28  -1  -1  -1  -1  -1  -1  -1  -1 234  43  -1  -1 247 214  -1  -1  -1  -1 286  -1  -1  -1  73  -1  -1 
 29  -1  -1 146  -1  -1  -1  -1  -1  -1  -1  -1 218  -1  -1  -1  -1  -1  -1  57  -1  -1  -1 305  -1  -1 
 30  -1  -1  -1  -1  -1  -1  -1  17  17  -1  -1  30  19  19  19   2   2  -1  -1  -1  -1  -1  24   4   4 
 31  -1  -1  -1  -1  -1  -1  -1  31  31  31  -1  -1  -1  -1  -1  -1  -1  -1  -1  -1  -1  -1  -1  -1  -1 
 32  -1  46  46  -1  -1  -1  74  61  61  -1  48  48  63  63  63  -1  -1  -1  68  -1  -1  -1  -1  -1  -1 
 33  -1  -1  -1  -1  -1  -1  -1  75  75  75  -1  -1  -1  -1  -1  -1  -1  -1  -1  -1  -1  -1  -1  -1  -1 
 34  -1  -1 105 105  -1  -1  -1  -1  -1  -1  92  92 118  -1  -1  -1 112  -1  -1  -1 107 107 107  90  90 
 35  -1  -1 119 119 119  -1  -1  -1  -1  -1  -1  -1  -1  -1  -1  -1  -1  -1  -1  -1  -1  -1  -1  -1  -1 
 36  -1  -1  -1  -1  -1  -1  -1 151 151 151 134 134  -1 162  -1  -1  -1 149 149  -1  -1  -1 156 136 136 
 37  -1  -1  -1  -1  -1  -1  -1  -1  -1  -1  -1  -1  -1  -1  -1  -1  -1 163 163 163  -1  -1  -1  -1  -1 
 38  -1  -1  -1 193 193  -1 200  -1  -1  -1 180 180  -1  -1  -1  -1  -1 195 195 195  -1 206  -1 178 178 
 39  -1  -1 207 207 207  -1  -1  -1  -1  -1  -1  -1  -1  -1  -1  -1  -1  -1  -1  -1  -1  -1  -1  -1  -1 
 40 224 224  -1 250  -1  -1 244  -1  -1  -1 222 222 239 239 239  -1  -1  -1  -1  -1  -1  -1 237 237  -1 
 41  -1  -1  -1  -1  -1  -1  -1  -1  -1  -1  -1  -1  -1  -1  -1 251 251 251  -1  -1  -1  -1  -1  -1  -1 
 42 281 281  -1  -1  -1  -1  -1  -1  -1  -1 268 268  -1 288  -1  -1 294  -1  -1  -1 283 283 283 266 266 
 43 295 295 295  -1  -1  -1  -1  -1  -1  -1  -1  -1  -1  -1  -1  -1  -1  -1  -1  -1  -1  -1  -1  -1  -1 
 44  -1   8 227  21  -1  -1  51  -1  -1  -1  -1  -1  -1  -1  -1 140  -1  99  -1  -1  -1  -1  -1  -1  -1 
 45  -1 184  -1  -1  -1  -1  -1  95  -1  -1  -1  -1  -1 271  -1  -1 272 273 313  -1  -1 308  -1  -1  -1 
 46 138  -1 186 315  -1  -1  -1  -1  52  -1  -1  -1  -1  -1  -1 269  -1  -1  -1  -1  -1  -1  -1  -1  55 
 47 197  -1 270 153  -1 311  -1  11 228  -1  -1  -1  -1  97 310  -1  -1  -1  -1  -1  -1  -1  -1  -1  -1 
 48  -1  -1  -1  -1  -1  -1  -1  -1  93  -1  -1  -1 183  -1  -1  -1 139  -1  -1  -1  -1  -1  -1  50  -1 
 49  -1  -1  -1  -1  -1  -1  10  -1  -1  -1  -1  -1  -1  -1 109  -1  -1  -1  -1  -1  -1  -1 181  -1  -1 
 50  -1  -1   7  -1  -1  -1  -1  -1 275  -1  -1  -1  53  -1  -1  -1  -1 231  -1  -1  -1  -1  -1  -1  -1 
 51  98 274  -1  -1  -1  -1 229 230 141 241  -1  -1  94 185  -1  54 187   6  -1 316  -1  -1 226  -1  -1 
 52  -1  96 137  -1  -1  -1  -1  -1  -1  -1  -1   5  -1  -1  -1  -1 225  -1  -1 285 312  -1 142  -1  -1 
 53  -1  -1  -1  -1 309  -1  -1 182  -1 314   9  -1 143  -1  -1  -1  65  49  -1  -1  -1  -1  -1  -1  -1 

r\t   0   1   2   3   4   5   6   7   8   9  10  11  12  13  14  15  16  17  18  19  20  21  22  23  24 
  0   1  -1 100 126  -1  -1 276  -1  -1  -1  -1  -1  -1  28  -1  -1 300  -1  -1  -1  -1 145 199 164  -1 
  1  -1  -1 165  -1  -1  -1   3  34  -1  -1  -1  -1  -1  -1  -1  -1  -1  -1 304  -1  -1  72 125 290  -1 
  2  -1 211  -1 297  -1  -1  -1 212 192 192  -1  -1  -1 298  -1  -1  -1  -1  25  -1  -1  -1 150  -1  -1 
  3 265 232  -1  -1  -1  -1  -1 306  36  22  -1  -1  -1  -1  -1  -1  76 238  -1  -1  -1 169  16  16  -1 
  4  -1 116 123  -1  -1 302  59  -1  -1  -1  -1  -1  -1  -1  -1  -1  -1 258   0  -1  -1  13 286 196  -1 
  5  -1 218 194  -1  -1  -1 201  -1  -1  -1  -1 115  -1  -1  -1  -1  -1  -1  -1  -1  -1  -1  -1  -1  -1 
  6  -1 249  -1 260 282  -1  -1  -1  -1  -1  -1 243  -1  -1  -1  -1  -1 257  -1  -1  -1  66  -1 127  -1 
  7  -1  -1  -1  -1  -1  -1 261  78  88  -1 129  -1  -1  -1  -1  -1  -1  -1 147  37  -1 209  -1  -1 198 
  8  -1  -1  -1  -1  -1  -1 117  -1  64 216  -1  -1  57  -1  -1  -1 170 248  -1  -1  -1  -1  39  -1  -1 
  9  -1  -1 217 111  -1  -1 305 284  -1  -1  -1  -1  -1 104 104  -1  -1  -1  -1  -1  -1 166  -1  -1  -1 
 10  -1  62  -1  -1  -1  -1 133 254 267  -1  -1  -1  -1  -1  -1  -1  -1  -1 215 262  -1  -1  -1  -1  -1 
 11  -1  47  -1  -1  -1  -1 299 236 236  -1  -1  -1  -1  81  -1  -1  -1  -1  -1  -1  -1  -1  -1 221  -1 
 12  -1  -1  -1  -1  -1  -1  -1  15 220  -1  -1  79  -1 214  -1  -1  43  -1  -1  -1  -1  35  -1  -1  -1 
 13  -1 144 179  -1 175 307 191 296  -1  -1  -1 110 279  -1  -1  -1  85  -1 120  -1  -1  -1  -1 146  -1 
 14  -1  42 256  -1  -1  -1 102  -1  82  41  -1  -1  -1  -1  -1  -1  -1  18 234  -1  -1  -1  -1 301  -1 
 15  -1  -1  -1  -1  -1  -1  77 124 292  -1  -1 255  -1 280 280  -1  -1  -1 157  -1  -1  -1  60  60 303 
 16  -1  -1  -1  69  87  -1 168  -1  -1  -1  -1 289  -1  -1  -1  -1 242  -1 132  -1  -1  -1  -1  -1  -1 
 17  -1  -1  -1 160  -1  -1 152  -1  71  -1  -1  -1  -1  -1 259  -1 113 167  -1  -1  -1  40  -1  -1  -1 
 18  -1 103  -1  -1  -1  -1  -1 264  -1  -1  -1  -1  -1  -1  -1  -1 287  -1 247  -1  -1  -1  -1  29  -1 
 19  -1 210  -1  26  -1  -1  -1  -1  -1  -1  -1  -1  -1  58 171  -1 174  -1  -1  -1  -1  -1  -1 240  -1 
 20  -1 172  86 189  -1  -1  -1  56  -1  -1  -1 161 114  -1  -1  -1 106 203  -1  -1  -1 122  -1  -1  -1 
 21  -1  -1  -1 121  -1  -1  38 108 253  -1  -1  -1  -1  -1  -1  -1  -1  -1  -1  -1 177 101  -1  -1  -1 
 22  -1 188  -1  -1  -1  -1  -1 148 148  -1  -1  -1  -1  -1  -1  -1 202  -1  -1  -1  -1 278  -1  -1  -1 
 23  -1 263  -1  91  -1  -1  23  89  -1  -1  -1  -1  20  -1  -1  -1  -1  -1 293  -1  -1  -1  -1  -1 223 
 24  -1  -1 291 252  -1  -1  -1 190  -1  -1  -1 205  -1  -1  -1  -1 155  -1  -1  -1  -1  -1  -1 277  -1 
 25  -1  12 173 208  -1  -1 245  -1  33  -1  -1  -1  -1  -1  -1  -1  32  -1  14  -1  -1  -1 159  -1  -1 
 26  -1  -1  -1  -1  -1  -1  -1  -1 204  -1  -1 128  -1 219  -1  -1  -1  -1  -1  -1  45  -1  -1  -1  -1 
 27  -1  -1  -1  -1  -1 135  -1  -1 213  -1  -1  -1  73  -1  84  83  67 154  -1  -1  -1  -1  80 246  -1 
 28  -1  -1  70  -1  -1  -1 233 158  -1  -1  -1  -1  44  -1  -1  -1  -1  -1  -1  -1  -1 235  -1  -1  -1 
 29  -1 131  -1  -1  -1  -1  27 130 176  -1  -1  -1  -1  -1  -1  -1  -1  -1  -1  -1  -1  -1  -1  -1  -1 
 30  -1  30  19  19  19  -1  -1  -1  -1  -1  17  17  -1   4   4  -1  -1  24  -1  -1  -1  -1  -1   2   2 
 31  -1  -1  -1  -1  -1  -1  -1  -1  -1  -1  31  31  31  -1  -1  -1  -1  -1  -1  -1  -1  -1  -1  -1  -1 
 32  -1  74  63  63  63  -1  -1  48  48  -1  -1  -1  -1  68  -1  -1  -1  -1  61  61  -1  -1  -1  46  46 
 33  -1  -1  -1  -1  -1  -1  -1  -1  -1  -1  -1  -1  -1  -1  -1  -1  -1  75  75  75  -1  -1  -1  -1  -1 
 34  92  92  -1  -1  -1  -1  -1  -1 112  -1  -1  -1  -1 118  -1  -1  -1 107 107 107  90  90 105 105  -1 
 35  -1  -1  -1  -1  -1  -1  -1  -1  -1  -1  -1  -1  -1  -1  -1  -1  -1  -1  -1  -1  -1  -1 119 119 119 
 36  -1 162 151 151 151  -1  -1 136 136  -1  -1  -1  -1 149 149  -1 156  -1  -1  -1  -1  -1  -1 134 134 
 37  -1  -1  -1  -1  -1  -1  -1  -1  -1  -1  -1  -1 163 163 163  -1  -1  -1  -1  -1  -1  -1  -1  -1  -1 
 38 180 180  -1  -1  -1 178 178  -1  -1  -1  -1  -1 193 193  -1 195 195 195  -1  -1  -1  -1 206 200  -1 
 39  -1  -1  -1  -1  -1  -1  -1  -1  -1  -1  -1  -1 207 207 207  -1  -1  -1  -1  -1  -1  -1  -1  -1  -1 
 40 224 224 239 239 239 222 222  -1  -1  -1  -1  -1 237 237  -1  -1 244  -1  -1  -1  -1  -1 250  -1  -1 
 41  -1  -1  -1  -1  -1  -1  -1  -1  -1  -1  -1  -1 251 251 251  -1  -1  -1  -1  -1  -1  -1  -1  -1  -1 
 42  -1  -1 281 281  -1  -1  -1  -1  -1  -1  -1  -1  -1 266 266  -1  -1 283 283 283  -1 288 294 268 268 
 43  -1  -1  -1  -1  -1  -1  -1  -1  -1  -1 295 295 295  -1  -1  -1  -1  -1  -1  -1  -1  -1  -1  -1  -1 
 44  -1 142  -1  -1  -1  -1  -1 227  -1  -1  -1 197  -1  96  -1  -1  -1  -1  -1  -1 143  -1  -1  -1  -1 
 45  -1  -1 230 269  -1  -1  -1  -1  -1  -1  -1  -1 187 141  -1  -1  -1  -1  -1  -1  -1 270 315  -1  -1 
 46  -1  -1  94  -1  -1  -1  -1   5   7  -1  -1  -1 139 231  55  -1  -1  -1  50  -1  11  -1 241  -1  -1 
 47  -1 273  51 185  -1  99  49  -1  -1  -1  -1  -1  -1  -1  95  -1 308  -1 181 316 229  -1  -1  -1  -1 
 48  -1  -1  -1  -1  -1 271  -1  -1  -1 109  -1  -1  -1  -1  -1  -1  -1  -1  98  -1  -1 183  -1 184  -1 
 49  -1  -1  -1  -1 311  -1  -1  -1 285 310  -1 153 226  53  -1  -1  21  -1  -1  -1  -1   6  -1  -1  -1 
 50  -1  -1 272  10  -1  -1 275 186  -1  -1  -1  -1  -1  -1  -1 309  -1  -1  -1  -1 274  -1  -1  -1  -1 
 51 138  -1  -1 137  -1  -1  97  -1  -1  -1 312  65  -1 182  -1  -1  -1 314  -1  -1  -1  -1  -1  -1  -1 
 52  -1   8  -1  -1  -1  54  -1  -1  -1  -1  -1  -1  -1  -1  -1  -1  -1  -1  -1  -1  -1 225  -1  -1  -1 
 53  52  -1  -1  -1  -1   9  -1  -1  -1  -1  -1 313  93  -1  -1  -1  -1  -1 228  -1  -1 140  -1  -1  -1 

r\t   0   1   2   3   4   5   6   7   8   9  10  11  12  13  14  15  16  17  18  19  20  21  22  23  24 
  0  -1  -1  -1  -1  -1  -1 249  -1  39  -1  -1 278  -1  -1  -1  41 154  -1 171  -1  -1  -1  -1  -1  -1 
  1  -1  -1 291 215  -1  -1 277 214 125  42  -1  -1 179  -1  -1  -1  -1  -1  71  -1  -1  -1  -1  -1  -1 
  2  -1  -1  16  16  -1  -1  -1  -1 159  -1  -1  -1 276  -1  -1  -1 212  15  84 131  -1  -1  -1  -1  -1 
  3  -1  -1 192 192  -1  -1 161  -1  -1  -1  -1  -1  -1 211  -1  -1  -1  -1  -1  -1  -1  -1  -1  -1  -1 
  4 286 203  -1 202  -1  -1  -1  -1  -1  -1  -1  -1  -1  -1  -1  -1 110  -1  -1  -1 221 120  -1  -1  -1 
  5  -1 152 111  57  -1  -1  -1  -1 279  -1  -1  -1  -1 191  -1  -1  87  -1 235  -1  -1  -1  -1  81  -1 
  6  -1 287  -1  -1   1  -1  -1 101 196  -1  -1  -1  -1  -1  -1  -1  -1  -1 209  -1  -1   0  -1  -1  -1 
  7  -1  -1  -1  -1  -1  -1 257  -1  -1  -1  -1 147  -1  -1  -1  -1  -1  76  -1  89  -1  -1  -1  -1  -1 
  8  -1 301  -1  -1  -1 199  45  58  -1  -1  -1  -1  -1  -1 150  -1  -1  -1  -1  -1  -1  -1  -1  -1  -1 
  9  -1  -1  -1 166  -1  -1  -1 164  -1  66  67  -1  -1  -1  -1  -1  -1  -1  -1  -1  -1 132 208  -1  -1 
 10  -1 297 145 117  -1  -1  -1  -1  -1  -1  -1  -1  33  -1  -1  -1  -1 255 252  -1  82  -1 165  -1  -1 
 11 304 247  91 216  -1  -1 217 218  -1  -1  -1  -1  60  60  85  -1  -1 201  -1  -1  -1  -1  -1  -1  -1 
 12  -1  69  -1  -1  -1  -1 190  70  -1  -1  -1  -1  -1  -1  -1  -1  -1 157  -1  -1  -1  88  -1  -1  -1 
 13 126 242  -1 146  -1  -1  -1  -1 299  -1  -1 189  -1  78  18  -1  -1 104 104  -1  -1  12  64  -1  -1 
 14  -1  -1  -1 248  -1  -1  80  -1 254  -1  -1  -1 293  -1  -1  -1  -1  -1  -1 259  -1  -1  -1  -1  -1 
 15  -1 103 238  35  -1  -1 116 236 236 213  -1  -1  -1 168  -1  -1  -1  -1  -1  -1 306 256  -1  -1  -1 
 16  -1  59 246  -1  -1  -1  20  -1  -1  -1  38  -1  -1  36 174  -1  -1 233  -1  -1  -1  73  -1  -1  -1 
 17  -1 124  -1  -1  -1  -1 296  -1  56  -1  -1  -1  -1 245  -1  -1 194  -1 115 177  -1  -1  -1  -1 106 
 18  -1 223 264  72  -1  -1 205  -1  -1  -1  -1 307  -1 265 129  22  -1  -1  -1  -1  -1 144  -1 303  -1 
 19  -1  -1  -1  -1  -1  -1 108  -1  -1  -1  -1  -1  -1 155  -1  -1  77 148 148  -1  -1 128  -1 127  -1 
 20  -1  -1 258  -1  -1  -1  -1  -1 305  -1  -1  -1 289 261  -1 198  -1  -1  44  -1  -1 300 113  -1  -1 
 21  -1  -1  79  -1  -1  -1  -1  -1 102  -1  -1 122  -1 210  -1  -1  32  -1 167  -1  -1  -1  -1  -1 263 
 22 302  -1  -1  -1  -1 130 260  -1  -1  -1  37 298  -1  -1  -1  -1 243  -1  -1  -1  -1  -1  -1 290  -1 
 23  -1  23  -1  -1  -1  -1  -1  -1  -1  -1 169  -1  14  -1  -1  -1  -1  -1  34  -1  -1  -1  -1  -1  -1 
 24  -1  29  -1 292  -1 175  -1  -1  -1  -1  -1  -1 253 176  -1  -1  -1  -1 262  -1  -1 160  -1  -1  -1 
 25  -1   3  -1 234  -1  -1 232 123  -1  -1 173  -1  -1  13  -1  -1  -1 114  -1  -1  -1  -1 170  -1  -1 
 26  -1 133  47 100  -1  -1  -1 267  -1  -1  -1  -1  -1 135  -1  -1 219 188  -1  -1  -1  -1  -1  -1  -1 
 27  -1 158 280 280  -1  -1  -1  -1 121  -1  -1  27  -1 284  -1  -1  -1  -1  43  -1  -1 240  -1  -1  -1 
 28  83  -1  -1  -1  -1  -1  -1  -1  -1  -1  -1  -1  -1 220  -1  -1 282  -1  -1  -1  -1  -1  25  26 172 
 29  -1  -1  -1  -1  -1  -1  28  86  -1  -1  -1  -1  -1  -1  -1  -1  62  -1  -1  40  -1 204  -1  -1  -1 
 30  -1  -1  -1  -1  -1  -1  -1  17  17  -1  -1  -1   2   2  -1  -1  -1  24   4   4  -1  30  19  19  19 
 31  -1  -1  -1  -1  -1  -1  -1  31  31  31  -1  -1  -1  -1  -1  -1  -1  -1  -1  -1  -1  -1  -1  -1  -1 
 32  -1  -1  -1  46  46  -1  -1  -1  68  -1  -1  -1  74  -1  -1  -1  -1  63  63  63  48  48  -1  61  61 
 33  -1  -1  -1  -1  -1  -1  -1  -1  -1  -1  -1  -1  -1  -1  -1  -1  -1  -1  -1  -1  -1  -1  75  75  75 
 34  -1  -1 112  92  92  -1  -1  -1  -1  -1  -1  -1 105 105  -1  -1 118  90  90  -1 107 107 107  -1  -1 
 35  -1  -1  -1  -1  -1  -1  -1  -1  -1  -1  -1  -1 119 119 119  -1  -1  -1  -1  -1  -1  -1  -1  -1  -1 
 36  -1  -1  -1 134 134 151 151 151  -1  -1  -1  -1  -1  -1  -1  -1 156  -1 136 136  -1  -1 162 149 149 
 37  -1  -1  -1  -1  -1  -1  -1  -1  -1  -1 163 163 163  -1  -1  -1  -1  -1  -1  -1  -1  -1  -1  -1  -1 
 38 193 193  -1 180 180  -1  -1  -1  -1  -1  -1 200  -1  -1  -1  -1  -1 178 178  -1 195 195 195 206  -1 
 39  -1  -1  -1  -1  -1  -1  -1 207 207 207  -1  -1  -1  -1  -1  -1  -1  -1  -1  -1  -1  -1  -1  -1  -1 
 40  -1  -1  -1 222 222  -1  -1 244  -1  -1  -1 250 239 239 239  -1  -1  -1 224 224  -1  -1  -1 237 237 
 41  -1  -1  -1  -1  -1  -1  -1  -1  -1  -1  -1  -1  -1  -1  -1  -1  -1  -1  -1  -1  -1  -1 251 251 251 
 42  -1  -1  -1 266 266  -1  -1 288  -1  -1  -1 268 268  -1  -1  -1 294 281 281  -1  -1  -1 283 283 283 
 43  -1  -1  -1  -1  -1  -1  -1  -1  -1  -1  -1  -1  -1  -1  -1  -1  -1 295 295 295  -1  -1  -1  -1  -1 
 44  -1  -1 185  -1  -1  -1  -1  -1  94  -1  -1  -1  52  -1  -1  -1  -1  -1  -1  -1   7  -1  -1  -1  -1 
 45  -1  -1  -1  -1  -1  -1  -1 142 275 312 309   5 141  -1  -1  -1  21  -1  -1  -1  -1  -1  -1  -1  -1 
 46  -1  -1 140  -1  -1  -1  -1 285 230  -1  -1  -1 197  -1  -1  -1  -1  -1  -1  -1  -1 274 315 183  -1 
 47 314  -1  -1  11  -1  -1  97  -1  51  -1 109  54  -1  -1  -1  -1  -1 273  -1  -1 143  -1  -1 139  -1 
 48  -1  -1  -1  -1  -1  -1  10  -1  -1  -1  -1 186  -1  -1  -1 316  -1  -1  -1  -1  -1  -1  -1 269 308 
 49  -1  -1  -1  -1  -1  -1 182  -1  -1  -1  -1  -1  -1  -1  -1  -1  -1   8  -1  -1  -1  -1 153  -1  -1 
 50  -1  93  65  -1  -1 311  -1  99  -1  -1  -1  98 227  -1  -1  -1  -1 138  -1  -1  -1  -1  -1  -1  -1 
 51  -1 181   9  -1  -1  -1  -1   6 137  -1  -1  -1  -1  50 310  -1  -1 228  -1  -1  -1 184  -1  -1  -1 
 52  -1  49  -1  -1  -1  -1 231  55 187  -1 241 229  -1  96  -1  -1  -1  -1  -1  -1 271 226  -1  95  -1 
 53  -1  -1  -1  -1  -1  -1 270 225  -1  -1  -1  -1  -1  -1  -1  -1 313  53 272  -1  -1  -1  -1  -1  -1 

r\t   0   1   2   3   4   5   6   7   8   9  10  11  12  13  14  15  16  17  18  19  20  21  22  23  24 
  0  -1 220  -1  -1  -1  -1  -1  -1 147  -1  -1  -1 236 236  -1  -1  -1  -1  -1  -1  -1  -1  -1  -1  -1 
  1  -1  -1 263  -1  -1  -1  -1 305  -1  -1  -1 146 179  70  -1  -1 124 110  -1 287 177 293  -1 304  -1 
  2  -1  -1  -1  -1  -1  -1 101  -1  -1 217  -1  76  -1  60  60  -1  -1 189  -1  -1  -1  35 264  -1  -1 
  3  -1  59  -1  -1  -1  -1 299  -1  -1  -1  -1  -1  -1  -1  -1 286  -1  -1  -1  -1  -1  -1  -1 297  -1 
  4  -1  -1 144  -1  -1  -1  -1  -1  -1  -1  -1  -1  86  -1 221  -1  -1  -1  -1  -1  -1 100  -1  -1  -1 
  5  -1  -1  -1  -1  -1  -1  -1 296  -1 150  67  -1  -1  -1  -1  -1 108  91  -1 169  -1  -1  -1  -1  -1 
  6  -1  -1  79  -1  -1  -1  77 267  -1  -1  -1  -1  -1 265   1  -1  -1 262  -1  -1  -1  58  22  -1  -1 
  7  -1  -1 201  42  -1  -1  -1 120 213  -1  -1  -1  -1  -1  -1  -1 173 255  -1  -1  -1  -1  -1  -1  -1 
  8  -1  -1  -1  23  -1  -1  -1  -1  -1  -1  -1  -1 276 159  -1 257  64  -1  -1  -1  -1 191 291  -1  -1 
  9  -1  -1  -1 209  41  -1  -1  -1  -1 215  -1  -1 199  -1  -1  -1  -1  -1  32  -1  -1 114 192 192 127 
 10  -1  -1  -1  -1  -1  -1 256  -1  -1  -1  -1  -1  -1 145  -1  -1  -1  -1  -1  -1  -1 202  78 131  -1 
 11  -1  -1  -1 157  -1  -1  20 152  -1 301  -1  -1  45  -1  -1  -1  -1  -1  -1  -1  -1 176  29  -1  84 
 12  -1  -1  -1 245 155  -1 223  -1  -1  -1 126 247  -1  -1  -1  16  16 258 160  87  -1  37  -1 113  -1 
 13  -1  -1  -1  -1  -1  -1  -1  -1 168  -1  -1  -1 104 104  -1 106  -1  -1 252  40  -1 249  -1 219  -1 
 14  -1  69  -1  -1  -1  -1  -1  -1 218  -1  -1  -1  -1  -1  -1  -1  25  -1  -1  -1  -1  -1  -1  -1  -1 
 15  -1  -1  -1 172  82  -1  -1  -1  -1  -1  -1  -1 164  -1  -1  -1 289  -1  18  85  -1 161  -1  -1  -1 
 16  -1  -1 103  -1  -1  -1  -1  -1  -1  -1  -1  -1 300 208  -1 302  -1 210  -1  -1  -1  -1  -1  34 198 
 17  -1  -1 253  -1  -1  -1  71  -1  -1  -1  -1  -1  -1 246  -1  -1  -1  -1  -1  -1  -1  -1  -1  -1  -1 
 18  -1  -1  -1  -1  -1  -1  -1  88 278  -1  -1 196 203 174  -1  -1  -1  -1  -1  -1  -1  -1  -1 254  66 
 19  -1 122  -1  -1  -1  -1  -1 282  -1  -1  -1  -1 135  -1  -1  81  -1 280 280  -1 130 125 234  -1  -1 
 20  83 212   0  -1  -1  -1  -1  -1 292  -1  -1 240 216  -1  -1 303  89  -1  -1  -1  -1 235  -1 233  -1 
 21  -1  -1 175  -1  -1  -1  57  -1  -1  -1  -1 290  -1  -1  -1  -1  -1  -1 111  -1  -1  12  -1  38  -1 
 22  -1 279  -1  36  -1  -1  28  -1  -1  -1  -1  -1  80  -1  -1  -1  -1  -1  -1  -1  -1  -1  -1  15  -1 
 23  -1  -1  -1  -1  -1  -1  -1  -1  -1  -1  -1 123  -1 116  -1  -1 214 132 117  -1  -1  -1  39  47  -1 
 24  -1  -1  -1  62  -1  -1 205  -1  -1  -1  -1 284 171  -1  -1  -1  -1 165 298  -1  -1  -1  -1  43 129 
 25  -1 102 167 260  -1  -1 188  -1  -1  -1  -1  -1 121 190  -1  -1  -1  -1 242  -1  -1  -1 248  -1  -1 
 26  -1  33  -1  27  -1  -1 277  -1  44  -1  -1  13 170  26  -1 259  73  -1  -1  -1  -1  -1  -1 204  -1 
 27  -1  -1  -1  -1  -1  -1  -1 133  -1  -1  -1  -1  -1  -1  -1  -1 211 261 194  -1 148 148  -1  -1  -1 
 28  -1  -1  56  -1  -1  -1 243  -1  -1  -1  -1 306   3  14  -1  -1  -1  -1  -1  -1  -1  -1  -1  -1  -1 
 29  -1 232  -1 154  -1  -1 158 128  72  -1  -1 166  -1  -1  -1  -1  -1 238  -1  -1  -1  -1 115 307  -1 
 30  19  19  19  -1  -1   2   2  17  17  -1  -1  30  -1  -1  -1  -1  -1  24  -1  -1   4   4  -1  -1  -1 
 31  -1  -1  -1  -1  -1  -1  -1  31  31  31  -1  -1  -1  -1  -1  -1  -1  -1  -1  -1  -1  -1  -1  -1  -1 
 32  -1  -1  68  -1  -1  -1  -1  63  63  63  -1  -1  -1  48  48  -1  -1  61  61  -1  46  46  -1  74  -1 
 33  -1  -1  -1  -1  -1  -1  -1  -1  -1  -1  -1  -1  -1  -1  -1  -1  -1  75  75  75  -1  -1  -1  -1  -1 
 34  -1  -1  -1  -1  -1  -1 118 105 105  -1  -1  -1  -1  92  92  -1  -1 112  -1  -1  90  90 107 107 107 
 35  -1  -1 119 119 119  -1  -1  -1  -1  -1  -1  -1  -1  -1  -1  -1  -1  -1  -1  -1  -1  -1  -1  -1  -1 
 36  -1 156  -1  -1  -1 136 136  -1  -1  -1  -1  -1  -1  -1  -1  -1 162 151 151 151 134 134 149 149  -1 
 37  -1  -1  -1  -1  -1  -1  -1  -1  -1  -1  -1  -1  -1  -1  -1  -1  -1  -1  -1  -1  -1  -1 163 163 163 
 38  -1  -1 195 195 195  -1  -1 193 193  -1  -1 206  -1 180 180  -1  -1  -1 200  -1  -1  -1 178 178  -1 
 39  -1  -1  -1  -1  -1  -1  -1 207 207 207  -1  -1  -1  -1  -1  -1  -1  -1  -1  -1  -1  -1  -1  -1  -1 
 40  -1 250 239 239 239  -1  -1  -1 237 237  -1  -1  -1  -1  -1  -1 244  -1  -1  -1 222 222 224 224  -1 
 41  -1  -1  -1  -1  -1  -1  -1 251 251 251  -1  -1  -1  -1  -1  -1  -1  -1  -1  -1  -1  -1  -1  -1  -1 
 42  -1 294 281 281  -1 266 266  -1  -1  -1  -1 268 268  -1  -1  -1 288  -1  -1  -1 283 283 283  -1  -1 
 43  -1  -1 295 295 295  -1  -1  -1  -1  -1  -1  -1  -1  -1  -1  -1  -1  -1  -1  -1  -1  -1  -1  -1  -1 
 44  -1  -1 141  -1  -1  -1  97  -1  -1  -1  -1 137  21  -1  -1  -1  -1 269  -1  -1  -1  -1  -1  -1  -1 
 45  -1 142  -1  -1  -1  -1  -1  -1  -1  -1  -1  -1 153  -1  -1 314  -1  -1  -1  -1  -1  -1  -1   5 311 
 46  -1   7  -1  -1  -1  55  -1  -1  -1  -1 315  -1 225  -1 274  -1  53  -1 313 197  -1  -1  -1  -1  -1 
 47  -1  -1 184  -1  -1  99  -1 231 140  -1  -1   6  -1  -1  -1 241 143   8  -1  -1  -1  -1  -1  -1  -1 
 48 316  49 275  -1  -1 228  -1  -1 271 312  -1  -1  94 139  -1  -1 181  -1  -1  -1  -1  -1  -1  -1  -1 
 49  -1  -1  93  -1  -1  -1  -1  -1  95  -1 285 185  -1   9  -1  -1  -1  -1  -1 308  -1  -1  -1 272  -1 
 50  -1  96  -1  -1 310  -1 182  11  -1  -1  -1 227  -1  -1  -1  -1  -1  -1  -1  -1  -1  -1  51  65  -1 
 51 109  -1  -1 309  -1  -1  -1  -1  -1  -1  -1  98  -1  -1 138  -1  10  -1  -1  -1  -1  -1  -1  -1  -1 
 52  -1 186  50  -1  -1 187  52  -1  -1  -1  -1  54  -1 229  -1  -1 226 183  -1  -1  -1  -1  -1  -1  -1 
 53  -1 270 230  -1  -1  -1  -1  -1  -1  -1  -1  -1  -1  -1  -1  -1 273  -1  -1  -1  -1  -1  -1  -1  -1 

r\t   0   1   2   3   4   5   6   7   8   9  10  11  12  13  14  15  16  17  18  19  20  21  22  23  24 
  0 216  -1  -1  -1  -1  -1  -1  -1  -1  -1  -1  -1  -1 111  -1  -1  -1  -1  -1  -1  -1  -1  87  -1  -1 
  1  -1  47  -1  -1  -1  -1 160  -1  69  -1 169  -1  -1  -1  -1  -1  73 113  -1  -1  -1  -1  -1 208  -1 
  2  -1  -1  -1  -1  -1  -1  -1  -1   3  -1 174  -1 122  -1  -1  -1 293  -1  -1  38  -1  -1 235 215  -1 
  3  -1  -1 280 280  -1  -1  45  -1 258  -1  -1 263  -1 214  -1 236 236 260  -1  -1  -1  -1  -1  -1  -1 
  4  -1  -1  -1  -1 287  -1  -1  -1  -1  -1  -1  -1  -1  -1  67  -1  -1  -1  -1  -1  -1  -1  -1  -1  -1 
  5  -1  -1 170 202  -1  -1 108  -1  -1  -1  -1  -1  34  -1  -1  -1  -1  -1  -1  -1  -1 171 277  -1  -1 
  6 304 264  -1  -1  -1  -1  26 276  -1  -1  -1  -1  -1 179  -1  -1  -1  -1 291  -1  -1  79  -1  -1  37 
  7  -1  -1  -1 302  -1 199 146  -1 286  -1  -1  36  -1  -1  -1  -1  88  -1  -1  -1  -1  -1  -1  -1  -1 
  8  -1  -1  -1 131  -1  -1 265  15  -1  -1  -1  -1  -1  71  -1  -1  -1 245  -1  -1  -1 299  -1  -1  -1 
  9 150  -1 247  -1 307  -1 220  -1 232 213  -1  -1  -1 144  -1  -1 259  -1  -1  -1  -1  -1  -1 255  -1 
 10  -1 115  16  16  -1  -1  -1  -1  -1  -1  -1 279  -1  33  -1  -1 253 238  -1  -1  -1 221  -1 123  -1 
 11  18 262  -1  -1  -1  -1 249  80 298  -1  -1 219 289  -1  -1  -1  29  -1  -1 125  -1  41  -1 166  -1 
 12  -1 145  -1  -1  -1  -1  -1  -1 152  -1  -1  -1  -1  -1  -1  -1 120 297  -1  -1  -1  -1  -1 233  -1 
 13  -1  -1 290  84  -1  66  -1  89  -1 306  -1  77  -1  -1  -1  -1 172  59 164  -1  -1  -1  -1  72  -1 
 14  -1  35  -1 248  40  -1 240  -1  -1  -1  -1 135  -1  -1  -1  -1  -1  -1  -1  -1  -1  -1 217  -1  -1 
 15  -1  -1  -1  -1  -1  -1   1  -1 102  -1  -1 204  76  14  -1  -1  -1  -1 242  -1  -1 278 296  -1  -1 
 16  -1  -1 147  -1  -1  -1  -1 210 254  22  -1  -1  -1  -1 243  -1  -1  -1 223  -1 282  85  25  -1  -1 
 17  -1  62  -1  -1  -1  -1  -1  -1  -1  -1  -1  -1  -1 194  -1  -1  -1  -1 177  -1 301  57 148 148 126 
 18 110 246  -1  -1  -1 106 205  -1  23  -1  -1 196  60  60  -1  -1  -1  -1  -1  -1  -1  -1  -1  -1  -1 
 19  -1 201 104 104  -1  -1 284  -1 211  -1  -1 154  -1 209  -1  -1 103  -1 218  -1  -1  -1 252 292  -1 
 20  -1  -1  -1  32  -1  -1  -1  -1 175  -1  -1  -1  -1  -1  -1  -1  -1  -1  -1  -1 303  -1  43  -1  -1 
 21  -1  -1 212  -1  -1 261  70  -1 165  -1  -1  82 188  -1  -1  -1  -1 191  -1  -1  -1  -1 101  -1  -1 
 22  -1  -1  -1  -1  -1  -1  -1 124  58  -1  -1  -1 157  -1  -1  -1  56  -1  -1  -1  -1  -1  -1  -1  -1 
 23  -1  -1  -1 257  -1  -1  -1  -1 132  -1  -1  -1  -1  42  -1  -1  -1  -1  -1  -1 198  12  -1  -1  -1 
 24  -1  -1  -1  -1  -1  -1 300  -1  -1  -1  -1  13  -1 167  -1  -1  20  -1  -1  -1  -1  -1  -1   0 176 
 25  -1  -1  -1  -1  -1  -1  -1 234 190  -1  -1  -1  -1 256  -1  -1  -1  -1  -1  -1  -1  -1 168 128  -1 
 26  -1  -1 114  -1  -1  -1  -1  -1  -1  -1  -1  27  -1  -1 127  -1  -1 158  -1  -1  -1 116 192 192 130 
 27  -1  -1  44  -1  -1  -1  -1  -1 117  -1  -1  -1  -1  91 155  -1  -1  -1  -1  -1  -1  -1  -1  -1  -1 
 28 173  -1  39  78  -1  -1  -1  28  -1  -1  -1  81  -1  -1  -1  -1  -1  -1  -1  83  -1  -1 203 305  -1 
 29  -1 161 129  -1  -1  -1 189 133 267  -1  -1  -1  86  -1  -1  -1 159  -1  64  -1  -1 100 121  -1  -1 
 30  -1  -1   4   4  -1  -1  -1  -1  24  -1  -1  -1   2   2  -1  -1  -1  17  17  -1  -1  30  19  19  19 
 31  -1  -1  -1  -1  -1  -1  -1  -1  -1  -1  -1  -1  -1  -1  -1  -1  -1  31  31  31  -1  -1  -1  -1  -1 
 32  -1  74  61  61  -1  -1  -1  -1  -1  -1  -1  -1  48  48  -1  46  46  -1  -1  -1  -1  68  63  63  63 
 33  -1  -1  -1  -1  -1  -1  -1  -1  -1  -1  -1  -1  -1  -1  -1  -1  -1  75  75  75  -1  -1  -1  -1  -1 
 34  -1  90  90 118  -1  -1 112  -1  -1  -1 105 105  -1  -1  -1  -1  -1 107 107 107  -1  -1  -1  92  92 
 35  -1  -1  -1  -1  -1  -1  -1  -1  -1  -1 119 119 119  -1  -1  -1  -1  -1  -1  -1  -1  -1  -1  -1  -1 
 36  -1  -1  -1  -1  -1  -1  -1  -1 162  -1  -1 156  -1  -1  -1 136 136 151 151 151 149 149 134 134  -1 
 37  -1  -1 163 163 163  -1  -1  -1  -1  -1  -1  -1  -1  -1  -1  -1  -1  -1  -1  -1  -1  -1  -1  -1  -1 
 38  -1  -1 195 195 195  -1  -1 180 180  -1  -1  -1 200  -1  -1 193 193  -1  -1  -1  -1 206 178 178  -1 
 39  -1  -1  -1  -1  -1  -1  -1  -1  -1  -1  -1  -1  -1  -1  -1 207 207 207  -1  -1  -1  -1  -1  -1  -1 
 40  -1  -1 239 239 239  -1  -1 244  -1  -1  -1  -1 237 237  -1 224 224  -1 250  -1  -1  -1 222 222  -1 
 41  -1  -1  -1  -1  -1  -1  -1  -1  -1  -1 251 251 251  -1  -1  -1  -1  -1  -1  -1  -1  -1  -1  -1  -1 
 42  -1 294 266 266  -1  -1  -1 288  -1  -1  -1  -1 281 281  -1 268 268 283 283 283  -1  -1  -1  -1  -1 
 43  -1  -1  -1  -1  -1  -1  -1  -1  -1  -1  -1 295 295 295  -1  -1  -1  -1  -1  -1  -1  -1  -1  -1  -1 
 44  -1  -1  -1  -1  -1  -1  -1  -1  -1  -1  21  50  -1  -1  -1   8   6  -1  -1  -1  -1  -1  -1  51  -1 
 45  -1 231  -1  -1 316  -1  -1  65  -1  -1  -1  -1  -1  -1  -1  -1  -1  -1  -1  -1  -1  11  -1  -1 138 
 46 314  -1  -1  -1  -1 308  -1  -1  -1  -1  -1 273 270  -1 309  -1  -1  -1  -1  -1 241 143  95  -1 271 
 47  -1  -1  -1  -1  -1  -1  -1  -1  -1  -1  -1  -1  -1  -1  -1  -1  -1  -1  -1 312  -1 185   7  -1 225 
 48  -1  -1  -1 181  -1 285 137  10 230 311 310  -1  -1 229  -1  -1  -1  -1  -1  -1  -1  93  -1  -1  -1 
 49  -1   9 142  -1  -1  -1  99  -1  97  -1  -1 226  -1  -1  -1  -1  -1  -1  54  -1  -1  -1  -1  -1  -1 
 50  -1 141 228  49  -1  -1 183  -1  -1  -1  -1 184  -1  -1  -1  -1  -1 313  -1  -1 109  -1  55 269  -1 
 51  -1  -1  -1  -1  -1 153  -1 227  52  -1  -1   5 139 140  -1  94 187  -1  -1  -1  -1  53  -1  -1  -1 
 52  -1  -1  -1  98  -1  -1  -1  -1  -1  -1  -1  -1 186  -1  -1  -1  -1  -1  -1  -1  -1  -1 275  -1  -1 
 53  -1 182  -1  -1  -1  -1  -1 272  -1  -1  -1  -1  96  -1  -1  -1  -1  -1  -1 197 315 274  -1  -1  -1 

r\t   0   1   2   3   4   5   6   7   8   9  10  11  12  13  14  15  16  17  18  19  20  21  22  23  24 
  0  -1  -1  -1  -1  -1  -1  -1  -1  -1  -1  -1  91  -1  -1  -1  -1  -1 220  -1  -1  -1 240 280 280  -1 
  1  -1  -1  -1  -1  -1  -1  -1  -1  -1  -1  -1  -1  -1 179 218  -1 290  -1  -1  -1  -1  -1  -1 102  -1 
  2  -1  -1  -1  -1  -1 221 296 284  -1  -1  -1  -1  -1 100  -1  -1 212 258 254 215 177  -1  -1  78 106 
  3  -1  -1  34  -1  -1 172  -1 236 236  -1  -1  -1  -1  -1  -1  -1  -1  -1 302  -1  -1  33  60  60  -1 
  4 219 103  69  -1  -1  -1  -1  80  -1  -1  -1  -1  -1  -1  -1  -1  -1 234 262  -1  -1 255 111  -1  -1 
  5  37  79  -1  -1  -1  -1 130  29  -1  -1 125  -1  -1  25  -1 282  -1 166  -1  -1  -1 300  -1  88  -1 
  6  -1 135  -1  -1  -1  -1  -1 213  -1  -1  -1  -1  -1 233  -1  -1  -1  -1  -1  -1  -1  -1  -1  -1  -1 
  7  -1 306  -1  -1  -1  -1  -1 299  -1  -1  -1  -1  -1  -1  -1  -1 132  -1  -1  -1  -1  -1 261  -1  -1 
  8  -1  15  -1  -1  -1  -1  -1  -1  -1  -1  -1 247  -1  -1  -1  -1 169  76  62  -1  -1 165  -1  -1  -1 
  9  -1  -1  -1  -1  -1  -1 127 158  39  -1  -1  32  38 301  -1  -1 253 148 148  -1  -1 202 150 196  -1 
 10  -1 256 249  73  -1  -1  -1  -1 292  -1  -1  -1  -1  -1  -1  -1  -1  -1 167  -1  -1  77  -1  -1  -1 
 11  -1  -1  23   3  -1  -1  -1  -1  -1 263  -1  -1  -1 152  -1  -1 191  -1  -1  -1  -1 146  -1  82  -1 
 12  -1 297  -1 291  -1 175  -1  -1  66  -1  -1  83  -1  -1  -1  -1  -1 201  -1  -1  -1  85  -1  -1  -1 
 13  -1  26  86 128  -1 176  12  -1 286  -1  -1 287  64  -1  -1  -1  -1  -1  -1  -1  -1  -1 199  -1  -1 
 14  -1  -1  -1  -1  -1  -1 276  -1  -1  -1  -1  -1  -1 124  -1  -1  -1 120  -1  -1  -1 129  16  16  -1 
 15  -1  -1  -1  -1  -1  40  -1 246  -1  -1 155  -1 110  -1  -1  -1 157 277  41  -1  -1  -1  -1  -1 126 
 16  -1  -1  -1  44  -1  -1  35  -1  -1  67  -1 117  -1  -1  -1  -1  28  -1  -1  -1  -1  -1  -1 145  -1 
 17  -1  -1 154  -1  -1  -1  -1  -1 204  -1  -1  -1  -1 194  -1  -1 304  -1  47 260  -1  -1  -1  -1  -1 
 18  -1 123  -1 116  -1  -1  -1  -1  -1  -1  -1 267  -1  -1  -1  -1 264 217  -1  -1  -1  36  -1  -1  -1 
 19  -1  -1  -1  22  -1  -1  -1  -1  -1 238 305  14  -1  13  -1  -1  -1  -1 209  -1  -1  71  -1  -1  -1 
 20 133  -1 257  -1  -1  -1 171  -1  -1  -1  -1 161 210  -1  -1 198  20 245  -1  -1  -1 114  -1  -1  -1 
 21  -1  -1 121  -1  -1  -1  70 108  -1  -1  -1 189  -1  -1  -1  -1  -1 192 192  89  43  56  -1  -1  -1 
 22 214 232  -1  -1  -1  -1  -1  -1  -1  -1  -1  -1  -1  -1  -1  84  -1  -1  -1  -1 265 279  -1  -1  -1 
 23  81  59  -1 144  -1  -1  45  -1 122  -1  -1  -1 211  -1  -1  -1 101  -1 235 307  -1 170  27  -1  -1 
 24  -1 205  -1 252  -1  -1 159  -1  -1  -1 131  -1  -1  -1  -1  -1 242  -1 113  -1  -1  18  -1  -1  -1 
 25  -1  -1  87  57  -1  -1  -1  -1  -1  -1  -1   0  -1  -1  -1  -1  -1 174  -1  -1  -1  -1 115  -1   1 
 26  -1  -1  -1  -1  -1  -1  -1  -1  -1  -1  -1 223 243  -1  -1  -1 259  -1  -1  -1  -1 190  -1  -1  -1 
 27  -1  -1  -1  -1  -1  -1  42  58  -1  -1  -1  -1  -1 289  -1  -1 278  -1  72 216  -1  -1 293 164 173 
 28  -1 188  -1 168  -1 104 104  -1  -1  -1  -1 147 248 303  -1  -1  -1  -1  -1  -1  -1  -1  -1 203  -1 
 29  -1 160  -1  -1  -1  -1  -1 208  -1  -1  -1 298  -1  -1  -1  -1  -1  -1  -1  -1  -1  -1  -1  -1  -1 
 30   2   2  -1  30  -1   4   4  19  19  19  -1  -1  24  -1  -1  -1  -1  17  17  -1  -1  -1  -1  -1  -1 
 31  -1  -1  -1  -1  -1  -1  -1  -1  -1  -1  -1  -1  -1  -1  -1  -1  -1  31  31  31  -1  -1  -1  -1  -1 
 32  -1  -1  -1  -1  -1  -1  -1  -1  68  -1  -1  74  -1  61  61  63  63  63  -1  -1  48  48  -1  46  46 
 33  -1  -1  -1  -1  -1  -1  -1  -1  -1  -1  -1  -1  75  75  75  -1  -1  -1  -1  -1  -1  -1  -1  -1  -1 
 34  -1  -1 107 107 107  92  92  -1  -1  -1  -1  -1 112  -1  -1  -1  -1 105 105  -1  90  90  -1 118  -1 
 35  -1  -1  -1  -1  -1  -1  -1 119 119 119  -1  -1  -1  -1  -1  -1  -1  -1  -1  -1  -1  -1  -1  -1  -1 
 36  -1  -1 156  -1  -1 134 134 151 151 151  -1  -1  -1  -1  -1 149 149  -1  -1  -1 136 136 162  -1  -1 
 37  -1  -1  -1  -1  -1  -1  -1  -1  -1  -1  -1  -1 163 163 163  -1  -1  -1  -1  -1  -1  -1  -1  -1  -1 
 38 178 178 193 193  -1  -1 206 195 195 195  -1 200  -1  -1  -1  -1  -1  -1 180 180  -1  -1  -1  -1  -1 
 39  -1  -1 207 207 207  -1  -1  -1  -1  -1  -1  -1  -1  -1  -1  -1  -1  -1  -1  -1  -1  -1  -1  -1  -1 
 40  -1  -1 239 239 239  -1 250  -1  -1  -1  -1  -1  -1 244  -1  -1  -1  -1 222 222 224 224  -1 237 237 
 41  -1  -1  -1  -1  -1  -1  -1  -1  -1  -1  -1  -1  -1  -1  -1  -1  -1  -1  -1  -1  -1  -1 251 251 251 
 42  -1  -1 283 283 283 266 266  -1  -1  -1  -1  -1 281 281  -1  -1  -1 288 294  -1  -1  -1  -1 268 268 
 43  -1  -1  -1  -1  -1  -1  -1  -1  -1  -1  -1  -1 295 295 295  -1  -1  -1  -1  -1  -1  -1  -1  -1  -1 
 44  -1  -1  -1  -1  -1  -1 182 272  -1  -1  -1  -1 197 228  -1  -1  94  -1  99  -1  -1  -1 315  -1  -1 
 45 229 270  -1  93  -1  -1  -1 230 308  -1  -1 241  -1  52 316  -1  -1 273  -1 143  -1 274  -1 231  -1 
 46 275  96  65 137  -1  -1  -1  51  -1 285  -1 109  -1   6  -1  -1  -1  97 269 271  -1  -1  -1  -1  -1 
 47  -1 227  -1  -1  -1  54  -1  -1  -1  -1  -1 181  -1  -1  -1  -1  -1 139  -1  -1  -1  -1  -1 187  -1 
 48  -1  -1  -1 225  -1  -1  -1  -1  -1  -1 309  50  -1  -1  -1 310   5   7  -1  49  -1  -1  -1  -1  -1 
 49  -1 153  -1  -1  -1  -1 226  -1  -1  -1  -1 141  -1  -1  -1  -1 185  -1  -1  -1  -1  -1  -1  10  -1 
 50  95  -1 313  -1  -1  -1  -1  -1  -1  -1  -1  -1 314  98  -1  -1  -1  -1  -1  -1  -1  -1  -1  -1 186 
 51  -1  53  -1  -1  -1  -1  -1  -1  -1  -1  -1  -1  -1  -1  -1  -1  -1  -1  11  -1   9  -1  -1 142  -1 
 52  55  -1  -1  -1  -1  -1  -1  -1  -1  -1  -1  -1  -1  -1  -1  -1  -1  -1 140  -1  -1 184  -1  -1 138 
 53  -1  -1  -1  -1 312  -1  -1   8  -1 311  -1  -1  21  -1  -1  -1  -1 183  -1  -1  -1  -1  -1  -1  -1 

r\t   0   1   2   3   4   5   6   7   8   9  10  11  12  13  14  15  16  17  18  19  20  21  22  23  24 
  0  -1  -1  -1 209  -1  -1  88 160 116  -1  -1  58  -1  -1  -1  -1 189 110  -1  -1  -1  -1  -1  -1 155 
  1  -1  71  -1  -1  -1  -1 220 144  -1  -1  -1 113  -1  -1  -1  -1  -1  -1  -1  -1  -1  -1  -1 111  -1 
  2  -1  -1  -1  -1 172  -1  -1  35  -1  -1  -1  73  -1  -1  -1  60  60 243 298  -1  -1  -1  26  -1 259 
  3  -1  -1  -1  -1  -1  -1  34 192 192  -1  -1  -1  32  -1  -1  -1 264  -1  -1  -1  -1  -1  -1 157  -1 
  4  -1  22  -1  -1  -1  -1 277 121  -1  -1  -1 125  40  -1 218  -1  69  -1  -1 177  -1  -1  -1  -1  -1 
  5  -1 301  -1  -1  -1  -1  -1  -1  33  -1  -1  -1 282 179  -1  -1  -1  -1 152  -1 127  -1 296 150 175 
  6  -1  -1  -1 146  -1  -1 202  -1 148 148  -1 216  -1 210  -1  -1  -1 147  -1  -1  86   3  -1  -1  -1 
  7  -1  -1 232  -1  -1  -1 190 260 130 263  -1  -1  -1  -1  -1  -1  -1 287  -1  -1  -1  -1  -1  44  -1 
  8  -1  -1  -1  -1  -1  -1  -1  -1  -1  -1  -1  -1  -1 169  -1  -1  -1  -1 203  -1  -1  -1  78 292  -1 
  9  -1  -1  -1  -1  -1  -1  47 280 280  -1  -1 305  -1  -1  -1  -1  -1  -1 303  -1  -1 188 167  -1  -1 
 10  -1 256 145  64  -1  -1  -1  -1  -1  -1  -1  -1  -1  -1  -1  -1  -1 302 124  -1   1  28  -1  -1  -1 
 11  -1  -1  -1  -1  -1  -1  -1   0 297  -1  -1  -1  -1  -1  -1  -1  -1  -1 233  -1  81 240  -1  -1  -1 
 12  -1  -1  -1  -1  -1  -1 304 258 212 219  -1 245 205 108  -1  -1  -1  -1  13  -1  -1  82  -1  -1  -1 
 13  -1  -1 214 129  -1  -1 103 234 213  -1  -1 101 164 211  -1  -1  -1  -1  -1  -1  -1  -1 154  -1  43 
 14  -1 122  -1 300  -1 286  -1 293  -1  -1  -1  -1  -1  -1  -1  -1  -1  -1 246  -1  -1  -1 194  -1  -1 
 15  -1  -1  -1  -1  -1  -1  -1  -1  70  -1 257  -1  -1  36  -1  -1 262  -1  89  -1  -1  -1  -1  16  16 
 16  -1  -1  -1  -1  -1  -1  62  -1  42  -1  -1  -1  -1  -1  -1  -1  -1  -1  -1  -1  -1 299  -1  91  -1 
 17  -1  -1  38  -1  -1  -1  -1  -1  -1  -1  85  -1 102 199  -1 198  14  66  -1  -1  -1  -1  -1  -1  -1 
 18  -1  -1 166  -1  -1  -1  -1  80  -1  -1  -1  -1  -1 278  -1  -1  -1  -1  -1  -1  -1 306  -1  -1  -1 
 19  -1  84  -1  72  -1  -1  76 201  56  -1  -1  -1 290  -1  -1  -1 289  -1  -1  -1  -1 114  -1 208  -1 
 20  -1 168  -1 249  41  -1 291  -1  -1 131  -1 276  -1  -1  -1  -1  25  -1  -1  -1  -1  -1 261  -1  -1 
 21  -1 284  -1 236 236  -1  -1  -1 217  -1  -1  -1 253 120  -1  -1  -1  -1 267 221  -1 100 174 191  -1 
 22  -1  -1  77  -1  -1  -1 128  67 254  37 307  27  -1  -1  -1  -1  -1  -1  -1  45  -1  -1  -1 135  -1 
 23  -1  -1 252  -1  -1  -1 123 215  -1  -1  -1 159  -1  -1  -1  -1  -1  -1  -1  -1  -1  18  -1  -1  -1 
 24  -1  -1  -1  -1  -1  -1  12  -1 165  -1  83  -1  -1  -1  -1  -1 247  -1  -1  -1  -1 171 204  59  -1 
 25  39  -1  20  -1  -1  -1 133  -1 223  -1  -1  -1  -1 158  -1  -1  -1 117  -1  -1  -1  -1  -1  -1 170 
 26  -1  -1  -1  15  -1  -1 235  -1  -1  -1  -1  -1  -1  -1  -1  -1 161  79  -1  -1 265 255  -1  -1  -1 
 27  -1  -1  -1  -1  -1  -1  -1  -1 132  -1  -1  -1  -1  -1  -1  -1  -1  -1  -1  -1  -1  57  23 173  -1 
 28  -1  29  -1  -1  -1  -1  -1  -1  -1  -1  -1  -1  -1 126  -1 104 104  87  -1  -1 176  -1 106 115  -1 
 29  -1 238  -1 196  -1  -1  -1  -1 242  -1  -1  -1  -1 248  -1  -1 279  -1  -1  -1  -1  -1  -1  -1  -1 
 30  -1  -1  -1  -1  -1  -1  -1  17  17  -1   4   4  19  19  19  -1  -1  30   2   2  -1  -1  -1  24  -1 
 31  -1  -1  31  31  31  -1  -1  -1  -1  -1  -1  -1  -1  -1  -1  -1  -1  -1  -1  -1  -1  -1  -1  -1  -1 
 32  63  63  63  46  46  -1  -1  -1  -1  -1  48  48  61  61  -1  -1  -1  -1  68  -1  -1  -1  -1  74  -1 
 33  -1  -1  -1  -1  -1  -1  -1  -1  -1  -1  -1  -1  75  75  75  -1  -1  -1  -1  -1  -1  -1  -1  -1  -1 
 34 105 105  -1  90  90  -1  -1 107 107 107  92  92  -1  -1  -1  -1 112  -1  -1  -1  -1  -1 118  -1  -1 
 35 119 119 119  -1  -1  -1  -1  -1  -1  -1  -1  -1  -1  -1  -1  -1  -1  -1  -1  -1  -1  -1  -1  -1  -1 
 36  -1  -1  -1 134 134  -1  -1  -1 162  -1 136 136 151 151 151 149 149  -1  -1  -1  -1 156  -1  -1  -1 
 37  -1  -1  -1  -1  -1  -1  -1  -1  -1  -1  -1  -1  -1  -1  -1  -1  -1 163 163 163  -1  -1  -1  -1  -1 
 38 193 193  -1 180 180  -1 178 178  -1  -1 195 195 195  -1  -1  -1  -1 200  -1  -1  -1 206  -1  -1  -1 
 39 207 207 207  -1  -1  -1  -1  -1  -1  -1  -1  -1  -1  -1  -1  -1  -1  -1  -1  -1  -1  -1  -1  -1  -1 
 40  -1  -1  -1  -1  -1  -1 250 244  -1  -1 224 224 239 239 239  -1  -1  -1  -1  -1 222 222 237 237  -1 
 41  -1  -1  -1  -1  -1  -1  -1  -1  -1  -1  -1  -1  -1  -1  -1  -1  -1  -1  -1  -1  -1  -1 251 251 251 
 42  -1  -1 281 281  -1  -1  -1 266 266  -1 268 268  -1 294  -1  -1  -1 288  -1  -1  -1  -1 283 283 283 
 43 295 295 295  -1  -1  -1  -1  -1  -1  -1  -1  -1  -1  -1  -1  -1  -1  -1  -1  -1  -1  -1  -1  -1  -1 
 44  -1  -1  -1  -1 275  -1  -1  -1  52  -1  -1  -1  -1 274  -1  -1  -1  21 285  -1 138  -1  -1  -1  -1 
 45  -1  -1  -1  -1 228  -1  -1  -1  -1  -1  -1  -1  98  -1  -1  -1  94  -1  50  -1  -1  99  -1  -1  -1 
 46  -1  -1  -1  -1  -1  -1  -1  -1  -1  -1  -1 181  -1  -1  -1 241 184  -1  -1  93  -1  -1  -1  -1  -1 
 47  -1  -1 227  -1  -1  -1 273  -1  -1  -1  -1  -1  -1  -1  -1  -1  -1  -1  -1  -1  -1  51  -1   9 311 
 48  -1  -1  54  -1  -1  -1  -1 226   7  -1  -1  -1 185  -1  -1  -1   6 197  -1  -1  55  -1  -1  -1  -1 
 49  -1 313   8 270  -1 109  -1  -1  -1  -1  -1  -1  -1  -1  -1  -1  49  -1 183 271  -1  -1  -1  -1  -1 
 50 314  -1 143  10  -1  -1  -1  -1  96  -1  -1  -1 231 142  -1  -1  -1  -1  -1  -1  97  -1  -1  -1  -1 
 51  -1 153  -1 229  -1  -1  11  -1  -1 309  -1  -1  -1  95  -1  -1  -1  -1 139  -1  -1 182 308  -1  -1 
 52  -1  -1  -1  -1  -1 310  -1  -1 186  -1  -1  -1   5  -1 312 316 140  -1  -1  -1  -1 137  65 187  -1 
 53  -1  -1  -1  -1  -1  -1  -1 141  -1  -1  -1  -1  53  -1  -1  -1 230 315 225  -1  -1 269  -1 272  -1 

r\t   0   1   2   3   4   5   6   7   8   9  10  11  12  13  14  15  16  17  18  19  20  21  22  23  24 
  0  -1  -1  -1 254  -1  -1  -1 129  -1  -1  -1  -1 215  -1  -1  -1  -1  -1 144  -1  -1  72  23  -1  -1 
  1  -1  -1  70 208 301  -1  -1 168  59  -1  -1  -1  -1  -1 155  -1  20 110  -1  -1  -1  -1  -1  -1  -1 
  2  -1  80  -1 234  -1  -1  79  57  -1  -1  -1  -1  -1 297  -1  -1  -1  -1 233  -1  -1 279  71 300  -1 
  3  -1  -1 221  -1  -1  -1  -1  -1  -1  -1  -1  -1 130 131  -1  -1  -1  91  -1  -1  -1  35  -1  -1  -1 
  4  -1  33 148 148  -1  -1  -1  25 306  -1  -1 199  -1  -1  -1  -1  -1  44 302  -1  -1  -1  -1  77  -1 
  5  -1 232  -1  -1  43  -1 121  -1  -1  -1  -1 106  -1  -1  -1  -1  -1 252  -1  -1  -1  -1  -1  -1  -1 
  6  -1  66 278 292  -1  -1  -1 267  -1  -1  -1 152  -1 248  -1  -1  -1 243 212  -1 265  -1  -1  -1  -1 
  7  -1  -1  -1 101  -1  -1 249  -1  32  -1  -1  42 127  -1  -1  -1 194 223  -1  -1  -1  88  -1  81   1 
  8  -1  -1  -1  -1  -1  -1 286  -1 289  -1 174  73  -1  -1  -1  67 204  -1  -1  -1  -1  -1  -1  -1  -1 
  9  45  -1 132  -1  -1  -1 209 211  -1  -1  -1  -1  -1  -1  -1 282  -1  -1 108  -1  -1  62  -1  -1  -1 
 10  -1  -1  -1  -1  -1  -1  -1   3  -1  -1  -1  -1  -1  -1  -1  -1 219  -1  -1  -1  -1 117  -1  -1  -1 
 11  -1  -1 192 192  -1  -1  87 210  86  -1  -1  -1 247  -1  -1  -1 157  -1  -1  -1  -1  -1  -1  -1  -1 
 12  -1  -1  -1  -1  -1  -1  -1 123 217  -1  -1  -1  -1 135  -1  -1  -1  13  -1  -1  -1  -1  -1  -1  -1 
 13  -1 245  -1  -1  -1  -1  -1  -1 116  -1  -1  -1  -1  -1  -1 261  -1 218  -1  -1  -1 100 124  14  -1 
 14  -1  -1 296  -1  -1 263  -1 133 256  -1  -1  -1 260  -1  -1 258  -1  -1 167  -1  -1  47  -1  -1  -1 
 15 173 166  -1 164  -1  -1 298  -1  -1  -1  -1  -1 114  -1  -1  -1  56 196  -1  -1  -1 240  -1  -1  -1 
 16  -1  -1 122  -1  -1  -1  -1  -1  -1  -1  -1  -1 201  -1  -1  -1  -1 113  16  16  -1  -1  -1 277  -1 
 17  -1 146 159  -1  -1  41  -1  84 145  -1  -1  -1  -1  -1  -1  -1   0  -1  -1  -1  -1  -1  -1  -1  -1 
 18  -1  -1  -1  76  -1  -1  39 280 280  -1  -1  -1 175  -1  -1  -1  -1 147 253  -1  -1  -1  36  -1  -1 
 19  -1  -1  -1  -1  -1  -1  -1 103  -1  -1  -1  64  -1 264  -1  -1  -1  -1  -1 220  -1  -1 104 104  -1 
 20  -1 190 172  -1  -1  -1  -1 304  -1  -1  -1 202  -1 115  -1  -1 235  -1  -1  -1  -1 255  -1  -1  -1 
 21  37  -1  -1  28  -1 126  -1  69 189 198  -1 291 303  -1  -1 305  34  -1  -1  -1  -1 160  -1 165  -1 
 22  -1  -1 203  -1  -1 150  -1  -1  -1  -1 128  -1  83  -1  -1  -1  -1  -1  58  -1  -1  -1  -1  -1  -1 
 23  -1  -1  -1  -1  -1  -1  18  -1  -1 257  22 246  -1  -1  -1  -1  -1 177  -1  -1  -1 205  -1  -1  -1 
 24  -1 262  -1  -1  -1  -1  -1 259  12  85  -1  -1  -1 161  -1  -1 179  78  89  -1  -1 188  -1  -1  -1 
 25  -1  -1  -1  -1  -1  -1 216 236 236  -1  -1  -1  -1  -1  -1  -1  82 171  -1  -1  -1  -1 169  -1  -1 
 26 307  -1  -1  -1  -1  -1 242  -1  38 213  -1  -1 125  -1  -1 170  -1  -1  -1  -1  -1  15  -1  -1  -1 
 27  -1 214  29  -1  -1  -1  -1  -1 102  -1  -1  -1  -1  -1  -1  -1  -1  -1  26  -1  -1  -1  -1  27  -1 
 28  -1 299  -1 276  -1  -1 158  -1  -1  -1  -1  -1  -1 154  -1  -1  -1  -1 191  -1  -1 290  -1  -1  -1 
 29  -1 284  60  60 176  40 111  -1  -1 238  -1 287 293  -1  -1  -1 120  -1  -1  -1  -1  -1  -1  -1  -1 
 30   4   4  19  19  19  -1  24  -1  -1  -1  -1  -1  17  17  -1  -1  -1  30   2   2  -1  -1  -1  -1  -1 
 31  -1  -1  -1  -1  -1  -1  -1  -1  -1  -1  -1  31  31  31  -1  -1  -1  -1  -1  -1  -1  -1  -1  -1  -1 
 32  -1  -1  -1  48  48  -1  -1  -1  68  -1  -1  -1  61  61  -1  -1  74  -1  46  46  -1  -1  63  63  63 
 33  -1  -1  -1  -1  -1  -1  -1  -1  -1  -1  -1  -1  75  75  75  -1  -1  -1  -1  -1  -1  -1  -1  -1  -1 
 34 105 105  -1  92  92  -1  -1  90  90  -1  -1 118 107 107 107  -1  -1  -1  -1  -1  -1  -1  -1 112  -1 
 35 119 119 119  -1  -1  -1  -1  -1  -1  -1  -1  -1  -1  -1  -1  -1  -1  -1  -1  -1  -1  -1  -1  -1  -1 
 36  -1  -1  -1 134 134  -1  -1  -1  -1  -1  -1  -1  -1  -1  -1 149 149 156 136 136 151 151 151 162  -1 
 37  -1  -1  -1  -1  -1  -1  -1  -1  -1  -1 163 163 163  -1  -1  -1  -1  -1  -1  -1  -1  -1  -1  -1  -1 
 38  -1 206 178 178  -1  -1  -1  -1 200  -1  -1  -1 195 195 195  -1  -1  -1 180 180  -1  -1 193 193  -1 
 39  -1  -1  -1  -1  -1  -1  -1  -1  -1  -1  -1  -1  -1  -1  -1  -1  -1  -1  -1  -1  -1  -1 207 207 207 
 40 224 224  -1 222 222  -1  -1 244  -1  -1  -1  -1 239 239 239  -1 250  -1  -1  -1  -1  -1 237 237  -1 
 41  -1  -1  -1  -1  -1  -1  -1  -1  -1  -1  -1  -1  -1  -1  -1  -1  -1  -1  -1  -1  -1  -1 251 251 251 
 42  -1  -1  -1 266 266  -1  -1 288  -1  -1  -1  -1 283 283 283  -1 294 281 281  -1  -1  -1  -1 268 268 
 43  -1  -1  -1  -1  -1  -1  -1  -1  -1  -1  -1  -1  -1  -1  -1  -1  -1 295 295 295  -1  -1  -1  -1  -1 
 44  -1  -1 274  -1  -1  -1  -1  -1 182  -1 312 314  -1  -1  -1  -1  -1  -1  -1  -1   9  -1 315  93  -1 
 45  -1  -1  -1  -1  -1 311 308  -1  51  -1  -1  -1 313  50  -1  -1  -1  -1  -1  -1  49  -1 285 141  -1 
 46 185  -1  10  -1  -1  -1  65 227  -1  -1  -1  -1  -1  -1 316 309  95 138  -1  -1  -1  -1  -1  -1  -1 
 47 271  -1  -1  -1  -1  -1  -1  21  -1  -1  -1  -1  -1  96  -1 109  -1 273  -1  98  97 184  -1  -1 140 
 48  -1  -1  94  -1  -1  -1  -1  52  -1  -1  -1  -1  -1  -1  -1  -1 142  -1  -1  -1 187  -1  -1  -1  99 
 49  -1 186  -1  -1  -1  -1 197 183  -1  -1  -1  -1  -1 181  -1  -1  55  -1  -1  -1 225 226  -1  -1  -1 
 50  -1  -1  -1  -1  -1  -1  -1  -1 228 310  -1 241  -1   8  -1  -1 272  -1  -1  -1  -1   6  -1   7  -1 
 51 143 275  -1  -1  -1  -1  -1  -1   5  -1  -1  -1  -1 231  -1  -1  -1  -1 230  -1  -1 269  -1  -1  -1 
 52  -1  -1  -1  -1  -1  -1  -1  -1 137  -1  -1  -1  -1  -1  -1  -1 229  -1  -1  -1  -1  -1  -1  53  -1 
 53  -1 139  54  -1  -1  -1 153  -1 270  -1  -1  -1  -1  -1  -1  -1  -1  11  -1  -1  -1  -1  -1  -1  -1 

r\t   0   1   2   3   4   5   6   7   8   9  10  11  12  13  14  15  16  17  18  19  20  21  22  23  24 
  0  -1 191  -1  -1  -1  -1  -1  -1 176  -1 128  -1 192 192  -1  -1  -1  -1  59  -1  -1 102  -1 245  -1 
  1  -1 234  -1  -1 106  -1  -1  -1  58  -1  -1  29 123  -1  -1  -1 264 219 132  -1 177  -1  -1  -1  -1 
  2  -1 113  -1  -1  -1  -1  -1  -1 210  -1  -1 167  44  -1  -1  67  -1  -1  -1  -1  -1  -1  -1  -1  -1 
  3 129 171 235  -1  -1  -1  -1 286  39  40  -1  -1 236 236 150  -1  62  -1  -1  -1  -1  57 253  -1 155 
  4  -1 287  -1  -1  -1 238  -1  -1  -1  -1  -1  -1  -1 116  -1  -1 212 104 104  -1  -1  -1 115 168  -1 
  5  -1  -1  -1  -1  -1  16  16  -1 276  -1  -1  -1  -1 220   1  -1 160 218  -1  -1  -1  12  -1  -1  -1 
  6  -1  70 196  -1  -1  -1  45  -1 263  -1  -1  -1  -1  -1  -1  -1 124 117 208  -1 262 279  -1 209 198 
  7  -1  13  -1  -1  -1  87 307  -1  -1  -1  -1  -1  -1  -1 221  -1  -1  -1  -1  -1  -1  -1 111  -1  -1 
  8 173  -1  -1  -1  -1  -1 159  -1 254 172  -1 284 280 280  -1  -1 135 301 297  -1  -1  -1  -1 179  -1 
  9  -1  88  80 240  -1  -1 175  42 190  -1  -1  -1  -1 300  -1  -1  -1  -1  -1  -1  -1  -1 154  33  -1 
 10  -1  -1 127  -1  -1  -1  -1  23  -1  -1  81  -1  -1 202  -1  -1  89 258  -1  -1  -1  -1  -1  -1  37 
 11  -1  -1  18  -1  -1 110 122 296 144  -1  -1  14  -1  -1  -1  -1  -1 261  -1  -1  -1  -1  -1  -1  -1 
 12  -1  -1  -1  -1  -1  -1 188  -1  -1  -1  -1 189  -1  86  -1  -1 256  -1  28  -1  -1  -1  27  -1  -1 
 13  -1  -1  -1 290  -1  -1  26 158  -1  -1  -1 293  -1  -1  -1  -1  -1 204 170  -1  -1  -1  -1 133  -1 
 14  -1  -1  -1  -1  -1  -1  -1  -1  -1  -1  -1  -1  -1  -1  -1  -1  -1  -1 249  -1  -1  -1  -1 289  -1 
 15  -1   0  -1  -1  -1  -1 108  -1  -1  -1  -1 130  -1  -1  -1  -1 260  -1  -1  -1  -1  -1  -1  -1  -1 
 16  -1 267  -1  -1  -1  -1  -1  -1  -1  -1  -1  -1  -1 247  -1  -1  71  -1  -1  -1  -1  -1  83  -1  -1 
 17  -1 147  38  -1  -1  -1  -1 103  -1  -1  -1 121   3  -1  91  -1  -1  -1  -1  -1  -1 166  -1  -1  -1 
 18  -1 131  -1  -1  -1  -1  -1  -1  -1  -1 215 233 148 148  -1  -1  -1  -1 145 282  -1 152  -1  -1  -1 
 19 265  -1  -1  -1  -1  -1  -1  -1  69  -1  -1  82  -1  -1  -1  -1  47  -1  -1  22  -1 201 199  -1  -1 
 20  -1 205  -1  -1  -1  -1  -1  -1 223  -1  -1 101  56  -1  -1  -1  -1  -1  -1  -1  -1  36  -1  -1  -1 
 21 214  -1  -1  -1  -1  -1  -1 242  34  -1  -1  -1  -1  -1  -1  -1  -1  -1  -1  -1  -1  -1  60  60 259 
 22  -1  25  -1  -1  -1  -1  -1  -1  -1  -1  -1  -1 169 125  -1  -1  15 292 217  -1 126  79  -1 100  -1 
 23  -1  -1 120  76  -1 305  -1  -1 164  66  -1  -1  -1  78  -1  -1  77  -1  20  -1  -1  -1 257  -1 306 
 24  -1 255  -1  -1  -1  -1  -1  -1  -1  -1  -1  -1  -1  35  -1  -1  -1 216  -1  -1  -1 298 174 114  -1 
 25  -1  -1  -1  -1  -1  -1 303  -1  -1  -1  -1 203 246  -1  -1  -1 291 252  -1  -1  -1 232  -1  72  -1 
 26  -1  -1  -1  -1  -1  -1  -1  -1 243  -1  -1  -1 157  -1  -1  -1 277 146  -1  -1  -1  -1  -1  -1 302 
 27  -1  64  41  -1  -1  -1  -1 194 211  -1  85  -1  -1  -1  -1  -1  -1  -1 278 304  -1 248  -1  -1  -1 
 28  -1  -1  -1  -1  -1  -1  -1  73  -1  -1  -1  -1  -1  43  -1  -1  -1  -1  -1  -1  -1  -1  -1  -1  -1 
 29  -1 161  32 213  -1  -1 299  -1  -1  -1  -1  -1  -1  -1  -1  -1  -1 165  -1  -1  -1  -1  84  -1  -1 
 30  -1  -1  -1  24  -1  -1  -1  30  -1  -1   2   2  17  17  -1  -1  -1  -1  -1  -1   4   4  19  19  19 
 31  -1  -1  -1  -1  -1  -1  -1  -1  -1  -1  -1  -1  -1  -1  -1  31  31  31  -1  -1  -1  -1  -1  -1  -1 
 32  -1  -1  63  63  63  -1  -1  -1  -1  -1  61  61  74  46  46  -1  -1  -1  -1  -1  48  48  68  -1  -1 
 33  -1  -1  -1  -1  -1  -1  -1  -1  -1  -1  -1  -1  -1  -1  -1  -1  -1  75  75  75  -1  -1  -1  -1  -1 
 34 107 107 107  -1  -1  -1  -1  -1  -1  -1  90  90 105 105  -1  -1  -1  -1 112  -1  -1 118  -1  92  92 
 35  -1  -1  -1  -1  -1  -1  -1 119 119 119  -1  -1  -1  -1  -1  -1  -1  -1  -1  -1  -1  -1  -1  -1  -1 
 36  -1  -1 149 149  -1 151 151 151  -1  -1 136 136  -1 156  -1  -1  -1  -1 162  -1 134 134  -1  -1  -1 
 37  -1  -1 163 163 163  -1  -1  -1  -1  -1  -1  -1  -1  -1  -1  -1  -1  -1  -1  -1  -1  -1  -1  -1  -1 
 38  -1  -1  -1 193 193  -1 200  -1  -1  -1 178 178 180 180  -1  -1  -1 195 195 195  -1  -1 206  -1  -1 
 39  -1  -1 207 207 207  -1  -1  -1  -1  -1  -1  -1  -1  -1  -1  -1  -1  -1  -1  -1  -1  -1  -1  -1  -1 
 40  -1  -1  -1  -1  -1  -1 244 250  -1  -1 222 222  -1  -1  -1  -1  -1 237 237  -1 224 224 239 239 239 
 41  -1  -1 251 251 251  -1  -1  -1  -1  -1  -1  -1  -1  -1  -1  -1  -1  -1  -1  -1  -1  -1  -1  -1  -1 
 42  -1 294 283 283 283  -1  -1  -1 288  -1 268 268  -1  -1  -1  -1  -1  -1  -1  -1 266 266 281 281  -1 
 43  -1  -1  -1  -1  -1  -1  -1  -1  -1  -1  -1  -1  -1  -1  -1  -1  -1  -1  -1  -1  -1  -1 295 295 295 
 44 228 141  -1  -1  -1  -1 230  -1 272  -1  -1  -1 225  -1  -1  -1 153  -1  -1  -1  -1  -1  -1   8  -1 
 45 143  -1  -1  21  -1  -1 186  -1 139  -1  -1  51  -1  -1  -1  -1  -1  -1  -1 311  -1  -1  -1  -1  -1 
 46  -1  -1  -1  -1  -1  -1  96  -1  -1  -1  55  -1 137  11  -1  -1  -1 182  -1  -1  97  -1  -1 197  -1 
 47   9  53  -1 109  -1 316  -1  -1  -1  -1  -1  -1  -1  98  -1  -1  -1  -1  -1  -1  -1  -1  -1  -1  -1 
 48  -1 184  -1  -1  -1  -1  -1  -1  -1  -1  -1  -1 269 138  -1  -1  10  -1  -1  -1  -1  -1  -1  -1  -1 
 49 183  -1 315  -1  -1  -1 273 309  -1  -1  -1  -1  -1  -1  -1  -1  -1  -1 275  -1  -1  -1  -1  -1  -1 
 50  50  -1  -1 308  -1  -1  -1  -1  -1 310  -1  -1  -1 274  -1  -1  -1  93   6  -1  -1 181  -1  -1  -1 
 51  -1  -1  -1  -1  -1  -1  -1  -1  -1  -1  -1  -1  -1  -1  -1 241 229 226  95  -1  -1  -1 313  -1  54 
 52  -1 227  -1  -1 314  -1   7  -1  49 285  -1  -1  -1  -1 271 312  -1 140  -1  -1  -1  -1  -1  -1  -1 
 53  -1  -1  -1  -1  -1  -1 142  65   5  -1  -1  -1  99  -1 185  -1 187 270 231  -1  -1  94  -1  52  -1 

r\t   0   1   2   3   4   5   6   7   8   9  10  11  12  13  14  15  16  17  18  19  20  21  22  23  24 
  0  -1  -1 120  -1  -1  -1  -1  -1  -1  -1  -1  -1  -1  -1  -1  -1  -1 116  -1  -1  -1 198  -1  -1  83 
  1  -1  -1  20  60  60  -1  -1  -1  -1  -1  -1  -1  78 249  -1  -1  -1  -1  -1  -1  -1  -1  -1  -1 215 
  2 176  -1  76 113  -1  -1  -1  -1  -1  -1  -1   3   1  16  16  -1  -1  -1 286  -1  -1 238  -1  26  -1 
  3  -1  -1  -1  -1  40  -1  -1 245 307  -1  -1  -1  -1  -1  -1  -1 276  -1  -1  -1  -1  -1 100  -1  -1 
  4  -1 131  -1 203  -1  -1  -1  -1  -1  -1  -1  -1  -1 213  -1  -1  -1  -1  69  -1 260  -1  -1  -1  -1 
  5  -1 103 209  -1  -1  -1  -1 267  -1  -1  -1  18 202  -1  -1  -1  -1  -1  -1  -1  -1  -1  -1  89 217 
  6  -1  -1  -1  -1  -1  -1  -1  47  45  -1  -1  -1  -1  -1  91  -1 256  -1  23  -1  -1  -1  -1  -1  -1 
  7  -1 146  -1  -1  -1  -1  -1  -1 253  -1  -1  -1  -1  66  -1  -1  73  -1 174  -1  -1 154 236 236  -1 
  8  -1  -1  -1 145  -1  -1  -1  -1  -1  -1  -1 126 166 233  -1  -1 205  -1  -1  -1  -1  -1  -1  -1  -1 
  9  -1  -1 221 290  -1  -1  -1 282 160  -1  -1 108 262  -1  -1  -1 165  -1  -1  -1  -1 258  -1 255  -1 
 10  -1  -1 158 247  -1  -1  -1  80  -1 216  -1  33  -1  87  -1  -1  -1  -1 164  -1  -1  -1 279  -1  -1 
 11 218  -1 280 280  -1  -1 168  -1  -1  -1  -1 157  56 117  -1  -1 128  -1  -1  -1  -1 212  25  -1  -1 
 12  -1  14  -1 159  -1  38  -1 104 104  -1  -1  36 304 175  -1  -1  -1  79  -1  -1 155  -1  -1  -1  -1 
 13  -1  -1  -1  -1  -1  -1  28 135 210  -1  -1 264 235  -1  -1  37  -1  -1  -1  -1 170  -1  -1  -1  -1 
 14  -1 302  -1 301  85  -1  -1  -1  -1  -1  -1  58 248  -1  -1  -1  -1  82  -1  -1  -1  -1  -1 204  -1 
 15  -1  -1  -1  -1  -1  -1  -1 299  -1  -1  -1  -1 148 148  -1  -1  -1 257  -1  -1  -1  -1  -1  -1  -1 
 16  -1  -1  -1  29  -1  -1 125  -1  -1  -1  -1  71  -1  -1  -1  -1  -1 261  -1  -1  -1  -1  -1  -1 305 
 17  -1  -1  -1  13  -1  -1  -1  -1  -1  43  -1  -1  -1  -1 220  -1  34 284  -1  -1  -1  -1  -1  -1  -1 
 18  -1  -1  -1  -1  -1  -1  -1  -1 277  -1  -1  -1  -1  -1  -1  -1  -1  -1 293  -1  -1  12 289  -1  -1 
 19  -1  -1  35 234 242 171  -1  -1  -1  -1  -1  -1  -1  -1  -1  -1  -1  44  -1  -1  -1  59 201 124  -1 
 20  -1 232  -1  -1 287  -1  -1  -1  70  -1  -1 243  -1  -1 127 132 240 265  -1  -1  -1  -1 115 298  67 
 21  -1 179  -1  -1  -1  -1  62  -1  88  -1  -1 189  -1  -1  -1  -1 123 101  -1  -1  -1  -1  -1  -1 106 
 22  -1  -1  -1  72  -1  -1  -1  -1 169  -1  -1 223  -1  -1  -1  -1  15  -1 196  -1  -1  -1  -1  57  -1 
 23  -1  -1  -1  -1  -1  -1 110  -1  -1  -1  -1 254 194  27  -1 177 173  -1  -1  22 303 252  -1  81  -1 
 24  -1 246 130  -1  -1  -1  -1  -1 296  -1  -1 292  -1  -1  -1  -1  -1  -1  86  -1  -1  -1 152 192 192 
 25  -1  -1 133  -1 129  -1  -1  -1  -1  -1  -1  -1  -1 297  -1  -1 190  -1 306  -1  -1 114   0  -1  -1 
 26  42  -1  41  -1  -1 214 208  -1 259  -1  -1  -1 291 188  -1  -1  64 263  -1  -1  -1 161  -1  -1  -1 
 27  -1  -1  -1  -1  -1  -1 278  -1 144  -1  -1 147  -1  -1  84  -1 102 191  32  -1  -1 111  -1  -1  -1 
 28  -1 199  -1  -1 150  -1 122  -1 211  -1  -1  -1 172  77  -1  -1  -1  -1 121  -1  -1  -1  -1  -1  -1 
 29 219  -1  -1  -1  -1  -1  -1  -1  39  -1  -1  -1  -1 167  -1  -1 300  -1  -1  -1  -1  -1  -1  -1  -1 
 30  -1  -1  -1  -1  -1  -1  -1  17  17  -1  -1  -1  -1   2   2   4   4  24  -1  -1  -1  30  19  19  19 
 31  -1  -1  -1  -1  -1  -1  -1  31  31  31  -1  -1  -1  -1  -1  -1  -1  -1  -1  -1  -1  -1  -1  -1  -1 
 32  63  63  63  -1  -1  -1  68  -1  -1  -1  48  48  -1  -1  -1  46  46  -1  61  61  -1  -1  -1  74  -1 
 33  -1  -1  -1  -1  -1  -1  -1  -1  -1  -1  -1  -1  -1  -1  -1  -1  -1  -1  -1  -1  75  75  75  -1  -1 
 34  92  92 107 107 107  -1  -1 118 112  -1  -1  -1 105 105  -1  90  90  -1  -1  -1  -1  -1  -1  -1  -1 
 35  -1  -1  -1  -1  -1  -1  -1  -1  -1  -1 119 119 119  -1  -1  -1  -1  -1  -1  -1  -1  -1  -1  -1  -1 
 36 136 136  -1  -1  -1 149 149 156  -1  -1 134 134  -1  -1  -1  -1 162 151 151 151  -1  -1  -1  -1  -1 
 37  -1  -1  -1  -1  -1  -1  -1  -1  -1  -1  -1  -1  -1  -1  -1  -1  -1  -1  -1  -1  -1  -1 163 163 163 
 38  -1 200 195 195 195  -1  -1 193 193  -1 178 178  -1 206  -1  -1  -1  -1  -1  -1  -1  -1 180 180  -1 
 39  -1  -1  -1  -1  -1  -1  -1  -1  -1  -1  -1  -1  -1  -1  -1  -1  -1 207 207 207  -1  -1  -1  -1  -1 
 40  -1  -1  -1  -1  -1  -1 250 239 239 239  -1  -1 222 222  -1 224 224 237 237  -1  -1  -1 244  -1  -1 
 41  -1  -1  -1  -1  -1  -1  -1  -1  -1  -1  -1  -1  -1  -1  -1  -1  -1 251 251 251  -1  -1  -1  -1  -1 
 42 266 266 294  -1  -1  -1 288  -1  -1  -1  -1  -1 283 283 283 268 268  -1  -1  -1 281 281  -1  -1  -1 
 43  -1  -1  -1  -1  -1  -1  -1  -1  -1  -1  -1  -1  -1  -1  -1  -1  -1  -1  -1  -1 295 295 295  -1  -1 
 44  -1  -1  -1  55  -1  -1  -1  65  -1 310  -1  -1  -1  97  -1  -1  -1  -1  -1  -1  -1  -1  -1  -1  -1 
 45  -1  -1  -1  -1 315  -1 197  -1  -1  -1  -1  -1  -1 143  -1  -1  -1 187  -1  -1  -1  -1  -1 272  -1 
 46  -1   6  53   5  -1  -1  -1  -1 270  -1 225  -1  94  -1  -1  -1  -1  -1  -1 285 309  -1 142  -1  -1 
 47   9  -1 274 140  -1 311  -1  10  -1  -1  11  99  -1  -1  -1  -1  -1  -1  -1  -1  -1  -1  -1  -1  -1 
 48  -1  52  -1  -1  -1  -1  -1 226  -1  -1  -1  -1  51  -1 185  -1 186   8  -1 312  -1  -1  49  50 316 
 49 229  -1  -1  -1  -1  -1 241  93 137  -1  -1  -1  -1  -1 138  -1 141  -1 109  -1  -1  -1  -1  -1  -1 
 50  -1  -1  -1  96  -1  -1  -1 153  -1  -1  -1  -1  -1 181  -1  -1  -1  -1  -1  -1  -1  -1 228  -1  -1 
 51  -1 227   7 271  -1  -1  -1  -1  -1  -1  -1  -1  -1  -1  -1  -1  -1  95 313  -1  -1 314  -1  -1  -1 
 52  -1  -1  -1 231  -1  -1 308  -1  -1  -1 269  -1  -1  -1  54  -1  -1  -1  -1  -1  -1  -1  98 230  -1 
 53  -1  -1 184  -1  -1  -1  21 183 182  -1  -1  -1 139 273  -1  -1  -1  -1  -1  -1  -1  -1 275  -1  -1 

