317
7 19
18 22
10 30
17 21
3 30
21 50
6 47
22 47
16 51
5 46
2 45
13 52
21 26
16 2
22 23
11 11
2 19
12 30
0 7
7 30
18 12
17 44
23 13
1 29
1 30
2 20
18 20
6 20
22 1
11 27
16 30
12 31
3 5
8 16
23 9
21 20
6 13
21 10
22 27
14 21
24 22
21 29
9 8
16 26
22 17
4 5
12 32
3 20
5 32
7 49
21 48
16 53
18 53
2 50
11 46
10 53
21 2
6 11
2 26
11 21
12 27
17 32
1 3
7 32
16 27
3 53
23 12
20 17
3 32
23 21
1 4
8 0
7 21
22 15
11 32
17 33
16 4
6 25
12 7
21 0
2 24
18 26
11 23
20 29
11 26
8 7
24 9
4 18
16 13
3 10
7 34
21 8
10 34
5 52
17 48
6 52
2 47
18 50
22 50
4 45
16 23
8 18
6 22
2 27
17 11
13 34
20 14
22 34
7 0
21 49
0 29
1 22
1 34
8 25
17 3
16 15
23 2
2 15
18 34
12 35
7 2
22 19
11 28
21 6
3 23
13 22
19 11
17 4
6 6
21 11
0 20
6 28
2 29
6 0
10 36
18 2
7 36
3 45
5 44
13 50
12 48
21 51
17 52
4 48
21 12
13 13
7 6
12 17
2 4
22 36
14 10
15 36
8 8
9 53
1 14
18 17
2 36
3 21
17 27
18 13
12 28
21 14
13 36
22 37
16 1
11 6
7 3
1 2
6 2
19 27
1 16
0 12
13 9
13 16
11 29
16 29
8 3
18 7
5 38
17 13
3 38
22 44
2 49
10 49
11 47
7 53
21 52
16 47
21 16
16 10
3 28
6 7
7 17
22 38
17 17
12 38
2 12
15 51
9 13
1 28
2 38
12 21
18 0
17 22
11 7
21 13
1 38
22 39
6 15
3 14
7 13
8 12
13 25
13 23
22 16
6 29
12 16
23 6
8 5
11 24
10 16
2 21
12 40
7 24
5 40
8 53
18 46
11 44
3 44
4 46
21 53
16 50
12 24
6 27
11 19
8 10
15 16
17 40
7 16
20 40
13 12
23 45
0 17
1 9
16 40
8 20
2 3
6 17
22 13
1 19
23 40
17 41
11 4
21 25
7 5
13 7
3 2
24 25
8 6
17 1
20 20
20 12
22 18
16 12
3 12
12 9
7 42
16 20
10 42
17 46
6 44
4 50
22 53
13 46
5 50
2 46
13 15
6 8
11 14
17 0
7 28
2 42
16 24
21 42
12 6
15 45
9 3
1 8
1 42
2 2
12 23
22 21
6 5
21 23
16 42
17 43
7 8
23 27
3 9
8 24
11 16
4 27
18 8
9 21
7 22
21 3
12 25
6 23
14 45
23 52
20 45
1 45
19 44
15 47
0 45
9 46
24 52

