317
1 23
14 0
18 30
12 7
8 30
23 52
3 51
11 47
0 52
7 46
21 50
6 45
18 2
1 7
3 0
11 2
7 4
22 30
2 19
15 30
6 3
13 45
24 23
12 28
12 30
8 28
13 8
18 5
11 12
23 18
7 30
20 31
1 25
16 24
2 15
3 17
16 0
7 21
2 1
6 22
3 5
15 9
23 28
17 1
1 11
19 0
8 32
21 6
17 32
23 44
14 44
11 53
6 52
22 48
0 44
3 44
8 1
22 14
6 16
23 20
17 12
3 32
13 21
10 32
1 27
21 51
7 13
16 16
16 32
8 25
17 8
1 14
11 17
6 14
23 32
2 33
12 29
13 20
21 19
7 2
18 4
8 7
20 11
22 11
10 23
4 3
23 8
24 20
21 15
19 5
8 34
3 10
0 34
22 52
12 45
7 45
18 50
14 48
6 53
11 45
6 9
1 12
11 29
12 2
7 14
17 34
20 16
22 34
21 18
2 44
3 3
13 15
12 34
21 23
6 6
8 26
3 23
13 9
7 34
15 35
22 8
2 2
16 3
1 22
11 8
0 23
8 18
13 24
23 29
14 28
2 6
8 0
14 6
1 8
22 36
6 1
8 36
18 53
7 51
3 46
21 52
17 46
11 50
0 53
21 24
8 11
7 8
3 12
22 12
17 36
6 23
10 36
1 2
16 45
2 23
13 2
7 36
8 27
2 24
21 7
12 25
16 5
13 36
17 37
23 9
11 14
22 3
6 19
3 16
18 8
22 20
19 24
24 17
6 28
7 22
17 7
14 4
3 8
0 38
21 29
8 38
23 49
12 47
19 53
18 48
6 51
11 46
7 44
1 4
11 20
6 26
16 13
7 9
17 38
2 16
22 38
3 24
13 53
10 21
21 10
12 38
21 4
2 22
13 18
1 21
18 29
11 38
15 39
6 0
22 28
8 12
8 15
23 15
22 1
7 1
7 18
13 12
20 20
18 17
3 20
23 23
14 14
7 40
9 7
0 40
6 50
18 44
17 45
3 52
12 44
11 49
21 46
8 29
1 18
12 1
11 1
2 14
17 40
9 12
22 40
7 10
20 44
13 29
19 10
11 40
21 16
1 9
23 16
7 6
12 13
2 40
15 41
3 29
6 24
8 20
18 10
13 25
16 12
17 0
1 0
21 5
5 6
22 9
6 10
23 14
0 15
8 42
17 3
18 42
22 50
12 46
7 52
1 53
21 49
6 47
11 48
18 6
7 29
8 8
11 7
22 4
13 42
5 24
2 42
21 9
16 53
17 29
24 15
16 42
18 1
1 26
23 6
6 7
21 2
11 42
12 43
7 26
22 13
17 28
8 16
2 9
20 10
21 8
12 9
18 27
20 18
5 21
16 19
15 52
10 44
20 52
13 49
5 52
2 53
24 45
16 49
4 51

