317
8 9
18 22
12 30
17 17
0 30
3 52
11 51
19 45
20 45
4 46
21 50
10 52
6 16
11 19
12 17
22 5
3 24
15 30
14 16
7 30
23 27
17 47
24 29
2 6
3 30
2 18
18 6
7 9
8 5
11 27
17 30
21 31
1 28
6 0
12 16
13 14
7 5
10 27
12 11
23 6
8 18
13 7
14 11
21 17
11 18
3 17
18 32
1 20
7 32
12 46
0 51
13 44
22 53
21 46
4 52
10 49
8 21
18 25
7 0
21 11
11 10
13 32
1 15
15 32
22 25
2 47
23 12
6 25
12 32
2 10
1 16
18 1
13 25
23 20
6 32
20 33
16 11
18 29
7 6
11 9
3 6
7 11
13 17
15 23
11 16
6 22
7 20
2 5
18 5
7 23
10 34
19 2
3 34
1 49
13 47
22 52
21 52
0 49
8 52
12 51
1 24
3 8
6 20
8 4
11 1
21 34
19 22
15 34
18 4
5 49
2 4
23 15
2 34
8 16
16 29
17 13
13 27
1 12
18 34
20 35
6 21
12 25
21 6
11 29
3 22
14 17
2 2
10 0
2 11
2 8
8 23
11 17
7 13
17 15
18 36
22 4
20 36
1 44
4 49
3 50
12 53
8 46
13 45
10 50
3 12
7 27
23 14
18 11
21 2
11 36
9 17
0 36
13 10
6 49
16 14
15 18
3 36
21 14
17 24
16 1
2 14
7 1
22 36
11 37
23 10
23 11
6 24
8 22
1 14
3 29
10 21
12 26
8 11
22 17
22 18
4 8
20 6
10 11
3 38
8 1
18 38
7 48
21 51
12 49
1 50
17 45
11 44
22 49
7 15
17 2
22 0
18 14
20 24
11 38
8 6
0 38
13 19
16 44
23 4
6 8
6 38
1 5
22 24
23 7
3 18
11 14
8 38
12 39
17 8
7 7
18 28
16 15
2 0
17 18
9 24
23 26
24 16
20 2
22 10
5 15
10 10
3 20
18 40
0 10
21 40
4 47
7 51
13 52
12 50
20 44
1 48
11 47
18 2
13 3
11 13
12 12
20 23
16 40
23 28
6 40
3 11
5 48
0 29
2 29
13 40
22 9
7 18
6 1
8 2
1 23
12 40
15 41
11 24
21 16
23 23
18 17
3 13
9 26
10 7
7 29
9 28
21 0
24 9
2 25
18 8
20 7
0 42
8 13
21 42
10 44
13 46
19 47
7 49
12 45
3 47
17 53
22 13
7 26
6 4
13 20
18 20
11 42
8 10
2 42
21 1
24 46
23 18
16 25
8 42
13 26
22 22
1 0
18 21
2 13
7 42
11 43
16 12
3 14
6 23
17 26
23 1
17 29
8 8
17 11
18 16
14 23
18 13
10 24
6 46
5 45
14 46
16 48
24 44
23 44
15 47
2 46
9 48

