317
13 20
8 11
23 30
11 15
15 30
18 46
3 53
7 47
6 45
17 53
2 48
21 46
21 28
16 8
6 27
7 4
17 0
2 30
20 5
12 30
1 1
22 53
5 1
11 16
7 30
12 14
6 15
18 6
3 12
23 20
11 30
0 31
13 5
16 15
17 6
21 15
16 17
24 12
16 28
14 22
10 2
13 4
13 28
12 27
21 22
3 20
23 32
6 13
15 32
7 53
18 53
1 47
8 49
11 49
2 49
0 53
1 14
11 27
2 18
12 25
23 15
7 32
6 11
17 32
16 3
10 46
4 0
22 13
6 32
8 27
17 15
23 16
21 13
11 21
1 32
12 33
18 14
23 17
2 14
7 10
16 4
18 13
14 14
19 6
8 25
21 24
15 14
21 16
8 4
11 19
23 34
6 14
15 34
17 48
1 44
18 52
7 48
2 51
13 48
3 44
13 26
23 14
8 20
7 21
17 17
20 34
4 9
0 34
3 28
10 49
12 18
6 4
17 34
8 10
2 1
1 26
13 8
18 22
3 34
20 35
7 24
6 12
22 29
12 6
16 26
19 9
15 25
16 7
9 26
23 19
5 10
5 4
7 25
0 13
2 36
6 9
15 36
1 46
17 44
23 49
8 44
21 53
13 51
18 44
21 14
8 16
7 23
1 18
17 21
22 36
19 0
10 36
3 21
20 50
6 24
4 14
1 36
18 15
11 25
13 7
3 22
21 2
8 36
22 37
6 1
8 22
16 29
17 23
2 7
6 5
20 10
7 6
5 5
17 3
21 18
0 15
7 19
0 1
23 38
21 5
15 38
13 45
2 52
18 51
11 53
8 51
6 44
3 52
6 17
23 4
16 0
17 25
2 4
7 38
21 7
12 38
18 4
9 49
1 9
22 1
2 38
7 12
21 9
3 29
23 28
16 2
1 38
17 39
12 12
8 1
11 29
11 2
6 10
5 13
22 14
21 23
7 2
23 3
5 9
9 27
0 0
23 5
6 40
21 27
15 40
24 50
17 45
3 46
11 44
1 45
2 45
8 52
1 29
6 16
7 0
8 7
3 15
17 40
20 21
12 40
16 11
10 47
21 19
22 9
1 40
12 8
23 27
2 27
3 7
21 3
11 40
17 41
7 9
13 14
22 5
8 24
16 24
0 5
6 2
1 15
13 1
8 5
15 1
1 20
11 0
0 6
15 42
13 9
23 42
2 44
7 45
21 52
3 49
6 49
17 51
8 53
6 28
23 24
11 22
7 5
2 25
20 42
13 29
17 42
8 18
12 45
22 0
1 10
11 42
11 13
1 4
16 22
21 25
17 20
6 42
7 43
22 12
18 19
13 13
23 1
3 3
17 4
9 23
17 27
19 10
10 11
11 12
16 6
12 52
9 51
5 47
4 53
20 45
22 52
10 51
19 46
14 47

