r\t   0   1   2   3   4   5   6   7   8   9  10  11  12  13  14  15  16  17  18  19  20  21  22  23  24 
  0  16  16  -1  18  -1  -1  -1  88  64  -1  -1  -1  -1 301  -1  -1  -1  -1  -1  -1  -1  -1  -1  -1  -1 
  1  41   0  -1  76  -1  -1 167 157  -1  -1  -1  -1  -1  -1  -1  -1  -1  -1  -1  -1  -1  -1  -1  -1   1 
  2  -1  -1 160  26  -1  -1  -1  -1  -1  -1  -1  -1 279 276  -1  -1  14  -1 302  -1  -1  -1  84  -1  -1 
  3  -1 127 135 260  -1  23  -1 116 103  -1  -1  36  -1  -1  -1 236 236 293 161  -1  -1  -1  -1  -1  -1 
  4  -1  47 307  -1  -1  -1  -1 192 192  -1  -1  27  -1 249  -1 261 214  -1  -1  -1  -1  -1  -1  -1  -1 
  5  -1  -1  -1 264  -1  -1 305 306 132  -1  -1 220  -1  -1  -1  -1  89 115  -1  -1 265 263  -1  -1  -1 
  6  -1  -1  -1  -1 106  -1  -1  -1  45  -1  -1 101  -1  -1 221  -1  -1 286 267  -1  -1  -1  -1  -1  -1 
  7  -1  77  -1  -1  -1  -1  38  25 210  -1  -1  -1  -1 223 176  -1  69  -1  -1  -1  -1 212  -1 216  -1 
  8 257  -1 190  -1  -1  -1  -1  -1 277  -1  -1  -1  -1  -1  -1  -1  -1  -1  -1  -1  -1  82  -1  -1  -1 
  9  -1  -1 218 300  -1  -1  -1 252  -1  -1  -1  -1 243  -1  -1  60  60  -1  -1  -1 213  -1 290 232  -1 
 10  -1  -1  91  -1 155 198  40 234  -1  -1  -1  39  -1  79  -1  -1 194  -1  -1  -1  -1  -1  -1  -1  -1 
 11  -1 168  -1 248  -1  -1 170 205 255  22  -1 256  -1  -1  -1  -1  -1  -1 102  -1  -1 159  -1  -1  -1 
 12  -1  71 154 152  -1  -1  -1  -1  -1  -1  -1 188  -1  -1  -1  -1  -1  80  -1  -1  -1  -1 201  -1  -1 
 13  -1 133  -1  -1 262  -1  -1  -1  15  -1  -1  -1  -1  -1  -1 217 147  -1  -1  -1 171 240  -1  -1  -1 
 14  -1  62  -1  -1 174  -1  -1  -1 123  -1  -1 122  -1  -1  -1  -1  -1  -1 287  -1  -1  -1  -1  58  -1 
 15  -1 100  -1 128  -1  -1 296  -1  32 259  67  -1 204  -1  -1  -1 219  -1  -1  -1  -1  -1 104 104  -1 
 16  -1  -1  86  -1 199  -1 129  -1  -1  -1  -1  -1  -1 169  -1 304 124  -1  13  -1  -1 144  -1 209  -1 
 17  -1  -1  -1  -1  -1 150  -1 146  -1  -1  -1  -1  -1  33  -1 280 280 110 191  -1  -1 282 238  -1  -1 
 18  -1 203  -1  44  83  -1 235  -1  -1  -1  -1  37  -1 208  -1  -1  35  -1  -1  -1  -1  -1  78  -1  -1 
 19  -1 120  34  -1  -1  -1  -1  -1 303  -1  -1  -1 164  -1  -1  -1 179  -1  29  -1  -1  -1  -1 253  -1 
 20  -1  -1  -1 177  -1  -1 121  59  -1  -1  -1  -1 289  -1  -1  -1  -1  -1  -1  -1  -1  -1  -1  -1  -1 
 21  -1 246 111  -1  -1  -1  -1  87  70  -1  -1  -1  -1  -1  -1  -1 215  -1  -1  -1  -1 126 148 148  -1 
 22  -1  -1  -1  -1  -1  -1  -1  -1  -1  -1  -1 130 165  -1  -1  -1  -1 258  81  -1  -1 117  -1  28  -1 
 23  -1  -1 113 196  -1  -1  -1  -1  -1 173  -1 233  66  -1  -1  -1  -1  -1  73  -1  -1 254  -1  -1  -1 
 24  -1  -1  -1  -1  -1  -1  -1 291 166  -1  -1  -1  -1  -1  -1  -1 131  -1  -1  -1  -1  57  -1  -1  -1 
 25  -1  -1 247  -1  -1 242  -1  -1  -1  -1  43 284  -1  -1  -1  -1  -1  -1  -1  -1  -1  -1 158  -1 175 
 26  -1  -1  -1  -1  -1  -1  -1  -1  -1  -1  -1  -1  -1  12  -1  -1  -1  -1  -1  -1  -1  -1  -1  -1  -1 
 27  -1 292 202  -1  -1  -1 189  -1 145  -1  -1  72  -1  -1  85  -1  -1  -1 298  -1  -1 108  -1 278  -1 
 28  -1  -1  -1  42  -1  -1  -1  -1 297  -1  -1  -1  -1  -1  -1  -1 299  -1  -1  -1  -1 172 245  -1  -1 
 29  -1  -1  -1   3  -1  -1 211  -1  -1  -1  -1  56  -1  -1 125  -1  -1  -1 114  -1  -1  20  -1  -1  -1 
 30  -1  30  -1  -1  -1  -1  24   4   4  -1  19  19  19   2   2  -1  -1  -1  -1  -1  -1  -1  17  17  -1 
 31  -1  -1  -1  -1  -1  -1  -1  -1  -1  -1  -1  -1  -1  -1  -1  -1  -1  -1  -1  -1  31  31  31  -1  -1 
 32  -1  -1  61  61  -1  -1  -1  -1  -1  -1  -1  -1  68  48  48  -1  -1  63  63  63  46  46  -1  74  -1 
 33  -1  -1  -1  -1  -1  75  75  75  -1  -1  -1  -1  -1  -1  -1  -1  -1  -1  -1  -1  -1  -1  -1  -1  -1 
 34  -1  -1  -1  -1  -1 107 107 107  90  90  -1  -1 105 105  -1  -1  -1  -1  -1  -1  92  92 118 112  -1 
 35  -1  -1  -1  -1  -1  -1  -1  -1  -1  -1  -1  -1 119 119 119  -1  -1  -1  -1  -1  -1  -1  -1  -1  -1 
 36  -1  -1  -1 156  -1  -1  -1  -1  -1  -1  -1 162 151 151 151  -1  -1 149 149  -1 136 136  -1 134 134 
 37  -1  -1  -1  -1  -1  -1  -1  -1  -1  -1  -1  -1  -1  -1  -1 163 163 163  -1  -1  -1  -1  -1  -1  -1 
 38  -1  -1  -1  -1  -1  -1  -1  -1 178 178  -1 206 193 193  -1  -1 200  -1  -1  -1 180 180 195 195 195 
 39  -1  -1  -1  -1  -1  -1  -1  -1  -1  -1  -1  -1  -1  -1  -1  -1  -1 207 207 207  -1  -1  -1  -1  -1 
 40  -1  -1 239 239 239  -1 250  -1 224 224  -1  -1  -1  -1  -1  -1 244  -1 237 237 222 222  -1  -1  -1 
 41  -1  -1  -1  -1  -1  -1  -1  -1  -1  -1  -1  -1  -1  -1  -1  -1  -1 251 251 251  -1  -1  -1  -1  -1 
 42 283 283 283  -1  -1 281 281  -1 266 266  -1  -1  -1 294  -1  -1  -1  -1  -1  -1  -1 288  -1 268 268 
 43  -1  -1  -1  -1  -1  -1  -1  -1  -1  -1 295 295 295  -1  -1  -1  -1  -1  -1  -1  -1  -1  -1  -1  -1 
 44  -1  99  -1  -1  -1  -1  -1  -1  -1  55  -1  -1 309  -1  -1  -1  -1  -1  94  -1  -1  -1  -1  -1  -1 
 45  -1  -1  -1 137  -1  -1 229  -1  -1 138  -1  50  -1 241  -1  -1 230  -1 142  -1  -1  -1  -1   9  97 
 46  -1  -1  -1  -1  -1  -1  -1 271  -1  -1  -1  -1  -1  -1  -1  -1  -1 313  -1  -1  -1  -1  -1  51  -1 
 47  -1  -1  -1  -1  -1  -1  -1  -1  -1  -1  -1 140  -1 186  -1 312 269  21  -1 316  -1   7  -1  -1  -1 
 48  -1  -1  -1  -1 314 311  52 181  -1  -1 310 182  -1 275 274  -1   8  -1  -1 153  -1  -1  -1  -1  54 
 49 308  -1  11  -1  -1  -1  10  -1  -1  -1  -1  -1  -1 141  -1  -1  -1  -1 187  -1  -1  -1 285  93 225 
 50  -1  -1 273  -1  -1  -1  -1 139  -1  -1  -1  -1  -1  -1  -1  -1  53  -1   6  -1  -1  -1  -1  -1  -1 
 51  -1  -1  -1  95  -1  -1 143  -1  -1  -1  -1  96  -1  -1  -1 109  -1  -1 231  -1  -1  -1  65 227  -1 
 52  -1 226 184  -1  -1  -1 185  -1  -1  -1  -1 270  -1  98  -1  -1  -1  -1  -1  -1  -1  -1  -1  -1  -1 
 53  -1 183  49  -1  -1  -1 272 228  -1  -1  -1   5  -1  -1  -1 197  -1  -1  -1  -1  -1  -1 315  -1  -1 

r\t   0   1   2   3   4   5   6   7   8   9  10  11  12  13  14  15  16  17  18  19  20  21  22  23  24 
  0  -1  69  -1  -1 171  -1 232  -1  -1 259 104 104  -1 246 150  -1  -1  -1  57  -1  -1  -1  -1  -1  -1 
  1  -1 264 290  -1  -1  -1  -1 108  -1  -1  -1  -1  -1  77  -1  -1  -1  -1 255  -1  -1  73  -1  -1  -1 
  2  -1 247 103 248  -1  -1  -1  -1  -1  -1  -1  -1  -1  -1  -1  -1  -1 257  -1  -1  -1  -1  -1 293  -1 
  3  -1  34  -1  -1  -1  -1 147  -1  36  -1  -1 296  -1 174  -1  -1  59  -1  -1 258  -1 152 155 154  -1 
  4  -1 211  -1  -1  -1  -1 124  -1  -1  -1  -1 160 170  -1  -1  -1  -1  -1  -1  -1  -1  -1 113  -1  -1 
  5  -1  -1  -1  -1  -1  -1 100  -1  -1  -1  -1  -1 165  -1 129  -1  -1  -1  -1  -1  -1  -1  -1  -1  -1 
  6  -1 198  -1  87 218  -1 278  43  62  -1  -1 146 121  -1  -1  -1  -1  -1  -1  -1  -1  -1  -1  -1  -1 
  7  -1 303 132  -1  -1  -1  -1  -1 128  -1  -1  -1 284  -1  -1  -1  -1  -1 158  -1  -1  -1 166  -1  -1 
  8 217  -1 280 280  -1  -1  -1  -1 267  -1  -1  -1  -1  -1 238  -1  -1 122  -1  -1  -1 168  -1  -1  -1 
  9  -1  -1  -1  -1  -1  -1  -1 212  70  -1  -1  64  85  -1  -1  86  -1  -1 242  -1  42 133 297  -1  -1 
 10  -1  -1  -1  -1  -1  -1  -1 253 215  -1  -1  37 236 236  -1  -1  -1 199  -1  -1  -1  -1  -1  -1  -1 
 11  -1  -1  14  -1  -1  -1 127 305  -1  -1  -1  72  39 116  -1  -1  -1 261 175  -1 221  -1  -1  -1  -1 
 12  -1  -1  -1 167 287  -1  -1  -1  -1  -1  -1 276  -1  -1  -1  -1  -1 130  -1  -1  -1  -1  35  -1  -1 
 13  -1 157  -1  -1  67  -1  -1  -1 101  -1  -1  -1  -1  -1  -1  -1  -1 243  -1  -1  45  -1  -1  27  -1 
 14  -1  -1 306 210  -1  -1  -1 188  47  -1  -1 219  -1  -1  -1  -1  20  -1 223  -1  -1  -1  -1  -1  -1 
 15  66 233  -1  -1  -1  -1  -1  23 161  -1  -1  -1  -1  -1  -1  -1  -1 252 289  -1  -1  -1 208  -1  -1 
 16  -1  -1 148 148  -1  -1   1  -1 190 214  -1  -1  -1  -1  -1  -1  -1  -1  -1  -1  -1  -1 135  -1  -1 
 17 111  13  -1  89  -1  -1  -1 277  -1 213  -1 254  91  -1  -1  -1 204  -1 202  -1  -1  -1  -1  -1  -1 
 18  -1 102  -1  -1  -1  -1  26  80  -1  -1  -1  -1  25  -1 286  -1  -1  -1  -1  -1  -1  -1  -1 120  -1 
 19  -1 144  60  60  -1  -1  -1  56 282  -1  -1  12  -1  -1  -1  -1  -1  -1 131  -1  -1  28  -1 262  -1 
 20  -1  -1  76  -1  -1  -1  58  -1  15  -1  -1  -1   0  -1  -1  -1  -1  -1 177  -1  -1  -1  -1  -1  -1 
 21 263 115  -1 235  -1  -1  -1 260  -1  -1  -1  -1  -1  -1 172  -1 189  -1  -1  -1  38  -1  -1  -1  -1 
 22  -1  44 234  32  82  -1 209  -1 201  -1  -1  -1 249  -1  -1  -1  -1  -1  -1  41  -1 240  -1  -1  -1 
 23  -1  -1  -1  -1  -1  22  -1  -1 245  -1  -1 123 110  -1  -1  -1  -1  -1  -1  -1 265  -1  -1  -1  18 
 24  -1 179  -1 114  -1 169 304   3 216  -1  -1  -1  -1  -1  -1  -1 159  -1  -1  -1  -1 256  -1  40 106 
 25  -1  -1  -1  -1  -1  -1  -1  -1  88  -1  -1  -1  -1  -1  -1 220 279  -1  -1  -1  -1  -1  -1  -1  -1 
 26  -1  -1  -1  -1  -1  -1  81  83  -1 194  -1  -1 173  -1  -1  -1  29  -1  -1  -1  -1  -1  -1  -1  -1 
 27  -1 307  -1  -1  -1  -1  -1  -1 300  -1  -1 196 299 292 125  -1  -1  -1  -1  -1  -1 291  16  16  -1 
 28  -1  -1 192 192  -1  -1  79  -1 117  -1  -1  -1  71 145  -1  -1  -1  -1  78 301  -1  -1  -1 203  -1 
 29  84  -1  -1 302  -1  -1 191 126  33  -1  -1 205  -1  -1  -1  -1 298 164  -1  -1 176  -1  -1  -1  -1 
 30  -1  -1  24  -1  -1  -1  -1  -1  -1  -1  -1  30  19  19  19   4   4  17  17  -1   2   2  -1  -1  -1 
 31  -1  -1  -1  -1  -1  -1  -1  -1  -1  -1  -1  -1  -1  -1  -1  -1  -1  31  31  31  -1  -1  -1  -1  -1 
 32  -1  -1  -1  -1  -1  -1  68  -1  -1  -1  48  48  63  63  63  46  46  74  -1  -1  -1  -1  -1  61  61 
 33  -1  -1  -1  -1  -1  -1  -1  -1  -1  -1  -1  -1  -1  -1  -1  -1  -1  -1  -1  -1  -1  -1  75  75  75 
 34  -1  -1 118  -1  -1  -1  -1 112  -1  -1  92  92  -1  -1  -1  90  90 105 105  -1 107 107 107  -1  -1 
 35  -1  -1  -1  -1  -1  -1  -1  -1  -1  -1  -1  -1  -1  -1  -1  -1  -1 119 119 119  -1  -1  -1  -1  -1 
 36  -1  -1 156  -1  -1  -1  -1 149 149  -1 134 134  -1 162  -1 136 136 151 151 151  -1  -1  -1  -1  -1 
 37  -1  -1  -1  -1  -1 163 163 163  -1  -1  -1  -1  -1  -1  -1  -1  -1  -1  -1  -1  -1  -1  -1  -1  -1 
 38  -1  -1 200  -1  -1  -1  -1  -1  -1  -1 178 178 193 193  -1 180 180  -1  -1  -1  -1 206 195 195 195 
 39  -1  -1  -1  -1  -1  -1  -1  -1  -1  -1  -1  -1 207 207 207  -1  -1  -1  -1  -1  -1  -1  -1  -1  -1 
 40  -1  -1 244  -1  -1  -1 250 239 239 239 222 222 224 224  -1  -1  -1  -1  -1  -1  -1  -1 237 237  -1 
 41  -1  -1  -1  -1  -1  -1  -1  -1  -1  -1  -1  -1  -1  -1  -1  -1  -1  -1  -1  -1  -1  -1 251 251 251 
 42  -1 294 266 266  -1  -1  -1 288  -1  -1 268 268  -1  -1  -1  -1  -1 281 281  -1  -1  -1 283 283 283 
 43  -1  -1  -1  -1  -1  -1  -1  -1  -1  -1  -1  -1  -1  -1  -1  -1  -1 295 295 295  -1  -1  -1  -1  -1 
 44  -1 137  50  -1  -1  -1  -1  -1   9 311  -1   6 270  -1  -1  -1  -1  -1  -1 241  -1  -1  -1  -1 308 
 45  -1  98  -1 181  -1  -1  93 142  -1 153  -1  -1  -1 285  -1  -1  -1  -1  -1  -1  -1 227  96  -1  -1 
 46  -1 231  -1  -1  -1  -1 272 275  -1  -1  -1  -1  -1  -1  -1  -1 225 312  -1  -1  -1  54   8  -1  -1 
 47  -1  -1  -1  -1  -1  -1  -1  -1 141  -1  -1  -1  53  -1 315  -1  -1  -1  -1  -1 143 187  -1 313  -1 
 48  -1  -1 186  -1  -1 310 185  97  -1  -1  -1  -1  -1  -1  -1  -1  -1  -1  -1  -1  -1 273 184 109  -1 
 49  -1  -1  -1  -1  -1  -1 230 182  -1  -1   7  -1  -1  -1  -1  -1 274  65  -1  -1  -1  99  -1  -1  -1 
 50  -1  10 228 140 314  -1  -1  51  -1  -1  -1  -1  -1 139  -1  -1  -1  -1  -1 316  -1  -1  -1  -1  -1 
 51  -1  -1  95 229  -1  -1  55 226  -1  -1  -1  -1  -1  -1  -1  -1  -1  -1 269 197  -1  -1  -1  -1  -1 
 52 309  -1  11   5  21  -1  -1  -1 183  -1  -1  -1 138  -1  -1 271  -1  -1  -1  -1  -1  -1  -1  -1  -1 
 53  -1  -1  -1  52  -1  -1  -1  -1  -1  -1  -1  -1  -1  94  -1  -1  -1  -1  49  -1  -1  -1  -1  -1  -1 

r\t   0   1   2   3   4   5   6   7   8   9  10  11  12  13  14  15  16  17  18  19  20  21  22  23  24 
  0 192 192  -1  72 110  -1  -1  -1  -1  -1  -1  -1  -1  -1  -1  -1  -1  -1 254  -1  -1 113  -1  38  -1 
  1  -1  -1 108  -1  -1  -1  -1  -1  -1  -1  -1  -1  43  -1  -1  -1 188  -1  -1  -1  84 256 263  32  81 
  2  -1 300  16  16  -1  -1  42  -1  -1 219  -1 252 176  -1  -1 130  26 127 292  -1  67  -1  23 204  -1 
  3  -1  -1  -1  -1  -1  -1  -1 131  -1  -1  -1  -1  -1  12 217  -1  -1  -1  -1  -1  -1 189  -1  -1  -1 
  4  -1 133  -1  -1  -1  -1  -1 291  -1  -1  -1  -1  -1  -1  -1  -1 144 190  -1  -1  -1 298  -1  -1  -1 
  5 307 123 165  -1  -1  -1  -1  -1  62  -1  -1  -1 114  27  -1  -1 258  -1  -1  -1  -1  -1 202  -1  -1 
  6  -1  20  -1  -1  -1  -1 117  -1  47  -1  -1 267 236 236  -1  45  -1  14 122  -1  -1  25  39 304  -1 
  7  -1  -1 126 248  -1  -1  -1 159  -1  -1  -1 215  56  -1  -1  -1  80  -1  -1  37  -1  -1  -1  83  -1 
  8  -1 101  -1 261  -1  -1 196  -1  28  -1  -1  -1 111  -1  -1  -1  -1  -1 243 125  -1  -1  -1  -1  -1 
  9 214  -1 147  -1  -1  -1  -1  -1  -1  -1  -1 102  -1 103  -1 220  -1  -1  -1  -1  -1  -1  -1  78 171 
 10  -1  79  -1  -1  -1  -1  -1  -1  -1  -1  -1  -1  -1 168 306 132  -1  69  -1  -1  -1 301 218  -1  -1 
 11  -1  -1 210  -1  -1 221  -1  -1  -1  -1  -1 233 253  76  -1  -1  -1  -1 154  -1  -1  -1  -1  -1  -1 
 12  -1  -1  -1  -1  -1  -1  -1  -1  -1  -1  -1  -1  -1  -1 305  -1 157 213  -1  -1  -1   0  -1  -1  -1 
 13 265  -1  85 211  -1  -1 223  -1  -1  -1  -1 169  33  -1  -1  -1 284  40  -1  -1 148 148  -1 277  -1 
 14  -1  -1  57  -1  -1  -1  -1  -1 297  -1  66  -1 259  -1  -1  -1 170 135  -1  -1  -1  -1  -1 199  -1 
 15  -1  -1  29  -1  -1  -1 238  -1  73  -1  -1  -1  -1  -1  -1  -1  -1  34  -1  -1  -1 161  -1  -1  -1 
 16  -1 246 179 191 155  -1  15  -1  -1  -1  -1  -1 146 145  -1  -1  -1  -1  -1  -1  -1 303 177 174  -1 
 17  -1 232  -1 116  -1  -1 205  -1 234  -1  -1  77  -1  -1  -1  -1 299 276  -1  -1  -1  -1 120  -1  -1 
 18  -1  82  -1  -1  -1  -1  -1  -1  -1  -1  -1 172 166  -1  89  -1  -1  -1  -1  -1  -1  -1  -1 289  -1 
 19 175  -1 280 280  -1  -1  -1  -1  -1  -1  -1 115  -1  -1  -1  -1  -1  -1  -1  -1  -1 302  -1  -1  -1 
 20  -1  -1 247 290  -1  -1 158  -1  -1  -1  -1  -1  36  -1  -1  -1 245 249  -1 286  -1 278  -1  -1  -1 
 21  -1  -1  -1  35  -1  -1  -1 104 104  -1  -1  -1  71  -1  -1  -1 203 167 129  -1  -1  -1  -1  -1  -1 
 22  -1  -1  -1 160  -1  -1 293  -1 164  -1  -1  58 209  -1  -1  -1 240  -1  -1  -1  -1  -1   3  -1  -1 
 23  -1  -1  -1  -1  -1  -1  -1  -1  -1  -1  -1 216  44  -1  -1  -1  -1  -1  -1  -1  -1  -1  -1  -1  -1 
 24  -1 208 128  -1  -1  -1  -1  -1  -1  -1  -1  -1  91  -1  -1  -1  -1  -1  70  -1  22  -1 279  -1  -1 
 25   1  -1  -1 100  -1  -1  -1  -1  -1  -1  -1 150  -1  -1  -1  87  -1 296  -1  -1  -1  -1 264  86  -1 
 26  -1  -1 121  -1 287  -1  -1  -1  -1  -1  -1  -1 257 201  -1  -1  -1 235 194  -1  -1  -1  -1 106  -1 
 27  -1  -1  -1  -1  -1  -1  -1  -1  -1  -1  -1 282  -1  -1  -1  -1  -1  -1  -1  -1  -1  -1  -1  41  -1 
 28  -1 152 198  -1  -1  -1  -1 242  -1 173  -1 212  -1  -1  -1  -1  13  -1  -1  -1  -1  -1  88  18  -1 
 29  -1  59  -1  -1 262  -1  -1  -1 124  -1  -1  -1  -1 255  -1  -1  64 260  -1  -1  -1  -1  60  60  -1 
 30  -1  -1   4   4  -1  -1  -1  17  17  -1  19  19  19   2   2  -1  -1  -1  30  -1  -1  -1  24  -1  -1 
 31  -1  -1  -1  -1  -1  31  31  31  -1  -1  -1  -1  -1  -1  -1  -1  -1  -1  -1  -1  -1  -1  -1  -1  -1 
 32  48  48  68  -1  -1  61  61  -1  -1  -1  -1  -1  -1  46  46  -1  -1  63  63  63  -1  74  -1  -1  -1 
 33  -1  -1  -1  -1  -1  75  75  75  -1  -1  -1  -1  -1  -1  -1  -1  -1  -1  -1  -1  -1  -1  -1  -1  -1 
 34  -1  -1  90  90  -1  92  92 112  -1  -1  -1  -1  -1 118  -1 105 105  -1  -1  -1 107 107 107  -1  -1 
 35  -1  -1  -1  -1  -1  -1  -1  -1  -1  -1  -1  -1  -1  -1  -1 119 119 119  -1  -1  -1  -1  -1  -1  -1 
 36  -1  -1 162  -1  -1 134 134 151 151 151  -1  -1  -1 136 136  -1  -1  -1 156  -1  -1  -1  -1 149 149 
 37  -1  -1  -1  -1  -1  -1  -1  -1  -1  -1  -1  -1  -1  -1  -1  -1  -1  -1  -1  -1  -1  -1 163 163 163 
 38 178 178  -1  -1  -1  -1  -1 193 193  -1  -1  -1 195 195 195 180 180 200 206  -1  -1  -1  -1  -1  -1 
 39  -1  -1  -1  -1  -1  -1  -1 207 207 207  -1  -1  -1  -1  -1  -1  -1  -1  -1  -1  -1  -1  -1  -1  -1 
 40 224 224 239 239 239  -1  -1 244 250  -1  -1  -1  -1 222 222  -1  -1  -1  -1  -1  -1  -1 237 237  -1 
 41  -1  -1  -1  -1  -1  -1  -1  -1  -1  -1  -1  -1  -1  -1  -1  -1  -1  -1  -1  -1  -1  -1 251 251 251 
 42  -1 266 266  -1  -1  -1  -1 283 283 283  -1 294 281 281  -1 268 268  -1  -1  -1  -1  -1  -1 288  -1 
 43  -1  -1  -1  -1  -1  -1  -1  -1  -1  -1  -1  -1 295 295 295  -1  -1  -1  -1  -1  -1  -1  -1  -1  -1 
 44  -1  -1  -1 274  -1  -1 270  -1  -1  -1  -1 225 141  -1  -1  -1  10 183 308 311  -1  -1  -1 314  -1 
 45  -1  93 231 139  -1  -1   7  -1 226  -1  -1  -1  -1 273  -1  -1  -1  -1  -1  -1  -1  -1  -1  -1  -1 
 46  -1  -1  54  -1  -1 269  51 313  -1  -1  -1  -1  -1 184  -1  -1  97  96  -1  -1  -1 142  -1  -1  -1 
 47  99  -1  -1 185  -1  -1  -1  -1  -1  -1  -1  55  -1  -1  -1  -1 227 271  -1  -1  -1  -1  -1  -1 197 
 48  -1   9  -1  -1  -1  -1  -1  -1  -1  -1  -1  -1  -1  -1  -1  -1  -1 153  -1  -1  -1 228  -1  -1  -1 
 49 143  -1  -1  -1  65  -1  -1  -1  -1  -1  -1  -1  -1  -1  -1  -1  -1  -1 109  -1  -1 181  53  -1  -1 
 50  -1  -1  -1  -1  -1 187 182  -1   5 312 309 186  -1  -1  -1   8  -1  -1  21  -1  -1  -1  -1  -1  -1 
 51  -1  -1  -1  -1  -1  -1  -1  -1  -1  -1  -1  95 229  -1  -1  -1  52  -1  -1  -1  -1  -1  -1  -1  -1 
 52  -1  -1  -1  50 315  -1  -1  -1  -1  -1  -1  -1 275  98  -1  -1 137 230  -1  -1 241  49 140  -1  -1 
 53  -1  -1 138  -1  -1  -1  -1  -1  94  -1  -1  11  -1  -1  -1  -1  -1   6 285  -1 310 272  -1  -1 316 

r\t   0   1   2   3   4   5   6   7   8   9  10  11  12  13  14  15  16  17  18  19  20  21  22  23  24 
  0  -1  -1 101  -1  -1  -1  -1  -1  -1 106  -1  -1  -1  -1  -1  -1  -1  -1 158  -1  -1  -1  -1 196  -1 
  1 301  -1 165  -1  -1  -1  26  -1 267  -1  -1  -1 111 300  -1  -1  79  -1  -1  -1 236 236 238 221  -1 
  2  -1  -1 171  -1  -1  -1  -1  71  -1  -1  -1 276  87  -1  -1  -1  -1  -1 233  -1  -1 290  -1  -1  -1 
  3  -1  57 172  44  -1  -1  -1  -1 120  -1  66 252  -1 100  -1  -1  -1  -1  47  -1  -1  -1 303  -1  37 
  4  -1  -1  -1  29  -1  -1  -1  -1  -1  -1  -1  91 249  -1  -1  -1  -1  60  60  -1  -1  20  -1 209 305 
  5  -1 240  -1 150  -1  -1 135  15 103  -1  -1  70  25  -1  -1  -1  -1  84   3  -1  -1  -1  -1  -1  -1 
  6  -1  -1  -1  -1  -1  -1   1 223  -1  -1  -1  -1  -1  -1  -1  -1  -1 159  85  -1  -1  -1  -1  -1  -1 
  7  -1 298  -1 208  -1  -1 216 242  -1  -1  -1  -1  41  -1  -1  -1  42  -1 260  -1  -1 247  -1 166  -1 
  8  -1 302 192 192  -1  -1  -1 113  -1  -1  -1  -1  -1  32 286  -1 155  -1  27  -1  -1  -1  -1 280 280 
  9  -1 169  -1  78 198  -1 234  -1 245  -1 129  -1  -1 284  -1  -1  -1 177 258  -1  -1  28  -1  -1  -1 
 10  -1  -1  -1  -1  -1  -1 154  -1  -1  -1  -1 110  -1  -1  -1  -1  -1  -1 264  -1  -1  -1  -1  -1  -1 
 11  -1  -1 146  89  -1 259  -1  77 152  22  -1  12  -1 256  -1  -1  -1  -1  69  -1  -1 124  -1  -1  -1 
 12  -1 255  -1 175  -1  -1  -1  -1 160  -1  -1  58  -1  -1  -1  18  -1  -1 127  -1  -1  -1  -1  -1  -1 
 13  -1  -1 176  56  -1  -1 253  -1  -1  -1  -1  -1  -1 219  -1  -1  -1  -1  -1  43 213  -1 287  -1  -1 
 14  -1  -1 123  -1  38  -1  -1 299  72  -1  -1  -1  -1 201 128  -1 254  -1  -1  -1  -1  -1 167  -1  -1 
 15  -1  -1  -1  -1  -1  -1 278  -1  14  -1  -1  -1  -1 161  -1  -1  36  -1 122  -1  -1  -1 148 148  -1 
 16  -1  -1 257 289  -1  -1 210  -1  -1  -1  -1  -1  -1  -1  -1  -1  -1  34 203  -1  -1  -1  -1 174  -1 
 17  -1  -1  -1  -1  -1  -1  -1 277 130  -1  -1  -1  -1 265  -1  -1  -1 306  -1  67  -1  -1  -1 117  -1 
 18  -1  -1 262  -1  -1  -1  -1 125 282  -1  -1  -1  76 115  -1  -1  -1  -1  82  -1  -1  -1 246  -1  -1 
 19  -1 116 279  -1  -1  -1  -1  -1  -1  -1  -1  -1  -1  -1  -1  -1  62  -1  -1  -1 263  -1  -1  -1  -1 
 20  -1  -1  -1  -1  -1  -1  64 188  -1  -1  -1   0  -1  -1  -1  -1  -1 132 248  -1  -1  -1  -1  -1  -1 
 21  -1 145  -1  -1  -1  -1  -1  -1 179  -1  -1 114  -1  80  -1  -1  -1  -1 292  -1  -1  -1 104 104  -1 
 22  -1 102  -1  -1  -1  -1  -1  -1  -1  -1  -1  -1 131 217  -1  -1  -1  -1  -1  86  -1 144  -1  -1  -1 
 23  -1  13  16  16  -1  -1  83  -1  -1  -1  -1  -1 147  -1  -1  -1 243  -1 126  -1  -1  -1  -1  -1  -1 
 24  -1 164 214  -1  -1 304 190  -1  88  -1  -1  -1  -1 220  -1  -1 199 297  -1  -1  -1  -1  -1  -1  -1 
 25  -1  -1  -1  -1  -1  -1 211  -1  -1  -1  -1  -1  -1  -1  -1  -1  -1  -1  23  -1  -1  -1  -1  -1  -1 
 26  -1  -1  59 108  -1  -1 121 168  -1  -1  -1  -1 293  -1  -1  81  33  -1  -1  -1  -1  -1  -1  73  -1 
 27 173 204 307 218  -1  -1  -1  -1  -1  -1  -1  -1  -1  -1  -1  -1 291  -1 189  -1  -1  -1  -1 215  -1 
 28  -1 191  -1  -1  -1  -1 296 133 232  -1  -1  -1 205  -1  40  -1 261  39  -1  -1  -1 157  -1  -1 170 
 29  -1  -1  35  -1  -1  -1  -1  -1 194  -1  -1 212  -1  45  -1  -1 202 235  -1  -1  -1  -1  -1  -1  -1 
 30  -1  -1   4   4  -1  -1  -1  -1  24  -1  -1  30  19  19  19  -1  -1  -1  -1  -1   2   2  17  17  -1 
 31  -1  -1  -1  -1  -1  -1  -1  -1  -1  -1  -1  -1  -1  -1  -1  -1  -1  -1  -1  -1  -1  -1  31  31  31 
 32  46  46  74  -1  -1  48  48  63  63  63  -1  -1  -1  -1  -1  -1  -1  68  -1  -1  -1  -1  61  61  -1 
 33  -1  -1  -1  -1  -1  -1  -1  -1  -1  -1  -1  -1  -1  -1  -1  -1  -1  -1  -1  -1  75  75  75  -1  -1 
 34  92  92  -1  -1  -1 107 107 107  -1  -1  -1  -1 118  -1  -1  -1  -1 105 105  -1  90  90 112  -1  -1 
 35  -1  -1  -1  -1  -1  -1  -1  -1  -1  -1  -1  -1  -1  -1  -1  -1  -1 119 119 119  -1  -1  -1  -1  -1 
 36  -1  -1 162  -1  -1  -1 156  -1  -1  -1 149 149  -1  -1  -1  -1  -1 151 151 151 134 134  -1 136 136 
 37  -1  -1  -1  -1  -1  -1  -1  -1  -1  -1 163 163 163  -1  -1  -1  -1  -1  -1  -1  -1  -1  -1  -1  -1 
 38 178 178 206  -1  -1 180 180  -1 200  -1  -1  -1 195 195 195  -1  -1  -1  -1  -1 193 193  -1  -1  -1 
 39  -1  -1  -1  -1  -1  -1  -1  -1  -1  -1  -1  -1  -1  -1  -1  -1  -1  -1  -1  -1 207 207 207  -1  -1 
 40  -1  -1 237 237  -1 222 222 250  -1  -1  -1  -1 239 239 239  -1  -1 244  -1  -1 224 224  -1  -1  -1 
 41  -1  -1 251 251 251  -1  -1  -1  -1  -1  -1  -1  -1  -1  -1  -1  -1  -1  -1  -1  -1  -1  -1  -1  -1 
 42 266 266  -1 281 281 268 268  -1 288  -1  -1  -1  -1  -1  -1 283 283 283  -1  -1  -1  -1  -1 294  -1 
 43  -1  -1 295 295 295  -1  -1  -1  -1  -1  -1  -1  -1  -1  -1  -1  -1  -1  -1  -1  -1  -1  -1  -1  -1 
 44  -1  -1  -1  -1  -1  -1  -1  96  -1  -1  -1 230 285  -1  -1  -1 308  -1 143  -1  -1 184  -1  52 229 
 45  -1  -1  -1  -1  -1  -1  -1 185  -1  -1 316  -1  -1  -1  -1  -1 109  49  -1  -1  -1  -1  -1  -1  -1 
 46  -1  -1  -1 186 315 140  -1  -1  -1 311 241 182  65  98  -1  -1  -1  -1  95  -1  -1 269  -1  -1 275 
 47   9 226  55  -1  -1  -1  -1  51  -1  -1  -1  -1  -1  -1  -1 314  -1  -1  -1  -1  -1  -1  -1  -1 183 
 48 231  -1  94  -1  -1  -1  -1 274  -1  -1  -1 272  -1  -1  -1  -1  -1  -1  -1  -1 271  -1  -1  -1  99 
 49 138  -1  -1  -1  -1  -1  -1  10 137  -1  -1  -1 309 142  -1 197  -1 270  -1  -1  -1  53  -1 273  -1 
 50  -1  -1 141  -1  -1  -1  -1  -1 225  -1  -1  50  -1  -1 310  -1  -1  11 228  -1  -1  -1  -1  -1  -1 
 51  -1 139  -1  -1  -1  -1  -1  -1  -1 153  -1  -1  -1  -1  -1  -1  21  -1  -1 312  -1  -1  -1  93  54 
 52  -1  -1  -1  -1  -1  -1  97  -1  -1  -1  -1  -1  -1  -1  -1  -1  -1  -1  -1  -1  -1  -1 313 181  -1 
 53  -1   5  -1  -1  -1   8  -1  -1   6  -1  -1  -1  -1   7  -1  -1  -1 227 187  -1  -1  -1  -1  -1  -1 

r\t   0   1   2   3   4   5   6   7   8   9  10  11  12  13  14  15  16  17  18  19  20  21  22  23  24 
  0  -1  23  -1 103  -1  -1  62  -1  -1  -1  -1  -1 223  -1  -1  -1 190 292  -1  -1  67 202  -1  -1  -1 
  1 126 300  -1  -1  -1  -1  -1 172  -1  -1  -1  -1 196  -1  -1  -1 217  -1  -1 238  -1  -1 247  -1  -1 
  2  -1 205  -1  -1  -1  -1  -1  -1 175  -1  -1  -1  38  -1  -1  -1 263  58 204  -1  -1 131  -1 246  -1 
  3  -1 264  -1  -1  -1  -1 158  -1  -1 128 132  -1  -1  -1  -1  -1  -1  -1  -1  -1  -1 248  16  16  -1 
  4  -1 100  -1  27  -1  -1 116 303 298  -1 177  -1  -1  -1  -1  45  20  -1  -1  -1  -1  -1  78  -1   1 
  5  -1  -1  -1  -1  -1  -1  -1  -1  -1  -1  -1  -1 111 106  -1  -1 306  -1  -1  -1  -1  -1 219 257  -1 
  6  -1  -1  -1 122  -1  -1 289  -1  -1  -1  -1  -1  -1  -1  -1  -1  -1 212  -1  -1  -1  -1  -1  26 176 
  7  -1  -1  -1  -1  -1  -1  -1  -1  -1  -1  -1 117  -1  -1 110  -1 259 305  -1  -1  -1  -1 108 211  -1 
  8  -1  -1  -1  69  -1  -1  -1 203  15  -1  -1  -1 267  -1  -1  -1  -1  -1 249  -1  -1  -1  -1 210  -1 
  9  -1  -1  79 240  -1  -1 279  -1  28  -1  -1 276  -1  85  -1  -1  -1  -1  -1  -1  -1 161 192 192  -1 
 10  -1  59  -1  -1  -1  -1 199  -1 146  -1  -1  -1  -1  -1  -1  -1  -1  -1  -1  -1  -1  -1  -1 215  -1 
 11  -1  -1  -1  -1  -1 236 236  -1  -1  -1  -1  73  -1 173  -1  -1 245 188  -1  -1  -1  -1  -1  -1  -1 
 12  -1 179  56  -1  -1  -1  -1  -1  -1  -1  -1  -1  -1  -1  -1  -1  -1  -1  -1  -1  -1  84  -1 307  -1 
 13  -1  -1  -1  -1  83  -1  -1  -1  -1  -1  82 252  -1  -1  -1  -1  -1  -1  -1  -1 216 102  89  -1  -1 
 14  -1   3  -1  -1  -1  -1  -1 159  -1  -1  -1  -1 242  -1  -1 104 104  -1  -1  -1  -1  -1  -1  -1  -1 
 15  -1  -1 221  -1  -1  -1  -1  -1 123  -1  -1  -1  -1 243  -1  -1  -1  -1 220  66 148 148 301  -1  -1 
 16  -1 129  -1  -1  -1  -1  -1  -1  71  -1 260  -1 296 299  -1  -1 120  86  -1  -1 174  -1  -1 101  -1 
 17  -1 235  -1  -1  -1  -1 258  35  -1  -1  -1  -1 287  -1  -1  -1  -1 113  -1  -1  -1  44  -1  -1 302 
 18  -1  -1 135 160  -1  -1  -1  -1   0  -1  -1  13  -1 282  -1  -1  76  -1 297 304  -1  -1  -1  -1  87 
 19  -1  -1  -1 293  -1  -1  -1  -1 167  -1  -1 166  91  -1 198  37 165  -1 147 130  18  -1  -1  -1  81 
 20  -1  39  -1  -1  -1  -1 171  -1  -1  -1  -1  -1  -1 157  -1  -1  -1  -1 191  -1  -1  -1  -1  -1  -1 
 21  -1  36  33  -1  -1  -1  22  -1  -1  -1  -1  -1  -1  32  -1  -1 201  -1  -1  -1 286 284 290  -1  -1 
 22  -1 278 265  -1  -1  -1 256  12  -1  -1  43  -1 209  -1  -1  -1  -1  70  -1  -1  -1 213 114  -1  -1 
 23  -1  -1 154  -1  -1  -1 150  72  -1  -1  -1  -1  -1  -1  -1  -1  -1  -1  -1  -1  -1  -1  -1  -1  -1 
 24  -1  -1  -1  -1  -1  -1  34 169  -1  -1  -1  25  -1  -1  -1  -1  -1  -1  41  -1  -1  -1  60  60  -1 
 25  -1 152  -1  -1  -1  -1  -1  -1 277  -1  -1  -1  -1 261  -1  -1  -1  -1  -1  -1  -1  -1 214  -1  -1 
 26  -1 133  -1  -1  -1  -1  -1 121  -1  -1 125  -1 253 255  -1  -1  47 254 170  -1  -1 189  -1  -1  -1 
 27  -1  -1  -1  57  -1  -1  -1  88  -1  -1  -1  -1  14  -1  -1  -1 291 144  29  -1  -1 232 280 280  -1 
 28  -1 168  -1  -1  -1  -1 127 145  -1  -1  42  64  40  -1  -1  -1  -1 164  80  -1  -1 115  -1 124  -1 
 29 155  -1  -1  -1  -1  -1  77 262 208  -1  -1 218  -1 194  -1  -1 234 233  -1  -1  -1  -1  -1  -1  -1 
 30  -1  -1  19  19  19  -1  -1  -1  -1  -1   4   4  24  -1  -1  -1  -1  17  17  -1  -1  30   2   2  -1 
 31  -1  -1  -1  -1  -1  -1  -1  -1  -1  -1  -1  -1  -1  -1  -1  31  31  31  -1  -1  -1  -1  -1  -1  -1 
 32  -1  68  48  48  -1  -1  -1  63  63  63  -1  -1  61  61  -1  -1  -1  -1  -1  -1  -1  74  46  46  -1 
 33  -1  -1  -1  -1  -1  -1  -1  -1  -1  -1  -1  -1  75  75  75  -1  -1  -1  -1  -1  -1  -1  -1  -1  -1 
 34  -1  -1  -1  -1  -1  -1  -1 105 105  -1  92  92 112 118  -1  90  90 107 107 107  -1  -1  -1  -1  -1 
 35  -1  -1 119 119 119  -1  -1  -1  -1  -1  -1  -1  -1  -1  -1  -1  -1  -1  -1  -1  -1  -1  -1  -1  -1 
 36  -1  -1 156  -1  -1  -1  -1 136 136  -1  -1  -1 151 151 151  -1 134 134 162  -1  -1  -1 149 149  -1 
 37  -1  -1  -1  -1  -1  -1  -1  -1  -1  -1  -1  -1  -1  -1  -1  -1  -1  -1  -1  -1  -1  -1 163 163 163 
 38  -1  -1 193 193  -1  -1 206 195 195 195  -1 200  -1  -1  -1 180 180  -1  -1  -1  -1  -1 178 178  -1 
 39  -1  -1 207 207 207  -1  -1  -1  -1  -1  -1  -1  -1  -1  -1  -1  -1  -1  -1  -1  -1  -1  -1  -1  -1 
 40  -1 244  -1 250  -1  -1  -1 237 237  -1 222 222  -1  -1  -1 224 224  -1  -1  -1  -1  -1 239 239 239 
 41  -1  -1  -1  -1  -1  -1  -1 251 251 251  -1  -1  -1  -1  -1  -1  -1  -1  -1  -1  -1  -1  -1  -1  -1 
 42  -1  -1  -1 281 281  -1  -1  -1  -1  -1  -1 288  -1  -1  -1 266 266 283 283 283  -1 268 268 294  -1 
 43  -1  -1  -1  -1  -1 295 295 295  -1  -1  -1  -1  -1  -1  -1  -1  -1  -1  -1  -1  -1  -1  -1  -1  -1 
 44  -1  -1  -1 229 241 310  -1  -1 230  -1  -1  -1  -1  -1  -1  -1   8  -1   6  -1  -1  -1  -1  -1 274 
 45  -1  -1  -1 137  -1  -1  -1 225  -1 316  -1 182  -1  -1  -1  -1  -1  -1 187  -1  -1  94  -1  -1  -1 
 46 314  53  -1  -1  -1  -1  -1 272  -1  -1 271  -1  -1  -1  -1  -1  -1 185  -1  -1 313  -1  -1  -1  -1 
 47  -1 228  -1  -1  -1  -1  -1  -1  98 285  -1  -1  -1  -1  -1  -1  -1  -1  -1 153  -1 186  -1 273  54 
 48  -1  -1  -1 275  -1  -1  -1  -1  -1  -1  -1 269 140  21 308  -1  -1  49  50  -1  -1  -1 226  -1  -1 
 49  -1 197  -1  -1  -1  -1  -1  -1 184  -1  -1  51  -1  -1  -1  -1  -1  95  -1 312  -1  11  -1  -1  -1 
 50  -1  -1  -1  -1  -1  -1  -1  -1  52  -1  -1  -1  -1  -1  -1  -1  -1   7  -1  -1  -1  -1  -1 141  -1 
 51  -1  96 181  -1  -1  -1 109  -1 270  -1  55  -1   9 315  -1 143  65  -1  -1  -1  -1  -1  -1  -1  -1 
 52  -1  -1  93  -1 311  -1  -1   5  -1  -1  -1  -1 183  -1  -1  -1  -1 227  -1  -1  -1 231  -1  -1  97 
 53  -1  -1  -1  10  -1  -1 309  -1  -1  -1  -1 139  -1  -1  -1  -1  -1  -1 138  -1  -1 142  -1  99  -1 

r\t   0   1   2   3   4   5   6   7   8   9  10  11  12  13  14  15  16  17  18  19  20  21  22  23  24 
  0  -1  47  -1  -1  -1  -1  -1  40 210  -1  -1 214  -1 293  -1  -1 165 212  -1  -1  -1  -1  -1  -1  -1 
  1  -1  -1  -1  -1  -1  -1  -1 199 108  -1  -1  -1  -1  -1  -1  -1  -1  88 292  -1  -1  -1  -1 219  -1 
  2  16  16 236 236  -1  -1  -1  -1  69  -1  -1  -1 205 145  -1  -1 303 245 257  -1  -1  -1  -1  -1  -1 
  3  -1  26  -1  -1  -1  -1 158  -1  -1  -1  -1  -1  23 115 125  -1  -1  -1 113  -1  -1  -1  -1  -1  -1 
  4  -1  -1 101  -1  -1 106  -1  -1  -1  -1  22 254  -1  -1  -1  -1  -1  -1  -1  -1  -1  20 191  -1  -1 
  5  -1  -1 130  -1  -1  -1  13  25 255  -1  -1  36  -1  -1  -1 150  -1  -1 164  -1  -1  -1  -1  -1  -1 
  6  -1  -1  -1  -1 302  -1  79  -1  -1  -1  -1  -1  -1  -1  -1  -1  35 120  -1  -1  -1 300  -1 217  -1 
  7 262  -1 248 152  -1  -1  -1  -1  -1  -1  -1  -1 297 201 127  -1  -1  -1  -1  -1  -1  -1  -1 284  -1 
  8  -1 299 168  -1  -1  -1 179 306 277  -1  -1 114  27  -1  -1  -1  -1  -1  -1  -1  -1 161  -1  -1  -1 
  9  -1  -1  -1  18  -1  -1 155 252 298  -1  -1  -1  -1  -1  85 131  -1  -1  37  -1  -1  -1  -1  -1  -1 
 10  -1 233  -1  -1  -1  -1 213  -1  44  -1 173  -1  -1 246  -1  -1  -1  -1  -1  -1  -1 196  -1  -1  -1 
 11  -1 203  -1  -1  -1  -1 208  62  56  -1  -1 264  72  57  -1  -1 287 148 148  -1  -1  -1 263  -1  -1 
 12  -1 279  -1  89  -1  -1  81 238  -1  -1  -1 175 249  -1  83  -1  73  -1 261  -1  -1 256  -1  -1  -1 
 13  -1  -1  -1 160  -1 172 259  -1  -1  -1  -1  77  -1  -1  -1  -1  -1  -1  -1  -1  38  -1  -1 240  -1 
 14  -1  80  -1  76  -1  -1  -1  -1  -1  -1  -1  -1  -1 188  -1  -1 111  -1 253  -1 265 243  60  60  -1 
 15  -1 147  -1   3  -1  -1 135  -1  -1  -1  -1 190 258  -1  -1  -1  -1  -1  -1  -1  -1  -1 276  -1  -1 
 16  -1  -1  34  -1  -1  -1  -1  -1  -1  -1  -1  71  -1  -1   1  -1  64  -1  -1  -1  -1  -1  -1 169  -1 
 17  -1  -1  -1  58  -1  -1 100 282  -1  -1  -1  -1  -1  -1  -1  -1  -1 280 280  -1  -1  -1  -1  -1  -1 
 18  -1 216  -1  -1  -1  -1 278 122  43  -1  -1  -1 154  -1  -1  -1  -1 220 128  -1 221  -1 170  -1  67 
 19  -1  -1  -1 202  -1  -1  -1  -1  -1  -1  -1 235  -1  -1  -1 198  91  -1  -1  -1  -1  -1  -1  -1  -1 
 20  -1 102  70  -1  -1  -1  -1  -1  -1  -1  -1 167 104 104  -1  -1  -1  86 304  -1  -1 103  -1  -1  -1 
 21  -1  -1  45  -1  -1  -1  -1 289 307  -1  -1  -1  -1  -1  -1  -1   0  -1  -1  -1  -1 144  -1  -1  -1 
 22  -1  -1  -1  -1  66  -1  -1  -1  14  -1 301  -1  -1  -1  -1  -1  -1  -1  87  -1  -1 174  -1  -1  -1 
 23  -1  -1 133 124  -1  -1  59 159  -1  -1  -1 146  -1  15  -1  -1  -1 177 192 192  -1  39  -1 121 218 
 24  -1  -1  -1  -1 215  -1  42  -1 189  -1  -1  -1  -1  -1  -1  -1  12  -1 204  -1  -1  -1  -1 209  -1 
 25  -1 132 117  -1  -1  -1  -1 211  -1  -1 110  -1  -1  -1  -1  -1 232  -1  -1  -1  -1 123 116  -1  -1 
 26  -1  41  -1  -1  -1  -1  -1  -1  -1  -1  -1  -1  -1 234  -1  -1 267  -1  -1  -1  -1  28  -1  -1  -1 
 27  -1 247  -1  -1 260  -1  -1 305 176 126  -1 291 166 157  -1  -1 296  -1  -1  -1  -1  -1  -1  82  -1 
 28  -1  -1  -1  -1  -1  -1  32  -1  -1  -1  -1  33 242  -1  -1  -1  -1  -1  -1  -1  -1  -1 290 129  -1 
 29  -1  -1  -1  -1  -1  84  -1  -1  -1  -1 171  -1 194  -1  -1 286  -1  -1  29  -1  -1 223  78  -1  -1 
 30   2   2  -1  30  -1  -1  -1  -1  24  -1  -1  -1  -1  -1  -1  -1  -1  19  19  19   4   4  -1  17  17 
 31  -1  -1  -1  -1  -1  -1  -1  -1  -1  -1  -1  -1  -1  -1  -1  -1  -1  -1  -1  -1  -1  -1  31  31  31 
 32  -1  -1  -1  -1  -1  -1  -1  68  -1  -1  63  63  63  48  48  -1  -1  61  61  -1  -1  74  46  46  -1 
 33  -1  -1  -1  -1  -1  -1  -1  -1  -1  -1  -1  -1  -1  -1  -1  -1  -1  75  75  75  -1  -1  -1  -1  -1 
 34  -1 112  -1  -1  -1  -1  -1  -1  -1  -1  -1  -1 118  92  92  -1  -1 105 105  -1  90  90 107 107 107 
 35  -1  -1  -1  -1  -1  -1  -1 119 119 119  -1  -1  -1  -1  -1  -1  -1  -1  -1  -1  -1  -1  -1  -1  -1 
 36  -1 156  -1  -1  -1  -1  -1 151 151 151  -1  -1  -1 136 136  -1 162 134 134  -1  -1  -1 149 149  -1 
 37  -1  -1  -1  -1  -1  -1  -1  -1  -1  -1  -1  -1  -1  -1  -1  -1  -1  -1  -1  -1  -1  -1 163 163 163 
 38 178 178 195 195 195  -1  -1  -1  -1  -1  -1 206  -1 180 180  -1 200  -1  -1  -1  -1  -1  -1 193 193 
 39  -1  -1  -1  -1  -1  -1  -1  -1  -1  -1  -1  -1  -1  -1  -1  -1  -1  -1  -1  -1 207 207 207  -1  -1 
 40 224 224  -1 244  -1 237 237  -1  -1  -1  -1  -1  -1 222 222  -1 250 239 239 239  -1  -1  -1  -1  -1 
 41  -1  -1  -1  -1  -1  -1  -1  -1  -1  -1  -1  -1  -1  -1  -1  -1  -1  -1  -1  -1  -1  -1 251 251 251 
 42 266 266  -1 281 281  -1 288  -1  -1  -1  -1  -1 283 283 283  -1  -1 294  -1  -1  -1  -1 268 268  -1 
 43  -1  -1 295 295 295  -1  -1  -1  -1  -1  -1  -1  -1  -1  -1  -1  -1  -1  -1  -1  -1  -1  -1  -1  -1 
 44  -1  -1  -1  -1  -1  -1 231  -1   8  -1  -1  -1  -1  -1  -1  -1 230  -1  52  -1  -1  -1  -1  -1  -1 
 45  99  -1  -1  -1  -1  -1 273  -1  -1  -1  -1  -1  -1 270  -1  -1  -1  -1  -1  -1 143  -1  -1 184  -1 
 46  -1  -1  -1  -1 153 314  -1  -1  93 316  -1   9  -1  10  -1  -1  -1  -1  -1 309  54  -1 139  -1  -1 
 47  -1  -1 229 228  -1  -1  -1  -1 269  -1  -1  -1 315  -1  -1  -1  -1  -1 274  -1  -1  -1  -1 226  -1 
 48  -1  94  -1  -1 311  -1  -1  -1  -1  -1  -1  98  -1  -1  -1  -1  49  -1 186  -1  -1 271  -1  -1  -1 
 49  -1  -1  97  -1  -1  -1 197 313  -1  -1  -1 140  -1  -1  -1  -1  -1  -1  -1  -1  -1 187  -1  -1  -1 
 50 138  -1 185  -1 109  -1  53  21  -1  -1  -1  -1  -1  -1  -1  -1 181 275  -1  -1  -1  -1  -1  -1  -1 
 51  -1  -1  -1 272  -1  -1  -1  -1 225  -1 308 183  -1  -1  -1 310  -1  -1  -1  -1  -1 142   7  -1  -1 
 52  55  -1  -1  50  -1  -1   6  -1  -1 241  -1  -1  -1  -1  -1  -1  -1  -1   5  -1  -1  51  -1  -1 285 
 53  -1  65  11 137  -1  -1  96  -1  -1  -1  -1 227  -1  -1  -1  -1 141  -1  95  -1  -1  -1 182  -1 312 

r\t   0   1   2   3   4   5   6   7   8   9  10  11  12  13  14  15  16  17  18  19  20  21  22  23  24 
  0  -1  -1 174 218  -1  -1  -1 194  -1  -1  -1 190  -1  -1  -1  -1  15  76  -1  -1  -1  -1  -1 108 131 
  1  -1 128  18 233  -1  -1 211  -1  -1  -1  -1  -1  -1 301  -1  -1  -1  -1 262  -1  -1 124  -1  -1  -1 
  2  -1  -1  -1  72  -1  -1  -1  -1  -1  -1  -1  -1  -1 304  -1  -1  -1  -1  -1  -1  -1  12 101  -1  -1 
  3  -1 212  67  -1  -1  -1  -1  -1  -1  -1  -1  73  -1 199  -1  -1  64  -1 234  -1  -1  -1  -1  -1  -1 
  4  -1  -1  -1  60  60  -1  -1  -1  -1  -1  -1   3  -1  -1  -1  -1  -1  -1  -1  -1  -1  -1  -1  33  -1 
  5  -1  -1 292  -1  -1  -1 133  -1  82  -1  -1  -1  -1  -1  -1  -1  -1  -1 280 280  -1  -1  -1  -1  -1 
  6  -1  -1  77  -1  -1  -1  -1  -1  23  -1  -1  -1 166  -1  -1  -1  -1  -1  28  -1  -1  -1  -1 157  -1 
  7  -1  -1  -1  -1  -1  42  26  -1  -1  -1  -1  -1  -1 120  -1  -1 121  -1  86  -1  -1 205  -1  89  -1 
  8  -1  -1  -1  -1  -1  -1  -1  -1 293  -1  -1 113  -1  -1  -1  -1  -1  -1 249  -1  -1  -1  -1  -1  -1 
  9  -1  -1 201  -1  -1  -1  79  62 208  -1  -1  35  -1  -1  -1 127 299  -1  -1  -1  -1  -1   0  -1  -1 
 10  -1 111  -1  -1  -1  -1 302  -1  -1  -1  -1 214  -1  -1  -1  -1  -1 126  -1  -1  -1 279 167  66  -1 
 11 198  84 172 258  -1  -1  -1  -1  -1  -1  -1 259  -1 290 155  -1  -1  -1  -1  -1 303  -1  -1  -1  -1 
 12  -1  -1 192 192  -1  -1 247  -1 216  -1  -1  88  -1  -1  -1  -1  -1  -1  -1  -1  -1 221  -1  -1  -1 
 13  -1  91  83  -1  -1  -1  -1  -1  -1  -1  -1  -1  -1 215  -1  45  -1  -1  -1  -1  -1 146  -1  -1  -1 
 14  -1 154  -1  -1  -1  -1  57  -1 168  -1  -1  -1 209  -1  -1  -1  -1  -1  44  -1  -1  -1  -1  -1  -1 
 15  -1 277 235  -1  -1  -1  -1  -1  -1  -1  -1  -1  -1 245  -1  -1 284 123  -1  -1  -1  -1 217  -1  -1 
 16  -1  -1  -1 160  -1  -1 260  -1  -1  -1  -1  -1  -1  -1  -1  -1 203 202  -1  -1  -1  -1  -1  -1  -1 
 17  -1  -1 173  -1  -1  -1  -1  -1 122  -1  -1 243  -1  29  -1  -1  -1  -1 104 104  -1 298  -1  -1  -1 
 18  -1  25  -1  -1  -1  -1 276 125  -1  -1  -1 152   1 213 305 169  80  -1  14  -1  -1  -1 148 148  -1 
 19  -1 240  -1  32  -1  -1  -1  -1  -1  -1  -1 261 147  -1  -1  -1  -1  -1  -1  -1  -1  -1 252  -1  -1 
 20  -1  -1  -1 256  -1  -1 158  -1  -1  -1  -1  59  -1  -1  -1 110 144  -1  37 238  -1  27  36 255 242 
 21  -1  -1 106 100  -1  -1  -1  -1  -1  -1  -1 257  -1  -1 307  87  -1 254  -1  -1  -1  -1  -1  -1  -1 
 22  -1  -1  -1 117 306  -1  13  34  40  -1  -1  -1 196 264  -1  -1  -1 287  -1  -1  -1  -1  58  -1  -1 
 23  16  16  -1 300  -1  -1  -1  -1 246  -1  -1 159  -1  -1 130 220 161 296  -1  -1  -1 188 115  47  -1 
 24  -1 135  -1 204  -1  -1 291  -1 282  -1  -1  -1  -1 179  -1  43  -1  20  39  -1  -1 132  -1  -1  -1 
 25  -1  -1  -1  -1  -1  -1  -1 210  -1  -1  -1 223  -1  -1  -1  -1  -1 263 116  38  -1  85 236 236  -1 
 26  -1  -1 165 278  -1  -1 189  -1  -1  -1  -1  22  -1 164  -1  -1  -1  -1  70  -1  -1  78  -1  -1  -1 
 27  -1 191 286 145  -1  -1  -1 297  -1  -1  -1 103 129  -1  -1  -1 232  -1  -1  -1  -1 102 289  41 171 
 28  -1  -1  71  -1 219  -1 175  -1  69  -1  -1 170 253  -1  -1 177  -1  -1  -1  -1  -1  56  -1 114  -1 
 29  -1  -1  -1  -1 265  -1  -1 248  81  -1 150  -1 176  -1  -1  -1  -1 267  -1  -1  -1  -1  -1  -1  -1 
 30  -1  -1  24   4   4   2   2  -1  30  -1  -1  -1  -1  17  17  -1  -1  -1  -1  -1  -1  -1  19  19  19 
 31  -1  -1  -1  -1  -1  -1  -1  -1  -1  -1  -1  -1  -1  -1  -1  31  31  31  -1  -1  -1  -1  -1  -1  -1 
 32  -1  68  -1  48  48  46  46  -1  -1  -1  -1  -1  61  61  -1  -1  -1  63  63  63  -1  -1  -1  74  -1 
 33  -1  -1  -1  -1  -1  -1  -1  -1  -1  -1  -1  -1  75  75  75  -1  -1  -1  -1  -1  -1  -1  -1  -1  -1 
 34  -1 112 118  92  92  -1  -1 105 105  -1  -1  -1 107 107 107  -1  -1  90  90  -1  -1  -1  -1  -1  -1 
 35  -1  -1  -1  -1  -1  -1  -1 119 119 119  -1  -1  -1  -1  -1  -1  -1  -1  -1  -1  -1  -1  -1  -1  -1 
 36  -1 162  -1 134 134  -1  -1 151 151 151  -1  -1 136 136  -1  -1  -1 149 149  -1  -1 156  -1  -1  -1 
 37  -1  -1  -1  -1  -1  -1  -1  -1  -1  -1  -1  -1  -1  -1  -1  -1  -1 163 163 163  -1  -1  -1  -1  -1 
 38  -1  -1  -1 180 180 178 178  -1  -1  -1  -1 200  -1 206  -1  -1  -1 195 195 195  -1  -1  -1 193 193 
 39  -1  -1  -1  -1  -1  -1  -1  -1  -1  -1  -1  -1  -1  -1  -1  -1  -1  -1  -1  -1  -1  -1 207 207 207 
 40  -1  -1  -1 222 222  -1  -1 239 239 239  -1 250 237 237  -1  -1 244  -1  -1  -1  -1  -1 224 224  -1 
 41 251 251 251  -1  -1  -1  -1  -1  -1  -1  -1  -1  -1  -1  -1  -1  -1  -1  -1  -1  -1  -1  -1  -1  -1 
 42  -1  -1  -1  -1  -1 266 266  -1  -1  -1  -1 294 283 283 283 268 268  -1 288  -1  -1  -1 281 281  -1 
 43  -1  -1  -1  -1  -1  -1  -1  -1  -1  -1  -1  -1  -1  -1  -1  -1  -1  -1  -1  -1  -1  -1 295 295 295 
 44  -1  -1 311  -1  -1  -1  -1  -1 312  -1  -1  -1  -1   9 308  -1  -1  -1  -1  -1  -1  50  49  -1  -1 
 45  -1   5  -1  -1  -1  -1  -1  21 197  -1  -1  -1  -1 228  -1  -1  -1 184  -1  -1  -1  -1 142 181 310 
 46  -1  53  -1  -1  -1  -1  -1  -1  -1  -1  -1  -1  -1  -1  -1  -1  -1  -1  -1  99 309   7 186  -1  -1 
 47  -1  -1  -1  -1  -1  97 231 313  -1  -1 241  -1  -1  54  -1  -1 227  -1  -1  -1  -1  -1  -1  -1  -1 
 48  -1  -1  -1  -1  -1  -1  -1  -1  65 316  -1 141  -1  -1  -1  -1  52  -1 274   8  -1  -1  -1 140  -1 
 49 314 185  -1  -1  -1 143  -1  -1  -1  -1  -1  51 226  -1  -1  -1  -1 139  -1  -1  -1  -1  -1  -1  -1 
 50  -1 269  -1  -1  -1  -1  -1  -1  -1  -1  -1  -1  -1  -1  -1 138 137  -1  -1  -1  -1  98  -1  11  -1 
 51  -1  -1  -1 275  -1  -1  94  -1  -1  -1 109 182  55  -1  -1  -1  -1 230 229  -1  -1 270  -1 272  -1 
 52  -1  -1  -1  -1  -1  -1  -1  -1  -1  -1  -1  -1  96  -1  -1  -1  93  10  -1 271  -1  -1  -1  -1  -1 
 53  -1  -1 153  -1  -1 225  -1 285  -1  -1 315 273  -1  -1  -1  -1 187  -1   6  -1  -1 183  95  -1  -1 

r\t   0   1   2   3   4   5   6   7   8   9  10  11  12  13  14  15  16  17  18  19  20  21  22  23  24 
  0  -1  39  -1  -1  -1  -1 301  -1  -1  -1  -1 261  -1  87  -1 150  -1 212 124  -1  -1 168 173 174  -1 
  1  -1 306  -1  -1 130  -1  -1  -1  -1  -1  -1 194  -1 276  -1  -1  -1  -1 255  -1  82  -1 131  -1  -1 
  2  -1 157  -1  -1  -1  -1  -1  -1 145 218  -1  26 128 234  -1  -1  -1 152 298  -1  -1  -1 203 208  -1 
  3  -1 210 148 148  -1  -1  -1  20 253  -1  -1  -1  -1  -1  -1  -1  -1  -1  -1  -1  -1  -1  -1  -1  -1 
  4 127  -1 192 192 282  -1  -1 299  -1  -1  -1  -1  -1  -1  -1  18  62  -1  -1  -1  -1 114  33  -1  -1 
  5  -1  -1  37 291  -1  -1 286 278  -1  -1  -1  84 249  -1  -1 172  -1 117  -1 307  -1  67  -1  81  -1 
  6  -1 146  -1  -1  -1  -1 238 236 236  -1  -1  -1  -1 256  -1  -1  -1  -1  -1  -1  -1  -1  -1  -1  -1 
  7  -1  15  -1  -1  -1  -1  91  -1  -1  -1  -1 161  -1  -1  -1  -1  -1  -1  -1  -1  -1 170  -1 111  -1 
  8  -1 302  -1  -1  -1  -1 133 154 125  -1  -1 116 191  -1  -1  -1 202 252 175  -1  -1  47 115  -1  -1 
  9  -1 129 280 280  -1 216 223  -1  -1  -1  -1  69 100 123  -1  43  29  -1  -1  -1  -1  -1  -1 287  -1 
 10  -1  64  -1  -1  -1 106  -1  71 259  -1  -1  -1  -1  -1  -1  -1  -1  -1  13  -1  -1  -1  -1  86  -1 
 11  -1  -1 297  -1  -1  -1  -1  -1 179  -1  -1  -1 159  59  -1  -1  -1  -1  -1  -1  -1  -1  -1  -1  -1 
 12  -1  -1  -1  -1  -1  -1  -1  -1 277  -1 242 243  -1  -1  -1  -1 289  12 279  -1  -1 144  -1  -1  -1 
 13  -1 122  -1  44  -1  -1 120  -1  -1  -1  -1 257 121 101  -1  -1 147  -1 189  -1   1 171  -1  -1  -1 
 14  -1  -1 248  72  -1  -1 267  60  60  -1  -1  -1   3  79  -1  -1  -1 177  -1  -1  -1  -1  -1  -1  -1 
 15  -1  -1 262  -1  -1  -1 188  -1  -1  -1  -1 110  -1  38  -1  -1  -1  -1  -1 220  -1  -1  -1  -1  -1 
 16  -1  77  -1  -1  -1 263  -1 135  28  -1  -1 219 284  -1  -1  -1 165 104 104  89  -1  -1  -1 240  -1 
 17  -1  -1  -1  -1  -1 303  -1  -1 113  -1  -1  -1 265  -1  -1  -1  -1  70  -1  -1  -1 102  -1  -1  -1 
 18  -1 247  85 205  -1  66  -1  -1 209  -1  -1  -1  -1  34  -1  -1 108  35  -1  -1  -1 300  -1  -1  -1 
 19  -1  -1  -1 246  -1  -1  -1 245  -1  -1  -1  -1  -1  -1  -1  -1   0  -1  -1  -1  -1  -1  -1 293  -1 
 20 304  -1  -1  -1  -1  -1  -1  -1  78  -1  -1  -1  -1 196  -1  -1 232  -1  -1  -1 176  -1  -1  -1  -1 
 21  -1  -1  -1  -1  -1  -1  -1  -1  -1  -1  -1  -1  -1 290  -1  -1  -1  -1  -1  -1  -1  -1  -1  -1  -1 
 22  -1 190  76  -1  -1  -1  -1  -1 296  -1  -1  -1  -1  -1  -1  -1  -1  58  -1  45  -1 169  -1  -1  -1 
 23  -1  -1  -1 233 260  -1 158  -1 166 155  -1  -1  57 215  -1  -1  -1  -1  -1  -1  -1 264  -1  -1  -1 
 24  23  -1  -1  -1  -1  -1 292  -1  -1  -1  -1  -1  -1 258  -1  -1 132  -1  -1  -1  -1  -1  -1  -1  -1 
 25  -1  -1  -1  -1  -1  -1  -1 204  16  16  -1  -1  -1  -1  -1  -1  14  -1  -1  -1  -1  36 235  -1  -1 
 26  -1  -1  -1  -1  -1  -1  -1  -1 217  -1  -1  -1  -1  -1  -1  -1  80  -1  56  -1  -1  -1 103  -1  -1 
 27  -1  -1  -1 167  -1  -1  -1  -1  42  -1  -1  -1  40  -1  41  -1  -1 160 201  -1  -1  -1  -1  27  -1 
 28  -1  -1  32  25 198  -1  -1  -1  -1  -1  -1 254  -1 164 213  -1  -1  -1  -1  -1 221 305  -1  -1  83 
 29  -1  -1 211  -1  22  -1 214  88  -1  -1  -1  -1  -1 126  -1  -1 199  -1  -1  -1  -1  73  -1  -1  -1 
 30  -1  24  -1  -1  -1  -1  -1  -1  -1  -1  17  17  30   4   4  -1  -1  -1   2   2  -1  -1  19  19  19 
 31  -1  -1  -1  -1  -1  31  31  31  -1  -1  -1  -1  -1  -1  -1  -1  -1  -1  -1  -1  -1  -1  -1  -1  -1 
 32  -1  -1  63  63  63  -1  74  48  48  -1  -1  -1  -1  46  46  -1  -1  -1  68  -1  -1  -1  -1  61  61 
 33  -1  -1  -1  -1  -1  -1  -1  -1  -1  -1  -1  -1  -1  -1  -1  -1  -1  -1  -1  -1  -1  -1  75  75  75 
 34  -1  -1 105 105  -1  -1  -1 107 107 107  -1  -1  -1  -1  -1  -1 112  92  92  -1  90  90  -1 118  -1 
 35  -1  -1 119 119 119  -1  -1  -1  -1  -1  -1  -1  -1  -1  -1  -1  -1  -1  -1  -1  -1  -1  -1  -1  -1 
 36  -1  -1 156  -1  -1  -1  -1  -1  -1  -1 151 151 151 136 136  -1 162  -1  -1  -1 134 134 149 149  -1 
 37  -1  -1  -1  -1  -1  -1  -1  -1  -1  -1  -1  -1  -1  -1  -1  -1  -1  -1  -1  -1  -1  -1 163 163 163 
 38  -1  -1 178 178  -1  -1 200 193 193  -1  -1  -1  -1  -1  -1  -1  -1  -1 180 180  -1 206 195 195 195 
 39  -1  -1  -1  -1  -1  -1  -1  -1  -1  -1  -1  -1 207 207 207  -1  -1  -1  -1  -1  -1  -1  -1  -1  -1 
 40 239 239 239  -1  -1  -1 250 224 224  -1  -1  -1  -1 222 222  -1 244 237 237  -1  -1  -1  -1  -1  -1 
 41  -1  -1  -1  -1  -1  -1  -1  -1  -1  -1  -1  -1  -1  -1  -1  -1  -1  -1  -1  -1  -1 251 251 251  -1 
 42  -1 294 266 266  -1  -1  -1  -1  -1  -1  -1 288  -1 268 268 281 281  -1  -1  -1 283 283 283  -1  -1 
 43  -1  -1  -1  -1  -1  -1  -1  -1  -1  -1  -1  -1  -1  -1  -1 295 295 295  -1  -1  -1  -1  -1  -1  -1 
 44  -1  -1  10 231  -1  -1 186  -1 137  -1  -1  -1  -1  -1  97  -1  -1 141 229 271  55  -1  -1  -1  -1 
 45  -1 140  -1  -1  -1  -1  -1  -1  -1  -1  -1  -1  95  94  -1  -1  -1 225  -1  -1  -1  -1  -1  -1  -1 
 46  -1  -1  -1  -1  -1  -1  -1  -1  -1  -1  -1  -1 142  -1  -1  -1  -1  -1  -1  -1  -1   8  -1  -1  -1 
 47  -1  53  49  -1 314  -1  -1  -1  -1  -1  -1  -1  -1  -1  -1  -1 270  -1  50  -1  -1  -1  99  -1  -1 
 48  -1   6  -1  -1  -1  -1  -1 185   7  -1  -1 308  -1  -1  -1  -1  98  -1  -1  -1  -1 183 272  -1 241 
 49  -1  96  -1  -1  -1 310 109  -1  -1 309  -1  -1  21  -1  -1 315  -1  52  -1  -1  -1  -1  -1 313  -1 
 50  -1  -1  -1  -1  -1  -1  -1   5  -1  -1  -1 285 227 187  -1  -1  -1  -1  -1  -1  -1  -1  -1  -1 311 
 51  -1 274 139  93  -1  -1  -1  -1  -1  -1  -1  -1 184  -1  -1  -1  -1  -1 269  -1  -1  -1 182  -1  -1 
 52 316 228  -1 143  -1  -1  -1 273  -1  -1  -1  -1  -1  -1  -1 197  -1  -1 153 138  -1  -1 226  -1  -1 
 53  -1 181  -1   9  -1  -1  54  -1 275  -1 312  65  51  -1  -1  -1 230  11  -1  -1  -1  -1  -1  -1  -1 

r\t   0   1   2   3   4   5   6   7   8   9  10  11  12  13  14  15  16  17  18  19  20  21  22  23  24 
  0  -1 131 261  -1  -1  -1 145  -1 146  -1  -1  57  -1  -1  -1  -1  -1  -1  -1  -1  -1  -1 234 120 303 
  1  -1  -1  -1  -1  -1  -1 235  -1 232  -1  -1  -1 104 104  -1  -1  33  -1  14  -1 174  -1  -1  85  -1 
  2 128  79  -1  -1  -1  -1  -1 223  -1  -1 148 148 190  -1  -1  43  -1  -1 160  -1  -1  -1 154  -1  -1 
  3  -1 114 144  -1  -1  -1  -1 267 301  -1  -1  -1 121  38  -1  -1  89  -1  -1  -1  -1  -1  -1  -1  -1 
  4  83 111  -1  88  -1  -1  -1  -1  -1  -1  -1  -1  -1  -1  -1  60  60  -1  -1  -1  -1 221  -1  -1  -1 
  5  -1 296 211   0  -1  -1  70  -1 254 219  -1  -1  -1  -1  -1   1  -1  -1  -1  -1  -1  -1  -1  22 127 
  6  -1 210 252  40  -1 173  12  -1 213  -1  -1  -1  -1 248  -1  -1 214  27  71  -1  -1 297 168  -1  -1 
  7  -1 249 179 208  -1  -1  -1  -1  -1  -1  -1  29  72  -1  -1  -1  -1  -1  -1  -1  -1  -1  -1  -1  -1 
  8  -1 157 220 167  -1  -1  -1  16  16  -1  -1 278  -1  -1 126  -1 217 110  -1  -1  -1  -1 201  -1  -1 
  9  42  -1  -1 256  -1  -1  25  -1  -1  -1  -1 300  -1  -1  -1  -1  36  -1  -1  -1  -1  15 293  28  -1 
 10  -1  -1  -1 115 125  -1  -1 122  -1  -1 263 233 307  -1  -1  -1  -1  -1  -1  -1  -1  -1  18  -1  -1 
 11  -1  -1  -1  -1  -1  -1  -1  -1  87  -1  -1  -1  -1 176  -1  -1  13  -1  -1  -1  -1  -1  -1  -1  -1 
 12  -1  -1  -1  -1  -1  -1  -1  -1  -1  -1  -1  -1  -1  -1  -1  -1 205 117  -1  -1  -1  -1  -1  -1  -1 
 13  -1  -1 280 280 260  -1  -1 192 192  -1  -1 247 277  -1  -1  -1  77  -1  -1  -1  -1  37  -1  -1  -1 
 14  -1  -1  56  26  -1 286  45  32 215  -1  -1  -1  -1  -1  -1  82  -1  -1  -1  -1  -1  -1  -1  -1  -1 
 15  -1  -1 236 236  -1 171 164  58 209  -1 177  20  -1  -1  -1  -1  -1 279  -1  -1  -1 100  -1  -1  -1 
 16  -1  -1  -1  59  -1  -1  -1  -1  80  -1  -1 161  -1  -1  -1  -1 124  -1 255  -1  -1  -1  -1  -1  -1 
 17  -1  -1 106  -1  -1  -1  -1 159  -1  -1  -1  -1  -1 290  -1  -1  -1  -1 298  -1  -1 152 130  -1  -1 
 18  -1  -1  -1  -1  -1  -1 291 103  -1  -1  -1  -1  -1 123  -1  -1  -1  -1  -1  -1  -1  -1  -1 158  -1 
 19  -1  62  -1  -1  -1  -1 169 258  -1  -1  -1 196  -1 202 199  -1 132  -1  -1  -1  -1  34  -1  -1  -1 
 20  -1  -1  -1  -1  -1  -1  -1 243  -1  -1  -1  -1  -1  -1  -1  -1  -1 175  -1  -1  -1  -1  -1  -1  -1 
 21  -1  -1  -1  -1  86  41  -1  -1 284  -1  -1  -1 203  76  -1  -1 165  -1  -1  -1  -1  -1  -1  -1  -1 
 22  -1  -1  -1  -1  -1  -1 108  -1 166  -1  -1  -1 170  -1  -1 257  -1  -1  -1  -1  -1  -1   3 212  -1 
 23  -1  23  -1 189  -1 150  -1  -1 101  -1  -1  -1 147  -1  -1  -1 240  66 102  -1  -1 133  -1  -1  -1 
 24  -1  -1  91  -1  -1  -1 253  -1 129  -1  -1  -1  -1  -1 282  -1  -1  -1  -1  -1  -1  -1  -1 155  -1 
 25  -1  -1  84  -1  -1  67  -1  -1  -1  -1  -1  39 246  -1  -1  -1 188  78  -1  -1  -1  64  -1  -1  -1 
 26  -1 172  -1 292  -1 198 276  -1  -1 304  -1  -1  -1 218  -1  -1 289 302  -1  -1 306  -1  35 242  -1 
 27  -1  -1 194  69  -1  -1  -1 245  -1  -1  -1  -1  81  -1 262  -1  -1  -1  -1  -1  -1 113 135  -1  -1 
 28  -1 238 299  -1  -1 216  -1  44  -1  -1 259 116  -1 265  -1  -1  -1 191  -1  -1  -1  -1 264  -1  -1 
 29 305 287  73  -1  -1  -1  -1  -1  47  -1  -1  -1  -1  -1  -1  -1  -1  -1  -1  -1  -1 204  -1  -1  -1 
 30  -1  30  19  19  19  -1  -1  -1  24  -1   4   4  -1  17  17  -1  -1  -1   2   2  -1  -1  -1  -1  -1 
 31  -1  -1  -1  -1  -1  -1  -1  -1  -1  -1  -1  -1  31  31  31  -1  -1  -1  -1  -1  -1  -1  -1  -1  -1 
 32  -1  -1  -1  -1  -1  -1  -1  68  -1  -1  48  48  63  63  63  -1  -1  -1  46  46  -1  74  61  61  -1 
 33  -1  -1  -1  -1  -1  -1  -1  -1  -1  -1  -1  -1  -1  -1  -1  -1  -1  -1  -1  -1  -1  -1  75  75  75 
 34  -1  -1 118 105 105  -1  -1  -1  90  90  92  92  -1  -1  -1  -1  -1  -1 112  -1  -1  -1 107 107 107 
 35  -1  -1  -1  -1  -1 119 119 119  -1  -1  -1  -1  -1  -1  -1  -1  -1  -1  -1  -1  -1  -1  -1  -1  -1 
 36  -1  -1 156 149 149  -1  -1 136 136  -1 134 134  -1  -1  -1  -1 162 151 151 151  -1  -1  -1  -1  -1 
 37  -1  -1  -1  -1  -1  -1  -1  -1  -1  -1  -1  -1 163 163 163  -1  -1  -1  -1  -1  -1  -1  -1  -1  -1 
 38  -1  -1  -1  -1  -1  -1 200 206 180 180  -1 178 178  -1  -1  -1  -1  -1 193 193  -1  -1 195 195 195 
 39  -1  -1  -1  -1  -1  -1  -1  -1  -1  -1  -1  -1  -1  -1  -1  -1  -1 207 207 207  -1  -1  -1  -1  -1 
 40  -1  -1  -1  -1  -1  -1  -1  -1 222 222 224 224 239 239 239  -1  -1 237 237  -1  -1  -1 244 250  -1 
 41  -1  -1  -1  -1  -1  -1  -1  -1  -1  -1  -1  -1  -1  -1  -1 251 251 251  -1  -1  -1  -1  -1  -1  -1 
 42  -1  -1  -1  -1  -1  -1  -1 288 294  -1  -1 268 268  -1  -1 281 281  -1 266 266  -1  -1 283 283 283 
 43  -1  -1  -1  -1  -1  -1  -1  -1  -1  -1  -1  -1  -1  -1  -1 295 295 295  -1  -1  -1  -1  -1  -1  -1 
 44  -1  -1 142 230  -1  -1 225  -1 275  -1  -1  -1 226  98  -1  -1 184  -1  -1  -1 241  -1  52  -1  -1 
 45  -1  -1  -1  49  -1  -1  -1  -1  -1 138  -1  -1  -1  -1  -1  -1  -1  -1  94  -1  -1  95  96  -1  -1 
 46 310 153  -1 141  -1  -1  -1 185  -1  -1  -1  -1  -1  -1  -1 143   8  21  -1 229  -1  -1 182  -1  -1 
 47  -1 197   5  -1 316 315   7  -1  -1 274  -1  -1  -1  -1  -1 109  51 313  -1  -1  -1 273  -1  -1  -1 
 48  -1  -1  -1  -1  -1  -1 140  -1  -1  -1  -1  -1  -1 137  -1  -1  -1  -1  -1  -1 314  -1  -1  -1 312 
 49  -1 309  50  -1  -1  -1 183  -1  -1   9 271  -1  -1  -1  -1  -1  -1  -1 139  -1  -1  53  -1  -1  -1 
 50  -1  -1  -1  -1  -1  -1  -1  -1  10  -1  -1  -1  -1  -1  -1  54 227  -1  -1  99  -1  -1  -1 308  -1 
 51  -1  -1  -1 270  -1  -1  -1   6  -1  -1  -1  -1  97  -1  -1 187  -1  -1  -1  -1  -1 181 228  -1  -1 
 52  -1  -1 272  -1  -1  -1 269  93  -1  -1  -1  -1  -1  -1 311  -1  -1  -1  -1  -1  -1  11  -1  -1  -1 
 53  -1  -1  -1 186  -1  -1  -1 285  65  55  -1  -1  -1  -1  -1  -1  -1  -1 231  -1  -1  -1  -1  -1  -1 

r\t   0   1   2   3   4   5   6   7   8   9  10  11  12  13  14  15  16  17  18  19  20  21  22  23  24 
  0  -1  -1 113  16  16  -1  -1  71  -1  -1  -1 196 131  -1  -1  -1  -1  -1  -1  -1  -1  -1  -1  -1  -1 
  1 259 300  -1 290  -1  -1 166  -1  77  22  -1  -1  -1 114  -1  -1  38  -1  28  -1  -1 111  -1  -1  -1 
  2  -1 245 148 148  -1  -1  -1 252  -1  -1  -1 296  -1  -1  -1  -1  -1  -1  -1  -1 150 133  -1  -1  -1 
  3  -1  -1 165  -1  -1  -1  -1  -1  -1 262  -1  -1 292  45  -1  -1  -1  -1  -1  -1  -1  -1  -1 291  -1 
  4  -1  -1  -1  -1  -1  -1  -1  -1  -1  -1  -1  13  -1  -1  -1  -1  -1  -1 194  -1  -1  -1 123  -1  -1 
  5  -1 201  -1  -1  -1  -1  43  15  -1  -1  -1  -1  -1  34  -1  -1 188 158  -1  -1  -1  -1 192 192  -1 
  6  -1  -1  -1  -1  -1  -1 117  -1  -1  -1  -1  -1 147 161  -1  -1  -1 267  -1  -1  -1 293  72  -1  -1 
  7  -1  -1  -1  -1  -1  -1  -1  -1  -1  -1  -1  -1  -1  -1  67  82  -1 282  -1  -1  -1 248  -1 127 221 
  8  -1  -1   3  -1  -1  -1  -1  -1  84  -1  -1  -1  -1  -1  -1  -1  -1  -1  -1  41  -1  -1 211  -1  -1 
  9  -1  -1  -1  -1  -1  -1  27 279  -1  -1  -1  -1  26  -1 173 174  -1  -1  -1  -1  -1  -1  -1 100  -1 
 10  -1  -1  -1  -1  -1  -1  -1  -1  -1  -1  -1  -1 104 104  -1  -1  -1  -1 286  -1  -1  -1  -1  -1  -1 
 11  -1  -1  -1  -1  -1  83  -1  -1  -1  -1  -1  -1 242 256  -1 280 280  -1  -1  -1  -1 190  29 246  -1 
 12  -1  -1  32 177  -1 176  -1  -1  -1 172  -1  -1  37  -1  -1  -1  -1  -1 243  -1  -1  35 297  -1  -1 
 13  -1  -1  -1 120 287  -1  36 132  -1  -1  -1  -1  -1  -1  -1 302  -1  -1  -1  -1 301  -1 145  -1  -1 
 14  -1  58  -1 164  -1  -1  -1  -1  -1  -1  -1  69  -1 232  -1  -1  -1  -1  -1 304  -1  79  -1  -1  -1 
 15 306 154 212 202  -1  -1  -1  -1  -1 216  -1  -1 115  -1  -1  -1  81  -1  -1  -1  -1  91  -1  -1  -1 
 16  -1  -1  -1  -1  -1  -1  -1  -1  -1  -1  -1  89 249  -1 303  -1  -1  -1  -1  -1  -1  62  -1  -1 125 
 17  -1  -1 265  88  -1  -1 199 208 284  -1  -1  -1  -1  -1  -1  -1 102  -1  -1  -1  -1  -1  -1 146  -1 
 18  -1  -1  -1  -1  40 218  -1  -1 204  -1  -1 305  80 278 261  -1  -1  -1  86 238  -1 116  -1  -1 307 
 19  87  -1 169  -1  -1  -1  -1  -1 167  -1  -1 152 276  -1  -1  -1  -1  -1  -1  -1  -1  -1  -1  -1  -1 
 20  -1 233  59  -1  -1  -1 215 157  -1  -1  -1  39  -1 170 155  -1  -1 214  -1  -1  -1 205 236 236  -1 
 21  -1 179  -1 260  -1  -1  23  -1 135  -1  -1 234 223  14  -1 110 159 240  -1  -1  -1  -1  -1 160  -1 
 22  -1  -1 235  -1  -1  42  -1  -1  -1  -1  -1 124  -1  -1  -1  -1 209  -1 103  -1  -1  -1  60  60  -1 
 23  -1  -1  18  56  -1  -1  -1  33 101  -1  66  -1  -1 299  -1 213  -1 122  -1  -1  -1  -1  -1  -1  -1 
 24 198  -1  85  -1 258  -1  -1  -1  -1  -1  -1 220  47 217  -1  -1  -1 171  -1  -1 126  -1 247  -1  -1 
 25  -1  78  44  -1  -1  -1  -1  -1  -1  -1  -1  -1  20  -1  -1 219  73  -1 298  -1  -1   0  -1  -1  -1 
 26  -1  -1  -1 128  -1  -1  -1  -1  -1  -1  -1  -1  -1  -1  -1  -1  -1 203  -1  -1  -1  12  -1  -1  -1 
 27  -1 264  -1  25  -1  -1 289  -1  57  -1  -1  -1  -1  -1  -1  -1  64 191 255  -1  -1  -1 210 121  -1 
 28  -1  -1 189  -1  -1  -1  76  -1   1 175  -1 277  -1  -1  -1  -1  -1  -1  -1  -1  -1  -1  -1  -1  -1 
 29  -1 108  -1 254  -1  -1 253 144  -1  -1  -1  -1  -1  70 257  -1  -1 130 129  -1 106 168  -1 263  -1 
 30  -1  24  -1   4   4  -1  -1  -1  -1  -1  -1  30   2   2  -1  17  17  -1  -1  -1  -1  -1  19  19  19 
 31  -1  -1  -1  -1  -1  -1  -1  -1  -1  -1  -1  -1  -1  -1  -1  31  31  31  -1  -1  -1  -1  -1  -1  -1 
 32  -1  -1  74  46  46  63  63  63  -1  -1  -1  -1  -1  -1  -1  -1  -1  61  61  -1  -1  68  48  48  -1 
 33  -1  -1  -1  -1  -1  -1  -1  -1  -1  -1  -1  -1  -1  -1  -1  -1  -1  75  75  75  -1  -1  -1  -1  -1 
 34  -1  -1 107 107 107 105 105 118 112  -1  -1  -1  92  92  -1  -1  -1  -1  -1  -1  -1  -1  -1  90  90 
 35  -1  -1  -1  -1  -1  -1  -1  -1  -1  -1  -1  -1  -1  -1  -1  -1  -1 119 119 119  -1  -1  -1  -1  -1 
 36  -1  -1 162 134 134  -1  -1  -1 149 149  -1  -1  -1  -1  -1  -1  -1 151 151 151  -1  -1 156 136 136 
 37  -1  -1  -1  -1  -1  -1  -1  -1  -1  -1 163 163 163  -1  -1  -1  -1  -1  -1  -1  -1  -1  -1  -1  -1 
 38  -1  -1  -1  -1  -1  -1 206 195 195 195  -1  -1 193 193  -1  -1  -1  -1 200  -1  -1 180 180 178 178 
 39  -1  -1  -1  -1  -1  -1  -1  -1  -1  -1  -1  -1 207 207 207  -1  -1  -1  -1  -1  -1  -1  -1  -1  -1 
 40  -1 222 222  -1  -1 239 239 239 250  -1  -1 244  -1  -1  -1  -1  -1  -1  -1  -1 237 237 224 224  -1 
 41  -1  -1  -1  -1  -1  -1  -1  -1  -1  -1  -1  -1  -1  -1  -1 251 251 251  -1  -1  -1  -1  -1  -1  -1 
 42 281 281  -1  -1  -1  -1  -1  -1  -1  -1  -1  -1 266 266  -1  -1 294 288  -1  -1 283 283 283 268 268 
 43  -1  -1  -1  -1  -1  -1 295 295 295  -1  -1  -1  -1  -1  -1  -1  -1  -1  -1  -1  -1  -1  -1  -1  -1 
 44 315  -1 140  -1 225  -1  -1  10 230 311  -1 273  -1  -1  -1  -1 231  -1  -1  -1  -1  -1  -1  -1  50 
 45 241  -1 186 227  -1 143 308  51  -1  -1  -1 187  -1  -1  -1  -1  54  -1  -1  -1  -1  -1  -1  -1  -1 
 46  -1  96  -1  -1  -1  -1  -1 226  -1 285  -1  -1 182 229 310  -1  98 181  21  -1  -1  -1  -1  -1  -1 
 47  -1  -1  -1  -1  -1  -1  -1  -1  -1  -1  -1  -1  -1  -1  -1  -1 183  -1  -1  -1 312  -1  -1  -1  -1 
 48  -1  -1  -1  -1  -1  99  -1  -1  -1  -1  -1  -1  -1  -1  -1  -1  -1  52  -1  -1  -1  -1  -1  -1  -1 
 49 109  55  -1 270  -1  -1  -1 184  -1  -1  -1   5  -1 141  -1  -1 137  -1  -1  -1  -1 228  -1  -1  -1 
 50  -1 197  -1  -1  -1   8  -1  -1  53  -1 309  -1  65  -1  -1  -1 275 139  -1  -1  -1  -1 138  -1  -1 
 51  -1   9  -1  -1 185 271  -1 269  -1  -1  -1  -1  -1  -1  -1 316  -1  -1  -1  -1  -1  -1  -1  -1  -1 
 52  -1  -1  -1  -1  -1  -1  -1  -1  97  -1  -1  -1  -1  -1  -1  -1  11   7  -1 314  -1 274  95   6  -1 
 53  -1  -1  -1  -1  -1  -1 153  94 272  -1  -1  49 142  -1  -1  -1  -1  93 313  -1  -1  -1  -1  -1  -1 

