317
23 24
8 11
5 30
7 23
13 30
1 44
22 47
3 48
0 46
12 51
16 46
15 50
3 8
6 29
1 17
16 14
12 6
17 30
10 10
20 30
8 7
2 51
7 21
11 21
2 30
1 25
6 17
21 20
13 7
16 1
7 30
17 31
3 16
22 2
12 24
11 14
22 20
14 22
10 11
23 9
21 23
19 16
23 10
10 4
11 11
3 10
13 32
23 21
7 32
12 48
15 45
6 45
1 46
16 48
5 51
0 44
1 10
6 16
8 15
7 22
12 3
17 32
2 11
20 32
16 24
23 51
10 19
4 20
1 32
2 22
8 1
22 7
23 0
16 3
12 32
17 33
6 21
22 18
11 24
1 7
7 28
20 26
7 29
7 5
6 25
10 18
14 29
16 28
12 16
16 8
0 34
3 19
5 34
13 45
8 51
15 52
22 45
14 52
7 44
11 48
1 29
6 24
21 7
22 25
12 26
7 34
4 14
17 34
16 12
20 52
2 21
3 25
11 34
6 5
17 8
18 22
1 2
12 8
13 34
22 35
7 0
2 9
22 1
3 14
16 10
7 11
1 16
21 5
10 15
23 29
3 4
5 0
22 26
7 12
5 36
16 20
0 36
11 52
14 45
13 50
8 46
3 53
23 48
15 47
22 19
13 25
8 25
12 15
2 17
23 36
4 17
17 36
6 3
9 44
21 21
16 13
2 36
3 5
6 10
21 11
18 15
13 22
16 36
10 37
23 15
16 19
22 23
1 26
7 9
24 28
10 12
24 13
15 18
16 4
9 2
20 23
7 10
15 7
0 38
12 5
13 38
18 52
22 44
16 45
6 48
5 46
8 44
23 44
13 13
18 23
6 12
23 14
7 3
20 38
12 13
2 38
22 13
19 51
11 23
17 21
11 38
7 4
18 10
3 2
8 0
21 29
17 38
22 39
2 7
12 25
13 29
13 20
6 20
24 25
14 21
20 27
3 22
20 18
8 12
4 22
3 7
5 5
22 40
13 17
0 40
14 46
11 53
7 53
15 46
8 45
6 52
16 51
8 8
1 19
7 19
3 6
22 4
17 40
21 1
10 40
16 29
13 49
9 4
2 3
8 40
1 15
11 5
13 9
12 10
3 9
6 40
17 41
21 0
23 1
2 14
22 16
16 27
22 6
23 27
24 18
11 3
14 1
1 28
8 19
7 24
12 11
5 42
8 17
22 42
11 50
1 47
14 44
18 44
16 44
13 47
0 48
6 28
22 27
23 18
16 15
13 10
18 42
21 25
2 42
7 6
8 52
9 11
10 26
13 42
16 16
7 1
1 6
23 25
3 28
8 42
15 43
22 24
2 23
18 9
21 12
12 14
9 21
9 23
6 6
20 7
4 4
24 19
20 25
21 47
2 44
4 50
9 52
24 50
17 45
19 50
10 44
20 48

