317
7 20
14 18
0 30
3 25
18 30
17 46
11 52
9 50
13 50
16 48
12 49
8 47
8 19
18 0
16 25
1 29
12 17
20 30
10 23
5 30
17 24
23 53
2 15
3 22
17 30
18 13
6 25
13 19
23 5
1 14
8 30
20 31
16 5
11 17
2 23
3 4
11 14
7 13
0 5
5 13
8 14
5 17
9 25
1 8
14 11
8 6
18 32
7 29
0 32
6 51
9 45
11 51
13 48
16 50
17 47
10 53
1 6
13 16
11 25
2 28
17 22
5 32
21 12
22 32
3 3
12 47
15 27
7 7
7 32
16 8
6 14
22 16
18 25
1 25
11 32
2 33
23 7
22 21
12 23
17 28
8 1
18 28
4 8
0 2
10 5
15 1
13 7
4 15
9 1
3 23
0 34
16 7
11 34
17 52
13 45
18 49
8 45
14 47
10 48
19 50
13 9
11 1
1 22
8 16
17 3
20 34
4 23
5 34
12 0
23 52
16 19
2 3
2 34
6 15
11 15
12 15
17 27
1 28
13 34
20 35
7 23
16 10
22 13
18 11
3 13
15 24
16 20
17 10
16 18
23 27
6 17
7 2
19 17
1 19
13 36
12 14
8 36
3 48
0 51
11 47
7 45
18 53
6 53
10 44
6 9
13 21
11 29
22 17
7 26
23 36
21 3
15 36
1 7
12 50
2 6
4 11
6 36
7 1
17 5
18 9
13 28
21 17
12 36
22 37
16 9
11 22
2 18
8 11
3 0
16 13
8 5
23 12
5 3
16 3
10 22
11 20
18 26
19 14
10 38
16 15
0 38
6 45
3 47
8 49
13 49
9 46
17 44
7 52
7 3
1 18
3 10
6 4
17 18
22 38
21 21
12 38
8 28
20 47
16 4
2 12
17 38
13 29
2 7
16 17
1 26
21 27
18 38
22 39
7 9
12 28
8 7
6 6
11 6
22 20
5 5
6 20
13 27
3 29
3 9
18 8
19 2
14 2
8 40
6 27
12 40
7 53
1 45
16 51
11 53
0 50
17 48
18 47
1 16
18 17
13 4
16 23
7 4
22 40
6 10
2 40
11 21
15 53
10 20
21 23
18 40
2 29
13 6
17 8
16 27
11 11
1 40
22 41
7 10
3 8
12 1
8 2
21 1
2 17
17 7
16 0
18 4
19 8
24 0
9 21
6 2
17 23
0 42
8 20
13 42
16 49
3 53
19 46
12 51
18 46
11 48
9 52
18 24
11 4
12 10
16 21
2 2
23 42
4 19
5 42
17 26
21 48
10 26
8 27
12 42
23 14
6 12
1 24
3 17
18 1
8 42
22 43
13 2
2 27
21 5
11 23
17 4
1 0
4 21
12 2
9 20
9 11
20 23
16 26
21 45
5 45
24 53
4 45
22 48
23 47
15 44
2 46
20 51

