317
21 6
8 1
18 30
7 24
12 30
22 50
23 48
6 46
11 48
20 45
1 51
0 52
11 22
21 10
23 11
22 17
12 21
2 30
9 15
15 30
1 17
5 51
24 12
7 25
11 30
13 26
6 17
18 19
22 8
1 0
7 30
2 31
12 15
17 12
21 14
23 23
17 16
0 8
4 3
16 21
16 23
1 6
11 25
8 15
16 14
8 24
18 32
23 8
20 32
12 47
22 52
11 52
7 44
1 47
15 45
0 45
1 28
22 11
2 9
21 11
15 10
12 32
3 12
5 32
11 20
23 51
17 8
9 0
23 32
7 1
6 8
16 6
22 13
11 16
1 32
12 33
17 15
18 5
2 27
23 10
8 8
23 16
11 18
10 5
24 7
19 21
22 1
24 5
8 16
19 7
0 34
7 28
15 34
23 45
18 52
21 51
11 51
22 46
6 45
20 47
8 27
1 7
18 1
16 18
22 28
3 34
9 8
12 34
11 1
10 52
17 28
7 8
18 34
6 15
12 4
13 3
22 22
17 17
11 34
2 35
7 2
23 17
1 25
21 13
16 1
4 2
1 18
3 17
10 1
12 17
17 18
4 20
18 17
21 9
0 36
13 15
22 36
12 46
11 44
16 46
20 52
7 46
6 51
19 51
12 6
1 4
22 16
6 12
23 24
10 36
3 0
15 36
8 3
13 44
2 26
5 19
18 36
13 12
23 3
22 2
16 9
6 1
2 36
7 37
3 27
2 25
12 7
11 21
17 1
16 2
13 16
3 16
16 11
3 5
13 13
20 20
8 11
20 17
0 38
6 3
15 38
18 48
12 52
22 48
23 52
19 47
7 49
11 49
16 24
22 24
18 2
1 24
7 18
3 38
17 14
12 38
2 14
24 47
6 2
21 21
23 38
17 19
11 15
13 8
16 27
1 12
22 38
2 39
8 22
21 8
7 13
7 3
18 9
13 19
9 17
4 11
9 3
2 4
6 21
8 12
19 6
23 7
20 40
11 9
15 40
22 49
8 50
18 53
1 48
7 47
6 52
13 52
8 25
21 28
18 7
16 12
5 27
13 40
24 29
0 40
22 29
3 53
17 13
11 28
6 40
2 17
22 21
21 17
16 17
17 29
3 40
12 41
7 23
1 16
18 3
8 7
11 29
2 28
6 25
17 20
19 25
16 22
12 18
1 2
22 7
13 4
15 42
8 23
18 42
23 46
1 53
20 51
11 46
0 50
21 45
7 53
11 7
22 0
23 5
21 19
18 22
5 42
8 10
2 42
13 7
10 47
12 3
17 22
11 42
6 16
12 9
16 16
22 12
1 5
17 42
5 43
21 18
18 29
8 20
23 0
2 19
1 21
24 23
18 0
17 4
21 25
14 29
14 17
3 44
9 48
4 50
5 48
10 53
17 45
2 51
24 48
14 47

