317
8 11
18 19
5 30
3 9
22 30
11 44
1 44
13 49
21 47
9 45
16 48
7 53
11 11
8 1
6 21
7 11
22 28
15 30
20 19
12 30
18 9
2 53
4 22
3 23
21 30
6 11
22 9
13 16
23 29
1 5
7 30
15 31
8 2
12 15
3 2
2 14
11 5
24 8
6 24
7 28
13 27
12 27
23 7
8 21
11 22
8 18
5 32
16 19
22 32
15 52
13 44
7 44
1 45
21 53
9 53
12 50
21 19
13 7
22 17
6 15
0 23
18 32
16 26
2 32
7 9
10 53
24 26
14 29
13 32
6 16
7 1
3 20
11 19
16 14
21 32
17 33
2 5
1 18
22 1
13 14
8 5
20 4
14 28
12 20
24 13
16 16
24 29
4 15
11 8
18 29
8 34
1 12
5 34
22 51
3 49
21 46
13 45
23 52
16 51
15 51
3 29
21 6
16 29
13 19
8 24
22 34
2 8
10 34
18 25
17 53
7 16
1 25
17 34
11 9
2 29
1 29
7 21
16 23
3 34
22 35
12 18
6 27
23 10
8 22
18 21
3 11
9 13
6 2
12 22
6 0
4 3
8 14
18 5
21 1
5 36
1 16
8 36
22 48
7 52
16 44
3 46
11 46
13 53
15 46
7 4
6 7
8 8
11 24
17 6
15 36
4 14
22 36
13 23
10 51
2 4
1 28
2 36
1 8
23 23
6 19
16 21
11 29
18 36
12 37
7 17
17 16
8 29
3 14
21 26
15 12
10 19
9 4
6 9
7 2
24 22
17 13
22 3
18 11
15 38
21 15
5 38
12 46
13 50
8 50
3 51
9 51
23 47
1 51
3 0
6 6
1 7
12 16
13 21
8 38
2 28
22 38
16 20
7 48
17 20
21 27
1 38
6 1
18 17
17 17
21 28
8 12
7 38
10 39
22 7
13 18
2 23
3 18
23 26
3 25
12 17
20 28
9 29
9 2
24 10
20 0
13 29
21 2
5 40
1 1
8 40
7 51
16 50
11 49
22 53
23 51
15 49
12 45
6 17
11 17
22 29
12 3
7 10
17 40
10 1
2 40
16 12
1 53
20 20
24 15
12 40
22 23
2 16
16 27
6 29
1 24
23 40
17 41
11 10
7 0
8 9
13 11
3 1
6 10
17 7
7 24
7 25
11 7
11 21
14 5
21 10
8 7
15 42
3 8
12 42
7 47
1 50
5 48
23 50
11 47
6 44
22 45
22 18
21 3
23 21
2 12
13 13
5 42
3 4
17 42
12 7
4 50
10 22
9 22
21 42
2 10
22 16
7 27
13 10
18 22
23 42
0 43
11 18
6 28
3 15
12 23
17 24
3 13
13 0
24 9
22 2
1 11
13 8
13 12
19 44
10 50
14 49
20 46
0 49
2 50
24 50
17 45
4 51

