317
8 8
14 11
16 30
12 7
0 30
3 51
18 45
24 47
13 48
10 45
23 53
19 50
8 18
1 5
3 18
13 14
18 2
22 30
15 18
5 30
21 16
2 51
12 17
11 22
3 30
1 23
12 13
7 17
17 16
23 19
13 30
20 31
2 2
6 10
16 17
18 6
6 29
3 16
23 27
21 11
18 26
24 18
5 3
13 7
1 27
19 6
23 32
6 11
13 32
18 48
12 45
3 50
7 53
16 50
10 49
0 48
22 1
18 28
23 21
16 5
12 2
8 32
21 23
2 32
1 2
17 53
11 21
6 13
16 32
18 17
22 16
2 4
3 12
6 16
12 32
7 33
23 5
1 16
11 19
17 12
21 17
13 15
9 10
12 15
24 15
2 16
5 12
5 18
6 19
16 3
17 34
0 5
13 34
12 52
7 45
1 48
23 51
10 47
3 53
19 51
3 22
12 27
1 20
22 10
18 3
10 34
5 14
7 34
6 8
20 51
21 8
2 29
3 34
6 9
11 28
13 4
17 27
2 1
12 34
22 35
7 5
8 4
22 0
18 15
1 3
24 21
11 1
6 3
3 26
23 20
23 0
15 9
8 23
6 1
13 36
17 22
0 36
18 51
19 52
12 51
24 52
7 44
23 47
10 50
23 13
18 19
7 21
22 14
12 16
20 36
16 24
2 36
6 20
5 49
17 0
11 20
16 36
17 3
3 7
1 26
13 12
23 25
11 36
20 37
2 25
12 24
7 7
18 0
8 15
12 0
23 3
2 22
11 26
20 15
22 6
2 3
24 5
19 13
0 38
23 18
17 38
13 47
3 47
7 52
6 45
10 46
8 50
12 48
3 28
1 1
18 12
12 9
22 26
13 38
2 8
6 38
17 2
11 47
21 25
16 28
23 38
6 28
17 6
18 8
1 14
11 10
3 38
12 39
2 12
7 4
22 28
21 18
8 24
20 11
23 1
11 2
6 15
12 19
21 29
19 26
3 25
19 8
23 40
16 22
0 40
17 52
8 51
13 45
10 44
18 53
6 52
12 44
3 0
21 12
1 8
18 4
23 2
12 40
22 11
5 40
17 15
16 51
2 28
11 25
2 40
6 6
22 25
23 16
21 14
3 2
8 40
12 41
18 20
7 20
1 22
17 1
11 12
6 23
2 14
20 29
20 5
7 10
21 5
5 23
23 24
24 17
0 42
8 12
16 42
10 48
7 46
19 44
12 46
13 51
18 47
6 53
6 0
21 13
23 8
11 4
17 13
12 42
15 8
2 42
7 18
8 49
22 19
9 3
23 42
22 18
2 15
17 24
8 0
16 16
11 42
12 43
7 23
18 1
21 7
6 2
1 12
0 16
11 9
12 8
1 24
3 20
14 14
12 1
2 45
22 44
9 51
5 53
4 46
11 51
21 45
15 50
20 49

