317
7 23
0 2
10 30
17 13
13 30
23 50
8 47
16 45
22 52
9 53
1 50
18 51
1 22
18 1
16 18
22 29
13 22
7 30
12 8
2 30
23 6
17 45
6 0
21 17
6 30
7 4
3 25
13 19
21 2
17 15
1 30
22 31
8 24
12 5
11 27
16 20
13 16
5 2
18 26
22 28
15 16
10 29
18 7
23 22
3 21
2 22
8 32
1 26
17 32
7 46
23 53
16 49
13 53
11 45
10 53
0 50
7 11
21 0
3 29
16 7
17 18
12 32
6 4
22 32
11 2
1 53
4 22
5 1
16 32
3 12
1 25
22 6
17 6
11 20
7 32
12 33
23 14
22 24
8 25
16 1
2 12
13 28
14 7
19 20
19 4
18 21
8 0
6 16
16 27
9 0
17 34
7 26
10 34
3 44
13 52
1 52
22 44
2 52
23 51
8 50
22 7
23 3
8 26
11 19
17 24
3 34
6 8
12 34
16 4
0 45
21 29
7 29
23 34
13 7
6 14
8 13
18 29
22 9
21 34
2 35
11 24
16 2
3 5
17 1
7 18
24 12
22 13
3 18
12 28
20 5
24 7
20 23
2 1
7 12
0 36
16 12
22 36
17 44
18 53
8 52
9 49
13 48
11 50
3 52
23 9
22 2
8 4
12 29
0 23
2 36
14 15
17 36
11 3
21 47
6 22
16 6
21 36
23 5
7 20
3 26
17 20
13 24
16 36
10 37
2 23
18 8
1 12
22 20
8 1
23 12
14 8
10 2
1 10
14 4
13 12
16 28
14 11
10 4
0 38
2 24
17 38
23 45
16 47
7 49
8 45
3 53
13 44
11 48
11 22
1 15
13 18
3 0
17 17
20 38
12 0
7 38
23 13
2 48
19 12
6 3
13 38
3 19
1 28
11 16
8 9
18 13
6 38
20 39
7 9
23 18
16 16
17 26
2 5
15 22
16 24
6 12
15 29
20 12
15 14
4 26
3 24
9 2
10 40
17 23
0 40
7 53
23 44
13 45
2 53
18 45
8 46
16 50
3 2
11 9
1 3
12 4
7 8
18 40
4 24
22 40
13 1
21 49
6 5
17 14
2 40
16 5
23 7
22 10
21 8
8 15
3 40
12 41
7 24
18 25
17 21
11 21
6 7
17 25
14 27
20 18
0 20
18 22
14 26
18 9
2 21
13 10
8 42
11 23
22 42
1 51
18 48
14 52
17 47
3 47
7 51
10 45
11 0
7 7
8 3
17 5
22 15
15 42
20 1
0 42
13 2
21 52
6 25
12 7
11 42
16 21
1 13
7 1
22 3
8 6
3 42
15 43
23 26
6 28
18 15
21 27
12 11
17 22
8 16
1 18
22 23
16 29
0 11
7 5
21 51
24 49
20 46
15 44
19 49
12 50
4 47
6 50
5 52

