317
1 26
13 21
20 30
17 14
5 30
8 52
16 47
3 52
19 44
10 46
11 49
23 46
21 20
16 10
11 7
1 25
3 18
7 30
18 9
22 30
6 26
12 53
17 3
2 18
3 30
1 7
18 4
23 28
6 8
12 20
16 30
7 31
2 22
22 10
17 7
11 19
22 4
9 27
3 22
19 17
16 22
7 18
24 8
4 16
17 2
6 27
20 32
16 13
10 32
1 48
7 49
13 48
3 44
23 53
5 46
8 51
21 26
1 6
23 5
3 19
7 28
12 32
22 8
17 32
11 28
2 45
9 16
16 5
8 32
16 4
7 3
23 24
22 18
17 22
3 32
12 33
11 14
18 2
1 16
21 7
6 1
1 14
22 22
22 23
24 28
20 16
11 22
20 10
8 4
16 18
20 34
1 20
10 34
7 52
17 44
6 52
13 46
5 48
3 49
19 47
11 16
17 9
3 27
21 19
7 25
22 34
2 24
12 34
16 6
15 52
18 8
1 9
7 34
13 28
11 9
6 2
1 19
12 4
18 34
22 35
17 28
3 17
23 10
2 20
8 9
4 17
8 3
2 29
13 22
13 16
4 19
18 10
16 0
23 21
10 36
17 12
5 36
21 52
13 53
22 52
1 52
3 45
7 47
19 45
6 0
13 8
1 29
7 19
2 16
8 36
14 1
20 36
16 15
12 44
17 18
18 27
2 36
3 3
23 8
12 3
18 15
6 5
16 36
7 37
13 23
16 17
11 10
1 17
21 10
10 9
7 2
6 7
16 14
1 11
5 10
10 6
20 14
19 8
22 38
13 25
16 38
1 51
3 53
11 45
8 45
10 49
21 50
6 44
8 8
11 4
16 25
17 27
22 20
20 38
13 6
0 38
7 8
12 50
9 18
18 7
11 38
21 12
16 24
2 8
18 16
8 2
3 38
5 39
1 27
23 15
12 24
13 9
22 19
13 20
10 25
4 24
22 9
24 19
17 20
23 26
19 25
23 18
5 40
22 5
10 40
21 45
8 50
17 47
20 45
13 52
3 47
16 48
6 17
11 24
16 3
21 2
12 18
2 40
24 0
7 40
1 3
15 53
18 22
22 17
13 40
8 26
16 8
3 29
7 10
17 23
21 40
0 41
11 8
6 19
18 21
12 17
23 19
2 1
2 21
9 10
12 7
3 10
15 3
16 21
23 17
5 4
20 42
6 13
10 42
19 49
13 45
22 44
1 46
17 50
7 51
8 46
13 13
21 21
11 21
17 17
7 27
22 42
12 0
2 42
16 27
18 48
9 2
6 3
13 42
13 1
6 21
3 9
22 24
1 21
18 42
15 43
23 25
2 7
11 13
21 8
8 12
11 29
23 13
1 24
21 4
11 27
18 12
0 23
15 51
2 51
4 52
14 53
9 50
18 51
24 53
12 48
0 51

