r\t   0   1   2   3   4   5   6   7   8   9  10  11  12  13  14  15  16  17  18  19  20  21  22  23  24 
  0  -1  -1  -1 258 172  -1 247  -1  -1 198  -1  15  -1  -1  -1  -1  43  -1  -1  -1  -1  -1  -1  -1  -1 
  1  42  -1 132  91  -1  -1 261  -1 121  -1  -1 223  -1 211  -1  -1 145 114  -1  -1  -1 179  28  -1  -1 
  2  -1  -1  82  -1  -1  -1  -1  72  -1  -1  -1 252  -1  -1  -1  45 248  -1  -1  -1 104 104  -1  -1  67 
  3  -1 130  -1  -1  -1  -1 233 176  -1  -1  -1  -1 147  -1  -1  -1  -1 160  -1  -1  -1  -1  18  89  -1 
  4  -1  -1  -1  -1  -1  -1 123 235  -1  -1  -1  73  -1  -1  -1 177 128 293  -1 199  -1  -1  -1  -1  -1 
  5  40  -1  -1  -1  -1  -1 189  -1  -1  -1  -1  -1 220  -1  -1  -1  -1  80  -1  -1  -1  -1  -1  -1  -1 
  6  -1  -1  -1 290  -1  -1  -1  -1  -1  -1  -1  -1  -1  -1  -1 150  -1 245  -1  -1  -1 167  -1  -1  -1 
  7  -1  -1  -1 120 217  -1  -1  -1 157  -1 304 122 302 103  -1  -1 100  -1 253  -1  -1  79  -1  34  -1 
  8 129 246  -1  -1  -1  -1  -1  -1  -1  -1  -1  -1  -1  86  -1  -1 218 170 202  -1  -1  14 243  -1  -1 
  9  -1  -1  -1  -1  -1  -1  -1  -1  -1  -1  -1 296   1  -1  -1  -1 303  -1  -1  -1  -1  35  -1  -1  -1 
 10 216  -1  -1  -1  -1  -1  41  -1   0  -1 238  -1 264  -1  -1  -1 298  87  -1  -1  -1  -1  -1 146  -1 
 11 262  -1  -1  -1  -1  -1  -1 192 192  -1  -1  64  -1  -1  -1  -1  -1  -1  -1  -1  37  -1  -1  -1  -1 
 12 259 257  -1 254  -1  -1  -1 166  -1  -1  -1 135  -1  -1  -1  -1  70  -1  -1  -1  -1 221  -1  13  -1 
 13  -1  -1 173  -1  -1  -1  -1  -1  -1  -1  -1  -1  -1  -1  -1  -1 203  -1  -1  -1  -1  -1  -1  -1  -1 
 14  -1 287  36  -1  -1 106  -1 219 278 263  -1 282  -1 194  -1  -1  -1  -1 289  -1 133  -1 256  -1  -1 
 15  -1  -1  -1  12  -1  -1  -1  56  29  -1  -1 267  -1  -1  -1  -1  -1  -1  -1  -1  84  -1  -1  -1  38 
 16  -1  -1  -1  57  -1  -1  -1  -1  -1 305  -1 242  -1  -1  -1  -1 232  -1  -1  -1  -1 300 110  -1  -1 
 17  -1  -1  27  -1  -1  -1  77 279  -1  -1 126  -1 280 280  -1 286  -1  -1 175  -1  -1 117  69  -1  -1 
 18  -1  -1  -1  -1  -1  -1  -1 201 240  -1  -1  25  -1  -1  -1 260  -1  -1  -1  -1  -1  -1  60  60  -1 
 19  -1  -1  -1  -1  -1  -1 292 297  -1  -1  -1 306 191  -1  -1  -1  -1 108  -1  -1  -1 205 168  -1  -1 
 20  -1  -1  -1  -1  -1  -1  -1  -1  -1  66  -1  -1  -1  -1  -1  -1  62  -1  32 155  -1  -1  -1  -1  -1 
 21  -1 164  -1  78  -1  -1 212  -1  88  -1  -1  -1  -1  23 125  -1  -1  -1  -1  -1 265  -1  -1  -1  -1 
 22  -1  85 208  -1  -1  -1  -1  -1 291  -1  -1 161  -1 152  -1  -1 196  -1  -1  -1  -1  -1  -1 124  -1 
 23  -1  -1 236 236  -1  -1  -1  -1 209 215  22 188  -1  -1  -1  -1  -1  -1  76  -1  -1  -1  -1  -1  -1 
 24  -1  33  59 111  -1  -1  -1  -1  -1  -1  -1  -1 234  -1  -1  -1  20 276 165  -1  39 144  -1  -1  -1 
 25  -1 204  -1 158  -1  -1 301 116  -1  -1  -1  -1 299 210  -1  -1  -1  -1 171  -1  -1  81  -1  -1  -1 
 26  -1  -1 159  44  -1 214 277  -1  -1  -1 127 102  -1 213  -1  -1  47  26 190  -1  -1  -1 174  -1  -1 
 27  -1  -1  -1  -1  -1  -1  -1  -1  -1  83 169  -1  -1  -1  -1  -1  -1  -1  -1  -1  -1 284 154  -1  -1 
 28  -1 113 249  -1  -1  -1  -1  -1  58  -1  -1  -1  -1   3  -1  -1 115  16  16  -1  -1  -1  -1  -1  -1 
 29 307  -1  -1  -1  -1 131  71 148 148  -1  -1  -1  -1 255  -1  -1  -1  -1 101  -1  -1  -1  -1  -1  -1 
 30  19  19  19  -1  -1  -1  -1  17  17  -1  -1  -1  -1  30  -1  -1  24   4   4  -1   2   2  -1  -1  -1 
 31  -1  -1  -1  -1  -1  31  31  31  -1  -1  -1  -1  -1  -1  -1  -1  -1  -1  -1  -1  -1  -1  -1  -1  -1 
 32  -1  74  -1  -1  -1  48  48  -1  68  -1  -1  -1  61  61  -1  -1  -1  63  63  63  46  46  -1  -1  -1 
 33  -1  -1  -1  -1  -1  -1  -1  -1  -1  -1  -1  -1  75  75  75  -1  -1  -1  -1  -1  -1  -1  -1  -1  -1 
 34 105 105  -1  -1  -1  -1  -1 107 107 107  -1  -1  -1  -1  -1  90  90  -1 118  -1  92  92 112  -1  -1 
 35  -1  -1  -1  -1  -1  -1  -1  -1  -1  -1  -1  -1 119 119 119  -1  -1  -1  -1  -1  -1  -1  -1  -1  -1 
 36 151 151 151  -1  -1 149 149 136 136  -1  -1  -1  -1  -1  -1  -1 162 134 134  -1  -1  -1  -1 156  -1 
 37  -1  -1  -1  -1  -1  -1  -1  -1  -1  -1  -1  -1 163 163 163  -1  -1  -1  -1  -1  -1  -1  -1  -1  -1 
 38 195 195 195 206  -1 178 178  -1  -1  -1  -1 200  -1  -1  -1  -1  -1 180 180  -1  -1  -1 193 193  -1 
 39  -1  -1  -1  -1  -1  -1  -1  -1  -1  -1  -1  -1  -1  -1  -1  -1  -1  -1  -1  -1  -1  -1 207 207 207 
 40 237 237  -1  -1  -1 222 222  -1  -1  -1  -1  -1 244  -1  -1 224 224 239 239 239  -1  -1  -1 250  -1 
 41  -1  -1  -1  -1  -1  -1  -1 251 251 251  -1  -1  -1  -1  -1  -1  -1  -1  -1  -1  -1  -1  -1  -1  -1 
 42  -1 294 283 283 283 268 268  -1  -1  -1  -1  -1  -1 288  -1  -1  -1 266 266  -1  -1  -1 281 281  -1 
 43  -1  -1  -1  -1  -1  -1  -1  -1  -1  -1  -1  -1  -1  -1  -1  -1  -1  -1  -1  -1  -1  -1 295 295 295 
 44  -1  -1  95  -1  -1  -1  -1  -1 186  -1 309 153  -1  -1  -1  -1  -1  -1  -1  -1  -1  -1  -1  11  -1 
 45  -1  -1 225  -1  -1  -1  -1 274 271 310  -1  98 139  -1  -1  -1 137  -1  99  -1  -1  -1  -1  -1  -1 
 46  -1  -1  -1 141  -1  -1 142   5  55  -1  -1  -1  -1  -1  -1  -1 185  -1  -1  -1  -1  -1  -1 228  -1 
 47  -1  -1 184 231  -1  -1  -1  -1  -1  -1  -1 182  51  -1  -1  -1  -1  -1  -1  -1 183 140  -1 143 314 
 48  -1  -1  -1  -1  -1  -1  97  -1  -1  21  -1  -1  96  -1 308  -1  10  -1  -1  -1 229  -1 315  -1  -1 
 49  -1  -1   6  -1 316  -1  -1 227  -1  -1  -1  -1  -1  -1  -1  -1 272  -1  -1  -1  -1 197  -1  -1  -1 
 50 312  -1  -1   8  -1  -1  -1  54  -1  -1  -1   7 181  -1  -1  -1  -1  -1  -1  -1  -1  -1  -1  -1  -1 
 51  -1  -1 273 187  -1  -1  -1  93  -1  -1  -1  50  -1  -1  -1  -1  -1  -1  52 311  -1 270  -1  -1  -1 
 52  -1 313  49 269  -1  -1  -1  -1  -1  -1 109  -1  -1 226  -1  -1  -1  94  -1  -1  -1  -1  -1  -1 241 
 53  -1  65  -1  -1  -1 138  -1  -1  -1  -1  -1  -1  -1 275  -1   9  -1 230  -1 285  -1  -1  -1  53  -1 

r\t   0   1   2   3   4   5   6   7   8   9  10  11  12  13  14  15  16  17  18  19  20  21  22  23  24 
  0  -1 246  -1  -1  -1  -1  -1  -1  -1  -1 242 127  -1  -1  -1  -1  -1  -1  -1  -1  -1  -1 102 221  -1 
  1  -1  -1  -1  -1  -1  -1  -1 299  -1  -1  -1 213  -1  -1  -1  -1  36  -1  70  81  -1  -1  -1  -1  -1 
  2  -1  -1  -1  -1  -1  -1  -1  -1  -1  -1  -1  -1  -1 209  -1  -1  -1  -1  -1  -1  -1 235 201  -1  -1 
  3  -1 199  -1  -1  -1  -1  -1  -1  -1  -1  -1 129  -1 158  -1  -1  -1  -1  -1  -1 150 205  -1  -1  -1 
  4  -1  -1 263  -1  -1  -1 152  -1  -1  -1  -1 101  -1  -1  -1  -1  -1 124 256 214  -1  -1  -1 125  -1 
  5  -1 132  16  16  -1  -1  -1  -1 245  -1  -1  -1 262  -1  -1  -1  -1  -1  -1  -1  -1  -1  -1 240  -1 
  6  -1  -1  -1 255  -1  -1  -1  -1  -1 173  -1  -1 254  -1  -1  -1  -1  -1 169  -1  -1  -1  35  -1  -1 
  7  -1  -1  -1  -1  -1  -1 198 276 203  -1  -1  26  -1  77  -1  -1  -1  -1 233  -1  -1  -1  -1 290  -1 
  8  -1  -1 252 236 236  -1  67  -1  -1  -1  -1 248  -1  -1   1  85 204  -1 208  89  -1  13  -1  86  -1 
  9  -1  -1 120  -1  -1  -1  -1  -1  -1  -1  -1  -1  -1  -1  -1  87  -1  27  -1  -1  -1  -1  60  60  -1 
 10  -1  -1  -1  -1  -1  -1  -1 302  -1  -1  -1  -1  -1  -1  -1  -1 189  -1  -1  -1  -1  72  -1 103  -1 
 11  -1  78  -1 292  -1  -1  -1 211 282  -1  -1  -1 286  -1  -1  -1  -1  80  56  -1  -1  -1 300 121  -1 
 12  66  20  -1  -1  -1  -1 171  -1  -1  -1  -1  -1  -1  -1  -1  -1 147 148 148  -1  -1  -1 167  79  -1 
 13  38  -1  64  -1  -1  -1 106  -1  -1  -1  -1 260  -1  62  -1  -1  12 306 114  -1  -1  -1 278 130  -1 
 14  -1  -1 135  -1  -1  -1  -1  -1  -1  -1  -1  -1  76  -1  -1  -1  -1 104 104  -1  -1  -1  -1 265  -1 
 15  -1  -1  -1  -1  -1 217  -1  -1  -1  -1 303  -1 164 293  -1  -1  -1  -1 216  -1 172  -1  14  15  -1 
 16  -1 202  -1 128  -1  -1  -1  -1  -1  -1  22  -1 191  -1  -1  -1 108 210  -1  -1  -1  -1  -1  88  -1 
 17  -1  -1  -1 301 133  -1  -1 192 192  -1  -1  23  18 249  -1  -1 175  -1  -1  -1  -1  -1  -1  -1  -1 
 18 194 179 297  32  -1  -1  73  -1  -1  -1  -1  -1  -1  -1  -1  -1  -1  -1  -1 176  -1  -1  -1 157 170 
 19  -1  -1 190  -1  -1  -1  -1  -1 126  -1  84  -1 298  -1  -1  -1  -1  37  -1  -1  -1  -1  -1  -1  -1 
 20  -1  -1  -1 259  -1  -1  -1 117  -1  -1  -1  -1  -1 289  -1  -1  -1  -1  -1  -1  -1 264  -1  -1  -1 
 21  -1 232  -1 177  -1  -1 296 257  43  -1  -1  -1  -1  -1  -1  -1  -1 168  -1  -1  -1  59 238  -1  -1 
 22 258  -1  -1 145  -1  -1  -1  -1 161  -1  -1 196  -1  47  -1  -1 287  57  -1  -1  -1  -1  -1  -1  -1 
 23  -1  -1  -1  -1  -1  -1  -1 111  -1  -1  -1   3 243  -1  -1  -1  33  -1  -1  -1  -1  34 123  29  -1 
 24  -1 220  -1  45  -1  -1  -1  -1  -1 155  -1 159 122 234  -1  -1 166  -1  -1  -1  -1 116 247  -1  -1 
 25  -1  25  -1 304  -1  -1  28 219  39  -1  -1  -1  -1  -1  -1  -1  58  -1 284  -1  -1 144  -1   0  -1 
 26  -1 113 160 100  -1  83  41  -1  -1  82  -1  71  -1 277  -1  -1  69  44  -1  -1  -1  -1  -1 174  -1 
 27  -1 146  -1  -1  -1  -1  -1  -1  -1  -1  -1  -1  -1 188  -1  -1 115 279  -1 261  -1  -1 223  -1  -1 
 28 131 291  -1 165  -1  -1  -1  -1 110 305 280 280  -1 307  -1  -1  -1  -1 215  -1  -1  91  -1  -1  -1 
 29  -1  -1 212  -1  -1  -1  -1 253 154  -1  42  -1 218  -1  -1  -1 267  -1  -1  40  -1  -1  -1  -1  -1 
 30  -1  -1  24   4   4  -1  -1  -1  17  17  -1  -1  -1  30  -1   2   2  19  19  19  -1  -1  -1  -1  -1 
 31  -1  -1  -1  -1  -1  -1  -1  31  31  31  -1  -1  -1  -1  -1  -1  -1  -1  -1  -1  -1  -1  -1  -1  -1 
 32  -1  -1  74  -1  -1  -1  -1  -1  61  61  63  63  63  -1  -1  46  46  -1  -1  -1  -1  48  48  68  -1 
 33  -1  -1  -1  -1  -1  -1  -1  75  75  75  -1  -1  -1  -1  -1  -1  -1  -1  -1  -1  -1  -1  -1  -1  -1 
 34 107 107 107  -1  -1  -1 112  -1 118  -1  -1  -1 105 105  -1  92  92  90  90  -1  -1  -1  -1  -1  -1 
 35  -1  -1  -1  -1  -1  -1  -1  -1  -1  -1  -1  -1 119 119 119  -1  -1  -1  -1  -1  -1  -1  -1  -1  -1 
 36  -1  -1  -1 162  -1  -1  -1  -1  -1  -1  -1  -1 151 151 151 134 134 136 136  -1  -1 156 149 149  -1 
 37  -1  -1  -1  -1  -1 163 163 163  -1  -1  -1  -1  -1  -1  -1  -1  -1  -1  -1  -1  -1  -1  -1  -1  -1 
 38  -1  -1  -1  -1  -1  -1 200  -1  -1  -1  -1  -1  -1 180 180 178 178  -1 193 193 195 195 195 206  -1 
 39  -1  -1  -1  -1  -1  -1  -1  -1  -1  -1 207 207 207  -1  -1  -1  -1  -1  -1  -1  -1  -1  -1  -1  -1 
 40  -1  -1  -1 222 222  -1 250 239 239 239  -1  -1  -1 224 224 237 237  -1  -1  -1  -1 244  -1  -1  -1 
 41  -1  -1  -1  -1  -1  -1  -1  -1  -1  -1  -1  -1  -1  -1  -1 251 251 251  -1  -1  -1  -1  -1  -1  -1 
 42 283 283 283 268 268  -1  -1  -1 288  -1  -1  -1  -1 266 266  -1 294  -1  -1  -1 281 281  -1  -1  -1 
 43  -1  -1  -1  -1  -1  -1  -1  -1  -1  -1  -1  -1  -1  -1  -1  -1  -1 295 295 295  -1  -1  -1  -1  -1 
 44  -1  -1  -1  -1  -1  -1  21  -1  -1  -1  -1 142  -1  10  -1  -1  -1  -1  -1 229  -1  -1  -1  -1 309 
 45  -1  -1   9  -1  -1 228  -1  -1  -1 316  -1  -1  -1  -1  -1  -1  -1 275  -1  -1  -1   7  -1  -1  -1 
 46  -1  65  -1  -1 185  -1 241  -1 314  -1 311  -1  -1  -1  -1  -1  -1  -1   6  -1  -1 225  11 139  -1 
 47 312  -1  -1  -1  -1   8  -1  -1  -1  -1  -1  -1  -1 141  -1  -1  -1  -1 230  -1  -1  -1  -1  -1  -1 
 48  -1  -1  -1  94  -1  53  -1  -1  -1  -1  -1 272  -1  96  -1  -1  -1  -1  -1  -1  -1 137 274  -1  -1 
 49  -1  -1 153  -1  -1  93  -1  -1  -1  -1  -1  -1  -1  -1  51  -1  -1  -1 186  55  -1  -1  -1 182  -1 
 50  -1  -1 231  -1  49  -1  -1 310  -1  -1  -1  99  -1  -1  -1 271 226  -1  -1  -1  -1 109  -1  -1  -1 
 51  -1   5 187  -1  -1  -1 285  -1  -1  -1  -1 227  -1  -1  -1  -1  -1  -1  54 143  -1  -1  98  -1  -1 
 52  -1  95 270  -1  97 273 313  -1  -1  -1  -1  -1 308  -1  -1  -1  -1  -1 269  -1 315  -1 138  50  -1 
 53  -1  -1  52 140  -1 184  -1  -1  -1  -1  -1 183  -1  -1  -1  -1  -1 197  -1  -1  -1  -1 181  -1  -1 

r\t   0   1   2   3   4   5   6   7   8   9  10  11  12  13  14  15  16  17  18  19  20  21  22  23  24 
  0  -1 150 284  -1  -1  -1 278  -1  -1  -1  -1 159  -1 267  -1  -1  -1 297  -1  -1  -1  -1  -1  -1  -1 
  1  -1  -1  -1  -1  -1  -1 240 120  -1  -1  -1 101  36  -1  -1  -1 209  -1 169  -1  -1  -1 249  -1  -1 
  2  -1  -1   3  15  -1  -1  -1 296 232  -1  -1  -1  -1  -1 198  -1  80  -1  -1  -1 175  -1  -1 129  -1 
  3  -1  77  -1  -1  -1  -1 113  -1  -1  -1  -1  85  -1  -1  -1  -1  -1  86 213  -1  -1  -1 204  -1  -1 
  4  -1  -1  -1  -1  -1  -1 189  -1  40  -1  -1  -1 158  -1 286  -1  -1  -1  -1  89  -1  -1  38  -1  -1 
  5  -1  -1  76  -1  -1  -1 302  -1  58  -1  -1  -1  -1 255 172  -1 157  -1  -1  -1 305 223  -1 208  -1 
  6  -1 111 248  -1  -1  -1  13  -1 179  -1  -1  -1  -1  -1  -1  -1  66  -1  69  -1  -1  -1  -1  83  -1 
  7  -1  -1  -1 177  -1  -1  56 203  14  -1  -1  -1  -1 108  -1  -1  -1  -1  -1  -1  -1 256  -1 174  -1 
  8  -1  22  -1 246  -1  -1 127 199  -1  -1  -1 276  -1  -1  -1  -1  -1  60  60  -1  -1 243  -1  -1  -1 
  9 125  -1  -1  -1  -1  -1  -1  -1  -1  -1  -1  -1 205  33 257  -1  -1  -1  -1  -1  -1  -1  -1 221  -1 
 10  -1  -1  -1  -1  -1 171  -1 260 144  -1  -1 132  -1  -1  -1  -1  -1 219  -1  -1  -1  -1 116  -1  -1 
 11  -1 201  -1  -1  -1  -1  -1  79  -1  39  -1  -1 216  -1 130  -1 287 170 291  -1  -1  -1  -1  59  -1 
 12  -1  -1 117 145  -1  -1  -1  62  -1  42  -1 211  -1  -1  -1  -1 194  -1 196  -1  -1 133  -1 166  -1 
 13  -1 128  -1  -1  -1  -1  -1 147  -1  -1  -1  -1  -1 164  -1  -1  -1  -1  -1  -1 242  20  57  -1  -1 
 14  -1  -1 165  87  -1  -1  -1 238 254  -1  -1 126  -1  -1  -1  -1  35  70  -1  -1  -1  47  -1  -1  -1 
 15  -1  -1  -1 289  -1  -1  -1  -1  -1  -1  67  -1  -1  -1  -1  -1  -1 102 152 173  -1  -1 104 104  -1 
 16  -1  -1  -1 261  -1  -1 299  -1 264  -1  -1 190  27  -1  -1  -1  -1  -1 167  -1  -1   0 176 300  -1 
 17  -1  -1  81  71  -1  -1  -1  -1  -1  -1  -1  -1  -1 210  -1  -1 253  -1  -1  -1  -1  -1  -1  -1  -1 
 18  -1  -1 202  -1  -1  -1  -1 215  -1  -1  -1 235  -1  -1  -1  -1 293  -1  16  16  -1  28 279  -1  -1 
 19  -1  -1  -1  -1  -1  -1  72  -1  -1  -1  -1 252  -1  -1  -1  -1  -1  -1  29  -1  -1  -1 154  -1  -1 
 20  -1 247  -1  -1  -1  -1  -1  -1  -1  -1 214  -1  -1  -1  -1 236 236  41  -1  -1  -1  -1  -1  -1  -1 
 21  -1  -1 135  -1  -1  -1  -1  -1 100  -1  -1  -1  -1  -1  -1  -1  -1 146  -1  -1  -1 121  -1 304  -1 
 22  -1 160  -1  -1 106  -1 245 282  -1  -1  -1   1 122 234  -1  -1  -1  -1 114  -1 217 212  -1  -1  -1 
 23  -1 298  -1 303  -1  -1  -1  -1 161  -1  -1  -1 192 192  -1  -1  -1  -1  91  -1  -1 168  -1 148 148 
 24  -1  -1  -1  25  -1  -1  -1  -1  -1 263  -1  -1 103  -1  -1  -1  -1  -1  -1  -1  -1  -1  84  -1  -1 
 25 280 280  23 124  -1  -1  -1  -1  -1  -1  -1  -1 131  -1  -1  -1 307  12  -1  45  -1  -1  -1 188  -1 
 26  -1  -1  32  -1  -1  -1  26 306  34  -1  -1  -1 233 290  -1  -1  -1 191  44  -1  -1  -1  -1  -1  -1 
 27  -1  64  37  -1  -1  -1  -1  -1 277  -1 258  73  -1 218  -1  -1  18 115 110  -1  -1  -1  -1  -1  -1 
 28  -1  -1 155  88  -1  -1  -1  82  -1 262  -1 220  -1  -1  -1  -1  -1  -1  -1  43  -1 301  -1 123  -1 
 29  -1  -1  -1  -1  -1  -1 259  -1 292  -1  -1  -1 265  -1  -1  -1  -1  -1  -1  -1  -1  -1  -1  78  -1 
 30  -1  24  -1  -1  -1  -1  -1  30   4   4  -1  -1  19  19  19  -1  -1  -1   2   2  -1  -1  17  17  -1 
 31  -1  -1  -1  -1  -1  -1  -1  -1  -1  -1  -1  -1  -1  -1  -1  -1  -1  -1  -1  -1  -1  -1  31  31  31 
 32  -1  -1  63  63  63  48  48  68  -1  -1  -1  -1  61  61  -1  -1  -1  -1  -1  -1  -1  74  -1  46  46 
 33  -1  -1  -1  -1  -1  -1  -1  -1  -1  -1  -1  -1  75  75  75  -1  -1  -1  -1  -1  -1  -1  -1  -1  -1 
 34  -1 112 105 105  -1 107 107 107  90  90  -1  -1  -1  -1  -1  -1 118  -1  -1  -1  -1  -1  -1  92  92 
 35  -1  -1  -1  -1  -1  -1  -1  -1  -1  -1  -1  -1 119 119 119  -1  -1  -1  -1  -1  -1  -1  -1  -1  -1 
 36  -1  -1 162  -1  -1 149 149  -1  -1  -1  -1  -1 151 151 151  -1  -1 156 136 136  -1  -1  -1 134 134 
 37  -1  -1  -1  -1  -1 163 163 163  -1  -1  -1  -1  -1  -1  -1  -1  -1  -1  -1  -1  -1  -1  -1  -1  -1 
 38 195 195 195  -1  -1  -1 206  -1 200  -1  -1  -1 180 180  -1  -1  -1  -1  -1  -1 193 193  -1 178 178 
 39  -1  -1  -1  -1  -1  -1  -1  -1  -1  -1  -1  -1  -1  -1  -1  -1  -1 207 207 207  -1  -1  -1  -1  -1 
 40  -1  -1 239 239 239 222 222 250 224 224  -1  -1 244  -1  -1  -1  -1 237 237  -1  -1  -1  -1  -1  -1 
 41  -1  -1  -1  -1  -1  -1  -1  -1  -1  -1  -1  -1  -1  -1  -1  -1  -1 251 251 251  -1  -1  -1  -1  -1 
 42  -1  -1  -1  -1  -1 266 266  -1  -1  -1  -1 294  -1  -1  -1  -1  -1 283 283 283 281 281 288 268 268 
 43  -1  -1 295 295 295  -1  -1  -1  -1  -1  -1  -1  -1  -1  -1  -1  -1  -1  -1  -1  -1  -1  -1  -1  -1 
 44  -1  -1  -1  -1  -1  -1  -1  -1 197  -1  -1  -1  -1  -1  -1  -1  -1  11  -1  -1  -1  -1  -1  -1  -1 
 45  -1  -1  -1  -1  -1  -1   5  -1  -1 138  -1  -1  97 285 309  -1  -1  95 226  -1  -1  -1  94  -1  -1 
 46  -1  -1  -1   6 311  -1  -1  -1  -1  54  -1  -1  -1  53  -1  -1  -1 270  -1  -1  -1  -1  -1  -1  -1 
 47  -1 308  -1 230  -1 185  -1  21  -1  -1  -1  96 229  -1  -1  -1 153  -1  -1  -1 314 184  -1  -1  -1 
 48  -1  -1  51  -1  -1   9 139  -1  -1  -1  -1 275  -1  -1  -1  -1 109 143  -1  -1  -1  -1  -1  -1 225 
 49  -1  -1  -1 142  -1  -1  -1  -1  -1  -1 310  -1  -1  -1  -1  -1  -1 182  -1  -1  -1  93 271  -1  -1 
 50  -1  -1  -1  -1  -1  -1  -1  -1  50 186  -1 181  -1 141  -1  -1  -1  55  -1  -1  -1 269  49  -1  -1 
 51  -1 241  98  -1  -1  -1  -1  -1  -1  -1  -1  52  -1  99  -1  -1  -1  -1 187  -1  -1  -1 228  -1  -1 
 52  -1  -1  -1  -1  -1  -1  -1  -1  -1  -1  -1  -1   7 227  -1 312  -1 231  -1  -1  -1  65  -1  -1  -1 
 53 316  -1 272  -1  -1  -1 183 315 137 274  -1  -1 140   8  -1  -1 313  -1 273  -1  -1  -1  10  -1  -1 

r\t   0   1   2   3   4   5   6   7   8   9  10  11  12  13  14  15  16  17  18  19  20  21  22  23  24 
  0  -1  -1  -1 263 127  -1  -1  -1  33  -1  -1 159  47  -1  -1  -1  -1 160  83  -1  -1 168  -1  -1  -1 
  1  -1   0  -1  -1  -1  -1  -1 203  -1  -1  -1  -1  -1  23  -1  -1  59  -1 304 126  -1  -1  -1 267  -1 
  2  -1  -1  -1  -1  -1  -1 116  -1  -1  -1  -1  -1  -1 124  -1  -1  -1 260 144  -1  -1  -1  -1  26  -1 
  3  -1 113  -1  -1  -1  -1 108  -1  -1  -1  -1  -1 253 297  -1  -1  -1 191  -1  -1  -1  -1  -1 247  -1 
  4  -1  -1  -1  -1  -1  -1 202 128  -1  -1  -1  -1  -1 301  22  -1  -1 248  -1  -1  -1 221  -1  -1  -1 
  5  -1  32  -1  85  -1  -1  -1  36  56  -1  -1  -1  -1 166  -1  -1  -1 242  -1  -1  -1  13 235  -1  -1 
  6  -1  -1  -1  77  -1  -1 161  44 171  -1  -1  39  -1  -1  -1 218  -1  -1  -1 174  -1  -1  -1 234  -1 
  7  -1 223  25  -1  -1  -1  -1 192 192  -1  -1  -1 208  45  -1  -1  -1  -1 169  -1  -1  -1  -1  -1  -1 
  8  -1 167  -1  -1  -1  -1  -1  -1 290  -1  -1  58 130   3  -1  -1  86  -1 259  -1  -1  -1 158  -1  -1 
  9  -1 256 214  -1  -1  -1  -1 305 101  -1  -1  -1  38  28  -1  -1  -1 282 132  -1  -1 303  -1  -1  -1 
 10  -1  -1  72 262  -1 198  -1  -1 121  -1  -1  -1  -1 232  -1  -1  -1  18 299  -1  -1 212  -1  -1  -1 
 11  -1  -1  -1  -1  -1  -1  -1 302 147  -1  -1 279  -1  -1 110  -1  -1  -1  -1  -1  -1 284 201  -1  -1 
 12  -1  41  -1 300  -1  40  79  -1 255  -1  -1  -1 164  -1  -1  -1  -1  -1   1  -1  42  -1 100 298  37 
 13  -1  -1  -1  -1  -1  -1  -1  -1  -1  -1  -1  -1  15  -1  -1  -1  -1  -1  -1  -1  -1  -1 120  -1  87 
 14  -1  -1  -1  -1  -1  -1 261  -1  -1  -1  -1 291 292 217  -1  -1 135  -1  -1  -1  -1  -1  -1  -1  -1 
 15 257  -1  -1 150  -1  -1 177  -1  -1  -1  -1  80  -1  -1  -1  -1 296  -1 165  -1  -1  -1  -1  -1  -1 
 16  -1  -1  -1  -1  -1  -1  -1 123  -1  -1  -1 245  -1  -1  -1  -1  -1  -1  -1  -1  -1  64  -1  89  -1 
 17 213 103  -1  -1  43  67 233  -1  -1  -1  -1 219  -1  -1  -1  -1 254  -1  -1  -1  -1  -1  -1  -1 106 
 18  -1  88 211 194  -1  -1  -1 252  -1  -1  -1  -1 115 220  -1  -1 154  60  60  -1  -1  -1  -1  -1  -1 
 19  -1 210 157  71  -1  -1  -1 152  -1  -1  -1  -1  -1  -1  -1  -1  -1  -1  -1  -1  -1 240  -1  -1  -1 
 20  -1 189  -1  -1  -1  -1  -1  -1  -1  -1  -1 204  -1  -1  -1  -1  -1  78 278  -1  -1 133  -1  -1  -1 
 21  -1  -1  -1  -1  -1 287  62 238  73  -1  66 176 179  -1  -1 236 236  -1  -1  -1  -1 289  -1  -1  -1 
 22 265 216 188  -1  -1  -1  -1  -1  84  -1  -1  -1 104 104  -1  -1 175  -1  -1  -1  -1 246  -1  -1  -1 
 23  -1  -1 114  -1  -1  -1  -1  69  -1  -1  -1  -1 148 148  -1  -1  14  -1  -1  -1  -1  -1  -1  -1  -1 
 24  -1  57 145  -1  -1  -1  -1  -1  -1  -1 215  -1  -1 125  -1  -1  -1  -1 249  -1  -1  -1  -1 209  -1 
 25  -1  -1  -1  -1  -1 306  -1 280 280  82  -1 172  -1  70  -1  -1  29  -1 205  -1  -1  91  -1  -1  -1 
 26  -1 146  -1  -1 307  -1 131  -1  -1  -1  -1 264  -1  -1  -1  -1 173  35  20  -1  -1  -1  16  16  -1 
 27  -1 243  -1 117  -1 155 258 102  -1  -1  -1  -1 199  -1  -1  -1 196 122  -1  -1  -1  -1  34  -1  -1 
 28  -1 293  -1  -1  -1  -1 286  -1  12 170  -1  -1  -1  -1  -1  -1  -1  -1  -1  -1  -1  -1  -1  -1  -1 
 29  -1  -1  -1  -1  -1  -1  -1  27  -1  81  -1  -1  -1 129  -1  -1 277  -1 190  -1  -1 111  -1  76 276 
 30  17  17  -1  24  -1  19  19  19   2   2  -1  -1  -1  -1  -1  -1  -1  -1  -1  -1  -1  30   4   4  -1 
 31  -1  -1  -1  -1  -1  -1  -1  -1  -1  -1  31  31  31  -1  -1  -1  -1  -1  -1  -1  -1  -1  -1  -1  -1 
 32  46  46  63  63  63  -1  -1  -1  -1  -1  -1  -1  68  -1  -1  -1  74  -1  48  48  -1  -1  61  61  -1 
 33  -1  -1  -1  -1  -1  -1  -1  -1  -1  -1  -1  -1  -1  -1  -1  -1  -1  -1  -1  -1  75  75  75  -1  -1 
 34  -1  -1 107 107 107  -1  -1  -1  90  90  -1 112  92  92  -1  -1  -1 105 105  -1  -1 118  -1  -1  -1 
 35  -1  -1  -1  -1  -1  -1  -1  -1  -1  -1  -1  -1  -1  -1  -1 119 119 119  -1  -1  -1  -1  -1  -1  -1 
 36 136 136  -1 156  -1  -1  -1  -1  -1  -1 149 149 134 134  -1  -1 162  -1  -1  -1  -1  -1 151 151 151 
 37  -1  -1  -1  -1  -1  -1  -1 163 163 163  -1  -1  -1  -1  -1  -1  -1  -1  -1  -1  -1  -1  -1  -1  -1 
 38 180 180  -1 200  -1  -1  -1  -1  -1  -1 193 193  -1 206  -1  -1  -1  -1 178 178  -1  -1 195 195 195 
 39  -1  -1  -1  -1  -1  -1  -1  -1  -1  -1  -1  -1  -1  -1  -1 207 207 207  -1  -1  -1  -1  -1  -1  -1 
 40  -1  -1  -1 237 237  -1 244  -1 224 224 239 239 239 250  -1  -1  -1  -1 222 222  -1  -1  -1  -1  -1 
 41  -1  -1 251 251 251  -1  -1  -1  -1  -1  -1  -1  -1  -1  -1  -1  -1  -1  -1  -1  -1  -1  -1  -1  -1 
 42  -1  -1 283 283 283  -1 294  -1 266 266  -1  -1 281 281  -1  -1  -1 288 268 268  -1  -1  -1  -1  -1 
 43  -1  -1  -1  -1  -1  -1  -1  -1  -1  -1  -1  -1  -1  -1  -1  -1  -1  -1  -1  -1 295 295 295  -1  -1 
 44  95 269  -1 313  -1  -1  -1 274  -1  -1  -1  -1  11  -1  -1  -1  -1 308  -1  -1  -1  -1  98  -1  -1 
 45  -1  -1  -1  -1  -1 315  -1  -1  -1  -1  -1 229  -1 270 197  -1  -1  -1  -1  -1 309  -1  -1 228 316 
 46  -1  -1   5  -1  -1  -1  -1  -1  -1  -1  -1  -1  -1  -1  -1  -1  10  -1  -1  -1  -1  -1  -1  -1  -1 
 47   9  -1 187  -1  -1  -1  -1 138  -1 185  -1  49  -1  -1 310 311 227  -1  -1  97  -1  -1 230  -1  -1 
 48  -1  -1 231  -1  -1 109  93  99  -1  -1  -1  -1  -1  -1  -1  -1  -1  -1  -1   8  -1 272  -1  -1  -1 
 49  -1  -1  54  -1 312  -1  -1 186  -1  -1 314  -1  -1  -1  -1  -1 275  -1  96  -1  -1 182  -1  -1  -1 
 50  -1  -1  -1  -1  -1  -1  -1  -1  53  55  -1 140  65 184  -1  -1  51 153  -1  -1  -1   7 181  -1  -1 
 51 225  -1 271  -1  -1  -1 226  -1 139  -1  -1  94  -1  -1  -1  -1  -1  -1  -1  -1  -1  -1 141  -1  -1 
 52  -1  -1  -1  21  -1  -1  -1   6 183  -1  -1  -1  -1  -1  -1  -1  -1  -1  -1 143  -1  -1  -1 285  -1 
 53  -1  -1 142  -1  -1 241 137  -1  -1  -1  -1  -1 273  -1  -1  -1  -1  -1  -1  -1  -1  -1  50  52  -1 

r\t   0   1   2   3   4   5   6   7   8   9  10  11  12  13  14  15  16  17  18  19  20  21  22  23  24 
  0  -1  -1  -1 148 148  -1 147  -1  -1  -1  -1 155  -1  79  -1  -1 243  -1  -1  -1  -1  -1  -1  32  -1 
  1  -1  -1  -1  78  -1  -1  -1  -1  -1  -1  -1  -1  72 248  -1  -1 305  -1  -1  -1  -1  -1  -1  -1  -1 
  2  -1  -1  56  -1  -1  -1  -1  -1  -1  -1  -1  57 102 298  -1  -1  -1  -1  -1  -1  -1  -1 280 280  -1 
  3  -1  -1 166  -1  -1 169  -1 211 126  -1  -1  -1  -1 132  -1  -1 111 217 106  -1  -1 215  16  16  -1 
  4  -1  -1  -1  -1  -1  -1 157  -1  76  -1 218 247  -1  -1  84  -1  -1  -1  -1 307  -1  -1  25  -1  -1 
  5  -1 216  -1  -1  -1  -1  -1  -1 245  -1  -1  -1  -1  -1  -1  82  -1  -1  -1  -1  -1 256  -1 104 104 
  6  -1  -1 120  -1  -1  -1  -1 291  -1 198  -1  -1  -1 172  -1  -1  -1 160  -1  -1  -1 242  -1  58  -1 
  7  -1  -1  -1  -1  -1  -1  -1   0 146  -1  -1  77  -1  -1  -1  -1  20  -1  -1  -1  -1 196  -1  -1  -1 
  8  -1  59  -1  -1  -1  -1  -1  -1 297  -1  -1  -1 203  -1  -1  -1  -1  -1 282  -1  -1  -1  89  -1  -1 
  9 262  87 264  -1  -1  -1  -1 192 192  -1  -1  27  83  -1  -1  -1 154  -1  -1  -1  -1  -1 234  -1  -1 
 10  -1  -1  -1 255  -1  -1  69  26  -1  -1  -1 135 293  15  -1  -1  -1 145 150  -1  -1  18  -1  -1  -1 
 11 263 258 299  13  -1  -1 238  -1  -1  -1  -1  -1  -1  -1 173  -1 116  -1 165  -1  -1  -1  -1  -1  -1 
 12  -1 103 304  -1  -1  -1  64  -1  -1  -1  -1  71  -1  -1  -1  -1  -1 219  -1  -1  -1  -1  -1  -1  -1 
 13  -1 284 240  -1  -1  -1  86  -1  -1  -1  -1 233   1 115  -1  -1 261  -1  -1  -1  -1  -1 214  -1  -1 
 14  -1 133  -1  -1  -1  -1  -1  -1  43  -1  -1  -1  -1  -1  -1 127  -1  -1  -1  38 265  -1  -1  -1  -1 
 15  -1  35  -1  47  -1  -1 300  -1  -1  -1 177  -1  -1  -1  -1  -1  -1  -1 130  -1  -1  -1  -1 161  -1 
 16 306 296  -1 113  -1  41  -1  -1  -1  -1  -1  -1 267 279  -1  -1  -1  -1  -1  -1  -1  -1 124  -1  -1 
 17  -1  -1  -1 232  -1  -1 254  81 260  -1  -1  -1  -1  -1  -1  -1 201 212  -1  -1  -1  -1  80  -1 287 
 18  -1  -1  -1  34  -1  -1  -1  -1 167  -1  -1  -1  60  60  -1  -1  73 121  -1  -1  -1  66 249  -1  -1 
 19  -1  -1  29  62  -1  -1  23  -1  -1  -1  -1 101  -1  33  -1  -1  -1  -1  -1  -1  -1  -1 290  -1  -1 
 20 220  -1 276 278 128  -1   3  -1 125  -1  -1  -1  -1 164  -1 257 174  -1  -1  -1  -1  -1  -1  70  -1 
 21  -1  -1 202  -1  -1  -1  -1  -1  -1  -1  -1  12 188  -1  -1  -1 199  -1  39 303  -1  -1  -1 221  -1 
 22  -1 189  44  -1  -1  -1  -1 144 208  -1  -1 190  -1  -1  -1  -1  -1  -1  -1  -1  -1  -1  -1  -1 175 
 23  -1  -1 252  -1  -1  -1 223  40  -1  -1  -1 114 253  -1  -1  -1  -1  -1  -1  -1  -1  -1  -1 246  -1 
 24 213 204  -1 168  -1  -1  -1  -1  -1  -1  -1 158  -1  -1  -1  -1  -1 131  -1 170  -1 110  -1 117  -1 
 25  -1  -1 301  -1 259  -1  -1  -1  37  -1  -1 289  -1 194  -1  -1  -1 302  -1  -1  -1 171  -1 209  -1 
 26  -1  -1 152 191  -1  -1 122 236 236  -1  -1  -1  36  -1  -1  -1  -1  88 123  -1  -1 286  -1  -1  -1 
 27  -1  -1  -1  -1  -1  -1 108  -1 176  -1  -1  -1  -1  91  22  -1  -1 100  -1  -1  45  -1  -1  -1  67 
 28  -1  14  -1 292  -1  -1  -1 210  -1  -1  85 277  -1  -1  -1  -1  -1  -1  28  -1  -1  -1  -1  -1  -1 
 29  -1 235  -1  -1  -1  -1  -1  -1  -1  -1  -1  -1 159 179 129  -1  -1  -1 205  -1  -1  42  -1  -1  -1 
 30   4   4  -1  -1  -1  -1  30  19  19  19   2   2  -1  -1  -1  -1  -1  17  17  -1  -1  24  -1  -1  -1 
 31  -1  -1  -1  -1  -1  -1  -1  -1  -1  -1  -1  -1  -1  -1  -1  31  31  31  -1  -1  -1  -1  -1  -1  -1 
 32  -1  -1  74  -1  -1  46  46  63  63  63  -1  -1  48  48  -1  -1  -1  -1  61  61  -1  68  -1  -1  -1 
 33  -1  -1  -1  -1  -1  -1  -1  -1  -1  -1  -1  -1  -1  -1  -1  -1  -1  75  75  75  -1  -1  -1  -1  -1 
 34  90  90 107 107 107  -1  -1 105 105  -1  92  92 118  -1  -1  -1  -1  -1  -1  -1  -1 112  -1  -1  -1 
 35  -1  -1  -1  -1  -1  -1  -1 119 119 119  -1  -1  -1  -1  -1  -1  -1  -1  -1  -1  -1  -1  -1  -1  -1 
 36  -1  -1 134 134  -1 136 136 156  -1  -1  -1  -1 151 151 151  -1  -1  -1 162  -1  -1  -1 149 149  -1 
 37  -1  -1  -1  -1  -1  -1  -1  -1  -1  -1  -1  -1  -1  -1  -1  -1  -1  -1  -1  -1 163 163 163  -1  -1 
 38  -1  -1 180 180  -1 178 178  -1  -1  -1  -1 206  -1 200  -1  -1  -1 195 195 195  -1  -1 193 193  -1 
 39  -1  -1  -1  -1  -1  -1  -1  -1  -1  -1  -1  -1  -1  -1  -1  -1  -1  -1  -1  -1 207 207 207  -1  -1 
 40  -1  -1 222 222  -1  -1  -1 250  -1  -1 224 224 239 239 239  -1 244  -1 237 237  -1  -1  -1  -1  -1 
 41  -1  -1  -1  -1  -1  -1  -1  -1  -1  -1  -1  -1  -1  -1  -1  -1  -1 251 251 251  -1  -1  -1  -1  -1 
 42 266 266  -1  -1  -1 268 268 283 283 283  -1  -1  -1  -1  -1 281 281  -1 294  -1  -1 288  -1  -1  -1 
 43  -1  -1  -1  -1  -1  -1  -1  -1  -1  -1  -1  -1  -1  -1  -1 295 295 295  -1  -1  -1  -1  -1  -1  -1 
 44  55  -1  -1   5 314  -1  93 184  -1  -1 140 273  -1 272  -1  -1  -1 181  -1  -1  -1  -1  53  94  -1 
 45 185 187  -1  -1  -1  -1  -1  -1 225  -1  -1  -1  -1  -1  -1  -1  -1 270  -1  -1  -1  -1 275 137  -1 
 46  -1  -1  -1  -1 197  -1  -1  -1  -1  -1  -1  -1  -1  -1  -1  -1  65  -1  -1  -1  -1  -1  -1 182 153 
 47  -1  -1  -1  -1  -1   9  -1 139  96  -1  -1  -1  -1 109 310 312  -1  -1  -1  -1   7  -1  -1  -1 241 
 48  -1 227  -1  -1  -1  -1  -1  -1  -1  -1  -1  -1 285  -1  -1  -1  -1  10  -1  -1  -1  -1  -1   6  -1 
 49  -1  -1  -1  -1  -1  -1  -1  -1 138  -1  54 186  -1  -1  -1  -1  -1 231  -1  -1  -1  -1   8  50  -1 
 50  -1  -1  -1  -1  -1  -1  -1  -1  52  -1  -1  49  -1  -1  -1  -1  -1  -1  -1  -1  -1 311 141  -1  -1 
 51  -1  -1  -1  95  -1 229  -1 226  -1 315 269  -1  98  -1  -1  -1  -1  -1  -1  -1  -1  -1 230  -1  -1 
 52 143  -1  -1  -1  -1  -1  -1  -1  -1  -1  -1  -1 183  11  -1  -1 308  -1  -1  -1 228  -1  -1  -1 309 
 53  -1  51  21 271  -1  97  -1  -1  -1  -1  -1  -1  -1  -1  -1  -1  -1 142 313 316  99  -1  -1 274  -1 

r\t   0   1   2   3   4   5   6   7   8   9  10  11  12  13  14  15  16  17  18  19  20  21  22  23  24 
  0  -1  -1  -1  -1  -1  -1 234  -1 297  -1  -1 214 127 188  -1  -1  83 123  -1  -1  -1  -1 154 212  -1 
  1  -1 205  -1 164  -1  -1   1  70  45  -1  -1  42  -1  -1  -1  -1   3 252  -1  -1  -1  27  -1  -1  -1 
  2 286  -1  -1  -1  -1  -1  -1  -1  -1 219  -1 160  -1  -1  -1  -1  84 257  -1  -1  -1  -1  36 247  -1 
  3  -1  73  -1  -1  -1  -1  -1  -1 102  -1  -1 203 265 117 169  -1 121   0 116  -1  -1  -1 201  -1  -1 
  4 177  -1  -1 299  -1  -1  58  -1 167  -1  -1 254  -1  82  -1  -1 289  -1  -1 306  -1 133 192 192  -1 
  5  -1 303  -1  -1  -1  -1 157  -1  -1  -1  -1 175  -1  -1  -1  -1  76  85  -1  -1  -1 209  -1  72  41 
  6  -1  -1  -1  -1  -1 221 211 253 145 238  -1  -1  -1  28  -1  -1 144  -1 255  -1  -1 103  -1  -1  -1 
  7  -1 256  -1  -1  -1  -1  -1  -1  -1  -1  -1  66  60  60  22  43  -1  -1  -1  -1  -1 122  -1  -1  -1 
  8  -1 302  -1  32  -1  -1 179  -1  -1  -1  -1 146  -1 101  -1  -1 202  -1  -1  -1  -1  -1  -1  -1  -1 
  9  -1  -1  25 280 280  -1 217 199 276  -1  -1  -1 165  -1  -1  -1 161  71  -1  -1  -1  -1  -1  -1  -1 
 10  -1  14  -1  -1  -1  -1  89 115 208  -1  -1  -1  -1  -1  -1  -1 305 279  -1  -1  -1  -1  -1 292  -1 
 11  -1  -1  -1  -1  -1  -1  -1 282  -1  -1  -1  -1  -1  -1  -1  -1  -1  -1  -1  -1  -1  -1  33 152  -1 
 12  -1 120  -1  -1  -1  -1 210  -1  -1  -1  -1  -1  15  -1  -1  -1 128  -1  -1  -1  -1  -1  -1  -1  -1 
 13  -1  -1 159  -1  -1  -1  -1 291  -1  -1 259  -1  -1  12  -1  -1 126  -1 171  -1  -1  -1  -1  34  -1 
 14  -1  40 125  -1  -1  -1  -1  -1  80  -1  -1  -1 249  -1  -1 236 236 147  -1  -1  -1 223 263  44  -1 
 15  -1 258  -1  -1  -1  -1  -1  -1 124  -1  -1  -1  -1  -1  -1  -1  -1  -1  -1  81  -1  -1  -1 132 198 
 16  -1  -1  -1  -1  -1 173  26  -1  -1  -1  87 218  -1  88  -1  -1  -1  -1 277  -1  -1  -1 248  -1  -1 
 17  -1 158  -1  -1  -1  -1  -1  -1  -1  -1  -1 194  -1  -1  -1  -1  -1 204  -1 174 155  -1 300  -1  -1 
 18  -1 196  -1  -1  -1  -1 150  -1  -1  -1  -1  -1 148 148  -1  -1  -1  77  -1 262  -1  -1  -1  -1  -1 
 19  -1 233 113  -1  -1  -1 278  -1  -1  -1 213  -1  -1  -1  -1  -1  -1 104 104  -1  -1  -1  16  16  -1 
 20  -1  -1  -1  -1  -1  -1  -1 130  -1  -1  -1  -1 106  -1  -1  -1 220  -1 298  -1  -1  -1  -1  -1  -1 
 21  -1  -1  -1  -1  -1  -1  20  -1  -1  -1  -1  -1  -1  -1  -1  -1  57  -1  -1  -1  -1  -1  -1  -1  -1 
 22  -1 264  -1  -1  -1  -1 114  -1  13  -1  -1 110  -1 287 129 260  -1  -1 307  -1  -1  47 168  -1  -1 
 23  -1  -1  64 240  -1  -1  -1  -1  -1  -1  -1  -1  -1 267  -1  -1  -1  -1  -1  -1  -1 216 135 166  -1 
 24  -1  56 235  -1  -1  -1 108  -1  -1  -1  38  -1  -1  -1  -1  -1 176 261 232  -1  -1  79  -1  -1  -1 
 25  -1  -1  -1  -1  -1  -1 293  -1  -1  -1  -1  -1  -1  -1  -1  -1  -1  37  -1  -1  18 243  -1 215 301 
 26  -1  -1  -1  -1  -1  -1  -1 242  -1  -1  -1  -1  -1  78  -1  67  -1  -1  -1  -1  -1 191  -1  -1  -1 
 27  -1 284 296  59  -1  -1  -1 170 245  -1  -1  -1  -1  -1  -1  -1  -1  -1  -1  -1  39  -1  -1  86  -1 
 28  -1 100  -1  -1  -1  -1  -1 111 189 131  -1 290 190  -1  -1  -1  35  -1  -1  -1  -1 304  -1  -1  -1 
 29  -1  -1  -1 172  -1  -1  69  -1  -1  -1  -1  -1  91 246  -1  -1  23  -1  29  -1  -1  62  -1  -1  -1 
 30  -1  24  -1  17  17  -1  -1  30   4   4  -1  -1  -1  -1  -1  -1  -1  19  19  19  -1  -1   2   2  -1 
 31  -1  -1  -1  -1  -1  -1  -1  -1  -1  -1  31  31  31  -1  -1  -1  -1  -1  -1  -1  -1  -1  -1  -1  -1 
 32  -1  -1  -1  -1  -1  46  46  -1  -1  -1  -1  74  48  48  -1  -1  -1  63  63  63  -1  68  61  61  -1 
 33  -1  -1  75  75  75  -1  -1  -1  -1  -1  -1  -1  -1  -1  -1  -1  -1  -1  -1  -1  -1  -1  -1  -1  -1 
 34  -1  -1 107 107 107  -1  -1  -1  90  90  -1 112 118  -1  -1  -1  -1  92  92  -1  -1  -1 105 105  -1 
 35  -1  -1  -1  -1  -1  -1  -1  -1  -1  -1  -1  -1  -1  -1  -1  -1  -1  -1  -1  -1 119 119 119  -1  -1 
 36 134 134 151 151 151  -1  -1 156 136 136  -1  -1 162  -1  -1  -1  -1  -1 149 149  -1  -1  -1  -1  -1 
 37  -1  -1  -1  -1  -1  -1  -1  -1  -1  -1  -1  -1  -1  -1  -1  -1  -1 163 163 163  -1  -1  -1  -1  -1 
 38  -1  -1 193 193  -1  -1  -1  -1 178 178  -1  -1 206 200  -1  -1  -1 195 195 195  -1 180 180  -1  -1 
 39  -1  -1 207 207 207  -1  -1  -1  -1  -1  -1  -1  -1  -1  -1  -1  -1  -1  -1  -1  -1  -1  -1  -1  -1 
 40 224 224  -1  -1  -1  -1 250  -1  -1  -1  -1  -1 239 239 239  -1  -1 222 222  -1  -1 244 237 237  -1 
 41  -1  -1 251 251 251  -1  -1  -1  -1  -1  -1  -1  -1  -1  -1  -1  -1  -1  -1  -1  -1  -1  -1  -1  -1 
 42  -1 288  -1  -1  -1 268 268  -1 266 266 281 281  -1 294  -1  -1  -1  -1  -1  -1  -1  -1 283 283 283 
 43  -1  -1  -1  -1  -1  -1  -1  -1  -1  -1  -1  -1  -1  -1  -1 295 295 295  -1  -1  -1  -1  -1  -1  -1 
 44  -1   7 184  -1  -1  99 197 315  -1  -1  -1  -1  -1 142  -1  -1  -1  -1 270  -1  -1   6  -1  -1 308 
 45  -1  -1 269  -1  -1  -1  -1 153  -1  -1  -1  -1  -1  -1  -1  -1  51  -1  55 285  -1  -1  -1  98  -1 
 46  -1  -1  -1 228  -1 185  -1  -1  -1  -1  -1 241 183  -1  -1  -1  -1  -1 138  -1 309  -1 273  -1  -1 
 47  49  93  95 271  -1   9  -1  21 229  -1 109  -1 231  -1  -1  -1 275 141  -1  -1  -1  -1  50 186  -1 
 48  97 187  -1  -1  -1  -1  -1  65  -1  -1  -1  -1  -1  -1  -1  -1  94  -1  -1  -1  -1  -1  -1  -1  -1 
 49  -1  -1  53 143  -1 140  -1  -1  -1  -1  -1 313  -1  -1  -1  -1  -1  -1 182  -1  -1  -1  -1 227  -1 
 50  11  -1  -1  -1  -1  -1  -1  -1  -1  54  -1  -1  -1  -1  -1  -1 137  -1  -1  -1  -1  -1  -1  -1  -1 
 51  -1  -1   5   8  -1  -1  -1  -1  -1  -1  -1  -1  -1 225  -1 310  -1  -1  -1  -1  -1  96  -1  -1  -1 
 52  -1  -1  -1  -1  -1  -1 226  -1  -1  -1  -1  -1  -1  10 312  -1  -1 272  -1  -1  -1 274  -1  -1  -1 
 53  -1  52  -1  -1 314  -1  -1  -1  -1  -1 316  -1 139 181  -1  -1  -1  -1  -1 311  -1  -1 230  -1  -1 

r\t   0   1   2   3   4   5   6   7   8   9  10  11  12  13  14  15  16  17  18  19  20  21  22  23  24 
  0  -1  64  -1  -1 131  -1  -1  -1  -1 214  -1  -1  -1  -1  -1  -1  -1  -1  -1  -1  -1  -1  -1  -1  -1 
  1  -1  -1  -1 152 106  -1  -1 301 120  -1  -1  18 267  -1  -1  -1  -1  -1  -1  -1  -1  -1  80  -1  -1 
  2  -1 255 280 280  -1  -1 135  -1  26  -1  -1  -1 286  29 129  -1  -1  -1  -1  -1  -1  -1  -1 123  -1 
  3  -1  -1  -1 252  -1  -1  -1  -1  -1  -1  38  -1  16  16  -1  -1  -1 202  -1  -1  87 238  -1 223  82 
  4  -1  -1  -1  -1  -1  -1  -1  -1  -1 176  -1  -1  -1 145  -1 257 155  -1  -1  -1  -1 116  -1  71  -1 
  5  -1  -1 147 293  -1  -1  88 248 277  -1  -1  -1  69  -1  -1  -1 303  20  -1  -1  -1  34  -1  -1  -1 
  6  -1  33  -1  -1  -1  -1  -1  84 211  -1  -1  -1 215  70  -1 190  -1  -1 256  -1  -1 300 104 104  -1 
  7  -1  -1 102  -1  -1  -1 113  -1 103  -1  -1  -1  37  -1  -1  -1  67  -1  -1  -1  -1  -1  -1  -1  -1 
  8  -1  -1 115  -1  -1  -1 296 220  -1  -1  -1  57  -1  -1  -1  -1  -1  -1  -1  -1  -1  -1  -1 188  -1 
  9  -1  -1  -1 233  -1  -1  -1 264 125  -1  -1 213 263  -1  -1  -1  -1  -1  -1  22  -1  -1 247 130  -1 
 10  -1  -1  -1  83  23  -1  -1  -1  -1  -1  -1 262  -1 117  -1  -1  -1 177  -1  -1  -1  -1 196 127  -1 
 11  -1  -1  -1  -1  -1  -1   0  -1  -1  -1  -1  35  -1  -1  -1  -1 203 164  28  -1  -1  -1 148 148  -1 
 12   1  -1  -1  -1  -1  -1  -1  25 291  -1  -1  43  -1  -1  -1  -1 126 261  -1  -1  -1  -1 208 204  -1 
 13  -1 235  73  -1  -1  -1 249  -1  -1 306  -1 191  -1 290  -1  -1  15  -1  -1  -1  -1 287 121 128 221 
 14  -1 114  -1  89  -1 307 232  78  -1  -1  -1 259  -1  39  -1  -1  -1  -1  -1  -1  -1  -1  -1 242  -1 
 15  -1  13  -1  -1  -1  -1  -1  -1  -1  -1  -1 146  -1 245  -1  -1 194  -1 199  -1  -1  66 234  -1  -1 
 16  -1  -1  -1 201  -1  -1  12  -1 172  -1  -1  -1  -1 192 192 219  -1  -1  -1  -1  -1  -1  -1  -1  -1 
 17  -1  -1  14 124  -1  -1 166 157  -1  -1  -1 159  -1  -1  -1  -1  -1  -1  -1  -1  -1  -1  -1  -1  -1 
 18  -1 161  -1  -1  -1 305  -1 132  56  -1  -1  -1  -1  -1  -1  -1  -1  -1  -1  -1  -1  -1  -1 174  -1 
 19  -1 205  -1 108  -1  -1  -1 258  -1  -1  -1  -1  59  -1  -1  -1  -1  -1  -1  -1  -1  -1  -1  32  -1 
 20  -1  -1 243 289  -1  -1  -1 278  -1  -1  -1  -1 218 265  -1  -1 111  -1  -1  -1  -1  -1 168 246  -1 
 21  -1 299 298  -1  -1  -1  85  -1  -1  -1 173 276 253  -1  -1  -1 240  -1  -1  -1  -1 154  60  60  -1 
 22  -1  36  -1  -1  -1  42  58 297  -1  41  -1   3 158 209  -1  -1  -1  -1 179  -1  -1 198  -1  -1 133 
 23 304  -1  -1  -1  -1  -1 279  62  -1  -1  -1  86  -1  -1  -1 169  76  -1 122  -1  -1  -1  -1  -1  -1 
 24  -1  -1  -1  -1  -1  -1 217 189  -1  -1  -1  91 101 100  -1  -1  -1  -1  -1  -1  -1  72  -1  -1  -1 
 25 216  -1  -1  -1  -1  -1  -1  -1 210  81  -1  -1  -1 284 150  -1  -1  -1  -1  -1  -1 110  -1  -1  -1 
 26  -1  -1  77  -1  -1  -1  -1  -1  -1  -1  -1  -1  -1  -1  -1  -1  -1  -1 302  -1  -1  -1  -1  -1  -1 
 27 171  -1 212  27  -1  -1  -1  47  -1  -1 170  -1  40 167  -1  -1  -1  -1  -1  -1  -1  -1  -1  -1  -1 
 28  -1  79  -1  -1 282 260  -1 236 236  -1  -1  -1  -1  -1  -1 175  -1  -1  -1  -1  -1  -1  -1 160  -1 
 29  -1 144  -1  -1  -1  -1  44  -1 254  -1  -1  -1  -1  45  -1  -1  -1 165  -1  -1  -1  -1  -1 292  -1 
 30  -1  -1  -1  -1  -1  -1  30  19  19  19  -1  -1   2   2  -1  -1  -1  -1  -1  -1  17  17  24   4   4 
 31  -1  -1  -1  -1  -1  -1  -1  -1  -1  -1  -1  -1  -1  -1  -1  31  31  31  -1  -1  -1  -1  -1  -1  -1 
 32  -1  68  63  63  63  -1  74  -1  -1  -1  -1  48  48  -1  -1  -1  -1  61  61  -1  -1  -1  -1  46  46 
 33  -1  -1  -1  -1  -1  -1  -1  -1  -1  -1  -1  -1  -1  -1  -1  -1  -1  75  75  75  -1  -1  -1  -1  -1 
 34  -1  -1  -1  -1  -1 107 107 107  90  90  -1 118 112  -1  -1  -1  -1  -1 105 105  -1  -1  -1  92  92 
 35  -1  -1  -1  -1  -1  -1  -1  -1  -1  -1  -1  -1  -1  -1  -1  -1  -1 119 119 119  -1  -1  -1  -1  -1 
 36  -1  -1  -1  -1  -1  -1  -1 149 149  -1  -1  -1 134 134  -1  -1 162 151 151 151  -1 156 136 136  -1 
 37  -1  -1 163 163 163  -1  -1  -1  -1  -1  -1  -1  -1  -1  -1  -1  -1  -1  -1  -1  -1  -1  -1  -1  -1 
 38 180 180 195 195 195  -1 200  -1 193 193  -1  -1  -1  -1  -1  -1  -1  -1  -1  -1  -1 206  -1 178 178 
 39  -1  -1  -1  -1  -1  -1  -1  -1  -1  -1 207 207 207  -1  -1  -1  -1  -1  -1  -1  -1  -1  -1  -1  -1 
 40 224 224 244  -1  -1  -1  -1  -1 222 222  -1 250 239 239 239  -1  -1 237 237  -1  -1  -1  -1  -1  -1 
 41  -1  -1  -1  -1  -1  -1  -1  -1  -1  -1  -1  -1  -1  -1  -1 251 251 251  -1  -1  -1  -1  -1  -1  -1 
 42 268 268  -1  -1  -1  -1  -1  -1 266 266  -1  -1 288  -1  -1  -1 294  -1 281 281  -1  -1 283 283 283 
 43  -1  -1  -1  -1  -1  -1  -1  -1  -1  -1  -1  -1  -1  -1  -1  -1  -1 295 295 295  -1  -1  -1  -1  -1 
 44  -1 141  -1 229  -1  -1  -1  -1  -1  -1  -1 231  -1  -1  -1  -1  -1 142  -1  -1  -1 313 185  -1  -1 
 45 140  94 187  -1  -1  -1  -1  -1 186 138  -1 143  -1 182  -1  -1  -1 226  -1  -1  -1  -1  96  -1  -1 
 46  -1  -1 274 275  -1  -1  -1  -1   6  -1  -1  -1 183 228 314  -1 285  10  -1  -1 312  -1  21  -1  -1 
 47  -1  52  11  53  -1  -1  -1  -1  -1  55  -1  -1  93  95  65  -1  -1  -1 272  -1  -1  -1  -1  -1  -1 
 48  -1   7  -1   9  -1  -1  -1  -1  -1  -1 241  -1  -1  -1  -1  -1  -1  -1  -1  -1  -1  -1  -1 269  -1 
 49  99  -1  97  -1 315  -1 153  -1  51  -1  -1 109  -1  -1  -1  -1  -1  -1 230 316  -1  -1  -1  -1  -1 
 50  -1  -1  -1  -1  -1  -1 197   5  -1  -1  -1  -1  -1  -1  -1 309  -1  -1 139  -1  -1  -1 270  -1  -1 
 51  49  -1  -1  -1  -1  -1 271  -1  -1  -1  -1 181  -1  -1  -1  -1  -1  -1  50  -1  -1  -1 225  -1  -1 
 52  -1  -1  -1  -1  -1 311  -1 184  -1  -1 310  -1  -1  -1  -1  -1 308  -1   8  -1  -1  -1  54  -1  -1 
 53  -1  -1  -1  -1  -1  -1 227  -1 137  -1  -1 273  -1  -1  -1  -1  -1  98  -1  -1  -1  -1  -1  -1  -1 

r\t   0   1   2   3   4   5   6   7   8   9  10  11  12  13  14  15  16  17  18  19  20  21  22  23  24 
  0  -1  -1  -1  -1  -1  -1  -1  78  -1  -1 304  -1 101  -1   1 260  86  27 249  -1  -1 298  -1  -1  -1 
  1  -1  47  -1  -1  -1  -1  -1  -1  66  -1  -1  -1 264  77  -1  -1  -1  -1 234  -1  -1  -1  87 245  -1 
  2  -1  -1  -1  -1  -1  -1  -1  -1  -1  -1  -1 102 248  71  -1  -1  -1  -1  -1  -1  -1  73  -1  -1 106 
  3  -1  -1  -1 243  -1  -1  -1  -1  -1  -1  -1  -1 167  57  -1  -1  89 246  -1  -1  -1  -1  -1 289  -1 
  4  -1 103  -1  22  -1  -1  -1  16  16  -1  -1  -1  -1  -1  -1  -1  69 233  -1  -1  -1 155  -1  -1  -1 
  5  -1  -1  -1  -1  -1 218 120 242 171  -1  -1  -1  -1  -1  -1  -1  -1  -1  -1  -1  -1  -1  -1  -1  -1 
  6 198  -1  -1 210  -1  -1  -1  -1 238  -1  -1 267  14 174  -1  -1  -1 212 104 104 302 205  -1  -1  -1 
  7  -1  -1  -1  -1  -1  67 179  -1  -1  -1  -1  58 188  -1  -1  -1  -1  -1  -1  -1  -1  -1  -1 158  -1 
  8  -1  15  -1 111  -1  -1  -1 252  -1  -1  -1 157  -1  -1 221  -1  36  -1 300  -1  -1  -1  -1  -1  -1 
  9  -1  -1  -1  -1  -1  -1  23 150  -1 170  -1  44  -1  -1  -1  -1 279  -1 201  -1  -1  -1  -1  -1  -1 
 10 126   0 152 160  -1  -1 278 135 121  -1  -1 240  -1  29  -1  -1  -1  91  -1  -1  -1 159  -1 132  -1 
 11  -1  -1  -1 256  -1  -1 128  -1  -1  -1  -1  -1  -1 292  -1  -1  -1  -1  -1 173  -1  -1  -1  -1  -1 
 12 129  -1  12  -1  -1 213 301  -1 286 306  -1  -1  -1  -1  -1  -1  -1 293  -1  -1  -1  -1  -1  43  -1 
 13  -1  -1  -1 261  -1  18 145  -1  -1  -1  -1 247  -1  -1  -1  -1  -1  -1  -1  -1  -1  -1  -1  -1  -1 
 14  -1 146 100  32  -1  -1 199  -1  39  -1  -1  -1  -1 115  -1  -1  59  -1  -1  -1  -1  -1  -1  -1  -1 
 15  -1  -1  -1  76  -1  -1   3 259  -1  -1  -1 114 297 127  -1  -1  -1 110 280 280  -1 215  -1  -1  -1 
 16  -1 265 290 154  -1 125 165  -1  -1  -1  -1 144  -1  -1  -1  -1 263  -1  -1  -1  -1  28  -1 131  -1 
 17  -1  -1  25  -1  -1  -1  -1 113  -1  -1  -1  -1  -1  -1  -1  -1  -1  -1  -1  -1  -1  83 253  -1  -1 
 18  -1  -1  -1  -1 307  -1  88 277  -1  -1  -1 208 148 148  -1  -1 161  -1  -1  -1  -1  -1  -1  37 175 
 19  -1  -1 168  -1  -1  -1  -1  26  -1  -1  -1  72  -1  -1  -1  -1  -1  -1  -1  -1  -1  -1  -1  -1  -1 
 20  -1 217 117 124  -1  -1 299  -1  34  -1  -1  -1  -1  42  -1  -1  -1  -1  -1  -1  -1  82 303  -1  -1 
 21  -1 216 133  -1  -1  -1  -1  40 296  -1  -1  -1  56 191  -1  -1  33  -1  -1  -1  -1  -1  -1  -1  41 
 22  -1  -1  -1  38  -1  -1 164  -1  -1  -1  -1 287 262  -1  -1  -1  -1  79 123  -1  -1  -1  -1  -1  -1 
 23  -1  -1 189 211  -1  -1 232  64  -1  -1 220  20  -1  -1  85  -1 147  -1  -1  -1  -1 282  -1  -1  -1 
 24 257  -1  70  -1  -1  -1  45 223  -1  -1  -1  -1 236 236  -1  -1  -1  -1  81  84  -1  -1  -1  -1  -1 
 25  -1  -1 276 194  -1  -1  -1  -1 255 172  -1  -1  35 166  -1 176 254  -1  -1  -1  -1 169  -1  -1  -1 
 26  -1 214  -1  -1  -1 305 202  -1  -1  -1  -1 196  -1  -1  -1  -1 190  -1 192 192  -1  -1  -1  -1  -1 
 27  -1  62  -1 130  -1  -1  -1  -1  -1  -1  -1  -1  -1 108  -1  -1 258 177  -1  -1  -1  -1 122  -1  -1 
 28  -1  80  -1  -1  -1  -1 219 203  -1  -1  -1  -1  -1  13  -1  -1 209 116  -1  -1  -1  -1  -1  -1  -1 
 29  -1 284  -1  -1  -1  -1  -1  -1  -1  -1  -1 291  -1 204  -1  -1 235  60  60  -1  -1  -1  -1  -1  -1 
 30  -1  24  -1  -1  -1  -1  30  -1  -1  -1   4   4  -1  -1  -1   2   2  19  19  19  -1  -1  17  17  -1 
 31  -1  -1  -1  -1  -1  -1  -1  -1  -1  -1  -1  -1  -1  -1  -1  -1  -1  -1  -1  -1  -1  -1  31  31  31 
 32  -1  -1  63  63  63  -1  -1  -1  74  -1  -1  -1  68  -1  -1  46  46  48  48  -1  -1  -1  61  61  -1 
 33  -1  -1  -1  -1  -1  -1  -1  -1  -1  -1  -1  -1  -1  -1  -1  -1  -1  -1  -1  -1  -1  -1  75  75  75 
 34  -1 112  -1  -1  -1 107 107 107  -1  -1  92  92 118  90  90  -1  -1  -1  -1  -1  -1  -1 105 105  -1 
 35  -1  -1  -1  -1  -1  -1  -1  -1  -1  -1  -1  -1  -1  -1  -1  -1  -1  -1  -1  -1 119 119 119  -1  -1 
 36  -1 156  -1  -1  -1  -1  -1 162  -1  -1  -1  -1  -1 136 136 134 134  -1 149 149  -1  -1 151 151 151 
 37  -1  -1  -1  -1  -1  -1  -1  -1  -1  -1  -1  -1  -1  -1  -1  -1  -1 163 163 163  -1  -1  -1  -1  -1 
 38  -1  -1 200  -1  -1  -1  -1 195 195 195 178 178 206 180 180  -1  -1  -1  -1  -1  -1  -1 193 193  -1 
 39  -1  -1  -1  -1  -1  -1  -1  -1  -1  -1  -1  -1  -1  -1  -1  -1  -1  -1  -1  -1  -1  -1 207 207 207 
 40 237 237  -1  -1  -1  -1  -1  -1  -1  -1  -1  -1  -1 244  -1 224 224 222 222  -1  -1 250 239 239 239 
 41 251 251 251  -1  -1  -1  -1  -1  -1  -1  -1  -1  -1  -1  -1  -1  -1  -1  -1  -1  -1  -1  -1  -1  -1 
 42  -1  -1  -1 294  -1  -1  -1 288  -1  -1  -1  -1 283 283 283 266 266 268 268  -1  -1  -1 281 281  -1 
 43  -1  -1  -1  -1  -1  -1  -1  -1  -1  -1  -1  -1  -1  -1  -1  -1  -1  -1  -1  -1  -1  -1 295 295 295 
 44  -1  97  -1  -1  -1  -1  -1 269  -1 271  54 139 227 229  -1  -1  -1  -1  -1  -1  -1 308  -1  52  -1 
 45  -1 187 275  -1  -1  -1  -1  -1  -1 138 274  -1 185  -1  -1  -1  -1  -1  -1  -1  -1 197  -1  -1  -1 
 46  -1 141 183 313  -1  -1  -1  -1 315  50  -1  -1  -1  -1  -1  -1 186  -1  -1  -1  -1  -1 142  -1 310 
 47 312  -1  -1  -1  -1  -1 272   7  -1  -1  -1  -1  51  -1  -1  -1  -1  -1  95  -1  -1  65  -1 270  -1 
 48  -1  -1   6  -1  -1 311  -1  -1 153  -1  -1  -1  98  -1  55  -1  -1  -1  -1  -1  -1 241  -1  10  -1 
 49  -1  -1 231  -1  -1  -1  -1  -1  -1  11  -1  -1 140  -1  -1  -1  -1  -1  -1  -1  -1  -1  -1  -1  -1 
 50  -1  -1  94  -1  -1  -1  -1 182  -1 225 143  -1  -1  -1  -1  -1  -1  -1  -1  -1  -1  -1 273  96  -1 
 51  -1  -1  -1  -1  -1  -1  -1  53 109  -1  -1 228   9  -1  -1  -1  -1  -1  -1 314  -1  21  -1 226  -1 
 52  -1  -1  -1  -1  -1  -1 230  -1  -1  93  -1  -1  -1  49  -1  -1  -1  -1  -1  -1  -1  -1  -1 181  -1 
 53  -1  -1  -1 285 316  -1 137  -1  -1  -1  -1  -1  -1   8  -1  99  -1  -1 184  -1 309  -1   5  -1  -1 

r\t   0   1   2   3   4   5   6   7   8   9  10  11  12  13  14  15  16  17  18  19  20  21  22  23  24 
  0  -1 116  -1  -1  -1  -1  -1  -1  -1  -1  -1  23  -1  -1  -1  -1 209  -1  62  -1  -1  -1  -1  -1  -1 
  1  -1 166  -1 259 126  -1 223  -1  -1  -1  -1  -1  -1  57  -1  -1  -1  -1 267  -1  -1  -1  78  -1  -1 
  2  -1  -1 121  -1  -1  -1 243  -1  -1  -1  -1 194  -1  -1  -1  -1  29 189  -1  -1  -1  -1  -1  -1  -1 
  3  -1  69  60  60  -1  -1 298  -1  -1  -1  -1  -1  -1  71  -1  -1 296  -1  -1 261  -1  -1  -1 282  -1 
  4  -1  -1  -1  -1 127  -1  -1  -1  32  -1  -1  72  -1  -1  -1  -1  -1  -1  -1  -1  -1 199  -1  -1  -1 
  5  -1  -1  91 252  -1  -1  -1  -1 242  -1  -1  87 235   1  -1  -1 157  80  -1  -1  -1  -1 278  -1  -1 
  6  -1  -1  -1 204  -1 129 122  -1  -1  -1  -1  -1 297 211  -1  -1 175 277 253  -1  -1  39  -1  -1  -1 
  7  82 213  -1  -1  -1  -1 160  -1  -1  -1  -1  -1  -1  -1  -1  -1 124 292  47  -1  -1 179  -1  -1  86 
  8  -1  -1 110  -1 258  -1  -1 173  -1  -1  -1  -1  -1  -1  -1  -1 108 260 286  -1  -1 131  -1 154  -1 
  9  -1 300  -1 159  -1  -1  64  -1  -1  -1  -1  85  -1  -1 198  -1 301  88 177  -1 265 240  -1  -1  -1 
 10  -1  41 236 236  -1  -1  -1  -1  -1  -1  -1  -1  -1 120  -1  -1  -1  -1  -1  -1  -1 219  -1  -1  -1 
 11  -1  36  -1  -1 215  -1  18  -1  -1  -1  -1 302  -1 233  -1  -1 232  -1 305  -1  -1  -1 135  -1  67 
 12  -1  -1  -1 123  -1  -1  -1 284  -1  -1  -1  26  -1  -1  -1  -1  89 245 115  -1  -1  -1  37  -1  -1 
 13  -1 190 263 293  83  -1  -1  -1 289  -1  -1  -1  -1 291  -1  -1  -1  -1  -1  -1 128  -1  -1  -1  -1 
 14  -1 101 304  -1  -1  -1  -1  -1  -1  -1  -1  -1  -1  -1  -1  -1  -1  -1  -1  -1  -1  13  -1  -1  -1 
 15  -1 144  -1 146  -1  -1 247 246  -1  -1  -1  -1 147 174  -1  -1  -1  -1 212  -1  -1  -1  -1  -1  -1 
 16  -1 256  -1  -1  -1  -1  -1  14  42  -1  -1 113 103 152  -1  -1  -1  -1  -1  -1  -1 133  -1  35  -1 
 17  -1  -1 249  -1 220  -1   3  -1  -1  -1  -1  -1 303  -1  -1  -1  -1  -1  -1  -1  -1 255  16  16  -1 
 18  -1  43  -1  -1  -1  -1  76   0 279  -1  -1 169 280 280  -1  -1  -1  -1  -1  -1  -1  28  -1  -1  -1 
 19 170  -1 164 218  -1 172  -1  -1 307  -1  -1  -1  -1 217 150  -1  -1  -1  -1  -1  -1  -1  66  -1  -1 
 20  -1  81  -1 100  -1  -1  -1  -1 155  -1  -1  -1  15  77  -1  -1  56 114  -1  -1  -1  -1  -1  -1  -1 
 21  -1  12 192 192 257 221 276  -1  -1  -1  -1  -1  -1  -1  -1  -1 176  58  -1  -1  -1  -1  -1  -1  -1 
 22  -1  -1 210 264  -1  -1 196  -1  -1  -1  -1 254 203 161  -1  -1  -1  -1  -1  -1  -1 117  -1 158  -1 
 23  -1  59  33  79  -1  -1  -1  -1  -1  -1  -1  -1 214 306  -1  -1  -1  -1  -1  -1  -1  -1 202  -1  -1 
 24  -1 234  -1  -1  -1  -1  -1  -1 165  -1  -1  -1  -1  44  -1  38  -1 201 167  -1  45  -1 168  -1  -1 
 25 130 208 145  -1  -1  -1 132  -1  -1 238  -1 111  -1 188  -1 106  20  -1  -1  -1  -1  -1 290  -1  -1 
 26 216  27  73  -1  -1  -1  -1  -1 171  -1  22 287  -1 248  -1  -1  -1 148 148  -1  -1  -1  -1  -1  -1 
 27  -1  -1  -1  84  -1  -1 205  -1  -1  -1  -1  -1  -1  -1 262  -1  -1  -1  -1  -1  -1  -1  34  -1  -1 
 28  -1  -1 125  -1  -1  -1  -1  -1  -1  -1  -1  -1  -1 102  -1  -1 191  -1  70  -1  -1  -1  -1  -1  -1 
 29  -1  -1  -1  40  -1 104 104  25  -1  -1  -1  -1  -1  -1  -1  -1  -1  -1 299  -1  -1  -1  -1  -1  -1 
 30   2   2  19  19  19  -1  24  -1  -1  -1  -1  -1  30  -1  -1  -1  -1  17  17  -1   4   4  -1  -1  -1 
 31  -1  -1  -1  -1  -1  -1  -1  -1  -1  -1  -1  -1  -1  -1  -1  -1  -1  31  31  31  -1  -1  -1  -1  -1 
 32  48  48  -1  46  46  -1  -1  61  61  -1  63  63  63  -1  -1  -1  68  -1  -1  -1  -1  74  -1  -1  -1 
 33  -1  -1  -1  -1  -1  -1  -1  75  75  75  -1  -1  -1  -1  -1  -1  -1  -1  -1  -1  -1  -1  -1  -1  -1 
 34  -1  -1  -1  90  90  92  92  -1  -1  -1  -1  -1  -1  -1  -1  -1  -1 107 107 107 105 105 112 118  -1 
 35  -1  -1  -1  -1  -1  -1  -1 119 119 119  -1  -1  -1  -1  -1  -1  -1  -1  -1  -1  -1  -1  -1  -1  -1 
 36 136 136  -1 134 134 151 151 151 162  -1  -1  -1  -1  -1  -1 149 149 156  -1  -1  -1  -1  -1  -1  -1 
 37  -1  -1  -1  -1  -1  -1  -1  -1  -1  -1 163 163 163  -1  -1  -1  -1  -1  -1  -1  -1  -1  -1  -1  -1 
 38 178 178 180 180  -1  -1  -1 193 193  -1  -1 200  -1  -1  -1  -1  -1  -1  -1  -1  -1 206 195 195 195 
 39  -1  -1  -1  -1  -1  -1  -1 207 207 207  -1  -1  -1  -1  -1  -1  -1  -1  -1  -1  -1  -1  -1  -1  -1 
 40 224 224 222 222  -1  -1  -1  -1  -1  -1  -1  -1 244  -1  -1  -1 250 239 239 239  -1  -1  -1 237 237 
 41  -1  -1  -1  -1  -1  -1  -1  -1  -1  -1  -1  -1  -1  -1  -1  -1  -1  -1  -1  -1  -1  -1 251 251 251 
 42 266 266 283 283 283  -1  -1  -1  -1  -1  -1 288 268 268  -1 281 281  -1  -1  -1  -1  -1  -1 294  -1 
 43  -1  -1  -1  -1  -1  -1  -1 295 295 295  -1  -1  -1  -1  -1  -1  -1  -1  -1  -1  -1  -1  -1  -1  -1 
 44  99  -1  -1  -1  -1  -1 184  -1  -1  -1  -1 314  50  -1  -1 310 140  -1 137  -1  -1 270  -1  -1  -1 
 45  -1  -1  -1  -1  -1  55  -1  -1  -1  -1  -1  -1  10  -1  -1  -1  53  -1  -1  -1 231  -1 273 313  -1 
 46  -1  -1  54  -1  -1 271  -1  -1  -1  -1  -1 241 182  -1  -1  -1  -1 142  -1  -1  97  -1  -1  -1  -1 
 47  -1  -1  11  -1  -1  -1  -1  -1  -1  -1  -1  -1 229  -1  -1  -1  -1 186  -1  -1 187  -1   8  -1  -1 
 48  -1  -1  -1  -1  -1  -1  -1  -1  -1  -1 316  -1  -1  -1  -1  -1  -1   5  -1  -1  -1  52  -1  -1  -1 
 49  -1  93  -1  -1 185  -1  -1  -1  -1  -1  -1  -1  -1 141 309  -1 230 272  -1  -1  -1  -1 153  65 285 
 50  -1  -1  -1  -1  -1 183  51 269  -1 308  -1  -1  -1 181  -1  -1   6  49  -1  -1  -1 227  -1 109  -1 
 51  -1  -1  -1  -1  -1  -1 274 225  -1  -1  -1  -1  96  98  -1  -1  -1  -1   7 311  -1  95  94  -1 312 
 52  -1  -1 138  -1  -1  -1  -1  -1  21  -1  -1  -1  -1 228  -1 197 275  -1  -1  -1  -1  -1  -1  -1  -1 
 53  -1  -1  -1  -1  -1   9  -1 139 315  -1  -1  -1  -1  -1  -1  -1  -1  -1 226  -1 143  -1  -1  -1  -1 

r\t   0   1   2   3   4   5   6   7   8   9  10  11  12  13  14  15  16  17  18  19  20  21  22  23  24 
  0  -1 296  -1  -1  84  -1 128  -1 113  -1  -1 202  -1  -1  -1  -1 102 115  -1  22  -1 258  -1 132  -1 
  1 173 144 111 235  -1  -1  -1 166  -1  -1  -1  -1 203  -1  -1  -1  -1  -1  -1 131 217  28  88  -1  -1 
  2 302 209  59  -1  -1  -1  29  -1 305  -1  -1  -1  -1  13  -1 174 114  -1  -1  -1  -1  -1  -1 214  -1 
  3  -1  -1 159  36  -1  -1  -1  -1  -1  -1  -1  -1 291  -1  -1  -1  -1  -1  -1  -1  67   3 213  -1  -1 
  4  -1  40 234 100  -1  -1 133 289 152  -1  -1 161  -1 238  -1  -1  -1 108  -1  -1  -1  -1 240 211  -1 
  5 261  -1 123  83 130  -1 168 154 264  -1 127 122  -1  -1  -1  -1  -1  -1  -1  -1  -1  -1  -1  -1  -1 
  6  -1  -1  -1 176  -1  -1  -1  -1  58  -1  -1  -1  -1  -1  -1  23  -1  -1  -1  43  -1 284  80 110  -1 
  7 216 103  41  -1  -1  -1 249  78  -1  -1  -1  -1  -1 101  -1  -1  -1 167  -1  -1  -1 170  -1  -1  -1 
  8  -1  39  -1  -1  -1  -1  -1  -1  -1  -1  -1 242  -1  -1 126 172  -1  -1  89  -1  -1 210  -1  -1  -1 
  9  -1  -1  -1 121  82 106  20 252  -1  38  -1  -1  -1  -1  -1  -1  -1 245  -1  -1  -1 160  -1  35 287 
 10  -1  -1 201 279  -1  -1  -1  -1  -1  -1  -1  -1  -1  -1  -1  -1  15  -1  26  -1  -1 265 300  -1  -1 
 11  -1 276  76  -1  -1  -1 190  -1  -1  -1  -1 297  -1  -1  -1  -1  62  -1 267  -1  -1  -1  -1 148 148 
 12  -1  -1  -1  69  -1  -1 278  -1  -1  -1  -1  -1 147  -1  -1 150  -1  71 307  -1  -1  -1 165  -1  -1 
 13  -1  56  -1  -1  -1  42  45  -1  -1  -1  86  14  -1 303  -1  -1  -1  -1  -1  -1  -1  44  -1  -1  -1 
 14  -1 254  -1  -1  -1  -1  -1  -1 298  -1  -1 146  -1  25  -1  -1  -1  -1  -1  -1  -1 255  -1  79  -1 
 15  -1 196  -1 299  -1  -1  -1  -1  -1  -1  -1 247  -1  -1 221  -1 191 145 282  -1 104 104  -1  91  -1 
 16  -1 125  -1  -1  -1  -1  -1  -1 256  -1  -1  -1  -1  -1  -1  -1  -1  -1  72  -1 171 117 189  -1  -1 
 17  -1  12  -1  -1  -1  -1  -1  -1  -1  -1  -1  -1  -1  -1  -1  -1  -1  -1   1  -1  -1  18  -1 290  -1 
 18  -1  -1  -1  -1  -1 155  -1  -1  -1  -1  -1  -1  -1  -1  -1  -1  77  -1  -1  -1  -1  -1  -1   0  85 
 19  -1 164  33  -1  -1  -1 212  -1  -1  -1  -1  -1  -1  -1  -1  -1  -1  -1 232  -1  -1 259  16  16  -1 
 20  -1  -1 292  -1  -1  -1  -1  -1  -1  -1  -1 263  -1  -1  -1  -1  -1  -1 124  -1  -1  -1  -1 199  -1 
 21  -1  -1  -1  -1  -1  -1 120  -1  -1  -1  -1  -1  -1  -1  -1 236 236  -1  -1  -1  -1  -1  -1  -1  -1 
 22  -1  -1  -1  -1 306  -1  -1 218 204  -1  -1  32 243  -1  -1  -1  -1  -1  -1  -1  -1  -1  -1  -1  -1 
 23  -1  -1  -1  57  -1  -1  -1 286  -1  -1  -1  73  -1 293  -1  -1  -1  -1  -1 175  -1  -1 280 280  -1 
 24  -1 301 248  -1 198  -1 257  -1  -1  -1  -1  -1  -1  -1  -1  -1 205  -1 157  -1  -1  70 208  -1  -1 
 25  -1 233 304  -1  -1  -1  -1 192 192  -1  -1  -1  -1  -1  -1  -1  -1  -1 135 262  -1 179  -1  -1  -1 
 26  -1  27  -1  -1  -1  66  -1  -1  87 260  -1  37  -1 223  -1  -1  -1  -1 253  -1  -1 194  34 129  -1 
 27  -1  -1 188  -1  -1  -1  -1  -1  -1 177  -1  64  -1 246 169  -1  -1  -1  -1  -1  81  -1  60  60  -1 
 28  -1 219 220  -1  -1  -1  -1  -1  -1  -1  -1  -1  -1  -1  -1  -1  47  -1  -1  -1  -1  -1  -1  -1  -1 
 29  -1 116 215 158  -1  -1  -1  -1 277  -1  -1  -1  -1  -1  -1  -1  -1  -1  -1  -1  -1  -1  -1  -1  -1 
 30   4   4  19  19  19  -1  -1  17  17  -1  -1  -1  24   2   2  -1  30  -1  -1  -1  -1  -1  -1  -1  -1 
 31  -1  -1  -1  -1  -1  -1  -1  31  31  31  -1  -1  -1  -1  -1  -1  -1  -1  -1  -1  -1  -1  -1  -1  -1 
 32  46  46  48  48  -1  -1  -1  -1  74  -1  -1  -1  61  61  -1  -1  -1  63  63  63  -1  -1  -1  68  -1 
 33  -1  -1  -1  -1  -1  -1  -1  -1  -1  -1  -1  -1  75  75  75  -1  -1  -1  -1  -1  -1  -1  -1  -1  -1 
 34  92  92  -1  -1  -1  -1  -1 107 107 107 105 105  -1  90  90  -1  -1  -1  -1  -1  -1  -1 112 118  -1 
 35  -1  -1  -1  -1  -1  -1  -1  -1  -1  -1 119 119 119  -1  -1  -1  -1  -1  -1  -1  -1  -1  -1  -1  -1 
 36 134 134 151 151 151  -1  -1  -1 136 136  -1  -1  -1  -1  -1  -1 156  -1  -1  -1 149 149 162  -1  -1 
 37  -1  -1  -1  -1  -1  -1  -1  -1  -1  -1  -1  -1 163 163 163  -1  -1  -1  -1  -1  -1  -1  -1  -1  -1 
 38 178 178  -1 206  -1  -1  -1 200  -1  -1 195 195 195 180 180  -1  -1 193 193  -1  -1  -1  -1  -1  -1 
 39  -1  -1  -1  -1  -1  -1  -1  -1  -1  -1  -1  -1  -1  -1  -1  -1  -1 207 207 207  -1  -1  -1  -1  -1 
 40 224 224  -1 244  -1  -1  -1 239 239 239  -1  -1  -1  -1  -1  -1 250 222 222  -1 237 237  -1  -1  -1 
 41  -1  -1  -1  -1  -1  -1  -1  -1  -1  -1  -1  -1  -1  -1  -1  -1  -1  -1  -1  -1  -1  -1 251 251 251 
 42 266 266  -1  -1  -1  -1  -1 288  -1  -1  -1  -1 283 283 283 281 281  -1 294  -1  -1  -1 268 268  -1 
 43  -1  -1  -1  -1  -1  -1  -1  -1  -1  -1  -1  -1  -1  -1  -1 295 295 295  -1  -1  -1  -1  -1  -1  -1 
 44  -1  -1 285 274  -1  -1 181  -1  -1  -1 310  -1  21 273  -1 197  -1 182  -1  -1  -1 231  -1  49  -1 
 45  -1  -1  -1 140  -1  -1  10  -1 183  -1  -1  52  -1  -1  -1  -1  -1   8  -1  -1  -1  -1 138  -1  -1 
 46  -1  -1  -1   9  -1  -1  -1  -1   5 271  -1  -1  -1 141  -1  -1  -1  -1  -1  -1  -1 142   6  -1  -1 
 47  -1  -1  -1 229 315 241  -1  -1  -1  -1  -1  97  -1  -1  -1  -1  -1  -1  -1  -1  -1  -1 225  -1  -1 
 48  -1  -1  -1  -1  -1  -1  -1  -1  -1  -1  -1  11  -1  -1  -1 109 139 137  -1  -1  -1  -1 184  -1  -1 
 49  -1  -1  -1  -1  -1  -1  -1 308  54  -1  -1 270  -1  -1  -1  -1   7  -1  -1  -1  -1  -1  50  -1 312 
 50  -1  -1  -1  -1  -1  -1  -1  -1  -1  -1  -1 187 313  53  -1  -1 275  94  -1  -1  -1  -1  -1  -1  -1 
 51  -1  -1  -1  -1  -1  -1  93  65  -1  -1  -1  -1  -1  -1  -1  -1  99  -1  -1  -1  -1  -1  -1  -1  -1 
 52  -1  -1  -1  96  -1  -1 269  -1  95  55  -1  -1  -1  -1  -1 311 230  51 153 309 316  -1  -1  -1  -1 
 53  -1  -1 185  -1  -1 314 227  -1 228  -1  -1 143  -1  -1  -1  -1 186 272  -1  -1  -1  98  -1 226  -1 

