317
13 9
23 0
18 30
12 16
8 30
1 46
11 44
0 48
15 44
14 48
21 48
16 44
8 29
18 13
16 16
21 28
13 22
1 30
12 21
5 30
3 5
17 50
20 10
22 20
11 30
12 26
22 0
7 0
16 23
1 18
21 30
2 31
13 17
8 15
17 12
18 26
8 21
13 19
15 21
2 29
19 0
19 18
14 2
12 3
21 12
0 1
7 32
13 10
11 32
5 49
1 53
16 46
23 51
15 46
9 47
14 46
7 9
12 28
1 5
8 26
10 22
16 32
6 10
21 32
18 14
2 44
3 3
13 8
3 32
13 16
16 7
21 29
2 15
12 1
6 32
17 33
23 12
21 17
8 0
11 20
1 25
14 4
6 19
8 22
10 12
7 17
16 15
23 21
11 2
23 23
15 34
0 14
18 34
12 44
5 51
9 45
21 45
14 45
1 48
13 45
1 12
16 10
18 9
8 10
11 14
6 34
24 28
20 34
23 6
17 49
2 21
3 13
1 34
18 1
23 13
21 18
13 13
2 22
3 34
6 35
16 21
11 15
7 15
12 8
22 25
12 5
1 1
14 9
16 0
9 13
19 12
18 5
0 11
7 2
11 36
1 27
18 36
13 53
5 48
8 51
14 49
21 53
23 50
9 48
23 5
13 23
8 27
18 17
11 19
16 36
1 13
20 36
7 1
2 49
6 14
3 6
3 36
2 16
23 1
21 11
6 21
18 7
8 36
15 37
22 24
8 6
13 12
1 6
11 3
2 12
15 7
24 14
0 21
0 28
9 29
7 8
9 22
15 11
7 38
5 21
12 38
18 45
21 52
16 47
0 49
14 51
19 45
11 51
18 29
13 5
16 22
3 28
6 28
10 38
17 27
21 38
1 29
4 44
5 15
24 6
6 38
21 8
16 9
7 10
23 10
18 4
17 38
1 39
13 7
8 17
12 0
11 4
22 26
14 21
11 9
10 9
20 7
11 0
9 28
12 12
0 2
5 13
13 40
8 28
11 40
7 53
18 52
1 51
21 46
9 50
23 46
19 53
18 25
11 8
12 17
13 24
23 20
20 40
8 16
15 40
7 12
2 52
6 12
3 19
3 40
17 18
8 20
1 22
2 24
13 25
18 40
20 41
11 24
16 18
6 24
23 9
12 7
0 5
21 4
12 10
12 24
23 7
20 15
19 3
7 25
12 6
8 42
18 3
0 42
11 47
23 49
14 52
21 44
19 47
5 50
13 51
8 19
1 20
3 8
23 15
13 3
21 42
18 21
15 42
7 5
6 51
2 27
10 3
13 42
22 15
6 25
18 20
1 15
16 17
7 42
22 43
2 10
17 20
21 10
3 16
12 22
20 3
3 2
0 16
9 26
9 9
4 21
9 2
3 50
2 48
4 47
10 48
24 51
17 48
22 52
6 47
20 48

