317
6 9
14 29
15 30
11 9
20 30
1 51
8 53
3 47
2 48
24 48
13 47
17 48
6 24
1 17
21 5
13 24
2 24
17 30
23 10
7 30
16 10
22 44
12 4
11 26
22 30
21 24
7 9
1 16
16 22
13 29
6 30
17 31
23 14
2 4
3 14
11 10
1 6
2 6
4 13
7 18
3 10
1 9
18 15
12 0
18 24
20 3
15 32
21 8
13 32
17 53
11 53
6 48
1 52
3 49
22 50
24 46
1 29
6 25
22 12
2 5
10 28
17 32
12 29
7 32
3 25
23 44
21 23
19 10
23 32
17 8
21 17
12 3
7 6
1 11
11 32
2 33
8 8
6 1
13 13
16 19
22 10
19 21
19 3
5 0
19 8
11 3
5 24
14 2
8 0
11 1
20 34
1 15
15 34
18 47
17 52
2 47
6 46
13 52
3 50
14 47
8 29
17 29
18 26
21 27
12 23
3 34
9 22
22 34
16 14
19 47
7 22
1 18
18 34
21 21
11 0
12 19
8 5
17 1
13 34
2 35
23 22
7 8
2 20
6 28
16 15
15 0
15 1
23 3
5 29
6 5
13 2
16 8
3 4
6 12
15 36
11 12
20 36
13 46
24 49
1 46
2 53
22 52
8 50
18 45
1 2
21 28
22 0
12 10
7 15
2 36
23 20
17 36
13 8
0 45
11 21
9 3
22 36
23 12
16 3
18 21
3 3
11 20
1 36
12 37
17 19
2 19
7 12
21 2
6 27
15 12
3 29
23 0
4 25
22 7
16 20
18 17
24 8
17 21
15 38
8 28
13 38
2 46
1 49
21 48
22 46
11 44
18 46
6 53
16 13
6 22
11 6
21 0
12 20
18 38
23 26
2 38
22 16
7 49
10 26
8 27
6 38
2 25
17 28
18 12
1 13
8 23
7 38
20 39
13 0
23 1
11 13
11 4
3 15
6 0
21 11
9 2
11 2
24 21
0 20
20 7
20 20
24 11
13 40
1 28
15 40
21 44
8 48
11 50
18 53
22 47
2 52
17 46
8 2
18 25
17 24
16 6
13 6
20 40
9 0
2 40
7 10
1 44
12 16
23 25
18 40
2 12
12 28
17 26
16 17
13 10
1 40
5 41
23 16
3 28
11 16
21 4
8 26
11 24
5 26
18 19
2 1
1 12
15 13
1 0
3 13
13 1
20 42
11 23
17 42
6 44
22 53
15 51
8 44
2 45
16 49
14 44
6 7
16 27
8 16
22 26
17 2
23 42
7 1
0 42
13 14
10 47
12 14
11 25
11 42
23 18
13 12
2 16
8 21
18 28
3 42
22 43
7 5
1 22
21 16
6 13
17 0
24 20
17 25
9 6
1 14
9 1
0 10
22 8
12 53
0 53
4 44
10 46
9 53
7 44
19 53
23 53
5 45

