317
11 25
18 28
5 30
16 18
0 30
23 48
15 48
22 46
3 53
19 45
12 47
21 47
1 5
11 11
12 3
6 24
22 3
7 30
24 4
2 30
18 2
13 45
16 17
17 5
12 30
13 20
16 2
3 4
22 1
6 11
17 30
7 31
11 5
1 15
21 25
23 16
3 3
9 5
22 6
4 3
20 11
11 4
20 20
10 0
21 16
15 16
5 32
16 9
0 32
18 52
3 44
11 47
22 45
12 52
8 48
23 44
12 25
1 4
11 24
21 19
22 25
7 32
13 4
2 32
6 19
17 45
16 7
19 26
13 32
2 8
16 23
21 2
12 4
6 23
17 32
7 33
3 6
21 9
22 5
13 3
18 8
11 7
8 8
13 24
3 14
24 8
6 26
6 14
22 11
11 10
18 34
23 14
15 34
6 52
3 51
2 51
1 51
5 48
21 53
8 44
18 6
16 28
21 5
22 2
8 17
2 34
4 15
12 34
11 19
17 53
7 1
23 13
22 34
16 15
11 16
13 6
7 19
21 26
23 34
0 35
18 0
8 25
3 20
6 3
12 19
20 2
3 1
2 1
23 17
7 17
21 29
19 28
12 15
21 12
18 36
23 22
0 36
2 46
15 49
16 52
22 50
6 44
11 53
5 51
12 28
18 5
16 21
11 22
5 17
7 36
17 23
2 36
21 14
13 48
23 29
24 0
22 36
3 15
18 23
16 22
23 18
6 18
11 36
7 37
12 1
11 28
1 24
17 8
21 22
8 22
18 20
4 27
18 24
19 15
17 2
11 1
5 10
15 3
18 38
21 17
0 38
23 49
12 46
8 53
6 51
16 48
22 51
11 49
12 11
18 16
23 4
16 16
5 28
7 38
13 13
2 38
22 17
17 52
10 26
21 7
11 38
2 23
18 18
12 17
17 15
6 5
13 38
7 39
22 22
3 27
21 15
21 27
1 1
2 27
21 24
10 3
1 13
3 26
24 25
5 0
21 3
23 28
5 40
12 13
0 40
15 47
16 51
3 45
2 47
22 47
11 50
18 53
16 6
22 4
1 10
21 23
2 29
7 40
14 2
17 40
6 15
20 46
13 0
12 23
3 40
12 6
23 21
21 13
22 19
17 16
13 40
7 41
18 21
11 27
1 20
2 2
16 27
5 5
13 9
14 5
1 25
11 3
15 10
22 14
11 26
0 28
15 42
12 9
2 42
6 48
22 48
19 52
21 50
8 51
18 48
1 52
11 6
8 1
16 24
6 0
3 13
18 42
17 28
22 42
2 4
9 48
13 2
12 29
12 42
6 25
3 19
13 26
17 9
22 27
1 42
5 43
16 14
11 13
8 11
18 17
21 6
12 8
17 11
15 26
12 20
5 27
12 22
21 0
13 51
20 53
24 53
10 53
4 44
7 49
9 47
17 49
14 53

