317
18 16
10 0
20 30
8 20
3 30
1 50
7 44
5 53
11 45
2 47
12 53
22 48
1 14
21 14
22 23
7 15
2 22
17 30
0 9
12 30
16 10
23 44
8 1
6 28
6 30
7 25
12 7
3 4
18 17
23 15
11 30
15 31
8 0
1 4
2 14
21 28
3 5
6 26
1 23
3 0
7 3
6 19
15 6
2 25
17 1
20 29
3 32
2 5
10 32
1 53
21 46
8 46
7 47
13 52
18 51
22 46
1 29
8 15
11 28
3 27
17 23
22 32
2 16
5 32
21 15
12 46
16 11
14 20
13 32
12 10
21 11
8 13
6 6
1 20
16 32
22 33
3 23
2 8
17 7
11 12
7 9
18 4
18 15
12 20
13 29
5 12
17 9
15 8
18 24
3 1
1 34
17 10
10 34
12 45
13 49
5 44
8 49
20 51
21 44
4 53
18 20
1 25
2 3
21 0
12 2
7 34
19 26
22 34
3 12
6 48
17 3
16 5
17 34
11 11
2 20
1 18
23 16
18 22
16 34
7 35
13 9
22 0
7 22
21 21
3 25
13 17
18 21
5 0
11 15
22 16
3 16
15 21
18 3
1 24
10 36
2 9
20 36
8 50
5 48
3 49
4 50
12 52
7 46
17 52
21 17
18 27
17 6
12 26
10 21
7 36
16 8
22 36
1 12
6 51
2 19
0 28
16 36
18 19
23 24
21 20
8 2
11 29
6 36
12 37
22 3
6 22
3 10
17 18
2 0
14 7
12 11
20 2
8 10
21 16
0 0
4 12
4 15
10 2
11 38
2 6
20 38
22 47
8 45
3 45
18 44
13 47
1 51
5 50
3 14
1 2
11 24
21 10
12 12
8 38
23 2
17 38
22 14
6 45
2 28
16 12
1 38
13 25
17 13
18 26
21 4
6 27
23 38
7 39
22 12
12 24
3 20
2 2
11 19
0 2
1 0
21 6
21 27
19 0
23 9
10 10
11 3
5 14
3 40
1 27
7 40
2 45
12 44
21 49
20 48
13 51
22 52
17 49
13 10
3 17
2 13
8 18
20 3
17 40
1 26
10 40
7 8
6 52
23 7
16 6
22 40
11 27
7 2
6 29
8 26
21 26
13 40
17 41
2 24
12 25
23 0
1 3
16 4
21 25
22 7
3 28
21 8
1 8
8 29
22 2
18 1
20 10
7 42
17 25
3 42
13 44
11 44
5 52
21 47
12 50
1 46
2 44
13 8
8 22
18 8
7 13
2 15
0 42
17 15
22 42
12 4
16 52
14 27
6 16
2 42
2 21
6 17
23 13
18 28
21 7
13 42
10 43
16 27
22 18
3 13
17 29
8 4
0 17
4 25
5 28
9 8
6 8
16 13
1 17
23 48
24 50
14 50
6 53
9 50
16 48
15 53
0 53
19 50

