317
17 4
14 12
5 30
22 22
2 30
1 46
11 49
13 44
12 51
10 51
20 50
18 52
1 6
12 7
11 5
13 5
2 20
7 30
21 21
17 30
6 18
23 46
22 19
16 20
21 30
22 11
12 29
17 15
2 29
6 7
13 30
7 31
23 16
16 19
1 13
3 25
18 0
4 29
2 11
20 18
0 3
24 16
7 9
9 27
18 10
3 15
13 32
2 6
7 32
1 52
5 46
12 53
20 46
17 50
11 45
10 44
8 23
11 7
7 19
1 1
12 13
22 32
16 14
17 32
3 13
2 45
6 4
21 22
6 32
7 17
13 12
18 20
17 9
21 24
1 32
22 33
11 25
18 2
2 13
8 26
12 27
13 2
22 14
21 17
18 14
19 20
11 0
2 1
8 17
3 17
1 34
17 5
10 34
18 53
12 52
14 44
7 50
20 52
13 50
22 52
18 3
2 17
1 12
8 0
12 20
22 34
21 15
5 34
3 1
9 51
17 13
16 12
18 34
8 13
3 11
2 0
11 8
17 27
16 34
22 35
7 2
13 6
22 15
12 19
1 28
13 11
14 6
20 16
18 9
20 5
9 23
23 18
12 1
1 14
2 36
7 5
5 36
20 49
10 48
13 48
8 47
18 44
22 46
14 52
6 29
12 17
13 14
22 5
2 7
7 36
11 3
15 36
23 27
9 48
21 2
0 4
12 36
11 6
1 25
6 10
16 9
21 13
18 36
22 37
8 21
18 22
7 20
13 23
2 18
19 14
23 20
6 6
12 18
10 24
5 6
4 12
14 27
20 12
10 38
18 28
5 38
1 51
3 47
8 49
7 52
13 47
12 47
17 48
6 5
17 2
11 4
1 21
12 15
2 38
18 1
22 38
8 8
16 50
9 17
21 12
18 38
7 0
22 8
23 21
13 17
3 6
12 38
0 39
11 10
8 4
17 23
17 20
6 20
13 29
16 29
16 26
8 10
2 22
4 17
16 27
18 7
20 26
5 40
17 16
10 40
8 45
3 53
7 48
2 47
1 50
22 44
13 49
8 3
11 18
22 27
18 21
5 15
2 40
21 18
12 40
1 8
16 47
23 0
17 28
16 40
7 15
21 4
22 29
23 10
13 7
17 40
2 41
11 16
6 13
8 5
1 18
12 2
14 9
7 16
4 9
11 17
18 27
3 3
12 10
18 4
20 22
13 42
12 26
5 42
11 47
1 44
10 46
22 50
3 52
8 51
7 46
22 16
13 1
11 28
1 26
7 18
2 42
12 28
17 42
23 26
9 44
21 25
16 24
7 42
3 14
11 29
17 11
21 5
16 25
12 42
2 43
8 14
18 18
1 11
6 23
22 7
3 5
3 27
2 28
16 15
0 19
9 9
22 1
21 53
4 53
0 46
24 44
9 46
16 53
15 44
23 44
19 53

