317
11 21
18 24
8 30
7 11
2 30
22 51
21 49
23 44
1 46
20 47
16 45
13 47
13 18
23 29
22 18
8 12
2 2
15 30
0 17
10 30
17 5
7 44
24 10
6 13
22 30
3 9
23 20
12 3
21 29
8 14
1 30
15 31
2 13
11 6
7 1
6 15
13 6
3 7
21 23
23 13
24 19
1 13
0 19
5 29
21 5
13 17
0 32
3 18
8 32
11 51
18 48
2 52
16 52
22 44
10 46
20 51
22 10
1 1
21 14
11 12
8 5
17 32
12 19
5 32
16 4
3 51
23 22
4 22
21 32
3 1
23 0
11 18
8 1
2 15
16 32
17 33
6 16
11 27
12 23
1 22
22 11
1 25
3 15
2 11
23 15
6 5
4 4
1 2
8 2
3 14
20 34
13 28
0 34
7 51
11 49
2 44
16 48
9 52
18 47
10 45
8 13
21 6
1 9
2 16
10 9
23 34
5 24
15 34
18 18
13 44
12 29
6 20
2 34
18 21
13 26
12 8
8 26
1 23
11 34
22 35
17 26
6 2
21 4
7 0
3 28
22 8
13 22
14 18
16 28
21 21
5 17
2 12
11 2
21 16
0 36
16 15
8 36
23 53
13 50
22 53
20 52
7 53
18 50
10 44
13 0
7 10
8 28
17 24
22 2
18 36
6 24
2 36
21 9
16 53
12 2
14 8
13 36
12 5
2 4
1 0
8 6
16 8
6 36
17 37
3 27
6 1
23 8
11 3
22 4
12 22
12 28
19 28
13 4
17 19
19 19
15 18
9 18
3 21
22 38
2 0
20 38
11 52
16 49
10 48
8 47
0 49
1 44
7 52
11 20
21 26
1 20
12 12
22 17
7 38
2 6
17 38
13 7
6 49
24 4
4 20
16 38
2 22
3 22
17 20
7 14
22 20
6 38
12 39
8 21
18 11
21 20
23 18
1 14
9 23
22 5
11 8
18 19
23 11
9 12
24 0
7 3
21 1
8 40
2 23
0 40
22 49
18 53
23 50
3 48
20 44
16 51
13 51
13 24
1 15
23 1
3 24
7 25
17 40
6 9
10 40
22 28
15 47
24 27
2 9
16 40
6 18
13 29
12 10
11 14
22 24
3 40
17 41
2 10
7 12
8 11
1 21
23 10
6 26
5 4
16 6
3 6
0 23
11 4
20 21
13 21
20 4
10 42
16 18
22 42
2 49
8 46
1 51
3 53
9 51
21 53
18 52
18 28
21 0
22 7
23 16
13 23
2 42
4 5
5 42
11 7
16 46
17 29
12 25
16 42
1 3
13 1
8 18
23 24
6 27
12 42
0 43
17 22
7 26
3 13
18 27
22 27
7 27
2 29
5 18
19 24
9 26
9 21
4 19
17 50
15 45
5 49
19 50
4 50
6 44
12 46
24 53
14 45

