317
22 18
12 2
5 30
17 11
15 30
13 45
7 47
2 50
21 45
11 48
3 51
8 53
21 12
6 24
13 0
11 7
7 19
2 30
19 1
22 30
1 9
17 51
14 9
18 5
21 30
22 1
11 22
18 21
3 15
8 10
13 30
0 31
23 26
16 21
17 8
6 16
16 27
18 11
8 1
9 22
15 0
21 5
15 18
5 17
22 28
8 18
15 32
11 25
5 32
12 49
13 53
1 49
17 47
2 47
21 52
0 48
6 13
21 17
16 22
22 9
12 16
17 32
7 10
2 32
1 7
23 53
11 5
9 26
22 32
23 22
1 20
7 11
6 0
16 23
11 32
17 33
2 29
7 5
13 2
21 0
3 9
12 11
14 6
13 22
22 8
1 16
23 6
6 11
21 9
11 4
15 34
0 11
5 34
2 53
8 49
17 49
13 44
1 48
12 53
3 53
1 15
6 2
3 12
7 16
17 16
12 34
20 22
22 34
8 27
14 51
19 25
0 1
1 34
23 19
13 11
12 7
17 14
3 10
2 34
7 35
22 11
18 9
6 1
16 7
11 13
23 15
18 17
7 15
2 10
0 8
7 2
22 5
13 13
1 29
5 36
12 3
15 36
3 46
2 49
22 48
11 53
7 48
21 53
0 49
16 25
22 19
21 13
6 14
3 28
7 36
10 5
17 36
1 25
23 46
12 13
14 2
12 36
13 10
16 6
18 1
3 7
6 5
2 36
7 37
17 21
2 19
23 10
11 15
21 10
5 19
12 9
10 6
24 3
13 25
11 19
14 12
5 3
3 20
15 38
1 8
12 38
11 50
6 45
7 45
21 49
0 50
2 46
8 44
8 24
2 9
6 23
11 26
12 12
18 38
9 13
22 38
17 25
4 48
10 28
1 26
8 38
1 12
2 12
6 8
23 9
12 26
21 38
17 39
22 20
16 18
11 18
11 9
3 23
12 21
10 19
22 24
12 29
16 14
21 28
21 19
12 25
5 25
7 40
13 23
15 40
6 51
22 51
3 50
2 48
11 44
1 47
17 50
12 10
17 29
11 23
16 12
7 13
20 40
13 4
2 40
6 9
0 53
18 25
23 29
13 40
3 14
16 5
11 6
2 8
17 12
6 40
20 41
8 11
1 17
18 3
23 3
7 24
3 24
12 22
18 29
14 28
1 13
13 8
24 23
7 14
0 22
2 42
21 20
15 42
8 52
13 52
5 44
22 45
11 47
17 46
6 53
2 18
17 22
16 17
6 21
7 12
12 42
18 19
22 42
3 21
10 46
1 1
21 21
17 42
3 0
6 19
16 16
22 27
1 4
11 42
12 43
23 21
18 28
2 26
21 29
8 4
23 8
12 0
23 23
5 20
6 4
2 20
4 12
24 46
14 49
10 53
9 50
19 50
23 50
4 50
18 53
20 46

