317
2 4
8 15
13 30
7 27
17 30
16 45
3 44
1 45
20 51
6 51
21 53
11 49
13 9
17 17
18 18
6 22
2 26
22 30
0 6
10 30
21 27
19 48
9 11
7 17
16 30
12 5
3 29
6 15
21 29
18 16
2 30
22 31
11 19
7 14
1 18
17 14
8 11
23 17
4 25
11 18
4 6
13 16
17 18
16 1
21 16
2 6
13 32
8 17
0 32
6 47
7 44
16 44
12 47
17 45
20 52
18 44
6 0
16 16
7 6
12 11
17 8
10 32
3 23
22 32
21 7
4 52
8 10
19 21
16 32
3 7
1 2
21 18
17 10
13 29
6 32
10 33
23 1
21 17
8 19
18 23
2 19
23 25
8 16
13 2
5 2
7 16
24 6
19 7
13 20
18 6
7 34
17 16
20 34
2 50
3 47
16 53
11 48
0 45
6 53
1 51
6 19
1 0
16 23
11 26
20 22
2 34
15 24
12 34
23 7
9 46
5 22
17 0
16 34
11 22
8 6
7 8
3 6
17 13
6 34
22 35
12 0
2 23
21 4
1 29
18 28
5 23
7 22
21 21
12 16
6 24
9 27
14 2
8 27
7 0
20 36
16 13
13 36
1 46
2 46
3 46
11 44
6 52
12 44
0 46
1 28
13 23
12 21
21 12
2 11
22 36
10 4
17 36
8 0
5 45
9 10
16 4
6 36
3 10
12 24
13 5
8 21
21 0
16 36
22 37
18 13
16 7
2 20
1 6
7 12
11 24
22 16
3 17
4 22
10 28
7 28
4 3
18 12
20 0
0 38
7 9
13 38
11 53
17 53
21 52
6 49
12 45
8 50
16 49
12 7
16 0
13 24
11 13
17 1
23 38
7 10
2 38
21 14
5 50
15 17
9 25
18 38
2 15
3 28
16 14
6 29
11 1
7 38
22 39
8 22
17 20
13 19
12 10
1 24
8 3
13 14
18 29
12 17
7 19
1 4
6 1
6 5
20 26
13 40
12 19
1 40
11 50
18 50
8 52
21 44
7 49
17 52
0 49
21 9
2 27
13 21
11 10
7 25
17 40
5 6
22 40
16 22
4 51
12 4
3 3
7 40
11 27
21 11
23 22
6 23
3 13
8 40
15 41
2 13
13 3
12 8
18 27
1 22
12 3
10 20
4 28
5 18
12 15
8 28
22 26
8 13
0 0
20 42
6 16
13 42
3 48
12 50
1 47
16 46
17 47
2 49
7 46
13 4
8 29
7 5
17 3
2 2
18 42
11 6
22 42
1 25
10 50
6 3
4 12
11 42
12 18
2 29
21 19
6 18
23 10
16 42
17 43
7 3
22 29
13 18
8 8
1 9
11 7
5 14
10 29
8 18
6 11
11 20
11 16
22 47
9 49
5 46
15 46
10 53
23 49
19 46
4 48
24 44

