317
7 23
13 27
0 30
2 1
20 30
23 53
18 53
11 50
10 53
22 48
17 53
3 53
22 8
21 10
23 17
11 28
18 0
3 30
6 14
7 30
17 9
2 51
14 18
12 2
22 30
23 20
13 23
3 25
18 26
7 22
12 30
15 31
21 15
1 4
2 14
6 23
1 12
15 13
17 20
3 19
4 1
5 5
7 12
6 24
11 9
0 26
20 32
16 4
17 32
8 50
13 47
22 50
1 52
7 47
23 52
10 44
22 26
11 23
13 1
6 26
17 27
23 32
9 21
2 32
1 27
12 53
16 1
19 13
8 32
3 8
2 17
17 1
18 7
21 2
13 32
5 33
23 27
21 19
11 5
8 14
16 16
16 6
8 0
11 10
15 16
10 3
14 10
7 24
16 19
23 10
10 34
7 18
0 34
8 45
3 52
13 49
21 45
18 45
20 44
2 52
3 16
2 3
7 14
8 16
20 13
12 34
15 27
17 34
16 9
4 46
22 19
6 19
7 34
17 14
23 0
22 11
3 4
6 8
8 34
12 35
16 25
2 23
11 11
1 8
21 0
5 9
8 10
8 19
6 17
14 3
5 0
1 24
11 26
21 12
0 36
7 0
22 36
17 44
20 47
3 51
8 53
13 50
16 52
2 53
16 20
1 18
3 20
17 28
23 25
18 36
6 5
10 36
22 15
4 45
7 6
5 7
6 36
3 22
22 0
23 6
8 21
16 10
13 36
17 37
12 27
11 20
2 15
1 3
7 5
6 15
5 17
5 29
9 28
19 25
3 17
21 23
10 20
18 4
0 38
17 15
20 38
7 46
16 50
8 44
13 53
3 45
23 51
11 45
21 29
3 13
1 20
16 2
7 20
22 38
17 11
12 38
18 10
4 49
6 21
2 6
7 38
17 16
11 27
13 12
1 5
21 18
3 38
22 39
2 26
16 24
8 13
6 10
18 23
1 2
4 21
10 0
9 11
21 24
14 19
20 5
2 20
20 1
16 40
11 25
0 40
10 49
21 53
18 49
7 53
3 50
8 46
13 51
2 18
18 28
3 29
16 29
7 4
23 40
4 2
12 40
22 24
11 53
15 28
6 25
6 40
3 12
12 24
13 16
17 25
18 1
2 40
22 41
8 2
1 1
16 28
7 29
21 22
16 22
5 2
11 1
11 29
0 6
19 20
8 22
8 17
20 25
0 42
21 7
10 42
17 47
7 45
2 49
16 48
18 47
3 46
22 45
22 13
2 2
1 29
11 17
7 9
12 42
23 13
17 42
3 7
21 50
6 6
5 18
22 42
13 28
21 3
7 3
2 19
18 3
8 42
12 43
1 0
6 4
11 13
3 14
17 4
10 9
3 27
0 22
4 11
7 13
2 22
11 15
19 52
24 53
5 44
15 52
14 46
12 47
6 51
4 52
9 47

