317
18 24
24 2
22 30
7 24
3 30
1 52
21 52
6 49
13 50
2 51
12 50
8 52
21 14
8 3
6 23
23 22
2 23
12 30
0 0
17 30
11 25
7 45
20 14
16 7
6 30
7 1
17 27
23 26
2 19
13 2
16 30
10 31
8 27
22 25
1 0
3 25
23 1
12 10
12 27
19 21
4 20
4 19
18 27
9 5
12 4
19 19
23 32
18 0
20 32
2 49
13 53
1 49
7 49
6 47
4 53
3 50
23 8
6 14
21 29
17 19
2 5
13 32
22 17
7 32
16 29
18 49
0 12
11 29
3 32
21 17
18 11
7 9
2 7
22 16
11 32
15 33
6 21
7 10
13 18
23 0
1 20
10 7
3 10
8 14
11 1
14 24
23 14
23 12
8 12
4 21
18 34
13 11
23 34
7 50
22 53
21 47
3 49
6 44
12 47
20 50
18 5
23 15
3 19
2 2
10 19
20 34
16 3
7 34
6 29
5 51
13 16
17 10
6 34
16 12
12 12
13 25
22 14
7 16
11 34
0 35
18 3
23 29
2 13
21 5
8 17
24 26
11 26
11 7
19 11
7 3
10 2
16 18
12 29
1 6
18 36
6 9
20 36
23 45
22 49
2 45
3 48
8 46
13 48
4 50
2 4
12 18
13 10
17 5
18 26
3 36
11 8
22 36
8 1
0 50
7 6
6 7
11 36
12 14
23 6
21 2
7 14
18 20
6 36
15 37
22 11
8 26
2 26
13 17
1 14
8 21
12 22
5 9
7 27
18 19
12 13
20 20
19 12
20 8
23 38
22 19
1 38
12 51
6 45
3 47
8 51
4 52
21 44
18 47
18 12
21 20
1 22
23 11
2 11
7 38
16 22
12 38
6 26
22 46
17 28
11 6
16 38
12 15
23 3
22 5
11 17
8 23
18 38
5 39
1 28
17 21
2 27
3 24
13 24
5 29
3 17
19 5
12 23
1 15
18 2
1 21
20 0
23 21
18 40
1 27
3 40
2 50
6 51
21 46
12 52
22 52
8 48
13 52
6 11
12 20
22 22
21 11
2 16
15 40
1 11
7 40
17 18
14 52
24 4
11 4
12 40
8 8
21 19
22 15
2 12
3 8
6 40
15 41
11 2
7 20
1 24
13 14
18 1
10 5
17 11
5 24
0 3
0 18
23 17
10 25
13 26
20 16
2 42
21 3
23 42
6 53
18 50
4 44
7 48
8 49
1 44
22 44
23 13
2 9
3 28
1 12
7 11
18 42
5 10
12 42
22 1
16 51
21 6
11 14
7 42
18 17
8 28
12 16
3 13
22 28
11 42
17 43
1 5
13 29
16 26
2 25
21 4
13 9
4 10
10 3
9 7
17 20
13 15
15 15
11 52
10 51
5 44
9 50
15 45
16 49
17 44
0 44
14 47

