317
2 16
18 26
12 30
7 5
15 30
3 52
8 47
5 45
20 48
17 44
23 44
6 45
1 18
17 27
16 8
8 9
13 0
23 30
11 26
2 30
18 17
21 52
9 17
7 7
8 30
7 20
16 10
3 15
21 12
12 3
17 30
22 31
6 0
1 5
11 1
13 20
2 8
11 29
13 22
6 14
8 7
13 27
15 13
2 3
17 12
8 27
3 32
23 20
6 32
12 49
18 46
16 49
22 48
13 46
2 46
15 45
12 7
3 16
2 21
22 7
15 22
13 32
5 1
17 32
21 0
1 52
23 8
9 11
12 32
17 20
18 5
7 27
13 23
23 27
16 32
20 33
2 23
7 3
6 12
11 0
1 13
4 25
22 9
12 14
2 20
0 8
16 18
9 5
22 12
4 21
7 34
16 13
17 34
2 52
6 44
3 47
13 45
20 52
15 49
5 44
18 25
7 12
13 17
17 26
2 27
5 34
21 5
22 34
11 25
14 47
1 4
16 17
1 34
7 6
22 8
23 16
17 8
2 5
21 34
10 35
6 29
18 21
12 5
16 25
3 5
8 25
14 22
11 4
7 11
17 24
2 1
18 8
18 1
23 29
3 36
8 29
5 36
22 45
16 44
17 46
7 46
13 44
12 45
15 51
18 24
7 1
3 19
2 11
12 1
15 36
9 1
20 36
1 28
19 50
8 28
11 23
13 36
12 20
23 25
6 8
16 3
3 7
18 36
0 37
8 1
17 0
7 17
11 3
22 0
19 28
5 22
14 25
9 4
12 28
14 13
1 22
5 11
20 13
15 38
22 26
3 38
18 50
12 47
8 49
6 48
17 50
23 47
13 52
18 20
3 1
16 7
17 18
5 15
7 38
2 25
10 38
23 22
1 51
21 1
22 29
23 38
17 9
18 22
22 19
11 16
1 0
13 38
7 39
12 23
6 13
3 23
3 3
16 29
7 18
19 21
7 0
15 19
16 12
12 9
21 18
15 26
20 3
2 40
22 13
5 40
4 47
23 53
16 51
8 46
17 45
13 47
18 45
13 14
3 6
23 14
2 15
15 28
17 40
14 28
7 40
11 6
1 53
21 24
22 24
16 40
2 26
22 28
6 27
7 13
21 23
1 40
10 41
17 22
8 8
3 25
18 28
13 18
15 20
3 13
11 12
2 28
7 4
10 9
13 6
6 5
20 5
3 42
18 6
22 42
16 46
12 50
15 47
13 49
2 47
5 47
17 48
17 17
2 19
16 2
11 5
22 18
0 42
18 13
7 42
13 15
14 50
24 10
21 16
16 42
3 22
7 8
23 11
21 28
3 26
13 42
10 43
17 10
22 10
1 23
18 15
6 22
16 27
1 3
6 26
2 24
7 22
24 4
16 5
21 51
11 49
10 46
24 47
19 51
1 49
0 47
9 45
14 44

