317
18 29
14 28
10 30
21 19
3 30
8 44
12 49
6 50
2 44
5 45
7 53
13 45
6 23
8 13
7 21
3 26
12 8
22 30
9 1
16 30
11 5
21 51
0 27
1 18
2 30
3 27
13 15
17 27
21 17
8 10
12 30
22 31
1 8
18 21
7 23
6 7
16 7
1 3
5 4
5 10
1 21
23 16
11 23
12 2
2 23
13 19
5 32
7 6
10 32
8 48
18 47
16 46
21 52
3 46
14 49
4 53
6 3
21 18
11 4
8 26
2 21
17 32
7 29
22 32
16 5
12 51
1 7
20 1
3 32
12 19
11 12
18 27
21 11
2 27
7 32
15 33
23 7
1 9
6 29
3 23
13 29
0 0
9 19
20 27
9 0
17 15
11 7
0 9
16 15
4 16
10 34
2 7
5 34
13 49
7 47
3 48
21 45
8 47
12 46
14 46
3 18
7 12
21 22
23 13
12 20
8 34
15 29
17 34
16 12
20 51
1 15
2 5
7 34
13 10
17 5
18 19
1 17
6 14
16 34
22 35
12 22
21 9
22 24
2 8
8 16
10 16
13 2
14 13
12 16
5 8
9 27
10 18
2 0
6 10
13 36
8 5
10 36
16 53
5 53
7 48
12 53
23 44
3 51
4 51
16 25
7 17
11 25
22 17
12 4
2 36
9 5
17 36
23 29
1 46
8 18
24 14
1 36
2 15
7 16
11 21
18 16
23 1
16 36
20 37
13 21
17 29
12 26
3 13
8 0
3 20
10 29
1 10
17 11
16 0
7 1
6 9
13 13
6 17
10 38
2 2
3 38
12 48
16 51
8 53
7 52
14 47
5 49
21 53
8 8
3 1
11 26
21 29
12 14
23 38
2 14
17 38
6 2
20 49
9 21
1 28
1 38
7 14
17 4
16 17
8 29
21 27
2 38
22 39
13 11
3 12
11 9
12 27
6 18
11 16
3 3
14 6
15 16
4 3
17 21
1 26
10 4
5 24
13 40
16 27
7 40
11 45
3 47
23 49
21 50
12 45
18 45
4 46
12 5
21 12
23 6
8 27
13 25
17 40
6 8
0 40
7 11
24 50
22 23
16 23
22 40
13 5
8 12
6 19
7 9
23 4
11 40
17 41
2 13
12 28
21 5
3 4
16 26
2 6
13 22
14 11
11 14
20 10
20 6
7 4
2 16
12 13
5 42
13 0
10 42
3 44
21 49
7 51
23 51
16 45
8 45
18 46
11 17
8 20
6 22
7 20
15 1
22 42
20 11
2 42
18 2
14 53
13 3
1 20
21 42
22 15
13 16
2 19
8 11
1 24
16 42
17 43
7 26
3 10
23 18
6 15
12 0
4 24
8 23
2 4
2 18
4 17
18 24
16 22
22 44
19 53
20 53
17 50
0 50
1 49
15 48
9 51
24 52

