317
3 6
18 0
15 30
13 21
20 30
7 44
12 51
11 51
0 48
6 46
8 53
22 45
1 9
21 29
22 25
8 4
15 1
10 30
23 15
2 30
7 3
13 46
5 26
17 3
22 30
2 18
17 17
11 11
21 6
6 21
1 30
7 31
23 25
12 4
13 20
16 6
11 19
10 18
13 22
4 1
0 17
21 11
1 1
20 3
22 5
20 10
2 32
21 3
15 32
18 46
12 44
11 45
6 48
8 51
0 46
13 52
16 27
3 25
2 25
11 12
22 8
12 32
17 18
7 32
6 28
1 45
21 24
19 8
17 32
6 18
13 3
3 23
2 4
18 10
21 32
10 33
8 8
18 11
23 0
16 29
1 27
8 19
19 26
13 10
9 2
1 12
18 1
12 25
8 18
3 20
20 34
15 14
12 34
22 47
18 44
2 49
6 50
0 51
11 47
16 49
21 26
22 29
2 20
8 5
12 14
18 34
4 19
5 34
11 16
15 51
23 4
1 26
11 34
22 18
3 4
1 22
6 26
12 22
2 34
17 35
21 21
7 29
17 26
8 15
13 0
7 1
22 28
16 11
21 25
8 27
9 5
0 26
3 13
2 17
12 36
11 15
7 36
18 50
15 44
16 46
20 47
21 45
6 44
0 47
21 15
8 24
3 15
16 20
12 13
17 36
5 20
22 36
2 5
9 51
1 2
11 8
11 36
13 16
23 24
22 20
8 21
16 4
6 36
17 37
21 2
7 12
1 29
12 28
2 7
11 25
5 18
14 9
5 5
18 18
18 5
16 19
0 11
20 1
15 38
3 19
12 38
7 49
21 50
8 50
6 51
11 48
2 50
22 51
7 25
11 2
6 23
8 9
12 19
17 38
3 21
22 38
16 16
4 49
14 29
1 15
3 38
8 2
21 13
23 10
6 1
16 2
2 38
17 39
13 8
1 17
12 18
11 18
7 22
12 12
0 9
1 18
0 1
4 12
7 27
24 7
7 20
21 20
17 40
13 24
15 40
0 53
6 53
3 47
20 44
12 49
11 44
2 46
6 24
17 29
12 20
16 12
3 18
23 40
1 8
7 40
22 11
19 51
10 8
13 9
13 40
2 13
18 6
17 12
16 8
8 6
1 40
22 41
7 2
3 2
11 28
12 27
6 8
14 24
13 15
12 1
2 24
9 28
1 13
16 5
11 13
20 22
17 42
22 24
2 42
21 44
7 50
0 50
6 52
16 50
15 53
12 47
6 3
2 19
21 14
3 10
17 4
15 42
23 12
12 42
8 0
1 52
5 2
22 7
22 42
7 24
23 3
12 11
1 10
18 2
11 42
7 43
2 6
13 25
6 0
3 26
17 10
13 12
3 11
8 17
10 27
14 6
23 14
3 29
5 53
14 50
9 48
10 48
4 44
1 48
23 48
19 44
24 51

