317
21 19
14 13
0 30
6 26
2 30
11 51
8 45
13 50
15 51
5 51
16 50
20 47
11 12
1 16
3 8
2 11
8 2
18 30
6 5
22 30
16 27
12 49
10 21
7 10
12 30
11 16
13 13
21 28
2 10
7 8
16 30
17 31
3 23
22 20
1 0
8 21
22 11
6 0
5 11
17 10
3 4
0 7
2 21
17 4
3 7
8 10
15 32
1 26
20 32
6 44
5 47
2 50
13 52
14 52
17 47
0 44
17 27
2 7
6 16
3 26
20 26
12 32
7 25
22 32
11 2
1 53
18 12
19 13
2 32
7 4
8 29
18 6
3 20
13 7
6 32
10 33
23 28
18 16
16 6
2 1
22 6
4 13
14 11
16 8
1 19
20 4
9 3
24 10
1 23
11 10
13 34
21 8
5 34
3 49
15 53
20 49
16 45
2 51
23 44
0 45
23 13
6 20
13 18
16 9
3 18
7 34
22 5
17 34
1 15
10 51
12 3
21 29
3 34
17 13
22 10
21 27
13 23
1 8
23 34
7 35
18 18
16 21
8 23
12 20
2 4
17 29
4 8
6 21
21 1
3 1
15 12
7 2
14 18
21 23
15 36
23 9
5 36
3 48
0 52
11 49
13 48
8 44
2 48
20 51
6 3
13 12
11 5
16 18
3 11
17 36
1 4
7 36
21 2
12 44
22 25
23 26
11 36
13 22
6 13
8 3
23 21
16 2
22 36
17 37
7 14
22 22
1 22
12 24
2 20
11 17
14 17
17 24
11 3
1 2
18 8
21 24
0 10
20 6
5 38
2 16
13 38
11 44
23 48
21 44
3 44
15 52
1 44
16 52
6 11
11 7
23 15
3 27
0 25
7 38
12 15
17 38
21 9
10 50
2 23
22 13
22 38
16 25
12 19
13 11
17 18
6 7
21 38
7 39
2 27
23 11
3 3
1 20
18 3
6 4
7 19
15 19
19 28
19 17
13 15
24 11
15 23
21 13
13 40
11 8
0 40
6 50
23 51
16 47
20 45
17 51
8 52
3 46
1 10
13 25
16 3
17 16
23 24
7 40
22 21
2 40
6 28
11 52
18 24
12 29
23 40
17 6
12 22
11 26
13 19
1 21
22 40
5 41
3 10
16 14
18 4
8 16
2 2
18 28
16 28
12 7
4 4
14 7
2 9
15 25
23 6
0 28
2 42
21 21
13 42
16 48
8 50
15 49
6 53
17 53
11 46
20 46
13 1
21 5
11 11
6 1
2 28
22 42
12 10
17 42
7 29
9 47
1 9
4 12
11 42
12 12
2 5
22 19
18 25
21 15
8 42
5 43
17 2
23 25
13 29
16 4
3 16
10 6
7 11
12 1
17 3
9 12
21 20
5 15
22 47
12 52
10 47
4 51
19 50
18 47
24 50
7 46
9 51

