r\t   0   1   2   3   4   5   6   7   8   9  10  11  12  13  14  15  16  17  18  19  20  21  22  23  24 
  0  -1 179  -1  -1  -1  -1  -1  -1   0  -1  -1  26 280 280  -1  -1  -1  -1 171  -1  -1  -1  -1  -1 221 
  1  -1  -1  -1  -1  -1  -1  -1  -1  -1  -1  -1  15  -1  -1  -1  -1  56  -1 135  -1  -1  -1  -1 173  -1 
  2  -1 240  -1  -1  -1  -1 198  39  -1  -1  -1 279  -1  73  -1  -1  36  -1  -1  -1  -1  22  -1 287  -1 
  3  -1  -1  -1  32  -1  -1  -1  -1  41  -1  -1  -1 124  -1  23  -1 123  -1  -1  -1  -1 289  -1  -1  -1 
  4  -1  40 203  83  -1  -1  29  -1  -1  -1  -1  -1  -1  -1  -1  -1  -1  -1 154  -1  -1 248 147 100  -1 
  5 130 256  -1 168  -1  67 155  -1  -1  -1  -1 159  -1 263  -1  -1  -1  -1  77  81  -1  -1  -1 189  -1 
  6  -1  62 166  76  -1  -1  66  18  -1  -1  -1  -1  -1  -1  -1  -1  -1  -1  -1  -1  -1  -1  -1  -1  -1 
  7  -1  -1  -1  -1  -1  -1 286  -1  35  -1  -1  -1  -1  -1  -1  -1  -1 245 277  -1  -1  -1  -1  -1  -1 
  8  -1  -1 291  -1  -1  -1 243 148 148  -1  -1  -1  -1 292  -1  -1 128 204 261  -1  -1  -1  -1  -1 176 
  9  -1  -1  72  -1  -1 214  -1  -1 215  -1  -1 188  -1  -1  -1  -1  -1  -1 216 169  42  82  91 161  -1 
 10  -1  25  -1  -1  -1  43  -1  -1  -1  -1  -1 114 235  -1  -1  -1 278  -1  -1  -1  -1  -1 236 236  -1 
 11  -1 202 190 152  -1  -1  -1  -1  -1  -1  -1  -1  -1  -1  -1  -1  -1  -1 157  -1  -1  -1  -1  -1  -1 
 12  -1  87  -1  -1  -1  -1 160   3 255  -1  -1  -1  -1  -1  -1  -1 232  -1  -1 282 303 111  -1  -1 307 
 13  -1  -1  -1  -1  -1  -1  -1 192 192  -1  -1 233  -1 305  -1  -1  -1  -1  -1  -1  -1 238  -1  -1  -1 
 14  -1  20  -1 196  -1  -1  -1  34  13  -1  -1  -1  -1  -1  -1 304  -1  -1 300  -1  -1  -1 110  -1  -1 
 15  -1 258  -1  -1  -1  -1  -1 252  80  -1  -1  -1  -1 103 259  -1 108  27 253  -1  -1  -1  -1  -1  -1 
 16  -1  -1 104 104  -1  -1  -1 126  -1  -1  -1  -1  -1 302  -1  -1  78 121  -1 150  -1  -1 247 144  86 
 17  -1 219  -1  38  -1  -1  -1  -1 165  -1  -1 172  -1   1  -1 106 132 218  -1  85  -1  -1  -1  -1  -1 
 18  -1 129  88  -1  -1  -1  -1 211 290  -1  -1 246 254 115  -1  -1  -1  -1  71  -1  -1  -1  -1  -1  -1 
 19  -1  -1  -1  -1  -1  -1  -1  -1  -1  -1  -1 296 102  -1  -1  -1 201  -1 116  -1  -1  -1  -1  -1  -1 
 20 265 117  -1  44  -1  -1  70  -1  -1  -1  -1  79  69  -1  -1  -1  -1  60  60  37  -1  -1  -1  -1  -1 
 21  -1  -1  16  16  -1  -1 208  -1 234 257  -1  -1  59 249  -1  -1  12  -1  -1  -1  -1  -1  -1 127  -1 
 22  -1  47  -1  -1  -1  -1  -1 223  64  -1  -1 101  -1  -1  -1  -1  -1 167  33  -1  -1  -1  -1  -1  -1 
 23  -1  -1  -1  -1  -1  -1 260  -1  45  -1  -1  -1  -1  -1  -1  -1  -1  -1  84  -1  -1 209  -1  -1  -1 
 24  -1 297  -1 177  -1  -1 301 174 284  -1  89  -1  14  -1  -1  -1  -1  -1 212  -1 213  -1  -1  -1  -1 
 25  -1  -1  -1  -1  -1  -1  -1  -1 217  -1  -1  58 191  57 175 131  -1  -1  -1  -1  -1 113  -1  -1  -1 
 26  -1  -1  -1 306  -1  -1  -1 276 122  -1  -1  -1 158  -1  -1  -1 145 264  -1  -1  -1 194  -1  -1  -1 
 27  -1  -1  -1  -1  -1  -1  -1 242  -1  -1  -1  -1 220  -1  -1  -1  -1  -1  -1  -1  -1  -1 120  -1  -1 
 28  -1 133  -1  -1  -1  -1  -1  -1  -1  -1  -1 205  28 164  -1  -1  -1 293  -1  -1  -1  -1 262 298  -1 
 29  -1 199 146  -1  -1  -1  -1 210 125  -1  -1  -1 299  -1  -1  -1  -1  -1  -1  -1  -1  -1 170 267  -1 
 30   4   4  24  -1  -1  -1  -1  -1  -1  -1  -1   2   2  -1  -1  -1  -1  19  19  19  -1  30  17  17  -1 
 31  -1  -1  -1  -1  -1  -1  -1  -1  -1  -1  -1  -1  -1  -1  -1  -1  -1  -1  -1  -1  -1  -1  31  31  31 
 32  -1  -1  63  63  63  -1  -1  68  -1  -1  48  48  -1  -1  -1  -1  -1  46  46  -1  -1  74  61  61  -1 
 33  -1  -1  -1  -1  -1  -1  -1  -1  -1  -1  -1  -1  -1  -1  -1  -1  -1  -1  -1  -1  -1  -1  75  75  75 
 34  -1  -1 118 112  -1  -1  -1 105 105  -1  -1  92  92  -1  -1  -1  -1 107 107 107  -1  -1  -1  90  90 
 35  -1  -1  -1  -1  -1  -1  -1 119 119 119  -1  -1  -1  -1  -1  -1  -1  -1  -1  -1  -1  -1  -1  -1  -1 
 36  -1  -1  -1  -1  -1  -1  -1 162  -1  -1 136 136 151 151 151  -1 156  -1  -1  -1 149 149  -1 134 134 
 37  -1  -1  -1  -1  -1  -1  -1  -1  -1  -1  -1  -1  -1  -1  -1  -1  -1  -1  -1  -1 163 163 163  -1  -1 
 38  -1  -1  -1  -1  -1  -1  -1 180 180  -1 178 178  -1 193 193 195 195 195  -1  -1  -1  -1 206 200  -1 
 39  -1  -1  -1  -1  -1  -1  -1  -1  -1  -1  -1  -1 207 207 207  -1  -1  -1  -1  -1  -1  -1  -1  -1  -1 
 40 224 224 237 237  -1  -1  -1  -1  -1  -1 222 222  -1  -1  -1  -1 250 239 239 239  -1  -1  -1 244  -1 
 41  -1  -1 251 251 251  -1  -1  -1  -1  -1  -1  -1  -1  -1  -1  -1  -1  -1  -1  -1  -1  -1  -1  -1  -1 
 42  -1  -1 283 283 283  -1 288 294  -1  -1 268 268 266 266  -1  -1  -1  -1  -1  -1 281 281  -1  -1  -1 
 43  -1  -1  -1  -1  -1  -1  -1  -1  -1  -1  -1  -1  -1  -1  -1  -1  -1  -1  -1  -1 295 295 295  -1  -1 
 44  -1  -1  -1  99 153 316  -1  -1 139  -1  -1  -1  -1  -1  -1  -1   6 184 228  -1 311  -1  -1  -1  -1 
 45  97  -1   9 272  -1  -1  -1  -1  -1  -1  -1  -1 141  -1  -1  -1  -1  -1 269  -1  -1  -1  -1 229  -1 
 46 138  -1 137  -1  -1  -1  21  -1  -1  -1  -1  -1  -1  -1  -1  -1 231 140  -1  -1  -1  -1  -1  -1  -1 
 47  -1  -1  -1  -1  -1  -1  -1  -1 274  -1  -1  -1  -1  94  -1  -1 271  -1   7  -1  -1 313  53  52  -1 
 48 185  -1  -1  -1 315  -1 109  50  -1 309  -1  -1  -1  -1  -1  -1  51 227  -1 312  -1  65   8 182 275 
 49  -1  93  -1  -1  -1  -1  -1 273 225  -1  -1  -1  -1  -1  -1 314  -1  95 187  -1  -1  -1  -1  10  -1 
 50  -1 270  -1   5  -1  -1  -1  -1  -1  -1  -1  -1  55  -1 310  -1  -1  -1  -1  -1  -1  -1  -1  -1  -1 
 51  -1  -1 186 143  -1  -1  -1  -1  98  -1  -1  -1 181 241  -1  -1  -1  -1  -1  -1  -1  -1 230  -1  -1 
 52  -1  -1 226  -1  -1  -1  -1  -1  -1  -1  -1  -1  -1  -1  -1  -1  96  -1  -1  -1  -1  -1  -1  -1  -1 
 53  49  -1  -1  -1  -1 285 308 142  -1  -1  11  -1  -1  54  -1  -1  -1  -1  -1  -1 197  -1 183  -1  -1 

r\t   0   1   2   3   4   5   6   7   8   9  10  11  12  13  14  15  16  17  18  19  20  21  22  23  24 
  0  -1  -1  -1  26  -1  -1 264  -1 102  -1  -1 306  -1  -1  -1  -1  -1 297  62  -1  -1  22  -1 246  -1 
  1  -1  -1  -1  -1  -1 304  -1  -1  -1  -1  -1  -1  -1 300  -1  -1  18  -1  -1  -1  -1  -1 242  -1  -1 
  2  -1  -1 117  -1  -1  -1  -1  -1 205  -1  -1  82  -1  27  -1  -1 234  56  -1  39  -1  71  -1 103  -1 
  3  -1 175  -1  -1  -1  -1  59  -1  -1  -1  -1  -1  -1  -1  -1  -1 145  -1  -1  -1  -1 212  -1  -1  -1 
  4  -1  -1  -1  -1  -1 111 116  -1  -1  -1  -1  -1  -1 194 174  -1  -1  -1 122  -1  -1  -1  -1  -1 303 
  5  -1 176 252  -1  -1  87 307  -1  -1  -1  -1 191 154  -1  -1  -1  -1  -1 291  -1  -1  57  -1  -1 133 
  6  67  -1  -1  -1  -1  -1 144 299  -1  -1  -1  -1 253  -1 128  -1  -1  -1  78  -1  -1  -1 129 121  -1 
  7  -1  13  -1  -1  -1  -1  -1 236 236  -1  -1  -1  -1  -1  -1 106 203 157  -1  -1  -1  77  -1  -1  -1 
  8  -1  -1  -1  -1  -1  -1 305  -1  -1  -1  -1  -1 284 208 173  -1  -1  -1  -1  -1  -1  -1  -1  35  -1 
  9  -1 190  -1 170  -1  -1 196 267  -1 259  -1 165 211  -1  -1  37  -1  -1  -1  -1  -1 243  -1  -1  -1 
 10  -1  -1  34  -1  -1  -1  -1  -1  -1  -1  -1  -1  -1 179  -1  -1  -1  -1  -1  -1  -1  -1  -1  -1  -1 
 11 301 147  -1  -1  -1  -1  -1  -1  85  -1  -1  -1 290  -1  -1  -1 263  -1  -1  -1  -1 159  -1 158  -1 
 12  -1  -1  -1  -1  -1  -1  -1 132 168  -1  -1  -1 104 104  -1  -1 166  -1  -1  -1  -1  -1  -1 280 280 
 13  -1  -1  14 124  -1 261 296  -1 249  -1  -1  -1 164  -1  -1  -1  -1  -1 127  -1  -1  -1 120 131 221 
 14  -1  -1 279  -1  -1  -1 108  -1  -1  -1  -1  -1  33  -1  -1 258   3  -1  -1  -1  -1 286  -1  76  -1 
 15  -1  -1 209  70  -1 171 278  -1 277  -1  -1  -1  -1  -1  -1  -1  -1  -1  -1  -1  -1 247 298  -1   1 
 16  -1  -1  -1  -1  -1  -1  -1  -1 123  -1  -1  -1 265  -1  -1  -1  -1 202  -1  -1  -1  -1  -1  -1  -1 
 17  -1  -1   0  -1  66 215 232  -1  -1  -1  -1 146  -1  -1  -1  -1  -1 135  -1  -1  -1  -1  -1  -1  -1 
 18  -1 213  80  -1  -1  -1  72  -1  -1  -1  -1  -1  -1  -1  -1  -1  -1  -1  -1  -1  -1  -1 201 289  -1 
 19 110  -1  42 255  -1  16  16  89  -1  -1  -1 223  -1 214  -1  -1  43  44  -1  -1 238  -1  -1  -1  -1 
 20  -1  -1 100  -1  -1  -1  -1  60  60  -1  -1 276 210 245 169  -1  -1 219  -1  -1  -1  -1  29 204  -1 
 21  -1  -1  -1  -1  -1  -1  -1  79  -1  -1  -1  -1 188  -1  -1  -1 189  -1 167  -1  -1  -1 148 148 216 
 22  -1  40  -1  -1  -1  -1  -1 172  -1  -1  41  73  -1  36  -1  -1  -1  -1 150  -1  -1  -1  -1  -1  -1 
 23  -1  -1  -1  45  -1  -1  28  -1  -1  -1 217  -1 125  -1  -1  -1  -1 218 240  -1  -1 113  -1  15  -1 
 24  -1  -1  -1  -1 302  86  -1 160 220  -1  -1  -1  -1 114  -1  -1 293  -1  -1  -1  -1 199  -1  -1  -1 
 25  38 233 192 192  -1  -1  -1  -1 130  -1  81  64 115  -1  -1  -1  58  -1 257  -1  -1 155  -1  -1  -1 
 26  -1  47 262  -1  -1  -1  88 282  -1  -1  -1  -1  -1 152  -1  91  -1  -1  84  -1  -1  -1 287  -1  -1 
 27  -1  -1 260 161  -1  -1 248 254 292  -1  -1  -1  -1  -1  83  -1 256  12  -1  -1  -1  -1  -1  -1  -1 
 28  -1  69  -1  -1  -1  -1  -1  -1  -1  -1  -1  -1  -1 126  -1  -1  32 235  -1  -1  -1  -1  23  -1  -1 
 29  -1 101  -1  20  -1  -1  -1  -1  -1  -1  -1  -1  -1  -1  -1  -1  -1 177  25 198  -1  -1  -1  -1  -1 
 30  -1  30  -1  -1  -1   2   2  17  17  -1   4   4  19  19  19  -1  -1  24  -1  -1  -1  -1  -1  -1  -1 
 31  -1  -1  -1  -1  -1  -1  -1  31  31  31  -1  -1  -1  -1  -1  -1  -1  -1  -1  -1  -1  -1  -1  -1  -1 
 32  -1  -1  -1  -1  -1  48  48  -1  68  -1  -1  -1  61  61  -1  46  46  74  -1  -1  -1  -1  63  63  63 
 33  -1  -1  -1  -1  -1  -1  -1  -1  -1  -1  -1  -1  75  75  75  -1  -1  -1  -1  -1  -1  -1  -1  -1  -1 
 34  -1 112  92  92  -1  -1  -1  -1  -1  -1  -1 118  -1  -1  -1  -1  -1  -1 105 105 107 107 107  90  90 
 35  -1  -1  -1  -1  -1  -1  -1  -1  -1  -1  -1  -1  -1  -1  -1  -1  -1 119 119 119  -1  -1  -1  -1  -1 
 36  -1  -1 149 149  -1  -1 156 151 151 151 134 134  -1 162  -1 136 136  -1  -1  -1  -1  -1  -1  -1  -1 
 37 163 163 163  -1  -1  -1  -1  -1  -1  -1  -1  -1  -1  -1  -1  -1  -1  -1  -1  -1  -1  -1  -1  -1  -1 
 38  -1 200  -1 206  -1  -1  -1 193 193  -1 178 178  -1  -1  -1 180 180  -1  -1  -1  -1  -1 195 195 195 
 39  -1  -1  -1  -1  -1 207 207 207  -1  -1  -1  -1  -1  -1  -1  -1  -1  -1  -1  -1  -1  -1  -1  -1  -1 
 40  -1 244 237 237  -1 222 222  -1  -1  -1  -1 250 239 239 239 224 224  -1  -1  -1  -1  -1  -1  -1  -1 
 41  -1  -1  -1  -1  -1  -1  -1  -1  -1  -1  -1  -1  -1  -1  -1  -1  -1 251 251 251  -1  -1  -1  -1  -1 
 42 281 281  -1 294  -1  -1  -1  -1  -1  -1  -1  -1  -1  -1  -1 266 266 283 283 283  -1 288  -1 268 268 
 43 295 295 295  -1  -1  -1  -1  -1  -1  -1  -1  -1  -1  -1  -1  -1  -1  -1  -1  -1  -1  -1  -1  -1  -1 
 44  -1  -1 226  -1  -1  -1 141  -1 181  -1  97  -1  -1  -1  -1  -1  -1  -1  -1  -1  -1  -1  -1 231  -1 
 45  -1 270  -1 186  -1  -1  -1  -1  -1  -1 271 241 230  -1  -1  -1  -1  10  -1  -1  -1  -1  -1  -1  -1 
 46  -1  -1 182 273  -1 138  -1  -1   6  -1  -1  -1  94 137  -1   9  -1 153  -1  -1  -1 313  -1   8  -1 
 47  -1  98  -1  11  -1  -1  -1 183  -1  -1  55  -1   5  -1  -1  -1  -1  -1  -1 308  -1  -1  -1 187  -1 
 48 309  65  -1  -1  -1  -1  -1  -1  -1  -1  -1  -1  -1  93  -1  -1  -1  -1  21  -1  -1  -1  -1  53  -1 
 49  -1 143  50  -1  -1  -1  -1 227  -1  -1  -1  51  -1 269 285  -1  -1  -1  -1  -1 316  -1  -1  -1  -1 
 50  -1  -1 140 139  -1  -1  -1  -1  96  -1  -1  99  -1  -1  -1  -1  -1  -1 315  -1  -1  -1 312 142  -1 
 51  -1  -1  -1 228 109  -1  -1  -1  54  -1 225  -1 185  52  -1  -1  -1  -1  -1  -1  -1  -1  -1  -1  -1 
 52  -1   7  -1  -1 314 275 184  -1 272  -1  -1 274  -1  -1  -1  -1  -1  -1  -1  -1  -1  -1  -1  -1  -1 
 53  -1 229  -1  -1  -1  -1  -1  49  -1 310  -1  -1  -1  -1 311  -1  95  -1 197  -1  -1  -1  -1  -1  -1 

r\t   0   1   2   3   4   5   6   7   8   9  10  11  12  13  14  15  16  17  18  19  20  21  22  23  24 
  0  -1  13  -1 291  -1   1  -1  -1  -1  -1  -1  -1  -1  -1  -1  -1  -1  -1  -1  -1  -1  -1  -1  42  -1 
  1 307  -1  -1 146  -1  -1  -1 264  -1  -1  -1  -1  -1  -1  -1  -1  35  -1  -1  -1  38  73 253  -1  -1 
  2  -1  64  23 111  -1  -1 240  -1  -1  -1  -1  -1 158  -1  -1  -1  71 211 189  -1  -1 279  -1  -1  -1 
  3  -1  -1 246  -1  -1 215 202  -1  -1  -1  -1  -1  -1 164  -1  -1 208  -1 132  -1  -1 147 234 254  -1 
  4  -1 213 280 280  -1  -1  -1 290 287  -1  -1  -1  -1  -1  -1  -1  -1 130  -1  -1  -1   3  -1 289  -1 
  5  -1 293  -1  -1  -1  -1  -1  -1 262  -1  -1  57  -1  -1  -1 175  77  86 257  -1  -1 248  -1  -1  -1 
  6  -1 131  -1 179 198  -1  -1  -1  -1  -1  -1 204  37 123  -1  -1 276  66 145  -1  -1 298 260  -1  -1 
  7  -1  -1 188  -1 238  -1  -1 120  -1  -1  -1  -1  -1  -1  -1  -1 304 243 223  -1  60  60  -1 214  -1 
  8  -1  -1 122  -1  -1  -1  -1  -1 155  -1  -1  -1  36  -1  -1  -1  -1  -1  -1  -1  -1  28  -1  -1  -1 
  9  -1  70  -1  76  22  -1  -1  -1  -1  -1  83 100  -1  69  40  -1  -1  -1 259  -1  -1  -1 174  -1  -1 
 10  -1 255  -1  15  -1  -1  -1  -1  -1  -1  -1  33  -1  -1  -1  -1  -1  18  29  -1  -1  -1  -1  -1  -1 
 11  -1 152  -1 216  -1  -1  -1  78  -1  -1  -1  -1 172  88  -1  -1  -1  -1  -1 219  -1  -1  -1  -1  -1 
 12  -1   0 236 236  -1  -1  -1  -1  -1  -1  -1  87 121 101  -1  -1  -1  -1  -1  -1  -1 205 117  41  -1 
 13  -1  -1  -1  -1  -1  -1  -1  -1  -1  -1  -1  -1 278  34  -1 302  -1  -1  -1  -1  -1  -1  -1  -1  -1 
 14  -1 220  -1 194  -1  -1  -1  -1  -1  -1  -1 245  -1  -1  -1  -1  -1 167  -1  -1  -1  -1  -1  -1  -1 
 15  -1  25  -1 129  -1 221 103  -1  -1  -1  -1  -1  -1 190  -1  -1  -1  -1  -1  -1  -1  -1  -1  -1  -1 
 16  -1  -1  -1  -1  -1  -1  -1  26  -1  -1  -1 116  16  16  -1  -1 157  -1  85  -1  -1  -1  -1  -1  -1 
 17  -1  -1  80  -1  -1  -1  -1  -1  -1  -1  -1  -1 212 232  -1  -1  -1  -1 282  -1  -1  -1 102  82  -1 
 18 126  -1  84  -1  -1  -1 160  -1  -1  -1  -1 144  -1  -1  -1  -1  -1  -1  -1  -1  -1 235  -1  -1  -1 
 19  -1 168  -1  -1  -1  -1  -1  -1  -1  -1  -1 300  -1  -1  -1  -1 296 210  -1  -1 305 161  -1 191  -1 
 20  -1 284  -1  -1  -1  -1  -1  -1  -1  -1  -1  20  -1  -1  -1  -1  -1 115  -1  -1  -1  -1  -1 124  -1 
 21  -1 127  -1 252  -1  -1  -1  -1  -1  -1  -1  -1  -1 277  -1  -1  12 104 104  -1  -1 108  -1  43  -1 
 22  -1  -1 166  -1  -1  -1  -1  -1 203  -1 177  79 306  -1  -1  -1  -1  -1 267  -1  -1  -1  -1  89 106 
 23  -1  -1  -1  -1  -1  -1 113  -1  -1  -1  -1  -1  27 292  -1  -1 135 256 258  -1 192 192  -1  -1 169 
 24  -1  -1  -1  -1  -1  -1  -1  -1  -1  -1  -1  -1  -1  -1  -1  -1 171 299 173  -1  -1  -1  -1  -1  -1 
 25  -1 303  -1  -1  -1  -1  -1  -1  -1  -1  -1 159  -1 201  -1  -1 249 301  72  -1  -1  -1  -1  -1  -1 
 26  -1 209  -1  -1  -1  -1  -1 128  -1  -1 125  -1 199  59 286  -1  -1  -1  -1  -1  -1 217  -1 233  81 
 27  -1 133 297  -1  -1  -1  -1  47  62 170  -1 265 110  -1  -1  -1  58  -1  56  -1  -1  -1  -1  -1  -1 
 28  -1 176  -1  32  -1  -1  45  67 165  -1  -1  -1 247  -1  -1  -1 114 154 242  -1  -1  -1  -1  -1  39 
 29  -1  44  -1  91  -1 148 148  -1  -1  -1  -1 196 218  -1  -1 261 150  -1  14  -1 263  -1  -1  -1  -1 
 30  -1  -1  24  -1  -1  -1  30  19  19  19   2   2  -1  -1  -1  -1  -1  -1   4   4  -1  -1  -1  17  17 
 31  -1  -1  -1  -1  -1  -1  -1  -1  -1  -1  -1  -1  -1  -1  -1  -1  -1  -1  -1  -1  -1  -1  31  31  31 
 32  -1  -1  63  63  63  -1  -1  -1  74  -1  48  48  68  -1  -1  -1  -1  -1  46  46  -1  -1  61  61  -1 
 33  -1  -1  -1  -1  -1  -1  -1  -1  -1  -1  -1  -1  -1  -1  -1  -1  -1  -1  -1  -1  -1  -1  75  75  75 
 34 105 105  -1  -1  -1  92  92 107 107 107  90  90  -1  -1  -1  -1  -1  -1 118  -1  -1 112  -1  -1  -1 
 35 119 119 119  -1  -1  -1  -1  -1  -1  -1  -1  -1  -1  -1  -1  -1  -1  -1  -1  -1  -1  -1  -1  -1  -1 
 36  -1  -1  -1  -1  -1 134 134  -1 162  -1 136 136 151 151 151  -1  -1  -1 156  -1  -1  -1 149 149  -1 
 37  -1  -1  -1  -1  -1  -1  -1  -1  -1  -1  -1  -1  -1  -1  -1  -1  -1  -1  -1  -1  -1  -1 163 163 163 
 38  -1  -1 200 206  -1 180 180 195 195 195  -1  -1  -1  -1  -1 193 193  -1 178 178  -1  -1  -1  -1  -1 
 39  -1  -1  -1  -1  -1  -1  -1  -1  -1  -1  -1  -1  -1  -1  -1  -1  -1  -1  -1  -1  -1  -1 207 207 207 
 40  -1  -1 222 222  -1  -1  -1 237 237  -1 239 239 239 250  -1  -1  -1  -1 244  -1  -1  -1 224 224  -1 
 41  -1  -1  -1  -1  -1  -1 251 251 251  -1  -1  -1  -1  -1  -1  -1  -1  -1  -1  -1  -1  -1  -1  -1  -1 
 42  -1  -1 266 266  -1 283 283 283 294  -1  -1  -1 268 268  -1  -1  -1  -1 288  -1  -1  -1 281 281  -1 
 43  -1  -1  -1  -1  -1  -1  -1  -1  -1  -1  -1  -1  -1  -1  -1  -1  -1  -1  -1  -1  -1  -1 295 295 295 
 44  -1  -1  -1  -1  -1  -1   8 231  -1  -1  -1  -1  65 182  -1  -1  -1  -1  -1  -1  -1 228  -1  -1  -1 
 45  -1  -1  -1  -1  -1  -1  -1  -1  -1  -1  -1 229  -1  -1  -1  -1 185  -1  -1  -1  -1  -1  -1 272  -1 
 46  -1  -1  -1 141  -1  -1  -1  93 313  -1  -1  -1  -1  -1 109 241 269  -1  -1 225  -1  21  -1  -1 309 
 47  -1  -1  -1   5  -1  -1  -1  -1  -1  -1  -1 186 230  -1  -1 308  -1  -1  -1  -1  -1  95 140  -1  -1 
 48  -1  -1 153  -1  -1  -1  -1  -1  -1 314  -1  -1  -1  53  -1  -1   9 197  -1 138  -1  50  -1  -1  -1 
 49  -1  -1  -1  49  -1  -1  -1  10  -1  -1 274  -1 137  -1  -1  -1  -1 315  -1  -1  -1  -1  52 181  -1 
 50  -1  -1  -1  -1 316  -1 275  -1  -1  -1  -1  -1  -1  11 311  -1 227  -1  99 271  -1 139  -1 142  -1 
 51 310 273  -1  -1  -1  -1  -1 143  -1  -1  -1  -1   6  -1  -1  -1  94  -1  -1  -1 312  -1  98  -1  -1 
 52  -1  96  55  -1  -1  54  -1  -1  -1  -1  -1  -1  -1  -1  -1  -1  -1  -1  -1  -1  -1 270   7  -1  -1 
 53  -1  -1 184  -1  -1  -1  -1 183  -1  -1  -1  -1  -1 226  -1  -1  51 285  -1  97  -1 187  -1  -1  -1 

r\t   0   1   2   3   4   5   6   7   8   9  10  11  12  13  14  15  16  17  18  19  20  21  22  23  24 
  0  -1 298  -1  -1  -1 305  -1 261  -1  -1  -1  -1  -1  -1  -1  -1  -1 175  -1 129  -1 102  -1  -1  -1 
  1  -1 111 233  -1  -1  -1  -1  -1  27  -1  -1  -1  -1  -1  -1  -1  -1  -1  -1  -1  -1  -1 252  -1  -1 
  2  -1  -1  -1 157  -1  -1   3 277  -1  -1  -1 128  -1   1  -1 177  -1 164 201  81  -1  -1  -1 202  -1 
  3  -1  -1   0  -1  -1  -1  80  -1 253  -1  -1 256  -1  -1  -1  -1 144 240 190  -1 176  -1  -1 103  -1 
  4  -1 249 189  -1  -1  -1  -1  70 152  -1  -1 131  -1 132  -1  -1 276 113 292  -1  -1  -1  -1  -1  -1 
  5  -1  -1  -1  -1  -1  -1  -1  -1  -1  -1  -1  -1  -1  -1  -1  -1  -1  -1  -1 219  -1  -1  -1  -1  -1 
  6  -1  -1  83 289 106  -1  -1  -1  -1  -1  -1  56  -1 307 198  -1  -1  -1  77  -1  -1 221 165  -1  -1 
  7  -1  -1 154  -1  -1  -1 161  -1  -1  -1  -1  -1 302  -1  85  -1 234  -1 279  -1  -1  -1  -1 293  -1 
  8  -1  -1  -1  -1  -1 220  45  -1 110  -1  -1 191  72  -1  -1  -1 296  -1  -1  -1 133  -1  -1  -1  -1 
  9  -1  38  -1  -1  -1  -1  -1  -1  -1  -1  -1 297  -1  91  -1  -1  -1  -1  32 174  -1  73  -1  -1  -1 
 10  -1  -1  -1  -1  -1  -1 278  -1  -1  -1  -1  -1  -1  -1  -1  -1  -1  -1  -1  -1  -1 300  15  -1  -1 
 11  -1  -1  37  29 216  -1 205  -1  -1  -1  -1 125 101  -1  -1  -1 247  18  -1 218  -1  -1  -1  -1  -1 
 12  -1 167  -1  -1  -1  -1  -1  -1  -1  -1  -1  79  -1  -1 286  -1  -1 301  40  -1 265  -1  -1 223 238 
 13  -1 303 121  -1  -1  -1  -1  -1  -1 217  -1  -1  -1  -1  -1  -1  -1  -1  -1  -1  -1  -1  -1  -1  -1 
 14  -1  -1 262  -1  -1  -1  23  58  -1  -1  -1 204  -1  -1  22  -1  -1  88 159  -1  -1  -1  -1  -1  -1 
 15  -1  -1  -1  57  -1  -1  -1  36  62  -1  -1  82 210  47 155  -1 108  -1  -1  -1  -1  -1 243 255  -1 
 16  -1 211  -1 257  -1  -1  -1  -1  -1  -1  -1  -1 192 192  -1  -1  12  -1 260  -1  -1  28  -1  -1  -1 
 17  -1  -1  -1  -1  -1  -1 264  -1  -1  -1  -1  -1  -1  66  -1  -1  -1  -1  87  -1  -1  -1  -1  -1  -1 
 18  -1  -1 214  -1  -1  -1 306  -1 171  -1 258  -1  -1 166  -1  -1  -1  -1  16  16  -1  64  -1 160  -1 
 19  -1  -1 254  -1  -1  -1 117  -1  -1  -1  -1  -1 148 148  -1  -1  -1 127  -1  -1  -1  14  -1  -1  -1 
 20  -1 287 135 203 173  -1  -1  89  69  -1  -1 284  -1 212  -1  -1  -1  -1 232  -1  -1  -1  -1  -1  -1 
 21  -1 150  34  -1  -1  -1  -1  -1  -1 130 236 236  -1  -1  -1  -1  44  -1  -1 199  -1  -1 215  -1  -1 
 22  -1  84  59 235  -1 104 104 147  -1  -1  -1 168  -1 115  -1  -1  -1  -1  -1  -1  -1  -1  -1 122  -1 
 23  -1 170  -1 248  -1  -1  -1  86  -1  -1  -1  42  -1  26  -1  -1 158 304 120  -1  -1  -1  -1  -1  -1 
 24  -1  -1 100 123  -1  -1  -1  -1 290  -1  -1  13  67  -1  -1  -1  76  71  43  -1  -1  -1  -1  -1  -1 
 25  -1 116  -1 179  -1  -1  -1  -1  -1  -1  -1  -1  -1  20  -1  -1  25 209  60  60  -1  -1  -1  -1  -1 
 26  -1  35 208 194  -1  -1 188 124 282  -1  -1  -1  -1  -1 259  -1  -1 299 169  -1  -1 246  -1  -1  -1 
 27  -1  -1 172  -1  -1  -1  -1  33  -1  -1  -1  -1  -1  -1  -1  41  -1 267  -1  -1  -1  39  -1 242  -1 
 28  -1  -1  -1 145  -1  -1  -1  -1  -1  -1  -1  -1 280 280  -1  -1 196  -1  -1  -1  -1  -1  -1  -1  -1 
 29  -1 126  78 213  -1  -1 146 245  -1  -1  -1 114 291  -1  -1  -1  -1  -1  -1  -1  -1  -1 263  -1  -1 
 30  -1  -1  17  17  -1  -1  -1  19  19  19   4   4  30  -1  -1   2   2  24  -1  -1  -1  -1  -1  -1  -1 
 31  -1  -1  -1  -1  -1  -1  -1  -1  -1  -1  -1  -1  -1  -1  -1  -1  -1  -1  -1  -1  -1  -1  31  31  31 
 32  -1  74  46  46  -1  -1  -1  -1  -1  -1  48  48  -1  68  -1  63  63  63  -1  -1  -1  -1  61  61  -1 
 33  -1  -1  -1  -1  -1  -1  -1  -1  -1  -1  -1  -1  -1  -1  -1  -1  -1  -1  -1  -1  -1  -1  75  75  75 
 34  -1  -1  92  92  -1  -1  -1  -1 112  -1 105 105 118  -1  -1  -1  -1 107 107 107  90  90  -1  -1  -1 
 35  -1  -1  -1  -1  -1  -1  -1  -1  -1  -1  -1  -1  -1  -1  -1  -1  -1  -1  -1  -1  -1  -1 119 119 119 
 36  -1  -1 156  -1  -1  -1  -1  -1  -1  -1 134 134  -1  -1  -1 136 136 149 149  -1  -1 162 151 151 151 
 37  -1  -1  -1  -1  -1  -1  -1 163 163 163  -1  -1  -1  -1  -1  -1  -1  -1  -1  -1  -1  -1  -1  -1  -1 
 38  -1  -1  -1  -1  -1  -1  -1 193 193  -1 178 178  -1  -1  -1  -1 200 180 180  -1  -1 206 195 195 195 
 39  -1  -1  -1  -1  -1  -1  -1 207 207 207  -1  -1  -1  -1  -1  -1  -1  -1  -1  -1  -1  -1  -1  -1  -1 
 40  -1  -1  -1  -1  -1  -1 250 239 239 239 222 222  -1 237 237 224 224  -1 244  -1  -1  -1  -1  -1  -1 
 41  -1  -1  -1  -1  -1  -1  -1  -1  -1  -1  -1  -1 251 251 251  -1  -1  -1  -1  -1  -1  -1  -1  -1  -1 
 42  -1  -1 281 281  -1  -1  -1 288  -1  -1 268 268  -1 294  -1 266 266  -1  -1  -1  -1  -1 283 283 283 
 43  -1  -1 295 295 295  -1  -1  -1  -1  -1  -1  -1  -1  -1  -1  -1  -1  -1  -1  -1  -1  -1  -1  -1  -1 
 44 316 197  -1  -1  -1  -1  -1  -1  -1  -1  -1  -1  -1  -1  -1  -1  -1  50  -1  -1  -1  -1  -1  -1 312 
 45  -1  21  -1  -1  -1  55  -1  -1  -1  -1  -1  -1  -1 271  -1  -1  -1  -1 138  -1   8 187  -1  -1  -1 
 46  -1  -1  -1  -1 311 140 226  -1  -1  -1  -1  95  93  -1  -1  -1  -1 139  -1  -1  -1 141  -1  -1  -1 
 47  -1  -1  -1 227  -1  -1  -1  -1  -1  -1  -1  -1 181  -1  -1  -1  -1 229  11  -1  -1  -1  -1  53  -1 
 48  -1 308 230  -1  -1  -1  -1  -1 315  -1  -1  -1 275  -1  -1  -1 186 285  -1  -1  54 270  -1  -1  -1 
 49  -1 241  -1  -1  -1  97  94  49  -1  -1  -1  -1 231  -1  -1  -1  -1  -1 228  -1 225  -1  -1  -1  -1 
 50  -1  -1  -1   6  -1 269 184  -1  -1  -1  -1  -1   9 109  -1  -1  -1  -1  -1  -1  -1  52 313  -1  -1 
 51  -1  -1  -1 272  -1   7 142 273  -1  -1  -1  -1  -1  -1  -1  98  96  -1  51 309  -1  -1  -1  -1  -1 
 52  -1  65 182  -1  -1  -1  -1  -1  -1  -1  -1  -1  -1 185  -1  -1  -1  -1 274 153  -1  10  -1  -1  -1 
 53  -1  -1  -1 137  -1 183  -1   5  -1 310  99  -1 143  -1 314  -1  -1  -1  -1  -1  -1  -1  -1  -1  -1 

r\t   0   1   2   3   4   5   6   7   8   9  10  11  12  13  14  15  16  17  18  19  20  21  22  23  24 
  0  -1  -1  -1  -1  -1  -1 154  -1  -1  -1  -1  -1  -1  -1  -1  -1  -1  -1 168  -1  -1  -1  -1  -1  -1 
  1  -1  -1  -1  27  -1  -1  -1 188  -1  -1  -1  -1 192 192 214  -1 117  -1  -1  -1  -1  -1  -1 159  -1 
  2  -1  33  -1  -1  -1  -1  18  -1  -1  -1  -1  -1  -1  -1  -1  -1  -1 147  -1 170  -1  -1  -1 131  -1 
  3  -1  -1  43  -1  -1  82 169  -1  79  -1  -1  -1  -1 277  -1  -1  -1  -1  -1  -1  -1  -1  -1  -1  -1 
  4  -1  -1  -1  -1 263  -1 210 255  -1  -1  -1  -1  -1  -1  -1  -1  -1 201 305  89  -1  -1  -1 249  -1 
  5 213  70 217 234 106  -1  -1 135  35 127  -1  -1  -1  -1  -1  -1  20  -1  -1  -1  -1  -1 102  -1  -1 
  6  -1  -1 196  -1  -1  -1 238  44  -1  -1  -1  -1   3  -1  -1  -1  -1  -1 298  -1  -1  -1 208  -1  -1 
  7  -1  -1  -1  -1  -1  -1  -1  -1 252  -1 286  -1 104 104  -1  45  -1  15  -1  -1  -1  -1  25  -1  -1 
  8  -1  14  -1 248  -1  -1  -1  -1  -1  -1  -1  -1 265 293  -1  -1  -1  -1  -1  -1  -1 303  -1  -1  -1 
  9  -1 243 246  81  -1  -1  -1  -1 175 306  -1  -1  -1  -1 176  -1  -1 124  28 177  -1  -1  -1  -1  -1 
 10  -1 209 120  -1  -1  -1  41  -1  -1  -1  -1  -1  -1  -1  -1  -1 130  -1 111  -1  -1  -1  -1  -1  -1 
 11  -1  -1  -1 264  -1  -1  -1  -1  -1  -1  37 146  -1  -1  -1  -1  -1  -1  -1  -1 215 114  -1  77 173 
 12  -1 152 221  -1  -1  -1  -1 122  -1  -1  -1  -1  -1  38  -1  -1  -1  -1 199  -1  -1  -1  -1  -1  -1 
 13  -1  -1  69 299  -1  -1  -1  16  16  -1  -1 121 300 216  -1  -1 284 279  -1  -1  -1 253  -1  -1  -1 
 14  -1  -1 148 148  -1  -1  -1  -1 191  -1  -1  -1  -1  -1  -1  -1 100  -1  -1 132  -1 101  -1 260  -1 
 15  -1 247  -1 302  -1  -1  -1  -1  60  60  -1  -1  -1  -1  -1  -1  39  -1  -1  -1  -1 232  -1  67  -1 
 16  -1 223  -1  -1  -1  -1  66 205  -1  -1  -1  -1  -1  -1  -1  -1 240  -1  -1  -1  -1  56 304  71  -1 
 17  -1  87  -1  -1  -1  -1 211  -1  -1  -1  -1  -1 167  -1 218  -1 289  -1  -1  -1  -1  -1 291  -1  -1 
 18  -1  84  -1 166  -1  -1 103  29  -1  -1  -1  64  80 116  -1  -1  73  -1 276  -1  -1  -1 256  -1  -1 
 19  -1 296  -1  -1  22  -1 165 160  -1  -1  -1  -1 123  -1  -1  -1  -1  -1  -1  -1  -1  -1  -1  -1  -1 
 20  -1  -1  58 307  -1  -1  -1  83 126  -1  -1  26  -1  34  -1  -1 257 198  -1  -1 128  -1  -1  -1  -1 
 21  -1 158 292  36  -1  -1 259  -1 144 301  -1 235 219  -1  -1  -1 174  -1  -1  -1  -1 125  -1  -1 262 
 22  -1  59   1  -1  -1  -1  -1  -1  42  -1 150 203  -1 172  -1  91  -1  -1  -1  -1  -1  -1  -1  -1  -1 
 23  -1 179  -1  88  -1  -1  -1 236 236  -1  -1  -1  -1 245  -1  -1  -1  -1  -1  -1  -1 161  62 212  -1 
 24  -1 133  -1 108 282  -1 287 129 290  -1  -1 171  -1  -1  -1  -1 189  -1  23  -1  -1   0  -1  -1  -1 
 25  -1  -1  -1  13  -1  -1 194 280 280  -1  -1  -1 145 157 261  -1  -1  -1  -1  -1  -1 204  78  32  -1 
 26  -1 113  -1  57  -1  -1  72  -1 267  86  -1  -1 254  76  -1  -1  47  -1  -1  -1  -1  12 164  40  -1 
 27  -1  -1  -1  -1 242  -1  -1 155  -1  -1  -1 190 233  -1  -1  -1  -1  -1  -1  -1  -1  -1 115 297  -1 
 28  -1  -1  -1  -1  -1  -1  -1  -1  -1  -1  -1 278 220  -1  -1  -1  -1 110 202  -1  -1  -1  -1  85  -1 
 29  -1  -1  -1  -1  -1  -1 258  -1  -1  -1  -1  -1  -1  -1  -1  -1  -1  -1  -1  -1  -1  -1  -1  -1  -1 
 30   4   4  -1  -1  -1  -1  -1  -1  -1  -1  17  17  30   2   2  -1  -1  -1  -1  -1  -1  24  19  19  19 
 31  -1  -1  -1  -1  -1  -1  -1  -1  -1  -1  -1  -1  -1  -1  -1  31  31  31  -1  -1  -1  -1  -1  -1  -1 
 32  46  46  -1  74  -1  -1  -1  68  -1  -1  -1  -1  63  63  63  -1  -1  61  61  -1  48  48  -1  -1  -1 
 33  -1  -1  -1  -1  -1  -1  -1  -1  -1  -1  -1  -1  -1  -1  -1  -1  -1  75  75  75  -1  -1  -1  -1  -1 
 34 107 107 107  -1  -1  -1  -1 105 105  -1  -1  -1  92  92  -1  -1  -1  -1 112  -1  90  90  -1 118  -1 
 35  -1  -1  -1  -1  -1 119 119 119  -1  -1  -1  -1  -1  -1  -1  -1  -1  -1  -1  -1  -1  -1  -1  -1  -1 
 36  -1  -1 134 134  -1  -1  -1  -1 162  -1  -1 156  -1 136 136 149 149  -1  -1  -1 151 151 151  -1  -1 
 37  -1  -1  -1  -1  -1  -1  -1  -1  -1  -1  -1  -1  -1  -1  -1 163 163 163  -1  -1  -1  -1  -1  -1  -1 
 38  -1  -1  -1 193 193  -1  -1  -1  -1  -1  -1  -1 200 206  -1 178 178  -1  -1  -1 180 180 195 195 195 
 39  -1  -1 207 207 207  -1  -1  -1  -1  -1  -1  -1  -1  -1  -1  -1  -1  -1  -1  -1  -1  -1  -1  -1  -1 
 40  -1  -1  -1  -1  -1  -1  -1  -1  -1  -1  -1 250  -1 222 222  -1 244 237 237  -1 224 224 239 239 239 
 41  -1  -1  -1  -1  -1  -1  -1  -1  -1  -1  -1  -1  -1  -1  -1  -1  -1 251 251 251  -1  -1  -1  -1  -1 
 42 266 266 281 281  -1  -1 294 288  -1  -1  -1  -1  -1  -1  -1  -1  -1  -1  -1  -1 268 268 283 283 283 
 43  -1  -1  -1  -1  -1  -1  -1  -1  -1  -1  -1  -1  -1  -1  -1 295 295 295  -1  -1  -1  -1  -1  -1  -1 
 44  -1  -1  -1  -1  -1  -1  -1  -1  -1  -1  -1 227  53  -1  -1  -1 226  -1  -1 269  -1  -1  -1 315  -1 
 45  -1  -1  -1 225  -1  -1  -1 182  -1  -1 241  94 186 184  -1  -1  99 314  -1  -1  -1  -1  -1 109  -1 
 46  -1  -1  -1 187 312  -1  -1  -1 181 309  -1  -1  21  -1  -1  -1  -1  -1  -1  -1  -1  -1  -1  -1  55 
 47  -1  96  -1   9  -1  -1 308   6 228  -1 310  11 137 275  -1 231 273  -1  -1  -1  -1  -1  -1  -1  93 
 48 229  -1  54  -1  -1  -1  -1  -1  -1 285  -1 270  -1  -1  -1  -1  -1  -1  -1  -1  -1  -1  -1  -1 140 
 49 143  -1  95  -1  -1  -1  -1  -1  50  -1  -1  -1  -1  -1  -1  -1  -1  -1 313  -1  -1  -1  -1  -1  -1 
 50  -1  -1  -1  -1  -1  -1  -1 272 139  -1  -1  52  -1  -1  -1  -1  -1  -1 153   8  -1  -1  -1  -1  -1 
 51 185 197  -1  -1  -1 316  -1 230  10  -1  -1 138  -1  -1 271  -1   5  -1  -1  -1   7 142 311  -1  -1 
 52  -1  -1  -1  -1  -1  -1  -1  -1  98  -1  -1  -1  -1  49  97  -1  65  -1  -1  -1  -1  -1  -1  -1  -1 
 53  -1  -1 274  51  -1  -1  -1  -1  -1  -1  -1 183  -1  -1  -1  -1 141  -1  -1  -1  -1  -1  -1  -1  -1 

r\t   0   1   2   3   4   5   6   7   8   9  10  11  12  13  14  15  16  17  18  19  20  21  22  23  24 
  0  -1  -1  -1 304  -1  -1  -1  79  -1  -1  -1  26 208  -1  -1  -1  62  -1  -1  -1  -1  -1  27  -1  -1 
  1  -1  -1  -1 298  -1  -1 204  -1 261  -1 104 104  -1  -1  -1  -1  -1  -1  -1  -1  -1  -1  -1 130  -1 
  2  -1  -1 262  -1 131  -1 292  -1  -1  -1  -1 242  -1  -1  -1  -1 205  -1 254 220  -1  73 116 284  -1 
  3  -1  -1 148 148  -1  -1  58  -1  -1  -1  -1 301 154  -1  -1  -1  -1  -1 210  -1  -1  -1 306  -1  -1 
  4  -1  -1  82 128  -1  -1  -1  -1 296  -1  -1  -1  -1  -1  -1  -1  -1  -1  -1  -1 133 300  -1  -1 218 
  5  -1 233  -1  -1  -1  -1 145  -1  -1  -1  -1  -1 190 214  -1  -1  -1 177  80  -1  -1 276  -1  -1  -1 
  6  -1  -1 108 252  -1  -1  -1  -1  -1  -1  18  -1  -1 194  -1  -1  91  56 232  -1 176  -1  -1  -1 257 
  7  -1 102  -1  77  -1  -1  20 170  -1 106  -1 113  -1  23 221  -1  -1  -1  -1  -1  43  -1  -1  -1  -1 
  8  -1  -1  -1 191  -1  -1 303  -1  -1  -1  -1  -1  -1  -1  -1  -1  81 158  -1  -1  -1  -1  -1  -1  -1 
  9  -1  -1  -1  35  -1  -1  -1 199 147  -1  -1 223  -1  -1  -1  -1  -1 280 280  -1  -1  -1  -1  -1  -1 
 10  -1  -1 264  -1 172  -1  -1  -1  -1  -1  -1  70  -1 243  -1  -1 253  -1 211  -1  -1  -1  -1  -1  -1 
 11  -1  -1  -1  -1  -1 129  -1 299 247  -1  -1  -1 167 126  -1  -1 114  -1 164  -1  -1  -1 168  -1  -1 
 12  -1  -1  -1  -1  -1  -1  44  -1  -1  -1  -1  -1 120 110  -1 305  -1  -1  -1  -1  -1 263  -1  -1  -1 
 13  -1  -1  -1  38  -1 213  -1  -1  -1  -1 238  -1  -1 256 216  -1  13 240  -1  -1  -1 144 279  33  -1 
 14  -1  -1  -1  -1  -1  -1  28  -1  -1  -1  -1  -1  -1  -1  -1  -1  47 248  -1  -1  -1 255  -1  -1  -1 
 15  -1 293  -1 209  -1  -1 122  15  -1  -1  -1  -1 249  -1  -1  -1  39  -1  -1  -1 236 236  -1  -1  -1 
 16  40 160  -1  -1  -1  -1  72  -1  -1  -1  -1  -1   3  -1  -1  -1  -1  -1  32  -1  -1  64  -1  -1  -1 
 17  -1  -1  71 173  -1  22  37 282  -1  -1  -1  85  -1  67  -1  -1  -1 297  -1  -1  88  36  -1  -1  -1 
 18  -1 146 289 101  -1  -1 267  -1 219  -1  -1  -1  -1  -1   1  -1 179  -1  -1  -1  -1 202 201  -1  -1 
 19 169  -1  60  60  -1  41  -1  -1 212  -1  -1 203 290  -1  -1  -1 159  -1 124  -1  -1  -1  -1 166  -1 
 20  -1  -1  29  -1  -1  -1 245  -1 111  -1  -1 152 135  -1  -1  -1  -1  34  59  -1  -1 100  -1  -1  -1 
 21  -1  78 278  -1  -1 150  -1  -1  -1  -1  -1  -1  -1 155  -1  -1 234  -1  -1  89  -1  -1 125  -1  -1 
 22  -1  -1 165  -1  -1  -1  -1  -1  -1  -1  -1 307  -1  42  -1  -1  -1  -1 302  -1  -1  -1  -1  -1  -1 
 23  -1  -1  14  -1  -1  -1 189  -1  -1  -1  -1 157  -1  -1  -1  -1  -1 115 192 192  45  -1  -1 121  -1 
 24  -1 258  -1  -1  -1  -1  -1  -1  66  -1  -1 188  -1  -1  -1  -1 260  76  -1  -1 265   0  -1 127  -1 
 25  -1  57  -1  -1  -1  83  -1  -1 287  -1  -1  -1  -1  -1  -1  -1  -1  -1  -1  -1  -1  12  86  -1  -1 
 26  -1  -1 196 117  87  -1 161  -1  -1  -1  -1  -1  -1  -1  -1  -1 198  -1  -1  -1  -1  -1  -1  -1  -1 
 27  -1 132  -1  -1  -1  -1 103  -1 174  -1  -1  -1  69  25  -1  -1 277  16  16  -1  -1  -1  -1  -1  -1 
 28  -1 215  -1 235 259  -1  -1  -1  -1  -1  -1  -1  -1 171  -1  -1  -1  -1  -1  -1  -1  -1 175  -1  -1 
 29  -1  -1 246 217  -1  -1  -1  -1  -1  -1  84  -1  -1  -1  -1 286  -1  -1 291  -1  -1 123  -1  -1  -1 
 30  17  17  -1   4   4  -1  -1  -1  -1  -1  -1  -1  24  -1  -1  -1  30  -1   2   2  -1  -1  19  19  19 
 31  -1  -1  -1  -1  -1  -1  -1  31  31  31  -1  -1  -1  -1  -1  -1  -1  -1  -1  -1  -1  -1  -1  -1  -1 
 32  -1  -1  46  46  -1  -1  -1  -1  68  -1  63  63  63  74  -1  -1  -1  -1  48  48  -1  -1  61  61  -1 
 33  -1  -1  -1  -1  -1  -1  -1  -1  -1  -1  -1  -1  -1  -1  -1  -1  -1  -1  -1  -1  -1  -1  75  75  75 
 34  -1 112 118  92  92  -1  -1  -1  -1  -1  -1  90  90  -1  -1  -1  -1 105 105  -1  -1  -1 107 107 107 
 35  -1  -1  -1  -1  -1 119 119 119  -1  -1  -1  -1  -1  -1  -1  -1  -1  -1  -1  -1  -1  -1  -1  -1  -1 
 36  -1  -1 162 134 134  -1  -1  -1  -1  -1  -1  -1  -1 156  -1 151 151 151 136 136  -1  -1 149 149  -1 
 37  -1  -1  -1  -1  -1  -1  -1 163 163 163  -1  -1  -1  -1  -1  -1  -1  -1  -1  -1  -1  -1  -1  -1  -1 
 38 193 193  -1 178 178  -1  -1 200  -1  -1  -1  -1  -1 206  -1  -1  -1  -1 180 180  -1  -1 195 195 195 
 39 207 207 207  -1  -1  -1  -1  -1  -1  -1  -1  -1  -1  -1  -1  -1  -1  -1  -1  -1  -1  -1  -1  -1  -1 
 40  -1 250  -1 222 222  -1  -1 239 239 239  -1 244  -1  -1  -1  -1  -1  -1  -1  -1 224 224 237 237  -1 
 41  -1  -1  -1  -1  -1  -1  -1  -1  -1  -1  -1  -1  -1  -1  -1  -1  -1  -1  -1  -1  -1  -1 251 251 251 
 42 281 281  -1 266 266  -1  -1  -1  -1  -1  -1 294 283 283 283  -1 288 268 268  -1  -1  -1  -1  -1  -1 
 43  -1  -1  -1  -1  -1  -1  -1  -1  -1  -1  -1  -1  -1  -1  -1  -1  -1  -1  -1  -1  -1  -1 295 295 295 
 44  -1  -1 181  -1  -1  -1 184  -1  -1 275  -1  -1  -1  -1 185  -1  11 228  -1  -1  -1 137  -1  -1  -1 
 45  -1 271  -1  -1  54 316  98  -1 197  -1  -1 269  21  -1  -1 310 109  99  -1  -1   7  -1  -1  -1  -1 
 46  -1  -1  -1  -1  -1  -1  -1  -1  -1  -1  -1 139 270  -1 143  -1 273  -1  -1  -1  -1  -1  -1  -1  -1 
 47  -1 231   5  -1  -1  -1  10  -1  -1 186  -1   8 225  -1  -1  -1  -1  -1 227  -1  -1  -1  -1  -1 311 
 48  -1  -1  -1  -1  -1  -1 230  -1 309  -1  -1  -1  -1  -1  55  -1 229  49  -1 274  -1 182  -1 140  -1 
 49 314  93 241  -1  -1  -1 285  -1  -1  -1  -1  -1  -1  -1  -1  -1 141  -1  -1  -1  -1 272  -1 226 153 
 50  -1  -1  97  -1  -1  -1  -1 308  -1  -1  -1  -1  -1  -1  95  -1  -1  -1  -1  -1  -1  52  -1  -1  -1 
 51  -1   9 138  -1  -1  -1  -1  65  -1  -1  -1 183  -1  -1  -1  -1  -1   6  -1  -1  -1  -1 315  -1  -1 
 52  -1  -1  -1  -1  -1  -1  -1  -1  -1  -1  -1  -1 187 313  -1  -1  -1  -1  94  -1  -1  96  -1  -1  -1 
 53  -1  51  -1  -1  -1  -1 142  -1  -1  50 312  53  -1  -1  -1  -1  -1  -1  -1  -1  -1  -1  -1  -1  -1 

r\t   0   1   2   3   4   5   6   7   8   9  10  11  12  13  14  15  16  17  18  19  20  21  22  23  24 
  0  -1 126  -1  -1  -1  -1  32 108  -1  -1  -1 258  87  -1  -1  -1  -1  -1  -1  -1  -1  59  -1  -1  -1 
  1  -1 116  -1  -1  -1  -1  73  -1  -1  -1  -1  -1  -1  -1  -1  -1  -1  -1  -1  -1  -1  -1  -1  -1  -1 
  2  -1 219  -1  -1  -1  -1  -1  -1  -1  -1  -1 106  -1  16  16  -1 135  -1 122  -1  -1  -1 113 302  -1 
  3  -1  -1  -1 158  -1  -1 102  -1  62  -1  -1 147  -1  -1 150  -1  -1  -1  28  -1  -1  -1  -1  -1 214 
  4  -1  -1 123  -1 198  -1  -1  -1  -1  -1  -1  -1  -1 211  -1  -1  -1  -1 287  -1  -1  -1  -1 238  -1 
  5  -1  -1  45 276  -1  -1  -1  89 289  -1  -1  -1  -1 235 217  -1 154  -1  -1  -1  -1  -1  -1  -1  -1 
  6 265  27  -1  -1  -1  -1  -1 144  25  -1  -1  -1   1 115  -1  82  -1 203  -1  -1  -1  -1  -1  -1  -1 
  7  -1  -1 188  -1  -1  -1 160  -1 171  -1  -1  77 256 146 282  -1  -1  -1  20  -1 175  -1  -1  -1  -1 
  8  -1  -1 245   0  40  -1 117  -1 172  -1  -1  -1  -1  -1  -1  -1  -1 261 234  -1  -1  -1  -1  -1  -1 
  9  -1 173  -1 177  -1  -1  -1  -1  -1 218  -1  -1  -1  -1  -1  -1 240 155 167  -1  -1 292  -1  -1  -1 
 10 110 196 202  -1  -1  -1  -1 124  -1  -1  -1  -1  -1  -1  -1  -1 253 297  -1  -1  -1  -1  -1  -1  -1 
 11  -1 125  -1  -1  -1  -1  14  -1  -1  -1  -1 259  -1   3  -1  -1  -1  -1  -1  -1  -1 252  -1 174  -1 
 12  -1 128  -1 247  -1  -1  56  -1  -1  -1  -1  -1  -1 299  -1  -1  -1  -1  -1  -1  -1  -1  -1  -1  -1 
 13  -1  47  33  -1  -1  -1  -1 209  79  -1  -1 305 114  -1  -1  -1  -1  15  -1  -1  -1  38  -1 264  -1 
 14  -1  -1  -1  -1  -1  -1  -1 216  -1  -1  -1  -1  -1  -1  -1  -1  -1  -1  -1  -1  -1 191  91  -1  -1 
 15  -1 201  -1  -1  -1  -1  -1  -1  -1  -1  -1  -1  -1 213  -1  -1  -1  -1  -1  -1  -1  -1  42  -1  22 
 16  -1  -1  80  -1  -1  -1  -1  -1  -1  -1  -1  -1 192 192  -1  -1 293  -1 145  -1 220  -1  -1  -1  -1 
 17  -1  -1  -1 127  -1  -1  -1 280 280  -1  -1  57  -1  -1  -1  -1 103  -1  -1  -1 129  -1  60  60  -1 
 18  -1  88  -1  58 131 307  -1 194  -1  -1  -1  -1  -1  -1  -1  -1 263  -1 267  85  -1  81 168 190  84 
 19  -1 159  -1  -1  -1  -1  -1  83 101  -1  -1  -1  -1  -1  -1  -1  -1 170  -1  -1  -1  -1  -1  -1  -1 
 20  -1 254  -1  44  -1  37 279  -1  -1  67  -1 249  -1  -1  -1  -1  -1  -1 208  -1  -1  35 255 223  -1 
 21  86  -1  -1  -1  -1  -1 298  69  -1  -1  -1  -1  -1  -1  -1  -1  -1  -1  43  -1  -1 133  -1  -1  -1 
 22  -1 290 260 100  -1  -1 169  -1  -1  -1  -1 243  -1 161  -1  -1  -1 248  -1  23  -1  -1  -1 278  -1 
 23  -1 232  -1  -1  66  -1 306  -1  -1  -1  -1 215 130  76  -1  -1  70 242  -1  -1  -1  -1 104 104  -1 
 24  -1  -1 300 212  -1 303  -1  -1 189  -1  -1  -1  -1  -1  -1 301  -1  -1  -1  -1  -1 277  -1  29 286 
 25  -1  -1  36  12  -1 221  -1  -1  -1  -1  -1  18 233  -1  -1  -1  64 157 291  -1  -1  -1  -1  -1 199 
 26  -1  -1  -1  -1  -1  -1  -1  -1  -1  -1 257  -1  -1  -1  -1  -1  -1  -1  -1  -1  -1 152  34  -1 262 
 27  -1  -1  -1  72  -1  -1  39  -1  -1  -1  -1 205 210  -1  -1  -1  -1  -1  -1  -1  -1 304 296 166  -1 
 28  -1 284 164  -1  -1 176  -1  13 148 148  -1  -1  26  -1  -1  -1  -1  -1  -1  -1 236 236  -1 120  -1 
 29  -1  -1  -1 121 111  41  -1 179 165  -1  -1  -1  71 246  -1  -1 204  -1  -1  -1  -1  -1  78 132  -1 
 30  19  19  19  -1  -1   2   2  24  -1  -1  -1  -1  -1  30  -1  -1  -1  -1  -1  -1  17  17   4   4  -1 
 31  -1  -1  -1  -1  -1  -1  -1  -1  -1  -1  -1  -1  -1  -1  -1  31  31  31  -1  -1  -1  -1  -1  -1  -1 
 32  -1  68  -1  -1  -1  48  48  -1  -1  -1  -1  -1  63  63  63  -1  -1  61  61  -1  46  46  -1  74  -1 
 33  -1  -1  -1  -1  -1  -1  -1  -1  -1  -1  -1  -1  -1  -1  -1  -1  -1  75  75  75  -1  -1  -1  -1  -1 
 34  -1  -1  -1  -1  -1  92  92  -1 112  -1  -1 118 107 107 107  -1  -1 105 105  -1  90  90  -1  -1  -1 
 35  -1  -1  -1  -1  -1  -1  -1  -1  -1  -1  -1  -1  -1  -1  -1  -1  -1 119 119 119  -1  -1  -1  -1  -1 
 36 136 136 151 151 151 134 134 162  -1  -1  -1  -1  -1  -1  -1  -1 156  -1  -1  -1  -1  -1 149 149  -1 
 37  -1  -1  -1  -1  -1  -1  -1  -1  -1  -1 163 163 163  -1  -1  -1  -1  -1  -1  -1  -1  -1  -1  -1  -1 
 38 180 180  -1  -1  -1  -1 206  -1 200  -1 193 193 178 178  -1  -1  -1 195 195 195  -1  -1  -1  -1  -1 
 39  -1  -1  -1  -1  -1  -1  -1  -1  -1  -1  -1  -1  -1  -1  -1  -1  -1  -1  -1  -1 207 207 207  -1  -1 
 40 224 224 239 239 239  -1  -1 237 237  -1  -1  -1 222 222  -1  -1  -1  -1 250  -1  -1  -1  -1 244  -1 
 41  -1  -1  -1  -1  -1  -1 251 251 251  -1  -1  -1  -1  -1  -1  -1  -1  -1  -1  -1  -1  -1  -1  -1  -1 
 42  -1  -1 266 266  -1 268 268  -1 288  -1  -1  -1 281 281  -1 283 283 283  -1  -1  -1  -1  -1 294  -1 
 43  -1  -1  -1  -1  -1  -1  -1  -1  -1  -1 295 295 295  -1  -1  -1  -1  -1  -1  -1  -1  -1  -1  -1  -1 
 44  -1  -1  -1  -1  -1  -1  -1  -1  -1  -1  -1  -1  -1  -1  -1  -1  10  -1 187  -1  -1  -1  -1  -1  -1 
 45  -1 274  -1  -1  -1  -1  -1  49  -1 197  -1  -1  -1  -1  -1  -1 183  -1  -1 312  -1  -1  -1  -1  -1 
 46  -1   7 230  -1  -1  -1  -1 139  21 241  -1  -1  -1  -1  -1 314  96  -1  -1  -1  -1  -1 182  54  -1 
 47  -1  -1  -1  97  -1  -1 186  -1 184  -1  -1  -1  -1  -1  -1  -1 226 313  -1  -1  -1  -1 269  -1  -1 
 48  -1  -1  93  -1 285  -1  -1  -1  94 310  -1  -1  -1  98  -1  -1  -1  -1 141  -1  -1 275  -1  -1  -1 
 49  -1  65  -1  -1  -1  -1  -1  -1 273  -1  -1 308  -1 137  -1  -1  53  -1 231  -1   9   5 229  -1  -1 
 50  -1  -1 185  -1 311  -1 228  -1  -1  -1  -1  -1  -1  -1  -1  -1  -1  -1   8  -1 143  -1  -1  -1 315 
 51  -1  -1   6  -1  -1  -1  -1 227  -1  -1 109  -1  -1 272 316  -1  -1  -1  -1  -1 271  -1 140 181  -1 
 52  55  -1  -1  -1  -1  -1  -1  11 138  -1  -1  -1  -1  -1  -1  -1  -1  -1  52  -1  -1 225  51  -1 153 
 53  -1  -1  -1  -1  -1  -1  -1 270  -1  -1 309  -1 142  50  -1  -1  -1  -1  95  -1  -1  -1  -1  99  -1 

r\t   0   1   2   3   4   5   6   7   8   9  10  11  12  13  14  15  16  17  18  19  20  21  22  23  24 
  0  83  -1  -1  43  -1  -1  -1  -1  62  37 104 104  -1  -1  -1  -1  -1 258 252  -1  -1  -1  -1  -1  -1 
  1  -1  64  -1 286  -1  -1 108  -1 146  -1  -1  70  -1 161  -1  -1 282 261  -1  -1  -1 188 249  -1  -1 
  2  -1  -1  -1  -1  -1  -1 305  -1  -1  -1  -1  -1  -1  -1  -1  -1  -1  -1 201  -1  -1  -1  -1  -1  -1 
  3 128  -1 123  -1  -1  -1  -1 159  -1  -1  -1  -1  -1  -1  -1  -1  -1  -1 117  -1  -1  -1  -1   3  -1 
  4  -1 233  -1 168  -1  -1 133  -1  -1  -1  -1  -1  -1  27  -1  -1  -1  -1  -1  -1  -1  -1  -1  -1  -1 
  5  -1  -1  -1 198  -1  -1  -1  -1  -1  -1  -1  -1 240  -1  -1  -1  12 166  -1  -1  -1  -1  -1  -1 215 
  6  -1  73 216 300  -1  -1 152  56  -1  -1  -1  -1 212  -1  -1  -1  66  88  -1  -1  -1  -1 171  -1  -1 
  7  -1  -1 278  -1  -1  -1 217  -1  -1  -1  -1 279  34  -1  -1  -1  -1  -1  -1  -1  -1  -1  -1  25   1 
  8  -1 263  -1  -1  -1  -1 114  -1 219  -1  -1  -1  -1  -1  -1  -1  -1 124  -1  -1  -1  72  26  -1  -1 
  9  -1  -1  -1  -1  -1  -1  -1 205 276  -1  -1  -1  -1  -1  -1  -1  -1  -1 290 304  -1  -1  -1  -1  -1 
 10  -1  -1  -1  -1  -1  -1  59  -1 115  -1  -1 129  -1  80  22  -1  -1 190  -1  -1  -1  -1 164  -1  87 
 11  -1 260  -1  -1  -1  -1 248 264  -1  -1  -1 223  -1  -1  -1  -1 157 220 196  -1  -1  -1  -1 267 132 
 12  -1  -1  -1  -1  -1  -1  -1  -1 101  -1  -1  -1  -1 126  -1  -1 242 234  -1  -1  -1  -1  77 246  -1 
 13 265 116  -1  -1  -1 306  -1 299 296  -1  -1  40  -1  -1  -1  -1 199 100  -1  -1 214 221  -1 287 131 
 14 172  -1  -1 243  -1  -1  13  -1  -1  -1  -1 301  -1  -1  -1  -1  -1  41  -1  -1  -1  -1  -1  -1  -1 
 15  -1  -1  -1  -1  -1  -1  -1 284  -1  -1  -1  -1  -1 130 150  -1  -1  -1 232  -1  -1 209 113  -1  -1 
 16  -1  -1  -1 121  -1  -1  -1  -1 247  -1  -1 298  -1  -1  67  -1  -1  -1  -1 177  -1  -1  -1  -1  -1 
 17  -1 277  -1 106  -1  -1  -1 102  29  -1  -1 122  -1  -1  -1  82  -1  -1  -1  -1  -1  57  -1 120  86 
 18  -1 170  -1  -1 169  -1  -1 179 189  -1  -1 302  -1  45  -1  -1  -1  -1  32  -1  -1  -1  -1 293  -1 
 19  -1  42  -1  -1  -1 238  -1 135  71  -1 173  -1  -1  -1  -1  -1 253 280 280  -1  -1  -1  -1  -1  -1 
 20  -1 254  -1  -1  -1  -1  -1  16  16 176  -1 256  -1  -1 259  -1  -1 202  -1  -1  -1  -1 165  18  -1 
 21  -1  20 235  -1  -1  -1 158  -1  -1  -1  -1  -1  -1  36 262  -1  79  -1  69  -1  -1 291  -1  -1  -1 
 22  -1  -1  -1  -1  -1 125  -1  -1  -1  -1  -1  33  -1  39  -1  -1  -1  -1  91  -1  -1  -1  -1  -1  -1 
 23  -1  28 160  -1 213  -1  -1  -1  -1 257  -1  -1  23  -1  -1  -1  -1  -1 111  -1  -1  14  -1  76 175 
 24 192 192  -1  -1  -1  -1  -1 154  -1  -1  -1  -1  -1 174  38  -1  81  -1  -1  -1  -1  -1 297  -1  -1 
 25  -1  -1  -1  -1  -1  -1  35  -1  -1  -1  -1  -1 127 145  -1  -1  -1  60  60  -1  -1  44  -1  -1  -1 
 26  -1  85  -1  -1  -1  84 292  78  47 307  -1  -1  -1  -1 218  -1  -1  -1  -1  -1  -1  -1  -1 103  -1 
 27  -1 144 245 203  -1  -1 210 236 236  -1  -1  15  -1 204  -1  -1 110 255   0  -1  -1  -1  -1  -1  -1 
 28  -1  -1  -1  -1  -1  -1  -1  -1  -1  -1  -1  58  -1 289  -1  -1  -1 303 167  89  -1  -1 191  -1  -1 
 29  -1  -1  -1  -1  -1  -1 211 194  -1  -1  -1 208 147  -1  -1  -1 155  -1 148 148  -1  -1  -1  -1  -1 
 30  -1  -1  17  17  -1  -1  -1   4   4  -1   2   2  -1  -1  -1  -1  30  19  19  19  -1  24  -1  -1  -1 
 31  -1  -1  31  31  31  -1  -1  -1  -1  -1  -1  -1  -1  -1  -1  -1  -1  -1  -1  -1  -1  -1  -1  -1  -1 
 32  -1  -1  -1  61  61  -1  74  -1  -1  -1  48  48  68  -1  -1  -1  -1  -1  46  46  -1  -1  63  63  63 
 33  -1  -1  75  75  75  -1  -1  -1  -1  -1  -1  -1  -1  -1  -1  -1  -1  -1  -1  -1  -1  -1  -1  -1  -1 
 34 105 105  -1  -1  -1  -1  -1 118  90  90  92  92  -1  -1  -1  -1 112  -1  -1  -1 107 107 107  -1  -1 
 35  -1  -1  -1  -1  -1  -1  -1  -1  -1  -1  -1  -1 119 119 119  -1  -1  -1  -1  -1  -1  -1  -1  -1  -1 
 36  -1 156 149 149  -1  -1  -1  -1 136 136  -1  -1  -1  -1  -1  -1  -1  -1 134 134 151 151 151 162  -1 
 37  -1  -1  -1  -1  -1  -1  -1  -1  -1  -1 163 163 163  -1  -1  -1  -1  -1  -1  -1  -1  -1  -1  -1  -1 
 38  -1 206 200  -1  -1  -1  -1  -1  -1  -1 178 178 195 195 195  -1  -1 180 180  -1  -1  -1  -1 193 193 
 39  -1  -1  -1  -1  -1  -1  -1  -1  -1  -1  -1  -1  -1  -1  -1  -1  -1  -1  -1  -1  -1  -1 207 207 207 
 40 224 224  -1 250  -1  -1  -1 244  -1  -1  -1  -1  -1 237 237  -1  -1  -1 222 222  -1  -1 239 239 239 
 41  -1  -1  -1  -1  -1  -1  -1  -1  -1  -1  -1  -1 251 251 251  -1  -1  -1  -1  -1  -1  -1  -1  -1  -1 
 42  -1 288  -1  -1  -1  -1  -1  -1  -1  -1 268 268  -1 281 281  -1  -1 294 266 266 283 283 283  -1  -1 
 43  -1  -1  -1  -1  -1  -1  -1  -1  -1  -1  -1  -1 295 295 295  -1  -1  -1  -1  -1  -1  -1  -1  -1  -1 
 44  -1  -1 231  -1  -1  -1  51  -1  -1  -1  -1  -1  -1  -1  -1  -1  -1  -1  -1  -1  -1  -1  -1 141  -1 
 45  -1  10  -1  -1  -1  -1 184 230 275  -1  -1  -1  -1  -1  -1 310  -1  -1  -1  -1  -1  -1  -1  -1 274 
 46  -1  -1  -1  -1 153  -1  -1  -1  -1  55  -1  -1  -1  -1  -1  -1  -1 270  -1  -1 309  -1  21 226  -1 
 47  97  94 139  -1  -1  -1 229  -1  -1  -1  -1 138 315  -1  -1  -1  -1  -1  -1  -1  -1  -1  -1  -1  -1 
 48  11  -1  95  -1 312  -1 272  54 227  -1 225  -1  -1   6  -1  -1 314 140  -1  -1  -1  -1 308  -1  -1 
 49  -1 142 273  -1  -1 311  -1  -1  -1  -1  -1  -1  -1  -1  -1  -1  -1  -1  -1  -1  -1  -1  -1  -1  -1 
 50 143 269  -1  -1  -1  -1   5  -1  -1 228  -1  -1  65  -1  -1  -1  -1  49  -1  -1  -1   7  -1 182  98 
 51  -1  -1  -1  -1  -1 109  -1  -1  -1 271  -1  -1  -1 137 316  -1  -1  -1  -1  -1  -1  -1  -1  50  -1 
 52 185  52 183  -1  -1 197  -1  93  -1   9  -1 241  -1  -1  -1  -1  -1   8  -1  -1  -1 181  -1  96  -1 
 53  53 187  -1 313  -1 285  99  -1 186  -1  -1  -1  -1  -1  -1  -1  -1  -1  -1  -1  -1  -1  -1  -1  -1 

r\t   0   1   2   3   4   5   6   7   8   9  10  11  12  13  14  15  16  17  18  19  20  21  22  23  24 
  0  -1 147  -1  -1 176  -1  -1  23 120  -1 214  -1  -1  33  -1  -1  20  -1  -1  -1  -1 232  -1  -1  -1 
  1  -1  -1  -1  -1  -1  -1  -1 129  -1  -1  -1  -1  69  -1  82  -1  -1  -1 124  -1  -1  -1  -1  -1  -1 
  2  -1 235  -1 170  -1  -1  80  -1 154  -1  -1  -1  -1  81  -1  -1  -1 117  89  -1  -1 166 293 152  -1 
  3  37  77  78  -1  -1  -1  -1  -1  -1  -1  -1  27 280 280  -1  -1  -1  -1 276  -1  -1  -1  -1  -1  -1 
  4  -1  -1  -1  -1  -1  -1  -1  -1 135  -1 174  -1  -1  -1  -1  -1 289  -1  -1  -1  -1 132  -1  -1  -1 
  5  -1 277  -1 278  -1  -1  -1 252 255  -1  -1  -1  -1  -1 305  -1  47  -1  -1  -1  83  -1  -1 122  -1 
  6  -1  -1  -1  57  -1  -1 160  -1  -1  -1  -1  -1 169  -1  -1  -1 130  -1  -1  -1  -1  -1  -1  -1  -1 
  7  -1  -1 194 254  -1 106 145  -1  -1  -1  -1  84  -1 223  -1  -1  -1  -1 148 148  -1  -1 126 133  -1 
  8  -1  14 282 188  -1  -1 287  -1  -1  -1  -1 116  -1  16  16  -1 100 110  -1  -1  -1 101  -1  -1  -1 
  9 150  -1  -1  -1  -1  -1  -1   3 196 261  -1 190  -1  -1  -1  -1  43  -1  -1  -1  -1  -1  -1  -1  -1 
 10  -1  -1 210  -1  -1  -1  -1 165  -1  -1 218  -1 240  79  -1  -1 256  -1  -1  -1  -1 179  25  -1  -1 
 11  -1  -1 217 234  -1  22 258  -1  -1  -1  -1  -1  -1  -1  -1  -1  -1  -1  -1  -1  -1 199  -1 201  -1 
 12 260 189 219 114  -1 303 205  -1  -1 213 238  -1 203 262  -1  -1 284  -1  -1  -1  -1  -1  -1  -1  -1 
 13  -1  -1 296  -1  -1  -1 267  -1  -1  -1  -1 247  13  -1  91  -1  -1  -1  44  -1 265 131  -1  -1  -1 
 14  67 249 242  -1  -1  -1  45 236 236  -1  -1  -1  56  -1  39  -1  76  -1  -1  -1  -1  -1  -1  32  -1 
 15  -1 115 248  -1  -1  66 191 144  -1  -1  -1  73 123  -1  -1  -1 208  -1  -1  -1  -1   0  -1  -1  -1 
 16  -1  -1  -1  -1  41  -1  -1  -1  -1  -1  -1  -1 192 192  -1  -1  -1  -1  -1  -1 220  -1  -1 263  -1 
 17  18  -1  -1  -1  -1  -1  -1 215  -1  -1  -1 297 216 175  -1  -1  -1  -1  87  -1  -1 212  -1  -1  -1 
 18  -1 259  -1  71  -1 125  -1  -1 301  -1  -1  -1  -1 292 221  -1  -1  -1 161  -1  -1  -1 168  -1  -1 
 19 304  -1  29  -1 302  -1  -1 290  -1  -1  -1  -1  -1 172  -1  -1  -1  -1  -1  -1  -1  -1  -1  85  -1 
 20  -1  -1  -1 167  -1  -1  -1 113  -1  -1  -1  -1  34 164  -1  -1  -1  -1  -1  -1  -1  64  -1  -1  -1 
 21  42  -1 155  -1  -1  -1  -1  -1  -1  -1  86 264 159  36  -1  -1  -1  -1  -1  -1  -1 300  -1  -1  -1 
 22  -1  -1  -1  -1  -1  -1 233  -1   1  -1  -1  -1  -1  -1  -1  -1  -1  -1 171  -1  -1  -1  -1 245  -1 
 23  -1  -1  38  -1  -1  -1  -1  -1  -1  -1  -1  -1 291  58  -1  -1  62  -1  -1  -1  -1  -1  -1  -1  -1 
 24  -1  -1 111  -1  -1  -1  -1  60  60  -1  -1  -1 246 243  -1  -1  -1  -1 204  -1  -1 146  -1  -1 306 
 25  -1  40  -1 103  -1  -1  -1 173  -1  -1  -1 202 127  -1  -1  -1  -1  -1  72  -1  -1  -1  -1  -1  -1 
 26  -1  -1  -1  -1  -1  -1  -1  70  -1 307  -1 158  -1 121 128  -1  -1  -1 298  -1  -1  12 209  -1  -1 
 27  -1  35 157 299  -1 198  -1  -1  -1  -1  -1  -1  -1  -1  -1  -1  -1 279  -1  -1  -1  -1 253  -1  -1 
 28  -1 102  -1  -1  -1  -1 108  26  88  -1 286  59  -1  -1  -1  -1  -1  -1 257  -1 177  -1  -1  -1  -1 
 29  -1 211  -1  -1  -1  -1  15  -1  -1  -1  -1  -1 104 104  -1  -1  -1  -1  28  -1  -1  -1  -1  -1  -1 
 30  -1  -1  -1   4   4  -1  24  -1  -1  -1  -1  -1  -1   2   2  -1  -1  17  17  -1  -1  30  19  19  19 
 31  -1  -1  -1  -1  -1  -1  -1  -1  -1  -1  -1  -1  -1  -1  -1  31  31  31  -1  -1  -1  -1  -1  -1  -1 
 32  -1  -1  -1  48  48  -1  -1  -1  68  -1  -1  -1  -1  46  46  -1  -1  63  63  63  -1  74  61  61  -1 
 33  -1  -1  -1  -1  -1  -1  -1  -1  -1  -1  -1  -1  -1  -1  -1  -1  -1  -1  -1  -1  -1  -1  75  75  75 
 34  -1  -1 118  90  90  -1  -1 107 107 107  -1  -1  92  92  -1  -1 112  -1  -1  -1  -1  -1 105 105  -1 
 35  -1  -1  -1  -1  -1  -1  -1  -1  -1  -1  -1  -1  -1  -1  -1  -1  -1  -1  -1  -1  -1  -1 119 119 119 
 36  -1 156  -1  -1  -1  -1  -1 162  -1  -1 151 151 151 134 134 149 149  -1 136 136  -1  -1  -1  -1  -1 
 37  -1  -1  -1  -1  -1  -1  -1  -1  -1  -1  -1  -1  -1  -1  -1 163 163 163  -1  -1  -1  -1  -1  -1  -1 
 38  -1  -1  -1 200  -1  -1  -1  -1  -1  -1  -1  -1  -1 180 180 193 193 206 178 178  -1  -1 195 195 195 
 39  -1  -1  -1  -1  -1  -1  -1 207 207 207  -1  -1  -1  -1  -1  -1  -1  -1  -1  -1  -1  -1  -1  -1  -1 
 40  -1  -1  -1 222 222  -1 244 224 224  -1  -1  -1  -1  -1  -1  -1  -1 237 237  -1  -1 250 239 239 239 
 41  -1  -1  -1  -1  -1  -1  -1  -1  -1  -1  -1  -1  -1  -1  -1  -1  -1 251 251 251  -1  -1  -1  -1  -1 
 42  -1 288  -1 268 268  -1 294 283 283 283  -1  -1 266 266  -1  -1  -1  -1  -1  -1  -1  -1 281 281  -1 
 43  -1  -1  -1  -1  -1  -1  -1  -1  -1  -1  -1  -1  -1  -1  -1 295 295 295  -1  -1  -1  -1  -1  -1  -1 
 44 312  -1  -1 184  -1  -1  96  -1  -1  -1  -1  -1  -1  -1  -1 316  -1  -1  -1  -1  -1  52  -1 270  -1 
 45  -1  -1  -1  -1  -1 311 182  -1  -1  -1  -1  51  -1  -1  -1  -1 231  -1  -1  -1   5  -1  -1  -1  -1 
 46  -1 274  -1  -1 140  -1 230  -1 186 309  -1 141  -1  -1  -1  -1  -1  -1  -1  -1  97  93  -1  -1  -1 
 47  -1  95  21 142  -1  -1  -1  50  -1  -1  -1  98  -1  -1  -1  -1  -1  -1  10   8  -1  -1  -1  -1  -1 
 48  -1 187  65  -1  -1  -1   7  -1  53  -1  -1  11 229  -1  -1  -1  -1  -1  -1 269  -1 227  -1  -1  -1 
 49  -1  -1 315  -1  -1  -1  -1  -1 275  -1 314  -1   6  -1  -1  -1  -1  -1 272  99  55 273 308  -1 310 
 50  -1 225  -1  -1  -1  -1  -1 137  -1  -1  -1  -1  -1  -1  -1 109  -1 197  -1  -1 143  -1  -1  -1 285 
 51  -1 139  -1  -1  -1  -1  -1  -1  -1  -1  -1 228 185  -1  -1  -1  -1  -1 226  -1  -1  -1  -1  -1  -1 
 52  -1  49  -1  -1  -1  -1  -1  -1  -1  -1  -1 183  -1  -1 271  -1 181 313  -1  -1  -1  -1  -1  -1  -1 
 53  -1   9  -1  -1  -1  -1 138  -1  -1  -1  -1  -1  54  -1  -1 241  94  -1  -1  -1  -1  -1 153  -1  -1 

r\t   0   1   2   3   4   5   6   7   8   9  10  11  12  13  14  15  16  17  18  19  20  21  22  23  24 
  0  -1  -1  81  -1  -1  -1  -1  -1  -1  -1  -1  -1  -1  -1  -1  -1  -1 202 177  -1  -1  -1  -1  -1  -1 
  1  -1  -1 189 172  -1  -1 256  -1  73  -1  -1 146 131 235  -1  -1 248 279  89  -1  -1  -1  -1  -1  -1 
  2  -1 144 166 179  -1  -1  -1 145  -1  -1  -1  -1  -1  -1  -1  -1 204  -1  16  16  -1  -1  -1  -1 265 
  3  -1  -1  -1  -1  -1 150  -1  -1 276  -1 127  -1  -1  80  -1  83  -1 160  -1  -1  -1  -1 113 245  -1 
  4  -1 101 123  -1  -1  -1 217  -1  -1  -1  -1  41 302 176  -1  -1  -1  -1  -1  -1  -1  -1 220  35  -1 
  5  -1  -1  -1  -1  67 258  23 157 216  -1  -1  -1  -1  -1  -1  -1 135 175  -1  -1  -1  -1 152  -1  -1 
  6 130   3 203  -1  -1  -1  -1  -1  -1  -1  -1  44  -1  -1  -1  -1  -1 173 277 199  -1 242 263  -1  -1 
  7  -1  -1  14 290 262  -1  -1 211  -1  -1 260 233 170  -1  -1  -1 155  -1  -1  -1  -1 223  -1  -1  -1 
  8  -1  -1 132  -1  -1  -1  -1  -1 167  22  -1  70  -1  -1  -1  -1 296  -1  72  -1  -1 168 240  43  -1 
  9  -1  -1  -1  32  -1  -1  -1  -1 100  -1  -1 305 201  -1  -1  -1 115  -1  -1  -1  -1  -1  -1  -1  -1 
 10  -1  -1  -1 249  -1  -1  -1  -1 292  -1  -1 218  76 212  -1 236 236 264  -1  -1  -1  -1 191  -1  -1 
 11  -1  -1  -1  -1  -1  -1  -1  -1  -1  -1  -1 161 122  -1  -1  -1 165  -1  -1  -1  -1  -1  -1  -1  -1 
 12  -1 254  60  60  -1  -1  -1  -1  -1  -1  -1 205  -1  -1  -1  18  -1 110  -1  -1  -1  -1  -1 300  -1 
 13  -1  79  -1 102  -1  -1  -1  -1  -1  -1 287  -1  -1  -1  -1  -1  -1  71 114  -1  -1  -1  -1 234  -1 
 14  -1  -1  -1  40  -1  -1 297  -1  26  -1  -1  -1  -1  -1  -1  -1 278  91  27  -1  -1  -1 280 280  -1 
 15  -1  88  -1 164  -1 106 286  -1 208 303  -1  20 255  -1  -1  -1  -1  34 259 238  -1  -1  59  -1  -1 
 16  -1  -1 108  -1  -1  -1  -1 126  -1  -1  -1  -1  66  -1 129  -1  -1  -1  -1  -1  -1  -1 293  57  -1 
 17  -1 232  -1  -1  -1  -1  -1 282  -1  -1  -1 298  -1  -1  -1  -1  -1  -1  -1  -1  -1 284 158 215  -1 
 18  -1  -1  -1  -1  -1  -1 243  -1  -1  -1  -1  -1 289  -1  -1  -1  -1  -1  -1  84  -1 128 214  -1  -1 
 19  -1  82 125  -1  -1 213  -1 267  -1  -1  -1  58  -1  -1  -1  -1  47 307 261  -1 221 103  -1  -1  -1 
 20  -1 159  69  -1  -1  -1 154  15  -1  -1  -1  28 147  -1  -1  -1  -1  77  -1  -1 148 148 253  -1  -1 
 21  -1  -1  -1  -1  -1  -1  -1  -1  -1  -1  -1  -1  -1  56  -1  -1 190  -1 174  -1  -1  -1  -1 133  -1 
 22  -1  -1  -1 121  -1  -1  -1  -1  -1  -1  -1  -1  -1  -1  -1  -1  33 299  -1  -1  -1  -1  -1  12  -1 
 23  -1  -1  -1  -1 304  -1  -1  -1  -1  -1  -1 252  -1  -1  -1  -1  -1 196 247  -1  -1  -1  -1  -1  -1 
 24  -1  -1 246  -1  -1  -1  64  85 169  -1  -1  -1  -1  -1  -1  -1  62  -1  -1 171  -1  -1 306 188  -1 
 25  39  25 301  -1  -1  -1  -1  -1   1  -1  -1  -1  -1  -1  86  -1  -1  -1  -1  -1  -1  -1  -1  -1  -1 
 26  -1  -1   0 194  -1  -1 111 291  -1  -1  42  -1  87  -1  -1  -1  -1  -1  -1  -1  45  -1  29  -1  -1 
 27  -1  -1  -1  -1  -1  -1 210 192 192  -1  37  -1  -1  -1  -1 104 104 219  -1  -1  -1  -1  -1 209  -1 
 28  38  -1 257  13  -1  -1  -1  -1  -1  -1  -1  -1  -1  -1  -1  -1  -1 124  36  -1  -1  -1  78 120  -1 
 29  -1 116  -1  -1  -1  -1 198 117  -1  -1  -1  -1  -1  -1  -1  -1  -1  -1  -1  -1  -1  -1  -1  -1  -1 
 30  -1  -1  24  -1  -1  -1  -1  30  -1  -1   2   2  17  17  -1  -1  -1  -1  -1  -1  19  19  19   4   4 
 31  -1  -1  -1  -1  -1  -1  -1  -1  -1  -1  -1  -1  31  31  31  -1  -1  -1  -1  -1  -1  -1  -1  -1  -1 
 32  -1  68  48  48  -1  -1  -1  61  61  -1  -1  -1  -1  -1  -1  -1  -1  63  63  63  -1  74  -1  46  46 
 33  -1  -1  -1  -1  -1  75  75  75  -1  -1  -1  -1  -1  -1  -1  -1  -1  -1  -1  -1  -1  -1  -1  -1  -1 
 34  -1  -1  -1  -1  -1  -1 118  -1 112  -1  90  90 105 105  -1  -1  -1  -1  -1  -1  92  92 107 107 107 
 35  -1  -1  -1  -1  -1  -1  -1  -1  -1  -1  -1  -1 119 119 119  -1  -1  -1  -1  -1  -1  -1  -1  -1  -1 
 36  -1  -1 149 149  -1  -1 156  -1  -1  -1 134 134  -1  -1  -1  -1 162 151 151 151  -1 136 136  -1  -1 
 37  -1  -1  -1  -1  -1  -1  -1  -1  -1  -1  -1  -1 163 163 163  -1  -1  -1  -1  -1  -1  -1  -1  -1  -1 
 38  -1 206  -1 200  -1  -1  -1 180 180  -1 178 178 195 195 195  -1  -1  -1  -1  -1 193 193  -1  -1  -1 
 39  -1  -1  -1  -1  -1  -1  -1  -1  -1  -1  -1  -1  -1  -1  -1  -1  -1  -1  -1  -1 207 207 207  -1  -1 
 40  -1  -1 239 239 239  -1  -1 237 237  -1 224 224  -1  -1  -1  -1  -1 244  -1  -1  -1 250  -1 222 222 
 41  -1  -1  -1  -1  -1  -1  -1 251 251 251  -1  -1  -1  -1  -1  -1  -1  -1  -1  -1  -1  -1  -1  -1  -1 
 42  -1 294 283 283 283  -1  -1  -1  -1  -1  -1  -1 281 281  -1  -1  -1  -1 288  -1 266 266 268 268  -1 
 43  -1  -1  -1  -1  -1  -1  -1  -1  -1  -1  -1  -1 295 295 295  -1  -1  -1  -1  -1  -1  -1  -1  -1  -1 
 44  -1  -1  -1  -1  -1  -1  -1  -1  -1  -1  -1 273  -1  -1 314  -1  -1  -1 271  -1  -1  -1  -1  -1  -1 
 45 197  -1 185  -1  -1 285  -1  -1  -1  -1  -1  -1  -1  -1  -1  -1  -1  -1  51  -1  -1 184  -1 182  -1 
 46  -1  21  -1 270 153  -1 309  98  96  -1  -1  -1  -1  -1  -1  -1  -1  -1  -1  -1  -1  65   5  -1 181 
 47  -1 274  -1  -1  -1  -1  -1  52 141  -1  -1  -1 241  11  -1  -1  -1 186  -1  -1 143  -1  -1  -1  -1 
 48  -1 140  -1  -1  -1  -1  -1 139 272  -1  -1  -1  -1  -1  -1  -1 275 137  -1  -1  -1  -1  97  -1  -1 
 49  -1  -1  -1  -1 315  -1  -1  -1  -1 310  -1  -1  -1  -1  -1  -1 183  10 227 311  -1  -1  -1  -1  -1 
 50 312  -1  -1  95  -1  -1  -1  -1  -1  -1  -1  -1  -1  -1  -1  -1  99  -1  -1  -1  -1  -1  -1  -1  -1 
 51  -1 187  -1   9 109 316  -1 230  49  -1  -1  -1 313 269  -1  -1  -1  -1  -1  -1  -1  -1  54  -1  -1 
 52  -1  50  93 225  -1  -1  -1   7  -1  -1  -1  -1  -1  53  -1 308 226  -1   6  -1  -1  -1  -1  -1  -1 
 53  -1 231  -1 142  -1  -1  -1  -1  -1  -1  55  -1  -1 228  -1  -1   8 229  -1  -1  -1  -1  -1  94 138 

