317
23 14
8 24
0 30
16 25
5 30
17 48
2 48
18 52
13 50
19 45
12 45
3 46
2 7
6 26
1 6
3 17
17 20
12 30
16 15
22 30
8 12
7 45
11 29
21 21
16 30
22 25
23 1
7 27
11 24
3 5
21 30
12 31
18 5
6 24
17 10
2 27
7 18
12 11
2 28
2 15
24 4
16 16
20 21
20 1
13 25
8 25
5 32
1 19
18 32
2 45
23 53
3 51
22 48
12 44
0 52
14 53
13 1
18 23
12 17
6 4
2 1
22 32
21 1
15 32
8 19
7 44
11 6
1 5
1 32
17 11
21 28
6 14
7 28
3 12
12 32
22 33
16 9
3 28
11 26
1 0
8 26
22 18
4 18
4 11
16 27
3 14
12 29
7 7
13 20
16 24
0 34
14 23
5 34
3 52
18 47
12 53
22 46
19 52
2 52
17 49
2 8
13 14
3 29
6 21
17 17
22 34
4 8
7 34
12 23
14 47
11 16
21 19
12 34
7 25
17 1
18 25
3 24
13 8
11 34
22 35
6 29
1 29
22 7
2 29
16 11
7 0
11 7
23 18
5 16
13 2
21 25
18 13
13 11
23 26
2 36
22 24
18 36
8 52
0 46
1 47
16 47
6 44
12 46
14 49
18 16
1 15
2 21
6 5
12 19
7 36
4 1
15 36
23 3
21 52
22 27
11 14
11 36
13 12
17 26
16 13
2 11
8 20
1 36
5 37
18 21
3 3
21 5
12 15
23 22
18 1
9 14
10 28
13 27
6 19
0 2
3 23
14 5
19 11
12 38
16 5
0 38
3 44
22 44
5 45
6 53
17 50
18 53
23 45
1 12
3 10
6 1
8 4
12 28
17 38
2 14
22 38
7 16
16 53
11 12
21 16
2 38
18 22
11 5
12 0
22 9
6 17
21 38
7 39
23 10
17 29
3 22
1 20
16 17
4 17
6 11
9 0
4 27
14 18
16 28
16 22
19 6
23 24
17 40
12 4
13 40
22 47
8 47
6 49
3 49
16 44
1 53
2 47
3 9
17 16
16 0
18 4
13 6
7 40
9 4
0 40
23 15
12 51
11 10
21 2
11 40
2 4
21 13
12 16
13 22
18 11
3 40
5 41
17 9
1 21
22 26
8 18
16 20
19 29
6 13
2 2
0 8
18 29
3 19
21 3
23 5
0 11
5 42
3 21
18 42
12 47
13 44
2 50
17 47
16 48
8 48
1 51
1 4
8 17
6 23
2 3
17 0
12 42
14 14
20 42
16 21
3 50
7 22
15 27
17 42
12 14
18 18
2 26
21 17
8 15
16 42
10 43
22 13
3 2
13 9
23 16
6 8
10 12
6 18
8 8
17 21
23 27
5 8
5 2
9 52
21 47
24 53
15 47
10 44
11 50
4 50
7 48
20 45

