r\t   0   1   2   3   4   5   6   7   8   9  10  11  12  13  14  15  16  17  18  19  20  21  22  23  24 
  0  -1 123 252  -1  -1 172  -1  -1  -1  -1 217  -1 236 236  -1  -1  -1  -1  88  -1  -1  -1  -1  -1 214 
  1  -1 278  -1 158  37  -1  -1 157 131  44  -1  -1  -1  -1  82  -1  -1  -1  -1  -1  -1  -1  -1  -1  -1 
  2  -1  -1  -1  34 194 174  -1  -1  26  -1  -1 287  16  16  -1  -1  -1  -1  -1  -1  -1   0  -1 103  -1 
  3  -1  -1 201 256  -1  -1  -1  -1  -1  -1  -1  -1  -1  -1  -1  -1  -1 298  -1  -1  -1  -1  -1  -1  -1 
  4  -1  69 101  -1  -1 198  -1  -1  -1  -1  -1 293 248 301  -1  -1  -1 150  -1  -1  -1  89  -1  -1  -1 
  5  -1  -1  -1  -1  -1  -1  -1  -1  -1  -1  43 243 208  -1  -1  -1  -1  -1 289 242  -1  84  -1  -1  -1 
  6  -1  57  -1  -1  -1 307  -1  -1  -1  -1  -1  -1  -1  -1  -1  -1  62 235  -1  -1 220  -1  -1  -1  -1 
  7  -1  -1 121  -1  -1  -1  -1  -1  -1  -1  -1 122  -1 247  18  -1  47  -1 255  -1  -1  -1  -1  -1  -1 
  8  -1  -1  -1  -1  -1  -1  -1 205  -1  -1  -1  -1  58  -1  -1  -1 179  -1 234  -1  -1 212  -1  -1  -1 
  9  -1 133  -1  -1  -1  -1 284  -1  -1  -1  -1  -1  -1  -1  -1  -1  83  -1  -1  -1  -1 124  -1  32  -1 
 10  -1 249 290  -1  -1 213 260  -1 188  -1  -1 111 130 164  -1  -1  -1  -1  -1  -1  -1 240  -1 246  -1 
 11  -1  -1  20  -1  -1  -1 210  15  -1  -1  -1  -1  -1  -1  -1  -1  -1  -1  -1  -1  -1  -1  25  -1 238 
 12  -1 233 277  13  -1  -1 167 104 104 128  -1  66  35  56  -1  -1  91  -1  -1  -1  -1  -1  -1  -1  -1 
 13  -1  27  -1 177  -1  -1 211 253 276  87  -1  -1  -1  -1  -1  -1  -1  -1 280 280  -1  -1  -1 204  -1 
 14  -1  -1  -1  -1  -1  -1 146  -1  -1  -1 129  -1 264  -1 155 261 267  -1 135  -1  -1  -1  -1  -1  -1 
 15 223  -1  -1 116  -1  -1  -1  -1  -1  -1  -1 125  -1  -1  38 304  -1  -1  -1  -1  -1 147 192 192  -1 
 16  -1  14  33  -1  -1  22  76 120 166  -1  -1 165  -1  -1  -1  -1   3 114  -1  -1  -1  -1  -1  -1  -1 
 17  -1  -1 159 196  -1  -1  -1 218  -1 176  -1  -1  -1  -1  -1 303  -1  -1  -1  -1  -1  -1  -1  -1  -1 
 18  -1  -1  36 100  -1  -1  -1  71  -1  -1  -1  -1  -1 297  -1  -1 209  -1  -1  -1  -1  85  -1  72  -1 
 19  -1  -1  45  -1  -1  -1  -1 189 262  -1  -1  -1  -1 144  -1  -1  73  -1  42  -1  -1  -1  -1  -1  -1 
 20  -1  -1  -1  -1  -1  -1 113  -1  -1  -1  -1  29  -1  -1  -1  -1  -1  -1  -1  -1  -1 299 254  -1  67 
 21  -1  -1  -1  80  -1  -1  -1  -1  77  -1  -1  -1 152  -1  -1  -1  -1  -1  -1  -1  -1  -1 102  -1  -1 
 22  -1  -1  -1  -1  -1  -1 259  -1  -1  -1  -1  41  -1  -1 170  -1  -1  -1  -1  -1  -1  -1  60  60  -1 
 23 258  -1  -1  -1  -1  -1  -1  -1  -1  -1  -1 199 291  -1  -1  -1 110  -1 302 173  -1 190  -1  -1  -1 
 24  -1 202 219 300  -1  -1   1  -1 171  -1  -1  -1  -1  -1  -1  -1 145  -1  -1  -1  -1  -1  -1 232  -1 
 25  -1 108  -1 265  -1  -1  -1 279  -1  -1  -1  23  78  -1  -1 106  -1 282  -1  -1  -1 221 117 175  -1 
 26  -1  -1  -1  -1  -1  -1 263 148 148 126  -1 215  -1 203  -1  -1 160 168  -1 305  -1 216  -1 296  -1 
 27 132  -1  -1  86  -1  -1  -1  -1  12  -1  -1 169  -1  -1  81 257  28  39  -1  -1  -1  -1  -1  -1  -1 
 28  -1 191  -1  -1  -1  -1 127  -1  64  -1  -1  -1  -1  -1  -1  -1  -1  -1 115  -1  -1  79 292  -1  -1 
 29  40  -1  70  59 286  -1  -1  -1 245  -1  -1 154  -1 306  -1  -1  -1  -1  -1  -1  -1 161  -1  -1  -1 
 30   4   4  -1  -1  -1  -1  -1  30   2   2  -1  -1  -1  -1  -1  -1  -1  17  17  -1  -1  24  19  19  19 
 31  -1  -1  -1  -1  -1  -1  -1  -1  -1  -1  -1  -1  -1  -1  -1  -1  -1  31  31  31  -1  -1  -1  -1  -1 
 32  46  46  -1  -1  -1  63  63  63  -1  -1  -1  -1  -1  74  -1  -1  -1  61  61  -1  -1  68  48  48  -1 
 33  -1  -1  -1  -1  -1  -1  -1  -1  -1  -1  -1  -1  -1  -1  -1  -1  -1  75  75  75  -1  -1  -1  -1  -1 
 34  92  92  -1  -1  -1  -1  -1  -1  90  90  -1  -1  -1 105 105  -1 118 107 107 107  -1  -1  -1 112  -1 
 35  -1  -1  -1  -1  -1  -1  -1  -1  -1  -1  -1  -1 119 119 119  -1  -1  -1  -1  -1  -1  -1  -1  -1  -1 
 36  -1  -1 151 151 151  -1  -1  -1 136 136  -1  -1 162  -1  -1  -1  -1  -1 156  -1 134 134 149 149  -1 
 37  -1  -1  -1  -1  -1  -1  -1  -1  -1  -1  -1  -1  -1  -1  -1  -1  -1  -1  -1  -1  -1  -1 163 163 163 
 38  -1  -1  -1  -1  -1  -1  -1 178 178  -1  -1 206 195 195 195  -1  -1 193 193  -1 180 180 200  -1  -1 
 39  -1  -1  -1  -1  -1  -1  -1  -1  -1  -1  -1  -1  -1  -1  -1  -1  -1 207 207 207  -1  -1  -1  -1  -1 
 40  -1  -1 237 237  -1  -1 250 239 239 239  -1 244 224 224  -1  -1  -1  -1  -1  -1  -1  -1 222 222  -1 
 41  -1  -1  -1  -1  -1  -1  -1  -1  -1  -1  -1  -1  -1  -1  -1 251 251 251  -1  -1  -1  -1  -1  -1  -1 
 42 266 266  -1  -1  -1  -1  -1  -1 294  -1  -1  -1 283 283 283  -1  -1  -1 288  -1 268 268 281 281  -1 
 43  -1  -1  -1  -1  -1 295 295 295  -1  -1  -1  -1  -1  -1  -1  -1  -1  -1  -1  -1  -1  -1  -1  -1  -1 
 44  -1 184  -1  -1  -1  -1  52  -1  -1  -1  -1  -1   7 141  -1  -1  -1  -1  -1  -1  97  -1  94  -1  -1 
 45  -1  -1  -1  -1 312  -1  -1  -1  -1  -1  -1  -1 182  -1  -1  -1  -1  -1  -1  -1  -1  -1 143  -1  -1 
 46  -1  -1  96  -1  -1  -1  -1  -1  -1  -1  -1  -1  -1 272  -1  -1 137  -1  -1  -1  -1  -1  -1  99  -1 
 47 186  -1 187   5  -1 313 231  -1  -1  -1  -1  -1  -1  -1  -1  -1  -1  -1  10  -1  -1  -1  -1 271  -1 
 48  -1  -1   9 225 241  -1 139   8  -1  -1  -1  -1  -1  -1  -1  -1 197  -1 228  -1  -1  51  -1  -1 314 
 49  -1  -1  -1  -1  -1  -1  -1 138  -1  -1  -1  -1  -1   6  -1  -1  21  -1  -1  -1  54  -1  -1  -1  -1 
 50  -1  -1  -1  98  -1  -1  95  93  53 269  -1  -1  50  49  -1 311 285  -1 270  -1  -1  -1 183  -1  -1 
 51  -1  -1 229  55  -1  -1  -1  -1 273  -1  -1 315 140  -1  -1  -1  -1  -1  -1  -1  11  -1  -1 181 109 
 52  -1  -1  -1  -1  65  -1 185  -1  -1  -1  -1  -1  -1  -1  -1  -1  -1 308  -1 310  -1  -1  -1  -1  -1 
 53  -1 230 274 142  -1  -1  -1  -1 226  -1 309  -1  -1  -1 316  -1 227  -1 153  -1  -1  -1 275  -1  -1 

r\t   0   1   2   3   4   5   6   7   8   9  10  11  12  13  14  15  16  17  18  19  20  21  22  23  24 
  0  -1  79  -1  -1  -1  -1  -1 125  -1 215  -1  -1 203  -1  -1  -1 234 280 280  -1  -1  -1  -1  -1  -1 
  1  -1  -1  60  60 150  -1 190  -1  -1  -1  -1  -1  -1  56  -1  -1  -1 114 169  -1  43  62  -1  26  -1 
  2 174  -1 259 297  -1 307  -1  -1  -1  -1  -1  -1  -1 129  -1  -1  -1  -1  -1  -1  -1 243  -1  -1  -1 
  3  -1  -1 279 165  -1  -1  -1  -1  -1  -1  -1  -1  -1  -1  -1  -1  -1  -1  -1  -1  -1 263  -1 152  -1 
  4  -1 276 245  -1  -1  -1  59  -1 191 238  -1  -1 223  -1  -1  -1  -1  -1 235  -1  -1  -1  -1  -1  40 
  5  -1  67  -1  29  -1  -1 147  -1  -1  -1  -1 202  -1  -1 176  -1 179  -1  32  -1  -1 166  -1 264  -1 
  6  -1  14  -1  -1  -1  -1  -1  -1  -1  -1  -1  66  -1 236 236  -1  -1  -1  -1 220  -1  -1  -1  -1  -1 
  7  -1  -1  12  -1  -1  -1  -1  87  -1  -1  -1 126  -1  -1  -1  -1  -1  -1  -1  -1  -1  -1 122  -1  -1 
  8 260  -1 100  -1 106 306 300  -1 303  -1  -1  -1  -1 117  -1  -1  -1  -1  -1  -1  -1  -1  -1  -1  -1 
  9  -1  -1  -1 232  -1  -1  -1  -1  -1  -1  -1  -1  -1 298  -1  -1  76 252  -1  -1  -1  -1 204  -1  -1 
 10  -1  -1  -1 189  -1  -1  -1  -1  -1  -1  -1 242  -1  -1  -1  -1  -1  34  -1  -1  -1  -1  -1 208  -1 
 11 265  -1 160  -1  83  -1 214  -1  -1  -1  -1  -1  37 132  -1  -1 124  69 249 177  -1  -1  -1  -1  -1 
 12  -1 188  -1  73  -1  -1  -1  -1  20  -1 301 198  -1 157  -1  -1  -1  -1  -1  -1  -1  -1  -1  -1  -1 
 13  -1  -1  -1  -1  -1  -1 258  -1  -1  -1  -1  -1  -1  -1  -1  -1 159  -1 131  -1  -1 246 296  -1  -1 
 14  -1  -1 194  85  -1  -1  71  -1  -1 170  -1 155 289 101 282  -1  -1  -1  -1  -1  -1  -1  -1   0  -1 
 15  -1 145  39  -1  -1  -1  -1  -1 293  -1  -1  -1 167  -1  -1  -1  18  -1  -1  -1  -1  -1  -1 240  -1 
 16  -1  -1  -1  -1  -1 128  -1 196  -1  -1  -1 110 247  -1  -1  -1  41 233 144  -1  -1 199  -1 299  -1 
 17  -1  -1  -1  15 213  -1 205  -1 277  -1  -1  -1  58  -1  -1  -1 212 104 104  -1  -1 292  -1  -1  -1 
 18  -1  -1  -1  -1  82  -1 302  36 255  -1  -1  -1  -1  -1 217  -1  -1  -1 290  -1  -1  -1  81 127  -1 
 19  -1  47  -1 262  -1  -1 173  -1  64  -1  -1  -1 148 148  -1  -1  -1  -1  -1  -1  -1 111  -1  -1  -1 
 20  -1 211  -1  -1  -1  -1  -1  -1 161  -1  -1  -1  -1  88  -1  -1 256  16  16  -1  -1  -1  -1  -1  -1 
 21  -1 253 146 267  -1  -1 103  -1  -1  -1  -1  -1  -1  -1  -1  -1 284 304 164  -1  42  23  -1  -1  -1 
 22  -1  -1  -1 210  -1  -1  -1 286  -1  -1  -1  -1  -1 248  -1  -1 219  -1 201  -1  -1  -1  -1 168  -1 
 23  -1  -1  -1 175  -1  -1 278  -1  -1  -1  -1  -1 108  -1  91  -1  -1  -1  57  -1  -1  -1  -1  -1  -1 
 24  -1  -1  -1 116  -1  -1  33  -1   1  -1  -1  28  -1  -1  -1  -1  89  -1  -1  -1  -1  -1 135 221  -1 
 25  -1  -1  -1  -1  -1  -1  -1 113  45  -1  -1  -1  -1  44  -1  -1   3  -1 115  -1  -1 130  25  -1  -1 
 26  -1  -1 291  -1  -1  -1  13  -1  80  -1  -1  78  -1  -1  -1  -1  -1 158  -1  -1  -1  -1 254 133  -1 
 27  -1  -1  35  -1 216  -1  -1  27  -1  -1  -1  -1  -1 172  -1 287  84  -1  -1  -1  -1  -1 154 305  -1 
 28  -1  -1  38  77  -1  -1  -1  72  -1  -1 171  -1 192 192  -1  -1 218  -1  -1  -1  -1  70  -1  -1  -1 
 29  -1 121 123 102  -1  -1 120  -1  -1  -1  -1  22  86  -1  -1  -1  -1 209 261 257  -1  -1  -1  -1  -1 
 30   2   2  -1  -1  -1   4   4  -1  -1  -1  -1  -1  17  17  -1  -1  24  -1  -1  -1  -1  30  19  19  19 
 31  -1  -1  -1  -1  -1  -1  -1  -1  -1  -1  -1  -1  31  31  31  -1  -1  -1  -1  -1  -1  -1  -1  -1  -1 
 32  -1  68  -1  -1  -1  46  46  -1  -1  -1  -1  -1  74  -1  -1  63  63  63  48  48  -1  -1  61  61  -1 
 33  -1  -1  -1  -1  -1  -1  -1  -1  -1  -1  -1  -1  -1  -1  -1  -1  -1  -1  -1  -1  -1  -1  75  75  75 
 34  90  90  -1  -1  -1  92  92 107 107 107  -1 118 112  -1  -1  -1  -1  -1  -1  -1  -1  -1 105 105  -1 
 35  -1  -1  -1  -1  -1  -1  -1  -1  -1  -1  -1  -1  -1  -1  -1  -1  -1  -1  -1  -1  -1  -1 119 119 119 
 36  -1 162 134 134  -1  -1  -1 149 149  -1  -1 156  -1  -1  -1 151 151 151 136 136  -1  -1  -1  -1  -1 
 37  -1  -1  -1  -1  -1 163 163 163  -1  -1  -1  -1  -1  -1  -1  -1  -1  -1  -1  -1  -1  -1  -1  -1  -1 
 38 180 180 200  -1  -1  -1  -1  -1  -1  -1  -1  -1 178 178  -1  -1  -1 193 193  -1  -1 206 195 195 195 
 39  -1  -1  -1  -1  -1  -1  -1 207 207 207  -1  -1  -1  -1  -1  -1  -1  -1  -1  -1  -1  -1  -1  -1  -1 
 40 239 239 239 250  -1  -1  -1 237 237  -1  -1 244  -1 224 224  -1  -1 222 222  -1  -1  -1  -1  -1  -1 
 41  -1  -1  -1  -1  -1 251 251 251  -1  -1  -1  -1  -1  -1  -1  -1  -1  -1  -1  -1  -1  -1  -1  -1  -1 
 42  -1  -1  -1  -1  -1 266 266  -1  -1  -1  -1  -1 281 281  -1  -1 294 288 268 268 283 283 283  -1  -1 
 43  -1  -1  -1  -1  -1  -1  -1  -1  -1  -1 295 295 295  -1  -1  -1  -1  -1  -1  -1  -1  -1  -1  -1  -1 
 44  -1  -1  -1 181  -1  -1 141  65  -1  -1 312  -1  53 270  -1  -1 229  -1  -1  -1  -1  -1 182  -1  -1 
 45  -1  -1  49  -1  -1 183  -1  21  -1  -1  -1  -1  10  -1  -1  -1  -1  -1  -1   9 316  -1  -1 187  -1 
 46 138  -1  -1  11  -1  -1  -1  -1  -1  -1  -1  -1 142  -1  -1  -1  -1  -1  -1  -1  -1  -1  96  -1  -1 
 47  -1 139 231  -1  -1  -1  -1  -1 226  -1  -1  -1 269  -1 109 311 140 272  94  -1  -1 309 225  -1  -1 
 48  -1  -1   6  -1  -1  -1  -1 315 274  -1  -1  -1  -1  -1  -1  -1 273   5  -1  -1  -1  -1  52  -1  -1 
 49  -1  -1  -1 228  -1  -1 227  -1  -1  -1  -1  -1  -1  -1 143  -1  -1  99  -1  -1  -1  -1  -1  -1  -1 
 50  -1  -1 271 285 314  -1  -1  -1  -1  -1  -1 313  -1   8  -1  -1  -1 185  -1  -1  -1  -1  -1  -1  -1 
 51  -1 275  -1  51  -1  -1  -1  -1  -1  -1  -1  -1 241  -1  -1  -1  -1  -1  -1  -1  -1  -1  -1  -1  -1 
 52  54  -1  98  93  -1  -1  -1  -1 137 308  -1  -1  -1  -1  -1  -1  -1  -1   7  97  -1 153  -1  -1  -1 
 53  -1 230  -1  -1  -1  -1 184  -1  -1  -1  -1  -1  95  -1  55  -1 197  -1 186  -1  -1  -1  -1  50 310 

r\t   0   1   2   3   4   5   6   7   8   9  10  11  12  13  14  15  16  17  18  19  20  21  22  23  24 
  0  -1  58  -1  -1  -1  -1  -1  -1  -1 263  -1  88 159  -1  -1  -1 213  -1  -1  -1  -1  -1 204 201  -1 
  1  -1 296  -1 170  -1  -1  -1  -1  -1 129  -1 249  23 210  -1  -1  -1  -1  -1  -1  -1  26 148 148  -1 
  2  -1  -1  -1  -1  -1  -1 196  -1  -1  -1  -1  -1  -1  -1  -1  85  -1  -1 172  -1  -1  -1  -1  -1  -1 
  3  -1  -1  16  16  -1 131  -1  -1  -1  -1  -1 233  -1 298  -1  -1  -1  -1  12 220  -1  -1 290  -1 261 
  4  43  -1 280 280  -1  -1 248  -1  -1  -1  -1  -1 208 164  -1  -1  -1  -1 145  -1  -1 123 191  -1  -1 
  5  -1  -1 189 299 238  -1 111  -1  -1  -1  -1 216  87 211  -1  -1 110  69 115  -1  -1  -1  14  -1  -1 
  6  18 147  -1  -1  -1 221 175  -1 100  -1  -1  -1 236 236  -1  -1  -1  -1  -1  -1  -1  -1  -1  -1  -1 
  7 127  -1 307  42  -1  -1  -1  -1  -1  -1  -1  -1  -1  -1  -1  -1 155  -1 297  -1  -1  -1  -1  -1  -1 
  8  -1  -1  -1 245  -1  -1  -1  -1  -1  -1  -1  -1  -1  84  -1  -1 282  -1  79  -1  -1 188  -1  -1  -1 
  9  -1  -1  -1 232  -1  -1  -1  -1  -1  -1  -1 158  -1 108 214 258 199  -1 203  -1  -1  -1  -1  56  -1 
 10  -1  -1  57  -1  -1  -1  -1 124 117 173  -1  -1 121  -1 198  -1  28  -1  -1  -1  -1  -1   0  -1  -1 
 11  -1  -1  -1 102  -1  -1 223  -1  -1  -1  -1  -1   3  -1  -1  -1  -1  -1 235  -1  -1  -1  -1  -1  -1 
 12  -1  -1  -1 194  -1  -1  -1  -1  -1  -1  -1  32  -1  -1  -1  -1  -1 202  -1  -1  -1 101  -1  -1  -1 
 13  -1  -1 209 179  -1  86  -1 168 166  -1  -1  -1  -1  -1  -1  -1  -1  -1  -1  -1 265  -1  34  -1  -1 
 14  -1  -1  -1 161  -1  -1  -1  20  -1  -1  -1 289  -1 256  -1 257  -1 114 262  -1  -1  -1 165 300  -1 
 15  -1  35  -1  -1  -1  -1  -1  -1  -1  -1  -1  41  -1  -1  -1  -1  -1  -1  36  -1  -1  62  -1 190  -1 
 16  -1 130 304  -1  -1  -1  -1  -1  -1  -1 171  -1 192 192  -1  -1  -1  -1  33  -1  -1 160  -1  13  -1 
 17  -1 260  -1  -1  -1  -1 278  -1  -1  -1  -1  -1  -1  -1  -1  -1  -1 150 219  -1  -1  -1  -1  -1  67 
 18  -1  -1  -1 215  -1  -1  -1  -1  -1  -1  -1  -1  -1 120  -1  -1  -1 252  -1  -1  -1  -1  89  -1  -1 
 19  -1  37  -1 122  -1  -1  70 106 144  -1  -1 113  -1 305  -1  -1  -1 242  40  -1  -1  -1  71 116  38 
 20  -1 284  -1 146  -1  -1 205  -1  -1 128 174  -1 277  -1  -1  -1  -1  -1  64  -1  -1  -1 240  -1  -1 
 21  -1  -1 103 169  -1  -1  -1 246  -1  -1  -1  66  -1  -1  -1  -1 293  -1 276  -1  -1  -1  77  -1  -1 
 22  -1  -1 292  -1  -1 287  -1  -1  -1  -1  -1  -1  44  -1  -1  -1 243 157 255  -1 133  -1  -1  -1  -1 
 23  -1  -1  -1  -1  -1  -1  -1  -1 247  -1  -1  -1  25  -1  -1  -1  -1  -1  -1  -1  -1  -1  83  -1  -1 
 24  -1 176 152  45  -1  -1 132  59  -1  -1  -1 218  -1  -1  -1  -1  -1 104 104  -1  -1 135  82  -1  -1 
 25  -1  -1  -1  80  -1  -1  -1  -1  -1  -1  -1  47  60  60  -1  -1  -1  27 167  -1  -1 154  -1  -1  -1 
 26  -1 302  -1  -1  -1  -1  -1  -1  -1  -1 306  -1  -1  -1  -1 217 126 291 267  -1  -1 212  -1  -1  -1 
 27  -1  -1 234 264  -1 177 303 125  -1  -1  -1  -1 254  15  -1  -1  -1  -1  -1  -1  -1  -1  -1  76  -1 
 28 286  -1  -1  29  -1 301  91 279  -1  -1  -1  -1  78  -1  22  -1  -1  -1  -1  -1  -1  -1  81  -1  -1 
 29  -1 253  72  -1  -1  -1  -1  -1   1  -1  -1  -1  -1  -1  -1  -1  73  -1  -1  -1  -1  -1  39 259  -1 
 30  -1  -1   4   4  -1  17  17  -1  -1  -1  -1  -1  -1  24  -1  19  19  19   2   2  -1  -1  -1  30  -1 
 31  -1  -1  -1  -1  -1  31  31  31  -1  -1  -1  -1  -1  -1  -1  -1  -1  -1  -1  -1  -1  -1  -1  -1  -1 
 32  -1  68  -1  -1  -1  46  46  -1  61  61  -1  74  -1  -1  -1  63  63  63  -1  -1  -1  -1  48  48  -1 
 33  -1  -1  -1  -1  -1  -1  -1  75  75  75  -1  -1  -1  -1  -1  -1  -1  -1  -1  -1  -1  -1  -1  -1  -1 
 34  -1  -1  -1  -1  -1  -1 112  -1  -1  -1 107 107 107  -1  -1  -1 118  -1  90  90  92  92  -1 105 105 
 35 119 119 119  -1  -1  -1  -1  -1  -1  -1  -1  -1  -1  -1  -1  -1  -1  -1  -1  -1  -1  -1  -1  -1  -1 
 36  -1  -1  -1  -1  -1 149 149  -1  -1  -1 134 134 151 151 151  -1 156  -1 136 136  -1  -1  -1 162  -1 
 37 163 163 163  -1  -1  -1  -1  -1  -1  -1  -1  -1  -1  -1  -1  -1  -1  -1  -1  -1  -1  -1  -1  -1  -1 
 38  -1 206  -1 200  -1  -1  -1 193 193  -1 178 178  -1  -1  -1  -1  -1 195 195 195 180 180  -1  -1  -1 
 39  -1  -1  -1  -1  -1  -1  -1 207 207 207  -1  -1  -1  -1  -1  -1  -1  -1  -1  -1  -1  -1  -1  -1  -1 
 40  -1  -1 250  -1  -1  -1  -1 239 239 239 222 222 224 224  -1  -1 244  -1  -1  -1  -1  -1  -1 237 237 
 41  -1  -1  -1  -1  -1  -1  -1  -1  -1  -1  -1  -1  -1  -1  -1  -1  -1  -1  -1  -1  -1 251 251 251  -1 
 42  -1 266 266  -1  -1  -1 294  -1  -1  -1 268 268 288 281 281  -1  -1  -1  -1  -1  -1 283 283 283  -1 
 43  -1  -1  -1  -1  -1  -1  -1 295 295 295  -1  -1  -1  -1  -1  -1  -1  -1  -1  -1  -1  -1  -1  -1  -1 
 44  -1 228 230  93  -1  -1  -1  -1  -1  -1  -1  -1 181 142  -1  -1  -1  -1  -1  -1  -1  -1  -1   5  -1 
 45  -1  -1  -1  -1  -1  -1  -1 153  -1  -1   8  -1  -1 274 109 310  -1  -1 227  54 229  -1  -1 226  -1 
 46  -1  11 182  -1 314  99 187  -1 139  -1  -1  -1  -1  -1  -1  -1  -1  -1  52  -1  -1  -1 231  -1 315 
 47  -1  -1  49  -1  -1  -1  -1  -1  -1  -1  -1  -1  -1  51 311  -1  -1  -1  -1  -1   9  -1  -1 137  -1 
 48  65  -1  -1  -1  -1 143  -1  -1  -1 312  -1  -1  -1  -1  -1  -1 309  -1  -1  -1  -1  -1 138  -1  -1 
 49 316  -1  -1 141  -1  -1  -1  -1  -1  -1  55  -1  -1  94  -1  -1  -1  -1  -1  -1  -1  -1  -1 183  -1 
 50  -1  -1  -1 225 197  -1  -1  -1  95  -1  -1   7  -1  -1  -1  -1  -1 308  -1  -1  50  -1 272  98  -1 
 51  -1  53  -1  -1  -1  -1 241 313 273  -1  -1  -1  -1   6  -1  -1  -1  -1  -1 275  -1  -1  -1 269  -1 
 52  -1  -1 140  -1  -1  -1  -1  -1  -1  -1  -1  -1  97  -1  -1  -1  -1  -1  -1  -1  -1  -1 185  -1  -1 
 53  -1  -1  96  -1  -1  -1 270  -1  -1  -1  -1  -1 271 186  -1  -1  -1 285 184  -1  -1  10  -1  -1  21 

r\t   0   1   2   3   4   5   6   7   8   9  10  11  12  13  14  15  16  17  18  19  20  21  22  23  24 
  0  -1 220  -1  -1  -1  -1  59  89 115  -1  -1  -1 245  -1 127  -1 146  -1  -1  -1  -1 113  -1 248 213 
  1  -1  -1  -1  -1  -1 110  34  -1  -1  -1  -1  -1  -1 159  -1  -1  -1  -1  -1  -1  -1  -1  -1  -1  -1 
  2  -1  -1 223  -1  -1  -1  -1  73  69  -1  -1 211 123  -1  -1  -1  -1  -1  -1 129 216  -1 148 148  -1 
  3  -1  -1  -1 204  -1  -1 145  -1 247  -1  -1 194 219  -1  -1  -1  -1  -1  -1  -1  -1  -1  -1  -1  -1 
  4  -1  -1  -1 126  -1  -1  -1 280 280  -1  -1  -1 205  -1  -1  -1  -1  -1  -1  -1  -1  -1  -1  -1  -1 
  5  -1  -1  -1  -1 175  -1  13  35  -1  -1  -1  -1 164  -1  -1 125  -1  -1 256  -1  -1 209  -1 131  -1 
  6  -1 158  -1 252  -1  -1  -1  -1  39  -1  -1  -1  -1 191  -1  -1  -1  -1  -1  -1 262 169  -1  -1  -1 
  7  -1  -1 122  -1  -1  -1  -1  -1  -1  -1  -1 166  -1  -1  -1  -1 279  -1  -1 128  -1  -1  -1 199 258 
  8  37  57 278  -1  -1  -1  -1  -1  32 287  -1 121  -1 171  -1  -1  -1  -1  -1  -1  -1  18 290  72  -1 
  9  -1 133  -1  -1  -1  -1  79 236 236  -1  -1  -1 292 215  -1  -1  -1  -1  -1  -1  -1  -1  -1  -1  -1 
 10  -1 234  -1  25  -1  -1  -1  -1  -1  -1  22  -1 101 260  -1  -1  -1  -1  -1  -1  -1  -1  -1  27  -1 
 11  -1  -1 232  -1  -1 221  -1  56 104 104 214  -1  -1 304  -1  -1  70  -1  -1 257  -1  -1  -1 243 261 
 12  -1  -1  -1  -1  -1  -1  -1 124  -1  -1  -1  -1  78  -1  -1  -1  -1  -1  -1  -1  -1  -1 190  -1  -1 
 13 192 192  -1  -1  -1  -1  -1  -1  -1  -1  -1  -1  -1  -1  -1  -1 100  -1  -1  38  45  58 254  -1  -1 
 14  -1  -1  -1 198  -1  -1  -1 160  -1  -1  -1  -1  26 102  -1  -1  -1 147  -1  -1  -1  -1 284  -1  -1 
 15  -1  -1 298  -1  -1  -1 202  -1  62  -1  -1  -1 144  -1 176  -1  -1  -1  91  -1  -1   3  -1  -1  67 
 16  -1 264  84 282  -1  -1  -1 291  20 173  -1 210  -1  -1  -1  -1  -1  -1  -1  -1  -1  40  -1  -1  -1 
 17 155  -1  -1  -1  -1  -1  -1  -1  -1  -1  -1  -1  -1 299  -1  -1  -1  -1 177  -1  -1  36  44  66  -1 
 18  -1  -1  -1  -1  -1  -1  -1  14  -1  -1  -1 108  -1  -1  -1  -1  -1  -1  -1  -1  -1 103  -1  -1  -1 
 19  -1  -1  -1 289 307  -1  -1  -1  -1  -1  -1  -1  -1 116  -1  -1  -1  -1 152  -1 265 276  -1  -1  -1 
 20  -1 208   0  -1  -1  -1 302 246  -1 150  -1  23  -1  -1  -1  -1  -1  -1 306  -1  -1  88  -1 130 286 
 21  -1  -1 303  -1  -1  -1 165 135  82  -1  -1  -1 188  -1  -1  -1 161  -1 196 106  -1  -1  33 203  -1 
 22  -1  -1  -1  -1  -1  -1  -1  -1  -1  -1  -1  -1  -1 253  -1  86  -1  -1  29  -1  -1 189  -1  -1  -1 
 23  -1  -1 179  -1  -1  -1 293  -1  -1  83  -1  -1  -1 170 301  -1  -1  -1  -1  43 217  -1  -1  -1  -1 
 24  -1  -1 259  76  -1  81 114  41 297  -1  -1  -1  60  60  -1  -1 132  -1  -1  -1  -1 249  -1  -1  -1 
 25  -1  -1  77 242  -1  -1 240  -1  47  -1  -1 296  -1  -1  -1  -1  -1  -1  -1  -1  -1  -1  -1 300  -1 
 26  -1  71  -1  -1  -1  -1  -1 201  -1  -1  -1  -1  -1  28  -1  -1 117  -1  -1  -1  -1  -1 157  16  16 
 27  85 277 267  -1  -1  -1  -1  -1  -1  -1  -1  -1  -1  -1   1  -1  64  -1  -1  -1  -1 235  -1 120 154 
 28  -1 255  -1 168  -1  -1  -1  -1 212  -1  -1  -1  -1  15  -1  -1  -1 218 111  -1  42  80  -1 167  -1 
 29  -1  12  -1  -1  -1 305  87 174 172  -1  -1  -1  -1  -1  -1  -1  -1  -1  -1 238 263  -1 233  -1  -1 
 30  -1  30  19  19  19   2   2   4   4  -1  -1  24  -1  -1  -1  -1  -1  17  17  -1  -1  -1  -1  -1  -1 
 31  -1  -1  -1  -1  -1  -1  -1  -1  -1  -1  -1  -1  -1  -1  -1  31  31  31  -1  -1  -1  -1  -1  -1  -1 
 32  -1  -1  63  63  63  46  46  -1  -1  -1  -1  74  48  48  -1  -1  -1  61  61  -1  -1  -1  68  -1  -1 
 33  -1  -1  -1  -1  -1  -1  -1  -1  -1  -1  -1  -1  -1  -1  -1  -1  -1  75  75  75  -1  -1  -1  -1  -1 
 34  -1  -1 105 105  -1  -1  -1  -1  -1  -1  -1  -1  -1  90  90  92  92 112 118  -1  -1  -1 107 107 107 
 35  -1  -1 119 119 119  -1  -1  -1  -1  -1  -1  -1  -1  -1  -1  -1  -1  -1  -1  -1  -1  -1  -1  -1  -1 
 36  -1  -1 151 151 151 136 136  -1 162  -1 149 149  -1 134 134  -1  -1  -1  -1  -1  -1 156  -1  -1  -1 
 37  -1  -1  -1  -1  -1  -1  -1  -1  -1  -1  -1  -1  -1  -1  -1  -1  -1 163 163 163  -1  -1  -1  -1  -1 
 38  -1  -1 206  -1  -1 178 178 195 195 195  -1  -1  -1  -1  -1 193 193  -1  -1  -1 180 180 200  -1  -1 
 39  -1  -1  -1  -1  -1  -1  -1  -1  -1  -1  -1  -1  -1  -1  -1 207 207 207  -1  -1  -1  -1  -1  -1  -1 
 40  -1  -1 244  -1  -1  -1 222 222  -1  -1  -1 250 239 239 239  -1  -1 237 237  -1 224 224  -1  -1  -1 
 41  -1  -1  -1  -1  -1  -1  -1  -1  -1  -1  -1  -1  -1  -1  -1 251 251 251  -1  -1  -1  -1  -1  -1  -1 
 42  -1  -1  -1 288  -1 268 268  -1  -1  -1 283 283 283 266 266  -1 294 281 281  -1  -1  -1  -1  -1  -1 
 43  -1  -1  -1  -1  -1  -1  -1  -1  -1  -1  -1  -1  -1  -1  -1  -1  -1 295 295 295  -1  -1  -1  -1  -1 
 44 309   5  -1  -1  -1  -1  -1  -1  -1  -1  -1  -1  -1 228  -1  -1  52  94  -1  -1   9 142  -1  -1 311 
 45  -1  51  -1  -1  -1  -1  -1  -1 140  -1  -1 314 226  -1  -1  54  -1 181 227  -1  -1  -1 229  -1  -1 
 46 109  97  99  -1  -1  -1  95 187  -1  -1  -1  -1 141  -1  -1  -1  -1  -1  -1  -1  -1  -1  -1  -1  -1 
 47  -1  -1 197  -1  -1  -1  -1  -1  -1  -1  -1  65   7  -1  -1 143  10  -1 272  -1  -1  -1 185  -1  -1 
 48  -1  -1  -1  -1  -1  -1  -1 271  -1 312  -1  -1  -1  -1  -1  -1  -1  -1  -1  21  -1  55 137  -1  -1 
 49  -1 186  -1  -1  -1  -1  -1  -1  96  -1  -1 241 184  -1  -1  -1 273  -1  -1  -1  -1  -1  -1  -1  -1 
 50  -1  -1  -1 308  -1  -1  -1  -1 225  -1  -1  -1  -1  -1  50  -1 231 139  -1  -1  -1  -1  -1 315  -1 
 51  -1  -1  -1  -1  -1  -1  -1  -1  -1  -1  -1  -1  -1  -1  -1 269 183  -1  -1  -1 138  -1 270  -1  -1 
 52  -1  -1  -1  -1 310  -1  -1 153  -1  -1  -1  -1  -1  11  -1  -1  -1  53   8  -1  -1  -1   6 285  -1 
 53  -1  -1  -1  -1  -1  -1  -1  49 274  -1 316  -1  98 182  -1  -1  -1 230  -1 313  93 275  -1  -1  -1 

r\t   0   1   2   3   4   5   6   7   8   9  10  11  12  13  14  15  16  17  18  19  20  21  22  23  24 
  0  -1  -1 257  -1  -1  -1 240 243  83  -1  -1  -1  -1 135  -1  -1  -1 131   3  -1  -1  -1 150  -1  -1 
  1  -1  -1  33 165  -1 192 192  -1  69  -1 219 158  -1  -1  -1  -1 161  -1 253  -1 303 254  -1  -1  -1 
  2  -1 160  -1  -1  -1  -1  -1  -1 147  -1  -1  -1  -1 202  -1  -1  -1  60  60  -1 238 213  -1 127  -1 
  3  -1 232  -1  70  -1  -1 296  -1 102  -1  -1  -1  -1 123  -1  -1  32 245  -1  -1  -1  -1 220  -1  -1 
  4 280 280 115  -1  -1  -1  -1  -1  -1  -1  -1  -1  -1  -1  -1  41 242  -1  -1 175  -1 205  35  -1  -1 
  5  -1  -1  -1 290  -1  -1  -1 198  84  -1  -1  -1  -1  -1  -1  -1  -1  -1  -1  -1  -1  -1  -1 258  -1 
  6  -1  -1  36  -1  -1  -1  -1 117  -1  -1  -1 124  -1  72  -1  -1  -1 177  -1  -1  -1  -1  -1 167  -1 
  7  -1  12 265 191  -1  -1  34  -1  -1  -1  -1 279 305  -1  -1  -1  23  15  -1  -1  -1  -1  -1  -1  -1 
  8  -1 260 284 246  -1  -1  -1 286  -1  -1  -1 261 301  -1  -1  -1  -1  -1  -1  -1  -1  -1  -1  -1  -1 
  9  -1 300  -1  -1  -1  -1  73  -1 235  -1  -1  -1  -1  -1  -1  -1  -1  -1 121  -1  -1 293  -1  -1  -1 
 10  -1  27  -1  59  -1 176 276  18  -1  -1  -1  -1  -1  -1  -1  -1 171 234  88  -1  -1  -1  -1  -1  -1 
 11  -1  -1 190  -1  -1  -1  -1  -1 302  -1  -1  -1  -1  -1  -1  -1  -1  -1 259  -1  -1  -1  -1  -1  -1 
 12  -1   0 101  -1  -1  -1  -1 154 211  -1  -1  -1  -1  -1  -1  -1 194  -1 298  -1  -1  -1  -1 116  -1 
 13  -1  -1  -1  -1  -1  -1  91  -1 189  -1  -1  -1  -1  -1  -1  -1 282 103  -1  -1  -1  -1  -1  -1  -1 
 14  -1  -1  -1 287  -1  -1 152  79  43 216  -1  -1  -1  -1  -1  -1  -1  -1 277  -1  -1 146  -1  29  -1 
 15  -1  -1  -1  -1  -1  -1 208 166  47  -1  -1  -1 203  -1  -1  -1  -1  -1  -1  -1  -1 262  -1 214  -1 
 16  -1  -1 217  -1  -1  -1 133  -1  -1  -1  -1  -1  -1  -1  -1 126  -1  -1  -1 174  -1  -1  16  16  -1 
 17  -1  -1  -1  -1  -1 221  -1  -1 267  -1  -1  28 159 164  -1  -1  87 125  78  -1  -1  -1  -1  -1  -1 
 18  -1  -1 248  44  -1  -1  82  -1  -1  -1  -1 306  -1  -1  -1  -1  -1  -1  -1  -1 129  -1  -1  -1  -1 
 19  -1  -1 148 148  -1  -1  38  -1 210  -1  22  -1  -1  -1  -1  -1 289  -1 196  -1  -1  -1  -1  76  -1 
 20 307 188  -1  -1  -1  -1 106  -1  -1  -1  -1 233  -1  -1  -1  -1  -1  -1  25  -1  -1  -1 157  -1  -1 
 21  -1  -1  80  -1  -1  -1  -1 299  -1 215  -1  71  -1  -1  -1  81 108 170  -1  -1  -1  -1  -1  -1   1 
 22  -1 113  45  -1  -1  -1  -1  -1 252 132  -1  -1  -1  -1 110  -1  -1 278  -1  -1  -1 179 297 249  -1 
 23  -1  -1  -1  -1 169  -1  -1  -1  14  -1  -1  -1  -1  -1  -1  -1  -1  -1  -1  -1  -1  -1  64  -1  -1 
 24  -1 144  -1 114  -1  -1 168  -1  -1  -1  -1  -1  -1  85  37  -1  -1  -1  40  -1  -1  -1 120  -1  -1 
 25  -1  57  -1  -1  -1  -1  58 111  26  -1  -1  77 104 104  -1  -1 204  86  -1 263  -1  -1  -1 291  -1 
 26  -1 209  -1  -1  -1  -1  -1  -1  -1  -1  -1  -1  -1  -1  -1  -1  66  -1 264  -1  -1  20 236 236  -1 
 27  -1  -1  -1  -1  -1  -1 304  -1 292  -1  -1  -1  -1  -1  39  -1 122  -1  -1  -1  -1  -1  -1 100  -1 
 28 172 247  -1  -1  42  -1  -1 255  56  -1  67  89  -1  -1  -1  -1  -1 212 201 218  -1  -1  -1 173  -1 
 29  -1 130  -1  -1  -1  -1  13  62 128 223  -1  -1  -1 155  -1 199  -1  -1  -1  -1  -1  -1 256 145  -1 
 30  -1  -1  19  19  19   2   2  30  -1  -1  -1  -1  17  17  -1  -1  -1  24  -1  -1  -1  -1   4   4  -1 
 31  -1  -1  -1  -1  -1  -1  -1  -1  -1  -1  -1  -1  31  31  31  -1  -1  -1  -1  -1  -1  -1  -1  -1  -1 
 32  -1  68  -1  -1  -1  -1  -1  -1  -1  -1  -1  -1  63  63  63  -1  74  48  48  -1  61  61  -1  46  46 
 33  -1  -1  -1  -1  -1  -1  -1  -1  -1  -1  -1  -1  -1  -1  -1  -1  -1  -1  -1  -1  75  75  75  -1  -1 
 34 105 105  92  92  -1  -1 118  -1 112  -1  -1  -1  -1  -1  -1  -1  -1  -1  -1  -1 107 107 107  90  90 
 35  -1  -1  -1  -1  -1  -1  -1  -1  -1  -1  -1  -1  -1  -1  -1 119 119 119  -1  -1  -1  -1  -1  -1  -1 
 36 134 134  -1 162  -1  -1  -1  -1  -1  -1 151 151 151  -1  -1  -1  -1 149 149  -1  -1 156  -1 136 136 
 37  -1  -1  -1  -1  -1  -1  -1  -1  -1  -1  -1  -1  -1  -1  -1  -1  -1 163 163 163  -1  -1  -1  -1  -1 
 38 180 180 200 206  -1  -1  -1  -1 178 178  -1  -1 195 195 195  -1  -1  -1  -1  -1  -1  -1 193 193  -1 
 39  -1  -1  -1  -1  -1  -1  -1  -1  -1  -1  -1  -1  -1  -1  -1  -1  -1  -1  -1  -1  -1  -1 207 207 207 
 40 224 224 239 239 239  -1  -1  -1  -1  -1  -1 244  -1 237 237  -1 250  -1  -1  -1  -1  -1  -1 222 222 
 41  -1  -1  -1  -1  -1  -1  -1  -1  -1  -1  -1  -1 251 251 251  -1  -1  -1  -1  -1  -1  -1  -1  -1  -1 
 42 266 266  -1  -1  -1  -1  -1  -1  -1  -1  -1 294  -1 281 281  -1  -1 288  -1  -1 283 283 283 268 268 
 43  -1  -1  -1  -1  -1  -1  -1  -1  -1  -1  -1  -1 295 295 295  -1  -1  -1  -1  -1  -1  -1  -1  -1  -1 
 44  -1  -1  -1  -1  -1  -1  -1  -1  -1 275  -1  -1  -1  -1  -1  -1  -1  -1  -1  -1  -1  -1  -1  -1  -1 
 45  -1  -1 138  -1  -1 271  -1  -1 229  -1  -1 187  -1  -1  -1  -1  -1  -1 141  -1  -1 142 184  -1  -1 
 46  -1  -1  -1 139  -1  95  -1 313 285   8 309 273  -1  -1  -1  -1  -1  -1 182  -1  -1 231  -1  -1  -1 
 47  97  -1  -1  -1  -1 143  -1  -1  -1  -1  -1  -1  -1 230 316 310 308  96  -1 241  -1  -1  -1  -1  -1 
 48  -1  49 183  -1  -1  -1  -1  -1  93  99  -1 137 314 272  -1  -1  -1  -1 227  -1  -1  -1  -1  -1  -1 
 49  -1  -1  -1  -1  -1  -1  51  -1 140  -1  -1  -1  -1   6  -1  -1  -1 270  -1 109 312  -1 274  -1  -1 
 50  55  -1  -1 185  -1  -1 225  -1  -1  50  -1 228  -1 181  -1  -1  -1  -1  -1  -1  -1  -1  -1  -1  -1 
 51  -1  -1  -1  -1  65  54 269  -1  -1  -1  -1   5  -1  98  -1  -1  -1 226  -1  -1  -1   9  -1  -1  -1 
 52  -1  -1  -1  -1  -1  -1 186  -1  11  -1  -1  53  -1  -1  -1  -1  -1  10  -1 311  -1  52  -1  -1  -1 
 53   7  94  -1  -1 315  -1  -1  -1  -1  -1  -1  -1  -1  -1  -1  -1 153  -1  21  -1  -1 197  -1  -1  -1 

r\t   0   1   2   3   4   5   6   7   8   9  10  11  12  13  14  15  16  17  18  19  20  21  22  23  24 
  0  -1  -1  -1  -1  -1  -1  45  -1 242  -1  -1  -1 173  -1 129  -1  -1 202  -1  -1 214 249  -1  -1  -1 
  1  -1  -1  -1  -1  -1  -1  -1  -1  -1  -1  23 212  -1  -1  -1  -1 258  -1  -1  -1  -1 176  -1  -1  -1 
  2  -1  62  -1  -1  -1  -1  29  -1 165  -1  -1  -1 167 188 132  -1  -1  -1  33  -1  -1  12 158  -1  -1 
  3  -1 305  -1 284  -1  -1  -1 111  -1  -1  -1  78  86  -1  83  -1  -1 280 280  -1  -1  -1  -1  -1  -1 
  4  -1 131  -1  69  -1  -1 172  64 114  -1  -1  -1  -1 123  -1  -1  -1 245 253  -1  -1  44 291  -1  -1 
  5  -1  -1  -1  81  84  -1  -1  -1  -1  -1 194 213  -1  -1  -1  -1  -1  -1  -1  -1  -1  -1  -1  -1  -1 
  6  -1 203  -1  -1  -1  -1  13  -1  -1  -1  -1  -1  -1  -1  -1  -1  -1  -1 204 220  -1  -1  -1  -1  -1 
  7  -1  -1  -1  -1  -1  -1  -1  -1 100  -1  -1  -1  -1 255  -1  -1  -1  60  60  -1  -1  -1  -1  47  -1 
  8  -1  -1  -1  -1 304  -1  -1 219 223  -1  -1  -1  -1  -1  -1  67  -1  -1  -1  -1  -1  -1 198  -1  -1 
  9  -1 287  -1  -1  -1  -1  42 234  -1  18 286  -1 300 278  -1  -1 298  -1  -1  -1  -1  -1  -1  -1  -1 
 10  -1  -1  -1 215  -1 128 218  -1  -1  -1  -1  -1  -1  -1  -1  -1  -1  27 159  -1  -1 103  -1  66  -1 
 11  -1 216 102 124  -1  -1 205 115  -1  -1  -1  57  85 232   1  -1  -1  -1 289  -1  -1  -1  -1  -1  39 
 12  -1  -1  -1  -1  -1  -1  -1 127  -1  -1  -1  -1  16  16  -1  -1  76  -1  -1  -1  -1  -1 256  -1  -1 
 13  -1  -1  -1  28  -1  -1 191  -1  -1 238  -1  -1  -1  -1  -1  -1 199  -1  15  -1  -1 133  25  -1  -1 
 14  -1  -1 233  -1  -1  -1   0  -1 279  -1  -1  -1  -1 209  -1  -1  20  -1 190  -1  -1 264  -1 130  -1 
 15  -1  -1  -1  -1  -1  -1  -1  -1  -1  -1  -1 261  73  59  -1  -1  -1  -1  -1  -1  -1  -1  -1 135  -1 
 16  -1 299 208  89  -1  -1  -1 254  -1  -1  -1 116  -1  77  -1  -1  34 164  -1  -1 306  87 210  -1  -1 
 17  -1 243  -1 171  -1  -1  -1  -1  35  -1  -1 267  -1  -1  -1  -1  -1  -1  -1  -1  -1  72  -1 293  -1 
 18  -1  -1  -1  -1  -1  -1  -1  -1 174  -1  -1  -1 201  -1  -1 307 166 259  -1  43  -1  -1  -1 252  -1 
 19 175  -1 170  -1  -1  -1 277  -1  -1  -1  -1  82 121 290  -1  -1  -1  -1  -1 177 192 192  -1 301  -1 
 20  -1  -1 302  -1  -1  -1  -1  -1  -1  -1  -1 240 104 104  -1  -1 122  -1  80  37  -1  -1  -1  -1  -1 
 21  -1 150 147  -1  -1  -1 144 168 246  -1  -1  -1  -1  -1  -1  -1  -1  -1  -1  -1  -1  -1 113  -1  -1 
 22  -1 161  -1  -1  -1  -1 160  41 263  -1  -1  -1 169  -1  -1  -1 303  -1  -1  -1  -1  -1  -1 120  -1 
 23  -1  -1 276 235 260  -1  -1  -1  -1  -1  -1  -1  -1  -1  -1 236 236  38  36  -1  -1  -1  -1 155  -1 
 24  -1  -1 296   3  -1  -1  -1  -1  -1 106  -1 108  -1  -1  -1  -1  -1  -1 262  -1  -1  -1  -1  79  -1 
 25  -1 110 248  -1  -1  -1  -1  14  -1  -1  -1  -1  26 145  -1  40  -1  -1  -1  -1  -1  -1  -1  -1  -1 
 26  -1  -1  88 247  -1  -1  -1  -1  -1  -1  -1 157 265  -1  -1  -1 282 148 148  -1  -1 211  -1  -1  -1 
 27  -1  -1  -1 152  -1  -1  70  91  -1 126  -1  -1  -1  -1  -1  -1  -1  71 257  -1  -1  58  56  32  -1 
 28  -1  -1  -1 292  -1 221  -1  -1  -1  -1  -1 146  -1  -1  -1  -1  -1 196  -1  -1  -1 297 154  -1 217 
 29  -1 117  -1  -1  -1  -1  -1  -1  -1  -1  -1 189  -1  -1  -1  22  -1 125 101  -1  -1  -1  -1 179  -1 
 30  17  17  -1  -1  -1  -1  -1   2   2  -1  -1  -1  -1  30  -1  -1  -1  -1   4   4  -1  24  19  19  19 
 31  31  31  31  -1  -1  -1  -1  -1  -1  -1  -1  -1  -1  -1  -1  -1  -1  -1  -1  -1  -1  -1  -1  -1  -1 
 32  -1  74  63  63  63  -1  -1  -1  61  61  -1  -1  -1  48  48  -1  -1  -1  46  46  -1  -1  -1  68  -1 
 33  -1  -1  -1  -1  -1  -1  -1  75  75  75  -1  -1  -1  -1  -1  -1  -1  -1  -1  -1  -1  -1  -1  -1  -1 
 34  -1  -1 112  -1  -1  -1 118  -1  -1  -1  -1  -1  -1  92  92 105 105  -1  90  90  -1  -1 107 107 107 
 35  -1  -1  -1  -1  -1  -1  -1  -1  -1  -1  -1  -1  -1  -1  -1 119 119 119  -1  -1  -1  -1  -1  -1  -1 
 36  -1  -1  -1  -1  -1 134 134 151 151 151  -1  -1  -1 156  -1 149 149  -1 136 136  -1  -1  -1 162  -1 
 37  -1  -1 163 163 163  -1  -1  -1  -1  -1  -1  -1  -1  -1  -1  -1  -1  -1  -1  -1  -1  -1  -1  -1  -1 
 38 195 195 195 206  -1 178 178 193 193  -1  -1  -1  -1 180 180  -1  -1  -1  -1  -1  -1  -1  -1 200  -1 
 39  -1  -1  -1  -1  -1  -1  -1 207 207 207  -1  -1  -1  -1  -1  -1  -1  -1  -1  -1  -1  -1  -1  -1  -1 
 40  -1 244  -1  -1  -1  -1 224 224  -1  -1  -1  -1  -1 222 222  -1 250 237 237  -1  -1  -1 239 239 239 
 41  -1  -1  -1  -1  -1  -1  -1  -1  -1  -1 251 251 251  -1  -1  -1  -1  -1  -1  -1  -1  -1  -1  -1  -1 
 42  -1  -1 266 266  -1  -1 294  -1  -1  -1  -1  -1  -1  -1  -1  -1  -1 288 268 268 281 281 283 283 283 
 43  -1  -1  -1  -1  -1  -1  -1 295 295 295  -1  -1  -1  -1  -1  -1  -1  -1  -1  -1  -1  -1  -1  -1  -1 
 44  -1  -1  -1  -1  -1 274  -1  -1  97 315  -1  -1 153  -1  -1  -1  -1 270 187  -1  -1  -1  -1  -1 314 
 45 109  -1 228  -1  -1  -1  -1  -1  -1  -1  -1  95 231  -1  -1  -1  -1 138  -1  -1 241  -1  -1 273  -1 
 46  -1  -1  -1  -1 311  -1  -1  -1  -1  -1 309  50  -1 275  -1  -1  -1  -1  -1  -1  -1  -1 313  -1  -1 
 47 310  -1  -1 182  -1  -1  -1 181  -1  -1  -1 141  65  -1  -1 312   9  -1  -1  -1 316  -1  -1 197  -1 
 48  -1  -1  51 226  -1  -1 272 140  -1  -1  -1  -1  -1  -1  -1  -1  -1 184  -1  -1  -1  -1  -1  -1  -1 
 49  -1  -1  -1  21  -1  55  -1  53  -1  -1  -1 285 185  -1 271  -1  49  54 229  -1  -1  10  -1  -1  -1 
 50  -1  -1  -1  -1  -1  11  -1  -1  -1  -1  -1 186   8  -1  -1  -1  -1  -1  -1  -1  -1  93  -1  96  -1 
 51  -1 308  -1  -1  -1  99  -1  -1  -1  -1  -1   6  -1   7  -1  -1 143  -1  -1  -1  -1  -1  -1  -1  -1 
 52  -1  -1 137 142  -1  -1  94  -1  -1  -1  -1  -1  98  -1  -1  -1 225   5  -1  -1  -1  -1  -1  -1  -1 
 53  -1  -1 183  52  -1  -1  -1 269  -1  -1  -1  -1  -1 139  -1  -1  -1 227  -1  -1  -1 230  -1  -1  -1 

r\t   0   1   2   3   4   5   6   7   8   9  10  11  12  13  14  15  16  17  18  19  20  21  22  23  24 
  0  -1  -1  -1 203  -1  -1  -1  -1  -1  -1  -1  -1  -1  -1  -1  -1  -1  -1  -1  -1  -1  -1  -1  -1  -1 
  1  -1  -1  32 276  -1  -1  57 213 191 215  -1 242  -1  -1 220  -1  -1  -1  -1 106  -1 233  -1  -1  -1 
  2  -1 133  -1  73  -1  -1   1  -1 296  81  -1 282 130 218  -1  -1   0 284  -1  -1  16  16  -1  18  -1 
  3 177 152  -1 108 174  -1 103 120  -1  84  -1  -1  -1  -1  -1  -1  58 164  72  -1  -1  -1  -1  -1  -1 
  4  -1  -1  60  60  -1  -1  -1  22  -1  -1  -1  -1  -1  -1  -1  -1  88  -1  -1  -1  -1  -1  -1  -1  -1 
  5  -1  -1  14  -1  -1  -1  -1  -1 306  -1  -1  -1  -1  -1 129  -1 304  -1 261  -1  -1  -1  91 121  -1 
  6  -1  -1  -1  -1  -1 263 157 173  15  -1  -1  -1  -1  -1  -1  -1 257  27  -1  -1 221  -1   3  -1  -1 
  7  -1 190 202 297  -1 217  76  -1  -1  -1  67  66  -1  -1  -1  -1  -1  -1  36  -1  -1 204  -1  -1  -1 
  8  -1  44 166  -1  -1  -1  -1  -1  -1  -1  -1  -1  -1 247  -1  -1  -1  -1 208  -1  -1  -1  -1  -1  -1 
  9  -1 168 249 175  -1  -1  -1  -1  -1  -1  -1  -1  -1  -1  -1 110  -1  -1  -1  -1  -1  -1 125  -1  -1 
 10  -1  -1  -1 114  -1  -1  -1  -1  -1  -1 126  -1  -1  -1  -1  -1  -1 235  83  -1  -1  -1 234  -1  -1 
 11  -1 115 267  -1  -1  -1 113 150  -1  -1  -1  -1  -1  28  -1  -1  -1  -1  82  -1  -1  -1  -1  -1  -1 
 12 265  -1  -1  42  -1  -1  -1  -1  -1  -1  -1  -1  -1  -1  -1 280 280  -1  -1 219  -1  -1  -1  -1  -1 
 13  -1  -1 293  12  -1  -1  -1  -1  -1  -1  41  -1 144 104 104  -1 240  -1  -1  -1  -1  -1  -1  -1  -1 
 14  -1  -1  -1  -1  -1  -1  -1  -1  -1  -1 216  -1  -1  -1 301  -1 211  -1  -1  -1  -1  -1 189  -1  -1 
 15  86  -1 102  -1  -1 303  -1  -1 146  -1  -1  -1  -1 135  -1  -1  71  47  -1  -1  -1  -1 131  -1  -1 
 16  -1 232  38  -1  -1  -1  -1 299  -1  -1  -1  -1 179 154 132  -1  -1 122 258  -1  -1  -1 201  -1  -1 
 17  -1  13  -1 252  -1  -1  -1  35  -1 260  -1  -1  56  45  -1  -1  -1  -1 287  -1  -1  43 116  -1  -1 
 18  -1  -1 148 148  -1  -1  -1  -1  29  -1  -1  -1 236 236  -1  -1  -1  -1  62  -1  40 264  -1  -1  -1 
 19  -1  -1  -1  -1  -1  -1 245  -1 254  -1  -1  -1  -1  80  -1  -1 289  79  -1  -1  -1 161  -1  -1  -1 
 20  -1 101  -1  -1  -1 223 292 286  -1  -1  -1  -1  -1  -1  -1  -1  -1  -1  33  -1  -1 123  26  -1  -1 
 21  -1  -1  -1  -1  -1  -1 205  -1 278  -1 198  -1  -1 160  -1  -1 169  -1 298  -1  -1 147 214 212  -1 
 22  -1  -1  -1  77  -1  -1  -1  -1 167  -1  -1 248  -1  -1 170  -1  -1  -1 302  -1  -1  -1  -1  -1  -1 
 23  -1 256  -1  25  -1  -1  -1  85  -1  -1  -1  70  -1  -1  -1  -1  -1  -1  -1  -1  -1  -1  -1  -1  -1 
 24  -1  59  -1  89  -1  -1 188 196  -1  -1  -1  -1  -1  -1 307 305  -1  -1 155  -1  -1  -1 300  -1  -1 
 25  -1 291  -1  -1  -1  -1  -1  87  -1  -1  -1  -1  -1 117  -1  -1 210  -1 111 259  -1  64 128  -1 171 
 26  -1  -1 192 192  -1  -1  20  69  -1 172  -1 194 209  -1  -1  -1  -1  -1  -1  -1  -1  34  23 290  -1 
 27  -1 279  -1  -1  -1  -1  -1  -1  -1  -1  -1  -1 199  -1  -1  -1  -1 100  -1  -1  -1  -1  -1  -1  -1 
 28  -1  -1 124 262  -1  -1 277 243  -1  -1  -1  -1 246  -1  -1  -1 127  -1 159  -1 176  -1  -1  -1  -1 
 29  -1  -1  78  -1  -1  -1 145 253  -1  -1  -1  -1 165  -1  -1  -1 158  37 255  -1  -1  39  -1 238  -1 
 30  -1  24  -1   4   4  -1  -1  -1  -1  -1  -1  -1  17  17  -1  19  19  19  -1  -1   2   2  -1  30  -1 
 31  -1  -1  -1  -1  -1  -1  -1  -1  -1  -1  31  31  31  -1  -1  -1  -1  -1  -1  -1  -1  -1  -1  -1  -1 
 32  -1  -1  -1  46  46  48  48  63  63  63  -1  -1  68  -1  -1  -1  -1  -1  -1  -1  -1  74  61  61  -1 
 33  -1  -1  -1  -1  -1  -1  -1  -1  -1  -1  -1  -1  -1  -1  -1  -1  -1  -1  -1  -1  -1  -1  75  75  75 
 34  -1  -1  -1  -1  -1  92  92 107 107 107  -1  -1  -1  -1  -1  -1 118  -1 112  -1  90  90  -1 105 105 
 35  -1  -1  -1  -1  -1  -1  -1  -1  -1  -1 119 119 119  -1  -1  -1  -1  -1  -1  -1  -1  -1  -1  -1  -1 
 36  -1  -1  -1  -1  -1 136 136 156  -1  -1  -1 162  -1  -1  -1 151 151 151  -1  -1 134 134 149 149  -1 
 37  -1  -1  -1  -1  -1  -1  -1  -1  -1  -1  -1  -1  -1  -1  -1  -1  -1  -1  -1  -1  -1  -1 163 163 163 
 38  -1  -1  -1 180 180 178 178  -1  -1  -1  -1 206  -1 200  -1  -1  -1 195 195 195 193 193  -1  -1  -1 
 39  -1  -1  -1  -1  -1  -1  -1 207 207 207  -1  -1  -1  -1  -1  -1  -1  -1  -1  -1  -1  -1  -1  -1  -1 
 40 224 224 239 239 239 237 237  -1  -1  -1  -1  -1 222 222  -1  -1  -1  -1  -1  -1  -1 250  -1 244  -1 
 41  -1  -1  -1  -1  -1  -1  -1  -1  -1  -1  -1  -1  -1  -1  -1 251 251 251  -1  -1  -1  -1  -1  -1  -1 
 42  -1  -1  -1 266 266 268 268  -1  -1  -1  -1 294  -1 281 281  -1 288  -1  -1  -1  -1  -1 283 283 283 
 43  -1  -1  -1  -1  -1  -1  -1  -1  -1  -1  -1  -1 295 295 295  -1  -1  -1  -1  -1  -1  -1  -1  -1  -1 
 44  -1  -1 139  -1 138  -1  -1  -1  -1  -1  -1 153  -1 273  55  -1 182  -1  21  -1  -1  -1  -1  -1  -1 
 45  -1  -1  -1  -1  -1  -1  -1 315  -1  -1  -1  -1  -1  -1  -1  -1  -1  -1  -1  -1  -1  -1  -1  -1  -1 
 46 143 271  95 137  97   7  -1  -1  -1  -1  -1  -1 269  -1  -1  -1 272 141 241  -1 275  -1  -1  -1  -1 
 47  -1 187 185  -1  -1  -1  -1  -1  -1  -1  -1  -1  -1  96  98  -1  -1 270  -1  -1  -1  -1 181  -1  -1 
 48  99   5  -1  -1  -1  -1  -1  -1  -1  -1 309  -1 142  -1   8  -1  -1  94  -1  -1  -1 228  -1  -1  -1 
 49  -1  -1  -1  -1  -1  -1  -1  -1 274  -1  -1  -1  -1  10  -1 310  -1  -1 311  -1  -1  53 229  -1 314 
 50  -1  93  11  -1  -1  -1 227  -1 140  -1  -1  -1  -1  -1  -1  -1  -1  -1  -1  -1  -1  -1  -1 197  -1 
 51  54  -1  -1  -1  -1  -1  -1  -1 225 312  -1  -1  -1  -1  -1  -1  -1  65  -1 316  -1  -1  -1  -1  -1 
 52   9  -1  51  -1  -1  -1  -1  -1  -1  -1  -1  -1  -1 184 186  -1 226 230  -1  -1  52 183 109  -1  -1 
 53  -1  -1 285 231  -1  -1  -1  -1   6  -1  -1 308  50  -1  -1  -1  49  -1  -1  -1  -1  -1  -1 313  -1 

r\t   0   1   2   3   4   5   6   7   8   9  10  11  12  13  14  15  16  17  18  19  20  21  22  23  24 
  0  -1  -1  -1 267  -1  -1  -1  -1  -1  -1  -1  -1  -1  -1  -1  -1  91 192 192  -1  -1  -1  -1 114  -1 
  1  -1  33 287  -1  -1  -1  -1  -1  -1  40  -1  89 293  35  -1  -1 176  16  16  -1  -1  -1  -1  -1  -1 
  2  -1 242  -1 286  -1  -1  -1  -1  -1  -1  -1  71  -1  -1  -1  -1  -1  -1  -1  -1  -1  -1  -1  -1 303 
  3  -1 263  -1  -1  -1  -1  -1  -1  -1  -1  -1 205 254  -1  42  -1  -1  -1 289  -1  -1  -1  -1  -1  -1 
  4  -1  -1  27 128  -1 221  -1  -1  -1  -1  -1  -1 191  -1  -1  -1  -1  -1  -1  -1  -1  82  -1  28  -1 
  5  -1 150  -1  -1  -1  -1  -1 246 240  -1  -1  -1  -1 235  -1 131  78  26  58  -1  -1  -1 249  -1  -1 
  6  -1   0  76  -1  -1  -1  79 232 247  -1  -1 233  -1  -1  -1  -1  -1  -1  -1  -1  -1  -1  -1  -1  -1 
  7  -1 135 218  -1  -1  -1  -1 120  32  -1  -1 301 152  -1  -1  -1  -1  -1 208  -1  -1 209  -1  -1  -1 
  8  -1  70 154 300  -1  -1 212  -1 290  -1  -1 124  -1  -1  -1  -1  13  -1  -1  -1  -1  -1  -1 216 257 
  9  -1  12  -1 103 265  -1  -1  -1 174  -1  -1 170  -1 291  -1 302 298  -1  -1  -1  -1  -1  -1  -1  -1 
 10  -1  -1 255  -1  -1  -1  64  69  -1  83  -1  -1 282  -1  -1  -1 144  -1  -1  -1  -1 100  -1 158  -1 
 11 280 280  -1  -1  -1  -1  -1 104 104  -1  60  60  -1  -1  -1  -1  -1  -1  -1  -1  -1  37  -1  -1  -1 
 12  -1  -1  -1 132  -1  -1  -1 133  -1  -1  -1  -1 171 101  -1  -1  59 147 168  -1  -1  -1 276  22 199 
 13  -1 121  -1 245  -1  -1  25 179  -1  -1  -1  15  -1  -1  -1  -1  -1 210  38  -1  -1  -1 164 215 125 
 14  -1  -1  -1 116  -1 304 234  -1 204  -1  -1  -1  66  -1  -1  -1  -1  -1  -1  -1  -1  -1  -1 260  -1 
 15  86  47  -1  56  -1  -1  -1  -1  -1  -1  -1 108  -1 196  -1  -1  -1  -1  -1  -1  -1 189 129  -1  -1 
 16 238  -1 243  -1  -1  -1 188  85  -1  -1 148 148  -1  45  -1  -1 166  -1  -1  -1  -1  -1  -1  -1  -1 
 17  -1  -1  -1  80  -1  -1  -1 201 146  18   1 253  -1  -1 173 198  -1  -1  -1  -1  -1  -1  -1 175  -1 
 18  -1 261  36  -1  -1  -1  81  -1  -1  -1  -1  -1  -1  -1  -1  -1 211  -1  -1  -1  67 256 115 307  -1 
 19  -1 223 111  -1  -1  -1 145  -1 165  -1  -1  -1  -1 248  -1  -1 169  -1  -1  -1  -1 284  -1  -1  -1 
 20 217 202  62 203  -1  -1  -1  -1  -1  -1  -1 190  -1  -1  -1  -1 279  -1  34  -1  -1  -1  -1 252  -1 
 21  -1  39  -1  -1  -1  -1 160  -1  73  -1 177  77  -1  -1  -1  -1  -1  57  -1  -1  -1 159  -1  -1  -1 
 22  -1 167  -1  -1  -1  -1  -1  14   3  -1  -1 161  23 117  -1  -1 259  -1  -1  -1  -1  88  -1  -1  -1 
 23  -1  -1  -1 157  -1  -1  -1  -1  -1  -1  -1 305  72  -1  -1  -1  -1  -1  -1  -1  -1 262  -1 299  -1 
 24  -1 102 123  -1  -1  -1  -1  -1  -1  -1  -1  -1  -1  20  -1 258  -1  -1 213  -1 106 264  -1  -1  -1 
 25  -1  -1  -1  -1  -1  -1  -1  -1  -1  -1  -1  -1  -1 277  -1  -1 126  84  43 130  -1  -1  -1  -1  -1 
 26 172  -1  87  -1  -1  -1  -1  41  -1 214  -1  44  -1  -1  -1  -1  -1  -1 122  -1  -1 296  -1 219  -1 
 27  -1  -1  -1  -1  -1  -1  -1  -1  -1  -1  -1 297  29  -1  -1 236 236  -1  -1  -1  -1  -1  -1  -1  -1 
 28  -1 292  -1  -1  -1  -1  -1  -1  -1  -1  -1 278 110  -1  -1 306  -1  -1  -1  -1  -1 220  -1 194  -1 
 29 155  -1  -1  -1  -1  -1 113  -1  -1  -1  -1  -1  -1  -1  -1  -1 127  -1  -1  -1  -1  -1  -1  -1  -1 
 30  -1  -1  19  19  19  -1  -1  24  -1  -1  -1  -1  -1   4   4  -1  30   2   2  -1  17  17  -1  -1  -1 
 31  -1  -1  -1  -1  -1  -1  -1  -1  -1  -1  -1  -1  -1  -1  -1  -1  -1  -1  -1  -1  31  31  31  -1  -1 
 32  -1  -1  -1  46  46  48  48  63  63  63  -1  -1  -1  -1  -1  -1  -1  74  -1  -1  -1  68  61  61  -1 
 33  -1  -1  -1  -1  -1  -1  -1  -1  -1  -1  -1  -1  -1  -1  -1  -1  -1  -1  -1  -1  -1  -1  75  75  75 
 34  -1  -1  -1  92  92  -1  -1  90  90  -1  -1  -1 112  -1  -1  -1  -1 105 105  -1  -1 118 107 107 107 
 35  -1  -1  -1  -1  -1  -1  -1  -1  -1  -1  -1  -1  -1  -1  -1  -1  -1 119 119 119  -1  -1  -1  -1  -1 
 36  -1  -1 156  -1  -1 134 134  -1 162  -1  -1  -1  -1  -1  -1  -1 136 136 149 149  -1  -1 151 151 151 
 37  -1  -1  -1  -1  -1  -1  -1  -1  -1  -1  -1  -1 163 163 163  -1  -1  -1  -1  -1  -1  -1  -1  -1  -1 
 38 195 195 195 178 178 180 180  -1 193 193  -1  -1  -1  -1  -1  -1  -1  -1  -1  -1  -1  -1 200 206  -1 
 39  -1  -1  -1  -1  -1  -1  -1  -1  -1  -1  -1  -1 207 207 207  -1  -1  -1  -1  -1  -1  -1  -1  -1  -1 
 40  -1 250  -1  -1  -1  -1  -1 224 224  -1 222 222  -1  -1  -1  -1 244  -1 237 237  -1  -1 239 239 239 
 41  -1  -1  -1  -1  -1  -1  -1  -1  -1  -1  -1  -1  -1  -1  -1  -1  -1 251 251 251  -1  -1  -1  -1  -1 
 42  -1  -1  -1  -1  -1  -1 294 283 283 283 268 268  -1 266 266  -1  -1 281 281  -1  -1  -1 288  -1  -1 
 43  -1  -1  -1  -1  -1  -1  -1  -1  -1  -1  -1  -1  -1  -1  -1  -1  -1 295 295 295  -1  -1  -1  -1  -1 
 44  -1  -1 313  -1  -1  -1  11  -1  21  -1 138   9 241 182  -1 309  54  -1  -1  -1 316  51  -1  -1  -1 
 45 312  -1  -1   6 229  -1  95  -1  -1 153  -1 183  -1 139  97  -1 109  96 141  -1  -1  -1  -1  -1  -1 
 46  -1 275  -1  -1  -1  -1  -1   7  -1  -1  -1  -1  -1  -1 225  -1  -1  -1  52  -1  -1  -1  -1  -1  -1 
 47  -1  -1  -1  -1  -1 271 272  -1  -1  -1  -1  -1  -1  94  50  -1  -1  -1  -1  -1  -1  10 187  -1  -1 
 48  -1  -1  -1  -1  -1  -1  -1  -1 140  -1  55  -1  -1  -1  -1  -1 270  -1 273 310  -1  -1  -1  -1  -1 
 49  -1  98  -1  -1  -1   8  -1  53 269 311  99  -1  -1  -1  -1  -1  -1  -1  -1  -1  -1 181  -1 285  -1 
 50  -1  65  -1  -1 143  93  -1  -1  -1  -1  -1  -1  -1  -1  -1  -1 230  49  -1  -1  -1  -1  -1  -1 314 
 51  -1  -1  -1  -1  -1  -1  -1 197  -1  -1  -1  -1  -1  -1  -1  -1  -1  -1  -1  -1  -1  -1  -1 308  -1 
 52  -1  -1  -1 231  -1  -1 228  -1 185  -1  -1  -1  -1 227  -1  -1   5 184  -1  -1  -1 142  -1  -1  -1 
 53  -1  -1  -1  -1  -1  -1  -1  -1  -1  -1  -1 137 315  -1  -1  -1  -1 226 186  -1  -1  -1 274  -1  -1 

r\t   0   1   2   3   4   5   6   7   8   9  10  11  12  13  14  15  16  17  18  19  20  21  22  23  24 
  0  -1  -1  -1  -1  -1  -1 243  -1  -1  -1  -1  -1  -1  -1  -1  -1 113  59  -1  -1  -1  -1  -1  -1  -1 
  1  -1 304  -1  -1  -1  -1  -1  -1  76  -1  -1  -1  84 116  -1  -1  -1  -1  -1  -1  -1  85  -1  72  -1 
  2  -1 114  -1  -1  -1  -1  -1 167  33  -1  -1  -1 301 173  -1  -1 291  -1  -1  -1  -1  -1 164  -1  -1 
  3  -1  -1  -1  -1  -1  -1  -1  -1  -1 172  -1 210 248  -1  -1  -1  -1  -1  -1  -1  -1  -1  -1  -1  -1 
  4 215 287 102  -1  -1  -1  -1 242  -1  -1 126  69  -1 232  -1  -1 166  -1  56  -1  -1  -1  91  -1  39 
  5  22  -1  -1  15  -1  -1  18 254 235  -1  -1  -1  -1  -1  -1  -1  32  -1  -1 307  -1  -1  -1 202  -1 
  6  -1  -1 196  -1  -1 260  -1  -1  -1  -1  -1  -1  47  -1  -1  -1  -1  -1  -1  -1  -1  -1  -1  -1  86 
  7  -1  -1  -1  -1  -1 282  70  -1 289  -1  -1 296  81  -1  -1  -1  -1  -1 145  -1 236 236  -1  -1  -1 
  8  -1 213  -1  -1  -1  -1  -1  41 216  -1  -1 128  14 211  -1  -1 125  -1  44  -1  -1  -1  -1 286  -1 
  9  -1 300  -1  -1  -1  -1  -1  -1 101  -1  -1 240 160  -1  -1  -1  -1  -1  73 133 220  71  -1  -1  -1 
 10  -1 303  -1  -1  -1  40 249 201  -1  -1  -1  -1  62  -1 217  -1 135  -1  -1  -1  -1  -1  -1  83  -1 
 11  -1  -1  -1  -1  -1  -1 298 192 192  -1  -1  -1 104 104  -1  -1 179  -1  -1  -1  -1  -1  -1  -1  -1 
 12  -1  -1  -1  -1  -1  -1 223  16  16  -1 198  -1 127  -1  -1  -1  88 297  -1  -1  -1  -1  -1 253  -1 
 13  -1  -1 284 131  -1  66  27  -1  36  -1  -1  20  -1 299  -1  -1 305  -1  -1  -1  -1  -1  -1 238  -1 
 14  -1  78  -1  -1  89  -1  -1  -1  -1  -1  -1  -1  -1  -1  -1  -1 203  -1 208  -1 175 204 263  -1  -1 
 15  -1 147 115  -1  -1  -1   3  -1  -1 258  -1  -1  -1  -1 214  -1 130  -1  -1  -1 177  -1 267  57  -1 
 16 259  -1  60  60  -1  -1 157  -1 209  -1  -1  -1  -1 189  -1  -1  -1  -1  -1  -1  -1  35 290 110  -1 
 17  -1  -1  -1 103  -1  -1  45  -1  -1  -1  -1 168 277  -1  -1  -1  -1 158  -1  -1  -1  -1  77 165  -1 
 18  -1  -1 152  -1  -1 219  -1  -1  -1  -1  -1  -1  -1 246  -1  -1  -1  -1  -1  -1  -1  -1  -1  -1  -1 
 19  -1  67  -1 280 280  -1  -1  -1  -1  -1  -1  -1  -1 170  -1  -1 194  -1  -1  -1  -1 276  -1  -1  -1 
 20  -1  23 293  -1 257  -1 190  -1   0  -1  -1 247  -1  79  -1  82  -1  -1 256  -1  -1  -1  -1  -1  -1 
 21  -1  -1 174  -1  -1  -1 144  34  58  -1  -1 264 188  -1 221  -1  64  -1  -1  -1  -1 159 306  -1  -1 
 22  -1  -1  -1 124  -1  -1  -1  -1  -1  -1  -1  -1 148 148  -1  -1 108  -1 233  -1 265  -1  -1  29  -1 
 23  -1  -1 262  -1  -1  -1 122  -1  -1  -1 129  -1 234  13  -1  -1  -1  -1  -1  -1  -1 117  -1  -1  43 
 24  -1 255  -1 161  -1  -1 278  -1  -1  38  -1  -1 121  -1  -1 106  -1  -1  25  -1  -1 245  -1  -1  -1 
 25  -1  -1  -1 146  87  -1  -1  80  -1  -1  -1  -1 292 302   1  -1  -1  -1  -1  -1  -1  -1  -1  37  -1 
 26  -1 205 171  -1  -1  -1  -1 154  -1  -1  -1  -1 218  -1  -1  -1 150  -1  -1  -1  -1 100 176  -1  -1 
 27  -1 111 252  -1  -1  -1  -1  -1 279  -1  -1  -1 132  26  -1  -1  -1  -1 120  -1  -1  -1  -1  -1  -1 
 28  -1  28 261  -1  -1  -1  -1  -1  42  -1  -1 123  -1  -1  -1  -1  -1  -1  -1  -1  -1  -1  -1  -1  -1 
 29  -1  -1  -1  -1 169  -1 212  -1  -1 155  -1  -1  -1  -1  -1  -1  -1 199 191  -1  -1  12  -1  -1  -1 
 30  -1  -1  -1  -1  -1  -1  -1  -1  -1  -1  -1  30  -1  -1  -1  17  17  24   2   2   4   4  19  19  19 
 31  -1  -1  31  31  31  -1  -1  -1  -1  -1  -1  -1  -1  -1  -1  -1  -1  -1  -1  -1  -1  -1  -1  -1  -1 
 32  -1  -1  74  46  46  -1  -1  -1  -1  -1  48  48  68  61  61  -1  -1  -1  -1  -1  63  63  63  -1  -1 
 33  -1  -1  -1  -1  -1  -1  -1  -1  -1  -1  -1  -1  -1  -1  -1  75  75  75  -1  -1  -1  -1  -1  -1  -1 
 34  -1  -1  90  90  -1 105 105  -1  -1  -1  -1  -1  -1  -1  -1  -1  -1 107 107 107  92  92 118 112  -1 
 35  -1  -1  -1  -1  -1 119 119 119  -1  -1  -1  -1  -1  -1  -1  -1  -1  -1  -1  -1  -1  -1  -1  -1  -1 
 36  -1  -1  -1 134 134  -1  -1  -1 162  -1 149 149  -1 156  -1  -1  -1  -1  -1  -1 136 136 151 151 151 
 37 163 163 163  -1  -1  -1  -1  -1  -1  -1  -1  -1  -1  -1  -1  -1  -1  -1  -1  -1  -1  -1  -1  -1  -1 
 38  -1  -1  -1 193 193  -1  -1  -1  -1  -1  -1  -1 200 180 180  -1  -1 206 178 178  -1  -1 195 195 195 
 39  -1  -1 207 207 207  -1  -1  -1  -1  -1  -1  -1  -1  -1  -1  -1  -1  -1  -1  -1  -1  -1  -1  -1  -1 
 40  -1  -1 239 239 239  -1  -1  -1 244  -1 222 222 224 224  -1 237 237  -1  -1  -1  -1  -1 250  -1  -1 
 41  -1  -1  -1  -1  -1  -1  -1  -1  -1  -1  -1  -1  -1  -1  -1 251 251 251  -1  -1  -1  -1  -1  -1  -1 
 42  -1  -1  -1 268 268  -1  -1  -1  -1  -1 281 281 266 266  -1 283 283 283 294  -1  -1  -1  -1 288  -1 
 43  -1  -1  -1  -1  -1  -1  -1 295 295 295  -1  -1  -1  -1  -1  -1  -1  -1  -1  -1  -1  -1  -1  -1  -1 
 44 314  -1  10   5  -1  -1  -1  -1 141  -1 138  94  -1  -1  -1  -1   6 315  -1  -1  -1  -1 231  -1  -1 
 45  -1 311  -1 184  -1  -1 142  -1 181  -1  97  -1  -1  -1  -1  -1  -1  -1 227  -1  -1 269  -1  -1  -1 
 46  -1  -1 275  -1  -1  -1  -1  -1  -1 316  -1  -1  93  -1  99  -1  -1  21  -1 273  -1  -1  -1  -1 312 
 47  -1  -1  -1  -1  -1  -1 272 309  -1  -1  -1  -1  -1  -1  -1  -1  -1  -1  -1  -1  -1 187  -1 313  -1 
 48  -1  -1 182  -1  -1 310  -1  -1 228  -1 274  -1 185  -1 143  -1  -1  -1  -1  -1  -1  -1 285  -1  -1 
 49  -1  -1 226  -1  -1  -1  -1  65  -1  -1   9 183  -1  49  -1 308  -1  -1  -1  -1  -1  -1  -1  -1  -1 
 50  -1  -1  -1  -1  -1  -1  -1  -1  50  -1  -1 137  -1  -1 271  -1  -1  -1 270  -1  -1 225  -1  -1  -1 
 51  -1 241  -1  -1  -1  -1  96  -1  98  -1  -1  -1   7  95  -1  -1  -1  -1  -1 229  -1  -1 109  -1  -1 
 52  -1  -1  51 230  -1  -1 186  -1  -1  -1  -1  -1  -1   8  -1  -1  -1 153  -1  -1  -1  53  52  -1  -1 
 53  -1 197  -1  -1  -1  -1  -1  -1  -1  -1  -1  11  -1 139  54  -1  -1  -1 140  55  -1  -1  -1  -1  -1 

r\t   0   1   2   3   4   5   6   7   8   9  10  11  12  13  14  15  16  17  18  19  20  21  22  23  24 
  0  -1  -1  -1  80  -1  -1  -1 115  -1  -1  -1 223 194 160  -1  -1  -1 242  -1  -1  -1 302  -1  -1  -1 
  1  -1  -1 113 248  -1  -1 220  -1  -1  -1  -1 211 303  -1  -1  -1  -1  -1 155 171  -1  -1  -1  -1  -1 
  2 265 167 290  -1  -1  -1 233  13  20 175  -1  -1  -1 292  -1  -1  79  -1  -1  -1  -1  23 202  -1  -1 
  3  -1  29 102  -1  -1  -1  -1 190  -1  -1 262  -1 299  -1  -1  -1  -1  -1 161  -1  -1  -1  -1  -1  -1 
  4  -1 257  34  -1  -1  -1  -1  -1 204  -1 198  -1  -1  86  -1  -1  -1  -1  -1  -1  -1 199  -1 307  -1 
  5  -1  -1  -1  -1  -1 282  73  -1 263  -1  -1  -1  58 123  -1  -1  -1 152  -1  -1  -1  -1  -1  -1  -1 
  6  -1  -1  44  45  -1  -1 267  -1 219  -1  83 110 173  -1  -1  -1  -1  -1  -1  -1 236 236  -1 166  -1 
  7  -1 120 246 131  -1  -1  -1  -1  -1  82  -1  78 264  -1  -1  -1 205  -1  22  -1  -1  -1  -1  -1  -1 
  8  -1  70  -1  -1  -1  -1  -1 127 114  -1  -1  -1 304  -1  -1  -1 305  -1  -1  -1  -1  -1  -1  -1  -1 
  9  -1  47  -1  -1  -1  -1 128  -1  -1  -1  -1  84  -1  -1  -1  -1 100  -1 297  -1  -1  -1  -1  -1  -1 
 10  -1  -1  -1  35  -1  -1 158 254 189  -1  -1 129 148 148  -1 126 291 124 243  -1  -1  77  -1 284  -1 
 11  -1  -1  76  -1  67  -1 249  -1  -1  -1  -1  -1 179  -1  -1  -1  -1  -1  -1  -1  -1 300  -1 146  40 
 12  -1 247  -1  -1  -1  -1  -1  85  -1  -1  -1  -1  -1  -1  -1  -1  -1  60  60  -1  -1 276  -1  -1  -1 
 13  -1  -1 201  -1  -1  -1  64 208  -1  -1  -1 213  -1  -1 301  -1 147  -1  -1  -1 258 159  -1  -1  -1 
 14  -1  -1  57  -1  -1  -1  -1 280 280 306  -1  -1  -1  -1  -1  -1 253  -1  -1  -1  -1 150  16  16  -1 
 15  38 101  -1 157  -1  -1  -1  -1 298  -1  -1 165  28  -1  -1  -1 259  -1  -1  -1  -1  -1  71  41  -1 
 16  -1  -1  -1  -1  -1  -1  33  -1  -1  -1  -1  56  -1  -1  -1  -1  -1  69  -1  -1  -1  32  25  -1  -1 
 17  -1 232   0 218  -1  -1 191  43 245  -1  66  -1  -1  -1  -1  -1  -1  -1 117  -1  -1  -1 192 192  -1 
 18  -1  -1  -1  -1  -1  -1   3  36  -1  -1  -1  -1  -1  -1  -1  -1  -1  -1  -1  -1  -1  -1  -1  -1  -1 
 19  -1  -1  -1  -1  -1  -1  -1  -1 168  -1  -1  91 104 104  -1  -1  -1  -1  -1  -1 174  -1  -1  -1  -1 
 20  -1  -1  14  -1  -1  -1 214  27 132  -1  -1  39  -1  -1  -1  -1  -1  -1  -1  -1  -1  -1  -1  -1  -1 
 21  -1 209  -1 108  -1  -1  -1  -1  -1  -1  -1  -1  -1 169 221  -1  -1  -1  -1  -1  -1  -1 279  -1  -1 
 22  -1  15  -1 212 260  -1  -1  -1  -1  -1 130  -1  -1 170  -1  -1  59  -1  -1  -1  -1  -1  -1  -1  -1 
 23  37  -1  -1  -1  -1  -1  -1  -1   1  -1 287 296  -1  -1  -1  -1  -1  -1 255  -1  -1  -1  -1  -1  -1 
 24  -1  -1  -1  12  -1 238 103 234  -1  -1  -1 116 240  -1  -1  -1  -1 252  -1 261 177  -1 164  -1  -1 
 25  -1  -1 135  -1  -1  -1  -1  -1  -1  -1  -1 210  -1  -1  -1  -1 196  -1  -1 217  -1  -1  -1  72  -1 
 26  -1  -1  -1  89  -1  -1 133 125  -1  -1  -1 154  -1  26  -1  -1  -1  -1 111  -1  -1  -1 145 203  18 
 27  -1  -1  -1 278  -1  -1  -1  -1  88  -1  -1  -1  -1  -1 172  -1  -1 293  -1  -1  81  62  -1  -1  -1 
 28  -1  -1 216  -1 286  -1 215 289  -1  -1  -1  42 121 235 176  -1  -1  -1  -1  -1  -1  -1  -1  -1  -1 
 29  -1 144 277  -1  -1  -1  -1  -1  -1  -1  -1 188  -1  -1  -1  -1  -1 106  -1  -1  -1 256 122  -1  87 
 30   2   2  -1  -1  -1  -1  -1  -1  -1  -1  19  19  19   4   4  17  17  -1  30  -1  -1  -1  -1  24  -1 
 31  -1  -1  -1  -1  -1  -1  -1  -1  -1  -1  -1  -1  -1  -1  -1  31  31  31  -1  -1  -1  -1  -1  -1  -1 
 32  -1  -1  -1  -1  -1  -1  -1  61  61  -1  -1  -1  74  46  46  48  48  -1  68  -1  -1  -1  63  63  63 
 33  -1  -1  -1  -1  -1  -1  -1  75  75  75  -1  -1  -1  -1  -1  -1  -1  -1  -1  -1  -1  -1  -1  -1  -1 
 34  92  92  -1  -1  -1  -1 118 107 107 107  -1  -1  -1  90  90  -1 112  -1  -1  -1  -1  -1  -1 105 105 
 35  -1  -1  -1  -1  -1  -1  -1  -1  -1  -1  -1  -1  -1  -1  -1  -1  -1  -1  -1  -1  -1  -1 119 119 119 
 36 136 136 156 149 149  -1  -1 151 151 151  -1  -1 162 134 134  -1  -1  -1  -1  -1  -1  -1  -1  -1  -1 
 37  -1  -1  -1  -1  -1  -1  -1  -1  -1  -1  -1  -1  -1  -1  -1 163 163 163  -1  -1  -1  -1  -1  -1  -1 
 38  -1  -1 195 195 195  -1 206 180 180  -1  -1  -1 200  -1  -1 178 178 193 193  -1  -1  -1  -1  -1  -1 
 39  -1  -1  -1  -1  -1  -1  -1  -1  -1  -1  -1  -1  -1  -1  -1  -1  -1 207 207 207  -1  -1  -1  -1  -1 
 40  -1  -1 239 239 239  -1  -1 222 222  -1  -1  -1 250 244  -1 224 224  -1  -1  -1  -1  -1 237 237  -1 
 41  -1  -1  -1  -1  -1  -1  -1  -1  -1  -1  -1  -1  -1  -1  -1  -1  -1  -1  -1  -1  -1  -1 251 251 251 
 42  -1 294 268 268  -1  -1 288  -1  -1  -1  -1  -1 281 281  -1 266 266 283 283 283  -1  -1  -1  -1  -1 
 43  -1  -1  -1  -1  -1  -1  -1  -1  -1  -1  -1  -1  -1  -1  -1  -1  -1  -1  -1  -1  -1  -1 295 295 295 
 44  -1  -1  -1  -1  -1  -1  -1  -1 273 309  -1 269  -1 186  -1  -1  -1  -1  -1  -1  50  -1 187 231 312 
 45 229  65 153  -1  -1 310  96  -1  -1  -1  -1  -1  10 230 271  -1 141  -1  -1  -1 143  -1  -1  53  -1 
 46  -1  -1  98  11  -1 197  -1  -1  -1  -1  -1  -1  99  -1  -1  -1  93  -1 311 316  -1 109  -1 142  -1 
 47  -1  -1  -1  -1  -1  -1  -1  -1  -1  -1  -1 241  -1  -1  -1  97  -1  -1  -1  -1 272  -1 139 181  -1 
 48  55  -1  -1  -1  -1  -1 185   9  -1  -1  -1  -1 137  -1  -1  -1  -1  -1  -1  -1   8 313   7  -1  -1 
 49 183  -1  -1  -1  -1  -1  21 270  -1  -1  -1 184  -1  -1  -1  -1  -1  -1  -1  -1  -1  -1  -1  -1  -1 
 50  -1 182  -1  -1  -1  -1  52  -1  -1  -1  -1  -1  51  -1  -1  -1  -1  -1  -1  -1 225  -1  -1  -1  -1 
 51  -1  -1  -1  -1  -1  -1  -1  -1  49  -1  -1  -1 228  -1  -1  -1   6  -1  -1  -1  -1  -1  -1  94  -1 
 52  -1 226  -1 227  -1  -1 285  -1  -1  -1 314  54  -1  -1  -1  -1  -1 308  -1  -1  -1  -1  -1  -1  -1 
 53  -1 274  -1 138 315  -1  -1 140  -1  -1  -1  -1  -1 275  -1  -1  -1  -1  -1  -1  95  -1  -1   5  -1 

