317
2 24
24 1
10 30
22 2
20 30
15 53
13 47
1 53
6 50
23 48
17 44
12 46
1 5
23 22
21 18
17 0
13 18
5 30
22 13
2 30
12 14
8 50
18 23
16 16
17 30
16 2
23 11
2 17
12 18
8 28
22 30
5 31
18 1
1 9
11 24
13 7
2 16
3 13
17 10
10 28
0 5
10 0
5 20
4 0
5 13
2 20
20 32
17 6
10 32
23 46
1 44
13 45
3 50
6 44
12 47
15 50
3 6
6 26
1 16
11 22
12 23
22 32
17 1
7 32
21 4
16 48
0 26
18 19
18 32
1 26
3 0
7 9
17 20
21 16
12 32
22 33
6 0
7 3
13 11
16 5
2 10
21 8
19 18
18 24
5 0
18 11
15 19
17 12
12 15
2 3
23 34
20 12
5 34
11 48
1 45
3 49
17 53
13 49
21 48
22 47
6 29
3 27
1 20
13 13
22 28
17 34
19 8
10 34
2 1
14 50
8 25
7 28
3 34
11 10
23 23
22 19
6 7
1 1
21 34
15 35
13 5
8 23
17 23
7 14
2 21
5 4
24 17
17 3
23 7
14 0
14 5
4 3
24 14
23 2
12 36
22 10
1 36
21 50
20 51
11 45
10 48
6 46
3 45
5 44
6 13
12 17
1 23
11 1
20 13
7 36
14 1
15 36
3 14
4 46
22 15
18 20
3 36
2 29
18 14
17 8
12 28
6 22
11 36
7 37
16 19
11 27
21 14
1 8
22 11
2 28
10 18
5 19
14 26
10 16
5 1
14 17
15 5
20 23
12 38
10 12
1 38
6 47
17 50
5 53
21 44
11 53
3 48
24 46
11 8
17 19
6 11
8 0
2 18
15 38
10 2
21 38
7 16
18 48
0 29
14 2
18 38
2 4
23 6
22 24
1 10
6 20
17 38
7 39
11 26
16 24
12 0
13 1
3 25
18 3
12 19
19 29
19 9
3 9
2 2
15 1
15 17
24 7
20 40
1 15
12 40
23 51
3 47
17 51
11 50
10 53
22 48
6 52
12 22
23 21
22 4
21 0
13 9
15 40
9 24
2 40
7 23
1 46
8 22
18 18
11 40
1 13
22 20
21 24
2 6
13 4
18 40
5 41
17 16
3 2
12 12
8 11
16 4
5 26
18 25
19 19
11 2
1 28
10 3
18 10
17 28
13 25
5 42
3 12
10 42
24 52
1 49
15 46
23 45
22 52
12 48
2 46
17 29
11 18
12 29
21 21
2 26
22 42
18 12
7 42
1 6
16 50
14 28
0 11
3 42
22 8
2 13
11 9
18 27
6 10
1 42
20 43
17 9
12 13
23 4
16 15
7 17
2 9
15 8
15 20
0 6
9 2
15 29
6 17
18 47
0 44
19 53
16 44
4 49
7 46
8 48
14 52
9 45

