317
1 15
6 14
22 30
3 8
15 30
13 53
11 48
14 49
7 44
18 50
8 44
21 52
7 26
21 27
23 20
22 27
13 14
17 30
9 6
0 30
12 28
5 47
19 5
3 4
8 30
1 10
7 0
18 1
13 26
22 11
3 30
10 31
2 0
17 14
16 11
23 28
17 19
13 12
12 2
16 1
18 18
4 16
19 7
6 29
21 25
13 23
15 32
23 21
10 32
22 52
8 51
6 47
3 53
18 44
1 51
0 53
21 13
11 25
22 20
2 2
15 4
3 32
17 2
7 32
6 4
12 49
23 10
14 27
12 32
17 7
13 1
23 4
6 23
1 14
21 32
2 33
8 11
7 23
22 8
18 13
11 29
15 19
18 4
18 26
17 20
8 26
12 26
9 12
22 6
18 23
0 34
21 20
15 34
23 52
11 47
3 45
8 49
14 45
6 50
13 52
3 6
13 4
16 17
1 0
22 12
10 34
5 11
7 34
18 2
17 44
21 8
2 8
17 34
6 8
2 9
1 21
22 22
16 12
3 34
10 35
8 28
21 26
12 15
23 15
18 24
6 5
21 15
3 26
8 20
8 24
4 4
21 11
8 19
23 16
15 36
18 8
0 36
13 49
10 52
11 44
22 47
6 48
7 53
21 44
22 26
16 8
6 18
12 0
7 27
10 36
17 17
2 36
13 27
24 50
18 29
20 13
7 36
6 24
2 1
3 28
17 24
11 2
18 36
12 37
1 12
18 7
22 1
8 14
21 2
7 8
10 0
5 28
17 28
5 24
15 14
19 9
14 24
10 2
22 38
7 3
15 38
6 44
1 46
11 50
13 51
21 51
8 52
0 50
1 8
6 2
11 14
21 22
22 14
2 38
7 4
17 38
13 9
9 48
24 0
12 14
8 38
13 18
16 21
6 11
17 21
1 19
7 38
2 39
23 9
12 22
21 14
22 15
11 28
18 22
0 28
19 27
8 25
5 23
3 2
2 29
10 19
14 12
15 40
6 26
0 40
13 50
21 47
7 48
8 53
11 46
22 44
18 46
13 17
1 11
18 0
16 14
10 4
20 40
2 15
7 40
22 3
6 46
17 5
3 24
2 40
7 2
11 12
13 28
16 19
18 5
6 40
22 41
3 21
8 16
17 6
1 1
21 19
8 22
20 2
8 10
5 12
17 29
15 20
5 27
6 28
0 23
15 42
21 4
13 42
1 45
11 49
18 52
23 44
22 45
7 50
8 47
11 1
22 18
23 29
1 25
7 29
2 42
21 0
17 42
13 20
10 46
12 8
9 15
21 42
22 17
18 10
6 7
11 6
7 21
1 42
2 43
12 6
8 18
23 25
13 24
17 23
9 10
20 26
9 18
20 19
14 1
24 29
9 3
9 52
5 46
24 44
17 48
4 47
2 48
19 51
12 45
20 44

