r\t   0   1   2   3   4   5   6   7   8   9  10  11  12  13  14  15  16  17  18  19  20  21  22  23  24 
  0 262  -1  -1  -1  -1  -1  -1  -1  -1  -1  -1 248  -1 117  -1 261  73 132  -1 259  -1  -1 202  -1  -1 
  1  -1  -1  -1 114  -1 125  57  -1  -1  -1  -1  -1  -1  -1  -1  -1  -1  -1  -1  -1  -1  -1  -1  -1  -1 
  2  40 209  62  -1  -1 175  71  -1  -1  -1  -1 159  -1  -1  -1  -1 211  15  -1  83  -1 267  -1  -1  -1 
  3  -1  -1  -1  -1  -1  -1  -1  -1  -1  -1  -1 108 158 131  -1  -1  -1  -1 194  -1  -1  -1  -1  -1  -1 
  4  -1 160  -1  70  -1  86  77  88  72  -1  -1 144  -1  -1  -1  -1  -1  -1  -1  -1  -1 302  -1 127  -1 
  5  -1 263  -1  45  -1  -1 276  -1 167  -1  -1 306  69  -1  -1  -1  28  -1  -1 307  -1 189  -1  -1  -1 
  6 192 192  -1  -1  -1  -1  -1  -1  -1 106  -1  -1  -1  -1  -1  38 213  -1  -1  -1  87 221  -1  -1  -1 
  7  -1  -1  -1  -1  -1  -1  -1 157   1  -1  -1 196 242 102  -1  -1  -1 166  -1  -1  -1 215  -1  -1  -1 
  8  -1 240  -1 278  -1 238  91  -1  -1  -1  -1  41  -1  -1  -1  -1  -1  -1  -1  -1  -1 161  -1  -1  -1 
  9  -1  80 258  27  -1  -1  -1  -1 100  -1  -1  -1  -1 264  -1  -1  -1 208  -1  -1 218   0  -1  -1  -1 
 10  -1  -1  -1  -1  -1  -1 245  -1  -1  -1  -1 293 111  35  -1  -1  -1 249  64  -1  -1  -1  -1  -1  -1 
 11  -1 145 290  -1  -1  -1   3  -1  -1  -1  -1 124  -1  -1  -1  -1 133  -1  -1  81  -1  -1  -1  -1  -1 
 12  -1 300  -1  -1  -1  -1 135 126  -1  22 305 235  -1 234  -1  -1 188  -1  -1  -1  -1 171 128  32  -1 
 13  -1  58 260  -1  -1  -1  -1 148 148  -1  -1  -1  -1  -1  82  -1  -1  -1  -1  -1  -1  -1  -1  -1  -1 
 14  -1 129 165 191  -1  -1  -1  -1  -1 303  -1  -1 291  -1  -1  -1  85  -1 304  -1  -1  -1  25  78  -1 
 15  -1  37 255 146  -1  -1  -1 201 284  -1  -1  -1  -1  -1  -1  -1 168 296 122  -1  -1  -1  -1 289 130 
 16  -1  -1  -1  -1 220  -1 150  -1  -1  -1  -1  -1  60  60  -1  -1 101 152  -1  -1  -1  -1  -1 113  -1 
 17  -1  -1 104 104  -1  -1  23 169 223  -1  -1 205  -1  -1  -1  -1  -1  -1  -1  -1  -1  -1  44  -1  -1 
 18 257  34  -1  -1  -1  -1 204  -1  -1  -1  -1  79  -1  -1  -1  -1  -1  -1  -1  -1  -1 147 199 203  -1 
 19  -1  -1  -1 252  -1  -1  -1 170 243  -1 177  -1  -1  -1  -1  -1 299  -1 154 155  -1 256  -1  -1  -1 
 20  -1 219  -1  -1  -1  -1  -1  -1  -1  -1  -1  -1  -1  -1  66  -1  39 190 246  -1  -1  -1  -1  -1  -1 
 21 265 277  -1  -1 198  -1 110  -1 212  -1  -1  -1  18  -1  -1  -1  13  -1  -1  -1  -1 103  -1  -1  -1 
 22  -1  -1  47  -1  -1  -1  -1  -1  -1  -1  -1  -1 247  -1  -1  -1  -1  59  -1  -1  -1  -1  -1  -1  67 
 23  43 253  -1  -1  -1  -1 121  -1  26  -1  -1  12  29  -1  -1  -1 301  -1  -1  -1  -1  -1  -1  -1  -1 
 24  -1  -1  33  -1  -1  -1 233 116 254  -1  -1  84  -1  -1  -1  -1  -1  -1  -1  -1 282 287 179  -1  -1 
 25  -1  -1  -1  -1  -1  -1  -1  -1  -1  -1  -1  -1  -1 172  -1  -1 232  -1 292  -1  -1  -1  -1  -1  -1 
 26  16  16 279  -1  -1  -1 216  -1  -1  -1  -1  -1  -1  -1  -1  -1  56  -1  20  -1  -1  42  -1  -1  -1 
 27  -1 115 236 236  -1  -1  -1  -1  -1  -1 280 280  -1 297  -1  -1  -1  -1  -1  -1  -1 120 298  -1  -1 
 28  -1 214  -1  -1  -1 286  -1  -1  -1  -1  -1  -1  -1 164  -1  -1  -1  -1  -1  -1  -1  -1  -1  -1 217 
 29  -1  -1  76  36  -1 174 173  -1 123  -1  -1  89  -1  14  -1  -1  -1  -1 210  -1  -1 176  -1  -1  -1 
 30  -1  -1  17  17  -1  -1  24  -1  -1  -1   2   2  -1  -1  -1   4   4  -1  -1  -1  -1  30  19  19  19 
 31  -1  -1  -1  -1  -1  -1  -1  -1  -1  -1  -1  -1  -1  -1  -1  -1  -1  31  31  31  -1  -1  -1  -1  -1 
 32  46  46  -1  -1  -1  -1  -1  63  63  63  -1  -1  -1  68  -1  48  48  -1  -1  -1  -1  74  61  61  -1 
 33  -1  -1  -1  -1  -1  -1  -1  -1  -1  -1  -1  -1  -1  -1  -1  -1  -1  75  75  75  -1  -1  -1  -1  -1 
 34  -1  -1 118  92  92  -1  -1  -1  -1  -1  -1  -1 112  -1  -1  90  90 105 105  -1  -1  -1 107 107 107 
 35  -1  -1  -1  -1  -1  -1  -1  -1  -1  -1  -1  -1  -1  -1  -1  -1  -1 119 119 119  -1  -1  -1  -1  -1 
 36 136 136 162  -1  -1  -1 156  -1  -1  -1 134 134 151 151 151  -1  -1  -1  -1  -1  -1  -1 149 149  -1 
 37  -1  -1  -1  -1  -1  -1  -1  -1  -1  -1  -1  -1  -1  -1  -1  -1  -1  -1  -1  -1  -1  -1 163 163 163 
 38 180 180 200 206  -1 195 195 195  -1  -1  -1  -1 193 193  -1 178 178  -1  -1  -1  -1  -1  -1  -1  -1 
 39  -1  -1  -1  -1  -1  -1  -1  -1  -1  -1  -1  -1 207 207 207  -1  -1  -1  -1  -1  -1  -1  -1  -1  -1 
 40 222 222  -1  -1  -1  -1  -1 250  -1  -1  -1  -1  -1 244  -1 224 224 239 239 239  -1  -1 237 237  -1 
 41  -1  -1  -1  -1  -1  -1  -1  -1  -1  -1  -1  -1  -1  -1  -1  -1  -1  -1  -1  -1  -1  -1 251 251 251 
 42  -1  -1  -1 268 268  -1 294  -1  -1  -1  -1  -1 281 281  -1 266 266 283 283 283  -1  -1  -1 288  -1 
 43  -1  -1  -1  -1  -1  -1  -1 295 295 295  -1  -1  -1  -1  -1  -1  -1  -1  -1  -1  -1  -1  -1  -1  -1 
 44  -1  -1 231   7  -1  -1  -1  -1  95  -1 275 181  -1 228  -1  -1  -1  -1 315 308  -1  96  10 197  -1 
 45  -1  98 185  -1  -1  65 230  -1  -1  -1  -1  -1  -1  -1  -1  -1  -1  -1  -1  -1  -1  53  -1  -1  -1 
 46  -1   5 274  -1   8  -1  -1 140 137  -1  -1 227  -1  49  -1  -1  -1  -1  -1  -1  -1  -1 269  -1 314 
 47  -1  -1 153 225  -1 312  -1 182  -1  -1  -1 273  -1 186  -1 143  -1  -1  -1  -1 241  -1  -1  -1  -1 
 48  -1  -1  -1  -1  -1  -1  -1 272  -1  -1  55  -1 309  94 310  -1  -1  -1  -1  -1  -1 139 141 313  -1 
 49   9  -1  -1  -1 138  -1  -1 226  -1  -1  -1  -1  -1  -1  -1  -1  -1  -1  -1  -1  -1  -1  -1  -1  -1 
 50  97  -1  -1 183  54  -1  -1  -1  -1  -1 229  -1  -1  -1  -1  -1  -1  -1  -1  -1  -1  -1  -1  -1  -1 
 51  -1  -1  93 142  -1  -1 270  -1  -1 311  -1  -1  -1  -1  -1  -1  -1  -1  -1  -1 316  -1  -1  -1  -1 
 52  -1 271  -1  -1  -1  -1  52  51  -1  -1  99  -1  -1  11  -1  -1  -1 184  -1  -1  -1  -1  -1  -1  -1 
 53  -1  -1   6  -1  -1  -1  -1  21 187  -1  -1  50  -1  -1  -1  -1  -1  -1  -1  -1 109  -1  -1 285  -1 

r\t   0   1   2   3   4   5   6   7   8   9  10  11  12  13  14  15  16  17  18  19  20  21  22  23  24 
  0  -1 199  -1  44  -1  -1  -1 261 301  83  -1  -1 220 296  -1  -1  -1  -1  -1  -1  -1 154  -1 255  -1 
  1  -1  -1  -1   3  -1  -1  -1 129  -1  -1  43  -1 176 115  -1  23  -1  -1  -1  -1  -1  -1 191  -1  -1 
  2  -1 166 169  -1  -1  -1  -1  14  -1  -1  -1  89  -1  -1  -1  -1 155 192 192  -1  -1  -1  -1  -1  -1 
  3  -1  -1  -1  26  -1  -1  -1  -1  -1  -1  -1  64  27  -1  -1  -1  -1  -1  -1  -1  -1  -1  -1  -1  -1 
  4  -1  -1  -1  -1  -1  -1  59 189  -1  -1  -1  -1  -1  -1  -1  -1 278 126  -1  -1  -1 215 292 258  -1 
  5  -1 279  -1  -1  -1  -1  -1  -1 263  -1  -1  -1  -1  33 238  -1  38 210  -1  -1  -1  -1  -1  -1  -1 
  6  -1  -1  -1  70  -1  -1  -1  -1 303  -1  -1  -1  -1  -1  -1  -1 135 121  37  -1  -1 111  -1  40  -1 
  7  -1  -1  -1 171  66 257  -1 289  -1  -1  -1  -1  -1  -1  -1 128 123 265  -1  -1  -1  -1  -1  32  -1 
  8 302 216  -1  -1 170  -1  -1 246  -1  22  -1  -1  -1  -1  -1  -1  -1 172  15  -1  -1 287  -1 106  -1 
  9  -1  34 233  -1 175  -1 188  35  -1  -1  -1  -1  -1  -1  -1  -1  47 211 205  -1  -1  -1  -1 297  -1 
 10  -1  -1  -1  -1  -1  -1 247 201  -1  -1  -1 146  -1  -1  -1  -1 235  -1  -1  -1  -1 131  -1 133  -1 
 11  -1 102 208  -1  -1  -1  -1  -1 217  -1 221  -1  -1  -1  -1  -1 213  -1  -1  -1  -1  -1  -1 152  -1 
 12  -1  56  -1 204  -1  -1  -1  -1  -1 262  -1 284  -1  -1  -1  -1  81 160 267  -1  -1  -1  25  -1  85 
 13  -1  -1  -1 252 150  -1 144 120   1 286  -1  -1  -1  -1  -1  -1  -1 300 282  -1  -1  -1  -1 196  -1 
 14  -1  -1  -1  -1  -1  -1  -1  -1  -1  -1  -1  36  -1  -1  -1  -1  -1 234  -1  -1  -1  -1  -1  -1  -1 
 15  -1  -1  -1  -1  -1 214 113  -1  57  -1  -1  -1 203  -1  -1  -1  -1  78  -1  -1 130  -1  -1  -1  -1 
 16 260 253  -1  -1  -1  -1  29 173  -1 198 177  -1 114  -1  -1  -1  13 254  -1  -1  -1 291  -1  -1  -1 
 17  -1  -1 164  -1  -1 304 232  -1  -1  -1  -1  -1  -1  88  -1  -1  -1  -1  -1  87  -1  -1  -1  91  -1 
 18  -1  -1  -1  -1  -1  -1  -1  -1 167  -1  -1 256  -1  -1  -1  -1  -1  -1  -1  -1  -1  62  16  16  -1 
 19  -1 179  -1  -1  -1  -1 157  -1  -1  -1  -1  76 280 280  -1  -1  -1  20  -1  -1  -1  -1  -1  -1  -1 
 20  -1  -1  -1  -1  -1  -1 212  -1  -1  -1  -1 299  -1  -1  -1  -1  -1  60  60  -1  -1 194  -1  42 306 
 21  -1  -1 132  -1 125  82  73 145 248  -1  -1 108  -1  -1  -1  84  -1  -1  -1  -1  -1  -1 100  -1  -1 
 22  -1  -1  -1 159  -1  -1 276 104 104  -1  -1 124  -1  -1  -1  -1  -1  -1  -1  -1  -1 240  -1  -1  -1 
 23  -1 243  -1  -1  -1  -1  -1  69 298 110  -1  -1  -1  -1  -1  -1  -1  -1 219 307  -1  -1  -1  -1  -1 
 24  -1  86  -1 103  -1  -1  -1 127  -1  -1  -1  -1  -1  -1  -1  -1 290  -1 116  -1 218  -1 264  -1  -1 
 25  -1 223  -1  -1  -1  -1 293  -1  -1  -1  -1  -1 147  -1  -1 242  -1  -1  39  -1  -1  18  -1  -1  -1 
 26  -1  -1  45  58  -1  -1  -1  -1  -1  -1  -1  -1  -1  -1  -1  -1  28 101  -1  -1  -1 168  -1  -1  -1 
 27  -1  -1  80  -1 305  -1  12  -1  -1  -1  -1  -1 236 236  -1  -1  -1 174 245  -1  -1  72  -1  71  -1 
 28  -1  41  -1 122  -1  -1 259 277 202  -1  -1  -1  -1  -1  -1  -1 190  -1  -1  -1  -1  -1  77   0  -1 
 29  -1  -1 148 148  -1  -1  -1  -1  79  -1  -1 161 249  -1  -1  -1  67  -1 165  -1  -1 209 117 158  -1 
 30  17  17  30  -1  -1   4   4  -1  -1  -1   2   2  19  19  19  -1  -1  -1  -1  -1  -1  24  -1  -1  -1 
 31  -1  -1  -1  -1  -1  -1  -1  -1  -1  -1  -1  -1  -1  -1  -1  -1  -1  31  31  31  -1  -1  -1  -1  -1 
 32  -1  68  -1  -1  -1  46  46  -1  -1  -1  -1  -1  61  61  -1  -1  74  48  48  -1  -1  -1  63  63  63 
 33  -1  -1  -1  -1  -1  -1  -1  -1  -1  -1  -1  -1  75  75  75  -1  -1  -1  -1  -1  -1  -1  -1  -1  -1 
 34  -1  -1  -1  -1  -1  -1  -1  90  90  -1  -1  -1 107 107 107 105 105  92  92  -1  -1 112  -1 118  -1 
 35  -1  -1 119 119 119  -1  -1  -1  -1  -1  -1  -1  -1  -1  -1  -1  -1  -1  -1  -1  -1  -1  -1  -1  -1 
 36  -1  -1  -1  -1  -1 136 136 156 149 149 134 134  -1  -1  -1  -1 162 151 151 151  -1  -1  -1  -1  -1 
 37  -1  -1  -1  -1  -1  -1  -1  -1  -1  -1  -1  -1 163 163 163  -1  -1  -1  -1  -1  -1  -1  -1  -1  -1 
 38  -1 206 195 195 195  -1  -1 178 178  -1  -1 200 193 193  -1  -1  -1 180 180  -1  -1  -1  -1  -1  -1 
 39  -1  -1  -1  -1  -1  -1  -1  -1  -1  -1  -1  -1  -1  -1  -1  -1  -1  -1  -1  -1  -1  -1 207 207 207 
 40  -1  -1 250  -1  -1 222 222 239 239 239  -1  -1  -1 244  -1  -1  -1 224 224  -1  -1  -1 237 237  -1 
 41  -1  -1  -1  -1  -1  -1  -1  -1  -1  -1  -1  -1  -1  -1  -1  -1  -1  -1  -1  -1 251 251 251  -1  -1 
 42  -1 294 281 281  -1 266 266  -1  -1  -1 268 268 288  -1  -1  -1  -1  -1  -1  -1  -1  -1 283 283 283 
 43  -1  -1 295 295 295  -1  -1  -1  -1  -1  -1  -1  -1  -1  -1  -1  -1  -1  -1  -1  -1  -1  -1  -1  -1 
 44  -1   7  -1 139  -1  -1  -1  -1  -1  -1  49  -1  -1  -1  -1  -1  -1  -1  -1  -1  -1  -1  -1  -1  -1 
 45  -1  -1  -1 230  -1 185  -1  -1  -1  -1  -1 186  -1  -1  -1  -1 231  -1 141  -1  -1  -1  -1  55  -1 
 46 241  -1  -1  -1  -1  -1  97  -1 274  -1  -1  -1 273 184 310  -1  -1  -1  -1  -1  -1 313  -1  -1 308 
 47  -1 272  -1  -1  -1  99  -1  -1  -1 312  -1  -1  -1  11  -1  -1   5  -1  10 285 153  -1  54 226  -1 
 48 309  -1  -1 187  -1  -1  -1 140 227  -1  -1  -1  -1  -1  -1  -1  -1  -1  -1  -1  -1  -1 137 182  -1 
 49  -1  -1  -1  21  -1  -1  -1  65  -1  -1  -1  -1  -1 228 197  -1 275  -1  -1  -1 314  -1  95  -1  -1 
 50  -1  96  -1 270  -1  -1  -1   9  -1  -1  -1  -1  52  -1  -1 311  -1  -1  -1  -1  -1  -1  -1  -1  -1 
 51  -1  50  -1  -1  -1  -1 181 271  51  -1  -1  -1  -1 269  -1  -1  -1  -1  -1  -1  -1  -1  -1  -1  -1 
 52 109 138   6  98  -1  -1  -1  -1  -1  -1  93 229  -1  -1  -1  -1 183  -1  -1 315  -1  -1   8  -1  -1 
 53  -1  -1 225  -1 316  -1  -1  -1 142  -1  -1  53  -1 143  -1  -1  94  -1  -1  -1  -1  -1  -1  -1  -1 

r\t   0   1   2   3   4   5   6   7   8   9  10  11  12  13  14  15  16  17  18  19  20  21  22  23  24 
  0  -1  -1 166  -1  -1  -1  14  -1  -1  -1  -1  80 128  28  -1  -1  -1  -1  -1  -1  -1 146 120 168  -1 
  1  -1  -1  -1 278  -1  -1  -1 123  -1  -1  -1  -1 205  70  -1  -1  79  -1  -1  -1  -1  -1  -1 300  -1 
  2  -1 115 194  57  -1  -1  -1 246 165  -1  -1 159  -1 210  -1  -1  -1  -1 192 192  -1  41 303  -1  -1 
  3  -1  -1 132  -1  -1  -1  39  -1  66  67  -1  -1  -1 298  -1  -1  -1  -1  84  -1  -1 160  27  33  -1 
  4  -1  -1  -1  -1  -1  -1 111  -1 155  -1  -1 302  -1 189  -1  -1 198  -1  -1  -1  -1  -1  -1  -1  -1 
  5  18  -1  -1  -1  -1  -1  -1  -1  -1  -1  -1  -1 104 104  -1  -1  -1 245  -1  -1  -1  -1  -1  -1 257 
  6  -1 144  -1  -1  -1  -1  -1 277  -1  -1  -1  -1  -1 173 126  -1 296  -1  15  -1  -1  -1  -1 133  -1 
  7  -1  -1  -1  44  -1  -1 292 305  -1  42  -1  -1 279  -1  -1  -1  -1  -1  35  -1  -1  -1  -1  12  -1 
  8  -1  -1  -1  -1  -1  -1 301  -1  -1  -1  -1  -1 158  -1  -1  -1  -1  -1  -1  -1  -1  -1  -1  -1  -1 
  9  -1  -1  -1 108  -1  -1 247  56 297  -1  -1 289  -1  -1  -1  -1  22  -1  -1  -1  85 293  -1 152  -1 
 10  -1  -1  -1 261   1  -1  86  -1  -1  -1  -1  -1  -1 219  -1  -1  -1  -1  -1  -1  -1 259  -1  -1  -1 
 11 265  -1  -1 114  -1 306  91  -1 106  -1  -1 262  -1  -1  -1  -1  -1  -1  72  -1  -1  -1  -1  -1  -1 
 12  -1 203 148 148  -1  -1 223  -1  -1  -1  -1  -1 145 167  -1  -1  -1  -1  -1  -1  -1 213  -1  -1  -1 
 13 220  -1  -1  -1  -1  -1  -1  -1  -1  -1  -1  -1  47  -1  -1  -1 254  34  -1  -1  -1  40  -1  -1  -1 
 14  -1 190 253  -1  -1  -1  -1  -1  -1  -1  -1 110 117  -1  -1  -1 243 280 280  -1  -1 287  -1  -1  -1 
 15  -1 102  16  16  -1  -1 116  -1 130  -1  -1  -1 240 249  -1  -1 282  -1  -1  -1  -1  82  -1  -1 238 
 16  -1 290 179 188  -1  -1  -1  13  -1  -1  -1  -1  -1 217  -1  -1  -1  -1 201  -1  -1 113  -1  -1  -1 
 17  -1  -1 215  -1  -1  -1  -1   0  -1  -1  -1  -1  -1  -1  -1  -1  29  -1  -1  -1  -1  73  -1  36  -1 
 18  -1  -1 263  89  -1  -1  32  -1  -1  -1  -1  -1 256 135  38  -1  64  87  -1  -1  -1  -1  -1  -1  -1 
 19  -1 284 170  -1  43  -1  -1  -1 248  -1  -1  -1  20 211  -1  -1 212 147 233  -1  -1  58 154  -1  -1 
 20  -1  -1  -1  -1  -1  -1 127  -1 286  -1  -1  -1  -1 171  -1  -1  -1   3 304  -1  -1  -1  -1  -1  -1 
 21  60  60  83 157  -1  -1  -1  25  -1  -1  -1 242  62  -1 221  -1  -1  -1 161  -1  -1  -1 191  -1  -1 
 22  -1  -1  -1 252  -1  -1 172 129  78  -1 174 150 307 218  -1  -1  -1  -1  -1  -1  -1 209  -1  -1  -1 
 23 169  71  76  77  -1  -1  -1 204  -1  -1 216  -1  -1  -1  -1  -1  -1 235  -1  -1  -1  -1  -1  -1  -1 
 24  -1  -1 236 236  -1  -1  -1 260  -1  -1  -1  -1  -1  -1  -1  -1  -1  -1  -1  -1  -1 196  -1  -1  -1 
 25  -1  -1  59  -1  -1  -1  -1 100  -1  -1  -1  -1  -1  45  -1  -1  -1 177  -1  -1  -1  -1  -1  -1  -1 
 26  -1  -1 276  26  -1  -1  -1 164  -1  -1  -1 199  -1 234  -1  -1  -1  23 122  -1  -1 103  -1  -1  -1 
 27  -1 232  -1  -1  -1  -1 175  88  -1  -1  -1  -1  69 124  -1  -1  -1  -1 299  -1 258  -1  -1 255  -1 
 28  81  -1 214  -1  -1  -1  -1 291 208  -1  -1  -1  -1  37  -1  -1  -1  -1 125  -1  -1 267  -1  -1  -1 
 29  -1  -1 101  -1 176  -1  -1 264 121  -1 131  -1  -1  -1  -1  -1  -1 202  -1  -1  -1  -1  -1  -1  -1 
 30  -1  30  -1  -1  -1  -1  -1  -1  24  -1  17  17  -1   4   4  -1  -1  -1   2   2  19  19  19  -1  -1 
 31  -1  -1  -1  -1  -1  -1  -1  -1  -1  -1  31  31  31  -1  -1  -1  -1  -1  -1  -1  -1  -1  -1  -1  -1 
 32  46  46  -1  -1  -1  -1  74  -1  -1  -1  -1  -1  -1  -1  -1  -1  68  63  63  63  48  48  61  61  -1 
 33  -1  -1  -1  -1  -1  -1  -1  -1  -1  -1  -1  -1  -1  -1  -1  -1  -1  -1  -1  -1  -1  -1  75  75  75 
 34  90  90 118  -1  -1  -1  -1  -1  -1  -1  -1 112  92  92  -1  -1  -1 105 105  -1  -1  -1 107 107 107 
 35  -1  -1  -1  -1  -1  -1  -1  -1  -1  -1  -1  -1  -1  -1  -1  -1  -1 119 119 119  -1  -1  -1  -1  -1 
 36  -1  -1  -1 134 134 151 151 151 162  -1  -1  -1  -1  -1  -1 149 149  -1 136 136  -1  -1 156  -1  -1 
 37  -1  -1  -1  -1  -1  -1  -1  -1  -1  -1  -1  -1  -1  -1  -1 163 163 163  -1  -1  -1  -1  -1  -1  -1 
 38  -1  -1 200  -1  -1  -1 206 195 195 195  -1  -1  -1 180 180  -1  -1  -1 178 178  -1  -1  -1 193 193 
 39  -1  -1  -1  -1  -1  -1  -1  -1  -1  -1  -1  -1  -1  -1  -1  -1  -1  -1  -1  -1  -1  -1 207 207 207 
 40  -1 250  -1 222 222  -1  -1 239 239 239  -1 244  -1  -1  -1  -1  -1  -1 224 224  -1  -1 237 237  -1 
 41  -1  -1  -1  -1  -1  -1  -1  -1  -1  -1  -1  -1  -1  -1  -1  -1  -1  -1  -1  -1 251 251 251  -1  -1 
 42  -1  -1  -1 294  -1  -1  -1  -1  -1  -1 281 281  -1 266 266  -1  -1 288 268 268  -1  -1 283 283 283 
 43  -1  -1  -1  -1  -1  -1  -1  -1  -1  -1 295 295 295  -1  -1  -1  -1  -1  -1  -1  -1  -1  -1  -1  -1 
 44  -1 227  -1  -1  -1 310 241  -1  -1  -1  -1  -1 229  -1  55  -1  -1  -1  -1  -1  95 187 313  -1  -1 
 45  -1  -1  51 184  -1  -1  -1  -1  21  -1  -1  -1  -1  -1  -1 308  -1  50  -1  -1  -1  94  -1  -1  -1 
 46  -1  -1  98  -1  -1  -1  -1 141  -1  -1 314  -1  -1 153  -1  -1  -1 270  -1  -1  -1 226  -1  -1  -1 
 47  -1 186 225  -1  54  -1  52  -1  -1 285  -1  -1  -1  -1  -1  -1  -1  -1  -1  -1  -1  -1  -1  -1  -1 
 48  -1  -1  -1  -1  -1  -1   5  -1  -1  -1  -1  65  -1 230  -1  -1  -1  -1  53  -1  -1  -1  -1  -1 312 
 49 138   6  -1  -1  -1  -1  -1  -1  -1  -1  -1  -1   9  -1  -1  -1  -1 228  -1  -1  -1  -1  -1  10  -1 
 50  -1 139  -1 275 271  -1  -1  49  -1  -1 197 311 181  -1  -1  -1  -1  -1  97  -1 273  -1  -1 231  -1 
 51 185  -1   8  -1  -1  -1  -1  -1  -1 316  -1  -1  -1  -1  93  -1 109  -1  -1  -1  -1 142  -1  -1  -1 
 52  -1  -1  -1  -1  -1  -1 182  -1  -1  -1  -1  -1  -1  -1  -1  -1 315  -1  -1  -1 143  -1  -1  -1  -1 
 53  -1 274 269   7  99  -1 272  -1 309  -1  -1  -1 137  -1 140  -1  -1  96  -1  -1 183  11  -1  -1  -1 

r\t   0   1   2   3   4   5   6   7   8   9  10  11  12  13  14  15  16  17  18  19  20  21  22  23  24 
  0  -1  -1 289  -1  -1  -1 152  -1  -1 214  -1 196  -1  -1 170  -1  -1  -1 120  -1  -1  -1  -1 122  -1 
  1  -1  -1 277  -1  -1  -1  -1  -1  -1  -1  -1 205  -1 155  -1  -1  -1 113  -1  -1  -1 199  87  -1  -1 
  2  -1  -1 123  27  -1  -1  -1  71  -1  -1  -1  -1 131  -1  -1  -1  -1  -1 267  -1 129  -1  -1  -1  -1 
  3  -1  -1 190 116  -1  -1  -1  -1 292  -1  -1  -1  -1  -1  -1  -1 110  -1  -1 176  -1  -1  -1  -1  -1 
  4  -1  -1  -1  -1  -1  -1 117  -1  -1  18  -1  -1  -1 258  -1  -1 164  -1  -1  -1  -1  -1  -1  -1  -1 
  5 219  41  -1  -1  -1  -1 306  -1  -1  -1  -1  -1  -1  -1  -1  -1  -1  -1  -1  -1  -1  -1  -1  -1  -1 
  6  -1 278  -1  -1  -1 221 100  -1  -1  -1  -1 108 291 238  -1  -1 254  -1  -1  -1  -1  -1  -1 189  -1 
  7  22 301 148 148  -1  -1 133 264  -1 198  -1 293 276  38  -1  -1  -1  -1  47  -1  -1  39  -1 171  -1 
  8  -1  -1 102  -1  -1  -1  -1  -1  -1  -1  -1  -1  32  -1 175  -1  15  -1  -1  -1  -1  -1  -1 161  -1 
  9 192 192  -1 103  -1  -1   1  -1 194  -1  -1  -1  -1  -1  -1  -1  -1  -1  -1 132  -1 169  -1  -1  -1 
 10  -1  59  -1  -1 257  -1 299 296  -1  84  -1  -1  73  -1  -1  -1  -1 204  -1  -1  -1 256  -1  -1  -1 
 11  -1 144  -1  -1  -1  -1  57  -1  -1  -1  86  -1  -1  -1  -1  -1  -1  -1  -1  -1  -1   0  -1  -1  -1 
 12  -1  36  -1 247  -1  -1  85  77 252  -1  -1  -1 174  -1  -1  -1  62  -1  -1  -1 236 236  -1  -1  -1 
 13  -1  -1  34  82  -1 303 240 124  -1  -1  -1 233 243  23  -1 128  -1 234 232  -1 265  -1  29 173  -1 
 14  -1 101  -1  56  -1  -1  -1  16  16  -1  -1  79  60  60  -1  -1  -1  -1 249  -1  -1  80 147  -1  -1 
 15  -1 166  -1 191  -1 106  -1  -1  72  -1  -1  -1 145  69  -1  -1  37  -1 217  -1  -1 300  -1  70  -1 
 16  -1  -1 157  -1  -1  -1  -1 255  -1  -1  -1  -1  -1  -1  -1  -1 307  -1 127  -1  45  -1 290  -1  -1 
 17  -1  -1 211 298  -1  -1  -1  -1 154  -1  -1  40 115  -1  -1  -1 202  -1  14  -1  -1  -1  -1  -1  -1 
 18  -1  -1  43  -1  -1 215  -1  89 160  -1 150  -1 304 297  -1  -1 172 104 104  -1  -1 179  -1  -1  -1 
 19  -1  33  64  -1  -1  -1  -1 188  -1  -1  -1  -1  -1  -1  -1  -1  -1  -1  -1  -1  -1  -1  -1  12  -1 
 20  -1  -1  -1  83  -1  -1  -1 280 280  -1  -1  25  -1 286  -1  -1  -1  -1  -1  -1  -1  -1  -1 135  -1 
 21  -1  -1  -1  -1  -1  91 168  -1  42  -1  -1 158  -1  -1  -1  -1 242  -1  -1  -1  -1  -1  -1  -1  -1 
 22  -1 121  -1 208  -1 262  -1 235  -1  -1  -1  -1  -1  -1  -1  -1 126  20  -1  -1  -1  -1  -1  -1  -1 
 23  -1 246  -1  -1  -1  -1  -1 146  -1  -1  -1 253  -1 114  -1  -1  -1  -1  -1  -1  -1  -1  -1  -1  -1 
 24  -1  -1  -1  -1  -1  -1  -1  26  -1 287  -1  88 167  -1  -1  -1  -1 165  78  -1  -1  -1  -1  35  -1 
 25  -1  -1  -1  -1 220  -1 203 263 305  -1  -1  -1   3  -1  -1  -1  -1 279 260 125  -1  -1  -1 212  -1 
 26  -1  -1 210  76  -1  -1  -1  -1 111  -1  67  -1  -1  -1  -1  -1  -1 213  -1  -1  -1 130  66 261  -1 
 27 282  -1  -1  -1  -1  -1 218  -1  81  -1  -1 284  44 245  -1  -1  -1 248 216  -1 177  -1 201  58  -1 
 28  -1  -1  -1  -1  -1  -1  -1  -1  -1  -1  -1  -1  -1  -1  -1  -1  -1 259  -1  -1  -1 209  -1  -1  -1 
 29  -1  -1  -1  -1  -1  -1  -1  -1  -1  -1  -1  13 223 159  -1  -1  -1 302  28  -1  -1  -1  -1  -1  -1 
 30  -1  -1  17  17  -1  -1  -1  -1  30  -1  -1  -1  -1  24  -1  -1  -1  -1   4   4  19  19  19   2   2 
 31  -1  -1  -1  -1  -1  -1  -1  -1  -1  -1  -1  -1  -1  -1  -1  31  31  31  -1  -1  -1  -1  -1  -1  -1 
 32  -1  -1  -1  48  48  46  46  63  63  63  -1  -1  -1  -1  -1  -1  74  61  61  -1  -1  -1  68  -1  -1 
 33  75  75  75  -1  -1  -1  -1  -1  -1  -1  -1  -1  -1  -1  -1  -1  -1  -1  -1  -1  -1  -1  -1  -1  -1 
 34  -1  -1  92  92  -1  -1  -1  -1 112  -1  -1 118 107 107 107  -1  -1  90  90  -1  -1  -1 105 105  -1 
 35  -1  -1  -1  -1  -1  -1  -1  -1  -1  -1  -1  -1  -1  -1  -1  -1  -1  -1  -1  -1  -1  -1 119 119 119 
 36  -1 136 136 134 134  -1  -1 156  -1  -1  -1  -1  -1  -1  -1 151 151 151 162  -1 149 149  -1  -1  -1 
 37  -1  -1  -1  -1  -1  -1  -1  -1  -1  -1  -1  -1  -1  -1  -1  -1  -1  -1  -1  -1 163 163 163  -1  -1 
 38  -1  -1  -1 178 178 180 180 206 200  -1  -1  -1 193 193  -1  -1 195 195 195  -1  -1  -1  -1  -1  -1 
 39  -1  -1  -1  -1  -1  -1  -1  -1  -1  -1  -1  -1 207 207 207  -1  -1  -1  -1  -1  -1  -1  -1  -1  -1 
 40 239 239 239  -1  -1  -1 244  -1  -1  -1  -1  -1 250  -1  -1  -1  -1  -1 222 222 224 224 237 237  -1 
 41  -1  -1  -1  -1  -1  -1  -1  -1  -1  -1  -1  -1  -1  -1  -1  -1  -1  -1  -1  -1  -1  -1 251 251 251 
 42  -1 288  -1 268 268 266 266  -1  -1  -1  -1  -1  -1  -1  -1 281 281  -1 294  -1  -1  -1 283 283 283 
 43  -1  -1  -1  -1  -1  -1  -1  -1  -1  -1  -1  -1  -1  -1  -1 295 295 295  -1  -1  -1  -1  -1  -1  -1 
 44  -1 271 185 226  11  -1  -1 228  -1  -1  -1  -1  -1  -1  -1  -1  -1  -1  -1  -1  -1 137  -1  -1  -1 
 45  -1 187  -1  -1  -1  -1  -1  -1  -1  -1  -1  -1  98  -1  -1  -1  -1  51  -1 275  -1  -1  -1 231  -1 
 46  -1  -1  53  -1  -1  -1  95  54  -1  -1  -1 225 273  -1  -1  -1 308  -1  -1  -1  93  -1  -1  52 138 
 47  -1  -1  -1  -1  -1  -1  -1  10  -1  -1  -1   6  -1  -1  -1  -1  -1  -1  -1  -1  -1  65  -1 153  -1 
 48  -1  94 230   8  -1  -1  -1  -1  -1  -1 109 140  -1  -1  -1  -1  -1  -1  -1  -1  -1  96  -1 183  -1 
 49  -1  -1   5  -1  -1   9  -1  -1  -1 309  -1 269  -1  -1 316  -1  -1 272  -1  -1  -1 270  -1  -1  -1 
 50 310   7  -1  -1  -1  -1  -1  -1 241  -1 312 184  -1  -1  -1  -1  -1  -1 285  55  -1  -1 315  -1  50 
 51  -1  -1  -1  -1  97  -1 229 181  -1  -1  -1  -1  -1  -1  -1 311  -1 182  -1  -1  -1  -1  -1  -1  -1 
 52  -1  -1  -1  -1  -1  -1  -1 139  -1  -1  -1  49 141  -1  -1  -1  -1 227 142  -1  -1  -1  -1  -1 186 
 53  -1  -1 274  -1  -1 143  -1  -1 314  -1  -1  -1  21 313  -1  -1  -1  -1  -1  99  -1  -1 197  -1  -1 

r\t   0   1   2   3   4   5   6   7   8   9  10  11  12  13  14  15  16  17  18  19  20  21  22  23  24 
  0  -1  -1  -1  -1  -1  -1 293  -1 223  -1  -1  -1  -1 265  -1  -1  36  -1 157  -1  -1 246  -1  56  -1 
  1  -1  -1  -1  76  -1  -1 175  -1  39  -1  60  60  -1  79  -1  -1  -1  -1  -1  -1  83 160 122  -1  -1 
  2  -1  -1  -1  -1  -1  -1  -1  -1  -1  -1  -1 100  66  -1  -1  -1  33  -1 150  -1  -1 277  -1  -1  -1 
  3  -1 217  -1  35  -1  -1  32  40  -1  -1  -1  -1  -1  -1  -1  -1 113 135  -1  -1  -1  59  -1  -1  -1 
  4  -1 144 173  -1  -1  -1  -1 176 242 215  -1  -1  -1  -1  -1  -1  -1  -1  -1  -1 106  -1 298  28  -1 
  5  -1  29 117 124  -1  -1  -1  -1  -1  -1  22  -1 287 158  -1  -1  -1  27  -1  -1  -1  -1  -1  -1  -1 
  6  -1  -1  -1  -1  -1  -1  -1  -1  -1  -1  -1  -1 164  -1  -1  -1  -1  -1 255  -1  -1  -1  -1  -1  -1 
  7  -1 301  -1  -1 220  -1  -1 152  -1  -1  -1  -1  -1 208  -1  -1   0 154  -1  82  -1 221  64  -1  -1 
  8  -1  12  -1  -1  -1  -1  -1  -1  -1  -1  -1 128  -1  -1  -1  -1  -1  -1 120  -1  -1 126  -1  -1  -1 
  9  -1  62 102 131  -1  -1  -1 291  20  -1  -1 123 194  -1  -1  -1  -1 278  -1  -1  -1  -1  -1  -1  -1 
 10  -1  -1 216 254  -1  -1  -1  -1  70  -1  -1  -1  -1  -1  -1  -1  -1  -1  -1  -1  -1  -1  78  -1  -1 
 11  -1  -1  -1  -1  -1  -1  -1  69  -1  -1  -1  -1  23 261  -1  -1 234 252  -1  -1  -1  -1  -1  -1  -1 
 12  -1  -1  16  16  -1  -1  80  -1  -1  -1  -1  -1  -1  44  -1  -1 267  -1  -1  -1  -1 111  -1  -1  -1 
 13  -1 191  -1  -1  -1 238  -1  -1  -1  -1  -1 159  -1 240  -1  -1 296  -1  85  67  -1  -1  -1  -1  -1 
 14  -1  -1 188  -1  -1  -1  14  -1  25  -1  -1  -1 210 127 169  -1  -1  -1  -1  -1  -1  -1  -1 209 302 
 15  -1  -1  -1  -1  -1  -1 202 166  -1  -1  -1 189  -1  -1 286  -1  -1  -1 304  -1  -1  -1  86 247  38 
 16  -1  -1  -1  -1  -1  -1  -1 115  -1  -1  -1  -1  -1 290  -1  -1 132 258  43  -1  -1 179  -1  -1  -1 
 17  -1  -1  -1  -1  -1  -1 133 104 104  -1  -1 276  -1 256  -1  -1  -1  -1  18  -1  -1 289  -1  -1  -1 
 18  -1  -1  -1  -1  -1  -1 253 129  -1  -1  -1  72  -1  -1  -1  -1  -1 233  -1  -1  -1 212  -1  -1  -1 
 19  -1  -1  -1  89  -1  -1  57 125  45  -1 171  -1  -1   1  -1 177  -1  41 243  -1  42  -1 165  -1  -1 
 20  -1  -1  34  -1  -1  -1  -1 192 192  -1  -1  -1  -1  -1  -1  -1  -1 264  -1  -1 213 199  -1  -1  -1 
 21  -1  -1 236 236  -1  -1 214  -1 204  -1  -1  -1  -1  -1  -1  -1  -1  -1  73  -1  -1  -1  -1  -1  -1 
 22  87 108  71 303  -1  -1 168  -1  -1  -1  -1  -1 218  -1  -1  -1  -1  -1  -1 155  -1 146 306 145  -1 
 23  -1  -1 249 203  -1  -1  -1 232  -1  -1  -1 211  -1 116  -1  -1 172  -1  -1  -1  -1  -1  -1   3  -1 
 24  -1 245  -1  84  -1  -1  -1  -1 257  -1  -1  26  -1  -1  -1  -1 196 305  -1  -1  -1  -1  -1 280 280 
 25  -1  -1  -1  -1  -1  -1  -1 307  -1  -1  -1  -1  -1  88 259  -1 103 167  -1  81  -1  -1  37  -1  -1 
 26  -1  47  -1 190  -1  -1  -1  13 297  -1  -1  15 121 219  -1  -1 205 292  -1  -1  -1  -1 174  -1  -1 
 27  -1  77  -1  -1  -1  -1  -1  -1 148 148  -1 235  -1  -1  -1  -1  -1  -1  -1  -1  -1  91  -1  -1  -1 
 28  -1 161 147  -1  -1  -1  -1  58  -1  -1  -1  -1 110 284  -1 262 282 263  -1  -1  -1  -1 248  -1  -1 
 29  -1  -1  -1 279  -1  -1 198 260 114  -1  -1 300  -1 101  -1  -1  -1  -1 299  -1  -1  -1 201 130 170 
 30  -1  -1  -1   4   4  -1  -1  30   2   2  -1  -1  24  -1  -1  19  19  19  -1  -1  17  17  -1  -1  -1 
 31  -1  -1  -1  -1  -1  -1  -1  -1  -1  -1  -1  -1  -1  -1  -1  -1  -1  -1  -1  -1  31  31  31  -1  -1 
 32  -1  -1  63  63  63  -1  48  48  -1  -1  -1  -1  -1  68  -1  -1  -1  61  61  -1  -1  74  46  46  -1 
 33  -1  -1  -1  -1  -1  -1  -1  -1  -1  -1  -1  -1  -1  -1  -1  75  75  75  -1  -1  -1  -1  -1  -1  -1 
 34  -1 112  -1  -1  -1  -1 118  -1  90  90  -1  -1  -1  -1  -1  92  92 107 107 107  -1  -1  -1 105 105 
 35  -1  -1  -1  -1  -1  -1  -1  -1  -1  -1  -1  -1  -1  -1  -1  -1  -1  -1  -1  -1  -1  -1 119 119 119 
 36  -1  -1  -1 149 149  -1  -1  -1 136 136  -1  -1 151 151 151  -1 156  -1  -1  -1  -1 134 134 162  -1 
 37  -1  -1 163 163 163  -1  -1  -1  -1  -1  -1  -1  -1  -1  -1  -1  -1  -1  -1  -1  -1  -1  -1  -1  -1 
 38  -1 206 200 180 180  -1  -1  -1 178 178  -1  -1  -1  -1  -1  -1  -1  -1 193 193  -1  -1 195 195 195 
 39  -1  -1  -1  -1  -1  -1  -1  -1  -1  -1  -1  -1  -1  -1  -1  -1  -1 207 207 207  -1  -1  -1  -1  -1 
 40 237 237 222 222  -1  -1  -1 244 250  -1  -1  -1  -1  -1  -1 224 224  -1  -1  -1  -1  -1 239 239 239 
 41  -1  -1  -1  -1  -1  -1  -1  -1  -1  -1 251 251 251  -1  -1  -1  -1  -1  -1  -1  -1  -1  -1  -1  -1 
 42 281 281  -1 294  -1 283 283 283 266 266  -1  -1  -1  -1  -1  -1  -1  -1  -1  -1  -1 288 268 268  -1 
 43 295 295 295  -1  -1  -1  -1  -1  -1  -1  -1  -1  -1  -1  -1  -1  -1  -1  -1  -1  -1  -1  -1  -1  -1 
 44 311  -1  51  -1  97  -1  95  -1  -1  -1  -1  96 313  -1 316  -1 186  49  -1  -1  -1  -1  -1  -1  -1 
 45  -1  -1  -1  -1  -1  -1  -1 274  -1  -1  -1 184  -1  -1  -1  -1  -1  -1  -1 310  -1  -1  -1 143  -1 
 46 109 142  -1 137  -1  -1  -1 230  -1  -1  -1 231  -1 187  -1 275  -1 181  -1  -1  -1  -1  -1  -1  -1 
 47  -1  99  -1  -1  -1  -1  -1 138  -1  -1  -1  -1  -1  -1  -1  -1  -1   7  -1  -1  -1 273  -1  98  -1 
 48  -1  -1   9  -1  -1  65   6  -1  -1  55 312  50  -1 139 241  -1  -1  -1 309  -1 308  54  -1  -1  -1 
 49  -1  -1 185  -1  -1  -1  -1  93  -1  -1  -1 141  -1  -1  -1 140  53  -1  -1  -1  -1  -1  -1  21  -1 
 50  -1   5  -1 272  -1  -1  -1  -1  -1  -1  -1 270  -1  -1 197  -1  -1  -1  -1  -1  -1  -1  -1  -1  -1 
 51  -1 227  -1  52  -1  -1  -1  -1  -1  -1  -1  -1  -1 226  -1  -1  -1  -1  -1  -1  -1  10  -1 182  -1 
 52  -1  -1  94  -1  -1 315  -1  11  -1  -1  -1  -1  -1  -1  -1  -1  -1  -1  -1  -1 153  -1  -1  -1 314 
 53  -1 183 269  -1 271  -1 225  -1  -1 229  -1   8  -1  -1  -1  -1  -1 228 285  -1  -1  -1  -1  -1  -1 

r\t   0   1   2   3   4   5   6   7   8   9  10  11  12  13  14  15  16  17  18  19  20  21  22  23  24 
  0 305  -1 123  70  -1  -1  -1 148 148  -1 129 291  -1 126  -1  -1  -1  -1 245 125  -1 120  -1  -1 282 
  1  -1  -1 296  -1  -1  -1  -1 158  -1  -1  -1  59 114  -1  -1  -1  -1 263  -1  -1  -1 242  -1  -1  -1 
  2  -1 116  -1 194  -1  -1  37  -1  -1  -1  -1 287  -1  -1  -1  -1  -1  -1  -1  -1  -1 127  -1  -1  -1 
  3  -1  -1 267  -1  -1 304  -1  -1  78  -1  85  -1  -1 243  -1  -1  -1  26  -1  -1  -1  -1  16  16  -1 
  4  -1  -1  -1  -1  -1  -1 262  -1  57  -1  -1  -1  -1 189  -1  -1 303 164  -1  -1  -1  -1  -1  42  -1 
  5  -1  -1  -1 179  -1  -1 249  -1  -1  -1  -1 150  -1 204  -1  -1  -1  -1 279  -1  -1  -1  -1  -1  -1 
  6  -1  -1  15  -1  -1 307  -1  -1  -1  -1  -1  -1  -1  -1  -1  -1  34  -1   3  -1 238  -1  -1 221  -1 
  7  -1 299  -1  -1  -1  -1  -1 300  -1  -1  -1  -1  -1  88  -1  -1  -1  76  -1  -1 174  79  -1  -1  -1 
  8  -1  32  80 132  -1  -1  -1  86  -1  -1  -1  -1  -1  -1  38 280 280  -1  -1  -1  -1  -1 247  -1  -1 
  9  -1 211  -1  -1  -1 198  -1  -1  -1  -1  -1  -1  -1 104 104  -1 159 111  -1  -1  -1  -1  -1 265  -1 
 10  -1  -1  -1 165  -1  -1 101  -1  -1  -1  -1  -1  -1  -1  -1  -1 117  -1  -1  -1  -1 209  -1  35  -1 
 11  -1 217  -1  -1 302  -1  -1  47  -1  -1  -1 202 167  -1  -1  -1  -1  -1  -1  -1  -1  -1  -1  -1   1 
 12  -1 169  -1  -1  -1  -1  12  -1  -1  -1  -1  -1 177  -1  66  -1 144  -1  -1  -1  -1 219  -1 113  -1 
 13  -1  -1  -1  25  -1  -1  58  -1  -1  -1 301  -1  -1 145  -1  -1  64  -1  -1  -1  -1  -1 201  -1  81 
 14  -1 102 188 306 260  -1  33  -1  -1  -1  -1 258  43  -1  -1  -1 253 191  -1  -1  -1  -1  -1 212  -1 
 15  -1  -1  -1 208  -1 214  41  -1  -1  -1  -1  -1  -1  56  -1  -1  83  40  -1  -1  -1  -1  -1  -1  -1 
 16  -1  62  -1 108  -1 286  -1  -1 234  -1  -1  -1  -1 255  -1  -1 298  -1  -1  -1  -1  -1  29  -1  -1 
 17  -1 254  -1 236 236  -1  36  27  -1  39  -1  -1  -1  -1  -1  -1  -1  44  -1  -1  -1  82  -1  -1  -1 
 18  -1 259  -1  -1  -1  -1  -1 278 130  -1  -1 199  -1 297  -1  -1 205 124  -1  -1  -1 290  -1  -1 176 
 19  -1  -1 246  -1  -1  -1  -1  -1  -1  -1  -1  -1  -1  -1  -1  -1  -1  -1  18  -1  -1  -1  60  60  -1 
 20  -1  -1  -1 284  -1  -1 277  -1  -1  -1  -1  28  -1  -1 171  -1  -1  14  -1  -1 128  23  -1  -1  -1 
 21  22  -1  -1  89  -1  -1  -1  -1  -1 218  -1  -1  -1 157  -1  -1 232  -1  -1 106  -1  -1  -1 240  -1 
 22 261  -1 210  -1  -1  -1 133 213 293  -1  -1 110  -1 264  -1  -1  -1  -1  -1  -1  -1  -1  -1  -1  -1 
 23  -1  -1  45  -1  -1 155  -1  77 252  -1  -1  -1 154  -1  -1  -1 172 248 289  -1  -1  -1 175  -1  -1 
 24  -1  -1 160 257  -1  -1   0  -1  -1  -1  -1  -1 292 223  -1  -1 100 215  72  -1  -1  -1 147 161 220 
 25  -1  20  -1  -1  -1  -1 168 235  -1  87  -1  -1 135  -1  -1  -1  13  -1  -1  -1  -1  -1  73 146  -1 
 26  -1  -1 216  -1  -1  -1  -1  -1 203  -1  -1  -1  -1 173  -1  -1  -1  -1 166  -1  -1  -1  -1  84  -1 
 27  67  -1  -1  -1  -1  -1 233 192 192  -1  -1  -1  -1  -1  -1  -1 190 131  -1  -1  -1 152  -1  69  -1 
 28  -1  -1  -1  -1  -1  -1 121 256  -1  -1  -1  -1  -1  -1  -1  -1  -1  -1  -1  -1  -1  -1  -1  -1  -1 
 29  -1 276  91  -1  -1  -1  71 122  -1  -1  -1 170  -1 115  -1  -1  -1  -1 196  -1  -1  -1  -1 103  -1 
 30  -1  -1  24  -1  -1  -1  -1  19  19  19  -1  -1  17  17  -1   4   4  -1  30  -1  -1  -1   2   2  -1 
 31  -1  -1  -1  -1  -1  -1  -1  -1  -1  -1  -1  -1  31  31  31  -1  -1  -1  -1  -1  -1  -1  -1  -1  -1 
 32  -1  68  -1  -1  -1  -1  -1  -1  46  46  -1  -1  -1  74  -1  -1  -1  63  63  63  61  61  48  48  -1 
 33  -1  -1  -1  -1  -1  -1  -1  -1  -1  -1  75  75  75  -1  -1  -1  -1  -1  -1  -1  -1  -1  -1  -1  -1 
 34  -1  -1  -1  -1  -1  -1  -1 105 105  -1  -1 118  -1  -1  -1  92  92  -1 112  -1 107 107 107  90  90 
 35  -1  -1  -1  -1  -1  -1  -1 119 119 119  -1  -1  -1  -1  -1  -1  -1  -1  -1  -1  -1  -1  -1  -1  -1 
 36  -1 162 151 151 151  -1  -1 136 136  -1  -1 156  -1  -1  -1 134 134 149 149  -1  -1  -1  -1  -1  -1 
 37  -1  -1  -1  -1  -1  -1  -1  -1  -1  -1  -1  -1  -1  -1  -1  -1  -1  -1  -1  -1 163 163 163  -1  -1 
 38 193 193  -1  -1  -1  -1 206 200 180 180  -1  -1  -1  -1  -1 178 178  -1  -1  -1 195 195 195  -1  -1 
 39  -1  -1  -1  -1  -1  -1  -1  -1  -1  -1  -1  -1  -1  -1  -1  -1  -1 207 207 207  -1  -1  -1  -1  -1 
 40 237 237  -1 250  -1  -1  -1  -1 222 222  -1  -1  -1  -1  -1 224 224 239 239 239  -1 244  -1  -1  -1 
 41  -1  -1  -1  -1  -1  -1  -1  -1  -1  -1 251 251 251  -1  -1  -1  -1  -1  -1  -1  -1  -1  -1  -1  -1 
 42  -1  -1  -1 288  -1  -1  -1  -1 266 266  -1  -1 283 283 283 268 268  -1  -1  -1 281 281 294  -1  -1 
 43  -1  -1  -1  -1  -1  -1  -1  -1  -1  -1  -1  -1  -1  -1  -1  -1  -1 295 295 295  -1  -1  -1  -1  -1 
 44  -1  10 226 272  -1  -1  -1  -1  -1  -1  -1  -1  -1  -1 310  -1  -1 139  -1  -1  -1  -1  -1  -1  -1 
 45  -1 228 285  -1  -1  -1 271  -1  96  -1  -1  -1  98  50  -1  -1  -1  -1 138  -1 314  -1 229  -1  -1 
 46  -1  -1   6  -1  -1  -1  -1 185  -1  -1  -1  -1 275  -1  -1  -1  -1  -1  -1 315  -1  -1  93  -1  -1 
 47  -1 269 109  -1  -1 312 187  -1  -1  -1  -1  -1  -1  -1  -1  -1  -1  -1 270 153  -1  -1  -1  -1 143 
 48  -1  99  -1  -1  -1  -1  51  -1  -1  -1  -1 309  -1  -1  -1  -1  -1  -1  -1  -1  -1 313  -1  -1  -1 
 49  -1  -1  -1   8  -1  -1  -1 227  -1 140  -1  21  49 141  -1  -1  -1  -1 231  -1  -1  -1  -1  -1  -1 
 50  -1 142 184  -1  -1  -1  -1  95  -1  -1  -1  -1  -1 182 241  -1  -1   9  -1  -1  -1  -1  -1  -1  54 
 51 308  -1  -1 230  -1  -1  97 274  -1  -1 316  -1  -1  -1 197  -1  -1  -1  -1  -1  -1  -1  -1  -1  -1 
 52  -1  -1  -1  -1  -1  -1  -1  11  -1  -1  -1  -1  -1   5  -1  -1  -1  -1  -1  -1  -1  -1 183 137  -1 
 53  -1 186  -1  52 311  -1 225  65  -1  -1  -1  -1   7  -1  -1  55  53  -1  94  -1  -1  -1 273 181  -1 

r\t   0   1   2   3   4   5   6   7   8   9  10  11  12  13  14  15  16  17  18  19  20  21  22  23  24 
  0  -1 135  -1  -1  -1  -1  -1 252 111  -1  -1  -1  -1 247  -1  -1  -1  -1 218  -1  -1 293  -1  32  -1 
  1 173  -1   3  -1  -1 169  -1  -1  -1  -1  -1  -1  -1  41  -1  -1 203  -1  -1  -1  -1  -1  -1  -1  -1 
  2 265  -1  -1  -1  -1  -1 208  -1  -1  -1  -1  -1  -1 233 220  -1  -1  -1  -1  -1  -1  -1  -1  -1  -1 
  3  -1  -1 279  -1  -1  -1 145  36  -1  -1 307 114  -1  28  -1  -1 254  -1  -1 128  -1  -1  -1 113  -1 
  4  -1  -1  -1  -1  -1  -1  -1 264  -1  -1  -1  -1 147  -1  -1  -1  -1  -1  -1  -1  -1   0  -1  -1  -1 
  5  -1  -1 240  -1  -1  -1 298  -1  23  -1  -1  -1  -1 115  -1  -1  -1 127  -1  -1  -1  44  82  -1  -1 
  6   1  43  -1 242  -1  -1  -1  77  -1  -1  -1  -1  -1  -1  -1  -1  -1  -1 129  -1  -1  -1  -1 154  -1 
  7  -1 243  -1  -1  -1  -1  -1 167 238  -1  -1  -1  -1 130  -1  -1 108 280 280  -1  -1  -1  -1  -1  -1 
  8  -1  -1  -1 164  -1  -1 100  56 210  -1  -1  64  -1 190  39  -1 191 144  29  -1  -1  -1  -1 291  -1 
  9  -1  -1  -1  78  -1  -1  -1 260  -1  67 150  -1 209  -1  -1  -1  -1  -1  -1 287  -1 152  -1  -1  -1 
 10  45 223  60  60  -1  -1  -1  -1 117  -1  -1  -1  -1 216  -1 177  -1  -1  -1 198  -1 255  -1  -1  -1 
 11  -1  -1 221  -1  -1  -1 166  -1  -1  -1  -1  -1  -1  -1  -1  -1  -1  -1  -1  -1  -1  -1  -1  -1  -1 
 12  -1  -1 122  -1  -1  -1 189  -1  -1  -1  -1  89 104 104 262  -1  -1  -1  -1  -1 125 205  -1  86  -1 
 13  -1  -1  -1  -1  -1  -1  33 106  -1  -1  -1  -1  -1 201  -1  -1 304  -1  -1  -1  -1 196  -1  40  -1 
 14  -1  -1  -1  -1  -1  16  16 289  62  -1  -1  80 194  69  -1  -1  -1 123 121  38 258  -1 297  -1  -1 
 15  -1  47  -1  22  -1  -1 253  -1 157  85  -1  -1  -1  -1  -1  -1  81 102  -1  -1  -1  -1 132  -1  -1 
 16  -1  66  -1  -1  -1  -1 131 179  -1 301  -1 235  -1  -1 170  -1  73  -1 101  -1  -1  72  -1 158  83 
 17  -1  -1  -1  -1  -1  -1  -1 278 282  -1  -1  -1  -1 277  -1  -1  35  -1 160  -1  -1 103  -1  -1  -1 
 18  -1  -1 246  -1  -1  -1  -1  -1  -1 172 110 146 124  -1  -1  -1  13 296 292  -1  -1  -1  -1  -1 213 
 19  -1 155  -1  -1  -1 176  84  -1 215  -1  -1 161  -1  -1  -1  -1 168 192 192  -1  -1  -1  -1  79  -1 
 20  -1  -1  -1  26  -1  -1 267 211  -1  -1  -1 188  -1  -1  -1  -1 299  -1  -1  -1  -1 133  25  -1  -1 
 21  -1 202  -1 284  -1  -1  -1  91  -1  -1  -1  -1  -1  -1  -1 236 236 257  -1  -1  -1  -1  -1  -1  -1 
 22  -1  15  -1  -1  -1  -1  -1  -1  34  -1  -1 248  -1 214  -1 305  -1  -1  37  18  -1  -1  -1  -1  -1 
 23  -1  -1  -1  -1  -1  -1  -1 199  -1  -1  -1  -1  -1  88 217  -1 116  -1  -1  -1  -1 120  57  -1  -1 
 24  -1  -1  -1  -1  -1  -1  87  -1  -1  -1  -1  -1  -1  -1  -1  -1 126  -1 232  -1 259 174 159  -1  -1 
 25  -1 219  -1 204  42  -1  -1 306  71  -1  -1  -1  -1 290  -1  -1  -1  -1 245  -1  -1  58  -1  -1  -1 
 26  -1 249  -1  -1  -1  -1 302  -1  -1  -1  -1  -1 286  -1  -1  -1  -1  -1  -1  -1  -1  -1  -1  -1  -1 
 27  -1  -1  -1 256  -1  -1 171  -1  -1  -1  -1  -1  -1  -1  -1  -1  -1  -1 175  -1  -1  -1  -1  -1  -1 
 28  -1 276  -1  -1  -1  -1  76  27  -1  -1  -1 212  20  -1  -1  -1  -1 263  14  -1  -1 234  -1  -1  -1 
 29  -1 300 165  -1  -1  -1  -1 148 148  -1  -1 261  70  -1  -1  -1  59  -1  -1  -1  -1  12  -1  -1 303 
 30  -1  -1  30  -1  -1  -1  -1  -1  -1  -1  17  17  -1   2   2  -1  -1   4   4  -1  -1  24  19  19  19 
 31  -1  -1  -1  -1  -1  -1  -1  -1  -1  -1  31  31  31  -1  -1  -1  -1  -1  -1  -1  -1  -1  -1  -1  -1 
 32  -1  74  -1  -1  -1  46  46  -1  -1  -1  -1  -1  63  63  63  48  48  61  61  -1  -1  -1  -1  68  -1 
 33  -1  -1  -1  -1  -1  -1  -1  -1  -1  -1  -1  -1  -1  -1  -1  -1  -1  75  75  75  -1  -1  -1  -1  -1 
 34  -1  -1 105 105  -1  -1 112 118  -1  -1  -1  -1  -1  -1  -1  92  92  -1  -1  -1  90  90 107 107 107 
 35  -1  -1 119 119 119  -1  -1  -1  -1  -1  -1  -1  -1  -1  -1  -1  -1  -1  -1  -1  -1  -1  -1  -1  -1 
 36  -1 162 151 151 151 134 134  -1  -1  -1  -1  -1  -1  -1  -1 136 136 156 149 149  -1  -1  -1  -1  -1 
 37  -1  -1  -1  -1  -1  -1  -1  -1  -1  -1  -1  -1 163 163 163  -1  -1  -1  -1  -1  -1  -1  -1  -1  -1 
 38 178 178 195 195 195  -1  -1  -1  -1  -1  -1  -1  -1 180 180  -1  -1 206 200  -1  -1  -1 193 193  -1 
 39  -1  -1  -1  -1  -1  -1  -1  -1  -1  -1  -1  -1  -1  -1  -1  -1  -1  -1  -1  -1  -1  -1 207 207 207 
 40  -1  -1  -1  -1  -1 239 239 239 250  -1  -1  -1 244  -1  -1 224 224  -1  -1  -1 222 222 237 237  -1 
 41  -1  -1  -1  -1  -1  -1  -1  -1  -1  -1  -1  -1  -1  -1  -1  -1  -1  -1  -1  -1  -1  -1 251 251 251 
 42  -1  -1  -1  -1  -1  -1  -1  -1 288  -1 281 281 294  -1  -1  -1  -1 268 268  -1 266 266 283 283 283 
 43  -1  -1 295 295 295  -1  -1  -1  -1  -1  -1  -1  -1  -1  -1  -1  -1  -1  -1  -1  -1  -1  -1  -1  -1 
 44 225  -1  -1  -1  -1   7  -1  11  -1  -1  -1  -1  -1 141  -1   9  -1  51 228  -1  -1  -1  -1  -1  -1 
 45  -1  -1  -1  -1  -1  -1  -1  -1  -1  -1  -1 139  -1  -1  -1  -1   5 138  -1  -1  55  -1  50  -1  -1 
 46  -1  -1  21  -1  -1 275  95  -1  -1  -1  -1  -1  -1  -1  -1  -1  -1  94  -1  -1  -1  -1  -1  -1  -1 
 47  -1   6  -1 312  -1  -1  -1 137  -1  -1  -1 227  -1  53  -1  -1  -1  -1  97  -1 143  -1  -1  -1  -1 
 48  -1  -1  -1  -1  -1  -1 186 226 314  -1  -1  -1  -1  -1  -1  -1  -1  -1  -1  -1  -1  -1  -1  65  -1 
 49  93  96  -1  -1  -1  -1  -1  -1  -1  -1  -1  52 313  -1  -1 271 274  -1  -1 311  -1  -1  -1  -1  -1 
 50  -1  -1  -1  -1  -1  -1  -1  -1 197 309  -1 181  -1 272  99  -1  -1 229  -1 109  -1 184  -1 315 308 
 51  -1  -1  -1  -1  -1  98 285  -1  -1  -1  -1 273  -1  -1 269  -1 185  -1 182  -1  -1  -1  -1  -1  -1 
 52 140  -1  49  -1 316  -1   8  -1  -1  -1  -1  -1 241 231  -1  -1  -1  -1  -1  -1  10  -1  -1  -1 153 
 53  -1 270  -1  -1  -1  -1 230  54  -1  -1 310  -1  -1  -1  -1  -1  -1 187 142  -1 183  -1  -1  -1  -1 

r\t   0   1   2   3   4   5   6   7   8   9  10  11  12  13  14  15  16  17  18  19  20  21  22  23  24 
  0  -1 212  -1  -1  -1  -1  -1 192 192  -1 213  35  29  -1  -1  -1  -1  -1  -1  -1  -1  -1  -1 203  -1 
  1  -1 284  -1  14  39  -1  -1  -1  -1  -1  -1  57 246 135  -1  -1  70  -1  -1  -1  -1  -1  -1  -1  -1 
  2  -1  32  -1 280 280  -1  66  -1  -1  -1  -1  -1  -1  -1  -1  -1  -1  -1  -1  -1  -1  -1  -1  -1  -1 
  3  -1 144  -1  -1  -1  -1 261  -1  -1  -1  -1 100  -1  -1  -1  -1  -1  -1  -1  -1  -1  -1  -1  -1  -1 
  4  -1 165 260  -1  -1 219 130  34  69  -1  -1  -1  -1  -1 263  -1 279  86 145  -1  -1 190  -1 160  -1 
  5  -1 243 299  -1 218  -1 173  -1 256  -1  -1  -1  -1  -1  -1  -1  -1 202 249  -1  -1  -1 236 236  -1 
  6  -1  -1  -1 172 110  -1  -1 240  -1  -1  -1  -1  -1 293  -1  -1  -1  -1  26  -1  -1  -1 154  -1  -1 
  7 171  -1  -1 259  -1  -1  -1 300  -1  38  -1 168 298  -1  -1  -1 113  -1  -1  -1  -1  20  -1  -1  -1 
  8  -1 305  -1 189  -1  -1 297  82  27  -1  -1 205 161  -1  -1  -1  -1  -1  -1  -1  -1  47  -1 152  -1 
  9  -1 296 232 292  -1 131  -1 125  41  -1  -1  -1  -1 262  -1  -1  -1  -1  -1  -1  -1  -1  -1 108  -1 
 10  -1  -1 122  -1  -1  -1 198  -1  -1  -1  -1  -1  -1  77  -1  -1  -1  -1  -1  -1 265 116  -1  -1  -1 
 11  -1  59 148 148  -1  -1 170 216  -1  -1  67  -1  -1  -1  -1  -1  -1  -1  -1  -1  -1 221 199 126  -1 
 12  -1  -1  -1  78  -1  -1  40  -1  -1  -1  -1  -1  76 278 257  -1 146  -1  -1  -1  -1  -1  -1  -1  -1 
 13  -1 303  -1  89  -1  -1 211 264  -1  -1  -1  -1  -1 307  -1  -1  -1  -1  -1  -1  -1  -1  80  -1  -1 
 14 238  -1  -1  -1  -1  -1  -1  -1 258  -1  -1 248  -1  71  -1  -1  -1 245  -1  -1 177  -1  -1 194  -1 
 15  -1  -1  -1  -1  -1  -1  -1  -1 234  -1  -1  -1  -1 111  -1 127  64  -1   1  -1  -1  -1 306  -1  -1 
 16  -1  -1 209  -1  -1  -1  36  58  -1  -1  -1  -1  83 155  -1  -1 254  88  -1  -1  -1  -1  -1  -1  -1 
 17  -1 253  60  60  -1  -1  -1  -1  -1  -1  -1  -1  -1 191  -1  -1  -1  -1  -1  -1 242  -1 158  -1  -1 
 18  -1  -1  -1  -1  -1 304 235 115  -1  -1  -1  -1  -1  84  -1  -1  85   3 302  -1  -1  -1  62  72  -1 
 19  -1  13  -1 159  -1  -1 147  -1 124  -1  -1  12 120 247  -1  -1  15  -1  -1  -1  -1 276  -1 290  -1 
 20  -1  -1 164  -1  -1  -1  -1  16  16  -1  -1  -1  -1  -1  -1  -1  -1  -1  -1  42  -1  -1  -1  -1  -1 
 21  -1 103  -1 201  -1  -1  18 210  -1  -1  -1  -1  -1 220 175  43  -1  -1 233  22  -1  -1  -1  -1  -1 
 22  -1  -1  -1  -1  -1  -1  -1  -1  -1  -1  -1  -1  -1 166  -1  -1  44  -1  -1  -1  45  -1  -1  28  -1 
 23  -1  -1  -1  -1  -1  -1  33  -1  56  -1  -1 188 196  91  -1  -1  -1  -1 132  -1  -1  -1  -1 286  -1 
 24 287 223  -1  -1  -1  -1  -1  -1  -1  -1  -1 277  -1  -1  -1  -1  87  -1  -1  -1  -1  -1  -1 174  -1 
 25  -1  -1  -1 252  -1  -1  73  79 208  -1  -1  -1 106 289  -1 104 104  -1  -1  -1  -1  -1  -1  -1  -1 
 26  -1  -1 255  -1  -1  -1 215  -1  -1  -1  -1  -1  -1  -1  -1  -1 204  23 114  -1  -1 133 121 179  -1 
 27  -1  -1  -1  25  -1  -1  -1 214  37  -1  -1  -1  -1  -1  -1  -1  -1 167  -1  -1  -1  -1  -1 267  -1 
 28  -1  -1  -1  -1 301  -1  -1  81 291  -1 129  -1 217   0  -1 128  -1  -1  -1  -1  -1  -1 102  -1 176 
 29  -1  -1  -1  -1  -1 169  -1  -1  -1  -1  -1  -1 282  -1  -1  -1 157 117  -1  -1 150 101  -1 123  -1 
 30  -1  -1  24   4   4  -1  -1   2   2  -1  -1  -1  19  19  19  -1  -1  30  -1  -1  -1  -1  17  17  -1 
 31  -1  -1  -1  -1  -1  -1  -1  -1  -1  -1  -1  -1  -1  -1  -1  -1  -1  -1  -1  -1  31  31  31  -1  -1 
 32  -1  -1  74  46  46  -1  -1  48  48  -1  -1  -1  63  63  63  -1  -1  61  61  -1  -1  68  -1  -1  -1 
 33  -1  -1  -1  -1  -1  -1  -1  -1  -1  -1  -1  -1  -1  -1  -1  -1  -1  75  75  75  -1  -1  -1  -1  -1 
 34  -1  -1  -1  -1  -1  -1 112 105 105  -1  -1 118  -1  -1  -1  90  90 107 107 107  92  92  -1  -1  -1 
 35 119 119 119  -1  -1  -1  -1  -1  -1  -1  -1  -1  -1  -1  -1  -1  -1  -1  -1  -1  -1  -1  -1  -1  -1 
 36  -1 162  -1 134 134  -1  -1 149 149  -1 151 151 151  -1  -1  -1  -1  -1 156  -1  -1  -1  -1 136 136 
 37  -1  -1  -1  -1  -1  -1 163 163 163  -1  -1  -1  -1  -1  -1  -1  -1  -1  -1  -1  -1  -1  -1  -1  -1 
 38 193 193  -1 178 178  -1  -1  -1  -1  -1  -1  -1  -1  -1  -1 180 180 195 195 195  -1 206 200  -1  -1 
 39  -1  -1  -1  -1  -1  -1  -1  -1  -1  -1  -1  -1 207 207 207  -1  -1  -1  -1  -1  -1  -1  -1  -1  -1 
 40  -1  -1  -1 222 222  -1  -1  -1  -1  -1  -1  -1 239 239 239 237 237 224 224  -1  -1  -1 244 250  -1 
 41  -1  -1  -1  -1  -1 251 251 251  -1  -1  -1  -1  -1  -1  -1  -1  -1  -1  -1  -1  -1  -1  -1  -1  -1 
 42  -1 266 266 268 268  -1 283 283 283  -1  -1  -1  -1  -1  -1  -1 294 281 281  -1  -1 288  -1  -1  -1 
 43  -1  -1  -1  -1  -1  -1  -1  -1  -1  -1  -1  -1  -1  -1  -1  -1  -1 295 295 295  -1  -1  -1  -1  -1 
 44  -1 185  49  -1  -1 311  -1  -1  -1  -1  -1 230  -1 274  -1  55  -1  -1  -1  -1  -1  -1 285  94  -1 
 45 312  -1 225  -1  -1  -1  -1  -1 226  -1  -1  98  -1 181  -1 228 231  -1  -1  -1  -1  -1  -1  -1  97 
 46  -1 143 197  -1  -1  -1  -1  -1  -1 314  -1   7  -1  -1  -1  -1  -1 153  -1  -1  -1  -1 313  -1  -1 
 47  -1  51 139  -1  -1  -1  -1  -1 273  -1 310 272  -1  -1  -1 269   6  -1 183  -1  -1 186  -1  -1  54 
 48  -1  -1  -1  -1  -1  -1  -1  -1 187  -1  -1  -1  -1  -1  -1 138  -1  -1  -1 315  -1  -1  -1  -1 229 
 49  -1  96  -1  -1  -1  -1  -1 184  -1  -1  -1 182  -1  -1  -1  -1  -1  -1  -1  -1  -1  -1  -1  50 271 
 50  -1  -1  95  -1  -1  -1  -1  -1  -1  -1  -1  52 309  -1  -1  -1  -1  -1  -1  -1  -1 275  -1 227  -1 
 51  -1  -1  -1  -1  -1  -1 109 142  93  -1  -1  -1  -1  -1  -1  -1  -1  -1  -1 241  -1  65  -1  -1  11 
 52  -1  -1  -1  -1  -1  -1 308  99 137  -1  -1  -1  -1  -1 316  -1 141  -1  -1  -1  -1  -1  -1  -1  -1 
 53  -1   5  21  -1  -1  -1  -1  -1  -1  -1  -1 140  -1  -1  -1   9 270  53  -1  -1  -1  10  -1   8  -1 

r\t   0   1   2   3   4   5   6   7   8   9  10  11  12  13  14  15  16  17  18  19  20  21  22  23  24 
  0  67  -1  -1  -1  -1  -1  -1 176  -1  -1  -1  -1 307  -1  -1 198  77  -1  -1  -1 265  -1  -1  -1 172 
  1  -1  41  89  -1  -1  -1  -1  -1  -1  -1  -1  -1  -1  -1  -1  -1  -1 220  -1  -1  -1 103  -1  -1  -1 
  2  -1  -1  -1  -1  -1  -1  -1  -1  -1  91  39  -1  -1 296  -1  -1 201  -1  -1  -1  -1  -1 233  -1  -1 
  3  -1  -1  -1  -1  -1  -1 205  -1 167  -1  -1  -1  -1  -1  -1  -1  -1  72  -1  -1  16  16  47 235  -1 
  4  -1 232  -1 104 104  -1   0  -1  -1  -1  -1 101  -1  -1  -1  -1  -1 129  71 263  -1 164  -1  29  -1 
  5  -1  -1  -1  -1 218  -1  -1  -1  -1  -1  42  -1 234  -1  -1  -1  33  -1  -1  -1  -1  -1  -1  -1  -1 
  6  18 133 291  -1  -1  -1  -1  -1  -1  -1 303 242  -1  -1  -1  -1  -1  -1  -1  -1  -1  -1  -1  -1  -1 
  7  -1  -1  -1  -1  -1 150  -1  -1 132  -1  -1  -1 267 126  -1 148 148  -1  -1  37  -1  -1  -1 280 280 
  8  -1 209  -1 259  -1  -1  -1  -1 248  -1  -1  73 286  -1  -1  -1  -1  -1  -1  -1  -1 113  -1  -1  -1 
  9  -1  -1  -1  -1  -1  -1  -1 246  -1  -1  -1 171 100  -1 174  -1  -1 177  -1  -1  -1  -1 208  -1  -1 
 10  -1  -1 154 257  -1  -1 190  80  -1  -1  -1 188 253  -1  -1  -1  -1  -1  -1  -1  -1 189  35 120  -1 
 11  -1  -1  -1  -1  -1  -1  -1 117  88  -1  -1 299  -1  -1  -1  -1 277  -1  -1  -1  -1 290 300 166  -1 
 12  -1 264 158 116  -1  -1  -1 210  70  -1  -1 262  -1 125  -1  -1  -1  -1 306  -1  -1 144  -1  -1  -1 
 13  -1 123  -1 297  -1 216  -1  -1  -1  -1  -1  -1  -1  -1  -1  -1  -1  -1  -1  -1  -1 284 121  23  -1 
 14  -1  -1  -1  45  -1  -1  -1  59 124  -1  -1  -1  26  -1  -1  -1 122 278 249  -1  -1  -1  -1  -1   1 
 15  -1  -1 240 152  -1  22  28 145  -1  -1  -1  -1  81  -1  -1  -1  -1 252  -1  -1  -1 221  -1  -1  -1 
 16  -1  -1  -1 214 155  -1  -1 157  -1  -1  -1 276 191  -1  -1  83  -1 108  -1  -1  -1  -1  -1  -1  -1 
 17  -1 293  -1 168  -1  -1  -1  -1 211 305  -1  34  -1  -1  -1  -1 173 302  -1  -1  -1  -1 159  -1  -1 
 18  -1  -1  -1  -1  -1  -1  -1 236 236  -1  -1 261 114  -1  -1  -1  -1  -1  -1  -1  -1  -1  -1  79  -1 
 19  -1  -1  -1  -1  -1  -1  15  -1 260  -1  -1  40  -1  -1  -1  -1  36  -1 199  -1  -1  -1  -1  -1  -1 
 20  -1 102  14  -1  -1  -1  -1  -1  -1  -1  -1  -1  -1 130 219  -1  -1  -1  -1  -1  -1  -1 147  -1  43 
 21  -1  56 131  -1  -1  -1  -1 192 192  -1  -1  -1  86 160  -1  -1  -1 127  -1  -1  -1  -1  -1 204  -1 
 22  -1 255  -1  -1  -1  -1  84  -1  20  -1  -1  -1  -1 243  -1  -1  12  -1  -1  -1  -1  -1  -1  -1  -1 
 23  -1  -1  -1  -1  66  -1 170 289 217  -1  -1  -1 292  82  -1  -1  -1  -1 202  -1  -1  -1  -1  -1  -1 
 24  -1  -1  32  -1  -1 175 247  -1  -1 213  -1  -1  -1  -1  -1  -1  -1  -1  -1  -1  -1  -1  -1   3  -1 
 25  -1  -1  -1  -1  -1  -1  -1  -1  -1  -1  -1  -1 165  -1  -1  -1  -1  -1  -1  -1  85  -1  -1 254  -1 
 26  -1 179  -1  38  -1  -1 128 279  -1  -1  -1  -1  87 194  -1  -1  -1 298  -1  -1  -1  58  -1 146  -1 
 27  -1  -1 135  25  -1  -1  76  -1  60  60  -1 223  -1 110 169  -1 161  -1 111  -1  -1  -1  69  -1  -1 
 28  -1  -1  78  13 304  -1  -1  -1  -1  -1  -1 115  -1  -1  -1  -1 256  27  62 106  -1 215 245  44  -1 
 29 238 301  -1  -1  -1  -1  -1 258  -1  -1  -1  64 203 287  -1  -1  -1 196 282  -1  -1 212  -1  57  -1 
 30  -1  24   4   4  -1  -1  -1  -1  -1  -1  17  17  -1  30  -1  -1  -1  19  19  19   2   2  -1  -1  -1 
 31  -1  -1  -1  -1  -1  -1  -1  31  31  31  -1  -1  -1  -1  -1  -1  -1  -1  -1  -1  -1  -1  -1  -1  -1 
 32  -1  74  -1  -1  -1  -1  -1  -1  48  48  -1  -1  61  61  -1  63  63  63  -1  -1  46  46  -1  68  -1 
 33  -1  -1  -1  -1  -1  -1  -1  -1  -1  -1  -1  -1  75  75  75  -1  -1  -1  -1  -1  -1  -1  -1  -1  -1 
 34  -1  -1  -1  -1  -1  -1 112 105 105  -1  -1  90  90 118  -1  -1  -1  -1  -1  -1  92  92 107 107 107 
 35  -1  -1  -1  -1  -1  -1  -1  -1  -1  -1  -1  -1  -1  -1  -1 119 119 119  -1  -1  -1  -1  -1  -1  -1 
 36  -1  -1  -1  -1  -1  -1 156  -1  -1  -1  -1 162 151 151 151  -1  -1 149 149  -1 136 136  -1 134 134 
 37  -1  -1  -1  -1  -1  -1  -1  -1  -1  -1  -1  -1  -1  -1  -1  -1  -1 163 163 163  -1  -1  -1  -1  -1 
 38  -1  -1 193 193  -1  -1  -1  -1 178 178  -1 206  -1 200  -1  -1  -1  -1  -1  -1 180 180 195 195 195 
 39  -1  -1 207 207 207  -1  -1  -1  -1  -1  -1  -1  -1  -1  -1  -1  -1  -1  -1  -1  -1  -1  -1  -1  -1 
 40  -1  -1  -1  -1  -1 237 237  -1 222 222  -1 250  -1 244  -1  -1  -1 239 239 239  -1  -1 224 224  -1 
 41  -1  -1 251 251 251  -1  -1  -1  -1  -1  -1  -1  -1  -1  -1  -1  -1  -1  -1  -1  -1  -1  -1  -1  -1 
 42 283 283 283  -1  -1 281 281  -1 266 266  -1  -1  -1  -1  -1  -1 294  -1 288  -1  -1  -1 268 268  -1 
 43  -1  -1  -1  -1  -1 295 295 295  -1  -1  -1  -1  -1  -1  -1  -1  -1  -1  -1  -1  -1  -1  -1  -1  -1 
 44  -1  93  -1  -1  -1  -1  -1 225  -1  -1  -1  -1  -1  -1 316  -1 142  -1 308  -1  -1  -1  -1  -1  -1 
 45 314  -1  55  -1  -1  -1  -1  -1  -1  -1  -1   6 183  21  -1  -1  -1 273  -1  -1  -1  -1  11  -1 241 
 46  -1  53  -1  95  -1 315  -1 141  -1  -1 312  -1  -1  -1  -1  -1  52  -1  -1 309 228  -1  -1  94  -1 
 47  -1 197 184 186 311  -1 153  -1  -1  -1  -1  -1   8  -1  -1  -1  98  96  -1  -1  -1  -1  65  -1  54 
 48  -1  -1 226  -1  -1  -1 229  97  -1  -1  -1 269  -1  -1  -1  -1  -1  -1  -1  -1  -1 274  -1  -1  -1 
 49  -1   9  -1  -1  -1  -1 185  -1  -1  -1 285  -1  -1 313  -1 310  -1  -1  -1  -1  -1  -1  -1  -1  -1 
 50  -1  -1  -1  -1  -1  -1  99  10  -1 138  -1 181  -1  -1  -1  -1 182  -1  -1  -1  -1  -1 143 187  -1 
 51  -1 230  -1 272  -1  -1  -1  -1  -1  -1  -1  51  -1  -1  -1  -1 227  -1  -1  -1  -1  -1  -1  -1  -1 
 52  -1  -1 275  -1  -1  -1  49  -1  -1  -1  -1 139 231  -1  -1  -1 270  -1  -1  -1  -1  -1  -1  -1 271 
 53  -1  -1  -1 137  -1 109  -1  50  -1  -1  -1  -1 140  -1  -1  -1   5   7  -1  -1  -1  -1  -1  -1  -1 

r\t   0   1   2   3   4   5   6   7   8   9  10  11  12  13  14  15  16  17  18  19  20  21  22  23  24 
  0  -1  -1  -1 159 216  -1  -1  44  -1  -1  -1  79  -1  12  84  -1  -1 121  -1  -1  -1 189  -1  -1  -1 
  1  -1  -1  -1  -1  -1  -1  -1  57 126  -1  -1  -1 202  -1  -1  -1  -1 284  -1  -1  -1  -1  -1  -1 221 
  2  -1 261  -1  -1  -1 238 232  -1  -1  -1  -1  -1  -1 157  -1  -1  -1 168  -1  -1  -1  64  18  -1  -1 
  3  66 293  -1  -1  -1  -1 256 301 203  -1  -1 277  -1  -1  -1  -1  -1  38  -1 305  -1  -1  -1  -1  -1 
  4 217  -1 130  -1  -1  -1 213  39  -1  -1  -1  59  -1  -1  -1  -1  85  -1  -1  -1  -1  -1 289  -1   1 
  5  -1  -1  -1  -1  -1  -1  -1  -1  -1  -1  -1  -1  -1 255  -1  -1  -1  -1  -1  -1 104 104  -1  -1 175 
  6  -1  -1 249  -1  -1  -1  86  -1  -1  -1 220 190 290  91  -1  -1  -1  -1  -1  -1  -1 247 164  -1  -1 
  7  -1  -1 297  -1  -1  -1  -1 267  -1  -1  -1 124  -1  77  -1  -1  -1  15 150  -1  -1  -1  -1  -1  -1 
  8  -1  13  34  70  -1  -1  -1  -1 299  -1  81  -1 115  -1  -1  -1  -1  -1  -1 218  -1  73  -1  -1  -1 
  9  -1  -1 154  32  -1  -1 292  -1  -1  67  -1  -1  -1  40  -1  -1  47 108  -1  -1  -1  -1  -1 199  -1 
 10  -1 254  -1  -1 131  -1 173  -1 304  -1  -1  -1  -1  -1  -1  -1  62 145  -1  -1  -1  -1   3  -1  -1 
 11  -1  -1  -1  -1  -1  -1  -1 208  -1  -1  -1  -1 223 201  -1  -1 123  -1  -1 262  -1  -1  -1 165  -1 
 12  -1 205  -1 211  -1  -1 161  -1  -1  -1  -1 176 243  71  -1  -1 160  -1 110  22  -1  88  -1  -1  -1 
 13  -1 158  -1 174  -1  -1  -1  -1  -1  -1  -1  29  60  60  -1  -1  -1  -1  -1  -1  -1  -1  82 263  -1 
 14  -1 127  80 188  -1  -1  -1 296  -1  -1 306  -1  -1  43 259  -1  -1  -1  -1 169  -1  -1  -1  42  -1 
 15  -1  56  -1  -1  -1  -1  -1  -1 117  -1  89  -1  35  -1 171  -1  -1  -1  -1  -1  -1  -1 280 280  -1 
 16  -1  -1 135 236 236 170  -1  -1  26  -1  -1  -1  72  -1  -1  -1 147  -1  -1  -1  -1 303  -1  36  -1 
 17  -1 122 194 146  -1 258  -1  -1  -1  -1  -1  -1 101 234  -1 172  -1  -1 276  -1  16  16 235  -1  -1 
 18  -1  -1  -1  -1  -1  -1   0  -1  -1  -1  -1  -1  -1 155  -1  -1  -1  -1  -1  -1  -1 204 212  -1  -1 
 19 215  -1  -1 291  -1  -1  -1  -1  -1  -1  -1  -1  -1  -1  -1  -1  -1 191  -1  -1  -1 279  -1  -1  -1 
 20  -1  -1  20  -1  -1  -1  -1  -1  -1  -1 177 252 265  -1  -1  -1  69  -1  -1 106  -1  -1  27  -1  -1 
 21  -1  -1  -1  -1  -1  -1  -1  25  78  -1  -1  -1  -1 260  -1  -1  -1 132  -1  -1 128  -1  -1  -1  -1 
 22  -1  -1  -1  -1  -1  -1  -1  -1  -1  -1  -1 102  -1  -1 242  -1  -1 245 214 287  -1  -1 196 302  -1 
 23  -1  -1  -1 125  -1  -1  -1 257  -1  -1  -1  -1  37 114  -1  -1 179  -1  -1  -1  -1  -1  -1 246 219 
 24  -1 133  -1  14  -1  -1 103  -1 240  -1  -1 167  -1  83  -1  -1  -1  -1  -1 307  -1  -1  -1 120  -1 
 25  -1  -1  -1  -1  -1  -1  -1  -1 282  87  -1 300  -1  -1  -1  -1  -1  -1  -1  -1  -1 233  -1  -1  -1 
 26  -1  -1  -1  -1  -1  -1  -1  -1  -1  -1  -1  -1 166 278 286  -1 209  -1  28  -1  -1  -1  -1  33  -1 
 27  -1 152  -1 248  -1  -1  -1  -1 111  -1 148 148  -1  -1  -1  -1  -1  -1 253  -1  -1  -1  -1 298  -1 
 28  -1  -1  -1 210  -1  -1  -1  -1  -1  -1  -1  -1  -1  -1  -1  -1  -1  76 116  41  -1 113 264  -1  -1 
 29 198  -1  45  58  -1  -1 144 100  -1  -1  -1  -1 192 192  -1  -1  -1 129  -1  -1  -1  -1  -1  23  -1 
 30  -1  24  -1   4   4  -1  30  19  19  19  17  17   2   2  -1  -1  -1  -1  -1  -1  -1  -1  -1  -1  -1 
 31  -1  -1  -1  -1  -1  -1  -1  -1  -1  -1  -1  -1  -1  -1  -1  31  31  31  -1  -1  -1  -1  -1  -1  -1 
 32  -1  68  -1  48  48  -1  74  -1  -1  -1  -1  -1  -1  -1  -1  -1  -1  63  63  63  46  46  61  61  -1 
 33  -1  -1  -1  -1  -1  -1  -1  -1  -1  -1  -1  -1  -1  -1  -1  -1  -1  -1  -1  -1  -1  -1  75  75  75 
 34 105 105  -1  90  90  -1 118 112  -1  -1  -1  -1  -1  -1  -1  -1  92  92  -1  -1  -1  -1 107 107 107 
 35 119 119 119  -1  -1  -1  -1  -1  -1  -1  -1  -1  -1  -1  -1  -1  -1  -1  -1  -1  -1  -1  -1  -1  -1 
 36  -1  -1  -1 134 134  -1  -1 149 149  -1 136 136  -1  -1  -1  -1  -1  -1 156  -1  -1 162 151 151 151 
 37  -1  -1  -1  -1  -1  -1  -1 163 163 163  -1  -1  -1  -1  -1  -1  -1  -1  -1  -1  -1  -1  -1  -1  -1 
 38  -1  -1  -1 178 178  -1 206 195 195 195  -1  -1  -1  -1  -1  -1  -1  -1 193 193 180 180  -1 200  -1 
 39  -1  -1  -1  -1  -1  -1  -1  -1  -1  -1  -1  -1  -1  -1  -1  -1  -1 207 207 207  -1  -1  -1  -1  -1 
 40 237 237 222 222  -1  -1  -1  -1  -1  -1  -1  -1 244  -1  -1  -1 250 239 239 239 224 224  -1  -1  -1 
 41  -1  -1  -1  -1  -1  -1  -1 251 251 251  -1  -1  -1  -1  -1  -1  -1  -1  -1  -1  -1  -1  -1  -1  -1 
 42 283 283 283 266 266 281 281  -1  -1  -1 268 268  -1  -1  -1  -1  -1  -1 294  -1  -1  -1 288  -1  -1 
 43  -1  -1  -1  -1  -1  -1  -1  -1  -1  -1  -1  -1  -1  -1  -1 295 295 295  -1  -1  -1  -1  -1  -1  -1 
 44  -1 181  -1  -1  -1  -1 272  -1  -1  -1  -1  -1 186  -1  -1  -1  -1  -1  -1 308  97  -1  -1  -1  -1 
 45  -1  94  -1  -1 229  -1 140  -1  -1  -1  -1  54  -1 274  -1  -1 197  -1  -1  -1  -1  -1  93  -1 185 
 46  -1 227  -1  -1  -1  -1 230  -1  -1  -1  -1  -1 142 184  -1  -1 226  -1  -1  -1  -1  -1 183  -1  -1 
 47  -1  -1  -1  -1  -1  -1  -1  -1  65  -1  55 231  -1 225  -1  -1  -1  -1  -1  -1 138  -1 228  -1  -1 
 48  -1  -1  -1  -1  -1 153  -1  98  -1  -1  -1  -1  -1  -1  -1 314  -1 187  21  -1  -1 137  -1  -1  -1 
 49  -1  -1  -1  -1  -1 316 182  -1  -1  -1  -1  -1  99  -1  -1  -1  10  -1 313  -1  -1 270  -1 315  -1 
 50 311  -1  -1  -1  -1  -1  96 141  -1 310  -1  -1  -1  -1  -1  -1  -1 269  -1  -1  -1  -1 139  -1 271 
 51  -1  -1   8  -1  -1  -1  -1  -1 309  -1  -1  95  51 109 312  -1 143  -1  -1  -1   9  -1  53 241  -1 
 52  -1   5  -1  -1  -1  -1  49  -1  -1  -1  11   6  -1  -1  -1  -1  -1  -1  -1  -1  -1   7  -1  -1  -1 
 53  -1  50  -1  -1  -1  -1  -1 285  -1  -1  -1  -1  -1  52  -1  -1 273  -1  -1  -1 275  -1  -1  -1  -1 

