317
8 14
18 5
20 30
17 26
3 30
2 52
6 50
9 46
1 48
19 51
16 52
5 53
16 10
2 23
8 10
6 1
3 7
12 30
15 20
22 30
1 6
17 53
11 22
7 14
1 30
3 13
18 18
22 23
6 28
11 20
16 30
12 31
2 14
21 22
7 17
8 26
23 27
9 10
1 25
8 19
21 21
8 3
6 15
17 19
17 10
19 15
3 32
16 23
8 32
18 45
6 49
13 52
1 45
21 45
2 46
20 52
13 6
8 8
17 9
1 12
2 25
22 32
12 4
5 32
21 17
16 50
15 3
11 2
12 32
1 26
21 27
8 29
7 6
13 7
16 32
22 33
2 17
13 23
17 28
11 5
6 20
20 25
14 13
0 21
0 20
5 14
5 24
6 13
13 9
4 10
8 34
22 13
20 34
6 53
19 45
3 49
18 53
1 50
2 49
5 44
21 23
18 10
1 21
16 11
2 2
5 34
7 20
12 34
17 18
11 53
22 10
23 21
23 34
8 28
2 27
1 22
13 12
21 6
22 34
15 35
6 3
12 25
16 7
11 19
3 21
6 19
17 6
23 24
5 18
24 3
9 0
6 23
3 18
16 4
17 36
1 13
8 36
6 51
4 50
2 50
19 49
21 53
13 51
20 47
8 7
13 14
21 16
23 25
17 1
2 36
11 28
5 36
22 5
1 46
12 11
15 23
1 36
3 12
16 17
7 13
13 2
6 27
11 36
22 37
8 24
11 8
17 23
2 19
21 14
1 7
1 29
24 16
13 22
10 2
11 7
21 18
8 0
3 10
5 38
21 8
17 38
16 48
13 53
19 50
22 49
9 48
20 46
4 45
8 5
13 15
16 22
22 25
18 17
23 38
11 10
0 38
6 7
21 44
7 24
12 21
16 38
2 1
1 10
18 3
12 6
7 4
11 38
22 39
13 27
21 1
6 8
6 9
3 29
9 23
5 6
22 0
8 15
18 22
18 4
4 20
5 22
2 12
3 40
21 7
8 40
1 49
13 45
6 47
17 50
20 48
18 49
16 49
13 19
1 11
11 17
3 6
5 17
22 40
7 19
17 40
2 7
15 48
12 1
21 0
6 40
13 1
2 10
1 27
3 19
8 21
16 40
22 41
17 13
18 29
12 9
21 11
7 26
18 0
23 19
23 7
5 19
5 8
18 8
19 2
3 4
17 17
20 42
8 11
5 42
18 47
13 47
19 46
1 44
22 48
9 51
16 46
6 2
21 26
22 6
18 19
15 25
13 42
8 20
2 42
12 18
7 52
23 29
11 9
8 42
13 0
17 12
6 16
21 4
1 23
18 42
12 43
22 9
7 27
11 1
23 12
2 15
10 4
8 23
7 1
24 20
3 20
2 26
14 11
12 53
0 47
24 50
11 50
14 45
23 49
15 52
7 51
10 47

