1 3260 1772.280000 14082 1649 726 407 3000 6000 2300
2 21736 1744.860000 10688 1599 715 474 3000 3000 1900
3 5469 1721.953000 18396 1618 737 441 8000 6000 1600
4 43658 1699.906000 13931 1652 743 436 4000 5500 1600
5 14070 1743.265000 13930 1560 632 438 5000 4500 1800
6 51602 1703.907000 15986 1561 805 420 5000 6500 1700
7 5920 1821.531000 12344 1659 747 438 3000 5000 1500
8 2305 1745.532000 10758 1594 613 451 2000 5000 1100
9 9145 1718.156000 13286 1569 676 441 3000 5500 2100
10 4367 1629.719000 16577 1622 839 416 7000 5000 1700
