317
1 13
8 26
5 30
22 19
23 30
13 46
17 44
12 49
18 50
0 47
16 44
11 49
1 2
23 1
11 27
6 25
17 9
12 30
21 3
2 30
16 19
22 48
9 19
7 26
17 30
16 27
8 9
3 4
23 2
11 13
7 30
12 31
18 13
2 14
22 28
21 28
1 9
0 10
21 19
10 14
23 0
24 13
9 15
22 13
13 29
2 3
23 32
8 25
0 32
21 49
11 44
18 46
17 50
6 52
22 53
12 53
1 5
11 2
23 17
6 13
17 7
20 32
8 21
12 32
2 27
3 52
16 6
9 14
3 32
23 3
2 23
17 22
12 23
8 27
16 32
5 33
11 28
13 19
18 28
21 0
1 15
24 9
24 6
7 25
13 6
12 28
24 27
22 2
0 15
23 22
17 34
11 1
5 34
8 51
21 44
22 50
1 50
13 45
12 52
16 48
16 29
6 9
8 7
1 4
17 6
12 34
24 22
2 34
23 8
7 45
20 14
11 20
8 34
2 4
22 11
21 22
17 11
6 0
7 34
12 35
3 28
18 10
12 26
16 5
23 11
15 23
8 10
6 16
16 0
13 25
19 5
3 9
16 26
1 0
12 36
21 25
23 36
18 53
22 45
6 48
0 51
8 53
17 53
11 48
18 0
13 11
6 4
17 0
22 9
15 36
14 8
2 36
8 18
5 48
21 6
10 18
22 36
21 20
1 10
18 1
12 25
6 11
11 36
7 37
17 18
11 8
16 8
23 26
2 7
16 17
24 15
16 15
11 6
7 28
3 6
19 10
5 8
24 3
17 38
2 17
0 38
13 50
11 53
21 48
23 51
16 49
22 51
6 49
21 29
1 19
17 5
13 8
18 16
22 38
2 16
7 38
11 15
3 51
15 22
10 7
2 38
6 23
21 2
22 18
7 12
11 16
3 38
12 39
17 19
1 8
18 15
18 17
8 23
4 6
13 16
13 12
17 10
16 9
5 7
17 15
11 21
2 12
12 40
24 4
17 40
5 44
23 44
16 50
0 46
1 46
22 52
6 47
18 22
12 12
1 22
13 22
15 2
23 40
14 23
6 40
21 10
9 53
4 12
3 23
3 40
6 3
11 4
1 27
7 17
12 13
16 40
20 41
17 17
8 14
13 9
23 24
18 19
11 18
18 25
7 22
10 26
18 20
20 19
23 29
13 17
17 27
0 42
8 24
23 42
16 46
11 45
18 45
6 51
12 47
21 52
5 51
6 18
23 16
21 1
1 28
15 16
2 42
7 7
10 42
17 14
8 45
22 3
19 21
18 42
2 1
17 13
12 22
21 14
6 12
13 42
2 43
22 23
11 17
1 17
23 6
7 20
8 28
4 28
8 8
11 3
10 6
16 23
22 27
19 44
14 45
10 47
15 52
20 48
7 53
4 44
3 48
9 52

