317
18 15
12 15
0 30
22 29
13 30
8 44
23 52
17 47
6 45
11 51
21 46
3 51
6 12
23 10
21 14
7 1
17 7
10 30
19 3
2 30
13 0
22 48
5 26
16 18
17 30
18 24
21 15
3 9
6 14
11 12
22 30
7 31
16 13
1 15
23 26
13 18
3 5
23 15
6 24
16 10
16 6
19 25
22 13
16 15
21 5
3 20
17 32
2 26
13 32
1 52
12 45
23 46
6 51
8 49
0 46
22 51
18 6
6 11
1 29
17 23
22 21
10 32
16 7
7 32
12 24
2 46
4 26
20 28
1 32
2 17
18 0
7 9
8 17
13 10
23 32
10 33
17 22
7 6
21 12
1 3
16 1
11 22
22 12
8 27
17 14
14 4
4 20
5 29
23 4
11 27
8 34
2 11
13 34
6 46
1 44
3 53
17 45
21 48
12 52
0 48
6 16
12 17
13 16
21 7
15 12
0 34
2 20
22 34
11 28
20 50
5 8
7 16
12 34
22 14
8 13
6 4
1 28
13 24
7 34
17 35
23 11
3 26
16 9
2 7
11 29
1 5
9 1
21 11
1 26
21 26
5 6
19 4
0 26
1 11
13 36
23 9
17 36
22 53
21 50
11 49
12 46
2 53
8 53
9 47
11 4
18 28
2 6
7 21
12 25
8 36
19 10
20 36
1 24
3 52
16 0
23 19
3 36
18 13
12 8
13 5
2 10
8 5
23 36
5 37
22 19
22 16
17 21
11 14
1 9
24 27
11 24
22 8
15 19
10 11
21 17
22 15
0 14
3 18
8 38
23 17
13 38
18 50
21 52
12 53
2 47
6 49
1 53
17 50
12 9
13 22
2 24
1 7
7 2
17 38
11 23
20 38
3 3
16 47
5 13
23 24
12 38
21 29
2 15
8 24
1 20
16 24
7 38
17 39
6 29
23 1
13 8
11 0
22 11
5 27
15 11
8 0
9 5
8 18
16 25
8 29
23 23
14 7
12 40
21 19
17 40
11 46
22 50
8 48
0 51
9 44
1 45
3 44
18 22
1 4
17 27
3 23
12 4
8 40
10 8
22 40
7 13
21 53
16 2
2 28
1 40
22 22
12 18
13 17
18 4
16 5
21 40
5 41
3 10
23 7
17 19
2 0
8 21
8 14
18 2
9 18
0 18
1 0
24 3
5 3
23 28
0 10
13 42
3 13
17 42
9 51
2 49
21 51
8 50
6 52
12 51
22 44
2 16
13 2
12 10
7 22
18 26
5 42
11 5
22 42
17 1
3 45
1 19
16 3
1 42
3 19
11 26
22 20
17 5
21 13
8 42
5 43
16 21
23 0
2 19
18 21
12 26
11 15
18 29
16 8
17 9
5 0
15 2
20 9
20 49
19 51
5 51
24 48
16 50
7 47
4 50
10 45
15 44

