317
18 14
0 15
21 30
6 25
10 30
16 52
7 47
8 45
2 52
15 47
3 51
23 49
16 15
3 7
2 18
21 9
7 8
12 30
6 9
17 30
11 14
1 53
24 23
20 18
3 30
6 6
1 10
17 22
2 2
11 11
8 30
12 31
18 3
23 3
22 2
21 26
17 4
17 1
9 18
19 29
8 29
16 12
18 6
22 3
16 20
6 11
17 32
21 4
7 32
11 52
10 46
2 46
23 52
12 45
0 45
15 46
11 15
7 11
12 24
16 23
17 7
22 32
1 14
2 32
6 29
9 49
13 18
21 23
16 32
8 7
7 16
3 0
18 13
21 1
13 32
22 33
2 20
3 26
11 16
17 8
6 4
2 16
10 12
22 18
0 3
3 24
16 4
7 18
7 10
18 10
10 34
6 24
15 34
2 47
21 53
12 46
23 44
0 49
17 49
3 52
11 28
16 22
17 28
12 3
3 17
22 34
5 20
7 34
18 19
6 51
1 13
13 17
17 34
8 26
3 2
1 29
13 22
16 1
2 34
22 35
6 17
12 14
23 25
11 0
18 12
0 10
0 29
5 17
12 12
8 1
10 15
3 25
3 11
23 15
10 36
22 13
15 36
21 49
7 53
2 44
12 51
17 52
6 44
0 53
6 5
12 19
11 26
7 6
2 29
8 36
1 20
17 36
23 28
13 53
22 20
20 4
3 36
2 0
18 23
16 11
21 5
6 1
22 36
7 37
17 19
22 8
13 28
1 28
11 22
9 26
11 3
13 7
3 12
18 28
10 27
17 5
0 18
3 5
22 38
2 1
17 38
12 48
8 44
16 49
11 53
15 49
21 48
6 52
17 27
18 8
21 2
12 29
22 14
15 38
13 21
7 38
11 23
1 48
4 19
2 19
13 38
8 14
17 6
23 24
16 6
1 18
21 38
10 39
22 4
7 26
2 28
2 27
6 26
13 12
20 14
18 25
22 11
13 27
17 17
1 0
12 0
21 19
10 40
22 23
15 40
6 46
18 46
3 48
23 50
0 52
7 50
8 51
6 18
23 2
11 21
12 4
7 22
18 40
24 19
2 40
17 12
1 46
13 25
22 28
6 40
3 9
22 21
23 9
13 24
11 6
1 40
17 41
7 29
2 5
12 5
8 20
16 24
4 13
17 20
16 7
11 13
7 23
6 3
15 22
22 15
0 23
7 42
17 9
10 42
18 53
3 53
15 53
6 48
21 46
16 46
23 46
22 17
7 25
6 20
21 10
15 19
2 42
17 13
12 42
23 7
19 51
5 28
4 25
21 42
1 7
12 18
17 10
6 2
16 21
22 42
1 43
7 27
18 24
23 10
8 2
13 29
22 24
23 22
23 13
8 19
15 16
7 1
1 3
4 47
24 49
20 47
5 49
14 45
1 52
13 52
19 49
9 53

