317
6 17
23 27
10 30
8 26
15 30
0 50
2 46
5 50
18 53
9 46
1 44
17 52
16 25
1 5
7 15
3 12
17 5
5 30
22 10
12 30
2 24
8 49
24 21
21 17
7 30
6 4
16 15
12 15
1 21
22 25
18 30
2 31
8 6
13 9
17 3
21 15
11 5
0 16
3 20
9 29
13 20
19 9
22 28
5 16
11 8
3 24
15 32
1 6
8 32
6 49
23 50
2 44
17 46
12 50
0 45
10 50
12 19
8 18
2 7
11 28
22 12
18 32
13 16
5 32
16 19
1 47
4 19
21 26
1 32
11 9
13 28
6 29
2 9
16 9
21 32
17 33
8 4
7 2
23 29
1 14
12 16
12 18
15 22
6 1
20 21
20 8
6 20
2 12
11 14
15 13
8 34
16 3
2 34
10 45
1 49
17 47
12 51
0 52
23 49
18 44
8 17
1 9
2 29
7 13
17 18
10 34
20 15
22 34
3 10
21 45
16 4
13 21
18 34
21 6
13 27
11 29
1 23
16 22
12 34
5 35
22 18
2 22
7 20
3 15
17 17
23 6
0 12
20 29
4 0
9 4
1 29
23 26
3 14
6 22
10 36
1 27
15 36
8 51
5 48
9 53
17 49
2 45
18 45
0 48
11 26
16 8
8 1
22 29
17 6
2 36
21 25
12 36
6 23
1 50
7 0
20 4
1 36
3 7
13 26
11 17
17 24
21 27
18 36
22 37
12 1
18 11
8 29
2 26
6 28
18 0
24 14
13 22
15 10
13 11
7 14
6 11
0 0
10 12
15 38
3 27
5 38
12 48
2 51
11 47
23 51
9 48
1 51
8 46
2 23
23 17
1 15
6 14
7 19
17 38
21 0
12 38
16 6
22 51
4 2
3 23
2 38
7 28
13 17
12 10
6 9
16 7
3 38
17 39
22 15
1 11
21 29
23 1
8 9
5 14
3 19
6 16
1 16
15 15
0 13
11 4
0 5
5 4
17 40
2 21
15 40
6 52
8 47
12 49
23 52
1 46
3 53
11 51
23 13
17 4
18 27
16 2
3 4
7 40
2 10
10 40
6 10
13 50
22 11
21 5
1 40
17 2
11 13
2 3
3 16
12 26
21 40
7 41
22 5
16 18
18 3
23 10
6 13
16 10
2 11
12 28
11 23
22 21
4 26
13 29
23 20
12 20
15 42
8 23
2 42
10 44
6 44
0 49
1 53
11 53
5 45
9 47
16 11
2 0
1 0
18 29
10 6
5 42
13 7
22 42
17 12
7 48
8 25
21 1
8 42
18 24
11 20
6 24
3 25
23 18
13 42
17 43
1 18
7 27
16 1
2 5
21 21
7 21
7 3
1 26
7 18
24 12
20 26
14 14
21 48
22 46
20 52
4 53
19 44
13 44
14 53
7 49
24 45

