317
21 24
14 18
18 30
12 16
3 30
2 47
17 51
20 45
11 47
1 51
6 47
16 44
21 25
16 13
2 23
7 15
17 27
0 30
10 6
22 30
6 7
12 45
5 17
13 7
12 30
13 27
11 0
22 0
6 14
2 20
16 30
7 31
18 16
23 13
17 20
3 9
21 17
6 17
3 13
16 15
0 16
5 19
13 22
20 7
6 12
20 23
2 32
16 14
18 32
17 48
9 53
1 53
21 50
11 53
4 45
14 48
17 6
1 25
6 3
18 20
2 19
22 32
16 0
10 32
21 16
7 51
8 24
13 17
8 32
12 27
11 10
2 17
6 16
21 2
13 32
22 33
17 24
3 7
1 21
7 0
18 5
16 8
2 4
5 25
10 29
11 17
22 25
4 26
20 17
19 21
11 34
16 6
3 34
1 49
18 52
14 50
21 52
2 50
6 45
17 45
21 20
3 18
1 7
6 27
10 1
17 34
9 7
22 34
2 6
16 45
13 12
8 20
1 34
11 7
16 11
17 23
22 2
3 26
2 34
5 35
12 12
23 23
6 15
21 29
18 19
22 21
13 11
23 24
3 4
5 11
23 1
4 2
1 27
20 4
3 36
12 20
18 36
21 44
2 51
11 46
23 48
16 49
6 53
14 46
21 13
6 5
1 18
8 9
2 3
22 36
5 21
15 36
11 20
24 49
12 3
13 21
13 36
11 23
17 8
16 19
1 16
6 26
2 36
7 37
18 11
2 22
23 19
12 11
22 11
0 19
7 7
13 28
4 10
3 17
8 27
22 28
20 6
17 5
3 38
16 18
18 38
2 44
21 48
11 51
6 44
14 44
9 47
12 52
11 24
6 23
12 5
3 8
18 23
0 38
13 6
22 38
2 26
8 45
16 26
7 9
7 38
22 18
21 18
11 19
6 1
16 2
13 38
0 39
12 0
3 15
18 3
18 10
8 19
5 13
13 5
1 28
14 13
3 29
24 4
8 18
19 2
14 7
3 40
11 9
20 40
12 47
23 49
18 47
17 44
16 48
6 48
1 47
18 6
1 5
16 21
3 28
20 15
22 40
10 13
7 40
17 13
2 49
11 2
13 10
11 40
6 20
2 29
8 11
17 14
12 15
1 40
22 41
3 6
16 10
18 2
21 14
13 13
24 6
1 24
4 28
16 24
8 1
2 2
21 12
2 10
20 24
3 42
6 18
17 42
11 45
12 46
1 45
21 49
16 46
19 48
9 44
21 5
16 27
2 21
22 13
17 9
0 42
7 17
12 42
23 2
6 49
15 29
8 25
16 42
2 18
12 19
18 29
6 2
1 15
11 42
22 43
8 4
17 17
3 1
7 11
21 4
11 3
18 22
6 8
3 0
15 12
22 3
11 22
7 50
8 48
15 45
24 47
10 53
13 52
0 49
22 51
5 45

