317
22 13
14 3
18 30
6 17
2 30
1 47
17 49
23 46
12 45
0 51
13 52
5 50
1 6
23 1
22 19
3 7
17 2
12 30
16 11
7 30
11 19
21 51
4 24
6 1
1 30
3 4
23 28
18 1
13 23
7 14
22 30
10 31
2 23
17 25
21 2
6 8
17 15
16 25
3 21
1 11
17 22
6 0
12 23
15 18
6 29
2 7
18 32
3 8
13 32
1 49
8 50
17 44
22 53
16 45
0 44
5 48
8 1
16 22
6 5
17 18
0 23
10 32
7 11
22 32
13 5
15 45
3 17
21 26
3 32
1 18
16 15
21 27
23 24
13 17
8 32
10 33
18 23
22 16
6 19
3 23
17 6
23 14
6 24
11 18
23 16
22 0
17 12
20 22
23 3
16 28
18 34
17 26
0 34
6 52
2 47
14 50
13 49
8 51
3 46
5 49
1 16
13 20
8 18
18 9
2 26
10 34
9 13
22 34
16 14
21 50
17 17
7 3
8 34
21 13
16 24
18 21
1 26
7 28
6 34
10 35
22 12
2 13
12 10
3 6
17 21
7 21
7 29
23 0
0 21
2 16
18 24
23 23
0 11
6 14
13 36
8 27
17 36
16 51
19 46
22 46
5 45
1 48
23 53
12 53
1 5
18 28
16 19
21 25
12 6
22 36
15 27
2 36
6 2
7 45
8 13
11 2
7 36
16 5
11 27
13 16
8 0
23 29
1 36
20 37
3 9
1 2
17 10
12 1
6 13
21 12
23 20
10 22
12 9
10 21
15 4
5 20
16 4
0 3
5 38
1 8
13 38
23 51
22 48
12 51
17 52
3 48
2 48
18 46
13 3
22 6
23 27
12 16
2 0
7 38
11 26
17 38
6 9
21 48
24 8
1 10
22 38
1 13
16 21
17 19
3 24
6 4
21 38
7 39
12 8
23 5
13 0
13 22
2 24
6 12
14 22
24 25
24 26
13 9
5 4
15 19
16 17
5 28
18 40
8 10
0 40
6 50
3 45
12 48
14 44
17 50
23 45
13 51
18 14
13 28
6 26
12 5
15 6
2 40
7 16
22 40
1 7
21 52
8 2
11 10
11 40
18 3
8 21
6 27
12 29
22 15
17 40
2 41
23 9
16 10
13 2
1 20
21 29
11 8
14 26
15 16
15 7
17 5
13 14
10 1
13 10
2 27
0 42
6 18
18 42
8 46
3 51
5 47
23 44
12 49
16 53
17 53
1 12
18 16
16 27
22 2
7 15
20 42
15 26
12 42
2 17
4 51
6 25
11 21
6 42
6 21
3 18
11 24
18 10
13 24
23 42
20 43
16 7
12 27
8 12
17 1
2 3
15 20
9 7
23 13
13 11
22 8
19 14
7 19
9 46
21 45
24 52
4 48
15 53
11 46
10 52
7 51
20 50

