1 61507 443.277000 12672 1651 882 439 3000 5000 1700
2 15036 425.851000 18329 1427 788 414 7000 7000 1700
3 11114 447.988000 19525 1574 769 482 9000 5500 2200
4 33869 449.033000 16040 1588 715 437 5000 6500 1800
5 12579 450.562000 14351 1598 829 424 5000 5000 1500
6 15587 449.610000 15754 1686 836 432 5000 6000 1800
7 21058 436.491000 13134 1495 909 430 5000 3500 1800
8 7234 446.959000 12383 1582 756 445 3000 4500 2100
9 4740 439.377000 15620 1488 882 450 6000 5000 1800
10 31740 444.977000 13364 1575 758 431 3000 5500 2100
