317
21 2
6 24
8 30
16 16
0 30
3 47
13 49
12 44
7 48
2 48
18 47
20 51
8 27
3 12
1 16
7 11
12 2
17 30
14 7
22 30
2 11
16 49
5 16
11 25
21 30
22 11
8 2
1 13
16 27
11 20
7 30
17 31
23 9
2 16
3 2
12 12
2 18
4 1
14 15
17 27
0 29
11 22
18 19
10 5
9 1
2 19
0 32
16 7
22 32
13 50
12 50
21 48
6 44
8 50
20 49
3 51
13 12
1 6
12 8
3 29
22 22
17 32
16 6
5 32
8 28
4 52
11 12
24 20
21 32
1 4
2 29
7 18
23 18
16 19
13 32
17 33
6 16
8 21
12 25
21 28
3 21
14 27
14 1
16 9
21 5
21 18
3 27
9 13
18 0
21 4
8 34
16 12
0 34
7 50
22 44
6 50
2 46
20 44
3 50
23 46
3 18
2 4
22 21
23 2
7 12
13 34
15 25
17 34
1 25
24 51
16 23
11 10
23 34
6 20
17 16
18 28
3 15
22 25
16 34
12 35
7 16
2 7
11 7
1 0
21 9
11 15
9 26
6 28
9 12
10 14
12 10
8 1
0 27
1 9
20 36
18 14
8 36
16 46
7 49
6 48
12 51
13 44
3 53
22 45
13 19
16 24
6 14
21 15
7 26
22 36
17 4
2 36
12 21
18 53
11 29
14 14
18 36
7 1
3 1
2 17
16 26
21 29
12 36
22 37
13 10
11 16
8 16
6 12
17 26
11 27
14 22
8 24
5 0
19 23
5 2
23 25
9 17
3 13
7 38
16 8
20 38
23 51
12 45
22 50
1 44
6 52
0 47
2 47
8 10
7 19
21 23
1 28
22 15
17 38
4 2
12 38
3 17
16 48
5 4
11 23
22 38
2 3
1 24
13 26
23 13
7 8
11 38
17 39
12 5
16 18
6 11
6 13
21 8
5 10
24 0
11 26
21 26
10 0
7 17
2 24
20 6
21 25
22 40
0 15
12 40
3 48
8 53
16 53
18 48
2 51
1 53
6 47
23 24
1 12
18 8
17 6
12 0
2 40
24 11
7 40
21 10
4 48
19 5
11 5
11 40
8 29
23 10
13 7
12 4
1 10
6 40
15 41
2 0
7 13
22 20
18 7
3 3
15 27
0 23
6 22
6 10
15 14
8 19
6 26
12 14
3 25
0 42
16 14
20 42
9 50
18 50
23 47
13 46
8 51
2 53
22 53
8 13
2 12
1 1
7 25
18 13
22 42
17 25
12 42
6 9
16 50
4 29
11 2
18 42
18 5
2 10
12 23
22 28
11 4
8 42
5 43
23 26
13 18
17 3
21 20
3 24
13 4
18 23
15 17
15 15
19 26
13 29
5 6
17 52
10 53
19 52
15 50
4 45
5 47
24 48
11 51
14 53

