317
7 7
24 25
5 30
16 19
10 30
2 50
1 47
23 46
21 50
19 49
18 46
8 51
11 29
1 26
18 28
3 9
7 8
22 30
9 5
12 30
21 0
16 47
0 14
17 5
17 30
18 7
23 0
13 2
7 6
1 20
21 30
2 31
16 24
12 19
8 25
6 6
11 14
0 11
8 3
0 25
6 27
13 6
3 25
3 0
1 29
19 25
23 32
21 11
5 32
3 53
16 48
11 49
8 48
18 45
7 49
10 48
18 5
1 23
16 1
7 1
8 0
12 32
22 11
2 32
11 12
21 45
17 2
20 23
7 32
23 1
11 3
1 27
8 16
22 10
16 32
12 33
3 8
1 2
17 6
21 9
6 3
13 3
23 10
10 12
7 20
4 11
11 0
8 14
3 5
23 25
18 34
12 10
5 34
1 48
8 49
24 53
21 44
10 45
7 52
11 48
11 20
18 26
21 4
1 22
7 11
15 34
20 21
2 34
6 19
12 50
13 16
22 25
11 34
1 4
23 28
21 15
7 0
13 21
12 34
15 35
2 17
6 10
18 23
8 21
22 12
0 16
19 1
5 22
9 25
2 20
14 7
10 14
18 17
7 29
23 36
16 26
10 36
12 49
5 50
8 53
21 49
3 48
1 44
19 52
23 15
12 4
11 9
22 5
17 20
20 36
16 21
2 36
7 24
13 52
6 22
9 28
12 36
13 7
1 0
2 26
8 7
23 21
6 36
20 37
3 24
6 4
17 12
11 18
18 2
13 13
23 20
3 3
0 28
18 4
15 20
17 19
5 20
19 11
10 38
18 22
2 38
21 52
23 44
8 50
7 53
1 49
6 48
16 51
11 28
3 18
6 26
1 25
7 5
12 38
17 0
22 38
16 22
0 48
9 27
18 9
8 38
16 17
21 12
23 23
17 22
11 17
6 38
12 39
1 5
7 10
2 3
3 16
18 16
3 1
13 11
24 29
22 18
23 2
4 28
21 25
1 14
5 6
18 40
2 8
23 40
3 44
6 51
12 44
21 46
8 47
11 44
16 44
1 7
18 24
3 20
12 26
22 22
20 40
10 1
7 40
11 5
15 49
2 6
17 21
3 40
21 14
7 23
8 22
18 10
16 28
22 40
12 41
2 21
23 19
17 29
1 19
11 22
16 18
1 10
3 28
16 27
14 1
22 20
11 25
23 6
12 8
5 42
2 1
10 42
18 53
16 50
24 51
1 52
3 47
8 45
21 53
6 13
1 24
11 2
7 12
3 26
22 42
13 29
17 42
8 2
14 51
2 25
20 18
3 42
7 2
11 27
18 15
6 28
21 7
16 42
7 43
1 15
17 17
23 13
2 11
12 20
16 9
2 15
8 15
0 7
15 19
10 8
1 21
13 44
20 48
4 50
14 47
15 52
17 50
22 48
9 49
0 44

