317
23 3
14 26
18 30
6 14
15 30
1 53
13 53
11 53
17 49
12 48
8 48
3 45
16 8
11 18
23 10
13 8
17 8
8 30
21 3
0 30
12 8
22 51
10 18
6 10
23 30
2 0
1 10
13 9
6 15
16 7
3 30
7 31
21 4
11 13
22 10
17 3
11 14
15 10
16 16
17 17
18 4
5 3
8 6
14 17
16 17
3 29
17 32
2 21
11 32
23 50
14 52
13 46
6 52
22 45
19 48
15 45
17 23
6 18
18 0
16 18
13 15
22 32
1 21
7 32
21 22
2 46
10 7
5 24
13 32
6 7
23 27
1 23
2 25
12 11
16 32
20 33
8 8
11 3
17 14
13 6
3 3
22 1
11 17
19 9
12 9
13 27
12 28
18 17
12 2
16 4
13 34
3 7
18 34
22 49
17 50
1 46
6 51
23 45
8 52
2 48
2 8
1 17
18 16
13 7
7 17
22 34
15 7
10 34
16 0
4 44
3 12
21 16
7 34
13 11
17 2
18 27
3 20
8 2
6 34
22 35
12 15
2 27
21 12
1 3
16 6
6 8
20 26
9 18
8 24
21 9
12 6
20 23
2 7
1 11
15 36
11 5
13 36
6 44
19 46
18 47
12 44
22 53
8 53
3 47
8 18
18 10
16 28
2 10
12 5
22 36
17 19
5 36
3 17
21 52
11 0
0 25
11 36
12 17
7 20
8 28
2 5
21 8
3 36
22 37
6 6
3 11
18 14
13 2
16 27
16 5
15 28
19 4
7 27
5 20
10 12
11 9
14 5
13 13
15 38
6 21
18 38
1 50
8 47
12 46
23 44
17 45
11 46
3 52
12 25
8 23
16 10
1 12
17 13
10 38
6 4
22 38
2 28
7 49
4 18
21 24
7 38
12 18
11 20
22 4
6 23
16 29
21 38
0 39
23 1
3 24
18 5
18 28
8 21
20 18
2 24
18 24
21 23
5 11
14 12
17 6
15 24
1 26
18 40
12 24
13 40
11 48
22 52
17 53
2 53
6 45
8 49
3 44
18 1
13 21
17 21
11 25
2 15
7 40
4 10
22 40
6 11
21 51
16 15
12 1
11 40
17 4
22 25
23 12
21 5
13 12
16 40
7 41
2 13
18 15
12 29
3 5
6 17
9 12
8 22
8 16
23 28
7 2
1 25
15 20
1 5
23 4
15 42
8 29
13 42
11 44
2 44
19 49
12 51
22 46
17 47
18 46
22 0
13 4
16 11
6 5
10 11
17 42
8 25
2 42
23 2
9 49
21 14
24 1
12 42
6 20
21 19
3 27
18 12
1 27
22 42
5 43
13 28
2 16
8 19
11 19
16 21
2 19
17 10
0 9
10 3
0 7
15 26
8 4
7 47
5 53
24 51
9 44
0 51
21 48
4 50
10 48
20 45

