r\t   0   1   2   3   4   5   6   7   8   9  10  11  12  13  14  15  16  17  18  19  20  21  22  23  24 
  0 217 249  -1  -1  -1  -1  -1  -1 254  -1  -1  -1  -1  -1  -1  -1  -1  -1 258  -1  -1  -1  -1  -1  -1 
  1  -1  -1  -1  73  -1 155 133  -1  -1  -1  82 298  -1 115  -1  -1  -1 296  80  -1  -1  -1  -1  -1  -1 
  2  -1 306 174 256  -1  -1  23  -1  76  -1  -1 108  -1  -1  -1  -1  -1  -1  -1  -1  -1  -1  -1 235  -1 
  3  83  -1  32  -1  -1  -1  -1  72 188  -1  -1  -1 124 234  -1  -1  42  -1 292  -1  -1 243 202  -1  -1 
  4  -1  -1  -1  -1  -1  -1  -1  -1  87  -1  -1  89  -1  -1  -1  -1  -1 233  -1  -1  -1 159 240  -1  -1 
  5  -1  -1 111  -1  -1  -1  -1  -1 300  -1  -1  -1  62  -1  -1  -1  -1  -1  60  60  -1  -1  -1  -1  -1 
  6  -1 100  18 103  -1  -1 287 190 165  -1  -1  77  78  -1  -1  -1 172  -1  -1  -1 132  -1 164  -1  -1 
  7  -1  12  -1  -1 171 214 267  -1  -1  -1  81  26  -1  -1  -1  -1  -1  -1  -1  -1  -1  -1  -1  37 286 
  8  -1  -1  -1  -1  -1  -1   3 175 210  -1  -1 152  -1  -1  -1  -1  -1 189  -1  -1 177  -1  59  -1  -1 
  9  -1  -1 282  -1  -1  -1  -1  -1  -1  -1  -1  -1 302  -1  -1  41  -1  34  -1  -1  -1  -1  -1  -1  -1 
 10  -1 161  -1  86  -1  -1 211 236 236  -1  -1  56 110 166  -1 176  -1  16  16  -1  -1 276  -1  27  -1 
 11  -1 301  -1  -1  -1  -1  -1  -1  -1  -1  -1  -1  -1  -1  -1  -1  -1 127  -1  -1  -1 179  -1  -1  -1 
 12  -1 291  -1  -1  -1  -1  -1  -1  15  -1  -1  44  -1  -1  -1  -1  -1  -1  -1  -1  -1  -1  -1  -1 106 
 13 257  -1  -1  -1  -1  -1  -1  -1 128  -1  -1  -1 242 102  -1 259  -1  -1  -1  -1  -1  36  -1  -1  -1 
 14  -1  84  -1 278  -1  -1 260 104 104  -1  -1  -1 305  13 221  45 191  -1  -1  -1  -1  -1  -1  -1  -1 
 15  -1 147 125  25  -1  -1  28 123  -1 238  -1  20  -1 209  -1  43 253  -1  -1  -1  -1  -1  -1  -1  -1 
 16 131  88  67  47  -1  -1  -1 280 280  -1  -1  -1 247  -1  -1  -1 101  -1 145  -1  -1 144  -1  -1  -1 
 17  -1  57  -1 297  -1  -1  -1  -1  -1  -1  -1  -1  -1  -1  -1  -1  -1  -1  -1 169  -1  -1  -1  -1  -1 
 18  -1 215  -1  -1  -1  22 248  -1  -1  -1  -1 212  -1  -1 150 261  -1  -1  -1  -1  -1  -1  -1  -1  -1 
 19  38  -1  -1  -1  -1 192 192  -1 216 218  -1  -1  -1  -1  -1  -1  66  -1 245  -1  -1  -1 290 199  -1 
 20  -1 277  -1  14  -1  -1  -1 293  -1  -1  -1  -1  -1  -1  -1  -1  -1 263 122  -1 219 194  33 262  -1 
 21  -1  69  -1  -1 304  -1  -1  -1  -1  -1  -1  -1  -1 289  -1  -1  29 129  40  -1  -1  -1  -1  -1  -1 
 22  -1  39  -1  -1  -1  -1 130 303  -1  -1  -1 279 154  -1  -1  -1 299 167  -1  -1  -1  85 198  -1  -1 
 23  -1 196  -1 264  -1  -1  64  -1  -1  -1  -1  -1 168  -1  -1  -1  -1  -1 213  -1  -1 255  -1  -1  -1 
 24  -1  -1  79  -1  -1  -1  -1  -1 220  -1  -1  -1  -1  -1   1  -1 204  -1  -1  -1  -1  -1  -1 284  -1 
 25 307 117 252  -1  -1  -1  -1 148 148  -1  -1  -1  -1  -1  -1  -1  -1  -1  -1  -1  -1  -1  -1  -1  -1 
 26  -1 232  -1   0  -1  -1  -1  -1  -1  -1  -1 114 201  58  -1  -1  -1 173  -1  -1  -1  -1 113 158  -1 
 27  91 205  -1  -1  -1  -1  -1  -1 116  -1  -1  -1 170  -1  -1  -1 157 146  -1  -1 265 120  -1  -1  -1 
 28  -1  -1  -1  -1  -1  -1 121  -1 135  -1  -1 246  -1  -1  -1  -1  70 208  -1  -1  -1 223  -1 203  -1 
 29  -1 126  -1  -1  -1  -1  -1 160  -1  -1  -1  71  -1  -1  -1  -1  -1  -1  35  -1  -1  -1  -1  -1  -1 
 30  -1  24  -1  -1  -1  -1  -1  -1  -1  -1   2   2  -1  30  -1  17  17   4   4  -1  -1  -1  19  19  19 
 31  -1  -1  -1  -1  -1  -1  -1  31  31  31  -1  -1  -1  -1  -1  -1  -1  -1  -1  -1  -1  -1  -1  -1  -1 
 32  48  48  -1  -1  -1  -1  -1  63  63  63  -1  -1  -1  46  46  -1  -1  68  -1  -1  -1  74  -1  61  61 
 33  -1  -1  -1  -1  -1  -1  -1  -1  -1  -1  -1  -1  -1  -1  -1  -1  -1  -1  -1  -1  -1  -1  75  75  75 
 34  -1  -1 118 112  -1  -1  -1  90  90  -1  -1  -1  -1  92  92  -1  -1 105 105  -1 107 107 107  -1  -1 
 35  -1  -1  -1  -1  -1  -1  -1  -1  -1  -1  -1  -1  -1  -1  -1  -1  -1 119 119 119  -1  -1  -1  -1  -1 
 36 134 134 149 149  -1  -1  -1  -1 162  -1 136 136  -1  -1  -1  -1  -1  -1 156  -1  -1  -1 151 151 151 
 37  -1  -1 163 163 163  -1  -1  -1  -1  -1  -1  -1  -1  -1  -1  -1  -1  -1  -1  -1  -1  -1  -1  -1  -1 
 38 180 180  -1 193 193  -1  -1 200  -1  -1 178 178 195 195 195  -1  -1  -1 206  -1  -1  -1  -1  -1  -1 
 39  -1  -1 207 207 207  -1  -1  -1  -1  -1  -1  -1  -1  -1  -1  -1  -1  -1  -1  -1  -1  -1  -1  -1  -1 
 40 224 224 239 239 239  -1  -1 244  -1  -1  -1  -1  -1  -1  -1 222 222 250 237 237  -1  -1  -1  -1  -1 
 41  -1  -1  -1  -1  -1  -1  -1  -1  -1  -1  -1  -1  -1  -1  -1  -1  -1  -1  -1  -1  -1  -1 251 251 251 
 42  -1  -1 294  -1  -1  -1  -1 266 266  -1 268 268 281 281  -1  -1  -1 283 283 283  -1  -1  -1 288  -1 
 43  -1  -1  -1  -1  -1  -1  -1  -1  -1  -1  -1  -1 295 295 295  -1  -1  -1  -1  -1  -1  -1  -1  -1  -1 
 44  11  10  -1 143 314  -1  -1  -1  53  -1  -1  -1  -1  -1  -1  -1  -1  -1  93  -1  -1  -1  -1  -1  -1 
 45  -1  -1 311  -1  -1  -1  -1 181  -1  -1  -1  -1  -1 273  -1  -1  -1  -1  -1  -1   7   6  -1  -1 316 
 46  -1  -1  -1  -1  -1  -1  -1  -1  -1  -1  -1  -1 313  -1  -1 274  -1  -1  -1  -1  55  -1  -1  -1  -1 
 47  -1  -1  -1  65  -1  -1  -1  -1  -1  -1  95  -1  -1 185  -1   9 272  -1 187  -1  -1  -1 308 312  -1 
 48  -1  -1  -1  -1  -1  -1 229  -1  -1  -1  54  -1  -1  -1  -1  -1   5  51  -1  -1 228  -1  -1  -1  -1 
 49  -1  -1  -1  -1  -1 309 186  -1  -1  -1  -1 231  -1 141  -1  -1 153  -1  -1 197  -1  49 285  -1  -1 
 50  -1  -1  -1  99  -1  -1  52 230  -1  -1  -1  -1  21 226  -1  -1  -1 227 225  -1  -1  96  -1  -1  -1 
 51  -1 275  -1  -1  -1  -1  -1 140  -1 310  -1  -1  -1  -1  -1 138  -1  -1 139 315  -1  -1  -1 109  -1 
 52  -1  -1  -1  -1  -1  -1  98  -1 183  -1 241  -1  -1  -1  -1  97  94 137  50  -1  -1 270  -1  -1  -1 
 53 271  -1  -1  -1  -1  -1  -1  -1  -1  -1  -1  -1  -1   8  -1  -1 182 184 269  -1  -1 142  -1  -1  -1 

r\t   0   1   2   3   4   5   6   7   8   9  10  11  12  13  14  15  16  17  18  19  20  21  22  23  24 
  0  -1  -1  34 201  -1  -1  -1  -1  -1  -1  -1  -1  -1  72  -1  -1  -1   0  64  -1 150 202  -1  -1  -1 
  1  -1  -1 212  27  -1  -1  -1  -1 249  -1  -1  -1  -1 113  -1  -1  -1  -1  -1  -1  -1  59  -1  -1 257 
  2  -1  -1  -1  -1  -1  -1 256  -1  26  -1  -1  -1  -1 211  -1  -1  12  16  16  -1  -1  -1  -1  -1  -1 
  3  -1  -1  -1  -1  -1 216  -1  -1  -1  -1 258  -1  -1 214  -1  -1  -1  -1  -1  -1  -1  -1  -1 157 259 
  4  -1  -1  -1  -1  -1  -1  73 111  -1  -1  -1  -1  40 135  -1  -1  -1  -1  -1  -1  -1  -1  -1 255  -1 
  5 263  33 254  -1  -1  -1  -1  -1 189  -1  -1  37 130  -1  -1  -1  -1 172  -1  -1  -1  -1 173  -1  -1 
  6  -1  -1  14  -1 221  -1  91  -1 261  -1  -1  -1 198  -1  -1  -1  -1  -1  -1  -1  -1  -1 203 122  -1 
  7 265 204 115  -1  -1  -1  -1  -1  -1  -1  -1  -1  -1  57  -1  -1  38  -1  -1  -1  -1  -1  -1  -1  -1 
  8  -1 165  -1  -1  -1 306  47  -1  -1  -1  -1  35  -1 305  -1  -1 144  -1  -1  -1  -1  -1  -1  -1  -1 
  9  -1 246  -1  -1  -1  -1  62  -1  -1  -1  -1  -1  -1 238  -1  -1 205 104 104  -1  -1 284  -1 276  -1 
 10  -1 114 299  -1  -1 170 161  -1  -1  -1  -1  -1  -1 248 174  -1 253 291  -1  -1  -1  -1  -1  -1  -1 
 11  -1  -1  -1 160  -1  -1  -1 278  -1  -1  -1 168  -1  29  -1  -1  -1 234 242  -1  -1  -1  -1  84  -1 
 12  -1  -1 199  36  -1  -1  -1  -1  -1  -1  -1  -1  -1  82  -1  -1  44  -1  -1  -1  -1  -1  -1 145  -1 
 13  -1  -1 280 280  22  -1  -1  -1  -1  -1  -1  -1 247 154  -1  -1  -1  -1  -1  -1  -1  -1  -1  -1  -1 
 14  -1 232  -1 196  -1  -1  -1  -1 267  -1  -1  81  -1 223 301  -1 293 116 126  -1  -1  39 240 292  -1 
 15 307 102  45  -1  -1  -1 117 209  -1  -1  -1 120  -1  -1  67  -1 188  -1  -1  -1  -1  28  -1  -1  -1 
 16  -1  13  -1 147  -1  -1   3  -1  -1  -1  -1 210 208  -1  -1 213 131  -1 121  -1  85  -1  -1  -1  -1 
 17  -1  -1  -1  -1  -1 218 277  -1 282  -1  -1  -1  -1  -1  -1  -1  -1  41 169  -1  -1  -1  86  -1 106 
 18  -1  -1  -1  89  -1  -1 264  -1  -1  -1  -1 152 155  -1  -1  -1 128  71  -1  -1  -1  20 304  -1  -1 
 19 177  -1  -1 108  66 215  -1  -1  -1  -1  -1  -1  -1  -1  -1  -1 164  -1  -1  -1  -1  -1  -1  -1  -1 
 20  -1  -1 133 124  -1  -1  -1  -1  -1  -1  -1 298  -1 192 192  -1  -1  -1  25  -1 286  -1  -1  -1  -1 
 21  -1  -1 101  -1  -1  18  -1  -1 100  -1 303  -1 279  -1  -1  -1  -1  87 159  -1  -1  -1  -1  -1  -1 
 22  -1  56  -1  -1  -1  -1  -1  23 176  -1  43  79  -1 166  -1  -1  76 158 260  -1  -1 146  -1  -1  -1 
 23  -1 190  70  15  -1  -1  -1 290   1  -1  -1 191  -1  -1  -1  -1  32  77 297 125  -1  -1  -1  -1  -1 
 24  -1  80  -1  -1  -1 148 148  -1  -1  -1  -1  -1 289  -1  -1  -1 235  -1  -1 171  -1 129  -1  -1 217 
 25  -1  -1  -1 262 287  -1 127 194  -1  -1  -1  -1  -1  -1  -1 175  -1  -1  -1  -1  -1 300  60  60  -1 
 26 220  -1  -1  69  -1  -1 110  -1  -1  -1  -1 103 243  88  -1  -1  -1  -1  -1  -1  -1  -1  -1  -1  -1 
 27  -1 296 236 236  -1  -1 179 252  -1  -1  -1  -1  -1  -1  -1  -1  -1  -1 245  -1  -1  -1  -1  78  -1 
 28  -1  -1  -1  58  -1  -1  -1  -1  -1  -1  -1  -1  -1 219  -1  -1 123  42  -1  -1  -1  -1  -1 302  -1 
 29  -1  -1  -1  -1  -1  -1  -1  -1  -1  83  -1 233  -1  -1  -1  -1 132  -1  -1  -1  -1  -1 167  -1  -1 
 30   2   2   4   4  -1  -1  -1  30  -1  -1  -1  -1  19  19  19  -1  -1  24  -1  -1  -1  -1  17  17  -1 
 31  -1  -1  -1  -1  -1  -1  -1  -1  -1  -1  -1  -1  -1  -1  -1  -1  -1  -1  -1  -1  -1  -1  31  31  31 
 32  48  48  -1  -1  -1  -1  -1  61  61  -1  -1  -1  68  -1  -1  63  63  63  -1  -1  -1  74  46  46  -1 
 33  -1  -1  -1  -1  -1  -1  -1  75  75  75  -1  -1  -1  -1  -1  -1  -1  -1  -1  -1  -1  -1  -1  -1  -1 
 34  92  92  -1  -1  -1  -1  -1 112 118  -1  -1  -1 107 107 107  90  90  -1  -1  -1  -1  -1 105 105  -1 
 35  -1  -1  -1  -1  -1  -1  -1  -1  -1  -1  -1  -1  -1  -1  -1  -1  -1  -1  -1  -1 119 119 119  -1  -1 
 36  -1 162  -1 134 134  -1  -1  -1 149 149  -1  -1  -1  -1  -1  -1  -1 151 151 151  -1 156 136 136  -1 
 37  -1  -1  -1  -1  -1  -1  -1 163 163 163  -1  -1  -1  -1  -1  -1  -1  -1  -1  -1  -1  -1  -1  -1  -1 
 38  -1  -1  -1 180 180  -1 206  -1 200  -1  -1  -1  -1  -1  -1 178 178 193 193  -1  -1  -1 195 195 195 
 39  -1  -1  -1  -1  -1  -1  -1  -1  -1  -1  -1  -1  -1  -1  -1  -1  -1 207 207 207  -1  -1  -1  -1  -1 
 40  -1  -1 222 222  -1  -1  -1 239 239 239  -1 244  -1  -1  -1 224 224 250  -1  -1  -1  -1  -1 237 237 
 41  -1  -1  -1  -1  -1  -1  -1  -1  -1  -1  -1  -1  -1  -1  -1  -1  -1  -1  -1  -1 251 251 251  -1  -1 
 42  -1  -1  -1 288  -1  -1 294  -1  -1  -1 281 281  -1  -1  -1 266 266 283 283 283  -1  -1 268 268  -1 
 43  -1  -1  -1  -1  -1  -1  -1  -1  -1  -1  -1  -1 295 295 295  -1  -1  -1  -1  -1  -1  -1  -1  -1  -1 
 44  -1 153  98 271  -1  -1  -1  -1  53  -1  -1  -1  -1  55  -1  -1  -1  -1  -1  -1  -1 142  -1  -1  -1 
 45  -1  -1  -1  -1  -1  -1  -1  -1  -1  -1  -1 275  -1  -1  -1  -1  -1  -1  93  -1  -1  10  -1  -1 285 
 46  -1  -1  -1  -1  -1 316 139  -1 228 314  -1  97  65  -1  -1  -1  -1  -1  49  -1  -1 274  -1  -1  -1 
 47  -1 225 269  -1  95  -1 231  -1  -1  -1 109  -1  -1  -1  -1  -1  -1 185  -1  -1  -1 226  -1  96  -1 
 48  -1 187  -1  -1  -1  -1  -1  -1  -1  -1 309 186  -1  -1 310  -1  -1  -1 141  -1  -1 183  -1 184 312 
 49  -1 273  -1  -1  -1  -1  -1  -1  94  -1  -1  51  -1  -1  -1  -1  -1  -1  -1  -1  -1  54  -1 227  -1 
 50  -1  -1  -1  -1  -1  -1  21  -1  -1  -1  -1 230  -1 270  -1   9  -1 229  11  -1 308  -1 181  -1  -1 
 51 143  -1  -1  50  -1  -1 197  -1 140  -1  -1   8 311  -1  -1 138   7  99 272  -1  -1  -1  -1  -1  -1 
 52  -1  -1  -1  -1  -1  -1  -1  -1  -1  -1  -1 137  -1 182  -1  -1  -1  52  -1 315  -1  -1  -1  -1  -1 
 53  -1  -1  -1  -1  -1 241  -1 313  -1  -1  -1  -1  -1   5  -1  -1  -1  -1  -1  -1  -1  -1  -1   6  -1 

r\t   0   1   2   3   4   5   6   7   8   9  10  11  12  13  14  15  16  17  18  19  20  21  22  23  24 
  0  -1  -1  -1  13  -1  -1  86  -1 210 173  -1  -1  -1 301  22  -1  -1 282  -1  -1  -1  -1 287  -1  -1 
  1  -1 116  -1 249  -1  -1  -1  -1 189  -1  -1 157  -1  -1  -1  -1 159  62  -1  -1  39 196  -1  -1  -1 
  2  -1  58 146  -1  -1  -1  -1  -1  60  60  -1  -1  -1 293  -1  -1 198  -1  -1  -1  -1  -1  -1  27  -1 
  3  -1 188 101  -1 174  -1  -1  -1 279  18  -1  -1  -1  87  -1  -1 126  -1  -1  -1  -1  -1  -1  -1  -1 
  4  -1  -1  -1 166 257  -1 144  89  -1  -1  -1 208  -1 131  -1  -1  -1  -1 297  -1  -1 264 217  -1  -1 
  5  -1  -1 121  57  -1  -1 161  -1  -1  -1  -1  -1  -1  56  -1  -1  -1 115  -1  -1  -1 219  -1 130  -1 
  6  -1 129  -1  -1  -1  -1  -1 236 236  -1  -1 147 242  -1  -1  -1  79  20 175  -1  -1 160  -1  -1  -1 
  7  -1  -1 201 205  -1 176  -1  -1  -1  -1  -1  -1 304  -1  85  -1  -1  -1  -1  -1  -1 233  -1  -1  -1 
  8  -1  -1  -1  -1  -1  -1  -1  -1  -1  -1  -1  -1  40  -1  -1  -1  -1  -1  -1  -1  -1  37 248  -1  -1 
  9  82  -1  35  -1  83  -1  -1  -1  -1  -1  -1 300 170  -1  -1  -1  -1 164  -1  -1  -1  12  -1 296  -1 
 10  -1 277  -1  -1  -1  -1  -1  43  -1  -1 104 104 120 132  -1  -1  -1 172 106  -1  -1  64  -1  -1  -1 
 11  -1 168  59 145  -1  -1  77 124  -1  -1  -1  -1  -1  -1  -1  -1  -1  -1  -1  -1  -1 135  -1  -1  -1 
 12  -1  70 286 191  -1 302  -1 194  -1  -1  -1 234  -1 167  -1  -1  -1 111 243  -1  -1  42 148 148  -1 
 13  -1  -1 262  -1  -1  -1  -1  -1 117  -1  -1 305  -1  -1  -1  -1 114 202  -1  -1  -1  -1  -1 235  -1 
 14 259  -1  -1  -1  -1  -1  91  -1 103  -1  -1  88  -1  32  -1 177 203  -1  -1  -1  -1  73  36  -1  -1 
 15  -1  -1  -1  -1  -1  -1 216  72 211  -1 171  47 155  -1 263  -1  29  -1  -1  -1  -1 247  33  41  -1 
 16  -1  14  -1 220  -1  -1  -1  -1  -1  -1  -1  -1  -1  -1  -1  -1 306  -1  -1  -1  -1  -1  -1  -1  -1 
 17  -1  28 267  80  -1  -1 298  -1  -1  -1  -1  -1  -1  44  -1  -1 291 192 192  -1  -1 209  -1 122  -1 
 18  -1  -1  -1 123  -1  -1   1  -1  -1  -1  -1  -1  -1  -1  38  -1  -1  -1  -1  -1  -1 299  -1 165  -1 
 19  -1 256   3  -1  -1  -1  -1  -1  -1  -1  -1  -1  -1  -1  -1  -1  -1  -1  -1  -1  -1 284 238  -1  -1 
 20 199 108  -1  -1 265  -1  -1 246  -1  -1  -1  -1  -1 113 169  -1 100  -1  -1  -1  -1  -1  -1  -1  -1 
 21  -1  -1  84 102  -1  -1  -1  -1  -1  -1  -1 253  -1  -1  81  -1 276 292  -1  -1  -1 154  -1  -1  -1 
 22  -1  -1  -1  -1  -1  -1  -1  -1  71  -1  -1  -1  67 204  -1  -1  -1 218 261  -1  -1 307  -1  -1  -1 
 23  -1 223  -1 278  -1  -1  -1  -1  -1  -1 128  -1  23 232 150  -1  -1  -1  -1  -1  -1  -1  -1  -1  -1 
 24  -1 133  -1 290 213  -1  -1  -1  -1  -1  -1  78  -1  -1  -1  -1 179  -1 255  -1  -1  -1  -1  -1  -1 
 25  -1  -1 190  -1 260  -1  -1  -1  -1  -1  -1  -1 245 254  -1  -1  -1  -1  -1  -1  -1  -1  -1  -1  -1 
 26  -1  -1  76 127  -1  -1  -1 289  -1  -1  -1  -1  -1  -1  -1  -1  -1 125 158  -1  -1   0  -1  -1  -1 
 27  -1  -1 215  34  -1  -1  -1  16  16  -1  -1  15  -1  -1  -1  -1  -1  -1  -1  -1  -1  -1  -1 280 280 
 28  -1  -1  -1  -1  -1  -1 240  -1  -1  -1  -1  66 212 152  -1  -1  -1  -1  -1  -1  -1  -1  -1  -1  -1 
 29  -1  -1 252  -1  -1 221 110  26  -1  -1  -1  25 258  -1 303  -1  -1  69  -1  45  -1 214  -1  -1  -1 
 30  -1  -1  -1  -1  -1  -1  -1  -1  30  -1   4   4  24  -1  -1   2   2  -1  17  17  -1  -1  19  19  19 
 31  -1  -1  -1  -1  -1  -1  -1  -1  -1  -1  -1  -1  -1  -1  -1  -1  -1  31  31  31  -1  -1  -1  -1  -1 
 32  -1  46  46  -1  -1  63  63  63  -1  -1  -1  -1  -1  74  -1  48  48  -1  68  -1  -1  -1  61  61  -1 
 33  -1  -1  -1  -1  -1  -1  -1  -1  -1  -1  -1  -1  -1  -1  -1  -1  -1  -1  -1  -1  -1  -1  75  75  75 
 34  -1  -1  -1  92  92  -1 112  -1  -1  -1  -1  -1 107 107 107  90  90  -1 118  -1  -1  -1 105 105  -1 
 35  -1  -1  -1  -1  -1  -1  -1  -1  -1  -1  -1  -1  -1  -1  -1  -1  -1  -1  -1  -1 119 119 119  -1  -1 
 36  -1  -1  -1  -1  -1 134 134 149 149  -1  -1  -1 156  -1  -1 136 136 151 151 151  -1  -1  -1 162  -1 
 37  -1  -1  -1  -1  -1  -1  -1 163 163 163  -1  -1  -1  -1  -1  -1  -1  -1  -1  -1  -1  -1  -1  -1  -1 
 38  -1 206  -1 180 180  -1 200  -1  -1  -1 178 178 195 195 195  -1  -1  -1  -1  -1  -1  -1 193 193  -1 
 39  -1  -1  -1  -1  -1  -1  -1  -1  -1  -1  -1  -1  -1  -1  -1  -1  -1  -1  -1  -1  -1  -1 207 207 207 
 40  -1  -1 239 239 239  -1 224 224 250  -1 222 222  -1  -1  -1 237 237  -1  -1  -1  -1  -1  -1 244  -1 
 41  -1  -1  -1  -1  -1  -1  -1  -1  -1  -1  -1  -1  -1  -1  -1 251 251 251  -1  -1  -1  -1  -1  -1  -1 
 42  -1 294  -1  -1  -1 281 281  -1  -1  -1 268 268 283 283 283 266 266  -1  -1  -1  -1  -1 288  -1  -1 
 43  -1  -1  -1  -1  -1  -1  -1 295 295 295  -1  -1  -1  -1  -1  -1  -1  -1  -1  -1  -1  -1  -1  -1  -1 
 44 315 185  -1  -1  -1  -1 182  -1  11 314  -1  -1  -1  -1  -1  -1  -1  -1 285  -1  -1  -1  -1  -1  -1 
 45 153  -1  -1  -1  -1  -1  -1 273  -1  -1  -1  -1  -1  10  -1  -1  -1  -1  -1  -1  -1  -1  -1 142  -1 
 46  -1  -1  94  -1  -1   7  -1   8 228 197  -1  -1  -1  -1  -1  -1  -1  -1  65 274  -1 231 313 187  -1 
 47  -1 271 139   5  -1  -1  -1  -1  -1  -1  -1 137  -1 227  -1  -1  -1  -1  -1  98  -1  -1  -1  -1  -1 
 48  -1  -1  -1  -1   9  99 270  -1 181  -1  -1  -1  -1  -1  -1  -1  -1  -1  -1  -1 312 184  -1 225 316 
 49  -1  93  -1  49 143  -1  -1  -1  -1  -1  55  -1  -1  -1 311  -1  -1 310  -1 186  -1  -1  -1  -1  -1 
 50  -1 241  21  -1  -1  -1  50  -1  -1 109 138  -1 308  -1  -1  -1  -1  -1 309  -1  -1  51  -1  -1  -1 
 51  -1   6 183 269  -1  -1  -1  53  95  -1  -1  -1  -1  -1  -1  -1 226  -1  -1  -1  -1  -1  -1  -1  -1 
 52  -1  -1 230 140  54  -1  -1  -1  52  -1  -1  -1  -1  -1  -1  -1  -1  -1  -1 229  -1  -1  -1 272  -1 
 53  -1  -1  -1  -1  -1 275  -1  -1 141  -1  97  -1  -1  -1  -1  -1  -1  -1  -1  -1  -1  -1  -1  96  -1 

r\t   0   1   2   3   4   5   6   7   8   9  10  11  12  13  14  15  16  17  18  19  20  21  22  23  24 
  0  -1 101  -1 278  -1  -1  -1  -1  -1  42  -1  -1  -1  -1  -1  -1  -1  -1 299  -1  -1  -1  69  -1  66 
  1  -1  -1 168  -1  -1  -1  -1 171  87  -1  -1  -1  -1  -1  -1  -1  88 175 208  -1  -1  -1  84  79  -1 
  2  -1  26 121  -1  -1 131 132  -1  -1  -1  -1  -1  -1  -1  -1  -1  70 261  -1  -1  -1  -1 276  -1 110 
  3 259  -1  -1  72  -1  83  -1  -1  -1  -1 217  -1 214  47  -1  -1  -1  -1 256  -1  -1  13  -1  -1  -1 
  4  -1  -1  -1  -1  -1 303  -1  -1  -1  -1  -1   3  -1 145  -1  -1 258  -1  33  -1  -1  -1  -1  -1  -1 
  5  -1  -1  -1  -1  -1  -1  -1  -1  -1  -1 128  -1  -1  -1  -1  -1  -1 263  -1  -1  -1 284  29  -1  -1 
  6  -1  -1  16  16  -1  -1 291 189  -1 238  -1  -1  -1 289  -1  -1  -1 286  -1  -1  -1  35  -1  -1  -1 
  7  -1  -1  -1  -1   1  -1  -1  18 154  -1  -1  -1 201  -1  -1  -1  -1 160  -1  -1  -1 100 174  -1  -1 
  8  -1  -1  -1 205  -1  -1  -1 157 255  -1  -1  -1  -1  -1  -1  -1  -1  -1  -1  -1 177  -1 115 124  -1 
  9  -1 191 290 190  -1  -1  -1  -1  -1  -1  -1  59  57  -1  -1 280 280  -1  -1  -1  -1 199 234 277  -1 
 10  -1  -1 196  -1  -1  -1  -1  -1  41  -1  -1  -1  -1  -1  -1  -1  -1 172  -1  -1  -1  -1  39  -1  -1 
 11  45  -1  -1  -1  -1  -1 304  -1 167  -1  -1 117 223  -1 198  -1  -1  -1  -1  -1  37  -1 293  89  -1 
 12  -1 232  80  -1  -1 129  -1  -1 216  22  -1 235  -1  -1  -1  -1  -1  -1  -1  -1  -1 300  -1  56  -1 
 13  -1 133  -1  44  -1  -1  -1  -1  23  -1  -1  -1 192 192 150  -1  -1 301  -1  -1  -1  -1  -1  -1  -1 
 14  -1  -1  -1  -1  -1  -1 253  -1  -1  -1  -1 146  -1  85  -1  -1 210  -1  -1  -1  -1  -1  -1  -1  -1 
 15  -1  -1  -1  -1  -1 173  -1 203 194  -1  -1 127  -1 170  81  -1  -1  -1 165  -1 220  58  -1 221  -1 
 16  -1 123  -1  -1  -1  -1  -1  -1  -1  -1  -1 298 279  78  -1  -1 113  -1  -1  -1  -1  -1  -1  14  -1 
 17  -1  -1 282  -1  -1 130  76  -1  -1  -1  -1  -1  -1  -1  -1  -1  -1  -1 287  -1  -1 114 176  -1  -1 
 18  -1  -1 262  -1  -1  -1 122  -1  71  -1  -1  -1 302 209  -1 106  -1  -1  -1  -1  -1 179 111  -1  -1 
 19  -1  -1 248 116  -1 260  38 305  -1  -1  -1  -1 104 104  -1 219  -1  27 243  -1  -1  -1 202  -1  -1 
 20  -1  62  -1  -1  -1  -1 144 236 236  -1  -1  -1  -1  -1  -1  -1  -1 169  -1  -1  -1  -1  15  -1  -1 
 21  -1  -1 267 246  -1  -1 102 297  77  -1  -1  -1 215 159  -1  -1 108  -1  -1  -1  -1  -1  -1  -1  -1 
 22 265  -1  -1  -1  -1 306  -1  -1 292  -1  -1 125  -1  -1  -1  -1  36  -1  -1  -1  -1  73  -1  -1  -1 
 23  -1 247  -1  -1  -1  -1  -1 252  -1  -1  -1 245 257  -1  -1  -1  -1  -1  -1  -1  -1  -1  -1 264  -1 
 24  -1  -1  -1  -1  -1  -1   0 103 218  -1  -1  -1  -1 249  -1  -1  -1  -1 120  -1  -1  -1  -1 240  -1 
 25  -1  -1 148 148  -1  -1  -1  -1  -1  -1  -1  28  -1  -1  82  -1 155  -1  -1  -1  -1 161  91  -1  -1 
 26  -1 152  -1  -1  -1  -1  -1  -1  -1  -1  -1  -1 254  -1  -1  -1 296  -1  12  -1  -1 204  -1  -1  -1 
 27  -1  -1  -1  -1  -1  67 188  -1  -1  -1  -1 212  -1  -1 213 307 211  -1  -1  -1  -1 147  -1  34  -1 
 28  -1 158  -1  43  -1 126  32  -1  -1  -1  -1 166  -1 233  -1  -1  64  -1  -1  -1  -1  -1  -1  -1  -1 
 29  -1  20  60  60  -1  -1  -1  25  -1  40  -1  -1 164  -1  -1  -1 135  -1  -1  -1  -1  86  -1  -1 242 
 30   4   4  -1  30  -1  -1  -1  -1  24  -1  -1  -1  17  17  -1  19  19  19  -1  -1   2   2  -1  -1  -1 
 31  -1  -1  -1  -1  -1  -1  -1  -1  -1  -1  -1  -1  31  31  31  -1  -1  -1  -1  -1  -1  -1  -1  -1  -1 
 32  -1  68  -1  -1  -1  -1  -1  63  63  63  48  48  74  -1  -1  -1  -1  61  61  -1  46  46  -1  -1  -1 
 33  -1  -1  -1  -1  -1  -1  -1  -1  -1  -1  -1  -1  -1  -1  -1  -1  -1  75  75  75  -1  -1  -1  -1  -1 
 34  90  90 105 105  -1  -1  -1  -1  -1  -1  92  92 112 118  -1  -1  -1 107 107 107  -1  -1  -1  -1  -1 
 35  -1  -1  -1  -1  -1  -1  -1 119 119 119  -1  -1  -1  -1  -1  -1  -1  -1  -1  -1  -1  -1  -1  -1  -1 
 36  -1  -1  -1 134 134  -1 156  -1  -1  -1 136 136  -1  -1  -1  -1 162 151 151 151  -1  -1 149 149  -1 
 37  -1  -1  -1  -1  -1  -1  -1  -1  -1  -1  -1  -1  -1  -1  -1  -1  -1  -1  -1  -1  -1  -1 163 163 163 
 38  -1  -1  -1 180 180  -1 200  -1 206  -1 178 178  -1  -1  -1  -1  -1 195 195 195  -1  -1 193 193  -1 
 39 207 207 207  -1  -1  -1  -1  -1  -1  -1  -1  -1  -1  -1  -1  -1  -1  -1  -1  -1  -1  -1  -1  -1  -1 
 40  -1  -1 239 239 239  -1 224 224  -1  -1 222 222  -1  -1  -1 237 237  -1  -1  -1  -1 250 244  -1  -1 
 41  -1  -1  -1  -1  -1  -1  -1  -1  -1  -1  -1  -1  -1  -1  -1 251 251 251  -1  -1  -1  -1  -1  -1  -1 
 42  -1 294  -1  -1  -1  -1  -1 283 283 283 268 268  -1 281 281  -1  -1 288  -1  -1 266 266  -1  -1  -1 
 43  -1  -1  -1  -1  -1  -1  -1  -1  -1  -1  -1  -1 295 295 295  -1  -1  -1  -1  -1  -1  -1  -1  -1  -1 
 44  -1  -1  97  -1  -1  -1  -1  -1  -1 316  -1  -1 185  -1  -1 310  -1  -1  -1 309  -1  -1  -1  55  -1 
 45 227 187  -1  -1  -1  -1  -1  -1  -1  -1  -1  -1  49 225  -1  -1 226  -1  -1  -1  99  -1  -1  -1  -1 
 46  -1 230  -1  -1  -1  -1  -1 184  -1  -1  -1  21  -1  -1  -1  -1  -1  -1  -1  -1  -1 228  -1  -1 197 
 47 143  -1  53  -1  -1  -1  -1 270  -1  -1  -1  -1   6  94  -1  -1  -1  -1  -1  -1  -1  -1  -1  -1  -1 
 48  -1  -1   8  93  -1 109 183 142  -1  -1  -1  -1 241 138  -1  -1  -1  -1 308  -1  -1  -1  -1  10  -1 
 49  -1  -1 139  -1  50  -1  96  -1  -1  -1  -1  -1  -1  -1 315  -1 272  -1  -1  -1  -1  95  11 186  -1 
 50  -1  -1  -1  -1  -1  -1  -1  -1 313  -1  -1  -1  -1 181  -1  -1  52  -1  -1  -1  -1  -1  -1  -1  -1 
 51  -1  -1  -1 231  -1  -1  51  -1  -1  -1  -1  -1  -1  -1  -1  -1  -1  -1  -1  -1 137  -1 271  -1  -1 
 52  -1 275  -1   9 285 312  -1  -1  -1  -1  -1  -1  98  65  -1  -1 182 311  -1  -1  -1  -1 229  -1 314 
 53  -1  -1  -1 273  -1 153 269  -1  -1  -1   7  -1 140 274  -1  -1   5  -1  -1  -1  -1 141  54  -1  -1 

r\t   0   1   2   3   4   5   6   7   8   9  10  11  12  13  14  15  16  17  18  19  20  21  22  23  24 
  0 172  -1  -1  57 238  -1  -1  -1  -1  -1  -1 189  -1  -1  -1  -1  -1  -1  -1  -1  37 248  -1  -1  -1 
  1  -1  -1 296  -1  -1  -1  -1  72  80  -1  -1  -1  -1 240  -1  -1  12  -1  -1  -1  -1  -1  -1 100  -1 
  2  -1 243  -1 166 219  -1  -1  -1  -1 198  -1 298  -1  -1  -1  -1 262  -1  -1  -1  -1  -1  -1  -1  -1 
  3  -1  -1 148 148  -1  -1  -1  -1  -1  -1  -1 212  -1 286  -1  -1  -1 191  -1  -1  -1  -1  -1  64  -1 
  4 242  -1  -1  -1  -1  -1  -1  -1  -1  -1  -1  -1  -1  -1  -1  -1  -1  -1  -1  -1 129  -1  -1  -1  -1 
  5  -1  -1 278  -1  -1  -1 133  -1 301  -1  -1 113  -1  43  -1  -1  -1  -1  32  -1  -1 297 164  -1  -1 
  6 155  -1 168  -1  -1 236 236  87  -1  -1  86 161  62  -1  -1  -1  -1  -1  14  -1  -1  -1   3  -1  -1 
  7  -1 277  -1  -1 128  -1   1 210  -1  -1  -1 103  -1  -1  -1  -1 205  -1  -1  -1  -1  -1  -1 247  -1 
  8  -1  -1 127 299  -1  -1  56  -1  -1  -1  -1 233  -1 209 306  -1  -1  -1  -1  -1  -1 159  -1  76  -1 
  9  -1 169  -1  -1  -1  -1  -1 303 249 150  -1  -1  -1  -1  -1  -1  -1  -1  40  -1  -1  -1 246  16  16 
 10  -1  -1  -1  27  -1 213  -1  -1  28  -1  -1  -1  -1  20  -1  -1  70  -1  -1  -1  -1  -1  -1 202  -1 
 11  -1 115  -1 101  -1  -1  -1  -1  -1  -1  60  60  15  -1  -1  -1 196  -1  -1  -1  -1  -1  29  -1  -1 
 12  -1  36 260 282  -1  -1 307 279  45  -1  -1  -1  -1  67  -1  -1 144  -1  -1  -1  -1  77  -1  -1 221 
 13  -1  -1  -1  -1  84  -1  -1  -1  -1  66  -1 264 201  -1  -1  -1  -1  -1  -1  -1  -1  -1  23 291  -1 
 14  -1  79 245 173  -1  -1 117  89 165  -1  -1 256  -1  -1  -1  -1  -1  -1  -1  -1  -1  -1  -1  -1  -1 
 15  -1  -1  -1 194  -1  -1  -1  -1  -1  -1  -1  78 289 120  -1  -1  -1  -1 257  -1  -1  -1  -1  -1  -1 
 16  -1 190  47 267  -1  -1  -1 135  -1 259  -1  -1  -1  -1  -1  -1 157  -1  -1  -1  18  -1  -1  -1  -1 
 17  -1 108 176  -1  -1  -1  -1 192 192  -1  -1  -1  -1  -1 218  -1  -1 122  -1  -1  -1  -1  -1  -1  -1 
 18  -1 292  -1 114  -1  -1  -1  -1  -1  -1  -1  -1  41  -1  -1 265  -1  -1  -1  -1  -1  -1 204 215  -1 
 19  -1 253 125  -1  -1  -1  26  -1  -1  -1  -1  -1  -1  -1  -1  -1 232  -1 167  -1  -1  -1  -1  -1  -1 
 20  -1  -1 102  83  38  -1  -1 124 302  -1  -1  -1 147 170  -1 258  -1  -1  -1  -1  -1  -1  91  -1  -1 
 21  -1  33  69 179  -1  -1  -1  -1  -1  -1 130  -1  -1 304  -1  -1  -1  -1 300  85  -1  -1  -1 158  -1 
 22  -1  -1  34  82  -1  -1 276 160 145  -1 280 280  -1  -1  -1  -1  -1  -1  -1  -1  -1  -1  -1  -1  -1 
 23  -1  44  -1  -1  -1  -1 254  -1 174  -1  -1  13  -1  -1  -1  -1  -1 263 146  -1 175  -1  42 305  -1 
 24  -1 132  -1 214  -1  -1  -1 211 284  -1 177  -1  -1  -1  -1  -1  -1 154  -1  -1 217 111 106  -1  -1 
 25  -1  -1  -1 220  -1  -1  -1  58  -1  -1  -1  -1  -1  -1 261  -1 171  -1 255  -1  -1 121  -1  -1 131 
 26  -1  -1  -1  73  -1  -1  -1  -1  -1  -1  -1  -1 235  -1  -1  -1  25  -1  -1  -1  -1  35  -1  -1  -1 
 27  -1  59  -1  -1  -1 216 208  -1 104 104  -1  -1  -1  -1  -1  -1  -1  -1  -1  -1 126  -1 116  -1  -1 
 28  -1 223   0 203  -1  -1  -1  -1  -1  -1  81  -1 287 199  -1  -1  -1 290  -1  -1  39  -1  -1 123  -1 
 29  -1  -1 188  88  22 110  -1  -1  -1  -1  -1  -1  -1 152  -1  -1  -1 252 234  -1  -1  71 293  -1  -1 
 30  -1  -1  17  17  -1  -1  -1  19  19  19  -1  30  -1  -1  -1  -1  -1  24   4   4  -1  -1  -1   2   2 
 31  -1  -1  -1  -1  -1  -1  -1  -1  -1  -1  -1  -1  31  31  31  -1  -1  -1  -1  -1  -1  -1  -1  -1  -1 
 32  -1  -1  -1  -1  -1  -1  68  -1  -1  -1  48  48  74  -1  -1  -1  -1  61  61  -1  63  63  63  46  46 
 33  -1  -1  -1  -1  -1  -1  -1  -1  -1  -1  -1  -1  -1  -1  -1  -1  -1  75  75  75  -1  -1  -1  -1  -1 
 34  -1  -1 118  -1  -1  -1  -1  -1 112  -1  92  92 107 107 107  -1  -1 105 105  -1  -1  -1  -1  90  90 
 35  -1  -1  -1  -1  -1  -1  -1  -1  -1  -1  -1  -1  -1  -1  -1  -1  -1 119 119 119  -1  -1  -1  -1  -1 
 36  -1  -1 134 134  -1  -1  -1  -1 162  -1 149 149  -1  -1  -1  -1  -1 156 136 136  -1  -1 151 151 151 
 37  -1  -1  -1  -1  -1  -1  -1  -1  -1  -1  -1  -1 163 163 163  -1  -1  -1  -1  -1  -1  -1  -1  -1  -1 
 38  -1 200 206  -1  -1  -1  -1 180 180  -1  -1  -1  -1  -1  -1 178 178  -1 193 193  -1  -1 195 195 195 
 39  -1  -1  -1  -1  -1  -1  -1  -1  -1  -1  -1  -1  -1  -1  -1  -1  -1 207 207 207  -1  -1  -1  -1  -1 
 40  -1  -1  -1 250  -1  -1  -1 244 237 237 224 224  -1  -1  -1  -1  -1  -1 222 222 239 239 239  -1  -1 
 41  -1  -1  -1  -1  -1  -1  -1  -1  -1  -1  -1  -1 251 251 251  -1  -1  -1  -1  -1  -1  -1  -1  -1  -1 
 42  -1 266 266  -1  -1  -1 294  -1  -1  -1  -1  -1  -1 288  -1  -1  -1  -1 281 281 283 283 283 268 268 
 43  -1  -1  -1  -1  -1  -1  -1 295 295 295  -1  -1  -1  -1  -1  -1  -1  -1  -1  -1  -1  -1  -1  -1  -1 
 44  -1  -1  -1  -1  -1  -1 185  -1  -1  -1  -1  -1  -1 308  -1  -1  -1 241  -1  -1  -1  -1  51  -1  -1 
 45  -1  -1  -1  -1  -1  -1  95 272  -1  -1 275  -1  -1  -1 316  -1   5 285  -1  -1  -1  11 270  -1  -1 
 46  -1  -1  -1  -1  -1  -1  -1  -1  -1  -1  -1  -1  -1  -1  -1   9 140  -1  -1  -1  -1  -1  -1 142  -1 
 47  -1  -1  98  49  -1  -1  -1  -1  -1  -1  -1 139  -1  -1  -1  99  -1  -1 184  -1  -1  -1  -1  -1  -1 
 48 309 186  -1  -1 109  -1  -1  -1  -1  -1   8  -1  -1  -1  -1  -1  50  -1  -1 271 312  -1  -1  -1  -1 
 49  -1  -1  -1  -1  -1  -1  -1  -1  -1  -1  -1  -1  -1  -1  -1 225  94  21 274  -1  -1 187  -1  -1  -1 
 50  -1   6 229   7 310  -1 231 153 228  -1 143 183 197  -1  -1  54  -1  -1  -1  -1  -1  -1  -1 181  -1 
 51  -1  -1  65  -1  -1  -1  53 230  -1 314  -1  10  -1  -1  -1  -1  -1  -1  -1  -1  -1  -1  -1 226  -1 
 52  -1  -1  -1  -1  -1 311  -1  55  93  -1  -1  -1  -1  -1  -1 138 269 315  52  -1  -1 141  -1  -1  -1 
 53  -1  96  -1  -1  -1  -1 273  -1 137  -1  -1  -1 313  -1  -1  -1 227  -1  97  -1  -1  -1 182  -1  -1 

r\t   0   1   2   3   4   5   6   7   8   9  10  11  12  13  14  15  16  17  18  19  20  21  22  23  24 
  0  -1  -1 212  -1  -1  -1  36  -1  -1  -1  -1  -1 130  -1  -1  -1  26  -1  -1  -1  -1  -1  -1  -1  -1 
  1  -1  -1  -1  -1  -1  -1 299  -1  12  -1  -1 155 188  -1  -1  -1  -1 282  -1  -1  45  -1 256  -1  -1 
  2  -1  -1 293 297  -1  -1 303 301  -1  -1  -1  77  -1  -1  -1  -1  -1 242  -1  -1  -1  25  86  -1  -1 
  3  -1  -1  34  -1  40  -1 110  -1  -1  -1  22  -1  -1 171  -1  -1  -1  -1  -1  -1  -1  -1  38  -1  -1 
  4  -1 215  -1  -1  -1  -1  -1 121  -1  -1  -1  -1  73 218  -1  -1  -1  -1  -1  -1 175 279  -1 161  -1 
  5  -1 152  -1  -1  -1  -1  -1 203   0  -1  -1 267  -1  -1  37  -1 234  -1 280 280  -1  -1 102  -1  -1 
  6  -1  15 236 236  -1  -1  -1 148 148  -1  -1 158  -1  -1  -1  -1 174  -1  -1  -1  -1  -1  -1  59  -1 
  7  87  -1 128  -1  -1  -1 202  27  -1  -1  -1 290 164 262  -1  -1  -1  -1 124  -1  -1  20  -1 172  -1 
  8  -1  -1  -1  13  -1  -1  -1  -1 126 302  -1  -1 122  -1  -1  -1  -1  -1  -1  18  -1  -1 219  -1  -1 
  9  -1 254  -1  -1  -1  -1  -1  -1  -1  -1  -1 101  -1  -1  -1  -1  -1  -1  -1  -1  -1 307  -1  -1  -1 
 10  -1  -1  -1  -1  -1  -1 173  -1  33  -1  67  -1 259  -1 257  -1  -1 245  -1  -1  -1 166  -1  -1  -1 
 11  -1 100  -1  29  -1 217  -1  -1  -1  -1  -1  -1  -1 255  -1  83 277  -1  -1  -1  -1 232  -1  -1  -1 
 12  -1 208 125  -1  -1  -1 286  41  -1  -1  -1  -1 284  -1  -1  -1 147  -1  -1  -1  -1  -1  69  -1  -1 
 13  -1 133  84 204  -1  -1  -1  -1 104 104  -1  -1  -1 159  -1  -1 253  -1  14 261  -1 103  -1  -1  -1 
 14  -1 238  -1  -1  -1  82  85  -1  -1  -1  -1  -1  -1 194  -1  -1  -1 300  -1  -1  -1  -1  -1  32  -1 
 15  -1 120  -1 213  -1  -1  -1 179  -1  -1  -1  -1  -1  79  -1  -1  -1  -1  -1  -1  -1 252  56  -1  -1 
 16  -1  -1  -1 127  -1  -1  -1  -1  -1  -1  -1  -1 240  -1  42  -1  -1  -1  -1 169  -1  -1 115  -1  -1 
 17  -1  -1  -1  -1  -1 263  -1  -1  -1  -1  -1 189  -1 287  -1 258   1  -1 108  -1 177  -1  -1 145  -1 
 18  -1 223  -1 165  -1  -1 247 132 116  -1  -1  -1  -1  -1  -1  -1  64  -1  -1  -1  -1 190 289 249  -1 
 19  -1 304 248 113  -1  -1 150  60  60  -1  -1 135 211  -1  -1  -1  -1  -1  -1  -1  -1 114  -1  -1  -1 
 20  -1 264  -1  -1  -1  -1  -1 131 292  -1  -1  -1  -1  -1  -1  -1  76  -1  -1  -1  -1  -1  -1  -1  -1 
 21  -1  -1  -1  -1  -1  -1 243  43  -1  -1  -1  -1  -1 214  -1  -1 196  -1  -1  -1  -1  -1 191  70  -1 
 22  -1  71 154  88  -1  -1 123  -1  -1  -1  -1  -1  -1  -1  -1  -1  91  -1  -1  -1  -1  -1 168  -1  -1 
 23 306  35  -1  44  -1  -1 167 278  -1 221  -1 235  -1  62  -1  -1 117  -1  -1  -1  -1  -1 144  -1  -1 
 24  -1  -1 160 146  -1  -1  -1  -1  -1  -1  -1 210  -1  -1  -1  -1 260  -1  -1  81  -1 298 201 129  -1 
 25  -1  -1   3  80  -1  -1 199 246 276  -1  -1  -1 265  -1  -1  -1 209  -1 233  -1  -1 205 170 192 192 
 26 220  -1  23  57  -1  -1  -1  -1 157  -1  -1  47 216  -1  -1  -1  -1 111  -1  -1  -1 176 305  -1  -1 
 27  -1 291  72  -1  -1  -1  -1  -1  -1  -1  -1  -1  -1  -1  -1  -1  -1  -1  89  -1  -1  58  -1  -1  -1 
 28  -1  -1  39  -1  -1  -1  66 296  78  -1  -1  28  -1  -1  -1  -1 106  -1  -1  -1  -1  -1  16  16  -1 
 29  -1  -1  -1  -1  -1 198  -1  -1  -1  -1  -1  -1  -1  -1  -1  -1  -1  -1  -1  -1  -1  -1  -1  -1  -1 
 30   2   2  -1  -1  -1  19  19  19  -1  -1  -1  -1  17  17  -1  -1  -1  -1  30  -1   4   4  24  -1  -1 
 31  -1  -1  -1  -1  -1  -1  -1  -1  -1  -1  -1  -1  31  31  31  -1  -1  -1  -1  -1  -1  -1  -1  -1  -1 
 32  63  63  63  -1  -1  -1  -1  74  46  46  -1  -1  -1  68  -1  -1  -1  61  61  -1  -1  -1  48  48  -1 
 33  -1  -1  -1  -1  -1  -1  -1  -1  -1  -1  -1  -1  -1  -1  -1  -1  -1  75  75  75  -1  -1  -1  -1  -1 
 34  90  90 107 107 107  -1  -1  -1  -1  -1  -1  -1 105 105  -1  -1  -1 112  -1  -1  92  92  -1 118  -1 
 35  -1  -1  -1  -1  -1  -1  -1  -1  -1  -1  -1  -1 119 119 119  -1  -1  -1  -1  -1  -1  -1  -1  -1  -1 
 36  -1  -1  -1 162  -1  -1  -1 156  -1  -1  -1  -1 151 151 151  -1  -1 149 149  -1 136 136 134 134  -1 
 37  -1  -1  -1  -1  -1  -1  -1  -1  -1  -1  -1  -1  -1  -1  -1  -1 163 163 163  -1  -1  -1  -1  -1  -1 
 38 180 180 195 195 195  -1  -1  -1 178 178  -1  -1  -1 200  -1  -1  -1 193 193  -1  -1  -1  -1 206  -1 
 39  -1  -1  -1  -1  -1  -1  -1  -1  -1  -1  -1  -1  -1  -1  -1  -1  -1 207 207 207  -1  -1  -1  -1  -1 
 40  -1  -1  -1 244  -1  -1  -1 237 237  -1  -1  -1  -1  -1  -1 224 224  -1 250  -1 222 222 239 239 239 
 41  -1  -1  -1  -1  -1  -1  -1  -1  -1  -1 251 251 251  -1  -1  -1  -1  -1  -1  -1  -1  -1  -1  -1  -1 
 42 283 283 283  -1  -1  -1  -1  -1 266 266  -1  -1  -1 294  -1 268 268  -1 288  -1  -1  -1  -1 281 281 
 43  -1  -1  -1  -1  -1  -1  -1  -1  -1  -1  -1  -1  -1  -1  -1  -1  -1  -1  -1  -1  -1  -1 295 295 295 
 44 140  -1  -1  -1  -1  -1  -1  94  -1  -1  -1  96  97 308  -1  -1  -1  -1 228  -1  -1  -1  -1 231 153 
 45  -1  -1 230  -1  -1  -1  -1  -1  -1  -1 310 226  -1  -1  -1  -1  -1  21  -1  -1  -1  -1 273  -1  -1 
 46  -1  52  -1  -1  -1  -1  -1  -1  95  -1  -1  -1  -1  -1 311 138 141  -1 181  -1  -1  -1  -1   5 314 
 47  -1  -1  49 225  -1  -1  -1 197  -1  -1  -1 285  51  -1  -1  -1  -1  -1  -1  -1  -1  -1 184  -1  -1 
 48  -1  -1  -1 272  -1  -1 313  54 229  99  -1 182  -1  -1  -1   7 187  -1  -1  -1 269  -1  93  -1  -1 
 49  -1  -1  -1  -1  -1 312  -1 271  -1 143  -1  10 137 241  -1 185  53  -1 275  -1  -1  -1  -1  -1  -1 
 50  -1  -1 274  -1  -1  -1  -1  -1 142  -1  -1  65  -1  -1  -1  55  -1 309  -1  -1  -1  -1  -1 186  -1 
 51  -1  -1  -1 139  -1  -1  -1  -1  -1  -1  -1  -1  -1  -1  -1  -1  -1  -1  -1 316  -1  50  -1  -1  -1 
 52  -1  -1  -1  -1 315  -1  -1 227  -1  -1  -1  -1  -1  -1  -1  98  -1  -1  -1  -1  -1 270   9 109  -1 
 53  -1  -1  -1  11  -1  -1  -1  -1  -1   8  -1  -1 183  -1  -1  -1  -1  -1   6  -1  -1  -1  -1  -1  -1 

r\t   0   1   2   3   4   5   6   7   8   9  10  11  12  13  14  15  16  17  18  19  20  21  22  23  24 
  0   1  12 113  -1  -1  -1  -1  -1  -1  -1  -1 189  -1 130  40  -1  -1  -1  58  -1  -1  -1  -1  -1  -1 
  1  -1  -1 165  -1  -1  -1  28  -1 131  -1  -1  -1  -1 282  -1  -1 208  -1 289  -1  -1  -1  -1  -1  -1 
  2  -1  -1  -1  -1  -1  -1 214  -1  -1  -1  -1 234 188  -1  -1  -1 168 264  25  -1  -1  23  -1  -1  -1 
  3  -1 246 300  -1  -1  -1 233  -1  80  -1  -1  -1 307 299  -1  -1 238  -1  -1  -1  -1  -1  -1 297  -1 
  4  -1  -1  -1 177  -1  -1  89  -1  -1  -1  -1  -1 278  -1  -1  -1 306  -1  -1  -1  -1  -1  -1  -1  -1 
  5  -1 135  -1  -1  -1  -1  44  -1  -1  -1  -1 252  -1  -1  -1  -1  18  -1  -1  -1  -1  70  -1 106  -1 
  6  -1  69 211 232  -1  -1  -1  -1  -1  -1  -1  33 170  -1  -1 218  -1  -1  -1  -1  67  -1  -1 201  -1 
  7  -1  -1  -1  -1  -1 221 191  -1  -1  -1  -1  81  -1 145  -1  -1  -1 192 192  -1  -1  -1  -1  91  -1 
  8  -1  -1  -1  -1  -1  42  -1 213  -1  -1 174  -1  36  -1  -1  -1  37  -1  -1 133  -1  -1  -1  -1  -1 
  9  -1  -1 210  -1  -1  -1 276  71  -1  -1  -1  -1  27  -1  38  -1 219  -1  -1 220  -1  -1  -1 126  85 
 10  -1  -1  -1  -1  -1  -1  -1  -1  -1  -1  -1  -1  -1  79  -1  -1  -1  -1  -1  -1  -1 261  -1  -1  -1 
 11  -1  -1  -1  -1  -1  -1  56  -1  -1  -1  -1  41 123 157  -1  -1 124  -1  -1  -1  -1   3  -1 164  -1 
 12  -1  -1  -1  -1  -1  -1  -1  -1  -1  -1  -1  15 304 121  -1  -1  -1 148 148  -1  -1  -1  -1  -1  -1 
 13  -1  -1 194  -1  -1  -1  -1  66 249  -1  -1  77 125  -1  -1  -1  -1 263  -1  -1  -1  -1 240 144  -1 
 14  -1  -1  -1 248  -1  -1  -1  -1  -1  -1  -1  -1  -1 190  -1  -1 110  -1  -1 127  -1 100 111   0  -1 
 15  -1  -1  -1  -1  -1  -1  72 279 284 305  -1  -1 202  -1 150  -1  32  62 117  -1  -1  -1  -1 172  -1 
 16  -1  -1  29  -1  -1  -1  -1  -1  -1  -1  -1 204  14  -1  -1  -1  -1  -1 303  -1  -1 171  -1  -1  -1 
 17 132  -1  -1  76  -1  -1  -1  -1  -1  -1  -1  59  -1  -1  -1  -1  -1  -1  -1  -1  -1  -1  -1  -1  -1 
 18 265 154  -1  -1  -1  -1 256  -1 301  -1  -1  -1 146  -1  -1  -1  -1 223 203  -1  -1  -1  -1  -1  -1 
 19  -1  57  -1  -1  -1  -1  -1  -1 235  -1 128  -1 102  -1  -1  -1  -1 243  -1  -1  -1  -1  -1  -1  -1 
 20  -1 290  -1  -1  43  -1 161  -1  64  -1  -1 277 236 236 215  -1  -1  -1  -1  -1  -1 159  -1  -1  -1 
 21  -1  -1  -1  -1  -1 176  20 122  -1  -1  -1  -1 167 108  -1  -1 253  78  -1  -1 129  -1  26  -1 262 
 22 173  -1  -1  -1  -1  -1 205  -1  -1  -1  -1 116  60  60  -1 242 257  -1 280 280  -1 292  87 255  -1 
 23  -1 179  -1  35  -1  -1  -1 196  -1  -1  -1  -1  -1  -1  -1  -1 293  47  -1  -1  -1 258  -1  -1  -1 
 24 259  -1 247 152  -1  -1 147  -1  -1  -1  -1  -1  73  86  -1  -1  -1 298  -1  -1  -1  88 291  -1  -1 
 25  -1  -1  -1 260  -1  -1  -1  -1  -1  -1  -1  -1  -1  13  -1  -1 175 245  -1  -1  -1  -1 212  -1  -1 
 26  -1 120  -1  -1  -1  -1  -1  -1  -1  -1  83 101  -1  -1  -1  -1  -1 104 104  -1  -1  -1  -1  -1 169 
 27  -1  -1  -1 160  22  -1  -1  -1  -1  -1  -1  -1  -1  34  -1  -1 287  -1 166  -1  -1 209  -1  -1  -1 
 28  -1 199  -1  -1  -1  -1  -1  -1  45  -1  -1  -1  84 216  39  -1 198  -1 254  -1  -1  -1 158  82  -1 
 29  -1 103  -1  -1  -1 302  -1  -1  -1  -1  -1 296  -1 267  -1 286 155  16  16  -1 217  -1 115 114  -1 
 30  -1  -1  -1  -1  -1   2   2  17  17  -1  -1  -1  -1  -1  -1  -1  -1  24   4   4  -1  30  19  19  19 
 31  -1  -1  -1  -1  -1  -1  -1  31  31  31  -1  -1  -1  -1  -1  -1  -1  -1  -1  -1  -1  -1  -1  -1  -1 
 32  46  46  63  63  63  -1  -1  -1  -1  -1  -1  -1  -1  68  -1  -1  74  -1  48  48  -1  -1  61  61  -1 
 33  -1  -1  -1  -1  -1  -1  -1  -1  -1  -1  -1  -1  -1  -1  -1  -1  -1  -1  -1  -1  -1  -1  75  75  75 
 34  90  90 107 107 107  -1  -1 105 105  -1  -1  -1  -1  -1  -1  -1  -1 112  92  92  -1 118  -1  -1  -1 
 35  -1  -1  -1  -1  -1  -1  -1 119 119 119  -1  -1  -1  -1  -1  -1  -1  -1  -1  -1  -1  -1  -1  -1  -1 
 36  -1 162  -1  -1  -1  -1  -1 149 149  -1  -1 156 136 136  -1  -1  -1  -1  -1  -1 151 151 151 134 134 
 37  -1  -1  -1  -1  -1  -1  -1 163 163 163  -1  -1  -1  -1  -1  -1  -1  -1  -1  -1  -1  -1  -1  -1  -1 
 38  -1 200  -1  -1  -1  -1  -1  -1 193 193  -1 178 178  -1  -1  -1  -1 206 180 180  -1  -1 195 195 195 
 39  -1  -1  -1  -1  -1  -1  -1 207 207 207  -1  -1  -1  -1  -1  -1  -1  -1  -1  -1  -1  -1  -1  -1  -1 
 40 239 239 239  -1  -1  -1  -1  -1 222 222  -1  -1 244 250  -1  -1  -1  -1  -1  -1 237 237  -1 224 224 
 41  -1  -1  -1  -1  -1  -1  -1  -1  -1  -1  -1  -1  -1  -1  -1  -1  -1  -1  -1  -1 251 251 251  -1  -1 
 42  -1  -1 283 283 283  -1 294  -1  -1  -1  -1  -1 288  -1  -1  -1  -1  -1 266 266 281 281  -1 268 268 
 43  -1  -1  -1  -1  -1  -1  -1 295 295 295  -1  -1  -1  -1  -1  -1  -1  -1  -1  -1  -1  -1  -1  -1  -1 
 44  -1  -1  -1  -1  -1  -1 225  -1 187  -1  -1   7  98  -1  -1  -1  -1  -1  -1  -1  -1  -1  -1  53  -1 
 45  -1  -1 308  -1 197  95  -1 241  -1  -1  -1  94  -1  -1  -1  -1  -1  -1 140  -1  -1  -1  -1  -1  -1 
 46 186 227 153  -1  -1  -1  -1  -1 139  -1  -1 230 275  -1  -1  -1  -1  -1  -1  -1  -1  52  -1  -1  -1 
 47  -1  -1  -1 142  -1 143  -1  -1  -1  -1  -1  -1   5  -1  -1  -1  -1  -1  -1  -1 310 181  -1  -1  -1 
 48  -1 270  21  -1  -1  -1 273  -1  -1  -1  -1  -1  49 185  -1  -1  65 137  -1  -1  -1  -1  -1  -1  -1 
 49  -1   8  -1  -1 312 271 184  -1  -1  -1 316  50  -1  -1  -1  -1  -1 183  -1  -1  -1  -1 311  -1  -1 
 50  -1  -1  -1  -1  -1  -1 141  -1  -1  -1  -1 138  -1   6  -1  -1 315  -1 229  -1  -1  -1  -1  -1  99 
 51  -1  -1  -1  10  -1  -1  -1 313  11  54  -1  -1  -1  51 109 314  -1  93  -1  -1  -1  -1 285  -1  -1 
 52  -1  -1  -1  -1  -1  55  -1  -1  96  -1  -1  -1 231 228  -1  -1  -1   9  -1  -1  -1  -1  -1 182  -1 
 53  -1  -1  -1 226  -1  -1  -1  -1 269  -1  -1 274  -1  97 309  -1  -1  -1  -1  -1  -1 272  -1  -1  -1 

r\t   0   1   2   3   4   5   6   7   8   9  10  11  12  13  14  15  16  17  18  19  20  21  22  23  24 
  0  -1  -1 277  -1  -1  -1 121 248  84  -1  -1  66  -1  -1  -1  -1  -1  -1  -1  -1  -1 130  -1  -1  -1 
  1  -1  33 174  -1  -1  -1  43  -1  -1  42  -1  -1 307  -1  -1 259  -1  -1  -1  -1  -1 103  -1 114  -1 
  2  -1 212 102  -1  -1  -1 133  -1  -1  -1  -1 146  -1  77  -1  -1  -1  -1  -1  -1  -1  -1 147 256  -1 
  3  -1 214 148 148  -1  -1  -1  78 261  -1 198  -1 135  -1  -1  -1  -1  -1 253  -1  -1 125 115  -1  -1 
  4  -1  -1 202 132  -1  -1  -1  -1 293  -1  -1 234  83 117  -1  -1  -1  -1  -1  -1  -1 144  -1  -1  -1 
  5 176 298  -1 289  -1  -1 297 291  -1  -1  -1  -1 166 299  -1  -1  -1  59  -1  -1  -1  38  72  -1  -1 
  6  -1  -1 168  -1  -1  -1  -1  -1  -1  -1  -1  -1  -1 157  -1  -1  -1  -1  -1  -1  -1  -1 196  -1  -1 
  7 220  36 258  89  -1  -1 276  -1 126  -1  -1  -1  -1  -1  -1  -1  -1  -1  -1  -1  -1  -1  -1  -1  -1 
  8 175  -1  -1  -1 219  -1  -1 302  -1  -1  -1  -1 218  13  -1  -1  56  -1  -1  -1  -1  64 128  41  -1 
  9  -1 150 260  -1  -1  -1  -1 242 243  -1  -1  -1  -1  -1   1  -1  -1 171  -1  -1  -1 161  -1  -1  -1 
 10  -1 160  34  15  -1  -1  -1 152  -1  -1  -1  -1  14 284 221  -1  -1  -1  -1  -1  -1  -1  -1 170  -1 
 11  -1 286   0  -1  -1  -1  58  -1  -1  -1 280 280  44 240  -1  -1   3  -1  -1 303  -1  -1 290  -1  -1 
 12  -1  67 131  -1  -1  -1  -1  -1  -1  -1  -1 246 209  -1  -1 172 205  -1  -1  -1  -1  -1  -1  -1  -1 
 13  -1 216  -1  -1  -1  -1  -1  -1  -1  -1  -1  -1  -1  -1  -1  -1  -1  29  -1  -1  -1  -1  -1  -1  -1 
 14  -1  -1 173  -1  -1  -1  -1  -1  -1  -1  -1  -1 192 192  -1  -1  -1 188  -1  -1  -1  -1  -1  -1  -1 
 15  -1  -1  -1  -1  -1  91  -1  57  -1 238  -1  -1 232  -1  -1  -1  -1 245 210 194  -1  -1  -1  -1  -1 
 16  -1  -1  -1  -1  -1  -1 179  -1  -1  -1  -1  -1  26 204  -1  -1  -1  -1  -1  -1 177 190  -1  -1 306 
 17  -1  -1  -1 278  -1  -1  -1  -1  -1  -1  -1  -1  -1  -1  -1  -1  -1 164 211  -1  -1  20  -1  -1  -1 
 18  -1  -1 264  27  -1  -1 254 123  -1  -1  82  79 292  71  -1  -1  -1  -1  -1  -1  -1  -1  -1 236 236 
 19  -1  69  -1 252  -1  87  -1 267 110  -1  -1  -1  -1  -1  -1  62  86  -1  -1  -1  -1  -1  -1  -1  -1 
 20  -1 257  -1  -1  -1 304  -1  -1 116  37  -1  -1  60  60  -1 169  -1  -1  -1  -1  -1  -1 129  -1  -1 
 21  -1  -1  -1  -1  -1  -1 158 223 249 263  -1 167 100  -1  -1  -1  -1  -1  -1  -1  -1  28  -1 191  -1 
 22  -1 213  -1  70  -1 215  25  -1  -1  -1  -1 296 127 145  -1  -1  35  -1  -1  -1  -1  -1  -1  -1  -1 
 23  45  -1  -1  -1  -1  -1  88  -1 203  -1  -1  -1  -1 108  -1  -1  -1 122  -1  -1  -1  -1 262  -1  -1 
 24  -1  22  -1 235  -1  -1  -1 159  -1  18  -1 101  -1  -1  -1  -1 279  -1 165  -1  -1  -1  -1  -1  -1 
 25 265 120  80 201  -1  -1 199 208  32  -1  -1  -1 287  -1  -1  -1  73  -1  -1  -1  -1 113  -1  76  -1 
 26  -1 111  -1  -1  -1  -1  -1  -1 154  -1  -1  -1 124 247  -1 106  -1  -1  -1  -1  -1  -1  -1 301  -1 
 27 217  -1 255  -1  -1 104 104  -1 282  -1  -1  47  -1  -1  -1  40  -1  -1  -1  -1  -1 300  -1  -1  -1 
 28  39  -1 233  -1  -1  -1  -1  -1  -1  -1  -1  -1  -1  -1  -1  -1  23  -1  -1  -1  -1  -1  -1  -1  85 
 29  -1  -1  12  -1  -1  -1  -1  16  16 155  -1  -1  -1  -1  81  -1 189  -1  -1  -1 305  -1  -1  -1  -1 
 30  -1  -1  -1  -1  -1   4   4  24  -1  -1  -1  -1  -1  30  -1  -1  -1  19  19  19   2   2  17  17  -1 
 31  -1  -1  -1  -1  -1  -1  -1  -1  -1  -1  -1  -1  -1  -1  -1  -1  -1  -1  -1  -1  -1  -1  31  31  31 
 32  -1  -1  61  61  -1  46  46  -1  74  -1  -1  -1  68  -1  -1  -1  -1  -1  -1  -1  48  48  63  63  63 
 33  -1  -1  -1  -1  -1  -1  -1  -1  -1  -1  -1  -1  -1  -1  -1  -1  -1  75  75  75  -1  -1  -1  -1  -1 
 34  -1  -1 118  -1  -1  -1  -1  -1  -1  -1  -1 112  -1  92  92  -1  -1  -1 105 105  90  90 107 107 107 
 35  -1  -1  -1  -1  -1  -1  -1  -1  -1  -1  -1  -1  -1  -1  -1  -1  -1 119 119 119  -1  -1  -1  -1  -1 
 36  -1  -1  -1 156  -1  -1  -1  -1  -1  -1  -1  -1  -1 136 136  -1 162 151 151 151 134 134  -1 149 149 
 37  -1  -1  -1  -1  -1  -1  -1  -1  -1  -1  -1  -1  -1  -1  -1  -1  -1  -1  -1  -1  -1  -1 163 163 163 
 38  -1  -1 193 193  -1  -1 206 195 195 195  -1 200 180 180  -1  -1  -1 178 178  -1  -1  -1  -1  -1  -1 
 39  -1  -1  -1  -1  -1  -1  -1  -1  -1  -1  -1  -1  -1  -1  -1  -1  -1  -1  -1  -1  -1  -1 207 207 207 
 40  -1 244  -1  -1  -1 222 222  -1  -1  -1  -1  -1 224 224  -1  -1 250 239 239 239 237 237  -1  -1  -1 
 41  -1  -1  -1  -1  -1  -1  -1  -1  -1  -1  -1  -1  -1  -1  -1  -1  -1  -1  -1  -1 251 251 251  -1  -1 
 42  -1  -1 288  -1  -1 266 266  -1  -1  -1  -1  -1  -1 268 268  -1 294 281 281  -1  -1  -1 283 283 283 
 43  -1  -1  -1  -1  -1  -1  -1  -1  -1  -1  -1  -1  -1  -1  -1  -1  -1 295 295 295  -1  -1  -1  -1  -1 
 44  -1  -1 227  -1  -1 143  -1  -1  -1 308  -1  -1  -1  49  -1  -1  98  -1  -1  -1  -1  -1  -1  -1  -1 
 45  -1  -1  -1 229 314  -1  -1   9  -1  -1  -1  97   8  -1  50  -1  52 141 230  -1  -1 272  -1  -1  -1 
 46  -1 311  -1  10  -1 183  -1  99  65  -1  -1 274  94  -1  -1  -1  -1  96  -1  -1  -1  -1  -1  -1  -1 
 47  -1  -1  55 271  -1  -1  -1  -1  -1  -1  -1 187 153  -1  -1  -1  -1   5  -1  -1 269  -1   6  -1  -1 
 48  -1  -1 137  -1  -1  -1  -1 139 315  -1  -1  -1  -1   7  -1  -1  -1  -1  51 310  -1  -1  -1  -1  -1 
 49  -1  -1  -1  -1  -1  -1  -1 285  -1  -1  -1  -1  -1  -1  -1  -1 270  -1  -1  -1  -1  -1  -1  -1  -1 
 50  11 197  95  53 109  -1  -1  54  -1  -1  -1  -1  -1  -1  -1  -1  -1  -1  -1  -1  -1  -1  -1  -1  -1 
 51  93 241 181  -1  -1  -1  -1  -1  -1  -1  -1  21  -1  -1  -1  -1 226  -1 275  -1  -1 231  -1 313  -1 
 52  -1  -1  -1 182  -1  -1  -1  -1  -1  -1  -1 228  -1  -1 185 309 142  -1  -1  -1  -1  -1 225  -1 316 
 53 138  -1  -1  -1  -1  -1  -1  -1  -1  -1 312 140  -1  -1  -1  -1 186 273  -1  -1  -1 184  -1  -1  -1 

r\t   0   1   2   3   4   5   6   7   8   9  10  11  12  13  14  15  16  17  18  19  20  21  22  23  24 
  0  -1 169  -1  -1  -1  -1  -1 148 148  -1  -1  -1  -1 302  -1  -1  -1 100  -1  -1  -1  -1 192 192  -1 
  1  -1  -1 252  -1  -1  -1 130  -1  -1  -1  -1 122  -1  -1  -1  -1  -1 218  -1  -1  -1 190  -1  -1  -1 
  2  44 219  -1 257  -1  -1  42  -1 209  -1  -1 160  -1  39  -1  -1 164  -1 154  -1  -1  -1 291  -1   1 
  3  -1 126  -1  38  -1  -1 110  -1  -1  -1 177  -1  -1  -1  -1  -1  -1 144  -1  -1  -1 133  67  -1  -1 
  4  -1  -1  -1  -1  -1  -1  -1  -1  -1  -1  -1 255  -1  -1  -1  -1  -1   3 211  -1  -1  -1  -1  -1  -1 
  5  -1  69  -1  -1  -1  -1  58  -1 234  -1  -1  -1 204  -1  -1  -1  -1  -1  -1 171  -1  -1  -1  -1  -1 
  6  -1  -1  -1 202  -1  -1 293  82  -1  -1  -1  -1  -1  -1  -1  -1 235 263  -1  -1  -1 125 242  -1  -1 
  7  -1  -1  -1  -1  -1  -1  32  -1  -1  -1  -1  -1  -1  -1  -1  -1   0 286  29  -1 236 236 247  -1  -1 
  8  -1  -1 176  -1  -1  -1  -1  -1  -1  -1  -1 188 198  -1  -1 214  -1  -1  -1 304  -1  -1  -1 201  -1 
  9  -1  -1 121 123  -1  -1 150  -1  12  -1  -1  -1  -1  83  -1  -1  -1  -1  -1  -1  -1  -1  -1  -1  -1 
 10  -1  20  -1  -1  -1  -1 191  -1  -1  -1  -1  -1  -1 196  -1  -1 245  18 124  -1  -1  -1  -1  66  -1 
 11  -1 116  -1  -1  41  -1  -1 232  -1  -1  -1  33  23  71  -1  -1 189  57  -1  -1  45  -1  -1  47  -1 
 12  -1  -1  -1 213  -1  -1  -1 104 104  -1  -1  -1  34  15  -1  -1 152 208 287  -1  -1 103  -1  -1 217 
 13  -1  -1  -1  -1  -1  -1  -1  -1  -1  -1  -1  -1  62  -1  -1  -1  35  -1 210  -1  -1  -1  -1  -1  -1 
 14  -1 101 173 260  -1 301 135 254  -1 238  -1 146  -1  60  60  -1  -1  -1 194  -1  -1 205  -1  -1  -1 
 15  -1  -1  -1  -1  -1  -1  -1 172  -1  -1  22  -1 165 145  -1 155  -1 166  -1  -1  -1  -1  16  16  -1 
 16  -1 161 203  -1  -1  -1  -1  -1  -1  -1 262  -1  -1  -1  -1  -1  -1 179  -1  -1 265 297  -1  -1  -1 
 17  -1 223  -1  -1  -1  -1  -1  25  -1  -1  -1  -1  72  -1  -1  -1  -1 233 253  87  -1  -1  -1  -1  -1 
 18  85 298  77 261  -1  -1  -1  -1  -1  -1  -1 174  -1  27  -1  -1  -1  -1 159  -1  -1  -1  -1 221  -1 
 19  -1  -1 129  -1  -1  -1  91  -1 157  -1  -1 240  -1 264  -1 305  -1  -1  -1  -1  -1  -1  -1 284  -1 
 20  -1 147  43  -1  -1  -1  -1  88 303  -1  -1  -1 282 307  -1 106  89 267  78  -1  -1  80 158  -1  -1 
 21 215  -1  -1 170  -1 128 248  -1  -1  -1  37  79  -1 292  -1  -1  -1  -1  -1  -1  -1  -1  -1 113  -1 
 22 216  -1 102  -1  -1  -1 259  -1 300  -1  -1 277  -1 212  -1  84  -1  40 290  81  -1  -1 120  70  -1 
 23  -1  -1  73  -1  -1  -1  -1  -1  -1  -1  -1 108  -1  -1  -1  -1 306  -1  -1  -1  -1  -1  -1 168  -1 
 24  -1 256  -1  -1  -1  -1  -1  -1 132  -1  -1  -1 296 278  -1  -1  14  -1 111  -1  -1  -1  -1  -1  -1 
 25  -1  28  -1  -1  -1  -1  -1 167  -1  -1  -1  -1  -1  36  -1  -1 114  -1  -1 131  -1  13  -1  -1 127 
 26  -1  -1 289 249  -1  -1  -1  -1  -1  -1  -1  -1  -1  86  -1  -1  59  -1  -1  -1  -1 276  -1  -1  -1 
 27  -1  64  -1 279  -1  -1  -1  -1  -1  -1  -1 299  -1 175  -1 280 280 115 243  -1  -1  26  -1  -1  -1 
 28  -1  -1  -1 199  -1  -1  76 117  -1  -1  -1  -1  -1 258  -1  -1  -1  -1  -1  -1  -1  56  -1 246  -1 
 29  -1  -1  -1  -1  -1  -1  -1  -1 220  -1  -1  -1  -1  -1  -1  -1  -1  -1  -1  -1  -1  -1  -1  -1  -1 
 30  -1  -1  17  17  -1  19  19  19  24  -1  -1  -1  -1   4   4  -1  -1  -1  -1  -1   2   2  -1  30  -1 
 31  -1  -1  31  31  31  -1  -1  -1  -1  -1  -1  -1  -1  -1  -1  -1  -1  -1  -1  -1  -1  -1  -1  -1  -1 
 32  -1  -1  63  63  63  -1  -1  61  61  -1  48  48  -1  46  46  -1  74  -1  -1  -1  -1  -1  68  -1  -1 
 33  -1  -1  -1  -1  -1  -1  -1  75  75  75  -1  -1  -1  -1  -1  -1  -1  -1  -1  -1  -1  -1  -1  -1  -1 
 34  92  92  -1  -1  -1  -1 118  -1 112  -1  90  90 105 105  -1  -1  -1  -1  -1  -1  -1  -1 107 107 107 
 35  -1  -1  -1  -1  -1  -1  -1  -1  -1  -1  -1  -1 119 119 119  -1  -1  -1  -1  -1  -1  -1  -1  -1  -1 
 36 134 134 149 149  -1  -1 156  -1  -1  -1 136 136 162  -1  -1  -1  -1  -1  -1  -1  -1  -1 151 151 151 
 37  -1  -1 163 163 163  -1  -1  -1  -1  -1  -1  -1  -1  -1  -1  -1  -1  -1  -1  -1  -1  -1  -1  -1  -1 
 38 195 195 195  -1  -1  -1  -1  -1 193 193  -1 200  -1  -1  -1  -1  -1  -1  -1  -1 180 180 206 178 178 
 39  -1  -1  -1  -1  -1 207 207 207  -1  -1  -1  -1  -1  -1  -1  -1  -1  -1  -1  -1  -1  -1  -1  -1  -1 
 40  -1  -1 239 239 239  -1  -1  -1 244  -1 222 222 237 237  -1  -1  -1 250  -1  -1 224 224  -1  -1  -1 
 41  -1  -1  -1  -1  -1  -1  -1  -1  -1  -1  -1  -1 251 251 251  -1  -1  -1  -1  -1  -1  -1  -1  -1  -1 
 42 281 281  -1  -1  -1  -1  -1 283 283 283 266 266  -1  -1  -1  -1 294 288  -1  -1  -1  -1  -1 268 268 
 43  -1  -1 295 295 295  -1  -1  -1  -1  -1  -1  -1  -1  -1  -1  -1  -1  -1  -1  -1  -1  -1  -1  -1  -1 
 44  -1  -1  -1  -1  -1  -1  -1  -1  50  -1  -1  -1  -1 186 271  -1 269  -1  -1  -1  -1  -1  -1  -1  -1 
 45  -1  10  -1 313  -1  -1  -1  -1  -1  -1  -1  -1  -1  -1 138  -1  -1  98  -1  -1  -1  -1  -1 139  -1 
 46  -1  -1  -1  -1  -1  -1  11 140   5  -1  -1   9 312  94  -1  -1 142  51  -1 311 143  97  -1  -1  -1 
 47  -1  53  -1  -1  -1  -1 229   7  95  -1  -1  -1  -1  -1  -1  -1 183  -1  -1  -1  99  -1  -1  -1  -1 
 48  -1 241  -1  -1 314  -1  -1  -1  -1  -1  -1  -1  -1  -1  -1 316 230  -1  -1  -1  -1  -1  -1  96  -1 
 49  -1 184  -1 109  -1 309 270 227  -1  -1  -1  -1  -1  -1  -1  -1  -1 226  65  -1  -1  -1  -1  -1  -1 
 50  -1  -1  -1  -1  -1  -1  -1  -1 182  -1  -1 187  -1  -1  -1  -1  -1 137  -1  -1  -1  49 315  -1  -1 
 51   8  -1  -1  -1  -1  -1  52  -1  -1  -1  -1  -1  -1 225  -1  -1  -1  -1 308  -1  -1  -1 285  -1  54 
 52 231  -1  93  -1  -1  -1  -1  -1  -1 310  -1  -1  -1 141  -1  -1  -1 197  21  -1  -1 274  -1   6  -1 
 53 275 273  -1  -1  -1  -1 181 272  -1  -1  -1  -1 153  -1 185  -1  55  -1  -1  -1  -1  -1  -1  -1 228 

r\t   0   1   2   3   4   5   6   7   8   9  10  11  12  13  14  15  16  17  18  19  20  21  22  23  24 
  0  -1  -1  80  -1  -1  -1  59 248  85  -1  -1  -1  -1 189  -1  -1  -1  -1  -1  -1  -1 133  -1 247  -1 
  1  -1  -1 264  -1  -1  -1  -1 262 157  -1  -1  -1 290 265  -1  -1  -1  -1  -1  -1  -1  -1  -1  -1  -1 
  2  -1  -1 132  -1  -1  -1  -1 172  -1  -1  -1  -1  -1  -1  -1  -1 114  -1  -1 282  -1 124 192 192  -1 
  3  -1 145 188  -1  -1 304 267 296  -1  -1  -1  77 169 128  -1  -1 201  -1  -1  -1  -1  -1  57  -1  -1 
  4  -1  -1  34  -1  -1  -1  78  -1  -1  -1  42  -1  -1 161  -1  -1 166  -1  62 130  -1  79  -1  -1  -1 
  5  -1  -1  -1  -1  -1  -1 287  -1 301  -1  -1  28  -1  -1  87  -1  89  -1  -1  -1  -1  -1  -1  -1 198 
  6  -1 284  -1 165  -1  -1 299  -1  13  -1  -1  -1  -1  88  -1  -1  -1  -1  36  43  -1  44 234  -1  81 
  7  -1  -1  -1  -1  -1  -1 254  -1  -1  -1  -1  71  -1  -1  -1  -1 108  -1 154  -1  -1  -1  -1  25  -1 
  8  -1  -1 280 280  -1  -1  -1  -1  -1  -1  -1  91  -1  -1  -1  -1  -1  -1 209  -1  -1  -1  15  -1 125 
  9  -1  -1 297 147  -1  -1  -1  -1 205  -1  -1  -1  -1 208  -1  -1  41  -1  -1  -1  -1  -1  -1  67  -1 
 10  -1  35  -1 260  -1 259  -1 174  -1  -1  -1  -1  -1  -1  -1  -1 175  -1  -1  -1  -1  -1  -1  -1  -1 
 11  -1 255  -1  -1  39  -1 167  14  -1  -1 215  -1  -1  -1  -1  -1  -1  -1  -1  -1  -1  -1  -1  -1  -1 
 12  -1  -1  16  16  -1  -1  -1  -1  -1  -1  -1  -1  -1  -1  -1  -1  -1  -1  -1  -1  -1  -1 246 242  -1 
 13  -1  -1  -1  40  -1  -1  -1 102  -1  -1  -1 214 253  -1  -1  -1  -1  -1  -1  -1  -1  -1 278  23  -1 
 14  -1  70 173  -1  -1  -1 103  -1  -1  -1  -1  -1 123  -1 218 150 199  -1  73  -1  -1  -1 100  -1  -1 
 15  -1  20 303  -1 305  -1  -1  60  60  -1  -1  -1  -1  -1 261  -1  -1  -1  -1 219  -1 221 115  -1 238 
 16 236 236 122  58  -1  -1  26  -1  47  -1  -1 276 203 135  -1  -1  -1  -1  -1  -1  -1  -1  -1  -1 106 
 17  -1 307 160 232  -1  -1 233  -1  -1  86  -1  64  -1  76  -1  -1 223  -1 116  -1  -1  -1 298  -1  -1 
 18  -1  -1  -1  -1  -1  -1   1  -1 101  -1  -1  -1  -1  -1  -1  -1   0  27  -1  -1  -1 152  -1 289  -1 
 19  -1 293  45  -1  -1  -1  -1 113 171  -1  -1  -1 104 104  -1  -1  -1  -1  -1  -1  -1  -1 129  -1 127 
 20  -1  -1 252  -1 220 306  -1  -1  -1  -1  -1  -1 286  -1  -1  -1 179  -1  -1  -1  -1 168  -1 111  -1 
 21  -1  -1  -1  -1  66 148 148  -1 235  -1  -1  -1  -1  -1  -1  -1  33  -1  -1  -1  -1  32  -1  -1  -1 
 22  -1  56  -1  29  -1 217  -1  -1  -1  -1  -1  -1 164  -1  -1  -1  -1  -1  -1  -1  -1  -1  -1  -1  -1 
 23  -1 196  -1 190  -1  -1 191  -1  -1  -1  -1  -1 216 245  -1  -1  12 176 170  -1  -1  -1  -1  -1  84 
 24  -1  -1 146 257  -1  -1  -1 144 292  18  -1 110  -1  -1  -1 258  -1  -1  -1  -1  -1  -1  -1  -1  -1 
 25  -1 177  -1 291  -1  -1  -1  -1  -1  -1  -1   3 194  -1  -1  -1 243 212 158  -1  -1 211  -1  83  22 
 26  -1 202 263 204  -1  -1  -1  -1  -1  -1  -1 159  -1  -1  -1  -1  -1  -1 300  -1 302  -1  -1 131  -1 
 27  38  -1 126  69  -1  -1  82  -1  -1  -1  -1  -1  -1  -1  -1  -1  -1  -1  -1  -1  -1 210  -1  -1  -1 
 28  -1  -1  37  -1  -1  -1 117  -1 120  -1  -1 240  -1  -1  -1  -1  -1 121  -1  -1  -1 277  72 279  -1 
 29  -1  -1  -1  -1  -1  -1  -1  -1 249  -1  -1  -1  -1 155  -1  -1 256  -1  -1  -1  -1  -1 213  -1  -1 
 30   2   2  -1  -1  -1  -1  -1  -1  30  -1  -1  -1  -1  17  17  -1  -1  19  19  19   4   4  24  -1  -1 
 31  -1  -1  -1  -1  -1  -1  -1  -1  -1  -1  -1  -1  31  31  31  -1  -1  -1  -1  -1  -1  -1  -1  -1  -1 
 32  48  48  -1  -1  -1  46  46  -1  74  -1  -1  -1  63  63  63  -1  -1  -1  -1  -1  61  61  -1  68  -1 
 33  -1  -1  -1  -1  -1  -1  -1  -1  -1  -1  -1  -1  -1  -1  -1  75  75  75  -1  -1  -1  -1  -1  -1  -1 
 34  90  90  -1 105 105  92  92  -1  -1  -1  -1  -1  -1 118  -1  -1  -1 107 107 107  -1  -1  -1 112  -1 
 35  -1  -1 119 119 119  -1  -1  -1  -1  -1  -1  -1  -1  -1  -1  -1  -1  -1  -1  -1  -1  -1  -1  -1  -1 
 36  -1 162  -1 134 134 136 136 156  -1  -1 151 151 151  -1  -1  -1  -1  -1  -1  -1  -1  -1  -1 149 149 
 37  -1  -1  -1  -1  -1  -1  -1  -1  -1  -1  -1  -1  -1  -1  -1  -1  -1  -1  -1  -1  -1  -1 163 163 163 
 38  -1  -1  -1 178 178  -1  -1  -1 193 193  -1 206  -1  -1  -1  -1  -1 195 195 195 180 180  -1 200  -1 
 39  -1  -1  -1  -1  -1 207 207 207  -1  -1  -1  -1  -1  -1  -1  -1  -1  -1  -1  -1  -1  -1  -1  -1  -1 
 40 224 224  -1 244  -1 222 222  -1  -1  -1  -1 250 239 239 239  -1  -1  -1 237 237  -1  -1  -1  -1  -1 
 41  -1  -1  -1  -1  -1  -1  -1  -1  -1  -1  -1  -1  -1  -1  -1  -1  -1 251 251 251  -1  -1  -1  -1  -1 
 42  -1  -1  -1 266 266  -1  -1 283 283 283  -1 294  -1  -1  -1  -1  -1 281 281  -1 268 268  -1 288  -1 
 43  -1  -1  -1  -1  -1  -1  -1  -1  -1  -1  -1  -1  -1  -1  -1 295 295 295  -1  -1  -1  -1  -1  -1  -1 
 44  -1  -1 229   6  -1  -1  -1 241  -1  -1  -1  -1  -1  -1  -1  -1  -1  -1  -1  -1  97  -1  -1 313  -1 
 45 143  -1  -1 227  -1  -1  -1  49 230  -1  -1  -1  -1  -1  -1  -1  50 228  -1  -1 225  -1  -1  -1  -1 
 46  -1 274  -1  -1  11  -1  -1  10 138  -1  -1 183 308  -1  -1  -1  -1  51  -1 316  -1  -1  53  -1  -1 
 47  -1  -1  -1  -1  -1  -1 184  -1  -1  -1  -1  -1  -1  -1 311 309  -1  -1  -1  -1  -1  -1 187  -1  -1 
 48  -1 140   8  54  -1  -1  -1  -1  -1  -1  -1  52  -1  -1  -1  -1  -1  -1  -1  -1  -1  99  94  -1  -1 
 49  -1  -1 186  -1  -1  -1  -1 137   7  -1 197  -1  -1 181  -1  -1  -1 275  -1  -1  55  -1  -1  -1  -1 
 50 185  -1  -1  -1  -1   9  -1  -1  -1  -1  -1  21  -1  -1  -1  -1  -1 141  -1  -1  -1  -1  -1  -1  -1 
 51 271  -1  -1  -1  -1  -1  -1  -1  -1  -1  -1  -1  -1  -1  -1  -1  -1  98 314  65  -1  -1 231  -1  -1 
 52  -1  -1  -1  96  -1  -1  -1  -1  93 315 310 226  -1  -1 285 109 272  -1  -1  -1 139  -1 273  -1 312 
 53  -1  -1  -1  -1  -1 269  -1  95 182  -1  -1 270  -1  -1  -1  -1 142  -1  -1 153  -1  -1   5  -1  -1 

