1 31181 1711.578000 16800 1550 1017 433 6000 5500 2300
2 65093 1738.547000 12395 1681 759 455 2000 6000 1500
3 19538 1701.812000 15948 1514 807 427 6000 5500 1700
4 11998 1741.891000 13668 1532 899 437 3000 5500 2300
5 17953 1760.718000 19032 1718 698 416 6000 8500 1700
6 33009 1713.125000 10800 1617 725 458 0 6500 1500
7 9766 1726.219000 15156 1633 790 433 4000 6500 1800
8 27950 1644.453000 14432 1576 931 425 2000 7500 2000
9 5255 1764.938000 10097 1583 652 462 1000 4000 2400
10 23876 1670.078000 12741 1527 803 411 3000 5000 2000
