317
3 13
23 24
15 30
8 9
13 30
11 46
7 52
22 51
18 52
10 51
1 53
4 52
3 11
11 5
22 27
7 6
12 20
17 30
20 0
0 30
16 17
21 46
8 10
6 5
6 30
8 11
23 8
2 17
16 21
11 3
21 30
17 31
7 4
1 19
12 19
13 23
3 2
2 1
17 17
7 9
5 5
9 26
11 24
14 0
13 5
15 19
18 32
23 9
3 32
22 50
2 52
1 50
8 48
11 51
16 51
14 45
13 21
8 8
16 15
11 17
2 18
22 32
21 6
5 32
12 1
17 53
0 24
9 6
1 32
18 25
17 0
7 12
3 14
13 4
21 32
10 33
8 29
7 19
22 21
1 24
16 18
7 10
23 26
5 20
24 2
10 23
8 15
0 9
11 6
16 12
22 34
15 7
2 34
13 49
18 47
4 51
7 50
10 53
1 48
19 46
1 8
3 24
18 15
11 7
22 10
7 34
6 11
12 34
16 8
0 47
21 14
17 20
1 34
13 15
16 3
17 10
22 16
3 0
18 34
7 35
12 27
21 22
7 16
23 28
2 3
22 29
3 16
6 20
22 7
13 13
23 15
23 13
3 10
4 13
22 36
11 19
7 36
13 48
10 47
18 49
14 47
2 49
16 47
15 49
7 7
13 25
16 23
18 5
22 2
20 36
11 23
1 36
17 6
12 53
6 10
9 0
11 36
13 0
1 17
22 25
7 14
16 6
6 36
17 37
21 7
6 15
23 20
12 21
3 8
23 6
11 4
20 22
13 18
6 21
4 29
15 0
10 18
15 14
18 38
23 17
3 38
1 49
8 47
2 46
11 50
16 53
22 47
7 46
1 25
22 5
2 23
3 9
18 26
20 38
6 9
12 38
8 25
23 48
5 14
17 27
23 38
18 18
17 21
22 1
13 6
2 28
11 38
7 39
12 5
21 12
3 27
3 3
16 5
11 26
4 18
10 10
24 8
22 17
9 19
24 1
15 1
10 2
18 40
23 7
13 40
22 52
3 52
8 50
11 48
16 46
7 53
1 47
1 23
11 29
18 2
13 11
7 1
20 40
6 3
2 40
16 14
12 49
17 22
23 12
12 40
8 2
18 1
16 2
17 29
11 21
1 40
20 41
2 24
3 5
6 22
23 19
13 3
21 17
20 14
21 5
6 1
6 19
5 23
21 23
8 24
13 1
18 42
2 27
10 42
3 50
7 44
4 49
22 53
23 50
14 51
1 46
11 13
7 0
8 3
23 5
3 28
20 42
0 18
15 42
13 26
2 50
6 7
12 25
7 42
22 14
13 29
1 18
3 21
18 17
12 42
20 43
6 8
2 16
23 23
8 22
16 16
0 26
3 19
5 13
2 15
7 2
24 23
17 2
6 50
21 53
20 50
9 52
5 44
17 51
0 50
12 52
24 50

