317
18 4
24 18
20 30
1 23
5 30
12 53
17 50
13 45
7 50
0 47
3 49
23 51
18 15
7 11
6 23
3 3
22 9
12 30
8 9
15 30
21 6
11 47
2 25
1 6
7 30
8 1
21 19
17 4
1 15
11 9
22 30
12 31
6 7
18 8
3 26
2 26
18 22
1 10
14 15
5 19
8 20
11 20
8 14
11 21
8 5
0 0
5 32
3 14
17 32
1 51
12 49
16 45
13 52
23 47
7 52
24 52
6 28
16 9
18 2
17 29
8 25
22 32
2 24
12 32
21 11
11 49
3 29
4 9
16 32
1 20
2 27
13 13
17 3
23 2
7 32
20 33
12 20
11 24
6 18
16 22
3 8
18 12
22 14
6 0
7 23
20 14
10 13
2 14
21 28
18 17
0 34
17 9
12 34
7 53
6 45
16 47
23 52
8 47
20 44
5 53
16 7
8 13
6 8
1 9
12 15
22 34
15 3
2 34
7 29
9 49
11 10
17 0
17 34
1 19
13 2
12 12
8 18
16 8
11 34
22 35
3 22
7 19
22 27
6 6
18 5
5 14
23 28
3 13
11 19
4 20
16 21
3 4
8 27
7 4
23 36
6 26
20 36
1 47
0 51
13 49
12 44
17 48
16 50
5 48
16 27
21 22
23 6
17 27
12 10
18 36
11 23
2 36
7 10
22 46
6 5
9 2
1 36
21 17
6 11
8 4
2 22
16 28
12 36
17 37
13 1
11 18
23 5
22 13
3 27
17 5
18 6
3 24
24 15
14 26
22 23
21 9
7 27
24 19
5 38
23 3
12 38
3 47
16 48
1 49
21 50
8 52
20 52
18 49
7 8
13 4
8 23
6 27
20 7
17 38
11 0
0 38
16 16
14 51
22 22
23 14
11 38
23 23
22 16
2 20
12 21
7 6
3 38
17 39
1 17
13 17
6 13
6 25
21 24
16 5
16 20
11 1
7 25
6 4
1 7
3 11
13 12
20 0
5 40
17 18
0 40
18 46
23 48
21 47
3 48
12 46
16 53
8 51
18 28
6 3
16 2
8 2
13 27
23 40
10 14
2 40
22 24
11 44
17 6
7 18
16 40
6 19
1 3
2 7
3 28
12 6
7 40
22 41
17 1
8 24
13 20
18 11
21 10
11 13
16 4
12 4
13 25
7 24
24 24
10 4
1 13
20 20
12 42
8 15
23 42
6 46
17 47
5 46
16 51
0 45
21 51
7 44
23 7
6 29
7 14
17 23
12 23
15 42
8 21
2 42
21 20
22 48
11 17
14 11
21 42
18 23
3 6
11 29
6 2
12 0
1 42
17 43
7 7
13 7
16 14
8 7
22 3
5 24
5 9
15 15
9 3
17 8
11 12
7 22
22 47
11 52
14 46
15 44
19 50
9 47
4 53
2 50
10 50

