317
7 6
18 0
20 30
11 23
3 30
2 47
22 46
17 53
16 51
1 53
8 50
12 44
1 6
7 19
8 10
16 9
2 0
22 30
11 13
12 30
21 23
6 49
15 11
19 20
16 30
13 10
18 24
1 17
21 17
8 5
11 30
22 31
12 23
2 14
3 9
6 28
1 13
6 9
5 1
6 21
8 6
2 24
14 18
0 16
7 29
2 8
12 32
17 3
20 32
18 50
15 46
16 44
8 47
1 46
11 46
4 53
11 24
18 6
12 5
13 25
0 24
23 32
6 12
7 32
21 7
17 45
3 1
19 26
16 32
6 7
21 24
11 25
13 17
18 1
3 32
22 33
8 12
18 11
1 12
16 11
12 1
8 0
24 1
21 0
17 22
21 3
13 20
13 19
21 11
3 4
15 34
7 9
12 34
18 48
11 51
2 50
22 48
4 47
8 48
1 51
8 29
1 22
2 26
16 14
12 7
17 34
24 7
20 34
3 3
23 45
7 5
6 22
8 34
2 20
22 13
21 13
13 4
7 3
23 34
17 35
1 8
12 20
18 23
11 16
6 13
17 5
8 11
16 13
9 6
14 19
12 6
3 19
11 4
4 24
20 36
8 20
15 36
22 49
18 47
7 52
17 48
3 45
12 45
13 47
16 25
7 26
3 11
1 29
12 18
17 36
6 3
22 36
2 18
19 44
8 14
10 22
7 36
8 17
23 18
21 10
13 27
3 29
12 36
0 37
22 19
11 19
17 21
6 26
18 7
18 29
5 16
7 28
20 0
6 29
8 23
4 29
15 21
3 22
1 38
13 9
20 38
7 46
8 51
18 53
16 47
12 52
22 53
11 48
11 28
8 26
12 4
21 4
0 27
23 38
13 3
17 38
22 20
9 51
4 4
6 1
6 38
1 26
3 26
8 2
18 22
11 6
7 38
22 39
17 8
21 20
13 11
13 23
16 21
12 8
22 26
20 1
7 23
7 17
10 29
14 10
20 5
21 28
3 40
8 15
15 40
2 52
11 44
18 52
17 46
22 45
7 44
12 48
3 12
17 28
16 26
18 17
22 29
13 40
24 24
0 40
11 20
9 49
6 5
8 1
18 40
1 16
21 22
23 11
3 16
6 14
17 40
12 41
7 27
2 29
16 16
11 15
8 7
0 20
16 19
7 8
1 7
7 22
12 24
22 21
17 13
20 25
15 42
8 19
3 42
11 49
13 53
2 49
21 47
22 51
7 53
1 45
22 10
2 15
7 0
11 21
3 25
12 42
8 16
17 42
21 15
6 45
24 0
23 13
21 42
12 14
22 22
16 28
3 6
8 24
23 42
12 43
2 4
18 12
11 5
1 1
6 24
3 23
8 25
10 17
18 18
18 21
20 27
10 16
6 50
9 47
24 53
23 48
10 52
14 47
0 45
19 52
5 45

