317
17 0
8 23
0 30
6 16
2 30
13 53
23 53
16 51
11 51
15 50
21 45
18 50
16 2
1 16
2 6
3 23
17 2
22 30
5 21
12 30
21 18
6 50
4 13
7 22
17 30
18 20
8 2
3 1
21 15
13 11
7 30
22 31
16 23
1 5
2 0
11 8
3 12
11 5
16 7
21 14
12 4
17 17
17 28
10 22
16 12
2 15
22 32
6 8
0 32
18 46
3 51
11 49
17 52
8 44
21 49
13 44
1 22
13 7
3 28
21 1
22 25
7 32
6 9
15 32
18 0
12 46
4 19
14 15
12 32
3 26
2 23
17 18
13 0
6 4
21 32
7 33
16 22
17 23
23 27
11 22
1 24
11 14
13 12
9 29
23 11
20 16
22 17
17 21
13 26
3 18
15 34
6 6
0 34
18 45
8 49
4 47
23 47
11 46
2 44
17 51
8 21
2 21
1 15
11 26
17 9
22 34
24 17
12 34
3 19
10 47
6 26
7 4
7 34
13 1
1 10
2 7
17 14
6 15
8 34
20 35
11 15
18 16
23 6
16 28
3 20
19 23
18 14
6 25
16 18
21 24
12 5
16 16
16 29
2 20
3 36
13 4
22 36
11 52
15 51
6 46
8 51
18 48
21 44
0 51
16 8
23 12
21 22
3 16
5 24
8 36
20 0
17 36
11 18
1 44
13 13
12 18
21 36
23 3
17 22
18 21
3 11
6 10
1 36
7 37
16 19
1 8
13 22
22 29
11 11
18 17
5 10
19 24
17 5
22 5
14 10
15 25
8 22
0 19
15 38
6 27
3 38
22 50
13 52
21 48
23 48
17 47
11 48
1 48
16 15
8 5
1 23
11 23
13 20
17 38
7 25
22 38
3 14
6 51
12 6
2 12
8 38
3 0
21 0
22 6
1 7
16 9
6 38
17 39
12 16
7 15
11 16
13 2
2 1
15 16
13 3
5 19
5 3
24 24
5 17
13 28
0 26
4 6
2 40
13 14
15 40
1 47
21 47
23 49
8 46
17 50
11 50
6 47
1 14
11 29
17 11
16 24
2 27
23 40
13 9
7 40
22 14
5 53
18 11
12 26
11 40
18 27
1 9
12 13
13 10
8 1
17 40
20 41
7 27
16 10
2 5
23 4
6 2
24 1
10 3
24 3
18 22
8 6
3 25
0 5
6 18
0 7
15 42
8 14
22 42
2 47
13 50
3 44
18 51
1 49
21 46
11 45
23 9
6 17
7 11
12 21
2 13
10 42
8 17
17 42
21 9
24 45
20 20
4 25
3 42
12 24
7 23
17 10
23 14
16 14
6 42
12 43
1 27
18 23
11 20
2 10
21 25
14 14
23 28
10 21
22 18
13 8
5 8
0 15
20 50
10 48
14 48
12 51
24 48
7 53
9 46
19 52
5 46

