317
2 6
18 4
0 30
21 15
12 30
11 50
17 52
22 51
16 48
10 50
8 48
9 50
8 12
11 13
2 0
22 14
12 9
15 30
3 0
5 30
18 26
4 52
23 16
21 19
23 30
7 4
6 7
11 6
22 6
1 18
8 30
15 31
21 2
12 24
13 21
2 26
12 0
9 22
24 27
14 15
0 12
2 18
23 1
16 9
18 2
3 11
0 32
11 14
8 32
17 45
16 44
13 51
21 52
7 50
2 52
10 53
2 22
17 12
16 26
18 1
7 10
22 32
6 9
12 32
3 5
11 53
4 7
20 3
16 32
1 19
2 15
11 19
17 22
21 16
7 32
22 33
12 17
11 25
8 27
18 14
3 8
14 26
17 26
19 26
15 3
6 29
0 3
5 9
8 22
3 24
17 34
2 28
0 34
9 51
11 44
16 49
21 53
10 51
22 45
12 46
22 3
11 16
1 7
8 17
18 20
12 34
20 17
5 34
3 23
2 50
15 0
23 6
22 34
7 18
3 22
1 5
17 29
21 26
2 34
12 35
6 15
16 28
12 15
18 23
23 15
13 1
19 12
5 22
23 27
11 18
10 20
11 29
22 4
7 1
10 36
1 20
17 36
13 53
0 49
2 49
3 51
21 48
16 51
8 45
8 8
3 21
11 9
12 2
17 3
5 36
4 6
22 36
13 29
9 46
1 23
15 26
16 36
18 5
7 11
21 21
1 9
22 20
2 36
12 37
23 14
3 2
8 5
17 7
11 21
16 20
15 9
3 14
18 29
4 11
18 10
24 7
9 17
10 13
7 38
17 8
0 38
21 44
22 50
3 49
12 52
18 49
13 50
16 45
18 8
7 7
16 10
21 13
8 21
12 38
17 5
2 38
22 12
11 51
6 3
20 23
16 38
2 21
12 5
11 20
1 12
21 24
18 38
22 39
6 23
17 9
8 0
7 19
3 13
17 2
17 0
7 26
8 2
5 1
22 18
19 1
13 11
10 9
8 40
16 14
0 40
18 51
21 47
11 47
3 52
12 44
17 49
2 47
13 17
11 4
8 13
7 29
2 16
17 40
4 13
22 40
6 1
20 47
14 1
16 25
2 40
22 29
12 28
11 11
17 17
18 0
21 40
5 41
3 4
23 5
16 21
1 0
8 28
5 6
1 25
1 15
24 11
2 13
4 20
6 20
8 15
12 13
0 42
16 1
10 42
17 44
21 49
2 48
18 46
22 44
3 53
9 44
11 28
18 21
17 6
21 27
2 20
23 42
16 4
5 42
12 26
14 47
13 13
4 1
16 42
23 3
1 6
8 18
11 23
7 5
2 42
22 43
17 14
6 14
21 4
18 6
12 3
19 11
20 28
15 14
5 17
8 25
24 19
0 10
23 50
20 53
24 48
14 45
19 47
6 51
5 48
4 45
15 48

