317
6 27
13 11
18 30
12 0
23 30
8 44
17 53
11 52
21 51
10 52
2 53
3 47
6 25
18 6
17 22
11 28
23 26
2 30
22 26
7 30
13 29
16 49
1 9
12 2
21 30
22 9
11 13
6 17
17 1
1 13
12 30
2 31
23 17
7 11
16 9
18 4
8 14
20 12
20 25
8 28
20 27
0 3
18 13
6 1
11 15
19 28
23 32
13 1
3 32
12 49
17 44
21 44
6 44
18 46
22 50
10 51
3 4
6 10
11 23
1 16
22 21
17 32
13 24
7 32
2 18
16 45
20 6
14 16
13 32
7 19
6 18
22 15
12 9
3 15
16 32
0 33
23 15
21 15
18 3
11 0
8 0
12 11
21 21
7 10
10 2
24 28
24 11
10 16
8 20
3 27
18 34
6 5
23 34
11 47
2 50
22 44
12 46
10 53
21 48
4 51
8 8
11 2
2 2
18 2
22 27
13 34
9 3
15 34
3 5
1 44
6 6
7 4
7 34
16 29
3 23
2 11
21 22
6 4
8 34
12 35
18 19
22 19
11 18
23 23
1 21
12 5
10 0
13 18
18 1
13 6
5 5
1 28
24 18
23 20
18 36
6 29
10 36
13 46
12 47
3 53
2 45
8 51
21 46
4 53
18 29
8 7
11 19
17 25
12 25
15 36
7 22
0 36
21 27
6 52
22 6
20 16
6 36
7 5
23 25
2 14
13 12
1 24
12 36
15 37
3 25
11 24
22 3
8 21
18 12
18 17
7 28
5 16
5 22
13 9
19 4
22 28
19 0
17 17
10 38
8 1
3 38
21 49
23 51
2 52
6 45
12 51
18 49
22 53
11 6
6 24
2 22
18 8
3 0
12 38
7 12
22 38
17 29
8 50
1 25
16 17
8 38
7 25
1 29
22 4
18 18
11 7
21 38
12 39
23 3
6 20
2 0
2 24
16 8
5 1
12 24
24 6
3 22
5 20
13 5
10 25
8 17
12 7
18 40
21 28
10 40
22 47
23 48
6 53
2 51
13 50
17 47
3 46
13 4
6 15
17 23
8 29
0 14
2 40
16 18
22 40
11 21
21 50
15 11
7 7
7 40
22 5
12 6
13 22
11 12
6 9
21 40
2 41
18 27
23 28
8 11
17 15
1 1
20 0
7 21
7 9
6 26
21 7
12 12
6 16
21 8
12 19
18 42
17 20
10 42
22 48
6 47
24 51
8 46
2 46
13 51
23 45
13 19
6 19
23 29
8 3
17 10
20 42
16 6
2 42
11 9
5 53
14 3
1 5
22 42
16 7
13 2
2 4
3 9
16 3
6 42
7 43
23 14
1 22
18 15
21 25
11 20
15 24
23 6
15 26
1 4
9 14
5 19
12 21
7 45
15 48
5 50
16 47
20 52
1 53
0 44
14 48
9 45

