317
18 8
14 17
20 30
6 27
22 30
8 49
13 53
12 49
0 50
11 45
1 44
17 50
18 23
11 4
13 25
1 13
22 24
2 30
24 20
7 30
12 15
16 52
19 25
6 26
17 30
18 26
11 5
6 14
1 21
23 8
13 30
2 31
16 6
8 4
22 16
21 23
6 23
21 20
20 8
19 14
7 16
5 15
19 22
21 27
17 4
3 3
13 32
2 15
20 32
12 48
23 49
1 50
6 44
18 47
11 51
0 45
1 24
11 29
12 1
6 17
17 13
7 32
16 0
22 32
21 4
10 49
2 14
4 0
17 32
18 28
3 5
13 6
21 24
6 19
1 32
7 33
23 4
11 17
12 6
16 4
2 1
23 9
8 9
13 21
17 5
12 2
5 10
16 21
6 28
21 15
0 34
11 15
12 34
3 53
22 48
23 44
18 48
2 44
8 53
14 50
3 8
1 17
23 15
8 19
12 14
17 34
24 2
5 34
2 11
20 48
11 12
16 11
11 34
6 18
21 11
23 6
1 2
12 3
22 34
17 35
7 29
3 19
17 27
2 17
13 3
18 19
16 13
17 1
1 23
8 14
18 14
19 12
8 18
6 24
22 36
1 20
20 36
2 46
3 44
17 44
18 53
11 48
12 45
0 48
2 9
22 19
21 9
11 8
17 7
3 36
10 12
7 36
12 13
1 47
16 29
24 4
16 36
18 22
6 1
21 0
1 26
11 22
2 36
12 37
23 10
3 23
22 27
17 10
7 11
22 26
2 19
11 7
3 17
15 28
12 26
2 22
0 8
3 29
20 38
2 26
13 38
8 48
6 52
12 50
18 46
11 50
1 49
17 46
6 2
13 18
1 1
12 27
10 11
17 38
7 17
22 38
3 16
16 45
9 26
2 8
7 38
22 18
1 8
2 13
21 1
16 20
8 38
17 39
11 28
6 29
12 25
12 24
23 18
18 29
9 19
17 29
20 15
16 3
16 27
3 2
22 20
14 18
20 40
13 2
0 40
12 51
8 45
23 51
6 51
11 52
17 51
3 50
8 2
23 23
21 28
22 1
10 20
17 40
7 14
2 40
6 8
24 51
13 9
16 12
16 40
22 7
12 8
11 9
6 4
3 18
23 40
17 41
2 18
7 9
8 10
21 22
1 16
8 27
24 18
17 16
0 6
19 29
13 26
22 23
18 16
20 18
0 42
8 7
13 42
23 52
21 48
11 53
3 52
6 47
12 44
17 45
6 11
11 18
13 20
12 16
17 6
22 42
8 11
2 42
21 2
7 50
15 25
16 8
11 42
11 6
17 9
2 20
8 23
1 19
18 42
22 43
6 5
3 24
12 22
7 7
21 19
6 15
19 2
3 6
2 4
13 13
6 7
5 6
7 52
9 53
5 50
4 46
24 48
16 53
15 51
10 46
19 53

