317
1 12
5 0
10 30
21 4
18 30
3 47
12 51
22 52
6 44
16 48
7 49
13 50
16 21
1 0
18 29
3 10
12 16
23 30
17 10
7 30
11 20
21 46
4 9
2 2
2 30
1 15
7 16
12 23
21 8
18 10
6 30
22 31
3 28
11 10
13 13
16 1
12 8
12 6
20 1
24 28
14 9
23 12
23 0
23 21
1 29
6 28
18 32
7 27
10 32
3 49
21 48
16 53
22 49
13 48
5 52
2 52
18 27
11 5
16 27
13 26
20 7
22 32
8 27
2 32
1 2
12 44
17 6
7 28
12 32
13 9
1 9
16 2
18 25
21 1
8 32
22 33
3 9
16 5
7 11
11 22
2 17
24 26
23 17
10 9
2 18
18 16
17 5
11 12
13 11
23 22
10 34
3 29
5 34
7 46
16 51
21 47
1 52
19 53
22 51
18 50
11 9
13 12
22 17
6 15
17 21
0 34
24 22
7 34
21 21
14 46
12 27
3 2
21 34
6 23
16 28
17 20
11 16
22 12
18 34
0 35
7 7
12 12
2 8
13 6
23 20
10 26
0 18
1 21
7 26
3 15
17 4
1 6
18 3
1 27
5 36
16 23
10 36
12 49
19 48
21 50
22 47
3 46
23 50
7 51
11 18
18 6
3 1
21 3
5 29
22 36
16 29
12 36
1 11
2 48
17 28
8 8
18 36
16 16
12 2
11 25
6 18
21 19
8 36
22 37
13 3
8 28
2 22
17 14
1 19
24 23
9 27
16 24
12 11
18 24
22 9
15 5
1 28
10 22
18 38
3 6
5 38
23 49
13 44
7 53
2 53
16 45
11 47
21 53
2 7
18 2
13 15
23 19
20 23
15 38
3 14
7 38
11 29
17 48
4 6
12 26
2 38
13 25
6 3
8 22
11 6
21 12
3 38
22 39
16 3
1 26
17 19
17 2
12 17
1 4
23 7
5 3
3 11
21 26
12 29
19 11
1 14
5 15
2 40
18 7
22 40
19 46
13 53
16 50
21 44
11 45
12 47
7 44
13 17
23 26
22 3
21 18
2 12
7 40
4 7
10 40
6 2
15 46
18 28
17 7
18 40
11 14
2 3
12 28
21 5
16 25
13 40
6 41
3 21
22 1
23 3
1 10
17 23
18 5
18 23
18 9
22 6
15 29
8 5
20 29
7 1
11 27
2 42
18 22
12 42
16 46
21 52
19 50
23 45
1 51
10 49
6 50
16 6
13 21
12 13
21 2
2 4
22 42
18 17
5 42
1 20
17 53
14 26
8 4
18 42
23 4
7 4
3 0
13 23
1 5
8 42
22 43
16 19
2 27
21 6
17 24
11 19
17 25
15 13
1 25
16 7
20 19
12 22
0 1
15 47
24 46
0 51
14 50
20 51
8 46
9 48
17 49
4 50

