317
21 9
6 12
15 30
8 29
2 30
1 49
22 48
23 49
12 46
0 50
7 50
13 46
21 24
1 19
16 29
7 13
2 8
13 30
18 14
22 30
6 14
17 52
11 10
8 24
1 30
3 12
7 27
21 21
11 6
18 15
8 30
12 31
2 27
22 0
17 22
16 21
21 20
4 18
11 26
18 11
3 25
15 1
11 27
17 28
12 28
3 19
15 32
6 20
0 32
8 47
13 50
21 49
23 47
22 46
7 53
14 45
8 13
12 7
7 26
13 27
20 12
22 32
2 12
17 32
16 10
11 45
6 21
4 13
21 32
1 17
17 1
7 23
6 6
2 3
11 32
22 33
18 3
7 6
13 25
21 6
16 22
7 9
23 28
11 7
5 27
6 11
9 10
21 14
3 5
7 25
15 34
12 21
23 34
14 46
22 44
13 53
2 45
21 46
6 49
8 52
13 14
16 28
6 4
8 17
22 18
17 34
4 19
0 34
3 4
9 51
12 23
11 17
22 34
3 9
8 25
6 18
13 6
23 22
21 34
17 35
2 7
11 12
18 17
12 17
7 20
1 16
16 6
11 8
10 20
1 5
15 11
12 20
13 15
1 18
15 36
22 27
23 36
3 49
0 52
2 47
21 50
6 46
12 51
14 52
6 29
23 10
2 10
7 3
12 18
8 36
20 2
17 36
3 3
22 49
11 13
4 14
11 36
13 7
17 16
16 2
21 8
6 25
22 36
7 37
18 6
22 19
3 24
12 8
1 13
21 29
10 23
19 22
16 15
18 28
6 8
9 25
14 23
15 3
22 38
21 7
0 38
6 50
7 51
3 51
12 44
24 49
16 44
13 45
12 27
23 16
3 14
22 9
0 27
18 38
11 18
7 38
17 7
21 52
10 12
2 24
12 38
23 23
6 27
11 21
7 7
16 16
13 38
17 39
3 11
22 12
1 7
2 19
21 28
10 14
2 16
2 0
24 13
10 25
20 28
13 13
0 29
21 16
22 40
12 13
13 40
24 53
8 44
2 50
15 44
1 45
16 45
3 48
16 27
22 2
13 12
23 14
2 29
8 40
4 23
17 40
6 5
20 46
11 3
12 11
11 40
1 12
23 20
13 5
12 26
16 5
2 40
5 41
17 14
3 13
22 3
8 27
18 4
18 18
6 28
17 2
18 12
13 17
12 10
20 10
6 0
0 20
13 42
12 4
23 42
2 53
21 47
3 44
16 52
8 50
1 48
22 45
13 22
22 8
21 0
1 23
2 26
15 42
20 29
7 42
17 26
12 47
11 23
18 22
22 42
23 3
3 27
8 22
11 1
7 14
18 42
15 43
13 11
6 7
21 17
12 15
1 8
16 17
13 19
21 19
21 25
18 9
21 11
21 5
5 48
18 50
17 45
20 44
10 53
11 49
9 46
4 48
19 46

