1 7429 361.984000 18492 1610 750 432 6000 7500 2200
2 5771 351.484000 11457 1494 955 408 3000 3500 2100
3 7166 348.234000 15605 1652 628 425 4000 6500 2400
4 5070 337.625000 15568 1449 988 431 7000 2500 3200
5 19716 335.094000 15006 1323 754 429 7000 4000 1500
6 7521 340.657000 14912 1644 734 434 5000 6000 1100
7 5383 340.358000 14972 1461 963 448 6000 4500 1600
8 6918 319.954000 16217 1533 1053 431 4000 8000 1200
9 18833 341.203000 9236 1648 753 435 2000 3000 1400
10 8024 344.500000 8843 1554 753 436 3000 2000 1100
