317
11 20
1 6
15 30
17 19
2 30
6 44
23 50
20 53
21 49
10 52
8 49
18 45
11 13
16 4
18 25
21 8
2 21
7 30
0 14
12 30
6 6
17 45
24 25
22 10
21 30
22 9
16 28
12 11
8 8
2 16
17 30
5 31
23 22
11 18
18 21
3 2
11 9
22 22
21 15
16 24
21 27
23 21
16 25
23 15
21 10
20 16
10 32
16 27
7 32
12 48
23 51
17 47
2 47
1 50
6 46
15 52
7 9
8 7
6 5
21 20
10 2
2 32
16 20
17 32
23 16
22 47
13 24
0 13
6 32
8 16
18 19
11 4
12 12
1 29
21 32
2 33
16 18
13 18
23 20
7 2
17 3
16 23
0 18
0 19
14 4
4 17
19 2
13 23
3 17
7 20
20 34
1 23
15 34
10 48
18 53
2 45
11 45
6 52
17 52
8 52
3 16
16 13
18 28
21 13
5 8
12 34
4 10
22 34
17 16
19 47
9 14
1 13
3 34
8 14
17 22
16 2
23 27
2 17
18 34
12 35
6 4
22 24
12 17
21 12
1 25
15 10
16 22
0 5
22 18
24 6
18 12
9 28
11 17
1 18
15 36
6 24
7 36
17 49
18 44
23 52
12 46
3 53
21 46
10 47
23 24
7 10
8 13
22 19
17 11
20 36
14 5
2 36
11 0
6 53
13 17
19 11
13 36
6 17
3 4
2 0
11 22
23 23
18 36
20 37
17 5
16 26
7 24
8 24
12 13
17 17
16 12
17 18
8 21
13 5
2 1
14 11
12 16
20 21
10 38
7 8
15 38
23 45
8 45
6 50
3 52
17 53
21 44
1 47
6 10
17 13
11 3
1 2
12 1
7 38
18 2
22 38
2 3
19 45
14 2
0 15
17 38
6 25
21 16
16 1
22 5
1 27
18 38
2 39
12 21
7 21
13 2
13 4
8 17
3 14
3 22
11 28
9 0
11 12
23 12
6 7
2 27
10 15
20 40
11 7
15 40
23 49
6 49
3 51
12 52
1 49
7 53
17 51
6 27
3 8
12 9
2 11
22 6
17 40
24 29
7 40
16 15
4 46
11 19
13 13
1 40
7 0
11 14
12 2
23 18
22 13
6 40
17 41
3 20
8 11
21 0
2 5
16 11
15 13
0 16
19 20
2 18
18 7
22 21
10 19
1 24
12 25
15 42
23 19
10 42
3 45
6 47
20 50
17 48
8 50
7 44
21 52
8 18
17 7
11 5
7 6
15 19
20 42
23 1
0 42
6 14
22 52
18 14
13 0
22 42
6 0
16 9
3 7
13 22
1 26
18 42
5 43
21 2
2 28
8 22
23 13
12 4
20 13
6 23
6 28
2 12
20 23
3 26
12 14
9 50
22 50
5 46
19 48
0 46
4 47
14 50
13 44
24 49

