r\t   0   1   2   3   4   5   6   7   8   9  10  11  12  13  14  15  16  17  18  19  20  21  22  23  24 
  0  -1 278  91  57  -1  -1 249  -1 121  -1  -1 190  -1  -1  -1  -1  18  -1  -1  -1  -1  -1   3 255  -1 
  1  -1  -1  59  -1  -1  -1  -1  -1  -1  -1 177  -1  -1  -1  -1  -1  -1  -1 253  -1 173  -1  -1 305  -1 
  2  -1  35  -1  -1  -1  -1  -1 130  72  -1  -1 147 191  -1  84  -1 282  -1 160  -1  -1  -1  -1 296  -1 
  3 155  -1  -1  -1  -1  -1  42  -1  -1  -1  -1 287  -1 108 170  -1  -1  -1  -1  85  -1  -1  -1  -1  -1 
  4  -1  58  78  -1  -1  -1 298 104 104  -1  -1  -1  -1 260  -1  -1 106  -1 135  -1  -1 299  -1  -1  -1 
  5  -1  -1 246  -1  -1  -1  71 280 280  -1  -1 297  -1  -1  -1  -1  -1  -1  -1  -1  -1  -1 113  -1  -1 
  6  -1 117  -1 124  -1  -1  62  -1  -1  -1  81  -1  -1 115  -1  -1  -1  -1  56  -1  -1  -1  -1 169  -1 
  7  -1 102  16  16  -1  -1  -1  -1  29  -1 220  -1 257 264  -1  -1 262  66 150 218  -1 103  -1  -1  -1 
  8  -1 233  -1  -1  -1  -1 238  -1 289  -1  -1 223  -1 212  -1  -1  -1  -1  -1  -1  -1  -1 303  -1  -1 
  9  -1 179  -1  -1  -1  -1  -1  88  -1  -1  -1  47 234  70  -1  -1  -1  -1 203  -1  -1  -1 279  -1  -1 
 10  -1 133 265 235  -1  -1  20 123  -1 214 126 167  -1 157  41  -1  -1  -1  -1  -1  -1  -1  -1  -1  -1 
 11  -1  -1  -1  89  -1 307  -1  -1 127  -1  -1  -1  39 196  -1  -1 306  -1  -1  -1  -1  -1  -1  28  -1 
 12  -1 205  -1  -1  -1  -1 110  -1  -1  -1  -1  14 204  60  60  -1 154  -1  -1  -1  -1  26  -1  -1  -1 
 13  -1 300  33  -1  -1  -1  -1 236 236  -1  -1  -1 219  -1  -1  -1  -1  -1  -1  -1  -1  -1 201  -1  -1 
 14  -1  -1  -1 290  -1  -1  -1  -1  -1  -1  -1 101  -1  -1  -1  -1  -1 194   0  -1  -1  -1  -1 202  -1 
 15  -1 254  -1  -1  -1  -1 116 211  -1  -1  -1  -1  -1 301  -1  -1  -1  -1 125  -1  45 217  -1 158  -1 
 16  -1  -1  -1  -1  -1  -1 161  -1  -1  -1  -1  -1  -1 293  -1  -1  -1  69  44  -1  -1  -1  -1  -1  -1 
 17  -1 152  -1  -1  -1 128  -1  77 209  -1  -1 242  40  -1  -1  -1  -1 245  -1  -1  -1 171  -1  -1  -1 
 18  -1  -1 284  -1  -1  -1  86  -1  -1  -1  -1 247  43  -1  -1  -1  -1  27 189  -1  -1  15  -1  -1  -1 
 19  -1  -1 221  34  -1  -1  -1  -1  -1  -1  -1  76  25  83  -1  -1  -1  -1  -1  -1  -1  -1  -1  -1  -1 
 20 174  -1  -1  -1  -1  -1  -1  -1  -1  -1  -1  -1  -1  -1  -1  -1  79 122  -1  -1  -1  -1 292 120  -1 
 21  -1  -1 240  -1  -1  -1  -1  -1  -1  -1 263  -1  80  13  -1  -1  -1  -1  32  -1  -1  -1  -1  -1  -1 
 22  -1  -1  -1  -1  -1  -1  -1  37  38  -1  -1  -1 175  -1  -1  -1 208  -1  -1  -1  -1  73 132 243  -1 
 23  -1  -1  -1 215  -1  -1  -1 131 304  -1  -1  -1 148 148  -1  -1  -1  -1  -1  -1  -1 144  -1  -1  -1 
 24 213  -1 168  -1  -1  -1  -1  -1  -1  -1 259 114  -1  -1  -1  -1  -1  -1  -1  -1 192 192  -1  -1  -1 
 25 198  -1  82  -1  -1  -1 302 252  -1  -1  -1  -1  -1 232  -1  87  -1  -1  -1  -1  -1  -1  -1  22  -1 
 26  -1  -1  -1  -1  -1  -1 258  -1 256  -1  -1  -1 291  -1  -1  -1  67  -1  -1  -1  -1  -1  -1  -1  -1 
 27  -1 199 111 146  -1  -1 286  -1  -1  -1  -1  -1 172  -1  -1  -1  -1 145 216  -1  -1  64  23  -1  -1 
 28  -1  12  -1 276  -1  -1 188 210  -1  -1 129 267 100  -1  -1  -1 165  -1  -1  -1  -1 164 159  -1  -1 
 29  -1  -1  -1 166  -1  -1  -1 176  -1 261  -1  -1  -1 248  -1  -1  -1  36  -1  -1  -1 277  -1  -1   1 
 30  -1  -1  -1   4   4  -1  -1  17  17  -1   2   2  -1  30  -1  -1  -1  19  19  19  -1  -1  24  -1  -1 
 31  -1  -1  -1  -1  -1  31  31  31  -1  -1  -1  -1  -1  -1  -1  -1  -1  -1  -1  -1  -1  -1  -1  -1  -1 
 32  -1  74  -1  48  48  -1  -1  63  63  63  -1  -1  -1  46  46  -1  68  -1  -1  -1  -1  -1  61  61  -1 
 33  -1  -1  -1  -1  -1  -1  -1  -1  -1  -1  -1  -1  -1  -1  -1  -1  -1  -1  -1  -1  -1  -1  75  75  75 
 34  -1  -1 112  -1  -1  -1  -1  -1  -1  -1  -1  -1 118  92  92  -1  -1 105 105  -1  90  90 107 107 107 
 35  -1  -1  -1  -1  -1  -1  -1  -1  -1  -1  -1  -1  -1  -1  -1  -1  -1 119 119 119  -1  -1  -1  -1  -1 
 36  -1  -1  -1 134 134  -1  -1 149 149  -1  -1  -1 156 136 136  -1 162  -1  -1  -1  -1  -1 151 151 151 
 37  -1  -1  -1  -1  -1  -1  -1 163 163 163  -1  -1  -1  -1  -1  -1  -1  -1  -1  -1  -1  -1  -1  -1  -1 
 38  -1  -1  -1  -1  -1  -1 200 193 193  -1  -1  -1  -1 178 178  -1  -1 206  -1  -1 180 180 195 195 195 
 39  -1  -1 207 207 207  -1  -1  -1  -1  -1  -1  -1  -1  -1  -1  -1  -1  -1  -1  -1  -1  -1  -1  -1  -1 
 40  -1  -1  -1 222 222  -1  -1  -1  -1  -1  -1  -1 244 224 224  -1 250 239 239 239 237 237  -1  -1  -1 
 41  -1  -1  -1  -1  -1  -1  -1  -1  -1  -1  -1  -1  -1  -1  -1  -1  -1  -1  -1  -1 251 251 251  -1  -1 
 42  -1  -1  -1 266 266  -1  -1  -1 288  -1  -1  -1 283 283 283  -1 294 281 281  -1 268 268  -1  -1  -1 
 43  -1  -1  -1  -1  -1  -1  -1  -1  -1  -1  -1  -1  -1  -1  -1  -1  -1 295 295 295  -1  -1  -1  -1  -1 
 44  -1  -1  -1  -1  -1  -1  -1  -1  96  -1  -1  -1  -1  -1  21  -1  -1  -1  -1 316  -1  53  -1  -1 231 
 45  -1  49  -1  -1  -1  -1  -1  -1  -1  -1  -1  -1 229  11  -1 314  -1  -1  -1  -1  -1 227  -1 315  -1 
 46 312  -1  -1  -1  -1  -1  -1  52 182  -1 143  94  51  -1  -1  -1  -1  -1 181  -1  -1  -1 183  -1  -1 
 47  -1  -1  -1  -1  -1  -1 311  -1  10  -1  -1  -1  -1  -1  -1  -1 308  -1  -1  -1 138  -1  -1  -1  -1 
 48  -1  -1  -1  -1  -1 310  -1  -1 142 309  -1 186  98  -1  -1  -1  -1  -1  -1  -1  -1  -1  -1  -1  -1 
 49  -1  95  -1  -1  -1  -1 153 272 270  -1  -1  65 185  -1  -1  -1 197 313  93  -1  -1   7  55  -1  -1 
 50  -1 274 184  -1  -1  -1  -1  -1  -1  -1  -1  -1  -1  -1  -1  -1  -1  -1  -1  -1  -1  -1 269  -1  -1 
 51  -1   5   8 187  -1  -1  -1  -1  -1  -1 275 140   6  -1  -1  -1 241  -1 273  -1  -1 141  -1  -1  -1 
 52 109 225 137  -1  99  -1  -1  -1  -1  -1  54  -1 139  -1  -1  -1  -1  -1 228  -1   9  -1  -1 285  -1 
 53  -1  -1  50  -1  -1  -1  -1 230 226  -1  97  -1  -1  -1  -1  -1  -1  -1  -1  -1  -1  -1  -1  -1 271 

r\t   0   1   2   3   4   5   6   7   8   9  10  11  12  13  14  15  16  17  18  19  20  21  22  23  24 
  0  -1  -1 210  -1  -1  -1  -1 111 125  -1  -1  15  47 132  -1  -1  -1 146 233  -1  -1  -1  -1 247  -1 
  1  -1  13  -1  -1  -1  -1  -1  -1 260  -1  -1 261  -1   1  -1  -1 240 159  -1  -1  -1  -1  -1  -1  -1 
  2  -1 102  -1  -1 150  -1  -1 168  -1 128  -1 116 131  -1  -1  -1  -1  -1  -1  -1  -1 161  -1 298  -1 
  3  -1 191 147  -1  -1  -1  -1  -1 245  -1  -1  -1 196 282  22  -1 264  -1 145  -1  -1  -1  -1  -1  -1 
  4  -1  -1  -1  -1  -1  -1  91  -1  -1  -1  -1  -1  -1  -1  -1  -1  -1  14  -1  -1  -1  -1  -1  23  -1 
  5  -1  36  -1  -1  -1  -1 293  -1  -1  -1  -1 296  -1  72 173  -1  -1  -1  -1  -1  -1  40  -1  -1  -1 
  6  -1  -1  16  16  -1  -1  -1  -1  -1  -1  -1  -1 123 248  -1  -1  89 235  -1  -1  -1   3  -1 305  -1 
  7  -1  -1  -1  -1  -1  -1  -1 129 234  -1  -1  -1  83  -1 262  -1 304  -1  -1  -1  -1  42  -1  -1  -1 
  8  -1  -1   0 211  -1  -1  -1  -1  -1  -1  -1  -1  -1  -1  -1  43 171  -1  -1  -1  -1  -1 279  38  -1 
  9  -1  -1 236 236  -1  -1  -1  -1 297  -1  -1 307  -1  -1  -1  -1  -1 306  -1 257 177  -1  -1  -1  -1 
 10  -1 152 216  -1  -1  -1  -1 117 108  -1  -1  79 175  -1  66  -1  -1  -1  -1  -1  -1  -1  -1  -1  -1 
 11  -1  -1  -1  -1  -1  -1 158 202 277  -1  -1 101 278  -1  -1  -1  64  -1 164  -1  -1  -1  87  28  -1 
 12  -1  -1  37  -1  -1  -1  12  -1  -1  -1  -1  -1 299  -1  -1  -1 179  -1  73  -1  -1  -1  -1  -1  -1 
 13  -1  59 292  -1  -1  67 133  -1  -1  -1  -1  -1  -1 121  -1  -1 166  -1  -1  -1  -1  -1  -1  -1 287 
 14  -1 217  -1  -1  -1 238  -1  -1  88  -1  -1 276  -1  -1  -1  -1  35  -1  -1  -1  -1  -1  -1  -1  -1 
 15  -1  -1 103  -1  -1  -1  -1  -1  -1  -1  -1 135  -1 267  -1 302 284  -1  -1  -1  -1  -1  -1  -1  -1 
 16  -1  -1  -1  81  -1 106  -1  -1  -1  -1  -1  -1 254  84  -1  -1  -1  -1  -1  -1  -1  -1  77  -1  -1 
 17 169 255 252  -1  -1  -1 253  -1  32 176  -1  -1  20  -1 172  -1  -1 290 256  -1  -1 289  -1  -1 198 
 18 263  -1  82  34  -1  -1  -1  69  56  -1  -1  -1  -1  -1  -1  -1 204  -1  -1  -1  -1  18  -1  -1  -1 
 19  -1 157  27 300  -1  -1  -1 242  -1  -1 130 249  -1  -1  -1  -1  -1 280 280  -1  -1 100  -1 199  -1 
 20  -1 174 259  -1  -1  -1 303  -1  70  -1  -1  -1 160  -1  -1  -1  -1  -1  -1  -1  -1  -1  -1  -1  -1 
 21 265  39 188  -1  -1  -1  -1  41 203  -1  -1  -1  -1  -1  -1  -1  -1 115  -1  -1  -1  71  -1  -1  -1 
 22  -1  -1  -1  -1  -1  -1  -1  62  -1  -1  -1  -1 148 148  -1  -1  -1  -1  29  -1  -1  -1  -1  -1  -1 
 23  -1 126  -1  -1  -1  -1 189  25  -1 215 220  -1 219  44  -1  -1  -1 104 104  -1  -1  -1  -1  76  -1 
 24  -1 214  -1  -1 213  -1 110 286  -1  -1  -1  -1 223  -1  -1  -1 194  -1 201  -1  -1  -1  -1  -1  -1 
 25  -1 208 167  -1  -1  -1  45 291  -1  -1  -1 165  -1  58  -1  -1  -1  -1 124  -1  -1  57 209 113  -1 
 26  -1  78  60  60  -1  -1 218 258  -1  -1  -1  -1  -1  -1  -1  -1  -1  -1  -1  -1  -1 144  -1  -1  -1 
 27  -1 232  -1 155  -1  -1  -1  -1  -1  -1  -1 205 170  86  -1  -1 114 212  -1  -1  -1 301 120  85  -1 
 28  -1  33  -1 190  -1  -1  -1 192 192  -1  -1  -1 243  -1  -1  -1  -1  -1  -1  -1  -1 221  -1  -1  -1 
 29  -1  -1  -1 122  -1  -1  80  -1  -1  -1  -1 154  -1  -1 127  -1  -1  -1  -1  -1  -1 246  26  -1  -1 
 30   2   2  -1  -1  -1  -1  30  19  19  19  -1  -1  -1  -1  -1  17  17   4   4  -1  -1  24  -1  -1  -1 
 31  -1  -1  -1  -1  -1  -1  -1  -1  -1  -1  31  31  31  -1  -1  -1  -1  -1  -1  -1  -1  -1  -1  -1  -1 
 32  -1  46  46  74  -1  -1  -1  -1  -1  -1  -1  -1  68  -1  -1  -1  -1  61  61  -1  48  48  63  63  63 
 33  -1  -1  -1  -1  -1  -1  -1  -1  -1  -1  -1  -1  -1  -1  -1  75  75  75  -1  -1  -1  -1  -1  -1  -1 
 34  90  90  -1  -1  -1  -1 112  -1 118  -1  -1  -1 105 105  -1  -1  -1  -1  -1  -1  92  92 107 107 107 
 35  -1  -1 119 119 119  -1  -1  -1  -1  -1  -1  -1  -1  -1  -1  -1  -1  -1  -1  -1  -1  -1  -1  -1  -1 
 36  -1 136 136 156  -1  -1  -1 151 151 151  -1 162  -1  -1  -1  -1 134 134  -1  -1  -1  -1 149 149  -1 
 37  -1  -1  -1  -1  -1  -1  -1  -1  -1  -1  -1  -1  -1  -1  -1  -1  -1  -1  -1  -1  -1  -1 163 163 163 
 38 178 178 180 180  -1  -1  -1  -1  -1  -1  -1  -1  -1 193 193  -1  -1 195 195 195  -1 206  -1 200  -1 
 39  -1  -1  -1  -1  -1  -1  -1  -1  -1  -1  -1  -1 207 207 207  -1  -1  -1  -1  -1  -1  -1  -1  -1  -1 
 40 224 224  -1 244  -1  -1  -1 250 222 222 237 237  -1  -1  -1  -1  -1  -1  -1  -1  -1  -1 239 239 239 
 41  -1  -1  -1  -1  -1  -1  -1  -1  -1  -1  -1  -1  -1  -1  -1 251 251 251  -1  -1  -1  -1  -1  -1  -1 
 42  -1  -1 283 283 283 281 281  -1 266 266 268 268  -1 288  -1  -1  -1  -1 294  -1  -1  -1  -1  -1  -1 
 43  -1  -1  -1  -1  -1  -1  -1  -1  -1  -1  -1  -1  -1  -1  -1  -1  -1  -1  -1  -1 295 295 295  -1  -1 
 44  -1  -1 227  -1  -1  -1  -1  -1 182  -1  55  -1  -1  -1  -1 308  -1  -1  -1 241  -1  -1  -1  -1  -1 
 45  -1  -1  -1  -1  -1  -1  -1  -1  53  50  -1  -1  94  -1  -1  -1   8  -1  -1  -1 228 270 313  -1  -1 
 46  54  -1  -1  -1  -1  -1  -1  -1  -1  -1  -1   7  -1  93  -1  -1  -1  -1  52 153  -1 187  -1  -1  -1 
 47  -1  -1  -1  -1 315  -1 230 311  -1  -1  -1  49   6  -1  -1  -1  -1  -1 226 310  -1  -1  -1 285  -1 
 48  -1  -1  -1  -1  -1  -1  -1  -1  -1  -1  -1 229 137  -1  -1  -1  -1  -1  -1  -1 143  -1  21  -1 316 
 49  -1  -1  -1 269  -1  -1 272  -1 141  -1 185 183  -1 225  -1  -1  -1  96 142  -1  -1  -1 197 314  -1 
 50  -1  -1  -1 231  -1 309  -1  -1  -1  -1  97  -1 275  -1  -1 109  -1 184 273  -1  -1 139  -1  -1  -1 
 51 140 271  -1  -1  -1  -1 186  -1  10  98  -1  -1  -1  -1  -1  -1  -1 274  -1  -1  -1  -1  -1  -1  -1 
 52  -1  -1  -1  11  -1  -1  -1  -1  -1  -1 138  -1  -1  -1 312  -1  -1  -1  99  -1   9  -1  -1  -1  -1 
 53  -1  -1  -1  51  -1  -1   5  -1  -1  -1  -1  95  65 181  -1  -1  -1  -1  -1  -1  -1  -1  -1  -1  -1 

r\t   0   1   2   3   4   5   6   7   8   9  10  11  12  13  14  15  16  17  18  19  20  21  22  23  24 
  0  -1  34  -1  -1  -1  -1 287  -1 115  -1  -1 100 278  -1  -1  -1  -1  -1  -1  -1  -1  -1  -1 152  -1 
  1  -1 170  -1  13  -1  -1  -1 252  -1  -1  -1  -1 128  -1  -1  -1  -1   0 253  -1  -1  -1  -1  -1  -1 
  2  -1  -1 242 123  -1  -1 194  -1 235  -1  -1  -1  -1 120  -1  -1  -1  -1  -1 303  -1 189  -1  -1  -1 
  3  -1  14 223  -1  -1  -1  -1 214  44  -1  -1  -1  -1 209  -1  -1  -1  -1  -1  -1  -1  -1  29 204  -1 
  4  43 129  -1  -1  -1  -1 298  23 169  -1  -1  -1  -1  -1  -1  -1  12  -1  -1  -1  -1  39 103 101  -1 
  5  -1  -1 292  -1  -1  -1  -1  -1  -1 286  -1  15  -1  -1  -1  -1  -1  -1  -1  -1  -1  71  -1 133  18 
  6  -1 176  -1  -1  -1  -1  -1  26  -1  -1  -1  -1  -1  -1 262  -1 219  -1  -1  -1  -1  64  -1 199  -1 
  7  -1  91  -1 299  -1  -1 243  -1  -1  -1  -1  -1  -1  -1  -1  -1 213  -1  -1  -1  -1  -1  -1  35  -1 
  8  67  -1 104 104 217  -1  77  -1  -1  -1  -1  -1  -1  88  -1  -1 205  -1 167  -1  -1  -1  -1  -1  -1 
  9  -1  -1 208  -1  -1  -1  -1 190 284  -1  -1  -1 300  -1  -1  -1 144  -1  25  -1  -1 256 159  -1  -1 
 10  -1 296  -1  -1  -1  -1  -1  -1  -1  -1  -1  -1  -1  -1  -1  -1 196  -1 117  -1  -1  -1 177  -1  -1 
 11 236 236 155 165  -1  -1 175  -1  -1  -1  -1  57  -1 263  -1  -1 157 135  -1  -1  -1  -1  16  16  -1 
 12  85 305  -1  79  -1  -1  -1  -1  -1  -1  -1 212 260  -1  -1  -1 267  -1 111  -1  -1 147  -1  80  -1 
 13  -1 279  36  38  -1  -1  22  -1 289  -1  -1 290  -1  -1  -1  -1  -1  -1  -1  -1 301  -1 146  -1  -1 
 14 150  -1  69  84  -1  -1 211  -1  78  -1  -1 113  -1  -1  -1  -1  -1  -1  86 218  -1  -1  -1 158  -1 
 15  -1 116 121  -1  -1  -1  -1  -1  58  -1  -1  -1  -1  -1  -1  -1 132 102  -1  -1  -1 108  -1 179  -1 
 16  -1 247  -1  -1  -1  -1  -1   3  42  -1  -1  -1 201  -1  -1  -1  62 166  76  -1  -1  -1  -1 297  -1 
 17  -1 191  -1 192 192 261  -1  -1  20  -1  -1  -1  -1  -1  -1  -1  -1 245  -1  -1  -1  -1  37  -1  -1 
 18  -1  -1  -1 203  -1  -1  -1 210  -1  -1  -1  -1 248  -1  -1  -1  -1  -1 172  -1  -1  -1  -1  -1  -1 
 19  -1  -1  -1 171  -1  -1 114  -1  -1  -1  -1 220  -1 254  -1  -1  47  -1  -1 106  -1  -1  -1  -1  -1 
 20  -1 110  -1  32  -1  -1  -1  -1  -1  -1  -1  -1  -1 125  -1  -1  -1  -1  -1  -1  -1  -1  -1  -1  -1 
 21  -1 216  -1 302  -1 148 148 240  -1  -1  -1 277  -1  -1  -1  -1 282  -1 131  -1  -1 233  -1 259  -1 
 22  -1  -1 246  -1  -1  -1  -1  83  -1  -1  -1  -1  -1  -1  -1  -1  -1  -1  -1  -1 304  -1  -1 130  -1 
 23  82  -1  -1  -1  -1 174  66  56  -1  -1  81  -1 232  -1  -1  -1  70  -1  -1  -1  -1  -1 257  -1  -1 
 24 126  -1 280 280  -1  -1  -1  -1  -1  -1 238 249  -1  -1  -1  -1  -1  -1 215  -1  -1  -1  -1  41 258 
 25  -1  -1  -1  -1  -1  -1  73  -1   1  -1  -1  -1  -1 234  -1  -1  -1  -1  -1  -1  -1 291  72  40  -1 
 26  -1  -1  33  -1 307  -1 161 276  -1  -1  -1 160  -1  -1  -1  -1  -1  -1  -1  -1  -1  -1  -1  87  -1 
 27  -1  -1  60  60  -1  -1  -1  -1 188  -1  -1  -1 168 265  -1  -1  -1  27  -1  -1  -1  -1 293 122  -1 
 28 306 145  -1 221 127  -1 173  -1 255  -1  -1  -1  59  -1  -1  -1 124 154  -1  -1  -1 202  -1  -1  45 
 29 198  -1  -1 164  -1  -1  -1  -1  -1  -1  -1  28  -1  -1  -1  -1  89  -1  -1  -1  -1  -1 264  -1  -1 
 30  -1  -1   4   4  -1  -1  24  -1  -1  -1  -1  -1  17  17  -1  -1  30  19  19  19   2   2  -1  -1  -1 
 31  -1  -1  -1  -1  -1  -1  -1  -1  -1  -1  -1  -1  31  31  31  -1  -1  -1  -1  -1  -1  -1  -1  -1  -1 
 32  -1  68  -1  48  48  -1  -1  -1  -1  -1  -1  74  -1  -1  -1  -1  -1  63  63  63  46  46  61  61  -1 
 33  -1  -1  -1  -1  -1  -1  -1  -1  -1  -1  -1  -1  75  75  75  -1  -1  -1  -1  -1  -1  -1  -1  -1  -1 
 34  -1  -1  92  92  -1  -1  -1 118 105 105  -1  -1 107 107 107  -1  -1 112  -1  -1  -1  -1  -1  90  90 
 35  -1  -1  -1  -1  -1  -1  -1  -1  -1  -1  -1  -1  -1  -1  -1  -1  -1  -1  -1  -1 119 119 119  -1  -1 
 36  -1  -1 162 134 134  -1  -1 149 149  -1 151 151 151 156  -1  -1  -1  -1  -1  -1 136 136  -1  -1  -1 
 37  -1  -1  -1  -1  -1  -1  -1 163 163 163  -1  -1  -1  -1  -1  -1  -1  -1  -1  -1  -1  -1  -1  -1  -1 
 38  -1 206  -1 178 178  -1  -1  -1 200  -1  -1  -1 195 195 195  -1  -1 193 193  -1 180 180  -1  -1  -1 
 39  -1  -1  -1  -1  -1  -1  -1  -1  -1  -1  -1  -1  -1  -1  -1  -1  -1 207 207 207  -1  -1  -1  -1  -1 
 40  -1  -1  -1  -1  -1  -1 244  -1  -1  -1  -1  -1 224 224  -1  -1 250 239 239 239 222 222 237 237  -1 
 41  -1  -1  -1  -1  -1  -1  -1  -1  -1  -1  -1  -1  -1  -1  -1  -1  -1  -1  -1  -1  -1  -1 251 251 251 
 42  -1 266 266  -1  -1  -1  -1 288  -1  -1  -1 268 268  -1  -1  -1 294 281 281  -1  -1  -1 283 283 283 
 43  -1  -1  -1  -1  -1  -1  -1  -1  -1  -1  -1  -1  -1  -1  -1  -1  -1 295 295 295  -1  -1  -1  -1  -1 
 44  -1  -1  -1  -1 228  -1  -1 140  -1  -1  -1  -1  -1  -1  -1  -1 186  -1 153  -1  -1 272  11  -1  -1 
 45 314  53 185  -1  -1  -1  -1  -1  -1  -1  -1  -1  -1  -1  -1 311  10  -1  -1  -1  -1  -1  -1  -1  -1 
 46  -1  -1  -1  -1  -1  -1 313  49  -1  -1 310  93  -1  -1  -1  -1  -1  -1 308  -1  -1  -1  -1 227  -1 
 47  -1 229  -1  -1 271  -1  -1 270  95  -1  -1  -1  -1  -1  -1  -1  -1 181  -1  -1  -1  -1  -1  -1  -1 
 48  -1  -1  -1  -1  -1  -1 109  96 269  -1  -1 142  97 141  -1 241  -1  -1  -1  -1  -1  -1  54  -1  -1 
 49  -1  -1  -1  -1  -1  -1  -1  -1  -1  -1  -1  -1  -1  -1  -1  -1  -1  98  -1  -1 273  94 137  55 138 
 50  -1  -1  -1  -1  -1 312  -1  -1 139  -1  -1  -1  -1  -1 285  -1  -1  -1  -1  -1  -1  -1  -1   6  -1 
 51  21  -1  -1 274  -1  -1  -1 187 225  -1  -1  52  -1  51 315  -1 230 275  -1  -1  -1  -1  -1  -1 197 
 52  -1 143  50  -1  99  -1  -1  -1 184  -1  -1   5  -1   7  -1  -1  -1 226  -1 309  -1  -1  -1  -1  -1 
 53  -1   8  -1  -1   9  -1  -1 231  -1 316  65 182  -1 183  -1  -1  -1  -1  -1  -1  -1  -1  -1  -1  -1 

r\t   0   1   2   3   4   5   6   7   8   9  10  11  12  13  14  15  16  17  18  19  20  21  22  23  24 
  0 265 133  -1 129  -1  -1  -1  -1  -1  -1  -1 101  -1  -1  -1 170  -1  -1  -1  -1  -1  -1  -1  12  -1 
  1  -1  -1  -1  -1  -1 287  -1 135 209  -1  -1  -1  33  -1 130  -1 199  -1  -1  -1  -1 161  69 215 306 
  2  -1  -1 253  -1  -1  -1  -1  -1 252  -1  -1  -1  -1  -1  -1 106  -1 233  -1  -1  -1  -1  -1  -1  -1 
  3  -1  -1  -1 147  -1  -1  -1  -1  -1  -1 259  -1  -1  -1  -1  -1 179 258  -1  -1  -1  -1 192 192  -1 
  4 127  -1  -1  -1  -1  -1 292 280 280  -1 214  38  -1  82  -1  -1  -1  -1 254  -1  -1  66  -1  -1  -1 
  5  -1  -1  -1  -1  -1  -1  -1 165 145  -1  67  -1 235  -1  -1  -1  -1  -1  -1  -1  -1  -1  -1  -1  -1 
  6  -1  -1  -1  -1  -1  -1  -1  -1 296  -1  37  -1  -1  -1  -1  -1  -1 177  -1  -1  -1  -1  -1  28  -1 
  7  -1 208  -1  14  -1  -1 173  -1  -1  -1  -1  -1 171  27  -1  -1 157 220 189  -1  -1 154  -1 124  -1 
  8  -1 152  -1  -1 150 307  59  -1  -1  -1  -1  -1  -1  36  -1  -1  -1  -1  88 176  -1  -1  -1  -1 221 
  9  -1 121  -1  -1  -1  -1 108  -1  29  -1  -1  -1  -1  -1  -1  -1 293 167  -1  -1  -1 246  -1  -1  -1 
 10  -1 232  -1  -1  -1  -1 122 234  -1  -1  -1  44 211  78  -1  -1 203  -1  -1  -1  -1 263 298  -1  -1 
 11  -1 131 168  -1  -1  -1 146  -1  -1  -1  -1  -1  -1  -1  -1  -1  -1  -1  -1  -1  -1  20 117  -1  -1 
 12  -1  -1  -1  -1  -1 126  -1  16  16  -1  -1 120  -1  -1  -1  -1  -1  -1  -1  -1  -1  -1  60  60  -1 
 13  -1  -1 114  -1  -1  -1  -1 196  -1  -1  -1  -1 188  -1 125 261  -1 297 100  -1  -1 282  -1  -1   1 
 14  -1  -1  -1  -1  -1  -1  86  -1  -1  -1  -1  -1  62 159  -1 236 236  -1 276  -1  -1  -1 104 104  -1 
 15  -1  -1  -1  -1  -1  -1 223  -1 160  -1  -1 257   3 113  -1  -1  73 202  -1  -1  -1  -1  15  -1  45 
 16  -1  -1  77  -1 128  -1 218  70  -1  -1  -1  -1 164  -1  -1  -1  -1 123  -1  -1  -1  -1  -1  79  -1 
 17  -1  -1  -1  -1  -1  -1  -1  -1 219 217  -1  -1 210 256  41  -1  64  -1 166  -1  -1 110  -1 303  -1 
 18  -1 103  -1 300  -1 238  42  -1 302  -1  -1  -1  -1  23  -1  -1  -1  91 291  -1  -1 243  -1  -1  -1 
 19  -1  13  -1 115  -1  -1  35  -1  56  -1  -1 158  18  -1  -1 286  -1  -1  32  -1  -1  -1  -1 289  -1 
 20  -1  -1  -1  72  -1  -1 191 299  -1  -1  -1 172  -1 284  -1  -1  -1 249  -1  -1  -1  -1  -1 247  -1 
 21  -1  -1  -1  -1  -1  -1  -1  -1  -1  -1  -1   0  -1  -1  -1  83  -1  -1  -1  -1  -1  -1  -1  -1  -1 
 22  -1  -1  -1  -1  -1  -1  -1  87  -1  -1  -1  34  -1  -1 169  -1  -1  -1  -1 262 213  -1  -1  -1  -1 
 23  -1  -1  -1  -1  -1  -1  -1  -1 190  -1  -1  40  -1  -1  22  -1 277  26 116  -1  -1  -1  -1  -1  -1 
 24  -1 290 174 245  -1  -1 242  58  -1  -1  -1 267 279  -1  -1  -1 248  39  -1  -1  -1 205  -1 201  -1 
 25  -1  25  -1  -1  -1  -1  80  -1  -1  -1  -1  -1 102 194  -1  -1 144 278  -1  81  -1  -1  -1  -1  -1 
 26 216  -1 155 204  -1  -1  -1 255  -1  -1  -1  -1  -1  -1  -1  -1  -1  -1  -1  -1  -1 198  -1 304  -1 
 27  -1  71  -1  -1  -1  -1  -1  85  -1  -1  -1  -1 301 305  -1  -1  -1 111  -1  -1  -1  -1  -1  -1  -1 
 28  -1  -1 212 132  -1  -1 264  -1  -1  -1  -1 240  47  -1  -1  -1  89 260 175  -1  -1  -1  -1  -1  -1 
 29  -1  57  -1  -1  -1  -1  -1  -1  76  -1  43  84  -1  -1  -1  -1  -1 148 148  -1  -1  -1  -1  -1  -1 
 30   2   2  -1  30  -1  17  17  -1   4   4  -1  -1  -1  -1  -1  -1  24  19  19  19  -1  -1  -1  -1  -1 
 31  -1  -1  -1  -1  -1  -1  -1  -1  -1  -1  -1  -1  -1  -1  -1  -1  -1  -1  -1  -1  31  31  31  -1  -1 
 32  48  48  63  63  63  -1  -1  -1  46  46  -1  -1  74  -1  -1  -1  -1  61  61  -1  -1  -1  -1  68  -1 
 33  -1  -1  -1  -1  -1  -1  -1  -1  -1  -1  -1  -1  -1  -1  -1  -1  -1  75  75  75  -1  -1  -1  -1  -1 
 34  90  90 107 107 107  -1  -1 105 105  -1  -1  -1 118  -1  -1  -1  -1  -1  -1  -1  -1 112  -1  92  92 
 35  -1  -1  -1  -1  -1 119 119 119  -1  -1  -1  -1  -1  -1  -1  -1  -1  -1  -1  -1  -1  -1  -1  -1  -1 
 36  -1  -1  -1 156  -1  -1  -1 162 136 136  -1  -1 151 151 151  -1  -1  -1 134 134  -1  -1 149 149  -1 
 37  -1  -1  -1  -1  -1  -1  -1  -1  -1  -1  -1  -1  -1  -1  -1  -1  -1  -1  -1  -1  -1  -1 163 163 163 
 38 180 180 195 195 195  -1  -1  -1  -1  -1 193 193  -1 200  -1  -1  -1  -1  -1  -1  -1  -1 206 178 178 
 39  -1  -1  -1  -1  -1 207 207 207  -1  -1  -1  -1  -1  -1  -1  -1  -1  -1  -1  -1  -1  -1  -1  -1  -1 
 40  -1 250 239 239 239  -1 244 224 224  -1  -1  -1  -1  -1  -1  -1  -1  -1 222 222  -1  -1 237 237  -1 
 41  -1  -1  -1  -1  -1  -1  -1  -1  -1  -1 251 251 251  -1  -1  -1  -1  -1  -1  -1  -1  -1  -1  -1  -1 
 42  -1  -1 283 283 283  -1  -1  -1 266 266  -1 294  -1  -1  -1  -1  -1  -1 268 268  -1 288 281 281  -1 
 43  -1  -1  -1  -1  -1  -1  -1  -1  -1  -1  -1  -1 295 295 295  -1  -1  -1  -1  -1  -1  -1  -1  -1  -1 
 44  -1 269  -1  -1  -1  -1  96   8  -1  97  -1  -1  -1 308  -1  -1  -1  -1  -1  -1  -1  -1 226 137  -1 
 45  -1  -1  -1  -1  -1  -1  -1  -1  -1  -1  -1  -1  -1  65  -1  -1  -1  -1  -1  -1  -1  -1  55 229  -1 
 46  -1  -1  -1  11 314  -1   9 271 184  -1  -1  -1  -1  -1  -1 310  -1 139  -1  -1  -1  -1 142  -1  -1 
 47 228  -1  -1  -1  -1  -1  54  -1  -1 183  -1 181  -1  -1  -1  -1  -1  53  -1  -1  -1  -1  94  50  -1 
 48  -1  -1  -1  -1  -1  -1  -1  -1  95  -1  -1  93  98  -1  -1  -1   5  -1  52  -1  -1  -1 185 270  -1 
 49  -1  -1  -1  -1  -1 312  -1  -1  -1  -1  -1  -1  -1  -1  -1  -1  -1   6  -1  -1 311  -1  -1  -1  -1 
 50  -1 231  -1  -1  -1  -1  -1 153  -1  -1  -1  -1  -1 109  -1 197 140  -1 186  -1  -1  -1  -1  -1  -1 
 51  -1  -1  -1  -1  -1  -1 187  51  -1 225  -1 141  -1  -1  -1  -1  49 274   7  -1  -1  -1 272  10 275 
 52 143  -1  21  -1  -1  -1 138  -1  -1  -1 309  -1 182 241  -1  -1 227  -1  -1  99  -1 315  -1  -1  -1 
 53  -1  -1 313  -1  -1  -1  -1  -1  -1  -1  -1 285 230  -1 316  -1 273  -1  -1  -1  -1  -1  -1  -1  -1 

r\t   0   1   2   3   4   5   6   7   8   9  10  11  12  13  14  15  16  17  18  19  20  21  22  23  24 
  0  -1  -1  -1 171  -1  -1  -1 192 192  -1 305  59  -1  -1  -1  -1  -1 242  -1  -1  -1 246  -1  -1  -1 
  1  -1 158  -1  -1  -1  -1  -1  -1  -1  -1  -1  -1  -1  -1  -1  -1  -1  -1  -1  -1  -1  -1 214 111  -1 
  2  -1  -1 300  -1  -1  -1  45  -1  -1  -1  -1  76  22  77  -1  -1 253  -1  79  -1  -1  -1  -1  -1  -1 
  3  -1  -1 110 201  -1  -1  -1  16  16  -1  -1  -1  -1  -1  -1  -1  14  -1  58  -1  -1  -1  -1  -1  -1 
  4  -1  -1  -1  -1  -1  -1  -1  27 297  -1  -1  15 148 148  -1  -1 203  -1  -1  -1  -1  -1  -1 161  -1 
  5  -1  -1 259  -1  -1  -1  -1  -1  -1  -1  -1  44  -1  71  -1  -1 261  -1 145 177  -1  -1 306  -1  -1 
  6  -1  20 212  28  -1  -1  -1  -1  64 127  -1 277  60  60 218  -1  -1  72 235  82  -1  -1  25  -1  -1 
  7  -1  -1  -1  -1  -1  -1  -1  -1  -1  -1  -1 135  -1  -1   1  -1  -1  -1 199  -1  -1  -1  -1  47  -1 
  8  -1  -1  -1  -1  -1  39  -1 175  -1  -1  -1  -1 280 280  -1  -1  -1  84  -1  -1  -1  -1  -1 290  -1 
  9  -1  -1  -1  -1  -1 238 223  -1  -1 217  -1  -1 236 236  -1  -1 234 130  -1  -1 287  -1  -1  80  -1 
 10  -1  -1  -1  -1  -1  66   3 108  -1  -1  -1  -1 174 190  -1 176  57  -1  -1  -1  -1 100  -1  91 155 
 11  -1  -1  -1  -1  -1  -1  23  -1  33  -1  -1  -1  -1  -1  -1  -1  -1 125  -1  -1  -1  -1  -1 284  -1 
 12  -1  -1  -1  -1  -1  -1  -1 278 146  -1 220  -1  -1  -1  -1  -1 170  -1  -1  -1  -1 147  -1  -1  -1 
 13  85  -1  -1  -1  -1  -1  -1  -1  36  -1  -1  29  -1  -1  -1  -1 298  -1  -1 219  -1  -1 248  67 257 
 14  -1  -1 115  -1  -1  -1 276  -1 210  -1  -1  -1 296  -1  -1  -1  -1  -1  -1  -1  -1 117  -1  -1  -1 
 15  -1 114  -1  -1  -1  -1  -1 152 282  -1  -1 196  -1 208 129  -1  -1 254 167  -1  -1 209  -1  -1  -1 
 16  62 204  -1  -1  -1  -1 121 264 102  -1  -1  -1  -1 256 221  -1  -1  -1  -1  -1  -1  -1  -1 247  -1 
 17  -1  -1 215  89  -1  -1  -1  78 252  -1  -1 233  -1 307  -1  -1  -1  -1  -1  -1  -1 191  -1  -1  -1 
 18  -1  -1  -1 159  -1 303 211 166  37  -1  -1  -1  -1 104 104  -1 122  -1  -1  -1  -1  -1 106  -1  -1 
 19  -1 255 263  -1  -1  -1 168 205  -1  -1  -1  -1 169  -1  -1  -1  -1  -1  83  -1  -1 232  -1  -1  -1 
 20  -1  -1  -1  -1  -1 198  -1  -1  -1  -1  -1 120 304 132  -1  -1  -1  -1 179  -1  -1  -1  -1  -1  -1 
 21  -1  73  -1  -1  -1  -1 133  -1 123  -1  -1  -1 249  -1  -1  43  -1 154  -1  -1  -1   0  -1  -1  -1 
 22  -1  -1  38  -1  -1  -1  -1  -1  -1  -1  -1 292  -1 299  -1  -1  34 194 289  -1  -1  70  -1  -1  -1 
 23  -1  -1 164  -1  -1  -1  -1  -1  -1  -1  -1 150  -1 113  -1  -1  -1  -1  32  -1  -1  -1  -1  -1  -1 
 24  -1  -1  -1 124  -1  -1 301  -1 267  -1  -1  86 165 128  -1  -1  -1 126  -1  40  -1  -1  -1  26  -1 
 25 131 293  -1 262  87  -1 243  -1  -1  18  -1 160  -1  35  -1 258  -1  81  13  -1  -1 173  -1  -1  -1 
 26  -1 103  -1  -1  -1  -1 291 116 240  -1  -1  -1  -1  12  -1  -1 144 202  -1  -1  -1  -1  69  -1  -1 
 27  -1  -1  -1  42  -1  -1  -1  -1  -1  -1  -1  -1 188 302  -1  -1  -1  -1 260  -1  -1  -1  -1  -1  -1 
 28  -1  41  -1  -1  -1  -1 216  -1  -1 213  -1  -1  -1  -1  -1  -1 279  -1  -1  -1  -1  88  -1 265  -1 
 29  -1  -1  -1  -1  -1  -1 101  56  -1  -1  -1  -1 172  -1  -1  -1 189 157 245  -1  -1  -1  -1  -1 286 
 30  -1  -1  17  17  -1  -1  -1  -1  -1  -1   2   2  -1  -1  -1  -1  -1  24   4   4  -1  30  19  19  19 
 31  31  31  31  -1  -1  -1  -1  -1  -1  -1  -1  -1  -1  -1  -1  -1  -1  -1  -1  -1  -1  -1  -1  -1  -1 
 32  -1  -1  61  61  -1  -1  -1  -1  74  -1  -1  -1  -1  46  46  -1  68  -1  48  48  63  63  63  -1  -1 
 33  -1  -1  75  75  75  -1  -1  -1  -1  -1  -1  -1  -1  -1  -1  -1  -1  -1  -1  -1  -1  -1  -1  -1  -1 
 34  -1  -1  -1  -1  -1  -1  92  92  -1  -1 107 107 107  -1  -1 105 105  -1  90  90  -1  -1 112 118  -1 
 35  -1  -1  -1  -1  -1  -1  -1  -1  -1  -1  -1  -1  -1  -1  -1 119 119 119  -1  -1  -1  -1  -1  -1  -1 
 36  -1  -1 151 151 151  -1  -1 136 136  -1  -1  -1  -1 162  -1  -1 156  -1 134 134  -1  -1 149 149  -1 
 37  -1  -1  -1  -1  -1  -1  -1  -1  -1  -1  -1  -1  -1  -1  -1  -1  -1  -1  -1  -1 163 163 163  -1  -1 
 38  -1 195 195 195  -1  -1  -1 178 178  -1  -1 200 206 180 180  -1  -1  -1  -1  -1  -1  -1 193 193  -1 
 39  -1  -1  -1  -1  -1  -1  -1  -1  -1  -1  -1  -1  -1  -1  -1  -1  -1  -1  -1  -1  -1  -1 207 207 207 
 40  -1  -1 237 237  -1  -1 244 250  -1  -1  -1  -1  -1  -1  -1 224 224  -1 222 222  -1  -1 239 239 239 
 41  -1  -1 251 251 251  -1  -1  -1  -1  -1  -1  -1  -1  -1  -1  -1  -1  -1  -1  -1  -1  -1  -1  -1  -1 
 42  -1  -1 283 283 283  -1  -1 294  -1  -1 268 268  -1  -1  -1 266 266 281 281  -1  -1 288  -1  -1  -1 
 43  -1  -1  -1  -1  -1  -1  -1  -1  -1  -1  -1  -1  -1  -1  -1  -1  -1 295 295 295  -1  -1  -1  -1  -1 
 44  -1  -1  -1  -1  -1  -1 275  -1  -1  -1  55  -1  -1  -1  -1  -1  -1  -1  -1  -1  -1 226  -1   5  -1 
 45  -1 141 313  -1  -1 314 181 230  -1  -1 185  -1  51   6 271  54 186  -1  -1  -1  -1  -1  -1  -1  -1 
 46 316  -1  -1  -1  -1  -1  -1  50  -1  -1  -1  -1  -1 225  -1   9  -1  -1  -1  -1 310  -1 285  -1  -1 
 47  -1  96  -1  -1 109  -1  -1  -1  -1  -1 143  99 227  -1  -1  -1 139  -1  -1  -1  -1 270  -1 142  -1 
 48  -1 272  -1  -1 312 153  -1  -1  -1  -1  -1  -1  -1  -1  -1  -1  52  -1  -1  -1  -1 182 308  -1  -1 
 49  -1 184  -1  -1  -1  -1  -1  -1  98  -1  -1  -1  -1 274 138 140  -1  -1  -1  -1  -1  -1  -1  -1  -1 
 50  -1  -1  -1 269  -1  -1  -1  -1  -1  -1  -1 229 183  -1  -1  -1  -1  -1  -1  -1 197  -1  -1  -1  -1 
 51  -1  -1  -1  10  -1  -1  -1  11 228  -1  -1  -1 273  93  97  -1  95 315  -1  -1  -1  -1  -1  -1  -1 
 52 241  53  -1  -1  -1  -1  -1  -1   7  -1  -1  -1  94  -1  -1  -1  -1  21  -1  -1  -1  -1  -1  -1  -1 
 53  -1 231  -1  -1  -1  -1  -1  -1  49 309  -1 187 137  -1  -1  -1   8  65  -1  -1  -1  -1  -1  -1 311 

r\t   0   1   2   3   4   5   6   7   8   9  10  11  12  13  14  15  16  17  18  19  20  21  22  23  24 
  0  -1 111  -1  -1 307  -1  -1  -1  -1  42  -1  -1  -1  -1  -1  -1 171 245 152  -1  -1  -1  -1 169  -1 
  1  -1 115  -1 261 220  -1  -1 192 192  -1  -1  28  -1 175  -1  -1  57 150 293  -1  -1  -1  -1 302  -1 
  2  -1  -1  -1  -1  -1  -1  -1  -1  -1 214  -1  -1  -1  -1  -1  -1  -1  -1  -1  -1  -1  -1  -1  -1  -1 
  3  -1 204  -1 100  -1  -1  -1 279 258  -1  -1 131  -1  33  -1  67  -1  72  -1  -1  -1 277 117  -1  -1 
  4  -1 286 159 276  -1  22  -1  13  -1  -1  -1  -1 160  -1  -1  -1  -1  -1  -1  -1  -1  -1 303  -1 198 
  5  -1  36  62 299  -1  -1 267  69 174  -1  -1  -1  -1  -1  -1  -1  -1  -1  -1  -1  -1  12 233  -1  -1 
  6  -1  -1  -1  -1 172  -1  -1  -1 108  -1  -1  -1  -1  -1  -1  -1  -1  -1  -1  -1  -1  -1  -1 196  -1 
  7  -1  -1 114  -1 304  -1  59  -1  -1  -1  -1  -1  -1 103  -1  41 154  -1 253  -1  -1 202  -1  81 129 
  8  -1 158  -1  -1  -1  -1 120  -1 113  -1  -1  -1 102  -1  -1  -1 215  -1  -1  -1 177  64  -1  -1  -1 
  9  -1  -1  -1  -1  -1 127  79 248  -1  -1  -1  -1 173  -1  -1  -1 217  -1  -1  -1  -1  -1  -1  -1  -1 
 10  -1  -1 262  -1  -1  -1 223 210 208  -1  -1  -1  60  60  -1  -1  20 157 167  -1  -1  -1  -1  -1 218 
 11  -1  -1 201  34  -1  -1 190  -1  -1 106  -1 282 209 189  -1  -1  77  -1  -1  -1  -1 128  -1  -1  -1 
 12  -1  -1 252 164  -1  -1  -1 132  -1  -1  -1  -1 300  -1  -1  -1  -1  -1  -1  -1  -1 188  -1  -1  -1 
 13  -1  -1  47 255  -1  -1  -1  -1  25  -1  -1  -1 240  -1  -1  -1  -1 122  -1  -1  -1 235  -1 126  -1 
 14  -1  -1 260 212  38  -1  -1  -1  14  -1  -1 123  -1   0  -1  -1 232  -1  -1  -1  -1  -1  -1  -1  -1 
 15 287  -1  -1  -1  -1  -1 211  -1  -1 242 176  66  -1 256  -1  -1 205  -1  -1  -1  -1  40  37 280 280 
 16  -1  -1 110  80  -1  -1 301  -1  -1  -1  -1 165 179  -1  -1  87  -1  -1  -1  -1  -1 298 170  -1  -1 
 17  -1  43  -1  -1  -1  -1  -1  -1  -1  85  -1  -1  -1  -1  -1  -1  -1 297  -1  -1  -1 246  -1 221  -1 
 18  -1  70   3  -1  -1  -1  -1  -1  -1  -1  -1  -1 145  78  -1  -1 101  -1  -1  -1  -1  -1  -1  -1  -1 
 19 257 199  -1 264  -1  -1  -1  84 249 155  -1  -1  -1  39  -1  -1  -1  -1  -1  -1  -1  -1  35  -1  -1 
 20  -1  -1  -1  -1  -1  -1 133 166  -1  -1  -1  18  -1 290  -1  -1  -1  -1  76  -1  -1  71  -1  -1  -1 
 21  -1  -1 236 236  -1  -1 243  -1  56  -1 259  -1 194 278  -1  -1  -1  -1  -1  -1  -1 306  -1  -1  -1 
 22  -1  -1  -1  -1  -1  -1  -1 148 148  -1  -1  -1  -1 146  -1  -1  -1  -1  -1  -1  -1  -1  -1  -1  -1 
 23  -1  -1  23  -1  -1  -1   1  44  88  -1  -1  -1 121  -1  -1  -1  -1  -1  -1  -1  -1  -1  -1  -1  -1 
 24  -1  -1  -1  -1  -1  -1  26  82  -1  -1  -1  -1 265  -1  -1  -1 125  -1  -1  -1  -1 161  -1  -1  -1 
 25  -1  -1 130  45  -1  -1 254  -1  73  -1  -1  -1  -1 116  -1  -1  -1  -1  -1  -1  -1 147  16  16  -1 
 26  -1 219 284  -1  -1  -1  -1 216  -1  -1  -1  86  -1  -1  -1  -1 291  -1  -1  -1  -1  -1 104 104  -1 
 27  -1 292 296 144  -1  -1 289  -1  -1  -1  -1  -1  29  -1  -1  -1 135  -1  -1  -1  -1  27 247  -1  -1 
 28  -1 238  32  15  -1  -1  -1  58 168  -1  -1  -1  -1  -1  -1  -1  -1  -1 213  -1  -1 124 203  -1  -1 
 29  -1 305  91  -1  89  -1 263  -1 234  -1  -1  -1  -1  -1  -1  -1  83  -1 191  -1  -1  -1  -1  -1  -1 
 30  -1  -1  -1  -1  -1  -1  -1  24  -1  -1  -1  -1  19  19  19  -1  30  -1  17  17   2   2   4   4  -1 
 31  -1  -1  -1  -1  -1  -1  -1  -1  -1  -1  -1  -1  -1  -1  -1  -1  -1  31  31  31  -1  -1  -1  -1  -1 
 32  -1  -1  68  -1  -1  -1  -1  -1  -1  -1  -1  -1  74  48  48  -1  -1  63  63  63  46  46  61  61  -1 
 33  -1  -1  -1  -1  -1  -1  -1  -1  -1  -1  -1  -1  -1  -1  -1  -1  -1  -1  -1  -1  -1  -1  75  75  75 
 34  -1  -1  -1 118  -1 107 107 107  -1  -1  -1  -1  -1  90  90  -1  -1  -1 105 105  92  92  -1 112  -1 
 35  -1  -1  -1  -1  -1  -1  -1  -1  -1  -1  -1  -1  -1  -1  -1  -1  -1 119 119 119  -1  -1  -1  -1  -1 
 36 151 151 151 134 134  -1  -1  -1  -1  -1  -1 162  -1  -1  -1  -1 156  -1  -1  -1 136 136 149 149  -1 
 37  -1  -1  -1  -1  -1  -1  -1  -1  -1  -1  -1  -1  -1  -1  -1  -1  -1  -1  -1  -1  -1  -1 163 163 163 
 38  -1  -1 195 195 195  -1  -1 178 178  -1  -1 206  -1 200  -1 193 193  -1  -1  -1  -1 180 180  -1  -1 
 39  -1  -1  -1  -1  -1  -1  -1  -1  -1  -1  -1  -1  -1  -1  -1  -1  -1 207 207 207  -1  -1  -1  -1  -1 
 40  -1 244  -1  -1  -1  -1  -1 224 224  -1 237 237  -1  -1  -1  -1 250 239 239 239 222 222  -1  -1  -1 
 41  -1  -1  -1  -1  -1  -1  -1  -1  -1  -1 251 251 251  -1  -1  -1  -1  -1  -1  -1  -1  -1  -1  -1  -1 
 42  -1  -1  -1  -1  -1 281 281  -1  -1  -1  -1  -1  -1 266 266  -1  -1 283 283 283 268 268 294 288  -1 
 43  -1  -1  -1  -1  -1  -1  -1 295 295 295  -1  -1  -1  -1  -1  -1  -1  -1  -1  -1  -1  -1  -1  -1  -1 
 44  -1  -1 229  -1   7  -1  52  -1  -1  -1 138  -1  -1  -1  -1  -1   6 313  -1  -1  -1  -1  49  -1  -1 
 45 314  -1  -1  -1  -1  -1  -1  -1  50 309  -1  -1  -1 137  -1  -1  53  -1 181  -1  -1  -1  -1  -1 312 
 46  -1  65 182  -1  55  -1  -1  -1  -1  -1  -1 197 231  -1  -1  -1  -1  -1  -1  -1  -1  -1  -1  -1  -1 
 47  -1 311  -1  -1  -1  -1  -1  -1  -1  -1  -1  -1  -1  -1  -1 316  -1  -1  -1  -1  -1  -1  -1 187  -1 
 48  -1  -1  -1  -1  -1  -1  -1 273  -1  -1   9  -1  93  -1  -1  -1  -1  -1 269  -1  -1  -1  -1  -1  -1 
 49  -1  21  -1 230  -1  -1  -1  -1  10  -1 285 153  -1  -1 186  -1  -1  -1  -1  -1  -1  -1  -1 274  -1 
 50  -1  -1  -1  -1  -1  -1  -1  -1 141  -1  54 315  51 227 143  -1 270  -1  -1  -1  -1  -1 271  -1  -1 
 51  -1  -1  -1  -1 275 308  -1  -1  -1  -1  -1 109  -1 184 228  -1 226  -1   5  -1  -1  -1 225  -1  -1 
 52  -1  -1  -1  95  -1  -1  -1   8  -1  -1  -1  -1  -1  -1  -1  -1 183  -1  -1 310  -1  -1  94  97  -1 
 53  -1  -1 272  11  -1  -1 185  98  -1  -1  99  -1 139  -1  -1  -1  96  -1 140  -1  -1  -1 142  -1 241 

r\t   0   1   2   3   4   5   6   7   8   9  10  11  12  13  14  15  16  17  18  19  20  21  22  23  24 
  0  -1  -1 259  -1  -1  -1  -1  -1  -1 130  -1  -1  -1  -1  -1  -1  -1  72 203  -1  -1  -1 120 169  -1 
  1  -1  -1 101  91  -1  -1  38  -1  64  -1  -1  -1 196  -1  -1  -1  -1  -1  -1  -1  -1  62 218  -1  -1 
  2  -1 100  -1  -1  -1  -1  -1  -1  -1  -1  -1  -1  -1  -1  -1  -1  -1  -1  -1  -1  -1  -1 166  -1  -1 
  3  -1  -1 167 116  87  -1  -1 258  -1  -1  -1  -1  -1  27  -1  -1  -1 202  -1  -1  -1 108 148 148  -1 
  4  -1  -1 253 194 287  -1  -1  29  -1  -1  -1  -1 293  -1  -1  -1  -1  22  44  -1  -1 307  56  -1  -1 
  5  84  85  60  60 214  -1 204  -1  -1  -1  -1 111  -1  45  -1  -1  -1 159  -1  -1  -1  13 235 289  -1 
  6  -1 145 121  -1  -1  40  -1  -1  -1 155  -1  -1  36  -1  -1  -1  -1  -1  -1  -1  -1 113  -1  -1  -1 
  7  -1 128  -1  -1  -1  -1 103  -1  -1  -1  -1 122  -1 188  -1 260  -1 242 264  -1  -1 221  -1  -1  -1 
  8  -1  -1 211 125 170  -1  -1 102  -1  -1  -1  -1  -1  -1  -1  -1  -1  -1  -1  -1  -1  88  -1  42  -1 
  9  -1  69 210  18  -1  -1  -1  -1 223  -1  37  -1  -1 173  -1  -1 124  -1 249  -1  -1  -1  -1  -1  -1 
 10  -1 292 171 245  -1 303  -1 212  -1  -1  -1  70  -1 282  -1  -1  -1  -1  76  -1  -1 240  -1 217  -1 
 11  81  -1  -1  -1  -1  -1  -1  -1  -1  -1  -1 256  -1 152  -1  -1  57  -1  -1  -1  -1  -1  -1 215  39 
 12  -1  -1  -1  -1  -1  -1  -1  16  16  -1  -1  -1  -1  -1  -1  -1  -1  -1 117  -1  -1  77  -1  15 213 
 13  82  -1  32  -1  -1  -1  -1  -1 144  -1  -1  -1  33  -1  -1  -1 263  -1 305  -1  -1 246 192 192  -1 
 14  -1  -1 280 280  -1  -1  -1 135 243  -1  -1  -1  -1 267  -1  -1  -1  -1  -1  -1  -1  47 306 248  -1 
 15 176  -1  -1  -1  -1  -1 233  -1 208  -1  -1  -1  -1  -1 198  -1  -1  -1 131  -1  -1  -1 247  86  -1 
 16  -1  59  -1 179  -1  -1  12  -1  -1  -1 236 236 261  -1  -1  -1 290  -1  -1  -1  -1 190  -1  78  -1 
 17  -1  -1  -1  -1 216  -1 114  -1  35  -1  -1  -1  -1  -1  -1  -1  -1  -1 158  -1  -1 298 205  -1  -1 
 18  -1 123 296  -1  -1  -1  -1 255 279  -1  -1  66 219 302  -1  -1  89  -1 232  -1  -1  -1  -1  -1  -1 
 19  -1  -1 189  -1  -1  -1 276 284 160  -1  -1  -1  -1  -1  -1  -1 164  -1  -1  -1  -1  -1 277 175  -1 
 20  -1  -1  -1  73  -1  -1  -1  -1  -1  -1  -1  -1  -1  -1  -1  -1 191  -1  -1  -1 106  43 172  -1  -1 
 21  -1 132   3  -1 199  -1 133 174  -1 238  -1  -1  -1  -1  -1 301  25  -1  26  -1  -1  -1  -1 278  -1 
 22  -1 262  79  -1  -1  -1  -1  -1 252 257  -1  -1 147 209  -1  -1  -1  -1  -1  -1  -1  -1  -1  -1  -1 
 23  -1  14  -1 299  -1  -1 129  -1  -1  -1  -1 291  -1  -1  -1  -1  -1 300  -1  -1  -1  28  20  -1 127 
 24  -1  -1 146  -1  -1  -1  -1  -1  -1  -1  -1  -1 286  -1  -1  -1  -1  -1  -1  -1  -1  -1  -1  -1  -1 
 25 265  -1  -1  -1  -1  -1  -1  -1  -1  -1  -1 161  -1  -1  -1  -1  -1 254   1  -1  -1  -1  -1  -1  -1 
 26  -1  -1  -1 110  -1 126  -1 165  -1  -1  -1  -1  -1  80  -1  -1  -1  -1  -1  -1  -1  -1  -1  -1 304 
 27  -1  -1  -1 157  -1  -1  -1  -1  -1  -1  -1  -1  -1   0  -1  -1  -1 104 104 177  -1  71  -1  58  -1 
 28  -1  -1  -1  -1  -1  -1  41 154 115  -1  -1  23  -1 297  -1  -1  -1  -1  -1  -1  -1  -1  -1 201  -1 
 29  -1  34  -1 150  -1  -1  83  -1  -1  -1  -1  -1  -1  -1  67  -1 234  -1  -1 220  -1  -1  -1 168  -1 
 30   2   2  -1  30  -1   4   4  -1  -1  -1  -1  -1  19  19  19  17  17  24  -1  -1  -1  -1  -1  -1  -1 
 31  -1  -1  -1  -1  -1  -1  -1  -1  -1  -1  -1  -1  -1  -1  -1  -1  -1  -1  -1  -1  -1  -1  31  31  31 
 32  48  48  -1  -1  -1  61  61  -1  74  -1  -1  -1  68  -1  -1  -1  -1  63  63  63  -1  -1  -1  46  46 
 33  -1  -1  -1  -1  -1  75  75  75  -1  -1  -1  -1  -1  -1  -1  -1  -1  -1  -1  -1  -1  -1  -1  -1  -1 
 34  90  90  -1  -1  -1  92  92 118  -1  -1  -1  -1 105 105  -1  -1  -1 112  -1  -1  -1  -1 107 107 107 
 35  -1  -1  -1  -1  -1  -1  -1  -1  -1  -1  -1  -1 119 119 119  -1  -1  -1  -1  -1  -1  -1  -1  -1  -1 
 36  -1 156  -1  -1  -1  -1  -1 162  -1  -1  -1  -1  -1  -1  -1 151 151 151 134 134 149 149  -1 136 136 
 37  -1  -1  -1  -1  -1  -1  -1  -1  -1  -1  -1  -1 163 163 163  -1  -1  -1  -1  -1  -1  -1  -1  -1  -1 
 38  -1 200  -1  -1  -1 180 180 195 195 195  -1  -1  -1  -1  -1  -1  -1 193 193  -1  -1 206 178 178  -1 
 39  -1  -1  -1  -1  -1  -1  -1  -1  -1  -1 207 207 207  -1  -1  -1  -1  -1  -1  -1  -1  -1  -1  -1  -1 
 40  -1 250 239 239 239 222 222  -1  -1  -1  -1  -1 237 237  -1  -1 244  -1  -1  -1  -1  -1 224 224  -1 
 41  -1  -1  -1  -1  -1  -1  -1  -1  -1  -1  -1  -1 251 251 251  -1  -1  -1  -1  -1  -1  -1  -1  -1  -1 
 42  -1  -1 266 266  -1  -1 294  -1  -1  -1  -1  -1  -1  -1  -1 283 283 283  -1  -1 281 281 288 268 268 
 43  -1  -1  -1  -1  -1  -1  -1 295 295 295  -1  -1  -1  -1  -1  -1  -1  -1  -1  -1  -1  -1  -1  -1  -1 
 44  -1 273  54  -1  -1  -1  -1  -1  97  -1  -1  -1  -1  -1 309  -1 227  -1  -1  -1  -1  11  -1  -1  -1 
 45  -1  -1  -1  -1 310 269  -1  -1  52  -1  -1  -1  -1  -1  -1  -1 187  -1 231  -1  -1  -1  -1  -1  -1 
 46  -1  -1  -1  -1  -1  -1  -1  94  -1 109  -1  -1  -1  -1  -1 314  -1  -1  -1  -1  -1  -1  -1  -1  -1 
 47 143 226  -1  55  -1  -1 272  -1  -1  -1  -1  -1  -1 182  -1 197  -1  -1  -1  93  -1  -1 140  -1 228 
 48  -1  -1 186  -1  -1 138  -1 225 137 315  -1 285  -1 230  -1  -1  -1  -1  -1  -1  -1 181  -1   6  -1 
 49  -1  -1  -1  -1  -1  -1  -1  -1  -1  -1  -1  -1  -1  -1  -1  -1  10 313  95  -1  -1 274  49  -1  -1 
 50  -1 184  99  -1  -1  -1  51   9  -1  -1  -1  -1  -1  98  -1  -1  -1  -1  -1  -1 241  -1 271  96  -1 
 51  -1  -1 139  -1  -1  -1  -1  -1   5  -1 316  -1  65  -1  -1  -1  -1  -1  -1  -1  -1 142  -1  -1 185 
 52 229  -1  -1  -1  -1  -1  -1  -1 270  -1  -1 311  -1  -1  -1  -1  -1  -1 183 275  -1  -1   7  -1  -1 
 53  -1  -1  21  -1  -1  -1  -1  50  -1  -1  -1 153 308 141  -1  -1  53  -1  -1   8 312  -1  -1  -1  -1 

r\t   0   1   2   3   4   5   6   7   8   9  10  11  12  13  14  15  16  17  18  19  20  21  22  23  24 
  0  -1  -1 166  -1  -1  -1  -1  -1  -1  -1  -1  59  -1  -1 127  -1 188  -1  -1  -1  -1 259  -1  -1  -1 
  1  -1 218 245  81  -1  -1 121  -1  -1  -1  -1  -1  -1  -1  -1  -1  71  72 248  -1  -1 287 236 236  -1 
  2  -1 298  -1  -1  -1  -1  -1 262  -1  -1  -1  -1 104 104  -1  -1  -1  -1  80  -1 213  -1  -1 302  22 
  3  -1  -1  76  -1  -1  -1  77  -1  -1  -1  -1  -1  -1  -1  -1  41  -1  -1 122  -1  -1  78 131 258  -1 
  4  -1  42 242  -1  -1  -1  -1 159  -1  -1  -1  -1  -1  -1  -1  -1  -1  -1  -1  -1  -1  -1 261  -1  -1 
  5  60  60 111  -1  89  -1  -1  28  -1  -1  -1 255 209  -1  -1  -1  -1 196 278  -1  83  -1 292  -1  -1 
  6  -1 205  -1  -1  -1  -1  -1  -1  -1  -1  -1 157  -1  -1  -1  -1  -1  -1 160  -1  -1  -1  -1  -1  -1 
  7  -1  -1  -1 303 219  -1  -1  -1 179  -1  -1  -1  -1  -1  -1  -1  -1  -1  20  -1  -1  -1  -1  -1  -1 
  8  -1  -1  -1  57  -1  -1 300 194 164  -1 215 169 192 192  -1  -1  -1  -1 305  -1  -1 130  -1  -1  -1 
  9  -1  -1  -1  -1  39  -1  -1 174  -1 304  -1 212  -1  -1  -1  -1  -1  -1  85  -1  -1  -1  -1 147  84 
 10  -1 254  67  -1  -1  -1   1  -1 293  -1  -1  -1 265  -1  -1 198 204  -1  -1  -1  -1  -1  -1  -1  -1 
 11  -1  -1  -1 253  -1  -1  47 110  -1  -1  -1  13  -1  -1  -1  -1  91 264 125  -1  -1 296  -1  56  -1 
 12  -1  69  -1 257  -1 306 211 256 100  -1  -1  70  -1  -1  -1 172 246 277  -1  -1  -1  -1  -1 220  -1 
 13  -1 102  -1  -1  -1  -1  -1 263  16  16  -1  -1  -1  -1  -1  -1 165  -1  -1  -1  -1  -1  -1  -1  -1 
 14  -1  -1  -1 124  -1  -1 173  -1  -1  -1  -1  -1  -1  -1  -1  -1 291 146  -1  -1  -1 238 175  -1  -1 
 15  -1  36 155  82  -1  -1  -1  -1  -1  -1  -1  -1 144  -1  -1  -1  -1  -1  -1  -1  -1  -1  58  -1  -1 
 16  -1  44  -1 148 148  -1 233  -1  -1  -1  -1  -1  -1  -1 126  -1  -1  -1 171  -1  -1  -1  -1  88  -1 
 17  -1  12  -1  -1  -1  -1  -1  62  -1  -1 217 115  -1  33  -1  -1 150 202  -1  -1  -1 154  -1  -1 216 
 18  -1  -1  -1  32  -1  -1  73  -1  45  -1  -1 307  -1  -1  -1  -1  -1  -1  -1  -1  -1  -1  -1 113  -1 
 19  -1  -1  -1 103  -1  -1 129  -1  -1  -1 132 108 170  -1  -1  -1 267  -1  -1  -1  -1  -1  -1  -1  -1 
 20  -1  27  -1  -1  -1  -1  -1  -1  -1  -1  -1  -1 284 201  -1  86   3  15  -1 177  -1  -1 120  -1  -1 
 21  -1 223 214 234  -1  -1 189  -1 123  -1  -1 290  -1  -1  -1  -1 106  -1  -1  -1  -1  66 152  -1  -1 
 22  -1 133  87 289  -1  -1 158  23 249  -1  -1  -1 167  -1  -1  -1  -1 247 232  -1  -1  -1 203  -1  -1 
 23  -1  -1  -1  -1  -1  -1  -1 116  -1  -1  -1 240  14  -1  -1  -1  -1  -1  -1  -1  -1 161  -1 299  -1 
 24  -1 279 117  -1  -1  -1  -1  -1 235  -1  -1  35  -1  -1  -1  -1  40  -1 297  -1  -1  -1 260  29  -1 
 25  -1  -1  -1 191  -1  -1  -1  79  -1  -1  -1  -1  34 286 128  -1  37  -1  25  -1  -1 252  -1  -1  -1 
 26  -1 243  -1  -1  -1  -1  -1  -1  -1  -1  -1  -1  -1  -1  -1  -1 282  -1  -1  -1  -1  -1  -1 208  -1 
 27  -1  -1  -1   0  -1  -1  26  -1  -1  -1  -1 276  -1  -1  -1  -1  -1  -1  64  -1  38  -1  -1  -1  43 
 28  -1  -1 301  -1  -1  -1  -1  -1  -1  -1  -1 190 114  -1  -1  -1 135  -1  -1  -1  -1 199  -1  -1  -1 
 29  -1  -1  -1 168  -1 221 101 210  -1 176  -1  -1  -1  18  -1  -1  -1  -1 145  -1  -1  -1 280 280  -1 
 30  -1  -1  19  19  19  -1  -1  -1  24  -1   4   4  -1  -1  -1  -1  30   2   2  -1  -1  -1  17  17  -1 
 31  -1  -1  -1  -1  -1  -1  -1  -1  -1  -1  -1  -1  -1  -1  -1  -1  -1  -1  -1  -1  31  31  31  -1  -1 
 32  -1  -1  -1  46  46  -1  -1  68  -1  -1  -1  -1  61  61  -1  63  63  63  48  48  -1  -1  -1  74  -1 
 33  -1  -1  -1  -1  -1  -1  -1  -1  -1  -1  -1  -1  75  75  75  -1  -1  -1  -1  -1  -1  -1  -1  -1  -1 
 34  -1 112  -1  -1  -1  -1  -1  -1  90  90  92  92  -1 118  -1  -1  -1 105 105  -1  -1  -1 107 107 107 
 35  -1  -1  -1  -1  -1  -1  -1  -1  -1  -1  -1  -1  -1  -1  -1  -1  -1 119 119 119  -1  -1  -1  -1  -1 
 36  -1  -1  -1  -1  -1 134 134 151 151 151 149 149  -1 156  -1  -1 162 136 136  -1  -1  -1  -1  -1  -1 
 37  -1  -1  -1  -1  -1  -1  -1  -1  -1  -1  -1  -1  -1  -1  -1  -1  -1  -1  -1  -1  -1  -1 163 163 163 
 38 193 193  -1  -1  -1  -1  -1  -1 200  -1 178 178  -1  -1  -1  -1  -1 180 180  -1  -1 206 195 195 195 
 39  -1  -1 207 207 207  -1  -1  -1  -1  -1  -1  -1  -1  -1  -1  -1  -1  -1  -1  -1  -1  -1  -1  -1  -1 
 40  -1  -1  -1  -1  -1  -1  -1  -1 224 224  -1  -1 237 237  -1 239 239 239 222 222  -1  -1 244 250  -1 
 41  -1  -1  -1  -1  -1  -1  -1  -1  -1  -1  -1  -1 251 251 251  -1  -1  -1  -1  -1  -1  -1  -1  -1  -1 
 42  -1  -1 281 281  -1 283 283 283 266 266  -1  -1  -1 294  -1  -1  -1 288  -1  -1  -1  -1 268 268  -1 
 43  -1  -1 295 295 295  -1  -1  -1  -1  -1  -1  -1  -1  -1  -1  -1  -1  -1  -1  -1  -1  -1  -1  -1  -1 
 44 312 269 313 272  -1  -1  -1  -1  -1   9  -1  -1  -1  -1  -1  -1  -1  -1  -1  -1  -1  -1  -1  -1  -1 
 45  -1  -1  -1 139  -1  54  99  -1  -1  -1  55 137   5  -1  -1  -1  -1  -1  -1 138  -1  -1  -1   8  -1 
 46  -1 183  -1 231  -1 186 184  -1  -1  -1  -1  -1  -1  -1  -1  -1  -1  -1 275  -1  -1  -1  93  -1  -1 
 47  -1  -1  -1  -1 143   7  65  -1  -1  -1 274  51  -1 153 285 309  -1  -1  -1  -1  -1  -1  -1  -1  -1 
 48  -1  10  -1  -1 225  -1  -1  -1  -1  -1  -1  -1  -1  -1 314  -1 185  -1  -1  11  -1 311  -1  -1 316 
 49  -1  -1  -1  -1  -1  -1  -1 315 197  -1 228  -1 142  -1  -1  -1  21  -1  -1  -1 310 109  53  -1  -1 
 50  -1  -1  -1  -1  -1  -1 270  -1  -1  -1  -1  -1  98 308  -1  -1  -1  50  -1  -1  -1  -1  -1  52  -1 
 51  -1  -1  -1  94  -1  97  -1 241 140  49  -1 227  -1  -1  -1  -1  -1 226  -1  -1  -1  -1 141  -1  -1 
 52  -1  95  -1  -1  -1  -1 229  -1  -1  -1  -1 273  -1  -1  -1  -1  -1  -1  -1  -1  -1  -1 230  -1  -1 
 53  -1  -1  -1 187  -1  -1  -1  -1   6  -1  -1  -1 181  -1  -1  -1  -1  -1  96 271  -1  -1  -1 182  -1 

r\t   0   1   2   3   4   5   6   7   8   9  10  11  12  13  14  15  16  17  18  19  20  21  22  23  24 
  0 265  -1  -1  -1  -1  -1  -1  -1  -1  -1  -1  64  -1  15  -1  -1  -1  -1  -1  -1  -1 132  -1  -1  -1 
  1  -1  -1  36  -1  -1  -1  -1  -1  37  -1  -1  -1 110  -1  -1  -1  -1 102  26  -1  -1  -1  -1  -1  -1 
  2  -1 171  18  -1  -1  -1  -1 245  -1  -1  -1 159  -1  -1  -1  -1  -1  -1 108 302 243 101  -1  -1  -1 
  3  -1 247 196  -1  -1  -1  -1  -1  -1 106  -1  -1  -1  -1  -1  -1  -1  -1 188  -1  -1  -1  -1  -1  -1 
  4  -1  -1 154  -1  -1  -1  -1  -1 166  -1  -1 233 114  -1  -1  -1 211  -1  -1  -1  -1  -1 303 203  -1 
  5  -1  -1 218  -1  -1  -1  42  -1  -1  -1  -1  77 282  -1  -1  -1  -1  -1  -1  -1  -1  -1  -1  25  -1 
  6  -1 165 129  34  -1  -1  -1 304  -1  -1  -1  -1  -1  -1  -1  -1  -1  -1 284  -1  -1  -1  -1  -1  -1 
  7  -1  -1 259 248  -1  -1  78  -1  -1  -1  -1  -1  69  -1  -1  -1  80  -1  41  -1  -1 298  -1  76  -1 
  8  -1  -1  -1  12  22  -1  -1 123  -1  -1  -1  -1  -1 179  -1  -1 155  -1  -1  -1  -1 256 125  -1  -1 
  9  -1  -1  -1  -1  -1  -1  -1 264  -1  -1  -1  -1  -1  -1  -1  -1 214  -1 215 176  -1 147  -1  -1  43 
 10  -1  -1  71 174  -1  -1  -1 111 199  -1   1 124 192 192  -1  -1  -1 240  -1  -1  -1  -1  -1  -1  -1 
 11  40  -1   3  58  -1  -1  -1  -1  86  -1  -1  -1  -1 220  -1  -1  -1  60  60  -1  -1 213  -1  -1  -1 
 12  -1  -1  57 291  -1  -1 100  44  -1  -1  -1  -1  -1  83  -1  -1  -1 208 217  -1  -1  -1  -1  -1  -1 
 13  -1  -1  85  81  -1  -1 121  -1  -1  -1 177  -1  20  -1  -1  -1  -1  -1 117  -1 170  -1  -1 216  -1 
 14  -1 219  27 234  -1  -1 152  91  -1  -1  -1 144  -1  -1  -1  -1  -1 254 292  -1  -1  -1  -1  -1  -1 
 15  -1  -1  -1  -1  -1  -1 209  -1  -1  -1  -1  89 131 115  -1  -1  -1  -1 258  -1  -1  -1  -1  -1  -1 
 16  -1  -1  -1  -1 150  -1  -1  -1  -1  -1  -1  -1  -1 255  -1 198  -1 167  88  -1  -1 221  -1  -1  -1 
 17  -1  84  -1  -1  -1  -1 189  -1 306  -1  -1  -1  -1 158  -1  -1 238  -1  -1  -1  -1 202  -1  -1  -1 
 18  -1 103 280 280  -1  -1  -1  -1 116  67  -1 190 301 201  -1 173  -1  -1 232  -1  -1  -1  -1 305  -1 
 19  82 205 160 130  -1  -1 133  35  -1 263  -1  -1  -1  -1  -1  -1  -1 148 148  -1 126  -1  -1 289  -1 
 20  -1 191  -1  -1  -1  -1 293 146 300  -1  -1 290 212  -1  -1  -1  -1  -1  -1  -1  -1  -1  -1  -1  -1 
 21 127 145 120  -1  -1  -1  -1 168  -1  -1  -1  -1  -1 236 236  -1  -1  -1  -1  -1  -1  -1  -1  -1  -1 
 22 169 287  -1  -1  -1  -1  -1  -1  29  -1  -1 204  -1  -1  -1  -1  -1  -1  70  -1  -1   0  -1  -1  62 
 23  -1  33  -1  72  -1  -1 253  -1  66  -1  -1  14  -1 278  -1  -1 296 276  -1  -1  -1 267  -1  -1  -1 
 24  -1  -1  -1  -1  -1  -1  13  -1  87  -1  -1  28  -1  -1  -1 286  -1  -1 246  -1  -1  32  -1  -1  -1 
 25  -1  59 223  -1  38  -1  -1  -1  -1  -1  -1  -1 261 104 104  -1  23  -1 210  -1  -1  -1  -1  -1  -1 
 26 262  -1 128 113  -1  -1 307  -1  -1  -1  -1  -1  -1  -1  -1  -1  -1  -1 260  -1  -1 161  -1  -1  -1 
 27  -1  -1 242 172  -1  -1  56  -1  -1  -1  -1  -1  -1  -1  -1  -1  -1  -1 157  -1  -1 122  39  -1  -1 
 28  -1 235 135  -1  -1  -1 257  16  16  -1  -1 252 164 175  -1  -1 194 299  -1  45  -1 279  -1  -1  -1 
 29  -1  79 297  -1  -1  -1  -1  -1  -1  -1  -1 277  -1  73  -1  -1 249  -1  -1  -1  -1  -1  -1  47  -1 
 30   4   4  -1  -1  -1   2   2  -1  -1  -1  -1  -1  -1  -1  -1  -1  30  19  19  19  17  17  24  -1  -1 
 31  -1  -1  -1  -1  -1  -1  -1  -1  -1  -1  -1  -1  31  31  31  -1  -1  -1  -1  -1  -1  -1  -1  -1  -1 
 32  48  48  -1  -1  -1  46  46  74  -1  -1  -1  -1  63  63  63  61  61  68  -1  -1  -1  -1  -1  -1  -1 
 33  -1  -1  -1  -1  -1  -1  -1  -1  -1  -1  -1  -1  -1  -1  -1  -1  -1  -1  -1  -1  75  75  75  -1  -1 
 34  90  90 107 107 107  92  92  -1  -1  -1  -1  -1  -1  -1  -1  -1 118 112  -1  -1  -1  -1 105 105  -1 
 35  -1  -1  -1  -1  -1  -1  -1  -1  -1  -1  -1  -1  -1  -1  -1  -1  -1  -1  -1  -1  -1  -1 119 119 119 
 36 136 136  -1 162  -1  -1  -1  -1  -1  -1 134 134 151 151 151  -1 156  -1  -1  -1  -1  -1 149 149  -1 
 37  -1  -1  -1  -1  -1  -1  -1  -1  -1  -1  -1  -1  -1  -1  -1  -1  -1  -1  -1  -1  -1  -1 163 163 163 
 38 178 178  -1 193 193 180 180 206 200  -1  -1  -1  -1  -1  -1  -1  -1  -1  -1  -1  -1  -1 195 195 195 
 39  -1  -1 207 207 207  -1  -1  -1  -1  -1  -1  -1  -1  -1  -1  -1  -1  -1  -1  -1  -1  -1  -1  -1  -1 
 40 224 224 244  -1  -1 239 239 239 250  -1 222 222  -1  -1  -1  -1  -1  -1  -1  -1  -1  -1 237 237  -1 
 41  -1  -1  -1  -1  -1  -1  -1  -1  -1  -1  -1  -1  -1  -1  -1  -1  -1  -1  -1  -1  -1  -1 251 251 251 
 42  -1  -1  -1  -1  -1  -1  -1 283 283 283 268 268 294 288  -1  -1  -1  -1 266 266  -1  -1 281 281  -1 
 43  -1  -1  -1  -1  -1  -1  -1  -1  -1  -1  -1  -1  -1  -1  -1  -1  -1  -1  -1  -1  -1  -1 295 295 295 
 44  -1  -1  -1   9  -1  -1  -1  -1 227  -1  99  -1  -1  -1  -1  -1 109 230 182  -1  -1  -1  -1  65  -1 
 45  -1  -1  -1 225  -1  -1  -1 231   8  -1  50  -1  -1 274  -1  -1  -1 181  10  97  -1  -1  -1 270  -1 
 46  -1  -1  -1  51  -1  -1  -1  -1  -1  -1  -1  -1  -1  -1  -1 314 311  -1  -1 138  -1  -1  -1   6  -1 
 47  -1  -1  -1 269 315  -1 273  -1  -1  -1  -1  -1  -1  -1  -1  -1  -1  53  -1  -1  -1  -1  21 187  -1 
 48  -1  -1 272 140  -1 143  -1  11 153  -1  -1 186  -1  -1 310  -1  -1 271  55  -1  -1  -1  -1  -1 316 
 49  -1  -1  -1  -1  -1 275  -1 139  -1  -1  -1  -1  -1  94  -1  -1  -1  -1  -1  -1  -1 184  -1 226  -1 
 50  -1  -1  -1  -1  -1  -1  -1  -1  -1  -1  -1  52 309  -1  -1  -1 285   5  -1  -1  -1  96  -1  -1  -1 
 51  -1  -1  -1 185  -1  -1  -1 183  -1  -1  -1   7  -1  -1  -1  -1  -1 141 229 228  -1  49 308 142  -1 
 52  -1  -1  54  -1  -1  -1  -1  -1  95 197  -1  -1  -1  -1  -1  -1  -1  93  -1  -1 312  -1  -1  -1  -1 
 53  -1  -1  -1  -1  -1  -1  -1  -1  -1 313  -1  -1 241  -1  -1  -1  -1  -1 137  -1  -1  -1  -1  98  -1 

r\t   0   1   2   3   4   5   6   7   8   9  10  11  12  13  14  15  16  17  18  19  20  21  22  23  24 
  0  -1 293 246  -1  -1  -1  -1 260  -1  -1  -1  -1  -1  -1  -1 130  -1  -1  -1  -1  -1 133 148 148 258 
  1  85 115 121  -1  -1  -1  -1  -1 113  -1  -1 203  -1  -1  18  -1  -1  58  -1  -1  -1  27  36 292  -1 
  2  -1  -1  84  -1  -1  -1  -1  -1  -1  -1  -1  37  34  28  -1  -1 212  -1  29  -1  -1 209  -1 124  -1 
  3  -1 307  -1  -1  -1  -1  -1  -1 159  42 132  -1  -1  -1  -1  -1 304 176 235  45  -1  -1  -1 166  -1 
  4  -1  -1 302  -1  -1  -1 155  -1  -1  -1  -1 102  -1  -1  -1  -1  -1 116  -1  -1  -1  -1  -1  -1  -1 
  5  -1 100 267  -1  -1  -1   1 173  22  -1  -1 256  -1  -1  -1  -1  -1  -1 290  -1  -1  -1  -1  -1  -1 
  6  -1  -1  -1  -1  -1  -1  -1   3 296  -1  -1  -1  -1 194  -1  -1  80  -1  -1  -1  -1  -1  -1  -1  -1 
  7  -1 211  62  -1 287  -1  -1  -1  -1  -1  -1  -1  -1  -1  -1  -1  57  -1  -1  -1  -1  -1  -1  33  -1 
  8  -1  32 221  -1 110 106  -1  -1  77 174  -1  -1  -1 289  -1  -1  -1 249  -1  -1  -1  -1  91  -1  -1 
  9 280 280  25  -1  -1  -1  -1  -1  -1  -1  -1 240  -1  -1  -1  -1 169  -1  -1  -1 263  -1 111  -1  -1 
 10 172  88  -1  -1 175  -1  -1  -1 199  -1  -1  -1 122 301  -1  -1 147  -1  43  -1  -1 117 126  78  -1 
 11  -1  -1  -1  14  -1  -1 135  -1  -1  -1  -1  59  -1  -1  -1  -1 215 233  -1  -1  -1  -1  -1  -1  -1 
 12  -1 127 286  -1  -1  -1  83  -1  -1  -1  -1  -1  -1  -1  -1  -1 264  -1  -1  -1  -1  -1 284  -1  -1 
 13  -1 145  -1  -1  -1  -1  26 161  -1  -1  -1 188  -1  -1  -1  -1 168  -1 201  -1  -1  12  -1  -1 265 
 14  -1  -1  13 179  -1  -1  -1  -1  71  -1  -1  -1 279  -1  -1  -1  -1  -1  -1  -1  -1 196  -1 218  -1 
 15  -1  -1 189 114  67  -1  -1 276  -1  -1  -1 170 198  -1  -1 262  -1  70  -1  -1  -1  -1 236 236  -1 
 16  -1  -1  -1  -1  -1  -1  -1  -1 282  -1  -1  -1  -1  -1  38  -1  -1  -1  -1  39  -1  -1  -1  -1  -1 
 17  -1  -1 210 234  -1  -1  -1  -1 259  -1  -1  -1  -1  -1  -1  -1 248 202  -1  -1  -1 300  -1 255  -1 
 18  -1 247 131 297  -1  -1 164  -1  -1  -1 303  -1  -1  -1  -1  -1  -1  15 213  -1 238  -1  47  -1  -1 
 19 220 232  -1  -1  -1  -1  20 245  -1  -1  -1  -1 157  -1  -1  -1  -1 104 104  -1  -1  -1  -1  -1  -1 
 20 171  56  -1 160  -1  -1  76 204  -1  -1  -1  -1  -1  -1  -1  -1  -1  -1  -1  -1  -1  -1  -1  -1  -1 
 21  -1  -1  72  -1  -1  -1  64  -1 125  -1  -1  -1  16  16  -1  -1 223  -1  -1  -1  -1  -1  -1  -1  -1 
 22  -1  -1  -1  -1 150  -1  -1  23 128  -1  -1  35  -1  -1  -1  -1 190  -1  69  -1  -1  -1 158  -1  -1 
 23  -1  -1 146 205 242  -1 253  -1  -1  -1  -1 144  -1  -1 261  -1  -1  -1 254  -1  -1 152  -1  -1  -1 
 24  -1 191 291  79  -1  -1 108  -1  -1  -1  41  73  -1  -1  -1  -1  -1  -1  -1  -1  -1  -1 252  -1  -1 
 25  87  -1  -1  -1  -1  -1 208  -1  -1  -1  -1  -1 154 167  -1  -1  -1  -1  -1  -1  -1  44 129  -1  -1 
 26  -1  86  -1  -1 305 216  -1 120  -1  -1  -1  -1  -1  -1  -1  -1 257  -1 123  -1  -1  -1  -1  -1 217 
 27  -1  -1 101  -1  -1  -1  -1  -1  -1  -1  -1   0  -1  81  40  -1  -1  -1  -1  -1  -1 277  66 278  -1 
 28  -1  -1 165  -1  -1  -1 219 299  -1  -1  -1  -1 103  -1  -1  -1  89  -1  -1  -1  -1  -1  -1  -1  -1 
 29  -1 214  -1  -1  82 306  -1  -1  -1  -1 177 298  -1  -1  -1  -1 243 192 192  -1  60  60  -1  -1  -1 
 30   4   4  -1  24  -1  -1  -1  30  -1  -1  -1  -1  -1  -1  -1  17  17  -1   2   2  -1  -1  19  19  19 
 31  -1  -1  -1  -1  -1  -1  -1  -1  -1  -1  -1  -1  -1  -1  -1  31  31  31  -1  -1  -1  -1  -1  -1  -1 
 32  48  48  -1  68  -1  -1  -1  63  63  63  -1  -1  61  61  -1  -1  -1  -1  -1  -1  -1  74  -1  46  46 
 33  -1  -1  -1  -1  -1  -1  -1  -1  -1  -1  -1  -1  75  75  75  -1  -1  -1  -1  -1  -1  -1  -1  -1  -1 
 34  -1  -1  90  90  -1  -1 118 107 107 107  -1  -1  -1  -1  -1  -1  -1  -1  -1  -1 105 105 112  92  92 
 35  -1  -1  -1  -1  -1  -1  -1  -1  -1  -1  -1  -1 119 119 119  -1  -1  -1  -1  -1  -1  -1  -1  -1  -1 
 36  -1 162 134 134  -1  -1  -1 151 151 151  -1 156  -1  -1  -1  -1  -1 149 149  -1  -1  -1 136 136  -1 
 37  -1  -1  -1  -1  -1  -1  -1  -1  -1  -1  -1  -1  -1  -1  -1  -1  -1 163 163 163  -1  -1  -1  -1  -1 
 38  -1 180 180  -1  -1 195 195 195 206  -1  -1  -1 200  -1  -1  -1  -1  -1 178 178  -1  -1 193 193  -1 
 39  -1  -1  -1  -1  -1  -1  -1  -1  -1  -1  -1  -1  -1  -1  -1  -1  -1  -1  -1  -1  -1  -1 207 207 207 
 40  -1  -1  -1  -1  -1 239 239 239 250  -1  -1  -1 237 237  -1  -1  -1  -1 222 222  -1 244  -1 224 224 
 41  -1  -1  -1  -1  -1  -1  -1  -1  -1  -1  -1  -1 251 251 251  -1  -1  -1  -1  -1  -1  -1  -1  -1  -1 
 42 266 266  -1  -1  -1  -1 288  -1  -1  -1 281 281  -1  -1  -1  -1 294 283 283 283  -1  -1 268 268  -1 
 43  -1  -1  -1  -1  -1  -1  -1  -1  -1  -1  -1  -1 295 295 295  -1  -1  -1  -1  -1  -1  -1  -1  -1  -1 
 44 185 137   9   5 311  -1  93 270  -1  -1  -1 269  -1  -1  -1  -1  -1  -1  -1  -1  -1 187  -1  -1  -1 
 45 138  -1  -1  -1  -1  -1  -1  -1 314 316  -1 182  -1  -1  -1 313 186  -1  65  -1  -1   6  -1  -1  -1 
 46  -1  -1  -1  -1  -1  -1  49  53  -1  -1  -1  50  -1  -1 309  -1  -1  52  -1  -1  -1  -1  -1  -1  -1 
 47  -1  -1  -1  -1  -1 310  -1 140  -1  -1   7 226  -1  -1  -1  -1  -1  11  -1  -1  -1  -1 228  -1 143 
 48  -1  -1  -1  51  -1  -1  -1 183  -1  -1 274  -1  -1 315  -1  -1  -1  -1  -1  -1  -1 275  -1   8  -1 
 49  -1  -1  -1  -1  21  -1 181  -1  -1  -1 230  -1 308  -1  -1  -1  54  94 273  -1  -1  -1  -1 184  -1 
 50  -1  -1  -1  -1  -1  -1  -1  -1 241  -1  -1  -1  -1  -1  -1  -1  -1  -1  -1  -1  -1  -1  -1  -1  -1 
 51  -1  -1  -1 197  -1 285  -1  -1  -1  -1  55 141  -1 153  -1  -1  -1  -1  99  -1  -1  95  10  -1  -1 
 52 109  -1  -1 229  -1  -1  -1  -1  -1  -1  98  96  -1  -1  -1  -1  -1 139  -1  -1  -1 231  -1  -1  -1 
 53  -1 227  -1 271  -1  -1 272  -1  -1  -1  -1  -1  -1  -1  -1  -1 142 225  -1  97 312  -1  -1  -1  -1 

