317
16 18
6 18
0 30
11 25
20 30
22 53
3 44
8 49
2 48
5 50
7 46
4 46
16 23
8 6
7 11
22 8
2 12
13 30
9 24
17 30
1 15
11 50
24 25
23 13
22 30
23 7
6 16
17 18
11 5
3 22
8 30
12 31
21 21
16 21
2 4
1 10
18 6
2 28
0 27
4 11
3 13
16 9
10 4
19 6
21 6
2 19
5 32
8 16
0 32
7 45
16 45
17 46
11 48
22 46
3 48
20 49
1 22
22 3
3 16
6 0
7 15
20 32
18 4
12 32
11 17
19 51
4 21
23 9
23 32
3 27
1 14
11 7
22 28
18 14
8 32
15 33
13 17
11 3
6 4
21 4
2 0
24 6
6 27
23 25
24 23
8 0
9 17
14 5
13 6
16 5
0 34
11 8
5 34
8 52
22 48
7 53
3 52
20 44
17 51
21 48
22 14
8 18
7 13
6 14
12 19
3 34
24 16
17 34
16 7
15 52
11 24
23 20
23 34
7 19
16 2
22 15
18 17
6 28
13 34
2 35
8 28
17 28
2 16
12 14
21 2
24 8
2 27
24 19
13 3
22 19
19 4
23 26
2 2
21 0
3 36
13 16
5 36
7 49
8 46
20 52
1 48
17 50
16 53
0 45
7 24
1 3
2 24
3 9
5 21
23 36
15 14
10 36
21 18
19 53
18 7
13 29
7 36
8 1
18 25
11 26
2 17
13 4
1 36
22 37
12 22
3 6
16 4
6 11
21 20
12 3
18 23
8 19
7 2
2 14
7 10
16 10
17 23
1 25
3 38
16 20
20 38
13 49
8 53
11 46
6 47
0 50
2 49
22 47
2 3
13 0
3 23
6 23
22 2
8 38
12 25
17 38
1 23
10 49
24 5
16 14
23 38
16 3
1 26
12 16
3 26
8 9
11 38
5 39
13 9
18 8
21 27
21 25
17 25
22 29
11 13
10 11
12 23
5 22
14 14
19 15
4 20
21 15
5 40
16 17
0 40
20 45
11 52
3 45
17 45
2 44
8 45
22 51
3 17
6 17
22 6
8 21
0 16
18 40
24 15
12 40
11 28
7 44
23 12
16 25
3 40
13 23
22 12
23 0
7 0
8 29
11 40
17 41
2 20
12 13
6 7
1 11
16 29
3 24
15 24
5 10
3 10
14 15
7 1
2 26
2 1
13 1
3 42
6 3
20 42
5 53
11 53
0 51
16 52
22 52
1 46
17 49
11 16
21 28
22 13
23 28
2 8
17 42
19 2
7 42
1 6
14 52
12 20
6 5
23 42
23 18
12 1
3 25
8 24
1 19
11 42
15 43
7 3
2 9
22 17
6 6
18 26
8 5
20 26
2 15
5 3
4 15
5 20
1 17
12 46
15 47
10 52
14 47
24 52
23 44
18 51
9 52
19 46

