317
23 18
18 17
13 30
21 3
0 30
8 46
22 46
16 49
17 45
3 46
6 45
11 48
1 17
13 2
11 13
16 10
22 19
7 30
21 17
2 30
6 9
12 44
19 0
15 6
12 30
13 14
18 10
1 26
21 1
6 2
16 30
7 31
11 22
2 19
22 26
23 9
3 3
11 26
9 9
1 8
1 4
2 7
5 13
19 6
21 13
6 13
0 32
16 28
2 32
23 44
22 49
17 52
11 45
13 50
8 49
9 52
1 13
3 23
8 6
2 2
22 27
12 32
16 11
17 32
11 27
7 51
5 26
20 3
23 32
3 12
21 24
17 12
18 16
11 23
8 32
12 33
2 11
16 18
7 7
23 14
22 6
20 27
4 9
3 5
4 0
24 18
10 13
8 26
22 1
18 8
13 34
23 15
0 34
6 51
17 50
8 52
3 52
11 47
21 53
16 51
3 4
13 7
16 0
1 7
20 15
10 34
5 9
7 34
17 4
15 48
23 6
2 1
22 34
8 0
16 2
17 0
1 29
21 16
23 34
10 35
6 21
3 9
11 5
2 5
18 20
1 16
14 8
10 5
6 0
23 26
4 5
19 1
23 0
6 4
0 36
18 25
8 36
17 48
22 45
16 48
3 45
13 46
21 46
11 53
1 1
17 15
11 14
12 12
23 11
20 36
15 12
2 36
8 4
18 52
7 5
5 18
16 36
18 24
3 29
2 3
21 9
11 4
22 36
12 37
1 19
22 12
7 1
17 7
6 5
14 27
21 7
20 16
15 8
0 1
15 2
19 23
3 6
9 27
0 38
21 25
13 38
6 44
17 44
8 45
22 48
2 53
16 53
11 50
2 27
22 16
6 11
16 15
7 25
17 38
21 26
10 38
1 15
15 44
4 24
23 20
7 38
2 10
11 0
12 1
8 22
16 24
3 38
17 39
22 24
1 2
21 8
23 4
6 19
22 3
23 2
2 29
0 7
20 1
7 22
1 28
2 28
14 15
17 40
13 26
0 40
22 47
23 53
6 53
8 53
3 47
16 52
21 44
18 19
1 25
2 4
3 1
15 21
20 40
13 4
7 40
22 4
5 47
11 8
12 22
3 40
17 9
13 27
11 15
2 24
6 7
16 40
22 41
7 9
18 26
1 14
21 14
8 16
6 24
21 0
21 19
9 26
0 5
19 25
11 20
8 5
21 10
0 42
18 11
22 42
6 52
11 49
9 46
17 53
13 44
3 44
16 50
1 11
8 29
6 12
3 10
22 23
15 42
18 15
12 42
21 6
2 44
7 23
24 9
7 42
7 4
23 17
12 3
2 20
13 23
18 42
15 43
1 0
11 11
8 14
3 15
22 10
1 24
0 2
13 13
2 25
8 2
4 22
18 12
7 49
19 52
10 44
15 52
24 49
12 50
5 53
4 47
20 52

