1 10935 457.597000 13552 1603 872 477 5000 3000 2600
2 9824 452.825000 17627 1520 664 443 9000 3500 2500
3 13766 455.928000 20699 1643 726 430 9000 7500 1400
4 1783 450.734000 16743 1681 722 440 7000 5000 1900
5 5210 443.042000 18203 1621 970 412 7000 6500 1700
6 7733 442.872000 16557 1649 670 438 5000 7000 1800
7 41770 447.457000 19711 1653 636 422 7000 7500 2500
8 19730 450.235000 17658 1554 771 433 7000 5500 2400
9 7688 442.169000 12343 1538 695 410 3000 6000 700
10 3871 457.973000 6545 1511 713 421 0 2000 1900
