317
2 1
12 12
8 30
7 24
15 30
18 46
13 48
21 46
11 50
19 53
1 51
6 44
1 23
16 23
18 14
8 4
20 0
10 30
17 7
2 30
23 13
14 47
5 9
7 7
17 30
18 22
11 14
1 1
21 29
8 28
13 30
22 31
16 3
2 13
6 17
7 2
3 18
6 11
5 25
5 24
19 0
9 0
20 28
24 16
21 10
15 1
18 32
11 2
8 32
7 46
23 45
13 45
1 49
2 46
4 48
16 45
2 25
18 3
1 5
16 18
7 11
12 32
3 1
22 32
21 2
17 48
6 15
11 3
2 32
21 17
11 18
6 24
7 17
1 17
16 32
12 33
23 19
1 15
17 1
3 7
8 9
7 10
8 24
13 16
7 3
1 12
22 9
8 12
12 7
16 22
8 34
11 22
18 34
4 44
21 52
6 45
2 48
23 48
15 51
7 47
21 16
7 0
6 7
23 26
18 17
2 34
11 10
12 34
8 5
10 50
17 4
22 21
21 34
11 4
16 28
18 8
7 5
23 24
22 34
0 35
12 10
6 5
2 23
8 6
17 17
8 2
9 25
5 10
12 26
6 3
4 5
7 23
1 25
7 28
15 36
2 29
8 36
13 47
19 46
18 53
6 48
21 50
12 44
4 47
13 4
1 16
16 16
8 1
17 23
10 36
3 11
22 36
7 19
14 50
2 0
5 28
21 36
18 7
7 21
6 12
23 14
13 25
2 36
10 37
1 3
2 20
16 10
17 26
22 0
1 20
11 9
18 4
15 27
23 3
19 24
24 12
4 1
15 25
8 38
2 11
18 38
6 53
11 53
16 53
21 44
7 48
1 48
12 52
11 13
1 4
16 19
6 9
7 29
13 38
3 22
22 38
18 24
2 45
5 23
17 6
2 38
7 9
16 6
18 12
22 1
11 15
21 38
12 39
23 25
6 16
3 21
1 21
8 19
12 16
13 22
21 1
1 6
2 21
2 15
2 9
4 0
19 2
7 40
2 24
15 40
9 51
13 46
6 47
18 44
1 47
11 52
21 47
6 1
1 0
18 18
16 8
7 14
23 40
2 7
12 40
22 8
10 52
17 11
3 5
2 40
12 18
8 20
1 10
3 3
18 19
11 40
22 41
17 8
13 0
6 6
21 18
16 20
20 21
1 29
3 20
13 20
1 14
1 7
10 4
7 16
12 5
8 42
21 13
15 42
18 45
11 51
6 52
23 46
1 53
19 47
13 53
11 12
17 9
18 11
16 21
7 15
3 42
5 7
22 42
12 15
0 47
10 1
21 22
18 42
3 12
6 18
16 13
23 10
11 1
7 42
2 43
22 20
17 18
1 11
21 14
13 27
1 27
17 15
7 26
23 2
1 22
18 15
16 5
14 46
22 45
20 53
10 48
5 45
3 49
0 50
17 49
24 45

