317
18 21
8 15
23 30
7 8
10 30
3 51
6 52
2 49
13 47
5 47
12 48
21 47
3 15
13 17
12 6
6 23
17 5
20 30
16 5
0 30
23 6
14 48
9 26
7 17
17 30
18 14
8 28
3 22
11 2
23 25
6 30
20 31
16 20
2 16
12 2
13 23
2 21
16 9
14 27
0 29
16 15
12 11
20 14
2 3
14 8
3 21
23 32
2 25
5 32
12 50
8 52
21 45
13 51
18 51
7 45
22 51
6 3
22 0
23 21
21 28
7 0
17 32
16 24
10 32
13 6
2 45
1 29
0 7
7 32
1 20
2 18
11 7
6 27
16 2
21 32
17 33
12 10
13 16
22 16
7 27
3 13
14 3
18 13
23 9
22 25
23 0
6 25
3 16
2 5
11 10
23 34
3 17
5 34
8 49
12 53
22 53
18 46
13 46
7 47
10 44
23 24
2 15
13 9
21 24
7 18
0 34
19 18
15 34
12 1
3 49
9 19
14 9
8 34
17 28
12 16
13 21
3 10
6 13
7 34
20 35
16 16
2 13
22 14
1 5
11 3
18 22
20 0
1 17
5 3
7 23
18 18
13 25
13 7
3 6
23 36
2 24
5 36
12 44
14 46
11 51
7 48
18 48
8 45
10 46
11 6
6 4
8 25
23 3
12 15
20 36
9 6
17 36
3 27
1 51
2 4
16 23
7 36
6 6
16 22
18 1
2 9
23 27
1 36
20 37
17 20
1 12
11 8
8 23
13 8
10 18
8 12
24 24
6 14
22 17
5 12
21 18
8 29
10 16
5 38
3 4
13 38
21 46
7 44
11 44
18 50
24 47
2 53
23 51
2 8
13 4
6 21
11 24
7 13
20 38
3 7
17 38
23 18
12 47
1 16
16 4
11 38
1 2
17 23
16 29
12 7
3 9
2 38
20 39
7 12
23 13
8 3
8 9
13 29
1 13
21 10
23 7
18 7
23 17
6 24
18 10
14 20
5 2
10 40
7 29
22 40
6 48
2 47
13 52
24 46
12 52
8 47
21 44
21 29
11 17
6 15
8 6
12 19
2 40
20 9
17 40
22 10
16 49
7 4
1 8
8 40
22 12
18 25
16 28
17 11
23 22
6 40
2 41
11 14
13 0
21 7
12 14
1 19
14 29
23 2
23 29
19 20
0 14
24 14
4 12
3 8
24 1
13 42
6 8
22 42
8 48
12 51
5 52
7 53
18 52
21 51
2 46
22 23
7 7
21 13
8 22
2 29
10 42
0 24
17 42
23 28
6 49
1 7
16 7
7 42
7 16
17 6
22 7
3 28
21 0
16 42
10 43
1 22
23 19
6 5
2 20
13 1
4 26
9 15
17 22
5 23
0 20
6 12
10 4
16 52
4 46
0 47
1 45
20 44
17 52
15 51
9 52
19 48

