1 3586 143.141000 15817 1631 839 447 6000 5000 1900
2 4383 142.453000 17316 1550 740 426 6000 7000 1600
3 8870 145.218000 21880 1583 756 441 10000 7500 1600
4 17747 137.157000 15016 1343 726 447 3000 7000 2500
5 15423 143.469000 18720 1478 724 418 7000 7000 2100
6 2661 141.702000 17648 1611 912 425 6000 7500 1200
7 9251 140.345000 14993 1392 673 428 5000 6000 1500
8 5319 145.968000 10524 1525 667 432 3000 2500 2400
9 7135 149.484000 18964 1670 654 440 8000 7000 1200
10 32818 134.001000 14221 1440 850 431 4000 6000 1500
