317
6 3
13 22
10 30
16 1
0 30
3 49
12 53
22 52
23 50
4 46
18 52
20 44
3 8
11 15
1 29
12 7
22 0
17 30
21 3
7 30
13 29
2 44
14 15
16 11
23 30
22 7
11 25
6 1
16 19
2 3
12 30
17 31
21 22
8 13
1 7
3 11
6 11
9 22
19 10
22 3
24 19
23 18
18 15
10 22
18 8
20 23
12 32
22 10
0 32
3 48
16 44
11 44
23 53
6 51
10 47
19 46
11 24
16 13
12 13
18 25
22 6
7 32
14 23
2 32
1 3
17 49
21 5
5 2
16 32
3 0
1 15
13 25
17 19
6 16
23 32
7 33
11 19
13 2
21 28
18 1
2 26
19 18
16 23
7 27
11 0
1 13
1 8
20 3
8 9
19 14
10 34
3 7
0 34
6 48
12 47
16 50
23 44
20 48
18 50
4 50
1 14
16 2
6 29
8 8
10 16
17 34
21 21
22 34
13 7
3 50
2 21
7 28
7 34
23 11
1 21
3 16
17 13
6 22
2 34
12 35
22 21
16 24
12 26
18 29
8 22
10 3
11 28
24 1
23 9
14 9
2 16
4 6
13 6
12 20
22 36
16 29
18 36
1 48
0 53
3 44
20 49
6 44
11 52
10 49
6 12
22 5
11 8
7 2
17 9
8 36
21 13
2 36
13 28
14 46
16 9
24 11
1 36
16 16
12 0
13 21
2 13
6 25
21 36
7 37
23 2
21 10
17 2
18 11
3 26
15 24
5 1
6 18
23 24
19 11
17 28
11 13
12 3
19 3
10 38
6 28
0 38
16 45
13 51
3 47
20 53
4 53
18 47
8 51
1 0
3 10
11 27
22 13
12 17
23 38
17 22
7 38
18 22
21 51
2 12
6 23
2 38
13 20
16 22
7 15
18 26
21 4
6 38
22 39
8 26
12 29
1 17
1 1
11 7
0 22
24 16
23 14
12 4
13 14
7 0
9 5
8 18
10 20
18 40
16 7
0 40
12 45
11 48
3 53
22 53
20 50
23 51
6 52
6 9
11 12
8 3
13 24
20 14
22 40
7 9
2 40
12 8
15 53
16 20
17 11
21 40
6 17
1 25
2 22
3 3
16 21
8 40
12 41
23 23
7 1
18 0
22 12
11 10
3 5
23 22
3 18
6 24
3 1
18 16
24 24
18 18
20 8
0 42
6 5
10 42
12 52
3 45
13 47
8 46
16 46
4 47
23 46
1 22
13 12
11 3
12 9
7 4
22 42
21 16
17 42
3 27
2 53
6 20
9 20
6 42
22 26
7 8
2 17
12 12
18 14
8 42
22 43
13 8
1 6
21 9
11 9
17 25
16 17
6 27
5 3
19 27
7 24
16 26
24 6
17 50
15 51
9 50
21 48
14 45
7 48
24 51
2 47
5 51

