1 2826 1739.687000 15525 1646 730 449 4000 7000 1700
2 6010 1685.657000 18387 1494 972 421 8000 5000 2500
3 4206 1597.015000 16573 1477 763 433 3000 9000 1900
4 11391 1706.781000 17230 1670 623 437 7000 6000 1500
5 1625 1685.859000 13908 1563 926 419 4000 5000 2000
6 10889 1707.704000 15898 1610 746 442 4000 8000 1100
7 5824 1662.328000 18354 1602 737 415 5000 8500 2100
8 4509 1636.172000 14816 1494 1010 412 3000 6500 2400
9 28631 1669.312000 13027 1554 850 423 3000 5000 2200
10 2499 1712.484000 14985 1629 639 417 3000 8000 1300
