317
21 0
12 21
13 30
6 4
17 30
1 51
8 52
2 50
19 47
5 50
22 48
11 50
21 11
13 0
11 17
7 22
17 17
0 30
16 19
22 30
8 10
3 44
10 6
6 29
3 30
1 1
23 5
11 15
16 3
6 3
21 30
7 31
2 15
13 14
17 7
18 3
13 1
4 6
15 27
6 0
17 12
2 20
18 11
23 4
23 25
19 10
5 32
1 29
7 32
13 47
2 48
22 45
12 49
11 47
18 50
17 45
8 8
18 28
6 25
17 21
22 24
12 32
1 9
2 32
11 13
16 51
21 14
9 6
22 32
3 23
2 12
6 7
8 25
23 22
16 32
12 33
11 19
6 17
17 24
21 25
1 12
9 20
24 12
12 28
2 4
24 4
5 4
17 14
2 3
7 29
13 34
21 19
17 34
19 53
8 53
11 45
23 52
5 46
1 48
6 47
2 2
6 8
8 9
13 26
17 1
22 34
4 21
10 34
7 20
21 51
16 15
3 13
16 34
11 2
13 12
17 25
6 1
12 17
2 34
22 35
3 16
21 24
23 11
8 12
18 29
10 26
18 6
11 4
16 24
22 9
12 19
15 4
5 16
6 2
22 36
12 8
13 36
21 45
11 52
2 52
1 49
8 49
18 52
19 49
21 1
13 7
11 9
16 18
22 19
17 36
9 3
0 36
6 12
12 48
7 24
3 9
11 36
13 23
2 25
3 17
7 7
18 25
8 36
15 37
1 11
8 19
22 4
12 29
21 21
19 2
18 8
24 13
2 14
0 8
10 18
5 5
21 22
7 17
18 38
6 27
13 38
17 49
23 50
8 44
1 50
5 53
2 46
22 47
18 4
17 26
8 16
1 2
22 21
20 38
16 2
10 38
7 28
3 48
4 23
6 5
23 38
6 20
13 29
16 10
12 24
3 22
17 38
0 39
18 12
8 27
21 5
22 27
7 19
13 6
20 24
20 14
15 25
22 2
2 16
11 18
1 24
14 16
11 40
23 7
5 40
13 53
18 44
22 50
21 50
8 50
2 45
17 47
6 22
13 3
12 5
18 14
20 26
0 40
23 27
7 40
17 20
10 47
16 13
3 19
21 40
7 14
3 24
16 27
8 20
13 22
2 40
17 41
22 15
6 14
1 16
23 0
11 0
5 13
22 20
18 15
21 12
16 6
22 3
15 9
8 17
12 13
17 42
23 6
13 42
7 50
21 48
19 44
1 46
6 53
11 44
5 52
13 16
6 26
8 13
2 10
17 13
0 42
16 12
20 42
12 16
10 49
9 14
23 20
8 42
3 26
22 28
16 25
13 5
17 18
23 42
2 43
7 9
18 21
1 8
6 9
11 11
19 3
1 19
15 16
21 13
3 18
18 18
11 5
24 50
3 50
4 48
20 46
10 53
16 52
15 47
9 48
0 49

