317
21 21
6 13
1 30
11 6
18 30
16 52
12 51
7 53
8 47
10 50
22 52
3 53
2 11
3 25
1 4
18 28
20 25
12 30
23 10
7 30
16 26
11 47
4 23
17 24
17 30
16 3
23 13
7 8
11 9
3 5
22 30
12 31
18 12
8 0
21 16
1 22
8 23
17 7
18 0
21 14
4 7
1 26
21 19
20 24
22 25
8 11
18 32
6 4
10 32
13 49
21 46
17 50
2 44
1 47
3 52
7 49
7 25
21 5
17 21
1 6
2 26
13 32
6 14
22 32
11 8
16 47
15 13
5 24
21 32
6 2
8 21
1 20
22 5
11 17
17 32
12 33
2 0
1 11
18 11
21 24
7 2
18 1
0 27
10 29
20 4
17 20
1 0
7 16
6 15
3 4
18 34
22 12
12 34
8 49
11 53
1 51
2 45
7 44
21 48
10 46
1 14
2 29
18 15
17 6
12 12
20 34
22 27
7 34
6 24
5 51
0 24
23 11
23 34
2 22
12 3
13 1
8 22
22 22
11 34
15 35
1 24
7 27
17 2
6 19
21 26
17 13
20 14
10 14
7 5
11 15
24 22
9 7
3 12
21 2
10 36
8 29
16 36
22 45
19 46
13 51
12 52
6 46
18 44
2 50
18 9
12 4
13 15
17 12
22 26
5 36
14 19
0 36
16 19
15 53
8 2
24 3
23 36
13 21
2 18
3 6
17 26
8 19
18 36
5 37
1 2
16 25
12 2
11 19
22 6
11 18
18 6
3 9
11 4
10 22
6 7
5 16
1 21
10 5
2 38
13 13
18 38
22 51
21 53
8 52
6 47
11 52
12 47
17 51
6 17
18 4
11 14
17 0
2 28
0 38
23 29
7 38
12 7
16 51
24 9
13 19
17 38
13 5
11 3
18 17
8 12
2 6
6 38
20 39
7 24
23 9
3 2
3 1
12 8
4 21
24 25
3 7
0 0
19 0
3 24
9 15
21 3
2 24
18 40
22 21
10 40
16 49
7 48
17 53
1 49
3 45
6 53
12 44
3 18
21 11
17 27
18 24
5 28
8 40
23 7
12 40
16 15
0 46
4 6
22 19
6 40
21 0
3 17
1 10
16 9
13 7
23 40
7 41
11 12
18 13
17 15
22 23
12 16
16 24
6 25
20 29
20 5
18 19
21 12
19 14
17 16
6 23
18 42
21 15
10 42
1 44
7 45
16 48
22 44
2 51
13 44
8 48
22 10
8 14
7 28
1 9
18 5
2 42
23 2
12 42
17 4
21 51
9 18
15 17
22 42
22 28
6 3
12 17
18 7
13 29
1 42
2 43
16 4
11 2
21 6
17 11
8 6
0 19
19 17
3 27
16 6
10 8
9 10
17 5
23 44
20 48
5 46
9 51
15 48
0 50
4 53
14 46
24 48

