1 17021 214.609000 10023 1731 664 428 1000 4500 1700
2 4102 202.688000 14861 1462 979 420 4000 6500 1500
3 10450 210.016000 13218 1539 755 424 3000 6000 1500
4 13559 201.798000 14530 1528 786 416 4000 6000 1800
5 2794 205.843000 19362 1547 774 441 9000 5500 2100
6 7270 215.328000 10215 1647 754 414 3000 2500 1900
7 39861 206.017000 18979 1430 819 430 7000 6500 2800
8 43142 208.811000 15944 1569 732 443 7000 4000 2200
9 3307 204.907000 14754 1579 631 444 3000 7500 1600
10 58911 204.155000 16519 1548 950 421 6000 6000 1600
