317
21 6
4 6
12 30
1 25
18 30
11 45
7 51
20 44
17 49
2 51
6 48
3 47
21 13
13 25
12 23
17 2
2 2
7 30
14 13
22 30
6 16
16 45
15 18
1 23
17 30
22 28
23 28
11 27
6 29
1 24
21 30
7 31
16 21
12 10
18 23
3 15
13 16
10 22
10 16
8 0
19 29
15 0
9 1
18 27
18 20
6 8
3 32
2 26
20 32
1 52
13 51
8 47
12 44
17 53
11 47
7 52
8 17
3 5
7 8
1 16
12 11
23 32
16 29
17 32
22 13
2 50
9 9
10 9
8 32
1 12
7 12
18 1
3 18
21 16
12 32
22 33
17 7
16 19
13 13
2 21
6 14
23 5
20 10
0 28
18 2
14 11
7 29
16 5
21 12
19 7
17 34
2 11
3 34
1 50
8 44
23 52
13 52
6 47
11 50
7 50
3 26
7 6
8 21
1 15
17 13
12 34
24 17
20 34
6 19
10 47
16 4
2 5
2 34
22 20
17 25
18 17
6 15
3 10
16 34
12 35
21 4
8 27
11 21
7 25
1 17
8 1
0 13
23 19
21 19
14 18
5 22
19 2
21 9
1 26
3 36
13 26
18 36
8 51
17 50
23 47
2 46
12 45
7 45
20 47
21 18
2 10
3 13
11 7
17 19
23 36
14 8
5 36
1 5
22 49
16 0
13 19
16 36
17 12
1 27
8 2
21 24
6 3
22 36
10 37
7 9
22 10
3 9
18 21
13 15
10 23
22 25
18 0
24 28
10 25
14 16
5 24
13 24
19 17
17 38
12 1
3 38
1 51
6 49
23 46
21 51
2 44
11 48
8 52
17 26
11 13
6 12
13 5
2 3
0 38
16 17
20 38
8 6
12 46
15 20
5 8
11 38
17 11
3 4
1 4
21 29
6 18
23 38
7 39
22 9
18 6
13 21
13 3
16 2
9 15
7 1
3 1
3 11
6 11
7 11
16 26
13 28
20 4
3 40
1 18
18 40
7 53
21 52
12 50
17 51
11 52
8 46
6 52
6 25
17 16
3 25
18 5
7 15
23 40
2 15
12 40
21 27
10 52
1 13
16 22
7 40
13 17
2 16
1 11
3 14
6 0
11 40
22 41
18 10
12 24
8 14
17 10
21 15
6 7
2 20
19 14
6 22
13 20
18 24
24 21
2 18
13 18
3 42
7 26
11 42
23 48
6 53
20 52
18 53
17 47
21 46
8 45
12 2
6 1
11 0
8 5
2 27
17 42
16 28
22 42
13 27
7 46
0 4
1 6
7 42
12 20
23 22
2 1
3 24
12 14
16 42
17 43
6 17
1 10
11 22
8 13
21 20
1 8
0 22
23 18
0 11
8 20
20 15
11 18
24 48
10 45
14 51
5 50
9 45
16 53
0 47
22 46
15 48

