1 31503 216.594000 14133 1679 703 451 3000 6000 2300
2 3665 212.609000 13631 1452 755 424 3000 6000 2000
3 8651 217.000000 10312 1452 1010 450 3000 3000 1400
4 8892 219.063000 16270 1617 716 437 5000 7000 1500
5 2991 209.797000 15030 1520 767 443 6000 4500 1800
6 7650 214.500000 16633 1632 772 429 5000 7000 1800
7 9174 225.343000 7979 1685 967 427 1000 2000 1900
8 7922 213.033000 12350 1570 747 433 3000 5000 1600
9 32713 216.468000 10737 1653 662 422 3000 3500 1500
10 12378 185.125000 14971 1550 785 436 5000 5000 2200
