317
8 29
18 8
15 30
11 27
13 30
3 45
2 49
4 47
9 51
12 47
21 44
17 45
13 19
17 15
12 17
16 0
2 19
22 30
11 0
5 30
18 18
20 46
19 6
1 20
2 30
3 7
18 10
6 7
21 29
13 18
17 30
22 31
1 6
7 1
12 24
11 29
7 27
3 18
13 14
14 11
12 13
14 23
1 0
24 15
23 16
15 20
13 32
3 1
17 32
12 45
21 51
2 44
8 45
7 51
11 51
4 48
13 5
21 7
23 24
11 21
17 0
7 32
3 0
0 32
12 10
22 50
16 1
6 1
21 32
2 27
6 17
12 0
22 10
13 25
16 32
7 33
3 15
13 15
17 26
11 26
23 26
24 10
22 12
11 2
22 18
8 6
14 29
7 21
8 22
16 6
13 34
11 22
3 34
23 45
2 50
15 46
21 47
9 45
7 53
12 50
3 16
8 17
7 3
2 17
12 2
17 34
20 22
22 34
21 23
6 46
11 11
1 19
2 34
21 25
8 1
6 25
11 3
3 28
7 34
17 35
22 1
13 0
18 19
12 19
1 1
13 13
8 14
9 2
23 17
1 11
11 19
14 20
11 8
3 12
15 36
21 1
7 36
4 44
13 49
12 52
9 50
23 52
2 47
14 50
16 29
8 20
7 18
2 12
12 12
17 36
10 17
22 36
3 13
6 51
1 8
21 14
12 36
13 20
1 16
7 13
23 3
16 7
21 36
17 37
8 13
21 4
6 14
11 14
3 8
18 11
13 22
24 25
6 27
12 9
8 10
0 8
4 12
17 17
8 38
3 10
15 38
21 49
2 45
23 50
13 47
7 47
18 47
11 52
21 5
23 21
18 14
12 23
2 9
13 38
22 22
5 38
17 22
1 51
0 24
19 15
3 38
7 25
17 6
16 8
21 15
11 17
22 38
12 39
23 6
8 15
1 29
1 23
6 4
7 23
23 12
4 28
24 29
20 18
11 20
10 4
9 9
2 14
13 40
18 1
15 40
4 52
21 52
8 51
17 44
7 46
3 44
11 50
13 7
17 19
3 2
16 28
7 16
22 40
6 15
10 40
21 22
18 48
0 12
1 15
6 40
13 23
1 18
3 14
12 21
18 20
7 40
22 41
17 10
11 6
8 27
21 12
16 23
22 16
21 3
19 8
12 18
24 27
12 29
8 9
7 28
23 23
15 42
18 21
13 42
4 50
11 53
17 52
3 53
8 53
9 48
21 46
21 16
16 2
17 13
13 11
7 4
10 42
18 27
0 42
23 13
22 48
20 5
6 11
7 42
12 27
21 10
18 16
3 24
16 25
22 42
10 43
6 28
17 7
13 27
8 5
2 3
14 25
17 5
3 25
5 27
0 20
12 26
6 21
6 53
19 47
5 48
0 48
10 45
22 45
20 49
1 50
24 46

