1 13656 435.617000 18863 1571 744 448 8000 6500 1600
2 35492 441.296000 16281 1531 839 411 6000 5500 2000
3 28114 445.180000 12614 1623 1151 440 4000 4000 1400
4 1902 444.509000 10359 1581 642 436 1000 5000 1700
5 17368 449.860000 15408 1710 666 432 5000 5500 2100
6 10826 440.906000 18337 1548 1080 409 8000 5500 1800
7 6748 455.944000 16104 1698 750 456 6000 5500 1700
8 12656 438.207000 14314 1495 790 429 3000 6500 2100
9 28731 450.967000 13244 1557 733 454 4000 4500 2000
10 16046 451.826000 10669 1639 822 408 2000 4500 1300
