317
17 1
8 25
20 30
7 16
2 30
11 52
23 50
13 52
1 53
4 53
16 45
22 44
16 4
3 1
1 3
11 5
22 11
12 30
24 5
17 30
8 17
0 51
6 13
7 4
6 30
18 9
7 6
17 27
11 29
22 3
16 30
12 31
3 20
2 26
1 0
23 7
2 13
22 17
3 13
21 4
23 25
23 24
8 16
0 4
8 3
24 28
20 32
16 19
3 32
7 46
2 52
13 51
11 51
1 45
22 48
23 49
7 23
11 11
8 15
12 28
2 27
22 32
16 16
17 32
21 6
10 53
6 23
0 8
1 32
2 14
16 23
21 5
22 25
6 25
11 32
12 33
18 16
6 8
8 14
3 12
23 12
10 23
0 23
7 22
3 14
0 12
18 14
23 26
13 8
16 29
23 34
1 7
2 34
11 46
21 49
8 47
7 48
12 48
17 49
4 52
11 0
23 4
17 15
22 4
2 8
8 34
19 19
12 34
21 15
6 48
1 20
18 12
17 34
11 14
6 19
8 0
1 15
18 10
7 34
20 35
13 2
2 15
23 27
3 2
16 28
13 20
0 24
4 28
12 1
1 4
23 22
18 21
16 15
23 5
3 36
17 11
20 36
22 49
24 49
8 50
7 44
13 48
11 48
1 52
16 9
1 28
22 13
21 12
5 21
7 36
0 14
10 36
23 0
18 44
17 28
2 11
13 36
16 11
23 14
22 9
11 26
6 26
2 36
7 37
3 29
3 11
17 16
18 8
12 27
8 4
1 1
3 19
18 18
6 28
5 23
6 11
1 6
22 10
3 38
23 15
20 38
17 47
11 53
13 53
8 52
2 45
16 44
7 51
8 27
21 2
7 9
1 17
3 17
17 38
6 2
12 38
16 10
24 51
0 29
23 6
8 38
12 16
21 28
3 18
23 3
16 8
1 38
17 39
2 9
13 3
7 18
6 14
11 12
16 7
7 3
18 24
1 21
4 8
19 14
16 6
11 19
3 28
20 40
2 3
12 40
8 51
17 52
23 46
4 44
1 47
16 51
7 53
12 23
21 21
13 25
8 2
0 11
22 40
10 24
17 40
7 21
15 48
2 2
6 7
6 40
17 17
2 22
1 16
12 18
11 24
16 40
22 41
7 1
18 1
13 19
8 28
21 9
22 23
24 24
23 21
12 12
5 17
14 6
13 11
22 29
13 27
1 42
16 12
11 42
8 48
7 47
4 47
21 44
20 49
3 51
17 51
7 26
11 21
12 0
1 13
2 24
17 42
16 21
22 42
8 9
14 50
9 5
6 0
7 42
8 13
11 13
21 25
2 5
22 27
16 42
17 43
1 10
23 16
6 4
3 7
12 9
20 13
3 21
19 2
20 22
1 12
0 28
4 26
18 46
19 52
10 46
15 45
5 50
6 46
0 45
14 51
9 53

