317
11 14
8 7
23 30
18 10
3 30
2 46
22 49
7 45
13 51
1 52
16 50
19 47
7 19
23 10
2 24
22 10
15 3
0 30
17 20
12 30
21 7
6 46
5 4
18 25
11 30
12 6
8 6
2 22
23 26
16 18
6 30
20 31
13 9
1 12
3 1
18 5
2 17
14 17
23 18
24 21
3 2
24 1
14 18
20 27
7 7
20 22
3 32
16 4
13 32
8 48
11 48
18 47
23 50
22 52
1 48
2 50
7 14
13 3
8 25
1 5
2 28
22 32
21 17
17 32
16 9
12 49
6 1
10 29
7 32
2 1
21 19
16 5
6 0
3 20
12 32
22 33
18 15
17 24
11 25
1 25
8 4
18 6
8 28
4 15
17 8
0 4
20 11
2 15
13 20
23 15
7 34
2 13
3 34
1 51
22 50
14 47
16 46
24 46
18 49
20 49
7 1
8 22
22 0
13 4
3 22
17 34
15 10
10 34
23 20
6 44
2 2
21 6
2 34
11 22
23 11
21 14
7 20
3 15
22 34
17 35
13 29
8 19
16 25
6 8
1 18
8 2
5 17
11 26
13 15
1 17
23 22
9 26
18 8
1 22
23 36
2 29
13 36
16 49
19 53
7 53
3 52
11 49
8 53
4 44
3 29
18 17
23 6
22 14
12 26
10 36
15 21
5 36
21 21
17 53
2 11
0 2
17 36
16 7
7 17
6 23
2 10
23 0
3 36
20 37
8 3
3 24
13 18
18 14
12 28
14 13
17 11
18 12
15 1
5 18
5 5
11 12
7 4
20 12
23 38
22 3
2 38
16 44
18 53
1 45
13 45
4 47
8 47
11 52
2 21
23 28
1 0
16 23
3 3
7 38
21 3
12 38
17 3
6 47
15 13
22 7
1 38
13 2
23 23
3 6
11 17
16 11
21 38
17 39
7 23
2 5
8 26
8 17
12 9
1 27
2 0
5 25
4 11
17 4
19 23
3 10
4 4
20 10
18 40
23 1
13 40
24 50
8 45
16 51
2 45
1 53
22 44
3 48
1 13
18 7
22 2
16 24
2 23
10 40
23 29
7 40
13 7
6 53
21 29
17 6
2 40
16 8
21 1
1 28
3 17
22 20
6 40
10 41
8 13
18 23
17 13
13 23
7 12
18 22
16 6
7 26
3 8
6 18
21 9
19 19
16 21
20 25
13 42
7 21
3 42
22 53
18 52
1 46
8 46
11 47
23 51
2 52
8 1
12 15
13 21
11 18
2 26
22 42
21 23
17 42
1 26
7 52
6 7
0 10
8 42
7 13
17 14
1 4
11 29
3 13
16 42
22 43
12 22
2 12
6 26
13 5
21 22
6 10
8 10
18 20
10 18
10 26
9 10
9 14
17 50
6 45
5 52
15 49
10 53
12 48
0 49
21 49
9 45

