317
13 5
24 6
15 30
6 25
0 30
2 49
8 47
7 49
23 45
3 50
22 47
9 51
16 12
1 24
22 21
8 10
2 22
12 30
20 8
17 30
11 1
21 52
5 22
6 2
7 30
6 11
22 14
18 0
2 10
13 15
21 30
10 31
8 20
17 18
3 16
1 11
18 15
18 24
9 13
11 0
5 28
16 14
13 7
12 4
7 22
13 21
23 32
11 12
15 32
0 45
6 51
8 49
3 47
2 44
18 44
9 44
7 9
8 21
6 26
22 22
23 16
2 32
1 9
17 32
16 20
11 44
12 15
14 5
1 32
16 2
23 2
11 11
12 16
3 24
7 32
20 33
18 9
3 9
6 9
2 27
13 6
9 8
4 13
9 2
6 15
17 19
11 24
19 14
13 22
11 14
23 34
15 19
0 34
3 44
8 52
6 45
16 53
9 48
2 51
7 47
16 15
1 16
13 2
23 28
7 23
2 34
15 20
20 34
18 21
14 51
5 29
12 25
6 34
21 16
11 9
12 8
3 4
8 3
7 34
17 35
23 26
2 4
17 9
1 17
13 11
4 5
8 27
16 9
7 4
18 29
9 1
3 3
13 18
1 21
23 36
6 3
7 36
22 45
9 45
2 48
3 52
18 46
16 50
11 45
23 20
8 6
7 29
16 8
3 0
18 36
6 7
12 36
17 16
20 45
21 3
0 19
6 36
7 20
12 0
11 23
23 13
18 25
22 36
15 37
13 24
22 6
2 13
8 4
1 7
8 22
17 14
5 0
14 15
7 6
16 1
18 2
15 11
18 1
8 38
6 14
0 38
13 44
23 47
3 46
11 47
7 46
16 52
22 49
11 26
8 11
7 24
16 29
0 14
13 38
17 2
22 38
18 18
21 47
2 19
6 1
2 38
6 10
18 11
22 9
17 15
11 17
21 38
12 39
23 24
8 9
1 25
3 26
7 28
5 16
2 21
20 27
8 14
11 28
3 13
0 0
7 17
2 24
8 40
1 15
15 40
3 51
23 49
6 49
24 47
0 49
22 46
11 52
7 10
3 19
22 2
23 18
5 21
17 40
4 6
12 40
16 16
10 46
21 18
1 20
23 40
12 6
2 14
3 27
7 7
6 29
11 40
17 41
22 0
13 29
8 25
21 24
16 6
16 3
22 28
24 19
14 23
16 18
22 5
3 1
23 19
13 20
8 42
7 3
0 42
11 53
18 49
6 47
22 53
16 49
3 48
24 48
6 12
22 12
23 23
16 22
18 23
10 42
21 29
2 42
8 1
7 50
5 17
12 24
12 42
16 11
13 19
3 20
6 16
23 8
18 42
15 43
7 12
1 29
21 13
8 17
22 29
15 1
23 17
9 19
22 23
8 18
5 7
21 2
21 45
17 52
19 52
20 46
5 46
12 53
14 50
4 52
10 47

