317
8 0
13 17
11 30
7 12
0 30
3 50
16 44
18 47
22 48
2 45
23 49
10 53
16 21
8 14
12 24
11 1
2 21
22 30
7 6
17 30
1 14
6 46
21 2
14 3
2 30
1 10
11 0
17 15
12 28
6 4
21 30
22 31
3 3
18 22
7 14
8 7
16 2
19 20
3 17
7 2
1 4
8 3
20 9
5 10
3 20
8 23
17 32
1 22
10 32
0 53
7 48
16 48
23 47
22 47
13 53
12 50
16 1
13 25
11 25
12 21
17 20
22 32
1 6
2 32
8 22
21 48
6 6
5 5
7 32
12 20
6 20
18 18
2 9
13 2
21 32
22 33
3 6
18 5
16 16
11 20
8 15
19 5
21 9
3 4
18 23
19 17
24 16
1 12
2 18
10 24
23 34
22 9
11 34
1 49
13 47
17 49
16 52
0 45
8 51
3 44
23 4
11 22
12 19
13 15
2 16
7 34
15 17
17 34
16 15
6 48
22 14
21 12
3 34
21 25
11 10
13 18
18 19
1 20
2 34
7 35
22 27
17 16
8 26
16 3
12 3
8 29
7 16
23 21
16 8
1 18
0 5
15 25
16 17
1 28
23 36
18 1
10 36
2 46
0 46
8 44
17 46
12 45
7 53
3 51
23 16
16 26
2 29
22 4
7 8
20 36
19 16
12 36
3 11
4 44
18 4
6 5
16 36
18 11
12 26
11 5
6 12
23 9
7 36
20 37
13 28
8 17
2 6
17 22
3 5
19 9
22 29
18 0
11 17
23 1
7 24
14 25
24 8
3 24
10 38
1 0
7 38
12 51
23 48
22 53
17 44
0 48
2 51
18 49
11 9
23 5
2 11
12 25
7 13
13 38
21 26
15 38
3 14
20 53
6 2
1 29
23 38
16 19
1 11
2 4
17 8
11 28
22 38
12 39
6 21
21 23
7 29
7 18
18 24
20 24
5 9
8 9
18 9
8 25
17 17
1 17
12 27
24 0
10 40
7 22
0 40
8 49
2 52
17 48
18 44
23 45
22 51
16 46
16 12
11 13
8 21
12 10
22 10
2 40
21 13
17 40
1 2
13 51
7 27
6 8
23 40
17 7
11 18
22 16
21 4
13 21
16 40
2 41
7 15
18 15
12 18
8 12
1 5
9 21
1 15
14 15
6 23
18 8
22 28
13 5
17 26
0 20
12 42
23 29
10 42
18 45
1 50
16 47
3 45
7 49
8 47
24 48
7 26
18 7
16 10
11 2
12 0
20 42
19 12
2 42
8 24
5 53
6 7
23 2
6 42
21 3
8 18
2 8
13 8
17 28
7 42
20 43
11 19
1 24
23 28
12 29
18 14
6 24
13 16
20 12
15 14
13 13
3 26
24 12
6 53
9 48
14 50
20 44
19 48
21 47
15 49
4 48
5 44

