317
16 13
24 25
7 30
6 24
3 30
1 48
12 48
13 44
23 48
0 50
21 49
17 44
16 18
3 19
1 29
8 27
20 25
12 30
2 23
17 30
7 27
11 44
6 18
22 21
2 30
3 9
7 19
21 18
11 27
18 6
6 30
12 31
1 4
23 14
8 26
16 7
23 25
14 28
3 25
16 8
18 7
16 1
7 17
6 17
12 29
0 21
23 32
8 1
3 32
7 47
2 46
21 48
6 51
16 47
22 47
13 47
6 25
23 10
21 8
22 20
2 7
18 32
8 16
12 32
17 25
11 46
1 17
5 1
1 32
21 28
2 16
7 20
13 17
22 28
16 32
17 33
12 27
7 2
8 13
23 4
3 4
23 27
23 17
24 29
8 5
10 3
9 12
16 29
6 5
3 17
23 34
13 29
0 34
16 45
2 47
17 51
12 45
7 48
8 44
21 44
12 10
6 0
2 20
23 13
15 12
8 34
4 13
20 34
1 20
5 49
11 19
13 22
11 34
22 27
3 26
1 12
7 22
13 13
2 34
17 35
23 24
6 2
16 27
8 2
12 7
10 6
8 22
23 16
5 14
18 15
22 5
23 8
4 6
21 15
23 36
2 4
12 36
3 51
0 47
17 53
22 46
8 50
7 50
16 52
3 18
22 1
23 20
16 5
12 11
10 36
18 22
5 36
17 10
20 49
2 15
1 22
1 36
2 26
22 10
11 24
7 8
18 14
8 36
15 37
12 25
8 8
13 15
3 15
21 5
12 8
11 3
8 28
14 19
10 11
6 26
14 3
0 28
22 25
23 38
8 14
12 38
16 50
6 47
17 46
3 45
21 46
7 44
1 53
21 6
7 14
23 18
17 8
12 9
18 38
8 10
2 38
22 24
15 44
11 17
9 4
6 38
3 20
21 3
23 21
12 14
16 17
11 38
17 39
13 20
1 11
7 13
7 12
2 12
15 23
15 29
7 4
1 2
0 3
9 5
14 16
0 16
24 22
3 40
23 15
12 40
1 47
6 46
17 48
22 44
21 45
8 46
2 50
3 21
6 23
1 28
8 6
12 19
20 40
5 17
15 40
2 11
18 50
11 16
23 3
11 40
17 18
1 21
13 28
12 1
2 13
18 40
7 41
21 12
16 19
3 23
23 11
6 28
18 9
8 17
2 5
13 2
7 1
23 19
0 2
23 0
0 23
3 42
21 19
7 42
22 52
13 53
1 46
16 49
6 44
2 49
24 47
2 10
22 4
1 5
23 6
7 24
18 42
15 4
12 42
3 13
21 52
9 8
11 23
6 42
7 25
22 3
13 0
3 0
12 2
16 42
17 43
1 3
11 7
8 29
2 8
21 10
12 12
5 18
14 14
12 0
19 21
17 6
6 22
15 51
9 46
5 51
20 45
10 47
18 53
19 46
11 52
14 48

