1 68699 137.235000 14402 1588 763 451 5000 5000 1600
2 10499 142.390000 16223 1652 941 430 6000 5000 2200
3 6659 135.828000 12613 1506 778 429 4000 4000 1900
4 1833 135.485000 18886 1631 838 417 6000 7500 2500
5 4952 132.124000 19904 1437 1034 433 10000 5000 2000
6 6409 126.032000 15429 1433 755 441 6000 5500 1300
7 18782 126.860000 13684 1582 659 443 4000 4000 3000
8 7368 126.093000 18249 1620 702 427 5000 8500 2000
9 4423 129.343000 15793 1625 735 433 4000 7000 2000
10 9033 127.703000 16706 1562 721 423 5000 6500 2500
