317
6 10
12 15
15 30
13 17
17 30
8 49
1 49
2 44
20 47
5 48
21 52
3 45
6 20
2 21
1 18
16 19
17 4
22 30
0 8
7 30
21 29
11 53
10 6
13 5
2 30
8 4
7 26
11 29
21 13
18 8
6 30
22 31
1 24
13 1
3 2
16 25
13 3
0 10
18 6
8 8
4 23
2 4
17 0
17 19
22 19
15 12
2 32
6 24
17 32
1 47
5 44
8 48
12 51
21 47
16 52
20 45
2 14
8 23
3 8
16 16
17 17
12 32
6 12
22 32
21 11
7 51
4 24
11 5
7 32
1 8
2 29
21 24
6 28
11 24
16 32
12 33
23 25
22 2
18 13
7 2
3 16
11 16
10 3
3 22
23 22
9 9
10 4
2 17
6 1
21 17
7 34
2 3
15 34
20 52
3 46
22 52
13 51
17 51
12 46
1 44
1 0
16 9
8 6
13 16
22 11
18 34
9 20
10 34
3 0
5 52
24 0
2 18
22 34
7 16
11 2
12 20
3 9
23 27
13 34
17 35
6 27
1 11
17 22
2 5
21 18
0 1
17 8
15 5
10 19
2 26
4 22
8 29
12 25
21 6
5 36
13 19
15 36
8 44
17 48
18 53
7 47
1 53
2 45
20 48
6 0
16 24
1 28
7 28
17 7
8 36
10 16
22 36
2 23
0 46
13 13
11 12
12 36
8 18
23 13
22 5
13 12
1 22
18 36
2 37
16 10
16 22
7 24
6 14
11 18
15 7
13 8
12 24
6 6
5 20
17 5
16 8
5 4
15 3
17 38
8 24
20 38
13 48
6 49
22 53
2 47
16 47
7 49
1 50
21 22
7 18
22 20
16 11
17 14
12 38
23 1
2 38
11 15
9 51
19 23
8 1
16 38
3 12
1 20
17 27
7 12
22 24
6 38
10 39
8 5
13 20
21 1
21 5
2 11
10 5
14 7
1 1
3 18
9 24
6 21
2 0
7 6
21 19
5 40
2 20
15 40
1 45
13 52
8 52
17 53
20 53
3 44
18 52
18 24
6 11
7 21
8 2
0 27
13 40
19 12
22 40
16 3
9 45
2 16
11 26
18 40
2 9
23 5
22 6
16 4
6 5
17 40
12 41
7 7
1 2
3 1
11 11
8 12
19 25
7 27
3 4
19 4
6 19
12 9
1 6
7 20
20 24
15 42
3 7
12 42
6 53
18 49
5 46
8 53
21 53
2 46
1 46
1 23
7 5
8 9
6 18
12 29
17 42
3 17
22 42
16 13
0 45
11 9
14 9
1 42
18 19
7 1
22 21
12 21
21 7
8 42
17 43
11 25
23 15
16 15
13 26
3 23
9 18
19 19
1 13
13 27
6 17
18 0
8 14
11 49
14 48
10 48
9 53
4 46
23 47
24 48
19 52
0 51

