r\t   0   1   2   3   4   5   6   7   8   9  10  11  12  13  14  15  16  17  18  19  20  21  22  23  24 
  0  -1  35  -1  -1  -1  -1  -1 133  -1  -1  -1  13  -1 282  -1  -1  -1  -1  26  -1  -1  -1  -1 130  -1 
  1  -1 233 280 280 307  -1  -1  -1  -1  -1  -1 174  18  -1  -1  -1  77 297  -1  -1  -1 267 110  -1  -1 
  2  -1  -1 157  -1  -1  -1  79  -1  28  -1  -1  -1  -1  -1  -1  60  60 209  -1  -1  -1 176  -1  -1  -1 
  3  -1  -1  -1 123  -1  -1  -1  -1  -1  -1  -1  76 289  -1  -1  -1  -1  14  -1  -1  -1 144  -1 199  -1 
  4  -1  80  -1 132  -1  -1 101  -1  -1  -1  -1  -1  36 249  -1  -1  -1  -1  -1  -1  -1 286 202  -1  -1 
  5  -1  -1 292  -1  -1  -1  29  -1 175  -1  -1  -1  -1 171  -1  -1  -1  -1  -1  -1  -1  82  -1  -1  -1 
  6  -1 167  -1  -1  -1  -1  -1  -1  -1  -1  -1 212  -1  -1 150  -1 189  -1 291  -1  -1  -1 147  -1  -1 
  7  -1 284  -1  -1  -1  -1 278  -1  -1  -1  -1  44  -1  -1  -1  -1  -1  -1  -1  -1  -1  -1 131 179  -1 
  8  -1 205  70  -1  -1  -1 188  66  -1  -1 257  -1  -1  -1  -1  83  -1  -1  -1  -1  -1 100  -1  -1  -1 
  9  -1 127 103  -1  -1  -1  12  -1  -1  -1  -1 113  -1  -1  -1 198 165  86  -1  -1  -1  -1  -1 108  -1 
 10  -1  -1  -1  -1 126 214 122  -1  -1 219  -1  -1 159 125  -1  -1  -1  -1  -1  -1  -1  -1 194 246  -1 
 11  -1  -1  16  16  -1  -1  -1  33 208 259  -1  -1  -1  -1  -1  -1  -1  -1   1  -1 177 115  -1 173  -1 
 12  -1 135  -1  -1  -1  -1 300  -1 152  -1  -1  -1  -1 164  -1  -1  -1  -1 255  -1 306  -1  -1  -1  -1 
 13  -1  -1 196  37  -1  -1  56 158 191  67  -1  32  -1 298  -1  -1  -1  -1  -1  -1  -1  -1  -1  -1  -1 
 14  45 254  27  -1  -1  -1  -1  -1  -1 303  -1  -1  -1  34  -1  -1  -1 160  88  -1  -1  -1  -1 221  -1 
 15  -1  -1 236 236  -1  -1  -1  -1 302  -1  -1  -1  -1  -1  -1  -1  -1  -1  -1  -1  -1  -1  62  -1  -1 
 16  -1 102  -1  91  -1  -1  -1 211  -1  -1  -1  -1  -1 106  -1  43  -1  -1 117  -1  -1  -1  -1 114  -1 
 17  -1  -1  -1  -1  -1  -1  -1 210 223  -1 215  64 201  81  -1  -1  -1  -1 304  -1  -1  -1  20  -1  -1 
 18 220  -1  -1  -1  -1  -1 168  -1  -1  40  -1  -1  -1 262  -1  -1 124  -1  -1  -1  -1 161  -1  -1  -1 
 19  -1  -1  -1 111 129  -1  -1  -1 293  -1  -1  -1  -1  -1  -1  -1  -1  -1 203  -1  -1  -1 243  84  -1 
 20 258 116 146 248  -1  -1  -1 245  69  -1  -1  -1  -1  -1  -1  -1  -1 192 192  -1  -1  -1  -1  -1  -1 
 21  -1  23  -1  -1 170  -1 232 261 277  -1  -1  -1  -1  85  -1  -1  -1  -1  -1  -1  -1  15  78 263  -1 
 22  -1  -1  -1 299  -1  -1 253 279  -1  -1  -1  -1  -1  -1  -1  -1  -1  72  71  -1  -1  -1  -1  47  -1 
 23  -1  59  -1   0  -1  -1  -1  73  -1  -1  -1  -1 256 204  -1  -1  -1 240  -1  -1  -1  41  -1 276  -1 
 24  -1 296 172  58 238  -1 216  -1 242  -1  -1 252  -1  -1  -1  -1  25  -1  -1  -1  -1  -1  -1  -1  -1 
 25  38   3  -1 260 287  -1  -1  -1  -1  -1  -1  -1 154 155  -1  -1  -1  -1  -1  -1  -1 235 169  -1  -1 
 26  -1  -1  -1  -1  -1 148 148 234 264  -1  -1 166  -1  -1 213  -1  89  -1  -1  87  -1  -1  -1  -1  -1 
 27  -1  -1 121 145  -1 218  -1  -1  -1  -1  -1  -1  -1  -1  -1  -1  -1 104 104  -1 265  -1 290  -1  -1 
 28  -1  -1  57  -1  -1  -1  -1  -1  -1  -1  -1  -1  -1  -1  -1  -1 301  -1 305  -1  -1  -1  -1  -1  -1 
 29  -1  39  -1  -1 128  -1  -1 190  -1  -1  -1 217 120  -1  -1  -1  -1  -1  -1  -1  22 247  -1  42  -1 
 30  -1  -1  -1  -1  -1   4   4  19  19  19   2   2  -1  -1  -1  17  17  24  -1  -1  -1  30  -1  -1  -1 
 31  -1  -1  -1  -1  -1  -1  -1  -1  -1  -1  -1  -1  -1  -1  -1  -1  -1  -1  -1  -1  -1  -1  31  31  31 
 32  -1  -1  -1  68  -1  48  48  -1  -1  -1  -1  -1  61  61  -1  -1  -1  63  63  63  46  46  -1  74  -1 
 33  -1  -1  -1  -1  -1  -1  -1  -1  -1  -1  -1  -1  75  75  75  -1  -1  -1  -1  -1  -1  -1  -1  -1  -1 
 34  90  90  -1  -1  -1  -1  -1 105 105  -1 107 107 107  -1  -1  -1  -1 112  -1  -1  92  92 118  -1  -1 
 35  -1  -1  -1  -1  -1  -1  -1 119 119 119  -1  -1  -1  -1  -1  -1  -1  -1  -1  -1  -1  -1  -1  -1  -1 
 36  -1  -1  -1 156  -1 136 136  -1  -1  -1  -1  -1  -1  -1  -1  -1 162 151 151 151 134 134  -1 149 149 
 37  -1  -1  -1  -1  -1  -1  -1  -1  -1  -1  -1  -1  -1  -1  -1  -1  -1  -1  -1  -1  -1  -1 163 163 163 
 38  -1  -1  -1 193 193 178 178  -1  -1  -1  -1  -1 195 195 195  -1 200 180 180  -1  -1  -1  -1 206  -1 
 39  -1  -1 207 207 207  -1  -1  -1  -1  -1  -1  -1  -1  -1  -1  -1  -1  -1  -1  -1  -1  -1  -1  -1  -1 
 40  -1  -1 244  -1  -1 222 222  -1 250  -1  -1  -1 239 239 239  -1  -1  -1 237 237 224 224  -1  -1  -1 
 41  -1  -1  -1  -1  -1  -1  -1  -1  -1  -1  -1  -1  -1  -1  -1 251 251 251  -1  -1  -1  -1  -1  -1  -1 
 42 266 266 268 268  -1  -1  -1  -1  -1  -1 281 281  -1  -1  -1  -1 294 283 283 283  -1 288  -1  -1  -1 
 43  -1  -1  -1  -1  -1  -1  -1  -1  -1  -1 295 295 295  -1  -1  -1  -1  -1  -1  -1  -1  -1  -1  -1  -1 
 44   9  -1  99  -1  -1  -1 274  -1  94  -1  -1 231  -1  -1  -1  -1  -1  -1  -1  -1  -1  -1  -1  -1  -1 
 45 138  -1 229  -1  -1  -1  -1  -1  -1  -1  -1  -1  -1  -1  -1 310  -1  -1  -1  -1  -1  -1  -1  10 241 
 46 187  54  -1 230 311  -1  -1  -1 140  -1  -1  -1  -1  21  -1  -1  53  -1  -1  -1  -1  -1  -1  -1  -1 
 47  -1  -1   6  -1  -1 271  95 275  -1  -1  50  96  -1  -1 316  -1 186  -1  -1  -1  -1  -1 285  65  -1 
 48  -1 182  -1  -1  -1  -1  -1 181 185  -1  -1  -1  -1 308  -1  -1  -1  -1  -1 309  -1  -1  -1 269  -1 
 49  -1  -1  -1  -1  -1  -1  -1 225  -1  -1 228  -1  -1  -1  -1  -1  -1  -1 226  -1  -1  11  -1  -1 197 
 50  -1  -1  51  -1  -1  -1  -1  -1  -1  -1  -1 184  -1  -1  -1  -1 273  98  52  -1  -1  -1  -1  93  -1 
 51  -1  -1 137  -1  -1  -1  -1  -1   5  -1  -1  -1  -1  -1 109  -1 141   7 270  -1  -1  -1 313  -1 314 
 52  -1 153  -1  -1  -1  -1  -1  -1  49 312 143 272 315  -1  -1  -1   8  -1 142  -1  -1  -1  -1  -1  -1 
 53  -1 227  -1  55  -1  97  -1  -1  -1  -1 183 139  -1  -1  -1  -1  -1  -1  -1  -1  -1  -1  -1  -1  -1 

r\t   0   1   2   3   4   5   6   7   8   9  10  11  12  13  14  15  16  17  18  19  20  21  22  23  24 
  0  -1  -1  -1  -1  -1  -1  -1 304  -1  -1  -1  -1  -1  -1  -1  -1  -1  -1 106  -1  -1  -1 122 284  -1 
  1  -1  -1  -1  -1  -1  -1  -1 144 159  -1  -1  -1 219 245  -1  -1  -1 116  26  -1 260  -1 236 236  -1 
  2  -1 133  -1 126  -1  -1  -1  47  -1  -1  -1  -1 110 286  -1  -1 147  -1  -1  -1  -1  -1 167  -1  -1 
  3  -1  -1  -1  -1  -1  -1 145  -1 146  -1  -1 299  -1  -1  -1  -1  -1  -1 246  -1  -1 267  36  -1  -1 
  4 282  -1  -1 301  -1  16  16  -1  -1  -1  -1  -1  41  81 172  -1 123 189  -1  -1  -1  -1  -1 173  -1 
  5  85  -1  -1  -1  -1  -1  -1  78  -1  -1  -1  13  -1  -1  -1  -1  -1  -1  -1  -1  -1 307 255  -1  -1 
  6  -1  -1  -1  -1 258  -1 179  -1 297  -1  -1  43  -1  -1  -1  -1  -1  -1  -1  -1  -1   0 214  -1  -1 
  7  -1 223  29  -1  -1  -1 279  -1  -1  -1  -1  -1  -1  -1  -1  -1  -1 248 215   1  -1 263  72  -1  -1 
  8 220  34  -1  -1  -1 216  -1 176  -1  -1  -1 210  -1  -1  -1  -1  91  -1 243 305  -1  -1  -1  -1  -1 
  9  -1  -1  -1  76  -1  -1  25  -1 103  -1  -1 100  -1  -1  -1  -1  14 102  -1  -1 192 192  -1  -1  -1 
 10  -1  -1 238  -1  -1  -1  -1 291  -1  -1  -1  -1  -1  -1  38  -1 209  -1  -1  -1  -1 300 154  -1  -1 
 11  -1  -1  80 234  -1  -1  58 257  -1 261  -1  -1  -1  -1  -1  -1  -1  12  -1  -1  -1  -1  83  -1  -1 
 12  -1 242 203 196  -1  -1  -1 124 190  -1  -1 117  64  -1  -1  -1  -1  -1  -1  -1  -1  -1  -1  -1  -1 
 13  -1  -1 158 249  -1  66  -1 280 280  -1  -1  73  -1  -1 127  -1  -1  -1 121  -1  -1 157 191  -1  -1 
 14  -1  -1  -1 104 104  -1 259 188  45  -1  -1  -1  -1  -1  -1  -1  -1  -1  -1  -1  -1 205  -1  -1  -1 
 15  -1  -1  -1  -1  -1  -1  -1  18  -1  -1  -1 211  -1 125  -1  -1  79  -1  -1  -1  -1  -1  -1  -1  -1 
 16  -1  57 108 152  -1  -1 256  -1  -1  -1  -1 213 292  -1  -1  -1 264  -1  -1  -1  -1  -1  -1  -1  -1 
 17  -1  -1  -1 120  -1  -1 164 131  32 171  82  28  -1  -1  -1  -1 235  -1  69  -1  -1 101  62  -1  -1 
 18  -1  -1 254   3  -1  -1  -1 130  -1  -1  -1 155  -1  15  -1  -1  -1  -1  -1  -1  -1  56  -1  -1  67 
 19  -1  70  22  35  39  -1  -1 166  -1  -1  -1 165 278  -1  -1  -1 161  -1 287  -1 265  -1  -1 252  -1 
 20  -1  -1  -1  -1  -1  -1 303  -1  -1  -1  -1 277 253  -1  -1  -1 290  -1 199  -1  -1 306  -1  -1  -1 
 21  -1 202  -1  -1  -1  -1 233  -1  -1  -1  -1  -1  -1  -1  -1  -1  59  -1  -1  -1  -1  -1  -1  -1  -1 
 22  -1  -1  -1  23  -1  -1 293  -1  -1  -1 169  -1  -1 128  -1  -1 111  60  60  -1  -1 232  -1 148 148 
 23 132 168  -1  -1  -1  -1  -1 201  40  -1  -1  -1  -1 296  -1  -1  -1  -1  -1  89  -1  71  -1  27  -1 
 24  -1  -1 113  -1  -1  -1 212  -1 204  -1  -1 262  -1  -1  -1  -1 217  -1  -1  -1  -1  -1  -1  -1  -1 
 25  -1  87  -1 218  -1  -1  -1  -1 114  -1 174  -1  20  -1  -1  -1  -1  -1  -1 198  -1  37  -1  -1  -1 
 26  -1  -1  -1  -1  -1  -1  -1  -1  -1  -1  -1 129  -1  -1  -1  -1 247 240  -1  -1  -1  -1  33  44  -1 
 27  -1 298  -1  -1  -1  86 115  -1 175  -1  -1  -1 160 208  -1  -1  -1  -1  -1 221  -1 276  -1  -1  -1 
 28  -1 302  -1 289  -1  -1  -1  -1  -1  -1  -1  -1  -1  -1  -1  -1  -1  -1  -1  -1  -1  -1  -1  -1 170 
 29  -1  88  -1 177 150  -1 194  42  -1  -1  -1 135  -1  -1  -1  -1  -1  -1  -1  -1  -1  77  -1  -1  84 
 30  17  17  -1  -1  -1  -1  -1  24   4   4  -1  -1  -1  -1  -1   2   2  30  -1  -1  -1  -1  19  19  19 
 31  -1  -1  -1  -1  -1  -1  -1  -1  -1  -1  -1  -1  31  31  31  -1  -1  -1  -1  -1  -1  -1  -1  -1  -1 
 32  -1  -1  63  63  63  -1  74  -1  -1  -1  48  48  -1  61  61  46  46  -1  -1  -1  -1  -1  -1  68  -1 
 33  -1  -1  -1  -1  -1  -1  -1  -1  -1  -1  -1  -1  75  75  75  -1  -1  -1  -1  -1  -1  -1  -1  -1  -1 
 34  -1  -1  -1  -1  -1 107 107 107  90  90  -1  -1 112 118  -1  -1  -1  -1  -1  -1  92  92 105 105  -1 
 35  -1  -1  -1  -1  -1  -1  -1  -1  -1  -1  -1  -1  -1  -1  -1  -1  -1  -1  -1  -1  -1  -1 119 119 119 
 36  -1  -1  -1  -1  -1  -1  -1  -1 136 136  -1 162 151 151 151 134 134 149 149  -1  -1  -1  -1 156  -1 
 37  -1  -1  -1  -1  -1  -1  -1  -1  -1  -1  -1  -1  -1  -1  -1  -1  -1 163 163 163  -1  -1  -1  -1  -1 
 38 193 193  -1  -1  -1  -1  -1  -1  -1  -1 178 178 195 195 195 180 180 206 200  -1  -1  -1  -1  -1  -1 
 39  -1  -1  -1  -1  -1  -1  -1  -1  -1  -1  -1  -1  -1  -1  -1  -1  -1  -1  -1  -1  -1  -1 207 207 207 
 40  -1 244  -1  -1  -1  -1  -1  -1 237 237  -1 250 239 239 239 224 224  -1  -1  -1 222 222  -1  -1  -1 
 41  -1  -1  -1  -1  -1  -1  -1 251 251 251  -1  -1  -1  -1  -1  -1  -1  -1  -1  -1  -1  -1  -1  -1  -1 
 42  -1  -1 281 281  -1  -1  -1  -1 266 266 268 268  -1  -1  -1 283 283 283 294  -1  -1  -1  -1 288  -1 
 43  -1  -1 295 295 295  -1  -1  -1  -1  -1  -1  -1  -1  -1  -1  -1  -1  -1  -1  -1  -1  -1  -1  -1  -1 
 44   9  -1  -1  -1  -1  -1 271  65  -1  -1  -1  -1  -1  -1  -1  -1  -1 225  21 269  -1  -1  -1 137  -1 
 45  -1 270  -1  98  -1  -1  95  -1 187  -1  11  -1  -1  -1  -1  -1  -1  -1 315  -1  -1  -1  -1  -1  -1 
 46  50   7  -1  -1  -1 241  -1 274  -1  -1  -1  96  -1  -1  -1  -1  -1  94  -1  54  -1  -1  -1 227  -1 
 47  -1  52 309 273  -1  -1  -1  -1 230  -1 228  -1  -1  -1  -1  -1  -1   6  -1  -1  -1 142 285  -1  -1 
 48  97  -1  -1 229  -1  -1  49  -1  -1 185  -1  -1  -1  -1  -1  -1  -1 183  -1  -1   8  53  -1 275  -1 
 49  -1  -1  -1  -1  -1 312   5  -1  -1  -1  -1  10  -1  -1  -1  -1  -1  -1  -1  -1  -1  -1  -1  -1  -1 
 50  -1  -1 153  -1  -1  -1 226  -1  -1  -1 143 231  -1  -1  -1  -1  -1  -1  -1  -1 181  -1 308  -1  -1 
 51 186  -1  -1  -1  -1  -1  -1  -1  -1  -1  -1  -1  -1 313  -1  -1  -1 272  -1  -1  -1 182  -1  -1  -1 
 52  -1 184  -1  -1 310  -1 139 140  -1  -1  93  -1  -1  -1 316  -1  -1  -1  -1  -1  55  -1  -1  -1  -1 
 53  -1  -1 197 141  -1  -1  -1  -1  -1  -1  -1  -1 314 109  -1  99  -1  51  -1  -1 138  -1  -1  -1 311 

r\t   0   1   2   3   4   5   6   7   8   9  10  11  12  13  14  15  16  17  18  19  20  21  22  23  24 
  0  -1  -1  45  -1  -1  -1 196  13  -1  -1  -1 257 211  -1  -1  -1  -1  -1  -1  -1  -1 300  -1  -1  -1 
  1  -1  -1  39  -1  -1  -1 258  -1  -1 131  -1  -1  -1  -1  -1  -1  -1  -1  89  -1  -1 164  56  -1  -1 
  2  -1 179   0 291  -1  -1  -1  82  -1  -1  -1 299 100  -1  -1 220 202 234  -1  -1  -1  -1 201  -1  -1 
  3  -1  33  -1  -1  -1  -1 205  -1  -1  -1  -1  -1 280 280  -1  -1  57  -1  -1  -1  -1  -1 114  -1  -1 
  4  -1 297  -1  -1  -1  -1  47 133  -1  -1  -1  -1  -1  -1  -1  -1 232  -1  -1  -1  67  80  -1  20  -1 
  5  -1 199  -1 264  -1  -1  -1  58  -1  -1  -1  88 210 121  -1  -1  -1  -1  87 307  -1  -1  -1  -1  -1 
  6  -1 246  -1  -1  -1  -1  -1  -1  -1  -1  -1 116 123  -1  -1  -1 102 306  -1  -1 106  -1 263  -1  -1 
  7 129  79  -1  36 171  -1  -1  -1 235  -1  -1  73  -1 292 172  -1  -1  -1  -1  -1  -1  -1  -1  -1  -1 
  8 155 113  -1 174  -1  -1  -1  -1 160  -1  -1 188  28  -1  -1  -1  -1  77  -1  -1  -1  -1  -1 284  -1 
  9  -1  -1  -1  -1  -1  -1  -1  -1  -1  -1 150 126  -1  -1  -1  -1 117 148 148 110  -1  -1 236 236  -1 
 10  -1  -1 293  -1  -1  -1 233  35  -1  -1  -1 108 296  26  -1  -1  76  -1 254  -1  -1 286 214  44  -1 
 11  -1  -1  -1 203  -1  -1 277  -1  -1  -1  -1 146 191  -1  -1  -1 219 103  -1  -1  42 259 192 192 213 
 12  -1 135  -1  72  -1  -1  -1 223  -1  -1 301  -1  -1  -1  -1  -1 253  -1  -1  -1  -1  -1  -1 159  -1 
 13  -1  -1 152  -1  -1  -1  -1  -1  -1  -1  -1  -1  -1   1  -1 177 298  -1  25  -1  -1  -1  -1 209  -1 
 14  60  60  -1  -1  -1  -1 111  41  -1  -1  -1  83  -1  -1  -1  -1  84  -1 124  18  -1  62  70 115  -1 
 15  -1  -1 208  -1  -1  -1 217  -1  -1 215  -1  -1 132  -1  -1 170  -1 189 289 169  -1 252 287  -1  -1 
 16  -1  -1  -1  27  -1  -1  34 305  -1  -1  -1  -1  -1  -1  -1  -1  -1  -1 166  -1  -1 242 260  -1  -1 
 17  -1  -1  -1  -1  -1  -1   3 243  -1 302  -1  -1 157  -1  -1  -1  -1  -1  -1  -1  -1  -1 256 249  -1 
 18  -1 154  -1 104 104  -1  -1 276  -1  -1  -1  -1 145  -1  -1  -1 147  40  -1  -1 238 198  -1  -1  -1 
 19  -1 221  -1  -1  -1  -1 144 122  -1  -1  -1  -1  -1 167  -1  -1  -1  -1  -1  -1  -1  -1 267 125  -1 
 20  -1  -1  -1  -1  -1  -1  -1  -1 278  85  -1  -1  -1  -1  -1  -1  -1  -1  71  -1  -1  -1  -1  -1  -1 
 21  -1  -1  -1  -1  -1  -1 165  -1 130  -1  -1  -1 173 190 282  -1  -1  -1  -1  -1  -1  -1 175 261  -1 
 22  -1  -1  -1 247  -1  -1 248  -1  -1  -1  -1 176  -1  -1  23  -1  -1  -1 240  -1  -1 262 290 265  -1 
 23  -1  -1  -1  59  -1  -1  -1  -1  -1  66  -1  15  -1  -1  86  -1  -1  -1  -1  -1  -1 212  81  69  -1 
 24  -1  12  -1  -1  -1  -1  -1  -1  -1  -1  22  -1  -1  -1  -1  -1  -1  -1  -1  -1  -1  -1  -1  -1  -1 
 25  -1  -1 128  -1  -1  -1  91  -1  14  -1  -1  -1  -1  -1  -1  -1 218  16  16  -1  -1  -1  -1  -1  -1 
 26  -1  -1  -1  -1  -1  -1  -1  -1  -1  -1 303 216  43  -1  -1  -1  -1 168 194  -1  -1  -1 158  -1  -1 
 27  -1  -1  -1  -1  -1  -1  -1  78  32  -1  -1  64  -1 101  -1  -1 279 245  -1  -1  -1  -1  -1  -1  -1 
 28  -1 161  -1 120  -1  -1 127  -1  -1  -1  -1  -1  -1 304  -1  -1  -1  -1 204  -1  -1  -1  37  29  -1 
 29  -1  -1  -1  -1  -1  -1  -1  -1  -1  -1  -1 255  -1  -1  -1  -1  -1  -1  38  -1  -1  -1  -1  -1  -1 
 30  -1  -1  19  19  19  -1  -1   4   4  -1  -1  24  -1  -1  -1  -1  -1  30  -1  -1  17  17  -1   2   2 
 31  -1  -1  -1  -1  -1  -1  -1  -1  -1  -1  -1  -1  -1  -1  -1  -1  -1  -1  -1  -1  31  31  31  -1  -1 
 32  -1  68  -1  -1  -1  -1  74  48  48  -1  -1  -1  61  61  -1  46  46  63  63  63  -1  -1  -1  -1  -1 
 33  -1  -1  -1  -1  -1  -1  -1  -1  -1  -1  -1  -1  75  75  75  -1  -1  -1  -1  -1  -1  -1  -1  -1  -1 
 34  -1  -1  90  90  -1  -1  -1 105 105  -1  -1  -1  -1  -1  -1  92  92 112  -1  -1  -1 118 107 107 107 
 35  -1  -1  -1  -1  -1  -1  -1 119 119 119  -1  -1  -1  -1  -1  -1  -1  -1  -1  -1  -1  -1  -1  -1  -1 
 36  -1  -1  -1  -1  -1  -1 162  -1 149 149  -1 156  -1  -1  -1 136 136  -1  -1  -1 151 151 151 134 134 
 37  -1  -1 163 163 163  -1  -1  -1  -1  -1  -1  -1  -1  -1  -1  -1  -1  -1  -1  -1  -1  -1  -1  -1  -1 
 38  -1 206 195 195 195  -1  -1 193 193  -1  -1 200  -1  -1  -1  -1 180 180  -1  -1  -1  -1  -1 178 178 
 39  -1  -1  -1  -1  -1  -1  -1 207 207 207  -1  -1  -1  -1  -1  -1  -1  -1  -1  -1  -1  -1  -1  -1  -1 
 40  -1  -1 239 239 239  -1  -1 250 244  -1  -1  -1 237 237  -1  -1 224 224  -1  -1  -1  -1  -1 222 222 
 41  -1  -1  -1  -1  -1  -1  -1  -1  -1  -1  -1  -1 251 251 251  -1  -1  -1  -1  -1  -1  -1  -1  -1  -1 
 42  -1  -1 283 283 283  -1 288 294  -1  -1  -1  -1 268 268  -1 266 266 281 281  -1  -1  -1  -1  -1  -1 
 43  -1  -1  -1  -1  -1  -1  -1  -1  -1  -1  -1  -1  -1  -1  -1  -1  -1 295 295 295  -1  -1  -1  -1  -1 
 44 310 273  -1  -1 309  -1  65  94 272  -1  -1 230  93  -1  -1  -1  -1  -1  -1  -1  -1  -1  96  -1  -1 
 45  -1  -1 185 141  -1  -1 142  -1  -1  -1  -1  -1 228  -1 314   9  -1   7  -1 315  -1  -1  -1  -1 271 
 46  -1  -1  -1 186  -1  -1 231  -1  -1  -1  -1  -1  53 182  -1  -1  -1  -1  -1 197  -1 109  -1  -1  -1 
 47  -1  -1  -1  -1  -1  -1  21 269 225  -1  -1  -1  -1  -1  -1  -1  -1 140 138  -1 308  -1  -1  -1  55 
 48  -1  -1  -1  50  -1  -1  -1  -1 139  -1 311 275  10  97  -1  -1  11  -1  -1  -1 285 313  -1  95  -1 
 49  -1  -1  -1  -1  -1 316  -1  -1 187  -1  -1  -1  -1 143  -1  -1  -1  99  -1  -1  -1  -1  54  -1  -1 
 50  -1  49  -1  -1  -1 153  -1  -1  -1  -1  -1  -1  -1  -1  -1  -1  -1  -1 270  -1  -1  -1 227  -1  -1 
 51  -1  98  -1  -1  -1  -1 184  -1  -1 312 241  52 183  -1  -1  -1  -1  -1 229  -1  -1  -1 181  -1  -1 
 52  -1   5  -1 226  -1  -1  -1  -1  -1  -1  -1 137  -1  -1  -1  -1  -1  -1  -1  -1  -1  -1  -1  -1  -1 
 53  -1  -1  -1  -1  -1  -1 274  -1  -1  -1  -1   8  -1  -1  -1  -1  -1  51   6  -1  -1  -1  -1  -1  -1 

r\t   0   1   2   3   4   5   6   7   8   9  10  11  12  13  14  15  16  17  18  19  20  21  22  23  24 
  0  -1  -1  -1  20  -1  -1  -1  -1 292  -1  -1 243  32 208  -1  -1  -1  -1  35  -1  -1  -1  -1  -1  -1 
  1  -1 304  -1 305  -1  -1   1 215 164  -1  -1  -1  -1  -1  -1  -1  -1  -1 253  -1  -1  -1  -1 116  -1 
  2  -1  -1 192 192  -1  -1  -1  -1 276  -1  -1  -1  -1  -1  -1  -1  -1 131 257  85 110  -1  -1  -1  -1 
  3  -1  -1  -1  -1  -1  -1  64 242 165  -1  -1  23 265  -1  -1  -1  -1  -1  -1  -1  -1  -1 280 280  -1 
  4  82 168  -1  -1  -1  -1  -1 205  69  -1  -1  76 125  -1  -1  -1  -1  59  -1  -1  -1  -1  80  -1  -1 
  5  -1  -1  -1  -1  -1  -1 296 135 255  -1  -1  -1  -1  -1 219  -1  -1  -1  -1  -1  -1   3  -1  -1  -1 
  6  -1 216  13  -1  -1  -1 267  -1 235  -1  -1 256   0 290  -1  -1  -1  -1  -1  -1  -1  -1 298 289  -1 
  7  -1  -1  47 114  -1  -1  -1  -1 211  -1  -1  -1  -1 161  -1  -1  -1  -1  -1 174  -1  57  -1  -1  -1 
  8  -1 291 148 148  -1  -1  -1  16  16  -1  -1  83  -1 278  -1  -1  -1  -1  -1  -1  -1  -1 218  -1  -1 
  9  -1  -1  -1  -1  -1  -1  -1  -1  -1  -1  -1  -1  -1  -1  -1  -1  -1 254  -1  -1  -1 157  81  -1  -1 
 10  -1  -1  78  -1  -1  -1 286 299  -1  -1  -1 259  42  -1  -1  -1  -1  -1 100  -1  -1  -1  -1 246  -1 
 11  -1  -1  66  89  -1  -1  -1  -1 128  -1  -1  -1  -1  25 150  -1  -1  -1  12  -1  -1  -1  -1 201  -1 
 12  -1  14  34  -1  -1  -1  -1  -1  -1  -1  41  -1 306  -1  -1  -1  79 106  -1  -1 282 221  -1  -1 169 
 13  -1  -1  -1  -1  -1  -1  -1 171  -1  -1  -1  -1  -1  -1  -1  -1 117  -1  -1  -1  -1 123 166  -1  38 
 14  -1  33  -1  -1  -1 129  -1  -1  -1  -1  -1 170 122  -1  -1  -1  62  -1 177  -1  -1 262  -1  -1  -1 
 15  -1  -1  -1 293  -1  -1  -1 223  -1  -1  -1 152 147  44  -1  -1  -1  -1  -1  -1  -1  -1  -1  -1  -1 
 16  -1 214  -1 261  -1  -1 190  -1  -1  -1  -1  -1  -1  37  -1  -1 238 159 240  -1  -1 202  -1  -1  -1 
 17  -1 247 297 248  -1  -1 234 113  -1 263  -1  -1  -1  -1  -1  -1  -1  91  -1  -1 303  -1  -1  -1  -1 
 18 258 102  -1 132  -1  86  -1 188  -1  -1  -1  -1  -1  -1  -1  -1 111 233  40  -1  -1 145 154  -1 172 
 19  -1 232  -1  -1  -1  -1  -1  -1 127  -1  -1  -1 300  -1  -1  -1  -1  -1  -1  -1  -1 179  -1 307  -1 
 20  -1 115  -1 160  -1  -1  -1 252  -1  -1  -1  -1  -1  -1  -1  -1 158  -1  -1  -1  -1  -1  67  71  -1 
 21  -1  56  -1 108  -1  -1  88  -1  -1  -1  -1  -1  -1  77  -1  -1 287  -1  -1  -1  -1  -1  -1  60  60 
 22  -1  -1  -1  87 220 260  -1  70  -1  -1  -1  -1  -1  -1  -1  -1  -1 196 279  -1  -1  -1 104 104  -1 
 23  -1  -1  -1 264  -1  18  -1 277 144  -1  -1  -1  -1  84  -1  -1  -1  -1  -1 198  -1  -1  -1 189  -1 
 24  -1  -1 101  27 155  -1  -1  -1 103  -1  -1  -1  -1  73  -1  -1  -1  15  -1  -1  -1  -1 212  -1  -1 
 25  -1  -1 124 213  -1  -1 173  26  -1  -1  -1 199  -1  -1  -1  -1 245  -1  -1  -1  -1  72 249 146  -1 
 26  -1 133 236 236  -1  -1  45  -1 210  -1  -1 126  -1  -1  -1  43  -1 301  -1  -1  -1 194  -1  -1 217 
 27  -1  36  -1 203 176  -1  -1  -1  -1  -1  -1  -1 204  -1  -1  -1  -1 302  -1  -1  -1  28  -1  -1  -1 
 28  -1  -1  -1  58  -1  -1 120  -1 191  -1  -1  -1  -1  -1 175  -1  39  29  -1  -1  -1  -1 121 167  -1 
 29 130 209  -1  -1  -1  -1  -1  -1  -1  -1  -1  -1  -1  -1  -1  -1  22 284  -1  -1  -1  -1  -1  -1  -1 
 30  -1  -1  -1   4   4  -1  -1  -1  30  -1  -1  24  19  19  19  -1  -1   2   2  -1  -1  -1  17  17  -1 
 31  -1  -1  -1  -1  -1  -1  -1  -1  -1  -1  -1  -1  -1  -1  -1  -1  -1  -1  -1  -1  -1  -1  31  31  31 
 32  48  48  -1  74  -1  -1  -1  63  63  63  -1  -1  61  61  -1  -1  68  -1  -1  -1  -1  -1  -1  46  46 
 33  -1  -1  -1  -1  -1  -1  -1  -1  -1  -1  -1  -1  -1  -1  -1  -1  -1  75  75  75  -1  -1  -1  -1  -1 
 34  -1  -1  -1  -1  -1 107 107 107  90  90  -1  -1 105 105  -1  -1  -1 112 118  -1  -1  -1  -1  92  92 
 35  -1  -1  -1  -1  -1  -1  -1  -1  -1  -1  -1  -1 119 119 119  -1  -1  -1  -1  -1  -1  -1  -1  -1  -1 
 36  -1  -1 156  -1  -1 149 149 162 136 136  -1  -1  -1  -1  -1 151 151 151  -1  -1  -1  -1  -1 134 134 
 37  -1  -1  -1  -1  -1  -1  -1  -1  -1  -1 163 163 163  -1  -1  -1  -1  -1  -1  -1  -1  -1  -1  -1  -1 
 38 193 193 200  -1  -1  -1  -1  -1 180 180  -1 206 195 195 195  -1  -1  -1  -1  -1  -1  -1  -1 178 178 
 39  -1  -1  -1  -1  -1  -1  -1  -1  -1  -1  -1  -1  -1  -1  -1 207 207 207  -1  -1  -1  -1  -1  -1  -1 
 40 224 224 244  -1  -1  -1 250  -1 222 222  -1  -1 237 237  -1  -1  -1  -1  -1  -1  -1  -1 239 239 239 
 41  -1  -1  -1  -1  -1  -1  -1  -1  -1  -1  -1  -1 251 251 251  -1  -1  -1  -1  -1  -1  -1  -1  -1  -1 
 42 266 266 283 283 283  -1  -1  -1 268 268 281 281  -1  -1  -1  -1 294  -1  -1  -1  -1 288  -1  -1  -1 
 43  -1  -1  -1  -1  -1  -1  -1  -1  -1  -1  -1  -1  -1  -1  -1  -1  -1 295 295 295  -1  -1  -1  -1  -1 
 44 143 184  -1 229  -1  -1 225   6  -1  -1  -1  -1 182  -1  -1  -1  -1  -1 142  -1  -1 137  -1  -1  -1 
 45  97   5  -1  -1  -1 285  -1  -1  -1  -1  -1  -1  -1  -1  -1  -1  -1  -1 274  -1  -1  -1  -1  -1  -1 
 46  -1  -1 228  -1  -1  -1  -1  -1   7  -1  -1  -1  -1  -1  -1 309  -1 227  -1  -1  -1 273  -1  -1  -1 
 47 185  -1  -1 183  -1  -1 140 153  -1   8  -1  65  -1 272  -1  -1  -1  -1  -1  -1 314  -1  -1  10  -1 
 48  -1  -1 186  53  -1  -1  -1  -1  -1  -1  -1  -1  -1  -1  -1  -1  -1  -1  -1  -1  -1  -1  -1  -1  -1 
 49   9  -1 139  -1  50  -1  -1  -1  -1  -1  -1 315  55  -1  -1  -1  -1  52  -1  -1  -1  93 313  -1 271 
 50  -1  95  94  -1  -1  -1  -1 181  -1  -1  -1 109  -1  -1  -1  -1  -1  -1 226 310  -1  21  -1 231  -1 
 51  -1  -1  -1  -1  -1 312  -1  -1  -1  -1  -1  -1  96 138  -1  -1  -1  -1  -1  -1 241  -1 197  -1  -1 
 52  -1  -1  -1  -1  -1  -1 187  49  -1  -1  -1  -1  -1  -1  -1  -1  -1  -1  98  -1  -1  54  -1 269  -1 
 53  -1  -1  11  -1  99  -1  -1 275  51  -1 311  -1 141 230 316  -1 308 270  -1  -1  -1  -1  -1  -1  -1 

r\t   0   1   2   3   4   5   6   7   8   9  10  11  12  13  14  15  16  17  18  19  20  21  22  23  24 
  0  -1  -1 203  -1  -1  -1  -1 202  -1  -1  -1  -1  -1 145  -1  -1 248 254 253  -1  -1 240  -1  -1  -1 
  1  41  59  -1  -1 258  -1  -1  -1  -1  -1  -1 299 204  -1 215  -1  -1  -1  -1  45 265  -1  -1  -1  -1 
  2  -1  25  32  -1  -1  -1  -1 158  43  -1  -1  27 279 170  -1  -1 194 132 205  -1  -1 161  78  56  -1 
  3  -1  -1  -1  -1  -1  -1  26  -1  -1  -1  -1  -1  -1  -1  -1  -1  -1  -1  -1  -1 177 219  -1  44  -1 
  4  -1  -1 267  -1  -1  -1 198  -1 113  -1  -1  -1 130  -1  -1  -1  47  -1  -1  -1  -1  -1  -1 290  -1 
  5  -1  -1  16  16  -1  -1 110 296  -1  -1  -1  -1  -1  -1  -1  -1  -1  -1 157 304  -1  -1  -1 116  -1 
  6  -1  -1 192 192  -1  -1  83  -1  -1  -1  -1   3 172  -1  -1  -1 211  -1  -1  -1  -1  28  -1 147  -1 
  7  -1  -1  -1 276  -1  -1  -1 108  -1  -1  -1  64  -1 208  -1  -1  29  -1 189  -1 221 191  -1  -1 287 
  8  -1 209  -1  -1 217  -1  79 188  -1  -1  -1  -1  -1  -1  -1  22  -1 199  57  -1  -1  -1  -1  -1  -1 
  9  -1  -1  -1  -1  -1  -1  -1 234  82  -1  -1  -1  -1  76  -1  -1 166  -1  -1  -1  -1 169  -1  -1  -1 
 10  -1 190  -1  -1  -1 257  -1  -1 201  -1  -1  -1  -1 124  -1  -1  -1  -1  -1  -1  -1 123  -1  -1  -1 
 11  -1  -1 214 261  -1  18  -1  81 255  -1  -1  -1  -1  -1  -1  -1  -1 293 263  -1  -1  -1  -1  -1  -1 
 12  -1  -1  -1  -1  -1  -1 212  -1  -1  -1  -1  -1  -1  -1  -1  -1 100 167 297  -1  -1  -1  62  -1  -1 
 13  -1 155 252  -1  -1  -1  -1  89  -1  -1  -1 302  -1  -1  -1  -1  38 114  -1  -1  -1  -1  -1  -1  -1 
 14  -1 135 168  -1 129 106 245  -1 196  -1  -1  -1  -1  -1  -1  -1 144  -1  70  -1  -1  20  -1  -1  -1 
 15  -1  -1  -1  -1  -1  -1  -1  14  -1  -1  -1  -1 154 307  -1  -1  -1  12  -1  -1  -1  39  -1  85  -1 
 16  -1  -1  -1 160  -1  -1  -1  -1  -1  -1  -1 165  -1 103  -1  -1  -1  -1  -1  -1  -1  -1  -1  -1  -1 
 17 171  -1  -1  -1  -1  -1 286  -1   1  -1  -1  -1  -1  -1  -1  -1  -1  -1 233  -1  -1  -1  -1  -1  -1 
 18  -1   0  -1  -1  -1  -1  -1  60  60  -1  -1 102 216 247  -1  -1 291  -1  -1  -1  -1  -1  -1 306  -1 
 19  -1 101 236 236  -1  -1  -1  -1  42  -1 176  -1  36 126  -1  -1  -1  -1  -1  -1  -1  -1  -1  -1  -1 
 20  -1  13  -1  -1  -1  -1 120  -1 232  -1  -1 117  72  88  -1  -1 264  -1  -1 220  -1  58 121  77  -1 
 21  -1 223 127 298  -1  -1  -1  -1 277  -1  -1  -1  40  -1  -1  -1 305  -1  34 173  -1  -1  -1  -1  -1 
 22  -1 256  -1  -1  -1  -1  66 278 303  -1  -1  23  -1  -1  -1  -1 235 262  -1  -1  -1  -1  -1  -1  -1 
 23  -1 289  -1  -1  -1 175  -1  -1 292  -1  -1  -1  -1 164  -1  -1  -1 259  -1  -1 148 148  -1  -1  -1 
 24  -1  -1 125  -1  -1  -1  -1  69  -1  -1  -1 128 111  -1 150  -1  15  -1  -1  -1  -1  91  -1  -1  -1 
 25  -1  -1 282 249  -1  -1  -1  -1 146  -1  -1  71  -1  -1  -1  -1  -1 104 104  -1  -1  -1  -1  -1  -1 
 26  -1  -1 122  -1  -1  -1 243 133  86  -1  -1  -1 246  33  -1  -1  80 179  -1 260  -1 284 280 280  -1 
 27 238 242  -1  -1  -1  -1  -1 131  -1  -1  -1  -1  -1  -1  -1  -1 210  -1 115  -1  -1 300  -1  -1  -1 
 28  -1  -1  -1  -1  -1  -1 213 152  -1  -1  -1  -1  -1  -1 218  -1  -1  35  -1  -1 174  87  84  -1  -1 
 29  -1  -1  -1  -1 301  -1 159  -1  -1  -1  -1  37  -1  -1  -1  67  -1  -1  -1  -1  -1  73  -1  -1  -1 
 30  -1  -1  -1  24  -1  -1  -1  30  -1  -1  -1  -1  19  19  19  -1  -1  -1   4   4   2   2  17  17  -1 
 31  -1  -1  -1  -1  -1  -1  -1  -1  -1  -1  -1  -1  -1  -1  -1  -1  -1  -1  -1  -1  -1  -1  31  31  31 
 32  -1  74  61  61  -1  -1  -1  -1  46  46  48  48  63  63  63  -1  -1  68  -1  -1  -1  -1  -1  -1  -1 
 33  -1  -1  75  75  75  -1  -1  -1  -1  -1  -1  -1  -1  -1  -1  -1  -1  -1  -1  -1  -1  -1  -1  -1  -1 
 34  -1  -1 105 105  -1  -1  -1  -1  90  90  -1  -1 112  -1  -1  -1 118  -1  92  92  -1  -1 107 107 107 
 35  -1  -1 119 119 119  -1  -1  -1  -1  -1  -1  -1  -1  -1  -1  -1  -1  -1  -1  -1  -1  -1  -1  -1  -1 
 36  -1 156 151 151 151  -1  -1  -1 136 136  -1 162  -1  -1  -1  -1  -1 149 149  -1 134 134  -1  -1  -1 
 37  -1  -1  -1  -1  -1  -1  -1  -1  -1  -1  -1  -1  -1  -1  -1  -1  -1  -1  -1  -1  -1  -1 163 163 163 
 38  -1  -1  -1 200  -1  -1  -1  -1 178 178  -1 206 195 195 195  -1  -1  -1 180 180  -1  -1 193 193  -1 
 39  -1  -1  -1  -1  -1  -1  -1  -1  -1  -1  -1  -1  -1  -1  -1  -1  -1  -1  -1  -1  -1 207 207 207  -1 
 40  -1  -1 222 222  -1  -1  -1 250  -1  -1 224 224 239 239 239  -1  -1  -1  -1  -1  -1 244 237 237  -1 
 41  -1  -1  -1  -1  -1  -1  -1  -1  -1  -1  -1  -1  -1  -1  -1  -1  -1  -1  -1  -1  -1  -1 251 251 251 
 42  -1 288  -1  -1  -1  -1 294 266 266  -1 268 268  -1 281 281  -1  -1 283 283 283  -1  -1  -1  -1  -1 
 43  -1  -1  -1  -1  -1  -1  -1  -1  -1  -1  -1  -1 295 295 295  -1  -1  -1  -1  -1  -1  -1  -1  -1  -1 
 44  -1 181  -1  -1  -1  -1  -1  -1  -1  -1  -1  -1  -1  -1 310  -1  -1  99  -1  -1  -1  -1  -1  -1  -1 
 45 285  98  -1  -1  -1  -1  21  -1  -1  -1 140 183 311  -1  -1  -1 138 270  -1  -1  55  -1  -1 269  -1 
 46  -1  -1  -1  -1  -1  -1  -1 226  -1  -1  -1 137  -1  -1  -1 315  94  -1 272  -1  -1 187  -1  -1 197 
 47  -1  53  96  -1  -1  -1 313   8 231  -1  97  -1  -1  -1  -1  -1  -1  -1 229 143  -1  -1  -1  -1  -1 
 48 316  -1 141  -1  -1  -1  -1  -1  -1 225   5  93  -1  -1  -1  -1 230  -1  -1  -1  -1  -1 308  -1  -1 
 49  -1 274  -1  -1  -1  -1  -1  -1  -1 271  -1  -1  -1  -1  -1 241  -1 227  49  -1  -1 228  -1  -1  -1 
 50  -1  -1   6 184  -1  -1  -1  54  -1  -1  -1  -1  -1  -1  -1  -1  65  50  -1  -1  -1  51  -1  -1  -1 
 51  -1  -1  -1  52  -1  -1  -1 185  -1  -1  -1  -1  -1 142  -1  -1  10  -1 139  -1  95  -1  -1  -1 314 
 52  -1  -1 186 275 309  -1  -1  -1  -1  11  -1  -1  -1 182  -1  -1  -1  -1  -1  -1  -1 109  -1  -1  -1 
 53  -1  -1  -1   7  -1 312 153  -1  -1  -1  -1  -1  -1  -1  -1  -1  -1   9  -1  -1  -1 273  -1  -1  -1 

r\t   0   1   2   3   4   5   6   7   8   9  10  11  12  13  14  15  16  17  18  19  20  21  22  23  24 
  0  -1 161  -1  -1  39  -1 158 284  -1  -1  -1  -1  -1  41  -1  -1  -1  -1  43  -1  -1  -1 217  -1  -1 
  1  -1  -1  -1  -1  -1  -1  -1  -1  77  -1  -1 296  -1  -1  -1 177  -1  -1  -1  -1  -1  -1 154  -1  -1 
  2  -1  -1 216  -1  -1  -1 232 159  -1  -1  -1  -1  -1 243  -1  -1  -1  -1  -1  -1  -1  -1 254 120  -1 
  3  -1 235 221  -1  -1  -1  -1  -1  -1 215  -1 114  -1  -1  -1  -1  -1  -1  -1 238 155  -1  -1  -1  -1 
  4  -1  12  -1  -1  -1  -1  45  -1  -1  -1  -1 150  -1 201  -1  -1  -1  82 252  -1  -1   3 278  -1  -1 
  5  -1  -1 147  26  -1  -1  -1  -1  -1  -1  -1  -1  -1  -1  -1  -1 116  -1  -1  -1  -1  -1 236 236  -1 
  6  -1  -1 189  -1  -1  -1  -1 132  71  -1  -1  81  -1  -1  -1  -1  -1 172 233  -1  -1  -1  -1  -1  -1 
  7  -1  -1  25  -1  -1  -1  91  34  -1  -1  -1  -1  22  -1 303  -1  -1  -1 291  -1  -1  88 135  -1  -1 
  8  -1  -1  -1 124  -1  -1  -1  -1  -1  -1  -1 106 111  -1  -1  -1 293 176  -1  -1  -1 245  -1 253  -1 
  9  -1  86  -1  89  -1  -1 276   0  -1  -1  -1 212 299  -1 304  -1  -1  80  -1  -1  -1 282 214 133  -1 
 10  84  47 171  -1  -1 192 192  -1  -1  -1  -1 128 262  15  -1  -1 259  58  27  -1 305  57 289  -1  -1 
 11  -1  62 175  -1  -1  -1  -1  13  -1  -1  -1  -1  -1 126 170  -1  -1  -1  -1  -1 307 103 208  -1  -1 
 12  -1  -1 102 240  -1  -1  -1  -1  -1  -1  -1  -1  -1  -1  -1  -1  36  -1  -1  -1  -1  -1  -1 298  -1 
 13  -1 202  -1  -1  -1  -1  -1 125 191  -1  -1  -1 209  -1  -1  -1 196  44  -1  -1  -1  -1  -1  -1  -1 
 14 198  -1 174 279  -1  -1  -1  -1  -1  -1 287  -1 280 280  -1  -1  -1 148 148  -1  -1  -1  -1 260  -1 
 15  42  -1  -1 108  -1  -1  -1  -1  -1  -1  -1  -1  -1 127  -1  -1 234 203  -1  -1  -1 301 179  -1  -1 
 16  -1  -1 256  -1  -1  -1  14  -1  18  -1  -1  64  -1  -1  -1  -1  -1  -1  76 110  -1  -1  -1  -1 199 
 17  -1  -1  -1  -1  -1  -1  -1  -1  -1  -1  -1  23  -1 167  -1  -1  -1  -1  -1  83  -1 190  -1  -1  -1 
 18  -1 144 265  72  -1  -1  -1  78 246  -1  -1  -1  -1  -1  -1  -1   1  16  16  -1  -1  28 165  -1  -1 
 19  -1  -1  79 211  -1  -1 205  -1  -1  -1  -1  85  -1 223  -1  -1 129  33  -1  -1  -1 152  -1 277  -1 
 20  -1  -1  -1  -1  -1  -1  32  -1  -1  -1  -1  -1  -1 255  -1  -1  56 264 261  -1  -1  -1  -1  -1  -1 
 21  -1 290 210  -1 219  -1  -1  -1  -1  66  -1  -1  -1  -1  -1  -1  -1 123  -1  -1 257  -1  -1  -1  -1 
 22  -1 220  -1  -1  -1  -1  38  -1  -1  -1  -1  -1  -1  73  -1  -1  -1  -1 121 258  67 267  -1  -1  -1 
 23 169  -1  -1  -1  -1  -1 218  -1 122  -1  -1  -1  35 292  -1  -1  70 104 104  -1  -1  -1  -1  -1  -1 
 24  -1  -1  -1  -1  -1  -1 173  -1  -1  -1  -1  -1  -1 100  -1  -1  -1 297  59  -1  -1 160  69  -1  -1 
 25  -1  -1  -1  -1  -1  -1 247  -1 306  -1  -1  -1  -1  -1  -1  -1  -1  -1  -1  -1  -1  -1  -1  -1  -1 
 26  -1  -1 117 300  -1  -1  -1  60  60  -1  40 286  -1 145 130  -1  20  -1  -1  -1 242  -1  37  -1  -1 
 27  -1 101  -1  -1  -1  -1  -1  -1  -1  -1  -1 131 115  -1  -1  -1  -1 166  -1  -1  -1 113  -1  -1  -1 
 28  -1 188  -1 249  -1  -1  -1 213  -1  -1  -1 157  -1  -1  -1  -1 146  -1  -1  -1  -1 204  -1  -1  -1 
 29  -1  -1  87  -1  -1  -1  -1 248 164  -1  -1 302  -1  29  -1  -1 168  -1  -1  -1  -1  -1 194  -1 263 
 30  -1  30  19  19  19  -1  -1  -1  24  -1  -1  -1  -1   2   2  -1  -1  -1   4   4  -1  -1  17  17  -1 
 31  -1  -1  -1  -1  -1  -1  -1  -1  -1  -1  -1  -1  -1  -1  -1  -1  -1  -1  -1  -1  -1  -1  31  31  31 
 32  -1  68  48  48  -1  -1  -1  -1  -1  -1  -1  -1  61  61  -1  46  46  -1  -1  -1  -1  74  63  63  63 
 33  -1  -1  -1  -1  -1  -1  -1  -1  -1  -1  75  75  75  -1  -1  -1  -1  -1  -1  -1  -1  -1  -1  -1  -1 
 34  -1 112  -1  -1  -1  -1  -1 105 105  -1  -1  -1  -1 118  -1  92  92  90  90  -1  -1  -1 107 107 107 
 35  -1  -1  -1  -1  -1  -1  -1 119 119 119  -1  -1  -1  -1  -1  -1  -1  -1  -1  -1  -1  -1  -1  -1  -1 
 36  -1  -1  -1 149 149  -1  -1 151 151 151  -1  -1 156 136 136  -1  -1  -1 134 134  -1  -1 162  -1  -1 
 37  -1  -1 163 163 163  -1  -1  -1  -1  -1  -1  -1  -1  -1  -1  -1  -1  -1  -1  -1  -1  -1  -1  -1  -1 
 38  -1 180 180 178 178  -1  -1  -1  -1  -1  -1 195 195 195  -1  -1 200 193 193  -1  -1  -1  -1 206  -1 
 39  -1  -1  -1  -1  -1  -1  -1 207 207 207  -1  -1  -1  -1  -1  -1  -1  -1  -1  -1  -1  -1  -1  -1  -1 
 40  -1  -1  -1 222 222  -1  -1 239 239 239 237 237  -1  -1  -1  -1 244 250  -1  -1  -1  -1 224 224  -1 
 41  -1  -1  -1  -1  -1  -1  -1  -1  -1  -1 251 251 251  -1  -1  -1  -1  -1  -1  -1  -1  -1  -1  -1  -1 
 42 281 281  -1  -1  -1  -1 294  -1  -1  -1  -1  -1  -1 268 268 266 266 283 283 283  -1  -1 288  -1  -1 
 43  -1  -1  -1  -1  -1  -1  -1 295 295 295  -1  -1  -1  -1  -1  -1  -1  -1  -1  -1  -1  -1  -1  -1  -1 
 44 310 269   6 142  -1  -1  -1  -1  -1  -1  -1  -1 153  -1  50 228  -1   8 230  -1  -1  21  -1 186  -1 
 45  -1  -1  -1  -1  -1  -1 183  53  -1  -1  -1  -1  -1  -1 184  -1 231  -1  -1  -1  -1 137  -1  -1  -1 
 46  -1 141  -1 274  -1  -1 226  -1  -1  -1 312  -1  -1  -1  -1   9  -1  -1  -1  -1  -1  -1  -1  -1  -1 
 47 241  -1  -1  -1  -1 285 140  -1 313 316  -1 315  -1  -1  -1  -1  -1  -1  -1  -1  -1 185  -1  -1 311 
 48  65  -1  -1  -1 271  -1  -1  -1  -1  -1  -1  -1 308  96  95  -1  -1 227  -1 197  -1  -1  -1  -1  -1 
 49  -1  -1  -1  -1  49  -1 109  -1  -1  -1  -1  -1  -1  -1  -1  -1 139  -1 182  55  -1  52  -1  -1  -1 
 50  -1  94  -1  -1  -1  -1  -1  93  -1  -1  -1  -1  -1  -1  -1  -1  -1  -1  -1  -1  -1  -1 275 270  -1 
 51  -1  -1  -1   5  97  -1 272 273  -1  -1  -1  -1  -1  51 225  -1  -1  -1  -1  -1  -1  -1  10  -1  -1 
 52  -1  -1  99  -1  -1  -1  11  -1  -1  -1  -1  -1  -1  -1  -1 138  -1 143  54  -1 309  -1  -1  -1  -1 
 53  -1   7  -1  -1  -1 314  -1 181  -1  -1  -1  -1  -1  -1  -1  -1 187  -1  -1  -1  -1 229  -1  98  -1 

r\t   0   1   2   3   4   5   6   7   8   9  10  11  12  13  14  15  16  17  18  19  20  21  22  23  24 
  0  -1  44 124 298  -1  -1  45  -1  57 286  -1  -1  -1  -1  -1  -1  -1 135 101  -1 259  32  -1  34  -1 
  1  -1 289  -1  -1  -1  -1 133 203  -1  -1  -1 172  -1  -1 198  -1  -1 192 192  -1  -1 245  -1 129  -1 
  2  -1  -1 147  -1  -1  -1  33 166  -1  -1  -1 144 235  -1  -1  -1  -1  -1  -1  -1  -1  -1  -1  -1  39 
  3  -1  -1  -1  -1  -1  -1  -1 243 189  -1  -1 255  -1 240  -1  -1  -1  -1 202  -1  -1 287 300  -1  -1 
  4  -1  -1 236 236  -1  -1  -1  36 299  -1  -1  -1  83  -1  -1  -1  -1  -1  -1  -1  -1  -1  -1 159  -1 
  5  -1  -1  -1  22  -1  -1  -1  -1  -1  -1  -1 171  -1 145  -1  -1  -1  -1 167  -1  -1  -1  18  -1  -1 
  6  -1  -1  -1  -1  -1  -1  -1 155  -1  -1  -1  -1 305  -1  -1  -1 279 264  -1  -1 132 212 158  -1  -1 
  7  -1  -1  -1  -1  -1  -1  88  -1 117  -1  -1 170 297  58  -1  -1  66 204 277  -1  -1  -1  -1  -1 261 
  8  -1  -1  -1  -1  -1  -1  -1  69 130 302  -1  26  -1 113  -1  -1 157  -1 232  -1 220  -1  -1  -1  -1 
  9  -1  23 214 161  -1  -1  -1  -1 284  -1  -1  -1  -1 211  -1  -1 290  -1  -1  -1  -1  -1  72  64  -1 
 10  -1  -1  -1 191  -1 221  -1  -1   1  -1  -1  -1  80 293  -1  -1  -1  -1  -1 301  -1 260  -1  -1  -1 
 11  -1  81  -1  -1  -1  -1  -1 307 254  91  -1  70  -1  -1  -1  -1  -1  -1  -1  -1  -1  -1  -1  41  -1 
 12  -1  -1  -1 111  -1  -1 276  -1 262  -1  -1  -1  25  -1  -1  -1  28  -1  -1  -1  -1  -1  -1  40  -1 
 13  -1  -1  -1 154 238  -1  -1  -1  -1  -1  -1  -1 257  -1  -1  -1  20  -1  -1  -1  -1  -1  -1  -1 216 
 14  -1   3  -1 114  -1  -1 199  -1  -1  -1  -1  -1 165  84  -1  -1  -1 278  -1  -1  -1  -1  -1  -1  -1 
 15  -1  -1  89  -1 106  -1  14  27  -1  -1  -1  -1  -1  -1  -1  -1 242 150  -1  -1  -1  -1  -1  -1  -1 
 16  -1 115  -1  -1  -1  -1 108  -1  -1  -1  86 291  -1  76  -1  -1 122  -1 252  -1  -1 267 110  -1  -1 
 17  -1 174  -1  -1  -1  -1 253  -1 148 148  85  -1  -1  -1  -1  -1  -1 234  -1  -1  -1  -1  -1  -1  -1 
 18 213  -1  -1 282  -1  -1  -1  -1  -1  67  -1 233  -1 219  -1  -1 190  -1 146  -1  -1 100  -1  -1  -1 
 19  -1  -1  38  -1  -1  -1  -1 217  -1  -1  -1 160  -1  -1  -1  -1  -1  -1  -1 177  -1 116 126  77  -1 
 20  -1 205  -1  -1  -1 215  -1  -1  -1  -1  -1   0 194  -1  -1  -1 223  -1  -1  -1  -1  -1 280 280  87 
 21  -1  -1  -1  -1  -1  -1  -1  -1  -1  -1  -1  -1  62  12  -1  -1  -1  60  60  -1  -1  -1 201  -1  -1 
 22  -1  -1  -1  -1  -1  -1  -1  -1  -1  -1 218 208 125  -1  -1  -1  -1 246  -1  -1  -1  -1 173 121  -1 
 23  -1 102  -1  35  -1  -1  -1 248 168  -1  -1  -1 258 188  -1  -1  -1  -1  -1  -1  -1  -1  -1 209  -1 
 24  -1 303  15  -1  -1  -1 179  -1  -1  -1  -1 120  -1 131  -1  -1  -1  -1  -1  82  -1  -1 123  -1  -1 
 25  -1  73  -1  -1  -1  -1 292  -1  79  -1  -1  56  -1  -1  -1  -1  -1  -1  -1  -1  -1  71  -1  16  16 
 26  -1  -1 256 249  -1  -1  -1 104 104 176  -1  -1  37  -1  -1  -1  -1  -1  -1  -1  -1  -1  -1 247  -1 
 27  -1  59  43  -1  -1  -1  -1 296  -1  -1  -1  -1 169  -1  -1  -1  47  78  -1  -1 265  13  -1  -1  -1 
 28  -1 175 196  -1  -1  -1 263  -1  -1  -1  -1 103 304  -1  -1  -1 152  -1  -1  -1  -1 164  -1 127  -1 
 29  -1  29  -1  -1  -1 306  -1  -1  -1  -1  -1 128 210  -1  -1  -1  -1  -1  -1  -1  -1  -1  -1  42  -1 
 30  -1  -1  -1  -1  -1   2   2  -1  -1  -1  19  19  19  30  -1  -1  -1  17  17  -1   4   4  24  -1  -1 
 31  -1  -1  -1  -1  -1  -1  -1  -1  -1  -1  -1  -1  -1  -1  -1  -1  -1  31  31  31  -1  -1  -1  -1  -1 
 32  -1  -1  61  61  -1  -1  -1  -1  68  -1  48  48  -1  -1  -1  -1  74  -1  46  46  63  63  63  -1  -1 
 33  -1  -1  75  75  75  -1  -1  -1  -1  -1  -1  -1  -1  -1  -1  -1  -1  -1  -1  -1  -1  -1  -1  -1  -1 
 34  -1  -1  -1  -1  -1  -1 118 112  -1  -1  90  90 107 107 107 105 105  -1  92  92  -1  -1  -1  -1  -1 
 35  -1  -1  -1  -1  -1  -1  -1  -1  -1  -1  -1  -1  -1  -1  -1 119 119 119  -1  -1  -1  -1  -1  -1  -1 
 36  -1  -1  -1  -1  -1  -1  -1  -1  -1  -1 134 134  -1 162  -1  -1  -1 156 136 136 149 149 151 151 151 
 37 163 163 163  -1  -1  -1  -1  -1  -1  -1  -1  -1  -1  -1  -1  -1  -1  -1  -1  -1  -1  -1  -1  -1  -1 
 38 193 193  -1  -1  -1  -1 200  -1 206  -1 178 178  -1  -1  -1  -1  -1 180 180  -1  -1  -1 195 195 195 
 39  -1  -1 207 207 207  -1  -1  -1  -1  -1  -1  -1  -1  -1  -1  -1  -1  -1  -1  -1  -1  -1  -1  -1  -1 
 40  -1 244  -1  -1  -1  -1  -1  -1 237 237 224 224  -1  -1  -1  -1 250  -1 222 222  -1  -1 239 239 239 
 41  -1  -1  -1  -1  -1  -1  -1  -1  -1  -1  -1  -1 251 251 251  -1  -1  -1  -1  -1  -1  -1  -1  -1  -1 
 42 281 281  -1  -1  -1 268 268  -1  -1  -1  -1 283 283 283  -1  -1  -1 294 266 266  -1  -1  -1 288  -1 
 43 295 295 295  -1  -1  -1  -1  -1  -1  -1  -1  -1  -1  -1  -1  -1  -1  -1  -1  -1  -1  -1  -1  -1  -1 
 44  -1 181  -1  -1  -1  -1 241  -1 184  -1  -1  -1  -1  -1  -1  -1  10  -1   7  -1  -1  96  -1  -1  -1 
 45  -1  -1  -1  -1  -1  97  -1 315  -1  -1  -1  -1  -1  -1  -1  -1  -1  -1  -1  -1  -1 142  -1  -1  -1 
 46  -1 273  -1  -1  -1 186  -1  -1 274  -1  -1  -1  -1  -1  -1 314 140  49  -1  -1  -1  -1  -1  -1 312 
 47  -1  -1   6  -1  -1  -1  -1 285 139  -1 269 270 153 137 310  -1 183 231  -1  -1  -1  52  -1 227  -1 
 48 316  -1  50  -1  -1  -1  -1 197  -1 225  -1  -1  -1  -1  -1  -1  -1  -1  -1  -1  95  -1  -1  -1  -1 
 49  -1  -1  -1  -1  -1 143  -1  -1  54  -1  -1  -1 311   5  -1  -1  -1  -1  -1  -1  -1  -1 313   8  -1 
 50  -1 230 272  -1 309  55  -1  21  99  -1  -1  -1  -1 182  -1  -1  -1  -1  -1  -1  -1  -1  -1  93 109 
 51  -1  -1 228  -1  -1  -1  -1  -1  -1   9  -1  -1  -1  51  -1  -1  -1  11  -1  -1 185 187  -1 275  -1 
 52  -1  -1  -1  -1  -1  -1  -1  65  -1  -1  -1  -1  -1  -1  -1  -1 271  94  -1  -1  -1  -1  -1  53  -1 
 53  -1  98 141 308  -1  -1  -1  -1 226 138  -1  -1  -1  -1  -1  -1  -1  -1  -1  -1  -1 229  -1  -1  -1 

r\t   0   1   2   3   4   5   6   7   8   9  10  11  12  13  14  15  16  17  18  19  20  21  22  23  24 
  0  -1  -1  -1  -1  -1  -1  -1  -1 169  -1  -1  37  26  -1  -1  -1  -1 123  -1  -1  -1 232 261  -1  -1 
  1  -1  -1 221  -1  -1  85  -1 203  -1  -1  -1  -1  -1 213  -1  -1  89  14 220  -1  -1 188  80  -1  -1 
  2 219  -1 280 280  -1  -1 131  -1  82  -1  -1  -1 216  -1  -1  -1  -1  -1  13  -1  -1  -1  -1  -1  -1 
  3  -1  -1  -1  -1  -1  -1  -1  -1  40  -1  -1 106  -1  -1 129  -1  -1  -1  -1  86  -1  -1  -1  -1   1 
  4  -1  71 104 104  -1  -1 292  -1  -1  -1  -1 132  -1  -1  -1  -1  -1  -1  -1  -1  -1  -1  -1 155  42 
  5  -1  56 148 148  -1  -1 103  -1  -1  -1  -1  -1  -1 164  -1  45  -1  -1  -1  -1  -1  -1  -1  -1  -1 
  6  -1 277 179 114  -1  -1   3  -1 128  -1  -1 165  -1  -1  -1  -1  -1  -1  -1  -1  -1  -1  -1  -1  -1 
  7  -1  -1 256  -1  -1  -1  -1 254  12  -1 215  -1  -1  -1  83  -1  15  -1  -1  -1  -1  -1  -1  -1  -1 
  8  -1  -1  -1  -1  -1  -1  -1  -1 287  -1  -1  -1  -1 264  -1  -1  -1  -1  -1  -1  -1  -1  -1 217  -1 
  9  -1 201  -1  -1  -1  -1  -1  -1 267  -1 198  -1  76  -1  -1  -1 204 282 102  -1  -1  -1  -1 289  -1 
 10  -1  88 194  -1  -1  -1  -1  -1  29 257 150 120  -1  -1  -1  -1 161  -1  -1  -1  -1 279  -1  -1  -1 
 11  -1 235  -1  -1  -1  -1  -1  -1 234  -1  -1  -1  -1 145  -1  -1  -1  -1  60  60  -1  -1  -1  -1  -1 
 12  -1  28 167  -1  -1  -1  -1  -1 245  -1  -1 211  -1  -1  -1  -1  -1  -1 212  -1  -1  58  27  -1  -1 
 13  -1  -1  72  -1  -1  -1  -1 291 100  -1  -1  -1 265  -1  -1  -1  -1  34  -1  -1  -1 302  18 174  -1 
 14  -1  -1 172 293 110  -1  -1 242  -1  -1  -1  -1  -1  -1  -1  -1  -1  -1 196 170  16  16  -1  79  -1 
 15  -1  -1 300 209  -1  -1  73  -1 176  -1  -1 146 192 192  84  -1  -1  -1  -1 199  -1  -1 158  -1  -1 
 16  -1 189  -1 243 305  -1 223  -1 297  -1  -1  91  -1  -1 286 236 236  -1  32  -1  -1 121  -1  -1 133 
 17  -1 115  -1  -1  -1  -1  35  -1 168  -1  -1  57  -1  -1  -1  -1 296  59  -1  -1  -1  33  -1  -1  -1 
 18  -1  -1 126  -1  -1  -1  -1 124 260  -1  -1 276  -1  -1  -1  -1  -1 252  -1  -1 175 246  -1  -1  -1 
 19  -1  -1  -1  -1  -1 173 238 111  -1  -1  -1  69 290  25  -1  -1 108  -1  -1  -1  -1  -1 247  -1  -1 
 20  -1  -1 171  -1  67  -1  -1 154  -1  -1  -1 191 284  44  -1  -1  -1  -1  -1  -1  -1 298  66 122  -1 
 21  -1  77  -1  -1  -1  -1  -1  -1  -1  -1  -1  -1  41   0 262  -1 147  -1  -1  -1  -1  -1  -1  23  -1 
 22  -1 157  -1  43  -1  -1  -1  -1  -1  -1  -1  -1  -1  -1  -1  -1  -1  -1  78  -1  -1  -1  -1  -1  -1 
 23 306  -1  -1  -1  -1 127  22  -1 259  -1  -1 214  -1 210 218  -1  -1  -1 233  -1  -1  -1  -1 159  -1 
 24  -1  -1  62  -1  -1  -1 135  -1  -1  -1  -1  -1 202  -1  -1  -1  -1 299  -1  -1  -1  -1  -1  -1  -1 
 25  -1  -1  -1 166  -1  -1  -1  -1 208  -1  -1  -1  -1 130  -1  -1  -1  -1 177  -1  -1  -1  -1  -1  -1 
 26  -1 144  -1  -1  -1 263  64 160  87  -1 307 258  -1 255  -1  -1  -1  -1  -1  -1  -1  70  36  -1  -1 
 27  -1  -1  -1  -1  -1  -1 117  -1  81  -1  -1  -1  -1 113  -1  -1  -1 190 116  -1  -1  -1  -1  -1  -1 
 28  -1  20 125  38  -1  -1  -1  -1  -1  -1  -1  -1  -1  -1  -1  -1 278  -1  39  -1  -1 205 301  -1  -1 
 29  -1 249  47  -1 303  -1  -1  -1 152  -1  -1 240  -1  -1  -1  -1 253 101 304  -1  -1  -1  -1 248  -1 
 30   2   2  -1  17  17  -1  -1  -1  -1  -1  -1  30  19  19  19  -1  24   4   4  -1  -1  -1  -1  -1  -1 
 31  -1  -1  31  31  31  -1  -1  -1  -1  -1  -1  -1  -1  -1  -1  -1  -1  -1  -1  -1  -1  -1  -1  -1  -1 
 32  46  46  -1  -1  -1  -1  -1  61  61  -1  -1  -1  63  63  63  -1  74  -1  -1  -1  48  48  -1  68  -1 
 33  -1  -1  -1  -1  -1  -1  -1  75  75  75  -1  -1  -1  -1  -1  -1  -1  -1  -1  -1  -1  -1  -1  -1  -1 
 34  -1  -1 118  -1  -1  -1  -1  -1 112  -1  -1  -1 107 107 107  -1  -1  92  92  -1  90  90 105 105  -1 
 35  -1  -1  -1  -1  -1  -1  -1  -1  -1  -1  -1  -1  -1  -1  -1  -1  -1  -1  -1  -1  -1  -1 119 119 119 
 36 136 136  -1  -1  -1  -1 156  -1  -1  -1  -1 162 134 134  -1  -1  -1  -1 149 149 151 151 151  -1  -1 
 37  -1  -1  -1  -1  -1  -1  -1  -1  -1  -1  -1  -1  -1  -1  -1  -1  -1 163 163 163  -1  -1  -1  -1  -1 
 38 180 180 200  -1  -1  -1 206 195 195 195  -1  -1  -1  -1  -1 178 178  -1  -1  -1  -1  -1  -1 193 193 
 39  -1  -1  -1  -1  -1  -1  -1  -1  -1  -1  -1  -1  -1  -1  -1  -1  -1  -1  -1  -1  -1  -1 207 207 207 
 40 224 224  -1 244  -1  -1  -1  -1  -1  -1  -1  -1 237 237  -1 222 222  -1 250  -1  -1  -1 239 239 239 
 41  -1  -1  -1  -1  -1  -1  -1  -1  -1  -1 251 251 251  -1  -1  -1  -1  -1  -1  -1  -1  -1  -1  -1  -1 
 42  -1 266 266  -1  -1 283 283 283  -1  -1  -1  -1  -1 294  -1 268 268  -1 288  -1  -1  -1 281 281  -1 
 43  -1  -1  -1  -1  -1  -1  -1  -1  -1  -1  -1  -1  -1  -1  -1  -1  -1  -1  -1  -1  -1  -1 295 295 295 
 44  -1  -1  -1  -1  -1  -1  52  -1  -1  -1  -1 227 229  -1  -1 138  -1  51  -1  -1  -1  -1  -1  65  -1 
 45  -1  -1  -1  99 241  -1  -1  -1  -1  -1  -1 181 183  -1  -1  -1 137  -1  -1  -1   8 226  -1  -1  -1 
 46  -1  -1  -1 197  -1  -1  -1  -1 225  -1 314  53  -1  -1  -1  -1  -1 185  -1  -1 269 184  -1  -1  -1 
 47  -1  -1 143  11  -1  -1 272  21  -1 316  -1  -1  -1  -1  -1   9  -1  -1 142  -1  -1   6  -1 313  -1 
 48  -1  -1  93  -1  -1  -1  -1  -1  98  -1  -1  -1  95 228  -1  94   5  -1  -1  -1  -1  -1  -1  -1  50 
 49  -1  -1  -1  -1  -1  -1  96  -1  -1  -1 109  -1  -1  -1  -1  -1  55  -1  -1  -1  -1 141  -1  -1  -1 
 50  -1  -1  -1  -1 315  -1  -1  -1  -1  -1  -1  -1  -1  -1  -1  -1  -1  -1 275  -1 187  -1 312  -1  -1 
 51  -1  -1  -1 274  -1 310  -1 309   7  -1  -1  10  -1  -1  -1  -1  -1  -1  -1 311 231  -1  -1  -1  -1 
 52  97  -1  -1  49  -1  -1 186  -1  -1  -1  -1  -1  -1 182  -1  -1  -1 230  54  -1  -1 270  -1  -1  -1 
 53 271  -1  -1 140  -1  -1 153  -1 139  -1  -1 273  -1  -1 308  -1  -1  -1  -1 285  -1  -1  -1  -1  -1 

r\t   0   1   2   3   4   5   6   7   8   9  10  11  12  13  14  15  16  17  18  19  20  21  22  23  24 
  0  -1  -1  -1  -1  -1  -1  -1  -1 168  -1  -1  -1  -1  -1  -1  -1 102  -1  -1  43  -1  -1  14  78  -1 
  1  -1  -1  -1  56  -1 287  -1  -1 196  -1  -1  -1  22  -1  -1  -1  -1  -1 255  -1  -1 160  -1 128 221 
  2  -1  -1  -1 146  -1  -1  -1 116  45  -1  -1  -1 192 192  -1  -1 147 301  -1  -1  -1  -1  -1  13  -1 
  3  -1 292  -1  -1  -1  -1 214 148 148  -1  -1  -1  -1 173  -1  -1  -1  -1 111  -1  -1  -1  -1  -1  -1 
  4  -1 302 282 129  -1  -1 233  -1  -1  -1  -1  -1  -1 284  -1  -1 209  -1  -1  -1  -1 127 165  -1  -1 
  5  -1 122 174  -1  -1  -1 175  -1 108  -1  -1 113  -1 223  -1 219  -1  -1  -1  -1  -1  39  -1  88  -1 
  6  -1  62 145  -1  -1  -1  34  -1  70  -1  -1  -1  -1  -1  -1  -1  -1  -1  -1  -1  -1 297  -1  -1  -1 
  7  -1  -1 236 236  -1  -1  -1  59  -1  -1  -1  73  -1  79  67  -1  -1  -1  -1  -1  -1 242  -1  -1 215 
  8  -1  -1  -1 220  -1  -1 259  -1 258  -1  -1  85  -1  -1 198  -1  -1  81  -1  -1  -1 154  82  -1  -1 
  9  -1 199 157  72  -1  -1  -1  -1  -1  -1  -1 144  -1  -1  -1  -1  -1  -1  -1 171  -1  -1  -1  -1  -1 
 10  -1   3  -1  -1  -1  -1  -1  -1  -1  -1  -1  -1  -1   1  -1  -1  -1 277  -1  -1  -1 213 291 232 262 
 11  -1  -1  -1  -1  -1 131  -1  16  16  -1  -1 203 202  -1  -1  -1  -1 188 286  -1  40  -1  -1  -1  -1 
 12  -1 276  -1  -1  -1  -1  -1  35 205  -1  -1  -1  -1  -1 261 216  -1  -1  -1  -1  -1 194  -1  -1  -1 
 13 306  -1  -1  27  -1  -1  -1 245  -1  -1  -1  26  -1  -1  -1  -1 290 130  -1  -1  -1  32  -1  -1  -1 
 14  -1  -1 125  -1  -1  -1  -1 300  -1  -1 177 252  -1  57  -1  -1  -1  -1 170  -1  -1 117 104 104  -1 
 15  -1  91  -1 248  -1  -1 191  -1 298  -1  -1  -1  -1  -1  -1  -1  -1  -1  -1  -1  -1  18 249 133  -1 
 16  42  23  87  -1  -1  -1 123  -1  -1 305  -1  -1  -1 120  -1  -1  -1  -1  -1  -1  -1  -1  -1  -1  -1 
 17  -1 208 210  -1  -1  -1 253  -1  38  -1  -1  -1  -1  -1  -1  -1 161 124  86  -1  -1 201  -1  -1  -1 
 18  -1 179  -1 132  -1  -1  -1  -1 121  -1  -1  -1  -1  -1  84  -1  -1 257  -1  -1  -1  -1  -1  -1  -1 
 19  -1  -1  -1  -1  -1  -1  -1  -1  -1  -1  -1 159  -1  -1  -1  -1  -1  69  -1  -1  -1 110  -1  60  60 
 20  -1  47  -1  -1  -1 150  -1 166  -1  -1  -1  -1  -1  -1  -1 176  -1 240  -1  -1  -1  66 126  -1  -1 
 21  -1  -1 304  36  -1  -1 293  -1  -1  -1  -1  77  -1 265  -1  -1  64  -1  -1  -1  -1  -1  -1  -1  -1 
 22  -1 135  58 299  -1  -1  -1  -1  -1  -1  -1 279  -1  -1  -1  -1 303  -1  -1 106  -1 217  -1  -1  -1 
 23 169  -1  -1 211  -1  -1 264 280 280  -1  -1 103  -1  -1  -1  -1  -1  -1  29  -1  -1 256 152  -1  -1 
 24  -1 247 267   0 263  -1  -1  -1  -1  -1  -1  -1 164  -1  -1  -1 115  -1  -1  -1  -1  -1 204  -1  -1 
 25  -1 167 296  -1 260  -1  -1  -1  -1  -1  -1  -1  -1  -1  -1  -1  -1  -1  -1 238  -1 218  -1  -1  -1 
 26  -1  71  80 189  -1  -1  -1  -1 235  -1  -1  44  -1  20  -1  -1  -1  -1  -1  -1  -1  41  -1 212  -1 
 27  -1  -1  -1  -1  -1  -1  12 100  28  -1  -1  -1  -1  -1  -1  -1  -1  -1 243  -1 155  -1  -1  -1  -1 
 28  -1  -1 190  -1 172  -1  -1  -1 254  -1  -1  15  -1 158  -1  -1  76  -1 114  -1  -1  -1  -1  -1  -1 
 29  -1  -1  33 278  -1  -1 101 234  -1  -1  -1 289 246  -1  -1  -1 307  89  -1  -1  -1  37  -1  25  83 
 30  -1  -1  19  19  19  -1  -1  -1   4   4  -1  -1  30  -1  -1  17  17  -1  -1  -1  -1  -1  24   2   2 
 31  -1  -1  -1  -1  -1  -1  -1  -1  -1  -1  -1  -1  -1  -1  -1  31  31  31  -1  -1  -1  -1  -1  -1  -1 
 32  -1  -1  -1  -1  -1  61  61  -1  -1  -1  -1  -1  68  -1  -1  48  48  63  63  63  -1  74  -1  46  46 
 33  -1  -1  -1  -1  -1  75  75  75  -1  -1  -1  -1  -1  -1  -1  -1  -1  -1  -1  -1  -1  -1  -1  -1  -1 
 34  -1  -1 105 105  -1  -1  92  92  90  90  -1  -1 107 107 107  -1  -1  -1  -1  -1  -1  -1 118 112  -1 
 35  -1  -1 119 119 119  -1  -1  -1  -1  -1  -1  -1  -1  -1  -1  -1  -1  -1  -1  -1  -1  -1  -1  -1  -1 
 36  -1  -1  -1 156  -1  -1  -1  -1 136 136  -1  -1 151 151 151 134 134 149 149  -1  -1  -1 162  -1  -1 
 37  -1  -1  -1  -1  -1  -1  -1  -1  -1  -1  -1  -1  -1  -1  -1  -1  -1 163 163 163  -1  -1  -1  -1  -1 
 38  -1  -1 178 178  -1  -1  -1  -1 180 180  -1  -1  -1  -1  -1 193 193 200 206  -1  -1  -1 195 195 195 
 39  -1  -1  -1  -1  -1 207 207 207  -1  -1  -1  -1  -1  -1  -1  -1  -1  -1  -1  -1  -1  -1  -1  -1  -1 
 40 237 237 244  -1  -1  -1  -1  -1 222 222 239 239 239 250  -1  -1  -1  -1  -1  -1  -1  -1 224 224  -1 
 41  -1  -1  -1  -1  -1  -1  -1  -1  -1  -1  -1  -1  -1  -1  -1 251 251 251  -1  -1  -1  -1  -1  -1  -1 
 42  -1  -1  -1  -1  -1  -1  -1 266 266  -1  -1  -1  -1  -1  -1 281 281 288 294  -1 283 283 283 268 268 
 43  -1  -1  -1  -1  -1  -1  -1  -1  -1  -1 295 295 295  -1  -1  -1  -1  -1  -1  -1  -1  -1  -1  -1  -1 
 44  -1 153  -1  -1  -1  -1 225  -1  -1  -1  -1  -1  -1  -1  -1 271  10  11  -1  -1  -1  -1  -1  -1  -1 
 45  -1 270 228  -1 308  -1  52 185  -1  -1  98   7  -1  -1  -1  99  -1 272  21  -1  -1  -1 183  -1  97 
 46  -1 227  55  -1  -1  -1 137 141  -1  -1  -1  96  -1  -1  -1  -1  -1  -1 313  -1  -1  -1  -1  -1  -1 
 47  -1 109  -1  -1  -1  -1   5 229  -1  -1  -1  -1  -1 181  -1  -1 226  -1 197  -1  -1  -1  -1  -1  -1 
 48 310  -1  -1  51  -1 311  -1  -1  -1  -1  50 186 314  -1  -1  -1  94  -1  -1 312  -1  -1  93  -1  -1 
 49  -1  -1  -1  -1  -1  -1  -1  -1  -1  54 140 230  -1  -1 309  -1 187  -1  -1  -1  -1  -1 139  -1  -1 
 50  -1  -1  -1  -1  -1  -1  -1   9  -1  -1  -1  -1  -1  53  -1  -1  -1  -1  -1  -1 316  -1  49  -1  -1 
 51  -1  -1  95  -1  -1  -1  -1  -1  -1  -1  -1 142  65  -1  -1  -1  -1  -1  -1  -1  -1 315   6  -1  -1 
 52  -1  -1 143  -1  -1  -1  -1  -1  -1 274   8  -1  -1  -1 285  -1  -1 231  -1  -1  -1  -1  -1  -1  -1 
 53  -1  -1  -1 273  -1  -1  -1  -1  -1  -1  -1 275  -1 241  -1  -1 269 182  -1  -1  -1  -1  -1 184 138 

r\t   0   1   2   3   4   5   6   7   8   9  10  11  12  13  14  15  16  17  18  19  20  21  22  23  24 
  0  -1  -1  -1 301 302  -1 189  60  60  -1  -1  33 254 127  -1  -1 284  -1 264  -1 177  -1  -1 114  -1 
  1  -1  -1 246  43  -1  -1  28  -1  -1  -1  -1  -1  -1  88  -1  -1  -1  -1  -1  -1  -1  -1  -1  -1 198 
  2 282  -1 215  64  -1  -1  -1 154 211  -1  -1  72  -1 130  -1  -1  -1  -1  -1  -1  -1 255  -1 171  -1 
  3  -1  -1   3  -1  -1  -1 265 290  -1  -1  81  -1  -1  -1  -1  -1  -1  -1 152  -1  -1  -1  -1  -1 170 
  4  -1 122 194 126  -1  -1  -1  -1  -1  84  -1 117  -1  -1  -1  -1  -1  -1  -1  -1  -1  -1  -1  -1  -1 
  5  -1  -1 148 148  -1  -1  -1 172  -1  -1  -1  85  66  -1  -1  -1  57  -1  -1  -1  -1 176  -1  -1  -1 
  6  -1  -1  -1  15  -1  -1  78  26 262  -1  -1  -1  -1  -1  -1  -1  -1  -1  -1  -1  -1  -1  -1 258  86 
  7  -1 158 289  -1  -1  -1  -1  -1 145  -1  -1  -1  -1   1  -1  -1 108 113  -1  -1  -1  -1  80  -1  -1 
  8 238  -1  -1  -1  -1 169  -1 205 234  -1  -1  -1  -1 102  -1  -1  -1  -1  -1  -1  39 196  -1 110  -1 
  9  -1  -1 203  -1  -1  -1  -1  -1  34 287  -1  58 243  -1  -1  -1  -1  -1 212  -1  -1  -1  -1  -1  -1 
 10  -1  -1  29 248  -1  -1 217  -1  -1  -1  -1  -1  -1  77  -1  37  79  -1  -1  -1 259  -1 261  -1  -1 
 11  -1  -1  -1  -1 129  -1  -1  -1 157  -1 173  -1  -1 124  -1  -1 263  -1   0  -1  -1  -1  -1  76  -1 
 12  38  -1  -1  -1 214  -1  56 167  -1  -1  -1  -1  -1  -1  -1  -1  -1  18 120  -1  -1 201  -1  41  -1 
 13 307  -1 132  -1 155  -1  -1  -1  -1  -1  -1  -1  -1  -1  -1  -1 220  -1 306  -1  -1  -1  -1  -1  -1 
 14  -1 247  -1  35  -1  -1  -1 104 104  -1  -1  -1  -1  -1  -1  -1  -1  -1  -1  -1  -1  62  -1  -1  -1 
 15  -1 305  23  -1  -1  -1  13 192 192  -1  -1  -1  -1 297  -1  -1 296  -1  -1  -1  -1 128  -1  -1  -1 
 16  -1  -1  -1 188  -1 221  -1  -1  -1  -1  -1  36  -1  -1  -1  -1  32 299  -1  -1  -1  -1  -1  -1  -1 
 17  -1  -1  -1  -1  -1  -1  -1  -1 123  -1  -1  -1  -1  -1 175  42  89  -1  12  -1  -1  -1 199  91  -1 
 18  -1 133  59  -1  -1  -1  -1  -1  -1  -1  -1  -1  -1  -1  -1  -1  -1 147  -1  -1  -1  20  -1  -1  -1 
 19  -1  -1  -1  -1  -1  83  -1  -1  -1  -1  -1 233  -1  -1 213  -1  -1  -1  69  -1 218  -1 168  -1 106 
 20  -1 190  -1  -1  -1  -1 242 232  -1  -1  -1 245 164  -1  -1  -1  -1  -1  -1  -1  -1  -1  -1  -1  -1 
 21  -1  -1  -1 159  -1  -1 223 135 219 267  -1 257 191  -1  -1  -1  -1 252 174 150  -1 131  -1  -1  -1 
 22  22 101  -1  -1  -1  -1 121  82  -1  -1  -1  -1 111  -1  -1  16  16  -1  -1 286  -1  -1 279  -1  -1 
 23  -1 293  -1  -1  -1  -1  40 280 280  -1  -1 165  27 179  67  -1  -1  -1  -1  -1  -1 144 100  -1  -1 
 24  -1 278  -1  -1  -1  -1 146 116  -1  -1  -1  -1  -1 235  -1 303 208  -1  -1  -1  -1  -1  -1 160  -1 
 25  -1  -1  -1  -1  -1  -1  -1  -1  -1  -1  -1 103  -1  87  -1  -1  -1  -1 276  -1  -1 115  -1  -1  -1 
 26  -1  47 236 236  -1  -1 210  -1 300 216  -1  -1 260 253  -1  -1  -1  -1 256  -1  45  -1  -1  -1  -1 
 27  -1  -1 277 298  -1  -1  -1  -1  -1  -1 304  -1  -1  71  -1  -1  -1 204  -1  -1  -1 240  -1  -1  -1 
 28  -1  73  -1  -1  -1  -1  -1  -1  14  -1  -1  -1 292 209 125  -1 249  -1  25  -1  -1  -1 202  -1  -1 
 29  -1  -1  -1  -1  -1  -1 166  -1  -1  -1  -1 291  -1  44  -1  -1  -1  -1 161  -1  -1  70  -1  -1  -1 
 30  -1  -1  -1  -1  -1   2   2   4   4  -1  19  19  19  -1  -1  -1  -1  24  -1  -1  -1  30  17  17  -1 
 31  -1  -1  -1  -1  -1  -1  -1  -1  -1  -1  -1  -1  -1  -1  -1  -1  -1  -1  -1  -1  -1  -1  31  31  31 
 32  -1  -1  -1  -1  -1  48  48  74  46  46  -1  -1  68  -1  -1  -1  -1  63  63  63  -1  -1  61  61  -1 
 33  -1  -1  75  75  75  -1  -1  -1  -1  -1  -1  -1  -1  -1  -1  -1  -1  -1  -1  -1  -1  -1  -1  -1  -1 
 34  -1  -1  -1 105 105  92  92  -1  90  90  -1  -1 112  -1  -1  -1  -1 107 107 107  -1  -1 118  -1  -1 
 35  -1  -1 119 119 119  -1  -1  -1  -1  -1  -1  -1  -1  -1  -1  -1  -1  -1  -1  -1  -1  -1  -1  -1  -1 
 36  -1  -1  -1  -1  -1 134 134  -1 136 136 151 151 151 162  -1  -1  -1  -1  -1  -1  -1 156 149 149  -1 
 37  -1  -1  -1  -1  -1  -1  -1  -1  -1  -1  -1  -1  -1  -1  -1 163 163 163  -1  -1  -1  -1  -1  -1  -1 
 38  -1 206  -1 200  -1 178 178  -1 180 180 193 193  -1  -1  -1  -1  -1 195 195 195  -1  -1  -1  -1  -1 
 39  -1  -1  -1  -1  -1  -1  -1  -1  -1  -1 207 207 207  -1  -1  -1  -1  -1  -1  -1  -1  -1  -1  -1  -1 
 40  -1  -1 222 222  -1  -1 250 244 224 224  -1  -1  -1  -1  -1  -1  -1 239 239 239  -1  -1 237 237  -1 
 41  -1  -1  -1  -1  -1  -1  -1  -1  -1  -1  -1  -1  -1  -1  -1  -1  -1  -1  -1  -1  -1  -1 251 251 251 
 42  -1 266 266  -1  -1  -1  -1 268 268  -1  -1  -1 283 283 283  -1  -1  -1 288  -1 281 281  -1 294  -1 
 43  -1  -1  -1  -1  -1  -1  -1  -1  -1  -1  -1  -1  -1  -1  -1  -1  -1  -1  -1  -1 295 295 295  -1  -1 
 44  -1  -1  96  -1  -1  -1  -1  -1  -1  -1  -1  -1  -1 275  -1  -1  -1  -1 227  -1  -1 139  99  49 153 
 45 309  -1  -1 186  -1  -1  -1  -1  -1  -1  -1   8  -1  -1  -1 311  51 285  -1 310   9  94  -1 184 315 
 46  -1  -1  -1 274  -1  -1  -1  -1  -1  -1  -1  93 313 228  -1  -1  -1  -1  -1  -1  -1  -1  -1  -1  -1 
 47  -1   7  -1  -1  -1  -1  -1 185  -1  -1  -1  53  -1  -1  -1  -1 273  -1 182  -1  -1  -1  52  -1  -1 
 48  -1 187  -1  11  -1  -1  -1  54  -1  -1 314  -1  -1 142  -1  -1  -1  -1  -1  -1  -1  -1  -1  -1  -1 
 49  -1  -1  -1  -1 312  -1  -1  -1  -1  -1  -1  -1  -1  -1  -1 109  -1 308  -1  -1 230 226  -1 143  -1 
 50  -1  65  -1  -1  -1  -1  -1  -1  -1  21  -1 269  -1  -1  -1 241   5  -1  55  -1  -1  -1  -1  -1  -1 
 51  -1  -1  -1  -1  -1  -1  -1  98  -1  -1  -1 181  -1 197  -1  -1  -1  -1 141  -1 138 272  -1  -1  -1 
 52  -1  95  -1  50  -1 271  -1 229  -1  -1  -1 231  -1  -1 316  -1  -1  -1  -1  -1  -1  -1  10 270  -1 
 53  -1 225  -1 140  -1  -1  -1  -1  -1  -1  -1  -1  -1  -1  -1  -1 183  -1  -1  -1  97   6 137  -1  -1 

