317
13 14
6 23
20 30
2 18
22 30
18 51
16 44
4 44
7 52
10 48
8 49
3 53
21 5
7 4
8 14
3 28
22 25
18 30
11 20
12 30
16 10
1 49
5 4
2 23
7 30
8 13
6 24
21 27
11 1
12 27
16 30
17 31
2 28
13 3
3 11
22 19
1 5
22 15
4 14
13 19
21 15
15 7
9 0
1 17
7 23
3 25
20 32
2 13
13 32
22 44
8 45
12 50
6 44
16 45
10 50
4 46
8 21
16 1
7 28
6 7
12 10
22 32
2 5
17 32
21 8
1 46
11 15
15 3
2 32
7 5
1 18
21 20
17 3
8 25
12 32
22 33
18 20
16 11
13 18
6 9
3 16
23 7
7 24
16 29
7 19
9 17
11 26
15 16
8 23
4 29
13 34
2 29
20 34
12 48
22 52
3 52
16 53
23 52
7 53
10 53
3 3
16 18
12 8
13 7
22 26
18 34
9 11
5 34
8 6
11 51
2 16
1 0
23 34
8 8
2 7
1 1
13 25
22 3
3 34
17 35
6 8
12 23
17 13
11 14
21 28
16 24
23 13
5 9
21 11
24 7
2 25
11 3
7 12
6 20
3 36
16 27
20 36
13 45
10 44
12 53
18 53
8 50
22 53
14 50
3 27
12 18
13 22
21 25
7 22
22 36
17 1
0 36
18 0
11 49
16 7
9 19
16 36
17 10
1 8
2 4
12 4
21 24
11 36
22 37
3 12
11 16
7 20
18 10
8 28
23 0
22 16
16 0
4 6
12 9
8 5
13 1
10 15
20 8
7 38
12 16
21 38
18 45
2 46
16 52
13 51
6 53
14 49
23 47
21 12
13 11
6 11
18 29
7 1
15 38
12 21
2 38
23 6
11 46
24 4
1 19
13 38
2 11
21 7
22 28
1 3
16 15
11 38
17 39
8 10
12 11
7 10
6 15
3 14
18 28
9 2
16 8
7 26
16 9
24 10
1 26
4 1
23 17
20 40
6 10
7 40
22 51
16 51
13 50
14 51
2 44
3 49
12 46
16 14
22 5
8 29
21 13
2 21
10 40
1 28
17 40
12 13
24 53
9 15
6 21
1 40
17 0
21 17
22 27
7 9
8 19
16 40
10 41
2 12
18 7
6 25
3 13
13 15
0 19
8 3
10 21
2 14
3 1
2 10
6 29
3 19
12 24
13 42
6 5
20 42
18 48
16 50
22 50
2 53
7 48
23 49
4 51
3 4
21 3
13 21
7 3
23 15
5 42
11 11
17 42
2 26
10 49
1 4
0 15
23 42
6 27
13 20
16 26
1 27
18 1
22 42
7 43
2 27
17 17
21 16
3 5
12 12
6 16
23 1
22 4
4 7
1 29
21 21
4 0
5 51
9 45
19 52
1 47
24 45
17 44
0 45
11 50
15 47

