317
12 20
6 16
20 30
7 24
15 30
3 52
11 44
10 49
22 46
8 44
1 50
2 52
11 19
1 17
2 11
8 20
22 27
17 30
24 23
12 30
16 14
4 52
5 23
7 15
2 30
12 18
6 18
23 13
21 19
16 26
11 30
17 31
3 22
8 29
1 3
22 12
8 3
11 10
20 21
12 11
23 24
19 22
20 9
7 6
1 22
20 13
15 32
8 14
10 32
18 53
2 44
7 50
3 53
12 47
21 46
6 51
7 19
18 0
6 20
16 3
2 19
23 32
8 6
12 32
11 9
17 49
0 15
4 13
6 32
1 0
8 9
12 28
11 11
21 1
17 32
22 33
2 20
13 1
18 28
6 28
7 18
6 26
4 22
7 26
0 29
12 9
15 9
3 6
8 25
3 17
15 34
12 17
10 34
6 45
13 53
2 51
22 45
7 48
1 45
21 49
6 5
8 13
1 18
2 2
10 0
17 34
24 24
20 34
7 1
23 48
12 23
0 17
7 34
22 4
3 24
1 21
13 11
8 28
2 34
17 35
23 18
12 6
17 8
11 23
6 4
14 27
7 29
6 11
8 7
14 5
17 12
18 19
2 7
21 9
10 36
22 16
15 36
1 44
12 52
13 50
3 50
8 47
7 45
20 47
1 19
13 28
11 6
6 3
2 16
7 36
14 0
17 36
21 3
9 45
23 3
22 3
2 36
1 13
18 7
16 24
11 4
8 15
13 36
5 37
17 29
12 5
22 7
3 12
21 8
5 24
12 4
4 0
14 21
12 26
13 3
18 11
20 29
18 20
10 38
1 24
15 38
3 45
7 49
8 52
22 48
6 48
2 48
21 47
7 14
16 21
8 16
6 29
2 28
12 38
9 26
22 38
11 27
19 51
1 6
17 10
2 38
8 22
18 17
23 28
16 17
11 29
21 38
12 39
22 15
6 22
3 14
1 4
7 9
9 17
9 16
8 10
8 24
0 8
4 6
11 14
15 25
20 11
10 40
18 14
12 40
16 46
7 51
21 45
2 50
3 51
6 49
1 46
6 0
1 15
2 22
3 21
12 10
22 40
14 8
7 40
21 22
19 44
18 9
17 13
2 40
8 23
13 0
1 2
3 2
12 22
6 40
22 41
17 15
7 10
11 17
18 1
21 24
17 2
19 3
9 0
7 21
17 11
23 19
0 21
1 1
20 23
2 42
8 8
10 42
18 51
12 44
15 52
6 46
21 48
16 49
7 46
11 12
7 17
6 6
16 25
2 8
17 42
8 19
22 42
12 7
13 45
14 18
4 12
7 42
18 15
2 1
21 27
13 27
23 2
1 42
17 43
11 3
22 9
16 29
12 27
8 27
19 28
3 29
1 7
6 24
7 11
2 14
1 27
24 44
0 52
5 48
9 44
17 46
23 47
4 50
14 47
19 50

