317
17 26
13 17
0 30
12 7
5 30
8 52
16 50
22 46
21 48
9 52
11 49
3 51
16 27
6 24
8 5
11 20
22 13
2 30
24 10
17 30
1 14
7 48
14 16
12 11
23 30
22 24
18 5
6 7
1 26
11 21
16 30
2 31
21 25
7 3
8 24
12 17
6 0
23 12
1 27
20 19
16 10
18 2
22 7
12 5
16 11
0 16
2 32
17 1
5 32
18 47
9 53
21 50
13 46
11 45
1 47
22 47
18 8
6 17
16 28
1 18
2 24
23 32
8 23
12 32
11 2
7 51
17 29
20 7
1 32
2 23
18 25
13 10
12 22
21 22
8 32
22 33
16 20
13 23
6 12
1 3
17 22
6 2
24 20
19 8
14 0
19 4
22 4
8 21
8 26
16 4
0 34
11 19
12 34
6 47
17 53
18 48
21 47
9 51
22 48
5 53
6 10
13 2
8 10
1 29
17 12
22 34
20 25
2 34
12 4
10 51
11 5
7 25
11 34
3 22
16 8
17 18
6 25
13 15
18 34
22 35
2 3
7 6
22 17
8 3
12 18
14 11
13 21
2 1
7 22
7 10
24 6
10 11
5 28
6 6
12 36
8 2
0 36
11 50
9 47
16 49
2 48
17 48
21 51
3 44
21 21
2 16
1 0
16 6
12 8
17 36
4 7
22 36
6 20
8 47
7 13
10 22
7 36
13 25
1 1
2 5
8 15
16 29
21 36
17 37
22 3
23 26
12 23
3 17
6 11
14 21
14 12
22 26
20 5
14 20
4 28
20 21
11 23
0 19
17 38
3 23
5 38
16 45
12 53
8 44
21 44
9 45
22 45
1 53
17 8
1 11
16 16
21 13
8 9
22 38
3 19
12 38
18 3
20 48
7 8
2 14
2 38
7 0
13 12
11 27
6 18
21 7
1 38
22 39
17 0
3 4
16 18
16 22
8 19
7 5
17 15
15 20
11 6
5 9
19 22
9 16
16 21
21 10
5 40
13 0
8 40
18 49
2 52
1 46
11 44
0 44
12 49
17 46
8 16
17 21
6 22
12 9
0 23
2 40
19 13
22 40
11 26
15 53
7 29
13 28
13 40
18 14
23 17
12 15
11 14
22 15
7 40
2 41
8 7
6 28
17 4
1 2
21 23
17 6
16 1
12 27
15 0
17 27
1 13
11 8
13 11
0 28
5 42
16 15
21 42
17 50
8 46
11 53
3 50
1 50
18 44
12 51
6 27
17 7
22 16
8 17
18 19
12 42
23 5
2 42
7 16
24 47
16 23
10 1
16 42
7 18
2 10
12 2
23 16
13 6
1 42
7 43
22 6
11 4
6 29
21 0
18 20
16 14
15 24
17 5
12 3
21 1
10 9
13 9
23 51
24 48
20 51
10 48
15 46
4 49
14 49
7 47
19 50

