317
7 17
4 10
18 30
17 20
13 30
6 48
1 49
3 53
2 51
12 49
23 49
21 53
23 7
7 16
6 0
18 6
2 15
10 30
0 5
20 30
12 19
8 45
16 9
17 26
8 30
7 21
3 26
22 3
13 0
16 17
1 30
10 31
6 18
23 3
17 13
18 7
23 17
13 28
14 18
6 3
21 13
21 2
9 7
4 19
3 7
13 25
0 32
12 13
20 32
7 50
17 45
2 45
6 47
18 48
4 47
14 44
7 9
3 2
21 19
2 25
0 21
22 32
12 21
17 32
16 18
11 48
8 3
9 3
16 32
12 27
13 1
1 23
18 11
21 17
6 32
22 33
2 23
3 23
8 22
16 1
11 0
0 28
21 15
2 21
18 3
20 9
6 10
17 18
7 27
3 18
0 34
6 11
12 34
14 51
21 45
20 44
17 53
18 50
2 46
4 53
7 25
2 29
1 15
21 26
12 5
17 34
8 11
22 34
3 9
16 51
11 14
6 4
11 34
21 16
3 11
1 2
6 15
12 14
2 34
17 35
22 0
8 29
18 26
7 1
13 27
18 28
14 6
6 20
12 0
7 22
8 15
10 29
2 3
23 6
3 36
13 18
18 36
12 53
0 49
1 50
14 53
7 46
21 51
20 52
1 6
12 12
21 0
17 19
2 12
15 36
11 22
5 36
23 9
13 46
22 19
8 4
22 36
3 21
12 8
11 2
21 3
18 21
8 36
15 37
7 26
8 2
2 0
13 12
23 0
0 23
2 19
13 20
6 22
13 6
10 22
6 27
4 29
17 25
18 38
2 16
13 38
12 50
6 52
20 53
3 45
0 51
1 47
21 44
3 16
13 4
1 14
22 21
18 2
23 38
2 2
7 38
21 24
10 50
16 4
11 26
2 38
18 16
17 29
1 12
7 23
12 1
6 38
22 39
8 28
21 22
13 2
13 19
16 19
21 12
2 28
2 17
10 23
13 16
13 22
13 10
0 13
14 21
3 40
6 12
18 40
2 47
21 46
1 44
17 49
12 44
13 48
23 50
1 27
18 19
13 26
17 23
2 24
22 40
24 15
7 40
12 15
6 44
11 21
16 14
11 40
17 5
7 2
6 9
8 19
13 15
1 40
20 41
3 22
2 14
16 13
23 27
12 18
24 5
20 27
21 10
7 24
3 10
11 11
2 18
7 29
0 11
13 42
21 28
18 42
2 53
17 46
4 50
6 53
20 50
1 53
3 50
2 26
7 6
3 1
12 7
17 14
10 42
16 15
22 42
1 19
9 47
8 20
21 14
17 42
11 9
1 16
7 28
6 7
21 9
3 42
10 43
16 6
8 9
13 3
18 27
23 1
6 8
11 4
22 2
18 20
7 7
5 11
12 22
15 45
8 53
5 44
11 50
24 48
22 44
10 46
16 52
9 51

