317
18 4
0 0
23 30
6 1
13 30
7 46
21 49
8 46
1 52
5 53
3 50
20 46
1 25
21 4
18 25
7 12
22 3
10 30
17 14
2 30
12 23
16 49
9 3
6 23
17 30
18 2
3 19
6 29
13 0
23 18
1 30
10 31
16 25
8 25
7 1
21 12
8 3
19 7
6 21
22 8
21 17
9 14
1 14
16 12
12 28
20 26
23 32
1 11
7 32
6 47
18 46
2 47
0 53
13 49
5 52
14 46
7 20
12 8
13 19
6 4
22 15
18 32
1 10
2 32
8 8
11 51
21 6
16 27
13 32
3 16
2 28
8 17
21 1
12 27
1 32
17 33
16 3
6 15
7 7
11 12
22 27
13 11
8 14
15 27
14 27
16 13
2 20
4 16
8 7
7 23
20 34
3 23
0 34
12 53
2 46
14 47
13 44
6 51
18 48
5 47
2 0
21 21
6 14
1 18
13 9
22 34
16 20
17 34
7 21
9 48
11 13
3 9
8 34
16 17
12 20
11 5
1 4
6 8
13 34
22 35
18 13
3 21
21 20
2 4
7 15
22 1
3 0
23 6
11 26
10 7
7 29
1 29
18 16
6 10
23 36
5 27
7 36
3 51
0 51
12 46
21 53
13 45
1 44
20 44
1 13
21 0
23 13
18 7
7 22
13 36
22 2
2 36
6 17
11 49
17 27
16 24
16 36
18 15
7 28
22 25
3 17
11 20
1 36
12 37
23 0
2 1
21 9
17 17
6 16
21 3
16 8
14 19
1 20
2 25
16 19
4 13
8 29
20 21
5 38
2 13
0 38
18 47
13 51
21 48
23 48
3 47
7 50
12 45
1 22
3 20
7 24
6 13
8 2
12 38
2 5
15 38
23 4
11 44
24 7
22 0
23 38
6 5
16 22
17 20
8 26
11 24
22 38
12 39
3 25
21 7
1 19
1 2
7 2
8 27
13 12
18 10
9 8
2 9
1 5
13 26
8 12
23 11
5 40
24 23
0 40
21 52
12 49
7 44
18 53
20 47
2 45
13 46
1 3
6 28
18 14
21 28
7 11
12 40
17 3
2 40
23 19
22 46
16 16
11 6
16 40
6 25
23 27
18 18
17 8
1 6
22 40
12 41
3 24
8 21
7 10
11 15
2 14
17 6
17 4
14 17
3 6
6 7
19 10
1 23
7 18
0 3
13 42
8 10
23 42
3 45
21 45
5 48
2 50
1 47
20 50
6 50
6 0
23 24
21 22
12 13
13 15
2 42
4 6
17 42
7 9
8 49
22 4
16 18
21 42
11 16
23 1
2 24
8 15
18 23
22 42
10 43
7 13
3 2
13 2
6 11
16 0
23 14
5 4
24 15
18 1
6 9
7 3
5 13
16 47
15 50
9 49
4 49
10 51
11 53
17 51
22 45
19 47

