317
1 15
18 17
20 30
22 10
8 30
11 46
13 50
17 49
7 46
0 46
12 45
23 48
1 16
21 7
23 10
17 29
13 10
5 30
10 27
2 30
8 0
22 49
15 4
16 24
12 30
13 12
17 5
2 11
21 22
8 15
16 30
5 31
11 7
1 21
23 3
22 22
1 26
6 3
10 19
10 0
1 22
21 1
23 20
14 26
7 12
13 26
8 32
18 3
22 32
17 48
21 53
1 52
11 53
12 49
20 53
0 51
12 25
8 13
17 28
21 16
22 8
3 32
18 6
5 32
2 26
16 48
14 2
10 7
17 32
7 8
1 24
11 22
12 24
16 21
21 32
2 33
6 22
18 27
23 0
17 24
13 15
9 14
0 5
5 7
18 10
9 18
19 2
15 28
17 4
11 9
22 34
1 6
20 34
9 49
13 53
0 48
8 52
10 50
18 49
12 44
8 5
12 20
13 5
7 7
22 13
17 34
19 13
2 34
11 29
1 51
24 29
16 18
12 34
2 13
18 23
17 16
23 9
13 17
16 34
5 35
3 29
22 16
7 9
21 2
11 1
20 12
18 4
24 8
3 21
21 23
7 1
22 14
23 7
4 5
0 36
7 0
8 36
11 52
21 51
22 52
10 44
17 47
18 52
20 48
16 5
8 23
21 10
12 1
22 29
10 36
7 5
17 36
1 28
6 51
3 24
2 5
7 36
22 2
2 22
1 3
8 6
11 3
16 36
12 37
17 2
16 9
21 24
23 12
6 15
14 8
7 28
13 25
21 20
17 21
19 17
9 5
10 25
20 8
22 38
8 22
0 38
17 46
18 46
4 45
11 48
21 50
13 45
9 51
21 9
1 5
22 28
6 27
23 6
17 38
3 6
12 38
7 17
16 53
8 11
2 15
16 38
12 26
22 12
17 9
11 19
8 25
21 38
5 39
3 20
18 8
1 29
1 12
13 20
5 22
4 15
6 25
17 0
12 5
14 28
10 1
18 16
23 1
8 40
7 6
0 40
20 51
13 51
21 49
4 46
22 46
17 44
12 52
18 29
13 0
8 19
12 13
20 27
3 40
7 11
15 40
23 27
14 52
6 2
2 24
22 40
1 18
3 23
21 18
6 8
17 15
2 40
10 41
18 24
8 24
7 2
13 8
16 8
5 0
7 25
18 2
9 9
12 11
17 11
7 27
1 2
0 21
8 42
23 4
10 42
22 47
18 53
4 53
12 50
17 50
20 52
21 48
1 17
22 19
21 25
7 20
17 20
5 42
23 11
12 42
8 27
2 49
3 3
16 14
22 42
7 13
1 11
16 17
13 14
17 23
3 42
5 43
21 6
18 21
8 16
23 24
11 23
12 9
21 13
15 22
18 13
17 7
15 27
23 23
3 47
16 45
15 46
14 45
5 48
6 49
2 45
24 45
19 48

