r\t   0   1   2   3   4   5   6   7   8   9  10  11  12  13  14  15  16  17  18  19  20  21  22  23  24 
  0  -1 254 245  -1  -1  -1  29  -1  -1  -1 280 280 265  -1  -1  -1  28  -1  -1 199  -1  72  25  -1 302 
  1  -1  -1  -1  70  -1  -1  -1 205  34  -1  -1  -1  -1 174  -1  -1  -1 177  83  -1  -1  -1  15  -1  -1 
  2  -1 144  -1  -1  -1  -1  -1 192 192  -1  -1  -1  -1  -1  -1  -1  -1 279 108  -1  -1  -1  -1  -1  -1 
  3  -1  -1 111  -1  -1  -1  -1 215  -1  -1  -1  73  -1  -1  -1  -1  77 202  -1  -1  -1  -1 209  60  60 
  4  -1  14 297  -1   1  -1  -1 267  -1  -1  -1  -1 120  -1  -1  -1 212  -1  -1  -1  -1  -1  -1 146  -1 
  5  -1  82  -1  -1  -1  -1  58  -1  -1  -1  -1  -1  -1  -1  -1  -1  57 252  -1  -1  -1  -1  -1 157  -1 
  6 259  -1  -1  85  -1  66  -1  47 292  -1  -1  33 152  -1  -1  -1  -1  -1  -1  -1  -1  -1  -1  -1  -1 
  7 130  59  87  -1  -1  -1 296  -1  -1 220  -1  -1  -1 155  -1  -1  -1  -1  -1  -1  -1 218  -1  -1  -1 
  8  -1  -1 243  -1  -1 198 110  16  16  -1  -1 129 175  -1  -1  -1 248 131  89  -1 282  -1 167 221  -1 
  9  -1 102  -1 100  -1  -1 158  -1  -1  -1  -1   3  -1  -1  -1  -1  -1  -1  -1  -1  -1  -1  -1  -1  -1 
 10  -1  -1  -1 291  -1  -1  -1 164  -1  -1  -1  -1  -1  -1  -1 148 148  -1  -1  -1  -1 179  -1  -1  -1 
 11  -1  -1  62  -1  -1  -1  -1 104 104  -1  43  -1  -1  -1 287  -1  37 196  -1  -1  -1  44 234 256  -1 
 12  -1  -1 203  -1  -1  -1  -1 115  -1  -1  -1  -1 101 217  -1  -1 276  -1  -1  -1  -1 235  -1  -1  -1 
 13  -1  69  -1 116  -1  -1  -1 299 210  -1  -1  36  -1  -1  -1  -1 103  -1  -1  -1  -1 194  -1  79  -1 
 14  -1  -1  -1  -1  -1  -1  -1 236 236  -1  -1 214  -1  -1 263  -1  20  71  -1 260  -1  -1  -1  -1  -1 
 15  -1  -1  -1 147  -1  42  78  -1  -1  -1  -1 166  -1  -1  -1  -1  -1  41  -1  -1  -1  -1  -1  -1  -1 
 16  -1 127  -1  -1  -1  -1  -1  -1  -1 216  -1  -1  -1  -1  -1  -1  -1  -1 257  -1 304  -1  -1  -1  -1 
 17  -1  -1 125  -1  -1  -1  -1   0 211  -1  -1 255  -1  -1  -1  -1  -1  -1  -1  -1  22  -1 300  32  -1 
 18  -1  -1  -1  -1  -1  -1  -1  -1  -1  -1  -1  -1  40  -1  -1  -1 232  -1  -1  -1  -1 124  84  -1  -1 
 19  -1  -1  -1  -1  -1  -1  -1  35 278  -1  -1 191  -1  -1 126  -1  -1  -1 253  -1  -1 246 189 240  -1 
 20  -1 172 123  -1  -1  -1  -1  -1 159  -1  -1  23  -1  -1  -1  -1  -1 170  -1  -1  -1 145 117  88  -1 
 21  -1 242  -1  13  -1  -1  -1  -1 114  -1  -1 135  -1  -1  -1  -1  -1  -1  76  -1  -1  -1 176 188  -1 
 22 219  -1 258 160  -1 238 277 286  -1 305  -1  -1 133  -1  -1  -1 173 122 201  -1  67  -1 132 264  -1 
 23  -1  -1 165 204  -1  -1  -1  -1  45  -1  -1  -1  -1  -1  -1  -1 298  -1 284  -1  -1  -1  -1  -1  -1 
 24 261 121  -1 128  -1  -1  -1  -1  -1  -1  -1  64  -1  -1  -1  -1  -1  -1 289  -1  -1  -1  39 293  -1 
 25  -1 208  -1  -1  -1  -1  -1  -1  -1  -1  -1 113  -1  -1  -1  -1  -1  -1  -1  -1  -1  -1  -1  -1 106 
 26  -1 223  80  -1  -1  -1  86  -1  -1  -1  -1 213 290  -1  -1  -1 190  81  -1  -1 150  -1 249  12  -1 
 27  -1  26  -1  -1  -1  18 169  -1  -1  -1  -1 154  -1 168  -1 307  38  -1  -1  -1  -1  -1  -1  -1  -1 
 28  -1  -1 171  56  -1  -1  -1  -1 262 303  -1  -1  -1  27  -1  -1  -1 301 306  -1  -1  -1  -1  -1  -1 
 29  -1  -1  -1  -1  -1  -1  91  -1 247  -1  -1 233  -1  -1  -1  -1 161  -1  -1  -1  -1  -1  -1  -1  -1 
 30  -1  -1  -1  30  -1  -1  -1  -1  -1  -1  -1  -1  19  19  19   2   2  17  17  -1  -1  24   4   4  -1 
 31  -1  -1  -1  -1  -1  -1  -1  -1  -1  -1  -1  -1  -1  -1  -1  -1  -1  31  31  31  -1  -1  -1  -1  -1 
 32  -1  -1  -1  46  46  -1  -1  74  -1  -1  -1  -1  61  61  -1  48  48  63  63  63  -1  -1  -1  68  -1 
 33  -1  -1  -1  -1  -1  -1  -1  -1  -1  -1  -1  -1  75  75  75  -1  -1  -1  -1  -1  -1  -1  -1  -1  -1 
 34  -1  -1  -1  92  92  -1 118  -1  90  90 105 105  -1  -1  -1  -1  -1  -1  -1  -1 107 107 107 112  -1 
 35  -1  -1  -1  -1  -1  -1  -1  -1  -1  -1  -1  -1  -1  -1  -1 119 119 119  -1  -1  -1  -1  -1  -1  -1 
 36  -1 162  -1 134 134 151 151 151 136 136  -1  -1  -1  -1  -1  -1  -1 149 149  -1  -1 156  -1  -1  -1 
 37  -1  -1  -1  -1  -1  -1  -1  -1  -1  -1  -1  -1  -1  -1  -1  -1  -1 163 163 163  -1  -1  -1  -1  -1 
 38  -1 195 195 195  -1  -1  -1 180 180  -1  -1  -1  -1 193 193 178 178  -1  -1  -1  -1 206  -1 200  -1 
 39  -1  -1  -1  -1  -1  -1  -1  -1  -1  -1  -1  -1 207 207 207  -1  -1  -1  -1  -1  -1  -1  -1  -1  -1 
 40  -1  -1  -1 250  -1  -1 244  -1  -1  -1  -1  -1  -1 237 237 224 224 239 239 239  -1 222 222  -1  -1 
 41  -1  -1  -1  -1  -1  -1  -1  -1  -1  -1  -1  -1 251 251 251  -1  -1  -1  -1  -1  -1  -1  -1  -1  -1 
 42  -1 294 283 283 283  -1  -1  -1 266 266  -1  -1  -1 288  -1 268 268  -1  -1  -1  -1  -1 281 281  -1 
 43  -1  -1  -1  -1  -1  -1  -1  -1  -1  -1  -1  -1  -1  -1  -1  -1  -1 295 295 295  -1  -1  -1  -1  -1 
 44  -1  -1 153  -1  -1  -1 142  -1 229 185 197  -1  98  -1  -1 138  -1  -1  -1  -1 311 272  -1  -1  -1 
 45  -1 181  -1  -1  -1  -1  -1  -1  -1  50  -1  52  -1  -1 310  -1  -1  -1 139  -1  -1  -1  -1 186 309 
 46  -1  -1  -1  10  -1 312 227  -1  -1  -1  -1 182   6 285  -1  -1  -1  99  -1  -1  -1   5  51  55  -1 
 47  -1 273  -1  -1  -1  -1  11  -1  -1  -1  -1  -1  -1  -1  -1  -1 137  -1 270  -1  -1  -1  -1  -1  -1 
 48  -1  54  -1  -1  -1  -1  -1  65  -1  -1  -1  -1  -1  -1  -1  -1  -1  -1  -1  -1  -1  -1  -1  -1  -1 
 49  -1   8  -1  -1 225  -1  49 231   7   9 316 274  -1  -1  -1  -1  -1 226  -1  -1  -1  96 275 140  -1 
 50  -1 143 313 230  -1  -1  -1  -1  -1  -1  -1  -1  -1  -1  -1  -1  -1  -1  -1  -1  -1  -1  -1  -1  -1 
 51 314  -1  -1  -1 183  -1 271  95  -1  -1 241  97  -1  -1  -1  -1  -1  -1  -1  -1  -1 141  -1  -1  -1 
 52  -1  -1  -1 269  -1  -1  -1  -1  -1  -1  -1  -1  -1 308  -1  -1  -1  -1 184 315  -1  -1  -1  -1  -1 
 53  -1  93  21  -1  -1  -1 187  -1  -1  -1  -1 228  -1 109  -1  -1  94  53  -1  -1  -1  -1  -1  -1  -1 

r\t   0   1   2   3   4   5   6   7   8   9  10  11  12  13  14  15  16  17  18  19  20  21  22  23  24 
  0  -1  -1 202 125  -1  -1  -1  -1 114  -1  -1  -1 208  -1  -1 175  82 101  -1  -1  -1 218 133  -1  -1 
  1  -1  -1  -1  34 176  -1  -1 115  -1  -1  -1  -1  -1  -1  -1  85 189  -1  -1  -1 150  -1  -1  -1  -1 
  2  -1  33  -1  64  -1  -1 287 205  79  -1  -1  -1 215  -1  -1  -1  -1  -1   1  -1  -1  -1  -1  -1  -1 
  3  -1  -1  27  -1 110  -1 301  -1  -1 216  -1 122  -1  -1  -1  -1  -1  -1  43  66  -1  -1  72 209  -1 
  4  -1  40  -1  -1  -1  -1  -1  -1  -1  -1 259  -1 255  -1  -1  -1  -1  -1  -1  -1  -1  62  -1  -1  -1 
  5  -1  -1  -1 177  -1  -1  -1  -1 131  -1  -1  -1  -1  -1  -1  -1  -1 248  -1 286  -1  -1  60  60  -1 
  6  -1  -1  -1  -1 169  -1  59 289 161  -1  -1  -1 258  -1 194  -1  -1  78 148 148  -1  -1  -1  -1  -1 
  7  -1  -1  -1  -1 304 173  -1  -1  -1  -1  -1  -1 276  -1  -1  -1 203  14  -1 219  -1  -1  83  86  -1 
  8  -1  -1  16  16  -1  -1  -1  -1  -1  -1  -1  -1  -1  -1  -1  -1  -1  -1  -1  -1  -1  -1  -1 132  -1 
  9  -1 234 190  -1  -1  -1 111 213  -1  -1  -1  69  -1  -1  -1  -1  -1  -1  -1  84  -1  -1  -1 256  -1 
 10  -1  -1  44  -1  -1  -1  -1 279  -1  -1  -1 146  58  45  -1  -1  -1 284  -1  -1  -1  -1  -1   3  -1 
 11 192 192 307  -1  -1  -1  -1 257  -1  -1  -1  -1  -1 121  -1  -1  -1  -1  -1  -1  -1  88  -1 232  -1 
 12  -1  -1 128  -1  81  -1 129  -1  -1  -1  -1  -1  -1  -1  -1  -1  -1  -1  -1  -1  -1  -1  -1  -1  -1 
 13  -1  -1  76 164  -1  -1 199 302  -1  18  -1  -1  -1  -1  -1  -1 154  -1  -1  87  -1  -1  -1  71  -1 
 14  -1 292 221  77  -1  -1 245  -1  57  -1  -1  -1  -1 305  -1  -1 108  -1 188  -1  -1  -1  -1 290  38 
 15  -1  -1  -1  -1  -1 126  39  -1  -1  41  -1  -1  -1 171  -1  -1 157 260 254  -1  -1  -1  -1 179  -1 
 16  -1 247  -1  -1  -1  -1  -1  -1 223  -1  -1  -1  -1  -1  -1  -1  -1  -1 293  -1  -1  -1  -1 265  -1 
 17  -1  -1  -1  -1  -1  -1  -1  -1  -1 106  -1  -1  32  -1  -1  -1  -1  -1  -1  22  -1 135  -1 113 155 
 18  -1  -1  36  -1  91  -1 298 253  12  -1  -1  -1 236 236  -1  67  -1 243  -1 238  -1 103  -1  -1  -1 
 19  -1 212  -1 235  -1  -1  -1  -1  -1  -1  -1  -1 145  -1  -1  -1  56 167 130  -1  -1  -1  -1  -1 242 
 20  -1  -1  -1 300  -1  -1  -1  -1  -1  -1  -1   0  -1 204  -1  -1  -1  -1 116  -1  -1 261 277 160  -1 
 21  -1  -1  -1  -1  -1  -1  -1  -1 100  -1  -1 278  -1  25  -1  -1  -1 211  -1  -1  -1  47  -1 174  -1 
 22  -1  -1 240 117  -1  -1  -1  -1  -1  -1  -1 191  70 196  -1  -1  -1 297 262  -1  -1 120  -1  35  -1 
 23  -1  -1  -1  -1  -1  -1  -1  -1 144  -1  -1 299  -1 282  -1 198  -1  -1  26  -1 306  42  -1  -1  -1 
 24  -1  -1 264  -1  -1  -1 217  -1 201  -1  -1 252 296  -1  -1 280 280  -1  -1  -1  -1  -1  -1  -1  -1 
 25  -1  -1  -1  -1  -1  -1  -1  -1  -1  -1  -1 168  -1 267  -1 214  89  -1 102  -1  -1  -1  -1  -1  -1 
 26  -1 124  -1 246  23  -1  15  -1  28  -1  -1  -1  -1 166  -1  -1  13 123  20  -1  -1  -1  -1  -1  -1 
 27  -1  -1 158  -1  -1  -1  -1  -1  -1  -1  -1 210 220  -1  -1  -1 291  -1  -1  -1  -1  80  -1  -1  -1 
 28  -1 159 104 104  -1  -1  -1  -1  -1  -1  -1  -1  -1 152  37  -1 249  -1 170  -1  -1 165  -1  -1  -1 
 29  -1  73  -1  -1 172  -1 127 147  -1 303  -1  -1  -1  -1  -1  -1  -1 263 233  -1  -1  -1  29  -1  -1 
 30   2   2   4   4  -1  -1  -1  -1  -1  -1  -1  30  19  19  19  -1  -1  24  -1  -1  17  17  -1  -1  -1 
 31  -1  -1  -1  -1  -1  31  31  31  -1  -1  -1  -1  -1  -1  -1  -1  -1  -1  -1  -1  -1  -1  -1  -1  -1 
 32  63  63  63  -1  -1  -1  -1  -1  68  -1  61  61  -1  -1  -1  -1  74  48  48  -1  -1  -1  46  46  -1 
 33  -1  -1  -1  -1  -1  75  75  75  -1  -1  -1  -1  -1  -1  -1  -1  -1  -1  -1  -1  -1  -1  -1  -1  -1 
 34  92  92 112  -1  -1  -1 118  90  90  -1  -1  -1 105 105  -1  -1  -1  -1  -1  -1  -1  -1 107 107 107 
 35  -1  -1  -1  -1  -1  -1  -1  -1  -1  -1 119 119 119  -1  -1  -1  -1  -1  -1  -1  -1  -1  -1  -1  -1 
 36 136 136 151 151 151 149 149  -1  -1  -1  -1  -1 134 134  -1  -1  -1  -1 156  -1  -1 162  -1  -1  -1 
 37  -1  -1  -1  -1  -1 163 163 163  -1  -1  -1  -1  -1  -1  -1  -1  -1  -1  -1  -1  -1  -1  -1  -1  -1 
 38  -1  -1  -1  -1  -1  -1 206 195 195 195  -1 178 178  -1  -1  -1 180 180 200  -1 193 193  -1  -1  -1 
 39  -1  -1  -1  -1  -1  -1  -1  -1  -1  -1  -1  -1  -1  -1  -1  -1  -1  -1  -1  -1 207 207 207  -1  -1 
 40 224 224  -1 222 222 239 239 239 250  -1 237 237  -1 244  -1  -1  -1  -1  -1  -1  -1  -1  -1  -1  -1 
 41  -1  -1  -1  -1  -1  -1  -1  -1  -1  -1  -1  -1  -1  -1  -1  -1  -1  -1  -1  -1 251 251 251  -1  -1 
 42 266 266 283 283 283  -1  -1  -1  -1  -1  -1  -1  -1 288  -1  -1 268 268  -1  -1 281 281 294  -1  -1 
 43  -1  -1  -1  -1  -1  -1  -1 295 295 295  -1  -1  -1  -1  -1  -1  -1  -1  -1  -1  -1  -1  -1  -1  -1 
 44  -1 182  -1  -1  -1  -1  -1  -1 241  -1  -1  -1  -1  -1 109  -1   7  -1 230  -1  -1 231  97  -1  -1 
 45  -1  -1  93  -1  49  -1  -1 269   6  -1  -1  -1  -1  -1  -1 309  -1  -1 142  -1  -1  -1  -1  -1  -1 
 46  -1  -1  -1  -1  -1  -1  -1  50 187 312  -1 227  -1 185  -1  -1  -1  98  -1  -1  -1  -1  -1 197  -1 
 47 186  -1  -1  52  -1  -1 313  -1  51  -1  -1  -1  -1  -1 311  -1  -1  -1  95  -1  -1 274  -1  21  -1 
 48  -1  -1  -1 137  -1  -1  -1  -1  -1  -1  -1  53  -1  -1  -1  -1  -1 141 275 314  -1   9  -1  -1  -1 
 49  -1  -1 138  99  -1 285  -1 225  -1  -1  -1 140 273 229  -1  -1  -1  -1  -1  -1  -1  -1  10  -1  -1 
 50  -1  -1 183  -1  -1 316  -1  -1 139  -1  -1  -1  -1  -1  -1  -1  -1  11  -1  -1  -1  -1  -1 226  -1 
 51  -1  -1  -1  -1  -1  -1  -1   8 270  -1  -1 272   5  -1  -1  -1 228  -1  -1  -1  -1  -1 184  -1  -1 
 52  -1  -1  -1  -1  -1  -1  -1  -1  -1  -1  -1  94  -1  96  -1  -1  -1  -1 181  -1 315 153 271  -1  -1 
 53  -1  -1  -1  -1  -1  -1  -1 143  -1  65 310  -1  55  -1  -1  -1  54  -1  -1  -1  -1  -1  -1  -1 308 

r\t   0   1   2   3   4   5   6   7   8   9  10  11  12  13  14  15  16  17  18  19  20  21  22  23  24 
  0  -1  -1  76  -1  -1 155  -1  -1  -1  -1  -1 152  -1  -1  -1  -1 124  -1  -1  -1  -1 232  -1  -1  -1 
  1  -1  -1  -1  -1  -1  -1  39 214 215  -1  -1 166  -1  -1 126  -1  -1  -1  -1 221  -1 167  -1  -1  -1 
  2  -1  -1  -1  -1  -1  -1  -1  -1  -1  -1  -1  -1  -1  -1  -1  -1 158  -1  -1  -1  -1 298  -1  -1  -1 
  3  -1  84 236 236  -1  -1  -1 115  -1  -1  -1 103 304  35  -1  83  -1  41  -1  -1 260  -1  -1  -1  -1 
  4  -1  40  -1  -1  -1  -1  -1  -1  69  -1  -1 291  -1  -1  -1  -1 201  -1 212  -1  -1  -1  43  -1  -1 
  5  -1 278  -1  -1  -1  -1  -1  -1 300  -1  -1  -1  -1  -1  -1  -1  -1 179  -1  -1  -1  -1 289 146  -1 
  6 127  -1 258  -1  -1  -1  -1 148 148  -1  -1 256 130  -1  -1 110  -1 287 199  -1 170  -1  -1  -1  -1 
  7  -1  47 261  -1  -1  -1 133  -1  23  -1  -1  79 293  22  -1  -1  -1 132  37  -1  -1  -1  -1  38  -1 
  8  -1  -1 277  -1  -1  -1  -1 264  -1  -1 131  -1  -1  -1 282  -1 190  -1  -1 173  -1 191  -1  -1  -1 
  9  -1 290  -1  -1  -1  -1  -1 160  -1  -1  -1  -1  -1 123  -1  -1 303  57  -1  -1  -1  -1  -1  -1  -1 
 10  -1 211  -1  26  -1  -1 205  -1 243  -1  -1  -1 280 280  -1  -1  -1 218  -1  -1  -1  -1  -1  -1  -1 
 11  -1 120  -1  -1  -1  -1  45  -1  60  60 176  -1   1 240  -1  -1  -1 234  -1  -1  -1  -1  -1  28  -1 
 12  -1  62 252 208  -1  -1  -1  -1 247 301  -1  -1  -1 217  -1  -1  -1 169  -1 177  -1  64  -1  -1  -1 
 13  -1 233 147 255  -1  16  16  -1  -1  -1  -1  -1 121 111  -1  -1  -1  -1 299  -1  -1 125  -1  -1  -1 
 14  -1   0  -1  86  -1  -1 292  -1 306  -1  -1 189  -1  -1  -1  -1  -1  -1  -1  -1  -1  -1 246  -1  -1 
 15  -1  -1  -1  -1  -1  -1 242  -1  -1  -1  -1  -1  56 129 150  -1  -1  -1  -1  91 172 145  -1  -1  -1 
 16  -1 210  -1  -1  -1  -1  -1 219  -1  -1 174  -1  -1  -1  -1  -1 235  -1  -1  -1 265  85 257  -1  -1 
 17  -1  77  -1  -1  -1  -1 307  33  -1  -1  -1  -1 305 194  -1  -1 253 198  -1  -1  -1  -1 122  -1  -1 
 18  -1  88  -1  -1  -1  42 196  -1  -1  -1  -1  -1 203  -1  87  -1  -1  -1  32  -1  -1  -1  81  -1  -1 
 19  -1  -1  -1  -1  -1  -1  -1  -1  -1  -1  -1  -1  -1  -1  -1  -1  -1 104 104  -1  -1  15  -1  -1  -1 
 20  -1  12  -1 102  -1  -1 223  -1  -1  -1  -1  -1  -1  66  -1  -1  58 117  -1  -1  -1  -1  -1  -1  -1 
 21  -1  71  -1  -1  -1 238  -1 248  -1  -1  -1 116  -1  -1  67  -1  -1 220  -1  -1  -1  73  -1  -1  -1 
 22  -1  -1  -1  -1  -1  -1  -1  -1  -1  -1  -1  -1  20 154  -1  -1  13  18 164  -1  -1 209  -1 249  -1 
 23  -1  -1 263  -1  -1  -1 114  -1  -1  -1  -1 171 100 297  -1  -1  25  -1  78  -1 213  -1  -1  -1  -1 
 24  -1 188  -1 279  -1  -1  -1  -1  -1  -1  -1  29  -1  -1  -1  -1  -1 296 245  -1  -1  -1  -1  -1  -1 
 25  -1 161  -1  -1  -1  -1  80  70  -1  -1  -1  -1  -1 168  -1  -1  -1 267  -1  -1  -1  -1 135  -1  -1 
 26  -1 144 113  -1  -1  -1  -1  36  -1 106  -1  -1  -1  72  -1 286 276 204  -1  -1  -1  -1 262 157  -1 
 27 259 216  -1  -1  -1  -1  27  -1  34  -1  -1 202  -1  -1  -1  -1  -1  -1  -1  -1  -1 284  -1  -1  -1 
 28  -1 302 108  -1  -1  -1  -1  59 165  -1  -1  14  -1  -1  -1  -1  89 159  -1  -1  -1 254 192 192  -1 
 29  -1 101  44  -1  -1 128  -1  -1  -1  -1  -1  -1  -1  -1  -1  -1  -1   3  -1  -1  -1  -1 175  82  -1 
 30  -1  30  19  19  19  -1   2   2  -1  -1   4   4  -1  -1  -1  -1  -1  24  -1  -1  -1  -1  17  17  -1 
 31  -1  -1  -1  -1  -1  -1  -1  -1  -1  -1  -1  -1  -1  -1  -1  -1  -1  -1  -1  -1  31  31  31  -1  -1 
 32  -1  -1  63  63  63  -1  -1  -1  -1  -1  48  48  68  -1  -1  -1  -1  74  -1  -1  46  46  61  61  -1 
 33  -1  -1  -1  -1  -1  -1  -1  -1  -1  -1  -1  -1  -1  -1  -1  -1  -1  -1  -1  -1  -1  -1  75  75  75 
 34  -1  -1  -1  -1  -1 107 107 107 118  -1  92  92  -1  -1  -1  -1  -1  -1 112  -1  90  90  -1 105 105 
 35  -1  -1  -1  -1  -1  -1  -1  -1  -1  -1  -1  -1  -1  -1  -1  -1  -1  -1  -1  -1  -1  -1 119 119 119 
 36  -1  -1  -1 149 149  -1  -1  -1 162  -1 134 134  -1  -1  -1  -1  -1 151 151 151 136 136 156  -1  -1 
 37  -1  -1 163 163 163  -1  -1  -1  -1  -1  -1  -1  -1  -1  -1  -1  -1  -1  -1  -1  -1  -1  -1  -1  -1 
 38 178 178 195 195 195  -1  -1 193 193  -1  -1  -1  -1  -1  -1  -1  -1  -1  -1  -1 180 180 200 206  -1 
 39  -1  -1  -1  -1  -1  -1  -1 207 207 207  -1  -1  -1  -1  -1  -1  -1  -1  -1  -1  -1  -1  -1  -1  -1 
 40  -1 222 222  -1  -1  -1 244  -1  -1  -1 237 237  -1  -1  -1  -1  -1 250  -1  -1 224 224 239 239 239 
 41  -1  -1  -1  -1  -1  -1  -1  -1  -1  -1  -1  -1 251 251 251  -1  -1  -1  -1  -1  -1  -1  -1  -1  -1 
 42 266 266  -1 294  -1  -1  -1 283 283 283 268 268  -1  -1  -1  -1 288  -1  -1  -1  -1  -1  -1 281 281 
 43  -1  -1  -1  -1  -1  -1  -1  -1  -1  -1  -1  -1  -1  -1  -1  -1  -1  -1  -1  -1  -1  -1 295 295 295 
 44  -1  -1  11 271  -1  -1  98  50  -1  -1  -1  -1  -1  -1  -1  -1  -1  -1  -1  -1  -1  -1  -1  -1  -1 
 45  -1  -1  -1  -1 315  -1  -1  -1  -1  -1  -1  -1  -1  -1  -1 310 141  52  65  -1  -1 269  -1  -1  -1 
 46  -1  -1  -1 137  -1  -1 182  -1 314  -1  -1  -1  94 311  -1  -1   5  -1 241  -1  -1  -1  10  -1  -1 
 47   7  -1  -1  -1  -1  -1  -1 142  -1 316  -1 184 187  -1  -1  -1 186  95  -1   9  -1  -1 183 185  -1 
 48 138  -1  -1  93  -1  -1  -1 181  -1  -1  -1  -1  -1  -1 312  -1  -1  -1 308 273  -1  -1 153  -1  -1 
 49  -1  -1  -1  -1  -1  -1  -1  -1  -1  -1 229  -1 272  -1  -1  -1 270  -1  -1  -1  -1  -1  -1 140  -1 
 50  99  -1  -1 227  -1 309  -1 228  -1  -1  -1  -1  51  -1  -1  -1  -1  -1  21  55  -1   8  -1  -1  -1 
 51  -1  -1 274  -1  -1  -1  -1  96  -1  -1  -1  -1 143  -1  -1  -1  54  -1  -1  -1  -1  -1  53   6  -1 
 52  49  -1  -1  -1  -1  -1  -1  -1 109  -1  -1 230 231  -1 197  -1  -1  -1  -1  -1  -1  -1  -1  -1  -1 
 53 225 139  97  -1  -1  -1 275  -1  -1  -1  -1  -1  -1  -1  -1  -1 226  -1 285  -1  -1  -1  -1  -1 313 

r\t   0   1   2   3   4   5   6   7   8   9  10  11  12  13  14  15  16  17  18  19  20  21  22  23  24 
  0  -1 123  -1 116  -1 169  -1  -1  34  -1  -1  43 192 192  -1  -1  64  -1  -1  -1  -1   0 203  -1  -1 
  1  -1 217 159  -1  -1 303  -1 171 120  -1  -1  -1 209  -1  -1 170 179  -1  -1  -1  -1  -1  -1  -1  -1 
  2  -1 133  -1  -1  -1  -1  -1 113 297  -1  -1  -1  -1  -1  -1  -1 161 243   3  -1  -1  -1  72  -1  82 
  3  -1  -1  -1  -1  -1  66  -1  56 234  -1  -1  -1  -1  -1  -1  -1 223  -1  23  -1  -1  -1  -1  89  -1 
  4  -1  -1  -1  -1  -1 128  -1  -1  78  -1  -1 167  -1  59  -1  -1  -1  -1  -1  -1  -1 264  -1  -1  -1 
  5  -1  -1  -1  -1  -1 150  -1  26  -1  -1  -1  -1  -1  -1  -1  -1 298  -1  -1  -1  -1  -1  60  60  -1 
  6  -1 253  -1  -1  84  -1  -1  -1  58  -1  -1 212 249  -1 176  -1 254 218  -1  -1  -1  -1  -1  -1  -1 
  7  85  -1 215  -1  -1  -1  -1  -1  -1  -1  -1  73  -1  -1  -1  -1 279  76  -1  -1  -1  -1  -1  -1  -1 
  8  -1 232  -1  -1  -1  -1  -1  -1  -1  -1  -1  -1  -1 166  -1  -1  -1  -1  -1  -1  -1  -1  -1  -1  -1 
  9  -1  -1 245  -1  -1  -1  -1  -1 258  -1  -1 172  -1 124  -1  -1 242  -1 289  -1  -1 221 164  -1  -1 
 10  -1  -1  -1  -1  67  -1  -1 276  -1 131  -1 117  -1  33  -1  -1  -1 306 177  -1  -1  -1 111 114  -1 
 11  38  -1  -1  -1  37  86 286  -1  -1  -1 173  -1 157  -1  -1  -1  44 122  -1  -1  -1 130  -1  -1  -1 
 12  -1  -1 259  -1  -1  -1 145 196  -1  -1  -1  -1   1  -1  -1  -1  -1  -1  71  -1  -1  13  -1  -1  -1 
 13  -1 211  -1  -1  -1  -1  -1  -1  -1  -1  -1  27  -1  -1  -1  -1 202  -1  77  -1  -1  -1  -1  -1  83 
 14  -1  -1  -1 248 302  -1  -1  -1  41  -1  -1  36  -1  -1  -1  -1  -1  -1 261  -1  -1 102  14  -1  -1 
 15  -1  88  -1  69  -1  18  -1 168 190  -1  -1  -1 148 148 220  -1 260  -1  -1  -1  -1  -1 246  -1  -1 
 16  -1  -1 278 299 304  -1  -1  -1 127  -1  -1  -1 290  -1  -1  -1  -1 204  -1  -1  -1  -1 236 236  -1 
 17  -1  -1  -1  -1  -1  -1  -1  -1 146  -1  -1 147 265  -1  -1  -1  -1 199  -1  -1  -1  -1  -1 165 238 
 18  -1 301  -1  -1  -1  -1  45  -1  -1  -1  -1  -1  -1  -1  -1  -1  -1  -1  35  -1  -1  -1  -1  -1  -1 
 19  -1 189 154  -1  -1  -1  -1  -1  -1  -1  81  57  -1  -1  -1  -1 144  -1 126 174  -1  -1  -1  -1  -1 
 20 132 296 188  -1  -1  -1  -1  -1  -1  -1  -1 267  -1  15  -1  -1  -1 103  -1  -1  -1 305  -1 247  -1 
 21  -1 219 121  -1  -1  -1  -1 291 255  -1  -1  -1  -1  -1  -1  42  -1  -1  -1 125 106  25  -1  -1  -1 
 22  -1  70 214  -1  -1  -1  -1  -1  -1  -1  22  -1  -1  -1  -1  -1  -1  -1  91  -1  -1  -1  -1 208  -1 
 23  -1  28 210 158  -1  -1 240 108 160  -1  -1  -1  -1 256  -1  -1  -1  -1 110  -1  -1  -1  -1  -1  -1 
 24  -1  -1  80 155  -1  -1  -1 235 205  -1  -1 213  -1 280 280  -1  -1  -1  -1  -1  -1  47  -1  -1  -1 
 25  87  -1  -1  -1  -1  -1 100  -1  -1  -1  -1  12  -1 201  -1 198  -1  -1  -1  -1  40 300 293  39  -1 
 26  -1 277 307  -1  -1  -1  -1  -1 284  -1  -1 287  -1  -1  -1  -1  -1  -1 263  -1  -1  62  -1  79  -1 
 27  -1 152 135 194  -1  -1  -1  -1  -1  -1  -1 252 129  -1  -1  -1  -1  -1  -1  -1  -1 115  -1  32  -1 
 28  -1 257  -1 282  -1  -1 191  16  16  -1  -1  -1  -1  -1  -1  -1  -1  -1  -1  -1  -1  -1  -1  -1  -1 
 29  -1  20 292 262  -1  -1  -1  -1 101  -1  -1 233 104 104  -1  -1  -1  29 175  -1  -1  -1 216  -1  -1 
 30  -1  -1  17  17  -1  -1  30  -1   2   2  -1  -1  -1   4   4  19  19  19  -1  -1  -1  -1  24  -1  -1 
 31  -1  -1  31  31  31  -1  -1  -1  -1  -1  -1  -1  -1  -1  -1  -1  -1  -1  -1  -1  -1  -1  -1  -1  -1 
 32  48  48  61  61  -1  -1  -1  74  46  46  -1  -1  -1  -1  -1  -1  -1  63  63  63  -1  -1  -1  68  -1 
 33  -1  -1  -1  -1  -1  -1  -1  -1  -1  -1  -1  -1  75  75  75  -1  -1  -1  -1  -1  -1  -1  -1  -1  -1 
 34  -1  -1 107 107 107  -1  -1  -1  90  90 105 105 112  92  92  -1  -1  -1  -1  -1  -1  -1 118  -1  -1 
 35  -1  -1  -1  -1  -1  -1  -1  -1  -1  -1  -1  -1  -1  -1  -1 119 119 119  -1  -1  -1  -1  -1  -1  -1 
 36  -1  -1  -1  -1  -1  -1 156  -1 136 136  -1  -1  -1 134 134  -1  -1 149 149  -1  -1 162 151 151 151 
 37  -1  -1  -1  -1  -1  -1  -1  -1  -1  -1  -1  -1  -1  -1  -1  -1  -1 163 163 163  -1  -1  -1  -1  -1 
 38 180 180  -1 200  -1  -1  -1  -1 178 178 193 193  -1  -1  -1  -1  -1  -1  -1  -1  -1 206 195 195 195 
 39  -1  -1  -1  -1  -1 207 207 207  -1  -1  -1  -1  -1  -1  -1  -1  -1  -1  -1  -1  -1  -1  -1  -1  -1 
 40 224 224 239 239 239  -1  -1  -1 222 222  -1  -1  -1 237 237  -1  -1 244 250  -1  -1  -1  -1  -1  -1 
 41  -1  -1  -1  -1  -1 251 251 251  -1  -1  -1  -1  -1  -1  -1  -1  -1  -1  -1  -1  -1  -1  -1  -1  -1 
 42 266 266  -1  -1  -1  -1 288  -1 268 268  -1  -1  -1 294  -1  -1  -1 281 281  -1  -1 283 283 283  -1 
 43  -1  -1  -1  -1  -1  -1  -1  -1  -1  -1  -1  -1  -1  -1  -1  -1  -1 295 295 295  -1  -1  -1  -1  -1 
 44  97  -1  54  -1  -1 312  -1  -1  -1  -1  65  -1  -1  52  -1  -1 273  -1  -1  -1  -1  -1  -1 226  -1 
 45  -1  -1  -1  -1  -1 285  -1  -1  -1  -1  -1 181  53 228 271  -1  -1  -1  -1 310  -1  -1 230  -1  -1 
 46  -1  -1  -1  -1 308  -1  -1 270  -1  -1  -1  49 143  -1  -1  -1  -1  -1  -1  -1  -1 137  -1  -1  -1 
 47  -1  -1 183  -1  -1  -1  -1   6  -1  -1 241  98  -1  -1  -1  -1 197  -1  -1  -1  -1  -1  -1  50 311 
 48  -1  -1 274 315  -1  -1  -1  55  -1  -1  -1 229  -1  -1  -1 153  94 313  -1  -1  -1  -1  51 185  -1 
 49   7  -1  -1  -1  -1  -1  -1  95  -1  -1  -1 140  -1 269  -1  -1  -1  -1  -1  -1  -1  -1  -1  -1  -1 
 50  -1  -1  -1  -1  -1  -1  99 187  -1  -1  -1  -1  93  -1  -1  -1  -1  -1  -1  -1  -1  96  -1  -1  -1 
 51  -1  -1  -1  -1  -1  -1 139 138  -1  -1 314  -1 227 184  -1  -1   8  -1 272  -1 309  -1   5  -1  -1 
 52  -1  10  -1  -1  -1  -1  -1 231  -1  -1  -1  -1 186  -1  -1 316 141  -1 225  -1  -1 182  -1 275  -1 
 53  -1  -1  -1  -1  -1  -1  11  -1  -1  -1  -1   9  -1  -1  -1  -1  -1  -1  -1 109  -1  -1 142  21  -1 

r\t   0   1   2   3   4   5   6   7   8   9  10  11  12  13  14  15  16  17  18  19  20  21  22  23  24 
  0 216  86  76  -1  -1  -1  -1  -1  33  -1  -1  -1  -1  -1  -1  -1  -1 191  38 217  -1 245  -1  -1  -1 
  1  -1  -1  -1 211  -1  -1  -1  -1  -1  -1  -1  -1  -1 115  -1  -1  -1  -1  81  -1  -1  -1  -1  -1  -1 
  2  -1 164  -1 210  -1  -1  69  80 154  -1  -1 297 166  -1  -1  -1  -1 122  -1  -1  -1 133  -1 282  -1 
  3  -1  -1  -1  -1  -1  -1 290  -1  -1  -1  -1 202 114  -1  -1  -1  25  -1  -1  -1  -1 220  -1  -1 155 
  4  -1  14  -1  89  -1  -1  47  -1  -1  -1  -1 172 145  -1  -1  -1 296 284 189  -1  84  -1  -1  -1  -1 
  5  -1  -1  -1  29  -1  -1  -1 128  -1  -1 177  -1  -1 201  -1  -1  -1 307 280 280 260  57  72  -1  -1 
  6  -1  59 205 159 242  -1  -1  -1 300  -1  -1   3  -1  -1  -1  -1 304 103 170  -1  -1 298 168  -1  -1 
  7  -1  -1  -1 215  40  -1 174  -1  -1 131  -1  -1 196 249  -1  -1  -1  37 292  -1  -1  -1  -1 238  -1 
  8  -1  -1  -1  -1  -1  -1  -1  27  -1  -1 305  64 212  -1  -1  -1  -1  -1  -1  -1  -1  -1  -1  -1  -1 
  9  -1 279  -1 171  -1  -1  -1  -1  -1  -1  -1  28  -1  -1  -1  -1 248  -1 144  -1  -1  -1  -1 209 198 
 10  -1 247  -1  -1  -1  -1  -1  -1  -1 306  -1  -1  -1  -1  -1  -1  -1  -1  -1  -1  -1  -1 276  18  -1 
 11  -1  77  12  -1  -1  -1  -1  -1  45  -1  -1  -1  -1  -1  -1  -1  -1 299  78  -1  -1 233  -1 111  -1 
 12  -1  -1  -1 132  -1  -1  -1  -1 204  -1  -1 252 104 104  -1  -1  -1 147  32  -1  -1 262  91  -1  -1 
 13  -1  -1  -1  -1  -1  -1   1  -1  -1  -1  -1  -1  -1 179  -1  66  -1 125 253  -1  -1  -1  -1  26  -1 
 14  -1 100  -1  -1  -1  -1  62  -1 277  -1 127 190  -1  -1  -1  -1  -1  -1  -1 263 126  39  -1  -1  -1 
 15  -1  -1  -1  -1  -1  -1  88  -1  -1 219  -1 129  -1 146  -1  -1 240 254 102  -1  -1 267  -1  -1  -1 
 16  -1  -1  -1  -1  -1 175  -1  87  -1  -1  -1  -1 256  -1  -1  -1  -1 264  -1  -1  -1  34  -1  -1  -1 
 17  -1  -1  -1 246  -1  -1 188  -1  -1  -1  -1  73 291  -1  -1 287  -1  -1 203 302  -1  -1  -1  -1  -1 
 18  -1  -1 158 232  -1  -1  -1  -1  -1 286  -1 169  -1  -1  -1  -1  -1  -1  -1  -1  -1  -1  -1  -1  -1 
 19 301  -1  -1  -1  -1  -1 123  -1 161  -1  -1 167  -1 199 150  -1 152  -1 261  -1  -1  42 243  -1  -1 
 20  -1  71  -1  -1  -1  -1  -1  -1  -1  -1  -1  -1  -1  -1  -1  -1  -1  85  -1  -1  -1  -1  -1  -1  -1 
 21  -1 176  -1  -1 213  -1  -1  -1  70  -1  -1  -1  -1 157  -1  -1  -1  58  -1  -1  -1   0 223  -1  -1 
 22  -1  35 113  -1  -1  -1  -1  -1 116  -1 173  -1  -1  -1  -1  -1  -1  -1  -1  -1  -1  -1 117  -1 130 
 23  -1  -1  -1  -1  22  -1 265  -1  36  -1  -1  -1  -1  -1  -1  -1  -1  -1  -1  -1  -1  -1 255  -1  -1 
 24 110 120 221 218  -1  67 108 208  -1  -1  -1  -1  -1  -1  -1  -1 257  23 235  -1  43  79  -1  -1  -1 
 25  -1  -1  -1  13  -1  -1 258  56  -1  -1  -1  -1  -1  -1  -1  -1 165  -1  -1  -1  16  16  44  -1 214 
 26  -1  41  60  60  -1  -1  -1  -1  -1  -1  -1  -1  -1  -1  -1  -1  20 160  -1  -1  -1 124 148 148  -1 
 27  82  -1  -1 303  -1  -1  -1 121  -1  -1  -1  -1  -1  -1  -1  -1  -1 234  -1  -1  -1  -1 106  -1  -1 
 28  -1  -1 192 192  -1 236 236 278  -1  -1  -1  -1  -1  -1  -1  -1  -1  -1  15  -1  -1  -1 289  -1  -1 
 29  -1  -1 101  -1  -1  -1  -1  -1 135  -1  83  -1  -1 293  -1  -1  -1  -1  -1  -1 259  -1  -1 194  -1 
 30  -1   2   2  -1  -1  -1  -1  19  19  19  -1  -1  17  17  -1  -1  -1  24   4   4  -1  -1  30  -1  -1 
 31  -1  -1  -1  -1  -1  -1  -1  -1  -1  -1  -1  -1  31  31  31  -1  -1  -1  -1  -1  -1  -1  -1  -1  -1 
 32  -1  -1  -1  -1  -1  -1  -1  -1  -1  -1  48  48  -1  61  61  -1  -1  74  46  46  -1  68  63  63  63 
 33  -1  -1  -1  -1  -1  -1  -1  -1  -1  -1  -1  -1  75  75  75  -1  -1  -1  -1  -1  -1  -1  -1  -1  -1 
 34  -1  -1  -1  -1  -1  -1  -1 107 107 107  -1 118  92  92  -1  -1  -1  -1  90  90 105 105  -1 112  -1 
 35  -1  -1  -1  -1  -1  -1  -1  -1  -1  -1  -1  -1  -1  -1  -1 119 119 119  -1  -1  -1  -1  -1  -1  -1 
 36 151 151 151  -1  -1 149 149  -1  -1  -1 134 134  -1  -1  -1  -1 136 136 162  -1  -1  -1  -1 156  -1 
 37  -1  -1  -1  -1  -1 163 163 163  -1  -1  -1  -1  -1  -1  -1  -1  -1  -1  -1  -1  -1  -1  -1  -1  -1 
 38 193 193 178 178  -1  -1 206 195 195 195  -1  -1  -1  -1  -1  -1  -1 200 180 180  -1  -1  -1  -1  -1 
 39  -1  -1  -1  -1  -1  -1  -1  -1  -1  -1  -1  -1  -1  -1  -1  -1  -1  -1  -1  -1 207 207 207  -1  -1 
 40  -1  -1  -1  -1  -1  -1 244  -1 237 237 224 224 239 239 239  -1  -1  -1 222 222  -1  -1  -1 250  -1 
 41  -1  -1  -1  -1  -1  -1  -1 251 251 251  -1  -1  -1  -1  -1  -1  -1  -1  -1  -1  -1  -1  -1  -1  -1 
 42  -1 294 281 281  -1  -1  -1  -1  -1  -1 268 268 283 283 283  -1  -1  -1 266 266  -1  -1 288  -1  -1 
 43  -1  -1 295 295 295  -1  -1  -1  -1  -1  -1  -1  -1  -1  -1  -1  -1  -1  -1  -1  -1  -1  -1  -1  -1 
 44  -1 269  52  -1  -1  -1  -1  97  -1  -1  -1  -1 231 274  -1  -1  -1  -1 142  -1  -1  -1 272 308  -1 
 45  -1  -1  96 229  -1  -1  -1 270  -1  -1  -1  -1  -1  -1  -1  -1  -1  -1  -1  -1  -1  -1 137  -1  -1 
 46 241  -1  -1  -1  -1 310 141  -1  -1  -1  99  -1  -1  -1 315  -1  -1  -1  -1 138  -1  50  -1  -1  -1 
 47  -1  53  -1  -1  -1  -1 184  -1   8  -1  -1  21 186  -1  -1  -1  65  -1  -1  -1  -1  -1  -1  -1  -1 
 48  -1  -1  -1  -1  -1  -1  -1 226 275  -1  -1  -1  -1  -1  -1 312 271  -1  -1  -1 309  98  -1  -1 316 
 49  -1 228  -1  -1  -1  -1  -1  55  93  -1  -1  -1  -1  49  -1  -1 225  -1  -1  -1  -1  -1  -1  -1  -1 
 50 313  -1 143  -1  -1  -1  -1  -1  -1  -1   9  -1  -1  -1  -1  -1  -1  51  -1  -1  -1  -1  -1  -1  -1 
 51  -1  95 273  -1  -1 109  -1  -1  -1 311  -1  -1   6 139  -1  -1 197 187  -1  -1  -1 285 181  -1  -1 
 52  -1  -1  -1  54  -1  -1  -1  -1 183  -1  -1 185 140  -1  -1  -1   5  -1  -1  -1  -1  -1  10  -1  -1 
 53  -1  -1  -1  11 314  -1 230   7  -1  -1  -1  94  -1  -1  -1 153  -1 227  -1  -1  -1 182  -1  -1  -1 

r\t   0   1   2   3   4   5   6   7   8   9  10  11  12  13  14  15  16  17  18  19  20  21  22  23  24 
  0  -1  70  -1  -1  -1  -1 247  -1  -1  -1  39 135  29 290 170  -1 240 110 177  -1  -1 211  26  -1  -1 
  1  -1  -1  -1  80  -1  -1 232 152  -1  -1  -1 212  -1  -1  -1 263  -1  -1  -1  -1  -1  -1  -1  -1  -1 
  2  -1  -1 238  -1  -1  -1 146  -1  -1  -1  -1  -1  85 145  -1  -1  -1  -1  -1  -1  -1 217 249  -1  -1 
  3  -1  -1  -1 252  -1  -1  -1  78  -1  -1  -1  -1  -1  -1  -1  -1 123 259  73  -1  -1 256  -1  -1  -1 
  4  -1  -1  -1  -1  -1 301 103  -1  -1  -1  -1 220 243  18  -1  -1  -1  -1  -1  -1  -1  -1 291 125  -1 
  5  -1 305  -1 144  -1  -1  -1 248 216  -1  -1 106  -1  -1  -1  -1  -1  -1   0  -1  -1  -1  -1  -1  -1 
  6  -1  -1  -1  -1  -1  41  -1 234 189  -1  -1  -1 245 254  -1  -1 253  -1  -1  -1  -1  -1 126  -1  -1 
  7  -1 102  -1  45  -1  -1  -1  -1 114  -1  -1 278  -1  43  -1  -1  -1 279  -1  -1  66  -1  56  -1  -1 
  8  -1 205  -1  -1  -1  -1  -1 276 299  -1  -1  -1 306  -1  -1  -1  -1  -1  -1  -1  -1 131 168 297   1 
  9  -1  -1  -1 160  -1  -1  -1 303 246  -1  -1  12  -1  -1  -1  -1  -1  -1  -1  84  -1  -1 113 214  -1 
 10  -1  -1  -1  -1  -1  -1  -1  -1 147  -1  -1  -1  -1  -1  -1  -1  -1  -1  -1  -1  -1  -1  -1  -1  -1 
 11  -1 117  -1  -1  -1  -1 258  -1  -1  -1  -1  -1 167  35  -1  -1 284  -1 277  -1  -1  -1  -1  87  -1 
 12  -1 191 289  -1  -1  -1  -1 199 286  -1 169  -1  -1 265  -1  -1  -1 121  40  -1  -1  23  -1 210  -1 
 13  -1  -1  -1  -1  -1  -1  -1  -1  -1  -1  -1  -1  -1  -1  -1  -1  -1  -1  -1  -1  -1  -1 104 104  -1 
 14  -1  -1 111  -1  -1 171  59  -1 203  -1  -1  -1  -1  -1  -1 132 188  -1  -1  -1  -1 175 148 148  -1 
 15  -1  -1  -1  -1  -1  -1 292  -1  -1  -1  -1 235  -1  -1  -1  -1  -1  -1  -1  -1  -1 120  81  -1  -1 
 16  -1  -1  -1 124  -1  -1  71 115  -1  -1  -1  -1  37   3  -1  -1  -1  -1  -1  -1  -1  -1  -1  20  -1 
 17  -1  -1 165  -1  -1  -1  -1  57  -1  -1  -1  -1  -1  -1  -1  -1  -1  -1  -1  -1  -1  -1 176 166  -1 
 18  -1  -1 280 280  -1  -1  82  -1  -1  -1  -1 300  22  -1  -1 173 100 158  -1  -1  -1  44  42  76  -1 
 19  -1  -1  -1 218  -1  88  -1 262  -1  -1  -1 157  -1  -1 260  60  60 194 116  -1  -1  -1  -1  -1  -1 
 20  -1  14  -1  -1  -1  -1 161  -1  47  -1  38 150  -1  -1  -1  -1  -1  -1 128  -1  -1  -1  15 127  -1 
 21  -1  -1  -1  36  -1  -1  -1  -1  77  -1  -1  91  -1  -1  -1  -1  -1  -1  -1  -1  -1 179 192 192  -1 
 22  -1  -1  -1  -1  -1  16  16  -1 302  -1  -1  -1  -1 233  -1  -1  79  -1  -1  -1  -1 198  -1 129  -1 
 23  -1  34  -1  -1  -1  -1  -1  -1 267  -1  -1  -1  -1  -1 282  -1  -1  -1  32  -1  -1  -1  -1  -1  -1 
 24  -1 298  62  -1 219  -1  -1 304 223  -1  -1  -1  -1 261  83  -1  -1  69 101  -1  -1 108  -1  -1  -1 
 25 155  -1 255  -1  -1  -1 208  86  -1  -1  -1  -1 204 201  -1  -1 159  -1  -1  -1  -1 293  72  58  -1 
 26  -1  -1  33  89  -1  -1  -1  -1  -1  -1  -1 122  -1  -1  -1  -1  -1 257 164  -1  -1 221  -1  -1 213 
 27  67 133  -1 236 236  -1  28  -1  -1 287  -1  -1  -1  -1 215  -1  -1  -1 196  -1 307  -1  -1  -1  -1 
 28  -1  -1 154  27  -1  -1 190 296  -1  -1  -1  -1 172  -1  -1  -1  -1  -1  -1  -1  -1  -1  -1  25  -1 
 29  -1  -1 130  13  -1  -1 174  -1 242  -1  -1  64  -1  -1  -1  -1  -1 209  -1  -1  -1 264 202  -1  -1 
 30  -1  -1  -1   4   4   2   2  17  17  -1  -1  -1  -1  -1  -1  -1  30  19  19  19  -1  24  -1  -1  -1 
 31  -1  -1  -1  -1  -1  -1  -1  31  31  31  -1  -1  -1  -1  -1  -1  -1  -1  -1  -1  -1  -1  -1  -1  -1 
 32  -1  -1  68  -1  -1  46  46  -1  -1  -1  -1  74  61  61  -1  48  48  63  63  63  -1  -1  -1  -1  -1 
 33  -1  -1  -1  -1  -1  -1  -1  -1  -1  -1  -1  -1  75  75  75  -1  -1  -1  -1  -1  -1  -1  -1  -1  -1 
 34  -1  -1 112  -1  -1  -1 118 107 107 107  -1  -1  -1 105 105  92  92  -1  -1  -1  -1  -1  90  90  -1 
 35  -1  -1  -1  -1  -1  -1  -1  -1  -1  -1  -1  -1 119 119 119  -1  -1  -1  -1  -1  -1  -1  -1  -1  -1 
 36  -1  -1 162 134 134 136 136  -1  -1  -1  -1  -1  -1 156  -1  -1  -1 151 151 151 149 149  -1  -1  -1 
 37  -1  -1  -1  -1  -1  -1  -1 163 163 163  -1  -1  -1  -1  -1  -1  -1  -1  -1  -1  -1  -1  -1  -1  -1 
 38  -1  -1 193 193  -1 180 180 206  -1  -1  -1  -1 195 195 195  -1 200  -1  -1  -1  -1  -1  -1 178 178 
 39  -1  -1 207 207 207  -1  -1  -1  -1  -1  -1  -1  -1  -1  -1  -1  -1  -1  -1  -1  -1  -1  -1  -1  -1 
 40  -1 244  -1  -1  -1 222 222  -1  -1  -1  -1 250  -1  -1  -1 224 224 237 237  -1  -1  -1 239 239 239 
 41  -1  -1  -1  -1  -1  -1  -1  -1  -1  -1  -1  -1  -1  -1  -1  -1  -1 251 251 251  -1  -1  -1  -1  -1 
 42 281 281 288 268 268 266 266  -1  -1  -1  -1  -1  -1  -1  -1  -1  -1  -1 294  -1  -1  -1 283 283 283 
 43  -1  -1  -1  -1  -1  -1  -1  -1  -1  -1  -1  -1  -1  -1  -1 295 295 295  -1  -1  -1  -1  -1  -1  -1 
 44  -1  -1  -1  -1  -1  -1  -1  -1  -1  -1  -1  -1 153  -1  -1  -1 142  -1  -1  -1  -1  93  50 139  -1 
 45  -1  99 308  -1  -1  -1  -1  -1  -1 315  -1  -1  -1  -1  -1   9   5  -1 270  -1  -1  -1  -1 231  -1 
 46  -1 184  -1 226 229  -1  -1 225  -1  -1  -1  -1  -1  -1  -1  -1  -1 313  94  -1  -1  -1 275  -1 143 
 47 197   8  -1 182  54  -1  -1  -1 140  -1  -1  -1  -1  -1  -1  -1  -1  -1  -1  -1 314  -1  -1  -1  -1 
 48 311 227  -1  -1  -1  -1  -1   6  -1  -1  -1 272 309 230  -1  -1  -1  -1  -1  -1  -1  -1  -1  53  -1 
 49 109  -1  -1  -1  -1  -1  96  -1 183  -1 310   7  -1  98  -1  -1 269  -1  -1 312  -1  -1  -1  -1  55 
 50  -1  -1  -1  -1  -1  -1  -1  -1  -1  -1  -1  -1  -1  -1  -1 185  -1  -1  -1  -1  -1  -1  -1  -1  95 
 51  -1  -1  21  -1  -1  -1  -1  49  -1  -1  -1  -1  -1 181  -1  -1  -1  -1  -1  -1  -1  -1  11  -1  -1 
 52  -1  51  -1  -1  97  -1  -1  -1  -1  -1  -1  52 285  -1  -1  -1  -1  -1  -1  -1  -1  -1 138  10  -1 
 53  -1 271  -1  -1  -1  -1  -1 274  65  -1  -1 186  -1 141 316  -1 187  -1  -1  -1 241 137 228 273  -1 

r\t   0   1   2   3   4   5   6   7   8   9  10  11  12  13  14  15  16  17  18  19  20  21  22  23  24 
  0  -1  -1  -1  -1 238  -1  -1  -1 252  -1  -1 249  -1  -1 216  -1 286 284  -1  -1 265  -1  69  -1  -1 
  1  -1  -1  -1  47  -1  -1  -1 278  -1  -1  -1 100  -1  -1  -1  -1  -1 160  82  -1  -1  -1 245  -1  -1 
  2  -1  -1  -1  72  -1  -1 128 176 126  -1  -1 167 124  35  -1  -1  -1  41 253  -1  -1  -1  -1  -1  -1 
  3  -1  -1 267 159  -1  -1  20 264 261  -1 150  -1  -1  -1  -1  -1  -1 102  -1  -1  -1   0  -1 114  -1 
  4  -1  -1  -1  -1  -1  -1  56  -1  -1  -1  -1  -1  -1  45  -1  -1  -1  -1  -1  -1  -1  -1  -1  -1  -1 
  5  -1 205  -1  14  -1  -1  -1  -1  44  -1  -1 210  -1  -1  -1  -1  73  -1  -1  -1  -1  -1  -1  -1  -1 
  6  -1 198 196  -1  -1  -1  -1  -1  -1  -1 287  -1  -1 101  -1  -1 154 148 148  -1  84  -1  -1  26  -1 
  7  -1 129  -1  -1  67  -1  -1  -1 144  -1  -1  59 108  -1  -1  -1  -1  16  16 169  -1  -1  -1  -1  -1 
  8  -1  33 304  -1  -1  -1  -1  -1 259  -1  -1  -1  29  -1 221 260 158  -1 111  -1  -1  -1  -1  -1  -1 
  9  -1  -1  -1 255  -1  -1  -1  -1 301 220  -1  -1  -1  -1  -1  -1  -1  -1 179 177  -1  -1  -1  -1  -1 
 10  -1 155  -1 175  -1 110 233 135  -1  -1  -1  -1  -1 161  -1  -1  -1 209  -1  -1 131 133  -1  -1  -1 
 11  -1  -1  -1  -1  -1 127 292  -1  -1  -1  -1  -1  -1  -1  -1  -1 242 302 194  -1  -1  -1  -1  -1  -1 
 12  -1  -1   3 122  -1  -1  -1 202 217  -1  -1  -1  -1  -1  -1  -1  77  -1  -1  -1  -1  88  -1  -1  -1 
 13  -1  -1  -1  -1  -1  -1 213  78 165  -1  -1  -1  -1  -1  -1  -1  -1  -1  -1  -1  -1  -1  -1  -1  -1 
 14  -1  80  -1  -1 282  -1  39 104 104  -1  -1 223 170  -1  -1  -1 298  -1 121  -1  -1  -1 208  -1  -1 
 15  -1  -1  -1  -1  -1  -1  -1  -1  13  -1  -1  -1 125  64  -1  -1 258  -1  79  -1  -1  -1 290  -1  -1 
 16  -1  -1 297 191  -1 219 204 236 236  -1  -1  -1  -1  -1  -1  -1  -1  -1 276  37  81  -1  -1  -1  -1 
 17 303 293  -1  -1  -1  -1  -1  -1  -1  -1  -1  -1  -1  -1  -1  -1 116  -1  25 262  -1  -1  -1  -1  -1 
 18  83  -1  -1  -1  -1  -1  -1  -1 263  -1  -1  -1  -1  70  -1  -1 212  -1  -1  -1  -1 152  -1  -1  -1 
 19  -1  -1  -1  43  -1  -1 120  15 113  -1  -1  -1  -1  -1  -1  -1  32  -1  -1  -1  -1  -1  -1 247  -1 
 20  -1  -1  34  -1  -1  -1 277  -1  -1  -1  -1  -1 192 192  -1  -1 248 234  -1  -1  -1  -1  -1  -1  -1 
 21  -1  -1 307  -1  -1  -1  -1 130 279  -1  -1 243  -1  -1  -1  -1  -1  -1 289  -1  -1  -1  -1  76  -1 
 22  -1 240  -1  62  42  -1  -1  -1  -1  -1  -1  -1 166 246  -1  -1  -1  -1  91  89  -1  -1  -1 300  -1 
 23  -1 174  -1 235 106  -1  -1  -1  85  -1  -1  -1 256  87  -1  -1  66 123 232 257  -1  12  -1  -1  -1 
 24  -1  23  -1  27  -1  -1 188 189  -1  -1  -1  -1  -1  -1   1 305  -1  -1  -1  -1  -1 168  -1  -1  -1 
 25  -1  -1  -1  -1  -1  -1  -1  -1 132  -1  -1 171  -1  -1  -1  -1 199  -1  -1  -1  -1  -1 115  -1  -1 
 26 306  -1  71 291 214  -1 172  -1 190  -1  22  -1  -1  -1  -1  -1 173  -1 201  -1  -1  57  -1  -1  -1 
 27  -1  36 157  -1  86  -1  -1 164  28  -1  -1 146  -1 117  -1  -1  40  60  60  -1  -1  -1  -1 203  -1 
 28  -1  -1  -1  38 218  -1 147 299 296  -1  -1 211  -1 145  -1  -1  -1  -1  -1  -1  -1 215  -1  -1  -1 
 29  -1  -1 280 280  -1  -1  -1  -1  -1  -1  -1  -1  -1  -1  -1  -1  18 254  -1  -1  -1 103  58  -1  -1 
 30  -1  -1  -1  -1  -1  -1  -1  -1   2   2  -1  -1  17  17  -1  -1  -1  24   4   4  -1  30  19  19  19 
 31  -1  -1  -1  -1  -1  31  31  31  -1  -1  -1  -1  -1  -1  -1  -1  -1  -1  -1  -1  -1  -1  -1  -1  -1 
 32  63  63  63  -1  -1  -1  74  61  61  -1  -1  -1  -1  -1  -1  -1  -1  68  48  48  -1  46  46  -1  -1 
 33  -1  -1  -1  -1  -1  -1  -1  -1  -1  -1  75  75  75  -1  -1  -1  -1  -1  -1  -1  -1  -1  -1  -1  -1 
 34  -1  -1 105 105  -1  -1  -1  -1  90  90  -1 112  -1  92  92  -1  -1  -1  -1  -1  -1 118 107 107 107 
 35 119 119 119  -1  -1  -1  -1  -1  -1  -1  -1  -1  -1  -1  -1  -1  -1  -1  -1  -1  -1  -1  -1  -1  -1 
 36  -1 156 151 151 151  -1  -1  -1 162  -1  -1  -1 134 134  -1  -1  -1  -1 136 136  -1  -1  -1 149 149 
 37  -1  -1  -1  -1  -1  -1  -1  -1  -1  -1  -1  -1  -1  -1  -1  -1  -1  -1  -1  -1  -1  -1 163 163 163 
 38  -1  -1  -1  -1  -1  -1  -1  -1 178 178 193 193 200 180 180  -1  -1  -1  -1  -1  -1 206 195 195 195 
 39  -1  -1 207 207 207  -1  -1  -1  -1  -1  -1  -1  -1  -1  -1  -1  -1  -1  -1  -1  -1  -1  -1  -1  -1 
 40  -1  -1  -1  -1  -1  -1 244 250  -1  -1  -1  -1 237 237  -1  -1  -1  -1 222 222 224 224 239 239 239 
 41 251 251 251  -1  -1  -1  -1  -1  -1  -1  -1  -1  -1  -1  -1  -1  -1  -1  -1  -1  -1  -1  -1  -1  -1 
 42  -1  -1  -1  -1  -1  -1  -1  -1 266 266  -1 294 281 281  -1  -1  -1 288 268 268  -1  -1 283 283 283 
 43  -1  -1  -1  -1  -1  -1  -1  -1  -1  -1  -1  -1 295 295 295  -1  -1  -1  -1  -1  -1  -1  -1  -1  -1 
 44 316  -1  -1   5  -1  -1  -1  -1  -1  -1  -1  -1 272  10  -1  -1  -1  99  -1  -1  -1  -1  -1  -1  -1 
 45  -1  -1 182  -1 310 314  51  -1  -1  -1  -1  -1   8 273  -1  -1  -1  -1  -1  -1 139  -1  -1  -1  -1 
 46  -1 285  -1  96  -1  -1  11 153 228 143  -1  -1  -1  -1 138  -1  -1  53  -1  -1   7 187  -1  -1 312 
 47  -1  -1  21 141  -1  -1 140  -1  -1  -1  -1 185  -1  -1  -1  -1  -1  -1  -1  -1  -1  -1  -1  65  -1 
 48  -1  -1  -1  -1  -1  -1 231  -1  -1  55 241  98  -1  -1  -1 308  -1 227  -1  -1  97  -1  -1  -1  -1 
 49  -1 309  49  -1  -1  -1  -1  50  -1  -1  -1 269 230 225  -1  -1  -1 184  -1  -1 183  -1  -1 313  -1 
 50  -1  -1  -1  -1  -1  -1 271  -1  -1  -1 311 137  -1  -1  -1  -1 315  -1  -1  -1  54 270  -1  -1  -1 
 51  -1  -1  -1 226  -1  -1  -1 229  -1  -1  -1  -1  94  -1  -1  -1  -1 142  -1  -1  -1  -1  -1  -1  -1 
 52  -1  -1  -1  -1  -1  -1 186  93  -1  -1  -1  -1 181  -1  52 197  -1   9  -1  -1  -1  -1  -1  -1  -1 
 53  -1  -1  -1 275  -1  -1  95  -1  -1  -1  -1   6  -1  -1  -1  -1 109 274  -1  -1  -1  -1  -1  -1  -1 

r\t   0   1   2   3   4   5   6   7   8   9  10  11  12  13  14  15  16  17  18  19  20  21  22  23  24 
  0  -1 176  -1 233  -1 238  -1  20  80  -1  -1  -1 293  -1  -1  -1  -1  -1  -1  -1  -1 179  -1  -1  -1 
  1 216 168  -1 246  -1  -1 144  -1 217  -1  -1  -1 165 258  -1  -1 242 191 147  -1  -1  -1 148 148  -1 
  2  -1 174  -1  34  -1  -1 292  -1  -1  -1  -1 300  -1  -1  -1  -1  25 254  -1  -1  -1 167  -1  26  -1 
  3  -1  44  27  -1  -1  -1  -1  -1   1  -1  -1  -1  -1  -1  -1 106  76  -1 203  -1  -1  64 122  -1  -1 
  4  -1  -1 208  -1  -1  -1  70 299 296  -1  -1 146  -1  -1  -1  -1 307  -1  72  -1  -1  -1  -1  -1 262 
  5  -1 289  -1  -1  -1  -1  -1  -1  -1  -1  -1  -1  -1  -1  -1 194 155  91  -1  -1  -1 278  -1  -1  -1 
  6  -1 152 192 192  -1  -1  -1  29  -1  -1  -1  -1  -1  -1  -1  -1  -1  -1 173  -1 282  -1  -1  -1  85 
  7  18 210  -1  -1  -1  -1  -1  -1  -1  -1  60  60 169  -1  -1  -1  -1  -1 291  -1  40  -1 306  -1  -1 
  8  37  -1 115  -1  89  -1 125 236 236  -1 177  -1  -1  -1  -1 130  -1  23  -1  -1  -1  -1 218 215  -1 
  9  -1 189  -1  -1  -1  -1 158  -1 117  -1  -1  82 305 120  -1  -1  -1 166  -1 127  -1  -1  -1 290  -1 
 10  -1  -1  -1  -1  -1  -1  15 277 245  -1  -1  -1 267  -1  -1 172  43  71  -1  -1  -1  -1  -1 257  -1 
 11  -1 211  87 298  -1  -1  62  -1  -1  -1  -1  83  -1  -1  -1  -1  -1 110  -1  -1  -1  78  -1  -1  -1 
 12  -1  -1  -1 124  -1  -1  -1 159 164  -1  -1 113  -1  -1  -1  66 108   3  -1  -1  -1 249 256  -1  42 
 13  -1 114  -1  -1  -1  -1  -1  -1  -1  -1  -1  -1  -1  -1  -1  -1  -1  -1  -1  -1  -1 232  -1  -1  -1 
 14  -1 284  -1  -1  -1  -1  -1  -1  -1  -1  -1  -1  -1  -1  -1  -1  -1  -1 234 175  -1 154  86  -1  -1 
 15  -1  57  -1  -1  -1  22  -1  -1 201  -1  -1 160  -1  38 261  -1  -1  -1 248  -1  -1  -1 157  -1  -1 
 16  -1 133  -1  -1  -1  -1  -1  -1 220  -1  -1  -1 188  -1  -1  -1  -1  -1 161  -1  -1  12  -1  -1  -1 
 17  -1  -1  -1  -1  -1  -1  -1  -1  -1  -1  -1  -1  -1  -1  -1  -1 123  -1  -1  81  -1  -1  -1  73 111 
 18  -1 223 279  79  -1  -1  -1  -1  -1  -1  -1  -1  -1  -1  -1 214  -1 297  -1  41  -1  -1  -1  -1  -1 
 19  -1  -1  16  16  -1  -1  47  -1  -1  -1  -1  -1  -1  28  -1  -1 202 235  -1  -1  -1 135  84 102  -1 
 20  -1  -1  -1  -1  -1  -1  -1 212  -1  -1  -1  -1  -1  -1  -1 150  -1  -1 116  -1  -1  -1  -1  -1  -1 
 21 302  69  -1  -1  -1  -1 253  -1  -1  67  -1  -1  -1 131  -1  -1  -1  58  14  -1  -1 213  -1  77  -1 
 22  -1 243  -1  -1  -1  -1  35  -1  45  -1 301 190  -1  -1  -1  -1  13  -1 196  -1  -1  -1  -1 170  -1 
 23  -1  -1  -1  -1  -1  -1  -1 104 104  -1  -1 100  -1 286  -1  -1  -1  -1  56  -1  -1   0  -1  -1  -1 
 24  -1  33 221  -1  -1 260 259 304  -1  -1  -1  -1  -1 129  -1  -1  -1  -1  32  -1  -1 205 103  -1  -1 
 25  -1 247  -1  -1  -1  -1  88  -1  -1  -1 280 280 209 199 198 128  -1  -1  -1  -1  -1  -1  -1  -1  -1 
 26  -1 219  -1  -1  -1  -1 204  -1  -1  -1  -1 255 287  -1 263  -1  -1  -1 303  -1  -1  -1 171 265  -1 
 27  -1  -1  -1  -1  -1  -1  -1  -1  -1 126  -1 240  -1  -1  -1  -1  -1  -1 101  -1  -1  -1  -1  -1  -1 
 28  -1  36  39  -1  -1  -1  -1 132  -1  -1  -1  -1 145  59  -1  -1 264 121  -1  -1  -1  -1  -1  -1  -1 
 29  -1  -1  -1 276  -1  -1  -1  -1  -1  -1  -1  -1  -1  -1  -1  -1  -1  -1  -1  -1  -1  -1  -1 252  -1 
 30  -1  -1  -1   4   4  -1  -1  -1  -1  -1  17  17  -1  -1  -1  -1  -1  24   2   2  -1  30  19  19  19 
 31  -1  -1  -1  -1  -1  -1  -1  -1  -1  -1  31  31  31  -1  -1  -1  -1  -1  -1  -1  -1  -1  -1  -1  -1 
 32  -1  -1  61  61  -1  -1  -1  68  -1  -1  -1  74  -1  -1  -1  -1  48  48  46  46  -1  -1  63  63  63 
 33  -1  -1  -1  -1  -1  -1  -1  -1  -1  -1  -1  -1  75  75  75  -1  -1  -1  -1  -1  -1  -1  -1  -1  -1 
 34  -1  -1 105 105  -1  -1 112 118  -1  -1  90  90 107 107 107  -1  -1  -1  92  92  -1  -1  -1  -1  -1 
 35  -1  -1  -1  -1  -1  -1  -1  -1  -1  -1  -1  -1  -1  -1  -1  -1  -1  -1  -1  -1 119 119 119  -1  -1 
 36  -1  -1 149 149  -1  -1  -1 151 151 151 136 136 162  -1  -1  -1  -1 134 134  -1  -1  -1  -1 156  -1 
 37  -1  -1 163 163 163  -1  -1  -1  -1  -1  -1  -1  -1  -1  -1  -1  -1  -1  -1  -1  -1  -1  -1  -1  -1 
 38  -1  -1  -1 178 178 195 195 195  -1  -1  -1 200  -1 206  -1  -1  -1 180 180  -1  -1  -1 193 193  -1 
 39  -1  -1  -1  -1  -1  -1  -1  -1  -1  -1  -1  -1  -1  -1  -1  -1  -1  -1  -1  -1  -1  -1 207 207 207 
 40  -1  -1  -1 222 222  -1  -1 250  -1  -1  -1  -1  -1 237 237  -1 244  -1 224 224  -1  -1 239 239 239 
 41  -1  -1  -1  -1  -1  -1  -1  -1  -1  -1  -1  -1 251 251 251  -1  -1  -1  -1  -1  -1  -1  -1  -1  -1 
 42  -1  -1  -1  -1  -1 281 281 266 266  -1 268 268  -1  -1  -1  -1 294 283 283 283  -1 288  -1  -1  -1 
 43 295 295 295  -1  -1  -1  -1  -1  -1  -1  -1  -1  -1  -1  -1  -1  -1  -1  -1  -1  -1  -1  -1  -1  -1 
 44  -1  -1 186 272  -1  -1 273  -1  -1  -1  50 184  10  -1  -1  -1 183  -1  -1  -1  -1  -1 285 141  -1 
 45  -1  -1  -1  -1  -1  65   8 181 140  -1  -1  52  -1 153  -1  -1  11  -1  -1  -1  -1  -1  -1  -1  -1 
 46 311   9  -1  -1  -1  -1  -1   7 182  -1  -1  -1  -1  -1  -1  -1  98  -1 274  -1  -1 269  -1  -1 316 
 47 109 270  -1  54  -1  -1 229  -1  -1  -1  -1  -1  -1  -1  -1  -1  -1  -1  -1 185  -1 197  -1  -1  -1 
 48  -1  -1 137  -1  -1  -1  -1 227  -1  -1  -1 226  -1  -1  -1  -1  -1  -1  -1  -1  -1 225  -1  -1  -1 
 49 241  -1  -1  -1 275  -1  -1  93  -1 310  -1   6 142  21  -1 315  -1  -1  -1  -1  -1  -1  -1  96  -1 
 50  -1  -1  99  -1  -1  -1  -1  -1  -1  -1 230  -1  -1 308  -1  -1  -1 271  -1  -1  -1  -1  -1  -1  -1 
 51  -1  -1  -1  -1  55  -1 139  49  95  -1  -1  -1 187  -1  -1  -1  -1 228  -1 143  -1  53  -1 231  -1 
 52  -1  -1   5  94  -1 309  -1  -1  -1  -1  -1  -1  -1  -1  -1  -1  -1  -1  -1  -1 314  -1 313  -1  -1 
 53  -1  97  51 138  -1  -1  -1  -1  -1  -1  -1  -1  -1  -1 312  -1  -1  -1  -1  -1  -1  -1  -1  -1  -1 

r\t   0   1   2   3   4   5   6   7   8   9  10  11  12  13  14  15  16  17  18  19  20  21  22  23  24 
  0  -1  -1  -1  -1  -1  -1 100  -1  -1 175  -1  -1  -1  -1  -1  -1  -1  -1 157  -1  -1  80  -1  -1  -1 
  1  -1  33  -1  -1  -1  -1  -1  -1  -1  -1  -1  -1  69  -1  -1  -1 189  -1  -1  -1  -1  -1  -1  76 155 
  2  -1  -1  -1  -1  -1  -1  -1  -1  -1  -1  -1  -1  -1  -1  -1  -1  -1  -1  -1  -1  -1  -1  -1  -1  -1 
  3  42  -1  -1  -1  -1  -1  -1  -1 257  -1  -1  -1  -1 242  -1  -1  40 123  -1  -1 307  -1 130  -1  -1 
  4  -1  -1  -1  -1 150  -1  -1  -1  -1  -1  -1 160  -1  -1  -1  -1  -1  -1 259  -1  -1  -1  -1  -1  -1 
  5 301 246  -1  45 302  -1 212 216  -1  -1  -1 258  -1 284  -1  -1  12  -1  47  -1  37  83  -1  88  -1 
  6  -1 168  -1  -1  -1  -1 300 277  -1  -1  -1  -1 122  -1  -1  -1  -1  -1 116  -1  -1 221  -1  -1  -1 
  7  -1  -1  -1  -1  -1  -1  -1  -1  -1  67 169  18  16  16 170  -1 248  -1  -1  -1  -1  -1  -1 154  -1 
  8  -1 210  -1  -1  -1  -1  -1  -1 190  -1  -1  -1  -1  -1  -1  -1  -1  -1  -1  -1  -1  -1  -1 108  -1 
  9  -1  -1  -1 133  -1  -1 117  -1 201  -1  -1  -1  -1  -1  -1  -1 144  -1 299  -1  -1 297  39  -1  -1 
 10  -1 120  -1 102  43  -1 158 111   1  -1  -1  -1  -1 132  -1  -1  -1 199  -1  -1  -1  20 128 291  -1 
 11  -1  -1  -1  -1  -1  -1 278 194  -1 286 280 280 265 290  -1 174  -1  -1  -1  -1  -1 303  70  -1  -1 
 12  -1  -1  -1  34  22  -1  -1  -1  -1  -1  -1  -1  -1  32  -1  -1  -1 167 267  -1  -1  -1  -1  -1  -1 
 13  -1  -1  -1  -1  -1  -1 305 126 124  -1  -1 260  -1 247  -1 263  -1  -1  -1  -1  -1 205  -1  -1  -1 
 14  -1  -1 215 113  -1  -1  -1  -1  -1  -1  -1  -1  -1  -1  -1  -1  -1 245  -1  -1  -1  -1 249  -1  -1 
 15  -1 145 289  -1  -1  -1  -1  77 159  -1  -1  59 171  -1  -1  -1 276  -1  26  -1  -1  -1 115  -1  -1 
 16  -1  -1  -1  -1  -1  -1  -1  -1  -1 110  -1  -1  -1  -1  -1  -1 296  -1 253  -1  -1  -1  -1 161  -1 
 17  -1 233  -1  -1  -1  -1  -1 164  -1  -1 306  -1  -1  -1  -1  -1  -1  -1 147  -1  -1  64  -1  28  -1 
 18  -1  -1 146  -1  -1  -1  57  -1  -1  -1  -1  25 234 262  -1 177  -1 202 179  -1  -1 196  -1 135  -1 
 19  -1  -1 121  -1  -1  -1 188 214  -1  23 198  -1  -1  -1  -1  -1  -1  -1 282  -1  -1  -1 213  -1  -1 
 20  -1  -1 166  -1  -1  -1  -1  14 255  -1  -1  -1 192 192 127  -1  89  -1  -1  -1  -1  -1  -1 252  -1 
 21  -1  -1 219  -1  -1  -1  -1  -1  71 217  84  -1  -1  -1  -1  -1 232  -1  -1  -1  -1  -1  -1  -1  -1 
 22  -1 279  27  -1  -1  -1  29  91  -1  -1 131  -1  60  60  -1  -1  -1  -1  -1  -1  -1  -1  -1  44  -1 
 23  -1  36 254  -1  -1  -1 261 264  -1  -1  -1  -1  -1 125  85  -1  -1  -1  62  -1  -1  -1 152  -1  -1 
 24  -1  56 208  -1  -1  -1  -1  -1  -1  -1  -1 235  -1 223  -1  -1  -1 104 104  -1  -1  -1  -1  13  -1 
 25  -1  -1  -1  -1  -1  -1  -1  -1  -1  -1  -1 191 209  -1  -1  -1 203  -1  -1  86 238 114  -1  -1  -1 
 26  -1 211  58  -1  -1 218  72 129  -1  -1  -1  -1 148 148  -1  -1  -1  -1  -1  -1  -1  -1  -1  -1 106 
 27  -1  78 220  -1  66  -1  15  35  -1  87  -1  81  -1 101 172  -1  -1 292  -1  -1  -1  -1 293  -1  -1 
 28  -1 298 236 236  -1  -1 304  -1  -1  -1  -1   3 176  79  -1  -1   0  -1  -1  -1  -1 256 243  -1  -1 
 29  -1  38 103  -1  -1  -1  -1 204  -1  -1  -1  82 165 173 287  -1  -1  -1  73  41  -1 240  -1  -1  -1 
 30   4   4  17  17  -1   2   2  -1  -1  -1  -1  -1  24  -1  -1  -1  30  19  19  19  -1  -1  -1  -1  -1 
 31  -1  -1  -1  -1  -1  -1  -1  -1  -1  -1  -1  -1  -1  -1  -1  -1  -1  -1  -1  -1  31  31  31  -1  -1 
 32  46  46  74  -1  -1  48  48  -1  -1  -1  -1  -1  -1  68  -1  61  61  -1  -1  -1  -1  -1  63  63  63 
 33  -1  -1  -1  -1  -1  -1  -1  -1  -1  -1  -1  -1  -1  -1  -1  75  75  75  -1  -1  -1  -1  -1  -1  -1 
 34  90  90  -1  -1  -1  92  92 112  -1  -1 105 105  -1  -1  -1  -1  -1  -1  -1  -1 107 107 107 118  -1 
 35  -1  -1  -1  -1  -1  -1  -1  -1  -1  -1 119 119 119  -1  -1  -1  -1  -1  -1  -1  -1  -1  -1  -1  -1 
 36 136 136  -1  -1  -1 134 134 151 151 151 149 149  -1 162  -1  -1 156  -1  -1  -1  -1  -1  -1  -1  -1 
 37  -1  -1  -1  -1  -1  -1  -1  -1  -1  -1  -1  -1  -1  -1  -1  -1  -1  -1  -1  -1 163 163 163  -1  -1 
 38 180 180 195 195 195 178 178  -1  -1  -1  -1 206  -1 200  -1  -1  -1  -1  -1  -1  -1  -1 193 193  -1 
 39  -1  -1  -1  -1  -1  -1  -1  -1  -1  -1  -1  -1  -1  -1  -1  -1  -1  -1  -1  -1  -1  -1 207 207 207 
 40 222 222  -1 250  -1  -1  -1 237 237  -1  -1 244  -1  -1  -1 224 224 239 239 239  -1  -1  -1  -1  -1 
 41  -1  -1  -1  -1  -1 251 251 251  -1  -1  -1  -1  -1  -1  -1  -1  -1  -1  -1  -1  -1  -1  -1  -1  -1 
 42 266 266  -1 281 281  -1  -1  -1 288  -1  -1 294  -1  -1  -1 268 268  -1  -1  -1  -1  -1 283 283 283 
 43  -1  -1 295 295 295  -1  -1  -1  -1  -1  -1  -1  -1  -1  -1  -1  -1  -1  -1  -1  -1  -1  -1  -1  -1 
 44  -1  -1  -1  -1 315  -1  -1  -1  -1  -1  -1 183  -1  -1  -1  -1 186  -1  -1  -1  -1  -1 313  -1  -1 
 45  -1  -1  99  -1  -1  -1  -1  11 181  -1  -1  -1  -1  -1  -1  -1  -1  -1  -1  -1 316  -1  -1  -1  21 
 46  -1  -1  -1  -1  -1 271 275 227  -1 314  -1  -1  97  -1  -1 143  -1 309 197 310  -1  -1  -1   8  -1 
 47  -1  -1 138  -1  -1  -1  -1  -1  98  -1  -1  -1 230  54  -1  -1  -1  -1  -1  -1  -1  -1  -1  -1 312 
 48  -1  -1   9   5  -1  -1  -1  -1  -1  -1  -1  -1   6  10 311   7  -1  -1  -1  -1  -1 184  -1 269  -1 
 49  -1  -1  49 229  -1  -1  -1  -1  65  -1  -1  55 137  96  -1  95  52  -1  -1  -1  -1  50  -1  -1  -1 
 50  -1  -1  -1  93  -1  -1  -1  -1 273  -1 308 142  -1 274  -1  -1  -1  -1  -1  -1  -1  -1  -1  -1  -1 
 51  -1  -1  -1  -1  -1  -1  -1  -1  -1  -1  -1  -1  -1  -1  -1  -1  -1 285 139  -1  -1 270  -1  -1  -1 
 52  -1  -1  -1 185 109  -1 231  53 228 241  -1 272  51  -1  -1  -1 140 153  94  -1  -1 141  -1 225  -1 
 53  -1  -1  -1  -1  -1  -1  -1  -1  -1  -1  -1 226  -1 182  -1  -1  -1  -1  -1  -1  -1  -1  -1 187  -1 

r\t   0   1   2   3   4   5   6   7   8   9  10  11  12  13  14  15  16  17  18  19  20  21  22  23  24 
  0  -1  -1  -1  -1  -1 219 279  -1  -1  -1  43  -1  -1 242  -1  -1  -1  -1 120  -1  -1 307  -1  -1 155 
  1  -1 212 127 126  -1  -1  -1 110 277  -1  -1 175 164  -1  -1  -1  -1  -1  -1  -1  -1  -1  28  -1  -1 
  2  -1  -1 255  -1  -1  -1  -1  -1  -1  -1  -1  -1  -1 286 238  -1  26 174  20  -1 125  71 103  -1  -1 
  3  -1  -1  -1  36  39  -1 123  -1  -1  -1 215 261  14  79  -1 177  -1  -1  -1  -1  -1 220  16  16  -1 
  4  -1  57 284  27  -1  -1  -1  -1  -1  -1  -1  41  72  62  -1  -1  -1  -1  -1  -1  -1  -1 233 190  18 
  5  -1  12  -1  -1  -1 257 205  -1  -1  37  -1  32  -1  -1 259  -1  -1  23 145  -1  -1 102  78  -1  -1 
  6  -1  -1  -1  76  -1  -1  -1  -1  -1  -1  -1 276 245 115  -1  -1 232  -1 100  -1  -1 300  38  -1  -1 
  7  -1  -1  -1  -1  -1  -1  -1  -1  -1  -1  -1  81  -1  -1  -1  -1  66  -1  -1  -1  -1 199  -1  -1  -1 
  8  -1  -1  69  -1  -1  -1  -1  -1  82  -1  -1  -1 301  -1  -1  -1  -1 167  80  -1  -1  -1  -1  -1  85 
  9  -1  -1  -1  -1  -1  -1  -1  -1  -1  -1  -1  -1 267 258  -1  -1  47 292  -1  -1  -1  77  -1  -1  -1 
 10  -1 234  -1  -1  -1 176  -1  -1  -1  -1  -1  89  -1  -1  -1 262  -1  -1  -1  -1  -1  -1  -1  -1  -1 
 11  -1  -1  -1  -1  -1  -1  29  -1 298  -1  -1  13 188  -1  -1  -1  -1 302  -1  -1  40  -1  88  -1  -1 
 12  -1  -1  -1  -1  -1  -1  -1  -1  -1  -1  -1  -1  -1  -1  -1  -1  -1  -1  -1  -1  -1 133  -1  -1  -1 
 13  -1 216  -1 280 280  -1  -1  -1  -1  -1  -1 297 223 194  -1  -1  -1  -1  -1  -1  -1 247  -1 111  -1 
 14  -1  -1  -1  84  -1  -1  87  -1  -1  -1  -1  -1  -1  -1  -1  -1 296  -1  -1  -1  -1 152 263  91  -1 
 15  -1  33  -1 157 106  -1 240  -1  -1  -1  -1  -1 132  -1  -1  -1 113 204  -1 173  -1 210  -1  -1  -1 
 16  -1  -1  -1  -1  -1  -1  -1  -1  -1  -1  -1 114  -1  -1  -1  45 191 249 189  -1  -1  44  -1  35  -1 
 17  -1  -1  -1  -1  -1 148 148 129 104 104  -1  -1 203  -1  -1  -1  22  -1 299  -1  -1 179 196 128  -1 
 18  -1  -1  -1  -1  -1  -1 161  -1  -1  -1  -1  -1  -1  -1  -1  -1   3  -1 202  -1  -1  -1  -1 160  -1 
 19  -1  -1  -1 290  -1  -1  64 116  -1  -1  -1 108 124  -1  -1  -1  -1  -1  -1  -1  -1  59 248  -1  -1 
 20  -1 254  -1 122  -1  -1  -1  -1  -1  -1  -1  -1 304  25  -1  -1  -1  -1 170  -1  42  -1  -1  -1  -1 
 21  -1  -1  -1  -1  -1  -1  -1  -1  -1  -1  -1  -1  -1  -1  -1  -1 146  -1 252  -1  -1  -1  -1 246  -1 
 22  -1  -1  -1  -1  -1  -1  -1  -1 169  -1  -1 147 306  -1  -1  -1 159  -1  -1  -1  -1 168 208 135  -1 
 23  -1  -1 201  -1  -1  -1  73  -1  -1  -1  -1  -1 243  -1  -1  -1  70 150 158  -1  -1 235  -1  -1  -1 
 24  -1 166  -1  -1  -1  -1  15  -1  -1  -1  -1  58  -1  83  -1  -1 278  -1 172  -1  -1 214  -1  -1  -1 
 25  -1 260  -1  -1  -1  -1 289  -1 121  -1  -1   0  56  -1  -1  -1  -1  -1  -1  -1  -1  34  60  60 218 
 26  -1  -1  -1 217  -1  -1  86  -1  -1  -1 198 264  -1 291  -1 303  -1  -1  -1  67  -1 117  -1  -1  -1 
 27  -1  -1 213 209 171 305  -1  -1  -1  -1  -1 253  -1  -1  -1  -1 256  -1  -1  -1  -1 211 293  -1  -1 
 28 265  -1  -1  -1  -1 192 192  -1  -1  -1  -1 165 144  -1  -1  -1 101 282   1 131  -1  -1  -1 221  -1 
 29  -1  -1 236 236  -1  -1  -1  -1  -1  -1  -1  -1 287  -1  -1  -1  -1  -1  -1  -1  -1 130  -1 154  -1 
 30   4   4  19  19  19   2   2  17  17  -1  -1  -1  24  -1  -1  -1  -1  30  -1  -1  -1  -1  -1  -1  -1 
 31  -1  -1  -1  -1  -1  -1  -1  31  31  31  -1  -1  -1  -1  -1  -1  -1  -1  -1  -1  -1  -1  -1  -1  -1 
 32  48  48  63  63  63  46  46  61  61  -1  -1  -1  -1  68  -1  -1  -1  74  -1  -1  -1  -1  -1  -1  -1 
 33  -1  -1  -1  -1  -1  -1  -1  75  75  75  -1  -1  -1  -1  -1  -1  -1  -1  -1  -1  -1  -1  -1  -1  -1 
 34  -1  -1 105 105  -1  -1  -1  -1  -1  -1  -1  -1 107 107 107  92  92  -1  90  90  -1  -1 112 118  -1 
 35 119 119 119  -1  -1  -1  -1  -1  -1  -1  -1  -1  -1  -1  -1  -1  -1  -1  -1  -1  -1  -1  -1  -1  -1 
 36 136 136 151 151 151  -1  -1 149 149  -1  -1 162  -1  -1  -1  -1  -1  -1 134 134  -1  -1 156  -1  -1 
 37  -1  -1  -1  -1  -1  -1  -1 163 163 163  -1  -1  -1  -1  -1  -1  -1  -1  -1  -1  -1  -1  -1  -1  -1 
 38 180 180 195 195 195  -1  -1 193 193  -1  -1 200  -1 206  -1  -1  -1  -1 178 178  -1  -1  -1  -1  -1 
 39  -1  -1  -1  -1  -1  -1  -1 207 207 207  -1  -1  -1  -1  -1  -1  -1  -1  -1  -1  -1  -1  -1  -1  -1 
 40 224 224  -1 244  -1 222 222 237 237  -1  -1  -1  -1 250  -1  -1  -1 239 239 239  -1  -1  -1  -1  -1 
 41  -1  -1  -1  -1  -1  -1  -1 251 251 251  -1  -1  -1  -1  -1  -1  -1  -1  -1  -1  -1  -1  -1  -1  -1 
 42  -1 294 268 268  -1  -1  -1  -1  -1  -1  -1  -1 288  -1  -1 266 266  -1 281 281  -1  -1 283 283 283 
 43  -1  -1  -1  -1  -1 295 295 295  -1  -1  -1  -1  -1  -1  -1  -1  -1  -1  -1  -1  -1  -1  -1  -1  -1 
 44  -1  -1  -1  50 312  -1 141  -1  99  -1  -1  -1  -1  -1  -1  -1  -1  -1  -1  -1  -1  -1  -1  55  -1 
 45  -1  -1  -1 227  -1  -1  -1  -1  -1  -1  -1  -1  -1  21  -1  -1  -1  65  -1   9  -1  -1  52  -1  -1 
 46  -1  -1 137  -1  -1  -1  -1  -1  -1  -1  -1  -1 182  -1  -1  -1  -1  -1  -1  -1 241  -1   7  -1  -1 
 47  -1  -1 228  -1  -1  -1  -1  -1  -1 314  -1  51  10  -1  -1 225  -1  -1  -1  -1  -1  11 229  -1  -1 
 48  -1  -1  -1  -1  -1  97 269  -1  54 285  -1  -1  -1 153  -1   6 185  -1 274  -1  -1  -1 270   5  -1 
 49  -1  -1  -1  -1  -1  -1  -1 313  -1  -1  -1 187  -1  -1  -1 138  -1 315  -1  -1  -1  -1  -1 181  -1 
 50  -1  -1  -1  -1  -1  -1  -1  -1  -1  -1  -1 230  -1  -1  -1  -1  -1  -1  -1  -1  -1 272 140  -1  -1 
 51  -1  96  95  94  -1 143 184  -1 273  -1  -1  -1  -1 308  -1  -1 226  -1  -1  -1  -1  -1 186  -1  -1 
 52  -1 275  -1  -1  -1  -1  93  -1  -1  -1  -1  -1  53  -1  -1  -1 139 197  49 271  -1  -1  -1  -1  -1 
 53  -1  -1  -1   8  -1  -1  -1  -1 183  -1 311 142  -1  -1 316  -1  -1 109 231  -1 309  98  -1  -1 310 

