317
8 14
19 27
10 30
3 5
22 30
21 44
2 48
6 46
7 46
20 45
18 50
12 50
6 17
23 15
21 18
2 20
17 6
12 30
16 22
7 30
11 19
24 44
1 26
3 15
21 30
22 19
18 11
8 23
11 13
1 22
16 30
12 31
23 8
7 7
3 24
2 10
7 19
4 17
22 14
23 26
8 26
5 16
4 12
2 15
3 3
6 11
20 32
7 21
13 32
8 44
10 52
12 48
22 49
18 44
19 53
2 45
2 3
13 28
3 13
12 18
8 0
17 32
1 8
22 32
21 10
11 50
7 22
5 15
2 32
1 4
7 25
21 2
22 11
18 4
12 32
15 33
8 20
23 16
13 16
3 23
6 7
4 9
13 6
16 14
24 14
24 7
15 24
4 1
2 17
8 22
18 34
6 12
10 34
3 49
23 48
7 50
21 50
12 53
13 52
14 49
18 25
23 29
7 29
1 1
12 24
20 34
17 29
2 34
11 6
5 48
6 19
16 1
12 34
3 19
8 21
6 2
17 0
11 10
13 34
20 35
2 27
16 6
21 8
18 13
7 20
1 11
21 19
23 22
3 20
11 28
16 10
16 8
13 1
23 3
18 36
22 3
20 36
2 47
10 51
11 53
3 47
8 49
6 44
14 47
13 12
2 24
3 4
17 27
18 21
10 36
1 16
7 36
23 7
12 52
22 8
24 19
3 36
1 23
6 24
7 3
21 11
18 0
22 36
15 37
8 1
22 0
12 5
2 14
11 0
15 7
13 22
13 2
4 18
15 5
21 16
20 6
7 11
10 7
2 38
8 16
20 38
18 52
11 52
19 47
13 50
22 47
6 49
23 50
2 4
7 16
21 0
17 7
22 24
15 38
8 15
12 38
18 3
5 52
0 10
1 19
7 38
1 13
11 20
13 11
21 5
18 24
23 38
15 39
22 27
3 2
6 0
6 3
2 18
4 26
5 7
23 9
5 4
18 22
21 6
13 21
10 21
14 6
12 40
2 6
20 40
11 48
6 47
18 47
19 49
3 48
8 48
23 44
13 13
18 8
17 5
16 21
20 25
22 40
0 6
7 40
11 22
5 44
2 16
1 15
17 40
2 29
13 7
16 18
18 2
8 28
3 40
22 41
7 17
1 14
11 9
21 20
6 9
0 24
24 24
20 7
18 28
18 20
12 10
16 7
18 19
12 9
13 42
11 14
20 42
3 44
6 50
10 44
2 49
8 46
23 47
19 51
13 19
21 22
18 16
7 15
2 11
5 42
16 24
22 42
12 25
17 49
11 3
1 28
18 42
8 29
11 17
23 27
1 20
21 9
16 42
7 43
2 5
22 12
17 14
3 7
12 13
21 29
6 22
16 19
2 7
7 9
10 20
12 17
17 44
9 52
5 45
4 52
24 53
16 46
15 49
1 46
0 51

