317
21 26
3 12
23 30
1 17
13 30
17 46
2 53
18 50
6 48
11 47
8 44
5 50
23 28
11 2
13 7
2 11
17 2
7 30
16 27
20 30
6 6
12 50
4 27
1 5
17 30
16 24
12 14
23 4
6 2
1 24
11 30
7 31
18 0
22 27
13 3
2 10
23 13
17 28
16 3
18 10
12 15
23 14
6 14
10 0
3 24
24 12
20 32
23 8
7 32
2 46
17 47
11 48
13 49
1 50
6 50
5 53
7 20
8 3
21 29
6 16
2 0
17 32
16 28
12 32
11 0
22 53
23 7
4 24
1 32
11 24
16 13
23 19
21 27
3 1
6 32
17 33
13 0
3 19
7 14
2 22
22 15
2 16
9 9
18 16
9 19
11 18
12 3
8 26
13 27
23 26
7 34
3 27
5 34
1 49
21 46
2 49
11 51
20 47
18 44
24 45
8 13
7 13
16 0
18 7
20 28
0 34
15 6
12 34
6 3
10 51
22 26
3 10
3 34
7 12
8 14
6 7
22 23
1 14
11 34
17 35
12 17
16 19
17 27
21 2
2 18
14 29
16 20
17 26
12 2
0 9
23 3
15 18
18 6
6 5
13 36
17 8
23 36
11 46
20 48
8 47
7 53
3 52
1 44
5 47
18 17
23 15
13 17
12 24
7 27
15 36
22 12
2 36
11 6
17 51
21 17
9 2
22 36
21 12
3 2
1 15
8 11
13 23
7 36
10 37
2 17
7 2
18 12
23 10
16 9
21 9
16 23
11 4
2 25
14 24
11 21
13 20
5 18
6 12
23 38
13 4
17 38
3 44
1 46
2 44
8 50
14 49
7 50
11 53
17 11
7 1
8 25
11 13
2 7
15 38
13 5
20 38
12 13
19 47
0 16
9 7
1 38
23 2
8 0
2 29
7 22
22 8
3 38
10 39
17 3
13 26
18 26
16 11
21 14
4 25
10 9
23 25
18 25
22 6
19 20
10 5
18 15
14 17
20 40
1 3
5 40
23 46
11 45
17 50
3 46
13 53
2 45
7 51
18 20
6 1
17 24
7 8
10 28
22 40
16 2
2 40
21 18
1 45
12 5
8 29
11 40
6 4
16 12
17 21
18 9
1 6
13 40
22 41
3 6
8 6
7 18
21 21
2 23
4 26
5 8
6 10
7 15
23 18
7 11
19 26
1 10
20 24
5 42
3 16
13 42
21 47
18 52
24 46
11 49
17 44
23 53
2 50
18 8
23 22
21 0
16 15
0 25
10 42
12 19
7 42
2 13
19 45
22 14
3 26
1 42
2 5
22 29
8 23
13 13
7 25
18 42
15 43
11 11
6 15
3 20
12 9
23 5
7 29
0 26
0 6
2 9
4 12
6 27
0 13
16 44
19 48
15 44
12 49
10 49
9 48
4 45
22 51
0 46

