317
2 6
14 15
5 30
12 14
18 30
22 51
1 45
3 45
21 47
16 51
13 49
7 48
21 27
7 2
6 7
22 27
17 6
15 30
20 7
2 30
13 2
8 52
12 15
11 3
8 30
7 21
13 15
1 0
21 5
18 28
11 30
22 31
6 15
2 7
16 1
17 27
2 22
17 19
24 16
20 26
1 16
1 1
19 5
1 2
7 7
3 2
13 32
2 21
18 32
1 52
16 45
11 50
22 48
6 52
4 44
5 47
6 27
23 6
1 11
7 6
15 20
10 32
8 5
20 32
12 18
2 52
0 28
17 23
6 32
17 2
7 19
21 11
23 5
16 9
2 32
10 33
13 1
21 14
1 23
18 10
8 10
6 8
16 19
16 21
15 19
24 17
16 16
14 23
16 10
11 13
3 34
2 29
13 34
7 47
12 44
6 47
21 48
5 52
18 45
1 48
7 22
21 21
3 23
1 4
12 16
22 34
19 26
15 34
18 18
9 51
8 27
2 26
8 34
17 7
13 27
12 1
3 9
7 5
6 34
22 35
16 3
1 20
23 28
2 20
11 29
15 10
8 21
3 8
1 28
2 14
6 22
12 29
1 13
21 18
5 36
11 6
18 36
13 48
3 46
12 52
14 48
16 53
2 46
4 46
12 17
16 7
1 18
22 12
2 3
23 36
15 22
7 36
21 28
17 47
11 18
10 5
17 36
16 18
7 9
8 25
3 11
11 0
2 36
22 37
6 10
2 19
13 7
18 17
21 7
1 14
4 9
12 4
11 8
6 18
20 12
2 2
14 5
1 24
5 38
16 11
3 38
21 44
22 49
12 51
18 51
13 45
11 46
2 47
2 13
22 11
11 27
6 16
12 19
7 38
23 19
17 38
1 17
20 50
0 12
16 26
11 38
18 26
1 8
23 11
3 15
6 25
21 38
7 39
22 4
17 11
12 3
12 24
16 6
15 2
20 29
21 23
24 27
9 2
24 23
13 23
1 29
21 13
3 40
2 9
13 40
19 53
16 46
12 47
5 44
11 47
18 49
6 50
16 14
3 25
18 2
1 27
13 28
7 40
10 28
22 40
6 14
20 45
17 10
2 18
6 40
2 23
21 1
23 10
18 12
12 10
1 40
7 41
11 7
16 29
17 8
3 16
13 5
4 10
8 18
6 5
13 10
15 12
18 15
9 6
21 20
12 22
13 42
6 12
3 42
2 51
19 52
1 49
18 46
22 52
11 51
5 53
22 28
18 4
13 26
16 25
3 0
10 42
0 11
7 42
17 12
24 49
23 9
6 3
23 42
21 9
12 7
7 20
3 17
6 13
18 42
15 43
1 7
8 29
22 1
2 0
11 20
6 9
18 27
18 22
9 29
21 4
2 5
5 27
23 49
24 51
20 52
10 51
0 53
8 49
9 49
17 53
15 50

