317
11 14
18 16
13 30
8 5
3 30
2 50
23 52
6 53
19 47
1 47
21 46
7 50
1 8
11 20
13 12
21 11
2 16
5 30
0 24
15 30
22 4
8 45
20 7
12 9
1 30
2 6
13 10
17 8
21 16
6 18
12 30
22 31
3 7
16 9
11 4
8 9
18 26
0 28
6 16
14 4
12 5
2 11
10 17
21 29
1 28
19 0
2 32
16 0
13 32
12 50
11 46
23 48
6 45
8 53
18 47
4 45
12 6
6 19
13 20
11 12
2 21
22 32
17 21
7 32
21 5
16 46
0 5
15 22
12 32
11 18
2 27
8 20
7 24
23 0
17 32
20 33
3 10
6 26
18 27
13 13
1 18
0 26
0 27
10 7
0 16
4 12
3 14
4 21
7 19
11 6
3 34
21 28
13 34
16 45
12 44
2 49
18 50
6 46
8 47
23 45
23 7
13 4
12 16
6 3
3 9
17 34
22 10
7 34
11 29
19 50
1 14
21 26
21 34
3 3
11 11
13 23
8 10
23 5
12 34
15 35
2 5
7 23
17 29
6 4
22 20
22 16
1 25
7 9
7 7
21 24
21 8
23 26
18 6
7 3
3 36
6 6
13 36
8 44
2 47
1 50
11 52
16 53
21 53
19 48
21 10
1 4
8 1
16 18
2 20
22 36
17 19
10 36
7 14
20 49
6 20
15 4
16 36
17 5
7 28
12 8
1 29
11 8
2 36
22 37
13 16
3 19
8 28
18 7
21 4
16 8
21 15
12 13
14 14
3 4
4 0
7 10
19 3
18 0
3 38
8 11
13 38
6 47
21 48
12 47
16 49
11 49
7 45
23 50
6 29
11 7
7 26
21 12
12 1
23 38
8 14
0 38
16 1
20 45
15 11
17 6
7 38
2 18
18 10
16 7
11 13
21 7
12 38
22 39
13 28
3 11
8 7
6 22
1 5
0 9
5 10
11 3
14 9
24 28
24 16
12 7
8 29
23 15
3 40
6 14
13 40
1 52
18 48
2 46
12 46
7 49
21 49
16 48
1 19
13 2
21 0
12 11
2 15
7 40
24 24
17 40
11 27
15 49
22 5
6 21
22 40
17 17
2 12
21 23
6 10
8 0
16 40
10 41
3 6
18 5
7 25
1 2
13 7
12 19
6 23
17 24
7 13
14 27
10 5
9 15
21 22
6 12
3 42
2 3
13 42
12 52
8 46
1 46
23 49
18 45
11 53
19 45
1 13
13 25
11 1
18 1
22 17
15 42
24 11
7 42
3 2
0 49
10 15
2 10
21 42
21 3
6 0
13 11
1 7
12 21
18 42
15 43
2 19
11 25
23 1
3 8
7 11
1 15
1 27
0 15
22 3
14 2
20 20
9 5
22 44
9 50
5 46
24 47
0 46
17 52
15 51
10 52
20 44

