317
11 20
6 6
20 30
18 5
2 30
1 53
8 53
13 53
5 53
0 47
7 49
17 50
11 11
1 23
8 15
7 5
2 23
22 30
15 12
12 30
21 4
16 51
9 11
18 25
8 30
12 5
6 1
18 8
21 9
3 4
11 30
22 31
13 8
16 26
17 16
2 29
16 15
24 3
4 14
17 28
14 28
12 7
16 7
19 13
3 3
13 29
0 32
18 3
5 32
17 45
11 50
7 47
23 44
21 49
24 51
2 47
3 13
1 3
11 12
2 26
17 4
22 32
16 19
7 32
6 20
12 46
10 3
19 17
17 32
18 11
11 5
7 2
8 14
23 26
2 32
20 33
12 18
7 11
3 9
16 1
13 21
15 26
18 18
6 23
17 5
18 6
19 22
12 2
8 24
3 11
20 34
11 4
0 34
23 51
2 48
18 46
7 44
6 52
13 46
24 48
13 3
2 0
1 22
8 5
22 21
17 34
9 0
5 34
3 26
16 45
11 10
12 1
22 34
7 8
11 21
13 18
1 19
23 17
12 34
17 35
8 3
6 26
18 15
2 14
21 11
7 18
18 23
18 12
14 14
10 9
8 17
12 22
17 20
7 28
20 36
6 5
23 36
8 49
0 49
1 51
5 46
2 50
13 49
18 44
21 22
1 21
2 11
12 23
22 15
10 36
3 5
17 36
8 11
9 51
6 10
16 8
6 36
21 28
18 0
17 6
8 12
13 15
2 36
10 37
1 24
2 1
23 7
22 14
7 26
1 9
24 28
2 2
2 3
0 27
23 16
3 12
2 13
17 9
0 38
8 21
5 38
23 52
11 46
24 47
21 44
7 45
3 46
18 53
7 20
18 27
6 24
1 28
2 8
20 38
8 29
12 38
23 0
15 49
4 9
16 24
8 38
13 14
16 29
18 16
1 27
12 28
2 38
20 39
3 7
23 4
6 16
6 25
11 29
20 13
2 24
23 27
6 7
13 22
3 27
13 13
13 24
23 1
5 40
7 6
20 40
8 50
1 47
17 53
18 50
24 44
11 44
0 48
8 28
18 2
6 9
17 29
20 1
2 40
22 1
12 40
1 5
10 46
7 7
16 23
17 40
8 9
22 18
21 7
18 20
12 4
7 40
2 41
11 3
6 13
16 14
1 12
13 11
2 16
18 9
5 11
18 7
16 28
2 18
20 19
18 10
13 17
0 42
8 1
5 42
21 46
17 49
20 48
11 48
23 49
7 48
24 46
11 2
7 17
6 15
2 19
23 8
3 42
8 18
15 42
13 9
12 44
14 8
22 13
8 42
3 16
21 2
16 27
18 21
12 26
23 42
2 43
6 28
17 24
1 7
7 14
13 1
0 1
1 8
22 3
5 24
24 4
17 17
2 27
16 44
12 49
14 50
9 46
19 51
22 52
15 47
4 46
10 45

