317
7 24
18 25
8 30
21 18
0 30
12 49
11 46
10 46
3 52
4 46
22 50
2 48
11 29
2 27
22 21
16 8
7 10
3 30
23 24
12 30
17 5
21 46
19 19
6 19
22 30
21 26
3 5
12 7
13 0
6 27
2 30
15 31
23 10
11 23
1 20
8 3
11 28
1 4
8 20
20 7
23 21
4 24
18 1
20 12
4 26
2 26
12 32
11 25
7 32
1 45
9 50
21 47
18 48
3 49
15 48
10 47
1 19
13 15
3 24
12 17
7 2
17 32
16 22
22 32
21 19
11 44
6 3
0 0
1 32
22 10
23 26
8 26
7 11
3 14
11 32
17 33
16 4
6 8
13 14
1 0
21 8
22 14
7 19
19 2
7 17
13 3
9 0
16 19
21 5
11 21
0 34
18 6
12 34
15 49
10 51
9 49
8 47
4 51
3 53
2 52
1 8
3 18
13 9
12 4
15 18
7 34
20 20
22 34
2 16
18 49
17 1
14 28
2 34
17 11
11 1
12 25
23 17
1 22
3 34
5 35
16 26
22 19
7 16
21 12
13 19
15 3
8 24
16 14
17 0
0 16
20 14
18 27
3 8
7 22
12 36
22 20
10 36
21 50
2 53
1 50
9 46
18 46
8 44
4 50
3 2
21 29
11 14
16 1
12 20
17 36
22 5
0 36
8 8
23 53
6 11
5 16
23 36
22 24
1 9
2 18
6 15
18 26
8 36
15 37
3 9
8 21
11 9
21 0
13 24
11 2
10 8
24 11
22 28
16 15
16 7
23 7
9 4
15 27
10 38
8 5
2 38
12 46
21 45
1 47
7 47
0 51
13 46
18 53
1 7
7 21
11 5
23 1
12 13
20 38
8 6
17 38
3 13
6 47
4 4
16 6
6 38
12 15
17 26
18 7
3 16
21 20
1 38
22 39
2 1
13 5
7 0
8 17
11 4
13 12
9 9
6 12
12 29
6 4
6 22
11 18
12 18
9 13
10 40
13 23
7 40
15 50
21 49
1 52
4 47
22 51
3 44
18 44
18 12
11 24
8 0
7 29
12 21
20 40
17 9
0 40
16 10
24 52
6 24
23 28
23 40
18 15
1 10
3 17
2 13
8 11
13 40
20 41
11 0
16 12
17 27
12 2
6 9
11 17
24 19
10 2
1 1
0 10
9 22
12 10
21 6
4 11
0 42
3 22
10 42
15 52
7 48
2 46
8 48
18 45
9 47
22 53
16 13
2 3
1 11
17 21
7 4
20 42
23 12
12 42
18 16
6 52
3 7
5 8
23 42
21 7
13 10
3 1
8 15
1 28
16 42
17 43
6 10
2 6
22 23
7 1
11 22
11 27
6 2
21 3
12 3
21 17
3 0
10 29
23 47
20 51
14 48
24 48
5 44
16 52
17 44
6 49
19 51

