317
7 17
4 4
15 30
11 9
22 30
21 46
12 46
8 49
1 49
9 49
3 46
6 47
23 26
3 21
1 4
22 1
7 8
17 30
5 27
12 30
16 14
2 53
20 17
11 20
21 30
22 0
1 27
13 28
16 0
6 0
3 30
17 31
23 17
11 6
8 1
7 19
11 13
16 11
16 27
22 24
12 18
17 15
5 15
10 11
21 11
8 23
3 32
7 6
15 32
6 49
9 45
22 46
11 45
17 53
1 48
23 46
3 28
16 5
6 5
1 7
23 3
12 32
2 11
17 32
11 24
7 48
5 6
20 22
23 32
1 13
3 1
17 14
21 0
11 3
7 32
12 33
18 21
16 3
6 15
23 13
2 26
17 26
1 5
18 1
22 18
3 6
6 26
2 7
23 20
18 8
8 34
6 29
3 34
1 53
16 53
7 51
21 49
11 51
12 44
17 46
3 9
12 12
1 9
16 13
7 11
10 34
24 25
20 34
18 2
13 53
6 8
2 3
23 34
11 25
8 21
7 12
3 13
22 20
6 34
15 35
12 4
1 24
17 22
2 20
21 18
2 17
14 19
1 16
3 24
11 8
0 7
17 8
22 22
12 22
3 36
11 21
8 36
16 47
15 44
18 45
23 49
21 51
6 44
1 50
1 2
21 20
23 4
3 15
15 10
17 36
20 26
5 36
12 6
2 44
11 27
13 7
21 36
23 5
6 9
8 20
3 22
16 29
1 36
17 37
7 10
2 23
11 15
22 8
13 27
6 27
17 20
2 28
1 20
16 22
13 1
12 8
22 21
17 1
15 38
21 10
7 38
1 45
11 46
4 51
18 52
9 44
23 45
6 53
23 21
22 19
16 26
11 19
7 2
13 38
21 13
1 38
17 11
10 44
5 8
19 0
23 38
18 22
17 3
2 12
3 23
7 1
21 38
12 39
1 25
22 3
8 13
8 17
16 4
11 26
11 14
7 3
9 16
13 12
21 7
0 22
9 7
23 8
21 40
1 26
15 40
4 49
17 49
6 46
11 53
8 44
3 50
7 49
16 18
11 29
22 11
21 12
7 14
13 40
5 22
17 40
23 19
10 51
1 21
2 8
6 40
2 0
21 19
8 29
16 8
22 26
3 40
12 41
17 5
18 19
1 0
11 17
23 11
18 16
2 22
0 6
19 14
0 24
8 28
14 14
23 22
12 0
8 42
7 4
15 42
3 52
18 47
6 51
21 44
1 47
11 49
22 49
16 12
6 22
8 19
17 2
10 0
22 42
20 8
2 42
18 23
13 46
7 22
14 11
13 42
18 24
12 26
3 10
8 6
23 24
1 42
17 43
6 7
2 4
16 23
7 13
22 17
17 28
24 0
9 28
20 16
9 22
18 28
15 27
13 52
24 45
14 45
20 44
5 46
2 50
0 51
19 52
10 49

