317
16 21
14 16
0 30
3 15
20 30
18 52
6 52
22 51
8 44
11 46
13 46
2 53
16 24
6 5
8 22
13 23
0 2
23 30
3 9
17 30
21 4
7 50
10 4
12 3
8 30
7 5
1 3
12 8
21 26
18 29
3 30
22 31
6 28
11 28
2 16
16 6
11 5
18 9
20 13
21 23
7 0
1 26
6 24
8 18
8 10
2 21
22 32
1 0
13 32
16 48
3 52
21 52
18 44
6 50
20 46
0 52
8 11
13 11
3 17
6 23
22 14
17 32
7 11
10 32
16 16
1 53
4 22
24 18
7 32
8 2
2 20
11 16
12 11
16 12
21 32
17 33
3 14
11 13
22 29
6 6
1 14
6 12
23 27
14 12
5 29
14 9
17 20
18 22
17 1
3 12
20 34
16 19
13 34
8 46
1 48
18 53
6 53
2 49
11 48
0 45
6 17
2 4
1 20
21 20
12 20
17 34
5 4
22 34
8 1
4 50
10 25
16 14
1 34
18 3
11 8
13 3
22 25
2 25
12 34
7 35
17 6
23 23
7 18
21 25
3 23
14 3
9 27
14 7
18 18
23 28
2 5
15 9
1 25
2 23
17 36
6 15
13 36
3 53
0 50
22 46
11 49
16 53
21 51
20 45
21 21
13 2
11 23
1 15
17 11
22 36
15 5
7 36
3 7
4 46
12 18
6 9
1 36
13 27
6 3
7 23
3 13
21 8
16 36
22 37
18 5
16 0
12 27
11 20
2 8
23 16
22 18
10 29
5 13
10 10
21 22
11 12
8 27
17 23
0 38
6 8
13 38
16 50
22 53
11 51
23 45
2 50
18 48
21 49
13 14
8 24
11 15
22 4
18 23
23 38
12 29
2 38
21 10
6 49
15 19
7 1
16 38
13 7
3 19
1 11
18 24
12 2
11 38
20 39
6 11
23 24
8 0
7 25
17 0
6 10
11 0
4 24
1 18
23 6
24 23
23 1
17 18
20 18
13 40
21 29
0 40
8 51
23 47
11 53
3 47
2 47
16 44
6 44
16 25
1 10
13 26
11 19
2 2
5 40
7 12
17 40
23 13
9 52
12 28
21 14
3 40
17 2
13 10
1 27
2 7
12 12
16 40
22 41
7 9
18 14
11 4
8 5
21 12
18 2
12 15
6 13
4 27
18 12
0 7
22 11
11 11
20 14
0 42
16 26
22 42
8 47
13 45
21 48
3 51
6 45
18 47
17 50
22 15
8 8
6 18
1 12
17 17
3 42
7 17
12 42
23 7
24 52
15 29
16 11
6 42
7 21
22 28
11 27
18 1
13 0
17 42
2 43
16 27
12 7
8 9
1 8
21 6
10 22
4 6
16 2
18 20
7 27
7 8
8 21
10 51
19 46
15 51
4 48
24 53
7 49
5 46
12 47
9 46

