317
23 18
14 18
8 30
7 17
15 30
21 46
3 47
17 52
11 46
19 52
13 52
18 45
21 20
6 3
8 19
2 9
17 13
10 30
7 9
22 30
16 26
12 47
0 26
1 9
21 30
22 28
8 0
11 21
1 28
16 23
6 30
2 31
23 16
12 22
7 13
17 27
11 24
24 15
6 16
7 16
5 4
4 18
13 19
12 15
7 0
8 26
18 32
22 1
2 32
23 48
9 48
11 45
16 53
21 53
14 46
13 51
11 12
18 5
13 14
17 16
2 25
23 32
12 12
5 32
8 20
22 53
1 3
4 27
1 32
21 11
18 28
6 4
7 10
2 19
11 32
15 33
23 15
2 10
12 29
3 22
8 12
17 0
10 8
22 20
22 5
16 6
15 27
22 24
13 4
16 11
2 34
21 0
18 34
22 51
9 53
23 45
8 45
14 49
17 49
15 46
3 19
21 26
8 1
6 23
17 25
22 34
4 17
11 34
7 7
10 46
0 27
1 4
21 34
2 21
11 26
13 21
17 29
23 4
8 34
5 35
3 8
12 11
7 18
18 6
22 2
1 26
5 5
4 4
11 5
14 0
23 29
16 0
19 0
3 5
22 36
2 0
13 36
7 47
9 44
8 52
11 48
16 52
18 47
21 50
13 23
23 28
22 27
12 16
7 5
10 36
1 23
15 36
21 24
2 48
6 27
0 5
6 36
7 25
18 10
17 2
23 3
13 18
21 36
10 37
16 10
21 18
1 16
8 15
2 15
13 13
12 3
10 26
21 12
21 4
24 0
23 2
22 17
19 13
15 38
21 19
8 38
3 44
13 47
2 47
23 46
17 50
18 46
11 44
8 29
3 11
16 28
6 1
17 11
22 38
21 9
12 38
7 24
24 51
4 12
1 25
3 38
13 25
18 21
1 13
16 13
8 8
2 38
5 39
22 23
12 24
23 19
21 8
11 10
14 4
5 23
2 13
0 6
8 27
8 18
10 5
21 2
23 5
2 40
8 21
15 40
9 46
7 49
11 49
18 52
22 48
13 44
17 47
16 2
21 23
7 12
22 3
2 17
10 40
1 29
17 40
13 17
24 45
6 26
8 3
22 40
6 25
2 18
1 2
3 26
16 4
21 40
12 41
17 20
7 19
8 22
11 16
18 18
18 14
3 28
6 6
2 7
2 11
20 17
19 6
22 26
17 9
13 42
11 29
18 42
21 44
8 50
15 53
3 50
23 52
16 44
9 50
13 8
21 21
23 13
22 18
18 24
2 42
4 23
6 42
17 15
12 46
11 15
10 23
23 42
1 20
17 1
7 28
11 18
6 17
22 42
0 43
13 27
8 17
21 25
12 28
16 29
10 15
12 1
1 14
23 23
3 12
10 3
10 20
12 44
5 53
20 46
10 47
4 45
1 48
24 53
6 44
0 50

