317
21 21
18 7
0 30
3 7
7 30
13 46
23 46
16 48
6 49
9 47
11 48
2 51
21 6
2 27
1 4
16 4
8 3
13 30
5 6
22 30
18 14
3 45
10 17
17 14
17 30
2 19
18 19
21 23
11 20
8 4
3 30
12 31
1 1
22 8
6 24
7 19
22 17
12 6
12 15
14 14
6 1
0 18
4 5
6 25
6 28
8 24
23 32
7 23
1 32
16 52
3 44
21 46
13 53
11 53
0 48
9 52
21 9
6 11
23 4
11 19
2 25
12 32
22 28
17 32
16 2
7 44
4 12
5 7
7 32
1 3
2 14
16 17
6 20
11 18
21 32
12 33
18 5
16 3
22 29
7 5
3 17
21 24
23 26
11 6
21 4
20 12
8 7
4 23
6 19
16 28
7 34
3 20
12 34
9 53
2 44
24 52
23 52
1 51
11 52
0 50
23 18
7 27
1 17
17 5
12 24
5 34
4 10
20 34
18 20
15 45
14 12
3 4
2 34
23 11
12 28
13 10
6 3
1 26
11 34
17 35
22 9
8 16
18 18
7 17
3 16
23 28
11 15
6 17
22 21
12 8
18 15
1 13
6 16
7 28
0 36
8 11
23 36
11 47
13 44
16 53
18 49
12 45
21 48
9 44
16 0
21 27
6 29
1 22
12 11
2 36
20 8
17 36
7 2
22 52
8 12
10 26
16 36
6 22
13 5
11 13
17 20
1 25
21 36
2 37
23 8
23 19
8 2
12 23
18 22
17 6
0 27
3 27
11 26
23 21
21 12
18 24
12 1
8 20
23 38
13 0
0 38
21 44
18 52
6 51
11 49
9 48
7 45
16 49
1 21
11 2
6 6
21 7
22 2
2 38
13 7
17 38
8 5
10 50
20 27
5 27
12 38
18 16
16 8
23 29
6 9
1 12
21 38
2 39
22 25
13 12
11 29
11 8
8 19
3 21
20 3
20 15
11 9
15 16
9 26
8 23
16 12
21 15
23 40
11 16
0 40
9 49
12 47
7 47
2 46
3 48
18 51
8 45
23 6
18 25
8 27
7 10
0 20
3 40
19 0
12 40
6 23
11 50
22 1
17 29
2 40
22 7
12 3
13 1
11 3
1 8
18 40
5 41
17 15
16 11
23 0
8 26
3 10
6 14
0 21
19 21
3 14
17 24
9 29
8 9
21 28
12 25
0 42
13 27
8 42
23 49
18 48
24 44
16 46
7 48
6 45
11 51
11 10
23 13
21 13
16 23
7 1
17 42
5 9
2 42
12 21
22 48
13 16
14 9
13 42
18 6
3 18
21 11
8 18
23 9
11 42
17 43
7 22
22 14
16 18
6 2
2 9
1 29
5 2
0 22
2 23
17 23
2 2
9 4
22 50
17 44
15 50
14 52
20 46
5 48
10 51
4 45
19 46

