317
3 0
14 12
15 30
1 8
10 30
7 47
21 46
23 52
12 52
20 53
6 49
17 49
16 27
6 1
12 5
11 23
2 14
22 30
9 12
17 30
21 5
8 46
13 21
1 26
3 30
2 10
13 17
18 1
21 13
7 9
12 30
22 31
1 22
16 6
6 4
8 0
17 7
2 7
20 9
22 12
16 0
6 28
2 27
9 8
21 9
15 18
22 32
17 12
10 32
3 51
1 49
6 48
7 44
13 44
16 47
20 49
16 17
21 26
23 28
22 1
10 28
3 32
8 13
12 32
1 25
5 50
18 27
17 4
16 32
12 23
1 12
7 6
17 20
13 15
21 32
2 33
6 29
8 17
23 13
11 24
18 10
3 25
5 0
9 9
11 16
7 16
11 17
16 5
22 25
3 23
10 34
17 25
15 34
23 46
12 53
7 53
6 53
20 47
1 46
21 50
11 25
1 1
16 12
6 27
22 9
7 34
18 8
12 34
3 4
4 51
2 1
17 3
1 34
11 10
16 3
17 28
21 25
2 17
18 34
7 35
13 6
23 17
6 5
22 0
3 9
6 19
15 12
5 7
13 0
18 23
12 26
6 8
3 6
21 10
6 36
22 20
10 36
12 44
14 50
23 48
20 52
1 52
16 46
15 47
16 10
7 7
12 14
17 5
23 4
18 36
9 20
2 36
11 3
13 51
22 16
8 4
22 36
8 6
3 16
2 18
11 27
16 4
12 36
17 37
1 17
12 12
6 16
7 28
23 7
14 13
14 27
6 13
12 0
14 29
7 14
3 11
15 20
10 24
13 38
3 22
20 38
22 52
7 52
6 44
23 50
12 47
11 44
16 52
12 20
6 15
11 2
1 9
22 6
7 38
3 12
17 38
13 3
9 44
24 10
4 25
6 38
21 27
13 24
12 3
16 13
3 27
22 38
0 39
18 24
23 24
7 13
8 2
17 21
0 0
21 12
9 10
8 11
24 12
24 28
12 9
12 17
23 16
10 40
22 27
13 40
21 48
16 48
6 52
7 46
20 48
1 51
15 53
6 22
11 4
16 20
17 11
12 10
20 40
5 13
2 40
18 12
0 48
8 20
22 18
16 40
6 20
1 29
3 21
2 24
22 28
8 40
17 41
11 22
13 23
7 8
12 8
21 15
0 13
19 3
0 5
7 21
19 24
9 16
22 13
3 7
20 13
13 42
16 19
22 42
17 53
6 46
15 51
12 46
7 48
21 44
1 45
17 22
23 0
22 11
13 4
7 25
10 42
18 4
2 42
6 2
16 49
24 6
9 21
6 42
11 20
8 28
23 5
18 19
2 29
7 42
10 43
17 16
21 14
13 12
16 7
3 15
5 15
12 19
2 13
4 3
7 0
9 14
1 15
8 47
4 52
5 44
9 51
19 45
18 48
2 50
24 50
0 49

