1 5061 135.203000 12186 1621 828 437 1000 6000 2300
2 11752 136.359000 14518 1571 722 425 2000 7500 2300
3 28380 145.360000 8591 1666 777 448 3000 1500 1200
4 6303 140.343000 12750 1614 905 431 3000 4500 2300
5 18456 138.860000 20221 1619 781 421 8000 7000 2400
6 3009 133.922000 12707 1526 643 438 3000 5500 1600
7 6077 137.718000 10663 1607 739 417 1000 5000 1900
8 9376 138.688000 14435 1556 954 425 4000 6000 1500
9 5874 140.328000 15154 1502 726 426 7000 4000 1500
10 5378 141.938000 13598 1505 864 429 4000 5000 1800
