317
21 16
11 22
18 30
2 2
8 30
6 45
3 46
12 52
13 53
5 48
22 53
17 44
17 25
6 6
8 7
3 2
18 18
22 30
16 27
12 30
21 13
7 47
1 8
2 25
1 30
3 24
6 26
12 16
21 18
18 19
7 30
22 31
2 26
13 9
8 26
16 14
12 1
2 27
22 4
9 11
8 4
17 20
9 12
19 28
18 26
19 25
23 32
21 14
5 32
22 50
8 50
2 48
11 51
13 46
9 46
17 50
6 7
22 13
8 5
23 11
17 8
12 32
7 12
2 32
1 27
21 52
16 6
10 15
7 32
18 6
17 14
3 17
6 19
11 27
21 32
12 33
2 5
1 3
23 29
7 11
16 2
2 17
7 28
23 6
22 24
11 3
17 3
3 14
3 28
19 4
8 34
18 23
23 34
21 49
22 45
17 45
11 47
12 45
2 51
13 51
8 21
11 1
17 15
12 24
22 15
2 34
4 22
5 34
13 7
16 48
18 27
1 6
1 34
6 3
18 22
17 27
22 10
2 12
16 34
12 35
7 1
21 21
12 22
23 28
3 25
0 9
11 14
6 8
1 13
23 2
14 11
12 25
11 10
21 12
23 36
2 21
18 36
8 53
9 45
6 48
12 53
13 50
3 49
17 48
8 10
3 12
17 21
7 13
23 23
5 36
1 0
12 36
18 15
16 47
22 19
2 28
17 36
16 5
12 4
11 0
1 22
8 23
2 36
5 37
13 13
2 14
23 12
18 16
21 23
18 1
17 11
5 10
14 5
19 15
23 7
20 2
22 16
3 7
23 38
8 6
12 38
11 50
17 49
6 53
21 47
5 47
9 50
18 51
23 25
6 4
11 16
17 26
12 23
20 38
16 12
0 38
18 12
8 44
14 2
7 8
8 38
1 11
2 18
7 7
22 3
12 9
6 38
17 39
23 5
16 1
13 17
11 12
21 22
18 3
10 20
7 18
12 11
20 22
13 27
17 10
11 28
23 9
5 40
21 5
8 40
24 48
18 45
13 52
22 51
12 47
3 47
17 52
8 2
12 26
13 22
11 18
15 20
17 40
7 14
2 40
6 1
1 51
20 13
21 8
12 40
6 22
3 8
1 20
2 6
22 1
7 40
17 41
11 19
16 17
8 14
13 5
21 7
14 9
10 27
6 29
7 10
3 16
9 28
9 24
8 16
12 29
5 42
13 0
23 42
21 50
17 46
22 49
2 53
18 53
9 53
11 48
11 8
8 27
6 0
22 18
0 25
20 42
7 22
17 42
2 0
13 45
14 4
16 11
22 42
3 15
13 26
18 11
8 29
16 18
11 42
2 43
7 2
17 0
1 23
6 16
23 16
21 28
6 5
3 23
23 21
20 5
7 26
16 25
1 47
14 45
10 49
4 46
15 52
16 53
20 47
7 53
0 53

