317
11 2
24 4
15 30
6 1
22 30
13 50
1 48
19 52
3 51
20 51
8 45
18 49
11 28
18 14
16 7
3 12
22 6
7 30
17 23
12 30
1 18
6 53
0 24
21 27
21 30
18 6
23 28
13 14
22 10
1 5
17 30
2 31
11 14
8 8
6 25
7 20
13 29
13 4
1 19
19 17
7 25
7 13
23 0
20 3
3 23
6 23
23 32
1 20
20 32
13 52
8 44
18 45
16 48
11 45
15 52
12 46
21 29
16 20
3 17
23 12
7 11
12 32
22 5
17 32
11 12
2 53
1 8
5 22
8 32
21 9
6 5
1 17
17 2
22 22
11 32
12 33
18 17
3 20
2 1
23 2
7 2
12 10
11 0
4 14
0 10
11 13
9 9
4 26
13 18
16 9
20 34
3 24
23 34
12 49
1 50
22 44
8 47
11 46
6 48
15 48
1 27
11 9
12 6
17 10
22 18
18 34
5 11
7 34
6 4
10 49
2 23
3 22
3 34
21 11
8 4
7 7
11 11
1 25
6 34
17 35
22 13
12 8
17 4
13 15
2 19
7 12
20 17
13 1
1 6
23 13
5 16
12 24
6 21
16 2
23 36
11 6
20 36
18 50
15 47
3 48
1 51
13 47
8 48
19 50
23 16
8 23
6 18
21 22
17 25
2 36
0 5
12 36
16 21
7 50
22 3
11 24
6 36
8 29
18 16
22 23
13 23
1 16
11 36
2 37
23 4
12 21
21 18
7 29
17 13
3 3
7 28
5 18
23 5
20 24
1 1
24 9
11 21
15 12
23 38
12 7
20 38
8 51
6 51
1 52
16 53
22 50
13 53
3 53
3 11
11 29
21 6
6 24
22 24
8 38
2 28
17 38
1 14
5 44
14 26
12 2
11 38
23 8
17 20
13 21
3 27
6 27
22 38
7 39
1 2
21 4
2 9
12 3
16 23
1 21
4 29
1 22
23 27
9 22
1 29
20 13
15 0
8 24
18 40
11 25
23 40
1 44
6 45
16 46
21 49
20 52
3 45
22 51
16 16
3 18
18 29
1 10
22 21
20 40
4 11
12 40
6 28
11 48
17 15
7 21
22 40
12 20
8 27
23 10
21 16
6 3
11 40
0 41
17 16
13 11
7 10
18 1
3 14
19 10
24 22
15 11
22 17
15 19
20 29
9 23
11 15
15 5
18 42
16 27
23 42
21 45
12 45
20 50
3 52
8 53
22 47
6 50
18 3
8 14
3 2
6 17
22 14
20 42
2 3
12 42
7 18
1 46
17 26
16 0
3 42
3 6
16 17
13 6
22 0
11 7
8 42
5 43
21 14
12 18
2 5
23 19
18 2
14 29
3 8
20 23
4 0
21 8
15 10
4 22
7 45
5 45
10 45
9 53
0 50
2 46
14 50
17 51
4 45

