317
3 27
6 10
17 30
16 20
10 30
12 45
8 53
5 47
23 45
9 44
1 48
19 48
1 17
11 11
12 23
17 20
8 13
22 30
13 29
2 30
18 7
16 49
24 2
7 22
8 30
18 25
6 27
1 20
7 5
23 24
16 30
20 31
3 18
13 17
12 25
11 24
1 15
16 25
20 27
4 9
16 24
15 3
1 4
24 27
1 16
8 18
3 32
6 11
18 32
9 51
17 50
11 47
23 50
22 49
5 45
10 45
23 11
3 8
22 15
11 0
0 5
12 32
7 17
15 32
18 27
6 47
21 21
2 10
7 32
1 12
11 12
16 1
17 1
6 18
23 32
12 33
2 3
6 3
21 3
7 25
18 2
3 1
3 15
20 5
24 9
18 9
15 20
2 22
23 16
4 5
8 34
16 11
10 34
22 46
3 51
1 52
18 53
5 51
12 50
6 45
8 12
6 29
1 13
3 19
12 2
17 34
16 21
22 34
11 19
21 49
7 11
2 5
1 34
23 18
12 28
11 17
7 23
2 24
13 34
17 35
22 20
6 1
18 3
8 21
3 14
18 11
14 16
14 0
14 25
6 19
21 8
22 3
10 19
1 22
5 36
16 28
17 36
11 45
19 45
3 45
8 51
22 51
12 49
4 47
12 15
18 29
17 14
23 9
3 16
10 36
16 17
7 36
22 21
13 47
21 17
2 15
13 36
11 6
6 22
7 4
18 6
21 23
16 36
22 37
8 8
16 13
2 0
12 22
3 29
11 8
12 19
18 16
15 12
6 14
7 9
22 14
9 29
19 20
10 38
8 7
17 38
12 53
23 53
1 46
6 46
16 48
5 46
3 53
16 0
6 21
11 28
3 25
12 8
0 38
7 8
22 38
17 5
8 49
15 10
21 28
8 38
13 20
17 17
22 22
16 10
1 6
21 38
2 39
23 26
12 5
7 29
6 12
11 9
20 2
2 21
10 8
24 17
10 17
1 1
4 7
23 12
5 29
18 40
1 21
8 40
4 48
17 51
11 51
10 49
6 52
22 52
3 46
18 22
6 16
3 21
8 24
22 1
12 40
21 14
15 40
11 23
7 51
2 4
1 26
22 40
2 1
16 12
17 22
18 1
8 22
23 40
12 41
21 25
3 11
1 10
11 5
7 12
3 12
23 3
21 0
22 24
22 4
7 2
7 13
17 11
12 10
8 42
16 19
22 42
1 44
6 50
19 53
3 44
11 52
10 47
18 46
11 27
17 12
18 5
1 24
22 29
2 42
16 26
5 42
12 20
14 47
13 25
21 1
17 42
3 22
11 21
16 14
22 5
8 10
13 42
2 43
21 11
18 24
1 2
23 23
6 8
2 28
23 2
3 7
9 9
18 8
5 12
11 18
13 50
15 47
20 49
21 48
0 44
2 44
14 48
7 49
24 48

