317
22 9
12 18
5 30
11 4
3 30
1 45
18 53
21 46
19 48
13 44
17 52
23 50
21 2
6 22
18 18
16 0
0 23
13 30
2 1
22 30
17 24
7 45
11 26
8 6
2 30
1 18
6 7
21 20
18 6
13 17
8 30
15 31
3 19
23 4
7 22
11 9
22 20
18 20
19 25
18 24
8 22
23 27
5 7
15 24
18 14
15 13
5 32
23 23
3 32
22 44
21 44
11 49
16 48
1 46
13 47
12 51
21 28
6 14
22 22
11 20
3 4
12 32
7 9
17 32
16 3
8 48
23 10
2 3
1 32
8 28
18 26
2 28
3 2
11 3
23 32
12 33
17 0
2 6
21 26
6 9
16 18
8 29
8 5
2 13
1 11
21 25
18 7
15 21
11 12
23 7
17 34
1 13
3 34
16 52
6 51
22 53
12 52
5 47
21 50
19 46
3 21
22 2
21 27
11 27
18 17
7 34
2 21
12 34
23 0
10 51
15 20
1 10
1 34
11 8
23 28
22 23
18 25
3 22
2 34
7 35
13 7
16 7
8 17
17 15
21 1
7 18
17 10
15 9
1 1
12 27
14 23
24 0
21 24
6 5
3 36
1 24
12 36
16 50
15 50
17 49
23 48
11 48
22 45
5 49
16 20
3 27
21 13
12 19
22 18
17 36
10 29
7 36
11 18
2 53
1 14
14 11
21 36
23 6
6 20
11 23
3 16
16 23
1 36
17 37
13 26
2 26
12 6
22 10
8 14
15 18
11 28
24 27
2 11
2 17
2 0
6 28
12 29
15 28
5 38
13 24
3 38
23 45
11 51
21 53
17 45
1 49
22 46
16 53
21 23
6 26
11 0
1 27
2 12
23 38
7 0
17 38
12 22
8 45
0 11
13 3
11 38
2 9
17 16
16 16
3 24
21 7
13 38
22 39
8 9
12 14
7 25
6 1
1 3
13 18
11 10
13 13
8 12
22 15
3 0
4 28
15 23
21 12
3 40
11 25
22 40
5 53
12 49
16 47
13 45
18 51
17 51
6 47
16 27
3 1
18 3
2 15
22 25
12 40
19 20
7 40
1 19
10 47
24 20
11 17
16 40
13 15
8 23
6 12
7 29
18 8
11 40
0 41
22 19
12 28
17 21
23 20
3 20
11 21
3 11
11 11
6 16
11 19
18 1
17 25
13 22
4 29
5 42
17 29
15 42
1 50
21 51
19 52
23 51
11 53
18 48
3 51
6 18
1 15
3 26
21 10
18 5
22 42
8 24
12 42
16 15
7 53
2 27
17 22
18 42
22 27
13 11
6 24
2 5
8 8
11 42
22 43
17 23
7 27
21 17
16 9
3 23
13 1
6 10
20 11
13 2
14 18
4 22
14 21
14 44
20 46
24 45
2 44
8 44
7 47
0 49
10 53
9 48

