317
22 22
6 6
12 30
16 0
0 30
24 49
7 49
2 51
8 53
9 45
18 46
14 46
1 19
8 16
7 25
2 12
12 3
17 30
11 15
20 30
6 2
16 51
3 0
23 8
3 30
2 22
8 8
11 2
16 9
22 24
7 30
17 31
1 27
12 22
13 23
23 2
12 19
21 25
19 18
2 21
4 26
14 0
19 14
6 22
13 8
0 16
8 32
7 14
1 32
6 48
3 44
16 45
21 50
22 48
14 45
12 50
8 21
16 14
2 1
1 23
12 2
22 32
7 15
17 32
21 16
11 47
4 23
5 9
3 32
7 7
2 10
17 9
8 15
21 8
12 32
22 33
16 17
18 0
11 21
6 24
1 16
13 26
11 16
11 7
19 10
21 14
12 11
14 29
21 24
3 28
8 34
6 20
0 34
13 51
2 46
12 46
16 47
24 48
22 52
7 46
7 4
2 7
1 20
8 11
20 28
17 34
15 15
12 34
3 26
11 46
23 26
6 15
2 34
22 6
8 10
7 8
13 24
1 18
6 34
17 35
23 4
12 9
17 11
11 11
3 29
15 3
24 10
10 18
7 9
9 23
18 5
15 6
2 14
1 6
12 36
0 28
8 36
6 47
7 52
21 44
3 48
22 44
16 48
14 49
3 15
12 4
13 22
21 18
7 19
5 36
20 4
17 36
23 21
4 48
11 27
0 23
16 36
12 0
1 26
3 8
18 16
21 7
7 36
22 37
6 1
6 19
13 18
11 10
17 8
23 23
8 24
9 13
8 18
15 5
1 4
15 13
0 1
24 25
8 38
21 12
13 38
12 53
18 48
2 48
1 48
6 51
22 46
16 46
8 9
22 19
6 4
12 27
13 14
18 38
7 3
2 38
17 20
21 47
11 4
23 29
11 38
22 8
8 4
6 13
3 3
18 11
1 38
15 39
2 15
23 3
12 13
12 21
21 21
10 27
11 5
16 4
4 18
19 17
4 25
5 21
9 17
14 28
2 40
12 12
0 40
13 49
21 49
7 45
18 52
22 47
16 49
8 44
8 7
18 10
1 2
16 27
2 24
22 40
10 3
5 40
21 22
17 51
12 7
11 14
13 40
7 27
2 17
12 5
18 17
16 22
8 40
22 41
3 19
6 3
17 25
1 25
21 26
21 2
21 4
9 6
18 8
22 13
20 21
1 15
22 28
12 28
0 42
18 4
8 42
13 44
3 45
14 44
16 52
21 46
7 51
6 53
16 5
6 27
13 15
1 8
7 22
2 42
11 6
22 42
18 13
10 48
17 1
19 26
18 42
3 11
12 14
22 12
6 9
21 0
16 42
2 43
8 17
23 7
17 7
7 5
11 23
0 26
1 22
20 24
21 10
18 1
12 26
22 7
17 53
23 47
20 46
19 51
5 45
11 51
10 52
4 53
15 53

