317
6 4
24 14
20 30
23 24
2 30
16 53
11 45
17 53
12 47
1 49
7 50
22 45
16 22
3 28
2 20
6 19
20 3
10 30
0 6
17 30
8 22
13 45
5 15
23 13
1 30
3 27
12 14
17 28
6 15
23 4
13 30
7 31
2 24
16 5
11 17
22 10
16 19
19 7
3 26
10 2
11 19
1 1
10 5
24 20
23 28
3 14
20 32
22 3
8 32
6 52
7 53
11 51
16 46
1 46
24 47
2 45
1 21
23 29
21 26
7 14
8 27
12 32
18 28
15 32
11 29
22 47
4 23
0 0
23 32
22 27
8 12
18 4
17 3
11 8
1 32
12 33
6 27
16 0
2 28
23 18
7 10
12 15
13 23
15 16
6 22
20 25
12 21
12 26
8 11
2 1
11 34
9 2
20 34
1 44
23 46
3 46
17 47
7 48
16 47
6 50
12 9
11 4
1 20
21 1
3 4
7 34
19 28
22 34
17 16
5 53
13 27
18 27
6 34
21 8
12 18
11 28
3 12
7 11
13 34
15 35
23 10
22 13
16 14
1 13
8 14
13 12
13 7
17 21
6 26
17 4
13 20
2 21
8 7
1 6
23 36
2 27
20 36
3 53
9 50
11 52
12 53
7 46
16 44
22 50
21 12
7 15
23 26
22 20
15 7
17 36
5 7
12 36
3 15
6 47
2 10
4 16
6 36
7 16
2 12
22 17
13 21
16 27
11 36
17 37
21 4
12 25
23 11
8 3
3 17
14 27
6 23
11 9
24 0
16 17
14 9
5 24
7 0
17 9
8 38
1 26
20 38
11 50
16 50
12 45
2 47
6 49
3 47
23 50
11 10
21 10
6 10
12 16
7 21
2 38
13 26
22 38
17 29
1 47
15 0
18 19
13 38
16 2
18 23
12 29
23 21
6 3
11 38
2 39
22 9
1 8
7 12
8 17
21 29
9 24
3 16
21 28
5 13
8 23
4 5
14 20
17 1
21 15
8 40
11 27
22 40
7 44
2 48
16 51
20 46
6 48
1 51
12 52
1 4
22 2
12 5
23 3
7 18
5 40
0 29
17 40
2 15
24 45
11 6
13 22
13 40
22 28
7 9
6 24
8 8
18 14
11 40
2 41
17 15
12 10
23 25
1 22
16 28
3 10
7 29
3 8
8 19
11 18
11 12
19 4
1 12
20 0
8 42
12 7
22 42
11 48
16 52
24 52
3 51
17 45
21 48
2 52
11 16
16 11
17 14
7 26
23 7
5 42
18 29
0 42
21 13
10 49
12 8
13 29
18 42
7 23
21 11
2 6
12 23
1 17
16 42
5 43
13 2
3 13
17 26
11 11
22 11
1 29
17 17
10 6
4 28
9 17
18 12
12 0
18 44
19 46
15 49
4 47
10 46
13 49
0 45
5 46
14 44

