1 4824 1758.125000 14856 1668 743 445 5000 5500 1500
2 7613 1794.282000 23842 1788 830 424 11000 8000 1800
3 7228 1699.218000 15264 1617 704 443 4000 6000 2500
4 12462 1689.312000 15143 1653 767 423 5000 5500 1800
5 13401 1781.547000 18932 1796 699 437 6000 8000 2000
6 6553 1709.000000 10321 1551 730 440 1000 5500 1100
7 11907 1691.406000 13220 1568 801 451 6000 3000 1400
8 12190 1769.344000 15262 1672 760 430 5000 5500 1900
9 7418 1733.547000 15667 1713 716 438 6000 4500 2300
10 37715 1616.578000 11811 1533 735 443 2000 5000 2100
