317
21 13
2 29
13 30
23 1
5 30
18 45
3 51
17 53
7 52
9 52
1 52
8 53
6 26
3 23
13 6
1 10
7 5
17 30
11 9
20 30
16 22
12 45
4 15
23 26
7 30
22 26
21 27
11 3
18 24
3 15
23 30
15 31
8 14
13 9
6 11
1 9
11 10
16 11
5 28
13 16
14 21
15 11
9 14
20 13
8 15
13 12
5 32
7 10
21 32
16 48
18 53
2 52
1 44
23 48
9 51
14 46
8 7
1 24
6 22
21 5
22 2
17 32
7 19
2 32
16 8
11 45
12 18
10 13
8 32
3 11
2 21
21 25
7 12
18 13
11 32
15 33
23 15
22 18
12 9
8 25
1 25
6 29
7 3
5 5
24 8
1 28
21 18
2 19
2 25
16 12
8 34
17 1
5 34
21 44
23 46
18 51
13 53
1 47
7 44
22 52
18 8
23 21
13 15
12 19
7 22
20 34
15 28
2 34
1 15
0 51
14 19
17 17
22 34
2 16
16 29
17 10
7 14
21 15
23 34
10 35
1 23
8 20
11 8
6 21
18 11
22 10
23 6
1 16
6 4
1 3
20 19
10 3
1 13
7 8
17 36
3 24
5 36
2 50
8 44
16 47
21 46
23 47
13 50
9 50
16 13
2 27
6 13
8 0
17 3
22 36
0 1
12 36
7 17
20 50
3 12
11 7
1 36
2 6
11 15
13 14
17 22
21 23
16 36
22 37
12 26
16 27
8 10
3 20
6 8
16 9
15 13
24 21
15 0
4 0
18 14
4 7
21 3
18 27
5 38
17 6
8 38
3 45
13 52
1 53
23 44
2 49
16 51
22 48
6 9
16 3
21 24
8 13
22 23
3 38
7 28
12 38
1 29
17 49
19 16
11 24
22 38
16 4
13 10
11 14
17 12
1 19
23 38
2 39
8 28
21 9
6 5
7 1
18 18
24 6
9 15
6 1
10 18
7 24
20 28
16 6
5 20
14 18
8 40
21 20
6 40
13 44
16 44
3 50
22 44
17 46
1 48
23 52
8 29
23 4
7 16
22 3
15 17
17 40
10 15
2 40
6 15
21 45
11 22
12 25
16 40
7 2
2 24
1 17
3 7
13 17
22 40
17 41
21 4
6 3
8 8
23 20
11 28
0 25
18 10
7 21
3 19
18 12
2 20
3 14
23 3
2 22
8 42
16 0
5 42
3 48
21 53
1 50
13 48
17 45
7 45
18 48
17 26
7 13
6 17
8 1
0 21
12 42
11 25
22 42
18 7
16 49
19 18
4 2
3 42
13 0
2 11
18 1
6 28
21 17
16 42
12 43
7 9
17 20
11 5
8 16
23 13
22 4
7 0
16 25
9 20
14 11
20 8
13 21
4 47
19 53
15 51
0 53
12 49
11 53
24 49
20 51
10 53

