317
2 4
9 8
7 30
11 23
20 30
16 49
3 52
1 46
23 44
18 47
13 51
6 52
6 2
21 1
23 18
7 29
2 3
17 30
0 24
12 30
16 29
22 51
5 22
11 6
22 30
21 29
8 22
2 12
16 4
12 7
6 30
17 31
23 7
1 2
3 19
11 16
2 26
14 4
18 10
1 1
1 17
0 12
22 25
10 22
16 25
3 1
20 32
18 3
8 32
17 52
6 50
2 53
13 47
11 47
7 48
1 45
8 28
7 16
1 14
6 23
20 17
12 32
18 8
22 32
11 3
15 50
0 8
4 3
7 32
8 8
1 15
23 23
22 12
11 1
17 32
12 33
2 14
21 2
16 16
7 8
3 15
15 28
16 22
10 5
22 11
15 9
17 19
19 12
1 23
11 5
17 34
6 20
13 34
21 47
7 49
23 50
2 44
20 45
16 52
8 48
16 13
17 2
18 16
7 18
12 22
20 34
22 7
2 34
1 11
0 44
5 9
6 14
12 34
3 11
18 18
17 8
23 5
13 17
16 34
7 35
2 1
21 16
7 12
22 0
11 25
22 4
15 7
4 26
23 14
2 0
6 22
11 2
20 7
7 21
13 36
18 13
8 36
16 48
17 53
1 48
6 46
2 47
21 46
11 49
1 27
13 23
6 0
2 25
8 18
3 36
10 19
22 36
16 1
12 44
18 17
15 10
6 36
16 8
13 12
11 22
8 9
1 3
21 36
2 37
23 26
21 25
18 20
12 15
7 20
13 2
18 22
17 16
16 24
13 15
10 7
1 26
2 16
17 0
8 38
16 10
13 38
23 48
1 47
18 52
7 46
20 53
3 49
21 50
21 22
18 6
23 3
13 21
7 7
10 38
22 8
2 38
12 29
15 45
6 26
16 27
22 38
3 10
16 11
18 15
7 1
2 6
6 38
10 39
8 1
13 29
23 4
21 20
1 4
14 26
21 23
7 22
2 13
0 5
23 1
23 22
18 24
21 0
13 40
17 29
1 40
6 51
8 52
11 45
16 45
3 53
7 44
23 52
6 25
18 9
13 4
11 8
2 7
22 40
4 22
7 40
16 17
20 48
12 21
17 12
17 40
7 3
12 25
11 20
13 18
16 6
6 40
22 41
3 17
8 4
18 21
2 19
21 6
5 13
18 14
8 3
12 23
11 26
21 14
19 20
11 18
2 17
8 42
16 14
20 42
17 50
7 53
23 46
18 51
13 49
1 53
3 45
18 23
17 21
8 20
7 25
3 5
22 42
24 6
12 42
6 8
15 47
16 21
0 11
17 42
6 29
3 25
16 5
23 19
11 19
1 42
5 43
22 13
18 27
8 6
21 7
12 19
22 23
21 19
16 3
13 25
21 4
10 10
19 7
12 50
4 48
15 53
0 47
24 51
22 45
10 53
5 45
19 48

