317
21 26
6 18
15 30
2 19
10 30
3 47
1 51
5 46
7 46
4 48
13 45
8 44
21 9
3 0
1 16
11 27
7 27
18 30
9 3
22 30
17 6
2 50
14 0
12 23
12 30
11 29
7 29
23 2
1 17
16 15
8 30
17 31
13 14
22 15
3 27
2 9
22 14
21 8
14 18
20 1
12 8
23 15
21 12
7 10
13 17
19 29
1 32
11 15
15 32
3 49
6 50
21 50
8 52
7 51
4 52
10 49
13 5
3 5
1 2
2 11
8 2
22 32
17 1
5 32
21 10
18 46
11 28
12 22
18 32
17 29
1 12
8 22
7 15
21 14
13 32
22 33
2 26
6 11
11 24
16 6
3 17
14 21
0 9
4 9
2 21
14 7
6 0
13 3
11 14
7 4
15 34
6 14
3 34
1 49
2 46
8 51
23 53
10 53
19 47
5 48
16 20
2 3
3 21
8 14
10 10
22 34
18 10
12 34
1 20
9 50
6 29
17 12
6 34
13 20
16 13
17 5
1 1
8 13
18 34
20 35
12 10
2 5
23 17
3 18
7 11
17 26
16 3
3 26
10 23
1 6
23 5
13 4
13 10
1 24
5 36
21 11
15 36
11 47
10 50
2 47
3 52
8 53
23 45
4 49
6 4
3 11
2 2
11 6
22 12
7 36
14 23
17 36
13 28
0 45
21 21
12 15
12 36
11 1
18 26
16 1
21 6
6 5
23 36
7 37
17 9
23 18
3 4
13 12
1 11
14 20
12 9
10 15
17 10
9 0
4 3
18 6
5 7
15 14
10 38
16 24
3 38
8 48
6 44
2 51
21 48
1 44
19 49
23 46
1 3
8 1
2 25
3 12
17 17
22 38
7 12
12 38
21 1
9 46
16 2
0 20
6 38
2 7
17 13
16 14
13 22
3 7
1 38
22 39
11 4
21 17
8 0
8 15
12 28
4 24
21 29
2 27
6 15
22 4
17 22
21 5
3 16
5 29
10 40
1 23
6 40
23 48
16 51
13 47
8 46
19 52
2 52
21 46
13 23
21 7
11 12
23 13
7 6
15 40
22 19
2 40
6 28
1 50
12 6
18 12
23 40
12 25
7 20
21 15
22 8
3 1
8 40
15 41
2 29
11 21
13 25
18 24
1 19
4 4
12 29
0 14
4 25
18 22
2 13
14 15
21 4
4 20
15 42
2 17
10 42
3 51
6 48
1 47
23 52
7 45
19 46
5 53
16 21
1 10
3 23
8 3
23 27
5 42
17 0
12 42
21 19
18 44
2 12
22 0
22 42
7 26
3 24
16 17
17 21
13 2
1 42
7 43
23 9
18 4
6 17
21 18
11 9
13 0
5 12
14 29
12 7
11 13
16 16
21 22
12 50
18 50
17 49
14 49
20 48
22 46
9 44
0 44
24 48

