317
1 26
8 15
20 30
7 20
18 30
13 51
22 44
12 51
16 53
9 51
3 50
11 49
1 28
12 5
13 5
11 8
15 17
23 30
17 25
2 30
21 7
7 53
5 22
6 13
12 30
13 17
8 27
3 2
21 14
16 1
6 30
22 31
11 5
1 12
17 15
18 11
1 3
11 24
11 15
12 7
17 14
21 4
8 14
9 26
12 3
8 12
20 32
3 13
6 32
11 53
16 48
1 49
18 51
13 47
22 53
4 51
1 7
16 6
7 3
11 19
12 9
22 32
3 7
17 32
21 23
2 53
5 4
9 13
13 32
7 12
16 12
21 16
12 23
6 14
3 32
22 33
18 19
6 24
1 11
13 10
17 16
20 28
14 8
3 1
4 28
0 12
12 13
8 6
22 24
11 7
8 34
16 22
3 34
21 52
6 53
18 52
12 46
20 47
1 45
7 46
21 27
22 7
1 1
3 19
7 1
13 34
15 1
17 34
6 23
16 50
23 10
2 11
1 34
8 19
18 7
17 2
21 8
3 18
16 34
12 35
6 11
22 11
12 28
23 5
2 3
16 21
23 16
24 22
17 13
1 23
20 9
1 5
19 6
7 19
12 36
16 5
8 36
3 44
22 49
21 44
11 51
1 47
18 50
20 45
21 19
18 12
11 6
22 12
12 2
23 36
16 4
2 36
7 4
17 50
6 20
5 0
17 36
16 27
1 10
2 17
13 20
21 21
11 36
22 37
3 14
11 22
6 6
18 23
8 20
13 15
22 29
14 29
1 18
4 14
21 15
7 14
4 5
20 11
18 38
1 25
8 38
11 52
12 50
7 49
22 47
6 50
3 53
21 45
18 14
3 12
22 6
17 8
7 13
15 38
2 21
12 38
21 25
1 52
5 10
23 19
2 38
22 16
13 28
12 15
21 2
18 9
3 38
15 39
6 27
1 6
8 11
8 23
23 25
18 3
18 15
6 2
11 28
4 29
13 27
4 3
13 1
3 10
18 40
22 22
20 40
9 45
8 44
16 47
1 48
4 49
11 50
7 48
21 20
11 14
16 28
18 25
0 15
7 40
2 14
12 40
6 9
22 50
17 10
23 3
1 40
23 2
11 21
12 8
13 4
2 2
16 40
6 41
18 20
21 0
22 18
17 4
3 23
10 2
24 14
16 19
20 7
18 16
1 29
9 6
8 7
20 19
3 42
22 20
18 42
7 50
13 53
1 50
6 45
11 44
16 45
21 53
21 17
16 16
17 18
18 6
0 22
12 42
23 4
7 42
3 29
22 48
2 4
10 20
17 42
18 1
6 22
23 15
3 17
22 2
11 42
12 43
2 7
21 18
16 23
1 27
8 22
16 15
18 10
0 17
2 29
3 22
18 5
3 26
17 49
14 49
10 50
2 47
15 51
23 50
0 49
5 46
24 47

