317
1 29
14 5
5 30
11 28
17 30
16 53
21 45
13 44
22 52
15 51
3 44
7 51
1 26
6 4
13 17
8 22
17 28
20 30
19 21
2 30
7 9
11 52
23 4
12 21
23 30
22 27
13 5
1 13
6 15
18 6
12 30
7 31
21 24
2 27
17 19
16 2
3 17
9 14
6 24
20 3
15 8
15 16
11 8
3 24
11 24
17 21
15 32
8 4
2 32
7 45
21 44
6 44
13 53
22 45
18 52
14 49
13 20
3 15
11 19
18 7
15 27
22 32
8 8
5 32
21 22
1 52
12 19
4 11
13 32
12 28
18 25
6 26
7 24
21 26
1 32
22 33
16 24
8 15
3 13
11 5
17 2
4 8
14 2
22 22
0 12
6 27
3 3
7 17
3 11
11 27
13 34
18 11
5 34
7 52
16 51
17 51
21 47
1 45
8 48
15 52
17 14
8 27
7 0
1 21
12 3
22 34
19 12
2 34
6 13
20 49
10 23
18 8
7 34
3 10
11 16
13 6
17 6
6 18
12 34
22 35
1 10
16 7
21 19
18 29
8 2
2 18
21 12
1 6
5 25
24 21
0 29
17 7
11 21
21 23
5 36
22 18
15 36
3 45
8 50
13 50
14 48
18 50
1 51
7 47
13 27
3 23
1 14
16 5
7 13
17 36
9 25
10 36
21 25
2 52
23 0
22 24
13 36
11 11
22 25
12 8
23 9
2 3
7 36
17 37
8 25
7 22
1 27
3 8
16 28
19 29
9 0
12 27
6 17
9 8
19 18
22 14
5 21
3 7
15 38
7 15
13 38
22 48
6 48
21 52
2 51
11 50
1 49
18 46
1 0
21 27
11 12
22 2
12 2
23 38
8 19
17 38
3 26
9 45
4 1
7 20
12 38
2 5
16 6
18 1
1 3
21 20
11 38
22 39
7 14
13 4
8 1
8 11
3 19
5 19
11 15
21 16
7 3
22 21
12 13
19 9
11 7
5 13
13 40
7 11
15 40
8 52
1 48
18 49
21 53
6 47
2 49
22 50
1 19
18 15
8 6
6 5
10 17
22 40
17 20
2 40
21 2
19 53
7 27
12 1
8 40
11 25
1 1
3 2
2 15
17 5
6 40
22 41
18 19
12 29
13 7
21 15
16 20
2 20
23 2
17 23
13 9
1 16
0 8
6 20
22 6
2 26
5 42
3 9
15 42
18 44
13 49
17 48
1 53
11 49
7 49
21 46
7 26
18 27
6 9
17 1
0 7
12 42
8 14
22 42
2 23
19 45
3 1
10 20
3 42
3 21
16 13
23 20
6 6
21 9
11 42
12 43
8 21
22 28
1 11
7 4
17 4
11 20
18 23
9 11
20 16
5 9
7 2
24 16
0 48
12 48
10 45
4 46
19 49
23 47
20 45
9 50
24 45

