317
8 24
0 8
17 30
16 21
22 30
6 51
11 50
21 48
4 49
19 48
1 49
15 47
6 10
17 10
18 23
1 12
22 23
12 30
16 3
7 30
21 15
3 48
10 5
2 22
6 30
7 28
18 24
2 0
11 2
23 3
16 30
12 31
8 20
1 10
17 2
22 14
3 27
20 3
17 24
10 7
21 27
21 29
17 9
14 19
17 22
6 15
18 32
16 23
22 32
21 45
0 49
11 52
8 52
1 48
15 53
12 51
11 25
18 2
17 7
1 4
22 13
2 32
13 2
7 32
6 18
16 45
24 20
10 24
21 32
7 8
8 13
18 21
23 18
1 2
13 32
2 33
16 17
18 27
11 8
21 4
6 29
23 19
17 1
12 12
10 15
17 17
10 19
17 3
6 26
7 10
22 34
1 15
18 34
16 48
21 53
8 51
11 46
15 45
17 52
0 46
18 25
16 12
6 20
11 19
22 8
12 34
9 0
2 34
17 19
1 44
20 20
5 3
8 34
3 15
18 8
17 18
21 11
6 22
16 34
12 35
1 17
22 12
12 25
23 14
7 24
11 29
19 9
16 14
21 12
3 29
24 3
15 6
1 26
19 6
6 36
21 21
15 36
17 53
22 48
23 47
18 45
8 45
12 44
4 52
3 26
7 4
8 8
11 18
17 29
22 36
9 11
0 36
16 25
21 50
13 17
14 12
21 36
22 29
2 8
3 8
6 12
13 5
8 36
10 37
1 13
8 3
17 14
23 11
18 5
13 20
24 29
7 5
20 2
3 24
8 19
15 23
4 23
15 5
0 38
16 18
7 38
6 52
12 50
11 44
22 53
17 46
18 49
21 49
12 1
1 1
6 13
11 17
7 23
20 38
13 28
17 38
23 25
2 44
3 5
16 24
6 38
18 7
16 27
13 24
7 22
2 4
12 38
22 39
11 22
21 16
1 19
1 8
8 7
9 25
6 1
12 23
7 18
12 18
23 16
5 5
15 27
23 2
18 40
17 0
11 40
16 51
7 49
1 45
21 51
0 53
6 47
22 49
6 14
12 10
22 7
11 0
15 29
2 40
17 5
7 40
1 11
24 49
20 14
13 8
13 40
7 17
18 4
12 29
11 26
21 14
6 40
2 41
22 5
8 5
17 6
1 14
23 0
14 22
16 10
7 7
18 15
15 2
16 6
15 20
11 12
0 21
7 42
6 17
15 42
21 44
23 52
17 47
12 49
1 50
18 46
4 45
7 26
1 24
3 23
21 17
17 28
22 42
2 6
12 42
8 12
5 52
6 24
19 10
2 42
22 28
1 20
7 16
18 11
11 4
6 42
22 43
17 4
8 22
21 0
16 9
12 2
23 26
6 3
10 17
5 19
20 6
9 20
14 10
10 50
9 51
5 50
14 50
24 53
3 47
2 52
13 51
20 45

