r\t   0   1   2   3   4   5   6   7   8   9  10  11  12  13  14  15  16  17  18  19  20  21  22  23  24 
  0  -1  -1  -1 300  -1 306  -1 220  77  -1  -1 278 257  -1  -1  -1 188  26  -1  -1  -1 135  62  -1  -1 
  1  -1 254 245  -1  -1  -1  78  -1 262  -1  -1  -1  -1 215  -1  -1  -1  -1 170  -1  -1  -1  -1  -1  -1 
  2  -1   3 293 253 259  -1  -1 246 235  -1  -1  -1  -1  -1  -1  -1  -1  -1  -1  -1  -1  -1  -1  -1  87 
  3  -1  -1  -1  -1  -1  -1  -1  -1 191  -1  -1  -1  -1  -1  -1  -1 157  -1 297  85 126  -1  -1  -1  -1 
  4  -1  -1  76  15  66  43  -1 234 203  -1  -1 290  -1  -1  -1  -1  -1  -1  -1  -1  -1  91  -1  -1  -1 
  5  -1  -1  -1  -1  -1  -1 102 165  71 286  -1  -1  -1 204  -1  -1  -1  16  16 221  -1  72  -1  -1  -1 
  6  -1 133  -1  -1 260  -1  -1  -1 101  -1  -1  -1  -1  -1  -1  -1  -1 307  -1  -1  -1  -1  -1 218  -1 
  7  -1  -1 175  -1  -1  -1 128  -1  -1  -1  -1 255  -1  -1  -1  -1 213  -1  -1  -1  -1 289  42  -1  -1 
  8  -1 223  -1  -1  -1  -1  64  -1  -1  -1 216  -1  -1 131  -1  -1  -1  -1  -1  -1  -1  -1  -1  -1  -1 
  9  -1  -1  -1 120  -1  -1  -1 103  -1  -1  -1  -1  -1  -1  -1  -1  -1 304  -1  -1  -1  -1  -1  -1  -1 
 10  -1  23  22  -1  -1  44 292  -1 125  -1  -1 199  -1  -1  -1  -1 291  -1 130  -1  -1  -1  -1  -1  -1 
 11  -1  58  -1  -1  -1  -1 247  -1 299  -1  -1  -1  -1 171  -1 282  -1 115 302  -1  -1  -1  -1 152 110 
 12  -1 129  -1  -1  -1  -1 150  -1  -1  -1  -1  -1  -1  -1  -1  -1  81  -1  79  -1  -1  -1 256  -1  -1 
 13  -1  -1  -1   0  -1  -1  -1  -1  13  -1  -1  -1  -1 265   1 236 236 104 104  -1  -1  -1  -1  33  -1 
 14  -1  -1  -1  -1 106  -1 121  -1 261  -1  -1  20  -1  -1  -1  -1  -1  -1  -1  -1  -1 164  88  -1  -1 
 15  -1  -1  -1  -1  -1  -1  37  -1  -1  -1  -1  67 147  -1  -1  -1  -1  -1  -1  -1  -1  -1 279  -1  -1 
 16  -1  -1  -1  -1  -1  -1 189 148 148  -1  -1  -1  -1  -1  -1  -1 205  -1  -1 174  -1  -1  -1 249  -1 
 17  -1  70 192 192  -1 301  -1 202 276  -1  -1 242 194  -1 132  -1  -1  -1  -1  -1  -1 117  27  -1  -1 
 18  -1 176  -1  -1  -1  -1  -1 169  -1  -1  -1  -1  -1 190  -1  -1  57  -1  -1  -1  -1 111  -1  -1  -1 
 19  -1  -1  -1  -1  -1 287  -1 116  25  -1  -1  -1  -1  -1  -1  18  -1  -1 145  -1  -1  -1  47  -1  -1 
 20  -1  -1  -1 264  -1  -1  -1 296 160  -1  -1  -1  -1  -1  -1  -1  89  -1 219  -1  -1  -1  36  -1  -1 
 21  -1 113  -1  -1  -1  -1  14  -1  38  -1  -1  -1 277 161  -1  -1  -1 280 280  -1  -1 154  -1 212 155 
 22  -1 243  -1  -1  -1 177  -1  -1  -1  84  -1  -1  -1  -1  -1  -1  -1  -1  -1  -1 173  -1 166  -1  -1 
 23  -1  -1  29 158  -1 267  -1  -1  -1  -1  -1 122  -1  28  -1  -1  -1  -1 167  -1  -1  -1 217 159  -1 
 24  -1 211  -1  45  -1  -1 303  -1  -1  -1  -1  -1  -1  -1  -1  -1  34 146 124  -1  83  -1  -1 298  -1 
 25  -1 168  -1 108 263  -1  -1  -1  -1  -1  -1  -1  -1  -1  -1  -1  -1  -1 232  -1  -1  59  -1  -1  -1 
 26  -1  41  -1  -1  -1  -1 284  32 123  -1 238  -1  -1 258  -1 198  -1  -1 196  -1  -1 172 100  56  -1 
 27  -1  -1  -1  35  -1  -1  -1 127  -1  -1  -1 208  86 144  -1  -1  73  -1  -1  -1  -1 201  80  -1  -1 
 28  -1  -1  -1  -1  -1  -1  -1 179 305  -1  -1  -1  -1 240  -1  -1  -1  69  -1  -1  -1  12 209  -1  82 
 29  -1  -1  -1 210  -1  -1 233  40 248  -1  -1  -1  -1  -1  -1 214 114  60  60  -1  -1 252  39  -1  -1 
 30  -1  -1  -1  -1  -1  -1  24  -1  -1  -1  -1  -1  17  17  -1  -1   4   4  30  -1   2   2  19  19  19 
 31  -1  -1  -1  -1  -1  -1  -1  -1  -1  -1  31  31  31  -1  -1  -1  -1  -1  -1  -1  -1  -1  -1  -1  -1 
 32  -1  -1  -1  -1  -1  -1  -1  63  63  63  -1  74  -1  61  61  -1  46  46  -1  -1  48  48  -1  68  -1 
 33  -1  -1  -1  -1  -1  -1  -1  -1  -1  -1  -1  -1  75  75  75  -1  -1  -1  -1  -1  -1  -1  -1  -1  -1 
 34 107 107 107  -1  -1  92  92  -1  -1  -1  -1  -1  -1 105 105  -1  -1  90  90  -1  -1  -1 118 112  -1 
 35  -1  -1  -1  -1  -1  -1  -1  -1  -1  -1  -1  -1 119 119 119  -1  -1  -1  -1  -1  -1  -1  -1  -1  -1 
 36  -1  -1 151 151 151  -1 162  -1  -1  -1 149 149  -1  -1  -1  -1  -1 156 136 136  -1  -1 134 134  -1 
 37  -1  -1  -1  -1  -1  -1  -1  -1  -1  -1 163 163 163  -1  -1  -1  -1  -1  -1  -1  -1  -1  -1  -1  -1 
 38 193 193 200  -1  -1  -1  -1  -1  -1  -1  -1  -1 206 178 178  -1  -1  -1  -1  -1 180 180 195 195 195 
 39  -1  -1  -1  -1  -1  -1  -1  -1  -1  -1  -1  -1  -1  -1  -1  -1  -1 207 207 207  -1  -1  -1  -1  -1 
 40  -1  -1 237 237  -1 222 222  -1  -1  -1  -1  -1  -1  -1  -1  -1 250 244  -1  -1 224 224 239 239 239 
 41  -1  -1  -1  -1  -1  -1  -1  -1  -1  -1  -1  -1 251 251 251  -1  -1  -1  -1  -1  -1  -1  -1  -1  -1 
 42  -1  -1 283 283 283  -1  -1 266 266  -1  -1  -1 288  -1  -1  -1  -1 294 268 268 281 281  -1  -1  -1 
 43  -1  -1  -1  -1  -1  -1  -1  -1  -1  -1  -1  -1  -1  -1  -1  -1  -1  -1  -1  -1 295 295 295  -1  -1 
 44  -1  -1  -1 182 316  -1  -1  -1 227  21  -1 308 314  -1  -1  -1 274 226   5  -1  -1  -1  -1  -1  -1 
 45  -1 269  -1  -1  -1  -1  -1  -1  -1  -1  -1  -1  -1  -1  -1 153  -1  -1  -1  -1  -1  -1  -1 183  -1 
 46  -1  -1  -1  -1  -1 143  -1 197 141  -1  -1 109  -1  -1  -1  -1 181  -1  -1  -1  -1  -1  -1  -1 315 
 47  -1  -1  -1  -1  -1  11  -1   7  94  -1  -1  -1  -1 230  -1  -1  -1 187  -1   9  -1  -1 270  49  -1 
 48 310  -1  -1 228  -1  -1   6  -1  52  -1  -1  -1  -1  98  -1  -1  -1  -1 184  54  -1  -1  -1 272  -1 
 49  -1  -1  -1  -1  -1  -1  -1  -1   8  -1  -1  -1  -1  -1  -1  -1  -1  -1  -1  -1  -1  -1  -1  93  -1 
 50  -1  -1  -1  96  -1  -1 273  -1  -1 241 285  -1  -1  -1  -1  -1 137  -1  51  -1  99  -1  -1  -1  -1 
 51  -1  -1 311  -1  -1  -1 186  -1 185  -1  -1  -1  -1 142  -1 312  -1  -1  -1  -1  -1  -1  -1  -1  -1 
 52  -1  -1  65  -1  -1  -1  -1 139  -1  -1 309  -1  -1  50  -1  -1  -1 271  -1  95 140  -1  -1  -1  -1 
 53  -1  55  -1  -1  -1  -1  53  97  -1 313  -1  -1  -1  10 275  -1 225 138 229  -1  -1  -1  -1 231  -1 

r\t   0   1   2   3   4   5   6   7   8   9  10  11  12  13  14  15  16  17  18  19  20  21  22  23  24 
  0  -1 199 189  -1  -1  -1 101  -1  -1 238  -1  -1  -1  -1  -1  -1 232  78 194  -1  -1 212 192 192  -1 
  1  -1 287 104 104 217  -1  27 176 307  -1  -1  -1  -1  73  -1  -1  -1  -1  -1  -1  -1  82 247  -1  -1 
  2 301  -1  -1  -1  -1  -1  45  -1  -1  -1  -1  20 135  -1  -1  -1  -1 191  -1  -1  -1  -1  -1  -1  -1 
  3  -1  -1  -1 190  -1  -1  -1 236 236  -1  -1 196 234  -1  -1  -1  -1 115 173  -1  -1  72 103  -1  -1 
  4  -1 116  -1  15  -1  -1 113  -1 148 148  -1  -1  -1 258  -1  -1  41 257  -1 260  -1  66  -1  79  -1 
  5  -1 166  -1 146  -1  -1  -1  -1  -1  -1  -1 147  -1  -1  -1  -1  -1 290  -1  -1  -1  -1  69 246  -1 
  6  -1  -1  -1  -1  -1  -1  -1 253  -1  43  -1  -1  -1  -1  -1  -1  -1  56  71  -1  -1 286 267  -1  -1 
  7  -1  -1  29  -1  -1 304  -1  -1  -1  -1 111  -1 155  -1  -1  -1  -1  -1 124  -1  -1 179  -1 276  -1 
  8  -1  -1   3  -1  -1  40  -1  -1  -1  -1  -1  -1  -1  -1  -1  -1  -1  -1 169  -1  -1  -1  -1  -1  -1 
  9  -1  -1  23  -1  -1 306  -1  -1 284  -1  -1  -1  -1  -1  -1  -1 108 280 280  -1  -1  -1  -1  -1  -1 
 10  -1  -1  -1   0  -1  -1  70 174  87  -1  -1  -1  -1  -1  -1  -1  12  -1  -1  -1  -1  -1  -1  -1  -1 
 11  -1  -1  -1 121  -1  -1  -1  -1 298  -1  -1 100  -1  -1  -1  -1  77  -1  62 282  -1 172  -1  -1 177 
 12  -1  -1  -1 233  -1  -1 245  -1  80  -1  -1  81 248  -1  -1  -1 208 256  -1  -1 305  -1  -1  -1   1 
 13  -1 213 297 255  -1  -1 278 168  -1  -1  -1  -1  -1  -1  -1  -1  -1  -1  -1  -1  -1 171  -1  -1  -1 
 14  -1 210  -1  -1  -1  -1  -1  -1 120  -1  -1  -1  -1 106  -1  -1  -1 215  -1  39  -1 221  -1  -1 130 
 15  -1 150 211  -1  -1  18  -1 293 254  -1  -1 167  -1  -1  -1 265 300  -1  -1  -1  -1  -1 122  -1  -1 
 16  -1  -1  -1  -1  -1  -1  -1 289  -1  -1  -1  -1 117 302  -1  -1 249  -1 161  -1 243  47  -1  32  -1 
 17  -1  -1 164  42  -1  -1  -1  16  16  -1  -1  28  -1  -1  -1  -1  -1  -1  -1  -1  -1  -1  -1 160 220 
 18  -1  -1 123 292  -1  -1  -1  -1  -1  -1 263  -1  -1 154  -1  -1  -1  -1 252  -1  -1  -1  -1  -1  -1 
 19  -1  22  -1 264  -1  -1  -1  -1  33  -1  -1  -1  -1  -1  -1  -1  58  -1  -1  -1 198  -1  26  -1  -1 
 20  84  -1  -1  -1 170  -1  -1  -1  36  -1  -1 235 279 157  -1  -1  -1  -1  -1  -1  -1  -1 132  -1  -1 
 21  -1  35  -1  -1  -1  -1  -1 129  -1  -1  -1  -1 128  -1  -1  -1 188  -1  25  -1  -1 299  83  -1  -1 
 22 218  -1  -1  -1  -1  -1 158 277  -1  -1  -1 205  -1  67  -1  -1  -1  -1  -1  -1  -1 175  -1  -1  -1 
 23  -1 291  -1  -1  -1  -1  -1  -1 125 223  -1  -1  -1  -1  -1  -1  -1  -1  -1  -1  -1 144  60  60  -1 
 24  -1  -1  -1  -1  -1  -1 133  -1  86  -1  -1  88  -1 303  -1  -1  -1  -1 204  -1  -1  -1  14 201  -1 
 25  -1  57 145 159  -1  -1  64  34 216  -1  -1  -1  -1  -1  -1  -1 114  -1  -1  -1  -1  -1 209  -1 127 
 26  -1 110  -1  -1  -1 261  -1  -1  -1  -1  91  -1  -1 214  38  -1  89  -1  -1  -1  -1  -1 131  -1  -1 
 27  -1  37  44  -1  -1  -1 203  -1  59  -1  -1  -1  -1  -1  -1  -1  -1  -1  -1  -1  -1 165  -1 102  -1 
 28  -1  85  76  -1  -1  -1  -1  -1  -1  -1  -1  -1 259 242  -1  -1  -1  -1  -1  -1  -1  -1 126  13  -1 
 29  -1  -1 219  -1  -1  -1 152  -1 202  -1  -1  -1  -1  -1  -1  -1 262  -1  -1  -1  -1  -1 240 296  -1 
 30  -1  -1  -1  -1  -1  -1  -1   4   4  -1  -1  -1  17  17  -1  -1  30  19  19  19  -1  24   2   2  -1 
 31  -1  -1  -1  -1  -1  -1  -1  -1  -1  -1  -1  -1  31  31  31  -1  -1  -1  -1  -1  -1  -1  -1  -1  -1 
 32  -1  74  63  63  63  -1  -1  68  -1  -1  61  61  -1  -1  -1  -1  48  48  -1  -1  -1  -1  -1  46  46 
 33  -1  -1  -1  -1  -1  -1  -1  -1  -1  -1  75  75  75  -1  -1  -1  -1  -1  -1  -1  -1  -1  -1  -1  -1 
 34  -1  -1  -1  -1  -1  -1  92  92 105 105  -1 112  -1 118  -1  -1  -1 107 107 107  -1  -1  -1  90  90 
 35  -1  -1  -1  -1  -1  -1  -1  -1  -1  -1  -1  -1  -1  -1  -1  -1  -1  -1  -1  -1 119 119 119  -1  -1 
 36  -1  -1 134 134  -1  -1  -1  -1 136 136  -1  -1 156  -1  -1 149 149  -1  -1  -1  -1 162 151 151 151 
 37  -1  -1  -1  -1  -1  -1  -1  -1  -1  -1  -1  -1  -1  -1  -1 163 163 163  -1  -1  -1  -1  -1  -1  -1 
 38  -1  -1  -1 200  -1  -1  -1 195 195 195 178 178 193 193  -1 180 180 206  -1  -1  -1  -1  -1  -1  -1 
 39  -1  -1  -1  -1  -1  -1  -1  -1  -1  -1  -1  -1 207 207 207  -1  -1  -1  -1  -1  -1  -1  -1  -1  -1 
 40 237 237  -1  -1  -1  -1  -1 222 222  -1  -1 244  -1 250  -1  -1  -1 239 239 239  -1  -1 224 224  -1 
 41 251 251 251  -1  -1  -1  -1  -1  -1  -1  -1  -1  -1  -1  -1  -1  -1  -1  -1  -1  -1  -1  -1  -1  -1 
 42  -1  -1 283 283 283  -1  -1 266 266  -1  -1 294  -1 281 281  -1  -1  -1  -1  -1  -1  -1 288 268 268 
 43  -1  -1  -1  -1  -1  -1  -1  -1  -1  -1  -1  -1 295 295 295  -1  -1  -1  -1  -1  -1  -1  -1  -1  -1 
 44  -1  -1  98  -1  -1  -1  -1  -1  -1 271  -1  -1  93  -1  -1 230  -1  -1  -1  -1 312  -1  95  -1  -1 
 45  -1  -1  -1  -1  -1  -1  -1  -1  -1  -1  -1 140  -1  -1  -1  -1 141   8  -1  -1  -1  -1  51  -1  -1 
 46  -1  -1  -1  49 241  -1  -1 138  -1   9 143  -1  -1  -1  -1  -1   6 185  -1  -1  -1 197  -1  -1  -1 
 47  -1  -1  -1  -1  -1  -1  -1  -1  -1  -1  -1  10 227  -1  -1  -1  -1  -1 153  -1  -1  -1  -1 187  -1 
 48  -1  -1  -1  -1 310  -1   5  -1  -1  -1  -1 231  -1  -1  -1  99  -1  -1  -1  -1  -1  -1  -1  -1  -1 
 49  -1 308  -1 183  -1  -1  -1  -1  94  -1  -1  -1  -1  -1  -1  -1  -1 137  -1  -1  -1  21 186  -1  -1 
 50 316  -1 272  -1  -1  -1 225  65  55  97  -1 273  -1 313  -1  -1  -1  -1 311  -1  -1 142 285  -1  -1 
 51  -1  -1  -1  96  -1 109  -1  -1  -1  54  11  53  -1  -1  -1   7  -1 275  -1  -1  -1  -1  -1  -1  -1 
 52  -1  -1  -1 228  -1  -1 274  -1  -1  -1 269  -1 181  -1  -1  50 270  -1  -1  -1  -1  -1  -1 139  -1 
 53  -1  -1 184  -1  -1 315 182  -1  -1  -1 229  -1  52  -1 314  -1 226  -1  -1 309  -1  -1  -1  -1  -1 

r\t   0   1   2   3   4   5   6   7   8   9  10  11  12  13  14  15  16  17  18  19  20  21  22  23  24 
  0  -1  -1  73  -1  -1  -1  -1 133  -1  -1  -1 247 102 115  -1  -1  -1 280 280  -1  -1  -1  -1 194 131 
  1  -1 297 158 293  -1  43  -1  -1 120  -1  -1  -1  -1  -1 286  -1 196  -1  32  -1  -1  67  -1  -1 174 
  2  -1  -1 221  -1  -1  -1  -1 256 252  -1  -1 170  -1 219  -1  -1 130  -1  -1 177  -1  -1  -1  20  -1 
  3  -1 264  -1  -1  -1  -1  -1  -1  72  -1  -1  -1 277  -1  -1  -1  -1  -1  -1 220  -1  -1  -1  -1  -1 
  4 213  -1  56  64  -1  -1  -1  -1  -1  -1  -1  78  -1 265  -1 302  -1 146  -1  -1  -1 289 202 101  -1 
  5  -1  -1  -1  -1  -1  -1  -1  -1  -1  -1  -1   3  36 246  -1  -1  -1  13  76  -1  -1  47  -1  -1  -1 
  6  -1 204  -1  42  -1  -1 249 236 236  -1  -1 278  -1  -1  -1 172  -1  -1  -1  -1  -1 110 284  -1  -1 
  7  -1  -1  -1  -1  -1  -1 211  -1  -1  -1  -1  -1  -1  -1  -1  -1  -1  -1  -1  -1 262  38 218  -1 176 
  8 173  59 104 104  -1  -1  -1  -1  -1  -1  -1  83  -1  -1  -1  -1  -1  -1 223  -1  -1  -1  -1 298  -1 
  9  -1  -1  34  -1  -1  -1  -1  -1  -1  -1  -1  -1  -1  -1  -1  -1  -1  -1 145  -1  -1  -1  -1 121  -1 
 10  -1 124  -1 254  -1  -1 166  -1 267  -1  -1  -1  -1 157  -1  -1  -1  -1  -1  -1  -1  -1  -1  -1  -1 
 11  -1  -1  -1  -1  -1  -1  -1 205  26  -1  -1 135   0 300  66  -1  -1  -1 305  -1  -1 161  -1  -1  -1 
 12  -1  29 209  -1  -1  -1 242  -1  -1  -1  -1 189  40  -1  -1  -1 238  -1  -1  -1  -1 123  -1  -1  -1 
 13  -1  -1  -1  35  -1 106  -1  -1  -1  -1  -1 154 203 132  -1  -1  -1  -1  -1  -1  -1  -1  -1  -1  -1 
 14  -1  -1  -1  -1  -1  -1 199  -1  -1  -1  -1  18  -1  84  -1  -1  -1  -1  -1  -1  -1  79  -1 127  -1 
 15  -1  12  -1  -1  -1  -1  -1  -1  -1  -1  -1  -1 292  -1  -1  -1 253 290  -1  -1  -1 216  -1  -1  -1 
 16  -1 190  -1  -1  -1  -1  -1  71  -1  -1  -1  27  -1 103  -1 287 122 191  -1  -1  -1  -1  -1  87  -1 
 17 217  -1  16  16  -1  -1  -1  -1  -1  -1  -1 114 248  -1  -1  -1  -1 233  14  -1  -1  -1  -1  -1  -1 
 18  -1 234 240 159  -1  85 296  -1   1 175  -1  -1  -1 306  -1  -1  -1 303 243  -1  -1  -1  -1  -1  -1 
 19  -1  -1 192 192  -1  -1 210  -1 168  -1  -1  44  60  60  -1  -1 150 259 304  39  -1  -1 116  -1  -1 
 20  -1  -1  -1  -1  -1  -1  -1  -1  -1  22  -1 208  -1  -1  -1  -1  -1  -1  -1  -1  -1 147  -1  -1 125 
 21  -1  -1 291  -1  -1 155  -1  -1  -1  -1  -1  -1  -1  -1  -1  -1  -1  -1  -1 261  -1  -1  -1  28  -1 
 22  -1  -1  -1 235  -1 307 129 113  -1  -1  -1  89  -1  -1 111  -1  -1  -1 188  -1  -1  -1  -1  -1  86 
 23  -1 164 117  -1  -1  -1  -1  -1  -1  -1  -1  -1  -1  -1  -1 301  -1  -1  -1  -1  -1 232  -1 276 263 
 24  -1 108  -1  -1  -1  -1  77  -1 282  -1  -1 167 260  -1 198  -1  -1  70  -1  -1  -1  -1  -1  -1  -1 
 25  -1  -1  -1  -1  -1  -1  -1  -1  -1  -1  -1  -1  33  -1  -1  -1  -1  -1  -1  -1  -1  -1  -1 258  -1 
 26  -1  -1 171  45  -1  -1  -1  15 152 215  -1  -1  -1  -1  -1  -1  80  -1  -1  -1  -1 255 100  -1  -1 
 27  -1  -1  -1  -1  -1  -1  -1  -1  -1  -1  -1  -1 148 148 169  -1 165  58  57  82  -1 279  -1 179  -1 
 28  -1 245  -1  -1  -1  -1  62  -1  88  -1  -1  -1  -1  -1  -1  -1  -1  -1  -1  -1 126  91  81 128  -1 
 29 214  69  -1 144  -1  -1  23 299  -1  -1  41  37  -1  -1  -1  -1  25 160  -1  -1  -1 201 257 212  -1 
 30  -1  -1  -1   4   4  -1  30  -1  -1  -1  -1  -1  19  19  19  -1  -1  24  -1  -1  17  17  -1   2   2 
 31  -1  -1  -1  -1  -1  -1  -1  -1  -1  -1  -1  -1  -1  -1  -1  -1  -1  -1  -1  -1  31  31  31  -1  -1 
 32  -1  48  48  -1  -1  -1  -1  63  63  63  -1  -1  74  -1  -1  -1  -1  46  46  -1  -1  68  61  61  -1 
 33  -1  -1  -1  -1  -1  -1  -1  -1  -1  -1  -1  -1  -1  -1  -1  -1  -1  -1  -1  -1  -1  -1  75  75  75 
 34  -1  90  90 112  -1  -1  -1 107 107 107  -1  -1 118  -1  -1  -1  -1 105 105  -1  -1  -1  -1  92  92 
 35  -1  -1  -1  -1  -1  -1  -1  -1  -1  -1  -1  -1  -1  -1  -1 119 119 119  -1  -1  -1  -1  -1  -1  -1 
 36 151 151 151 134 134  -1  -1  -1  -1  -1  -1  -1 156  -1  -1  -1 162  -1 136 136  -1  -1 149 149  -1 
 37  -1  -1  -1  -1  -1  -1  -1  -1  -1  -1  -1  -1  -1  -1  -1  -1  -1  -1  -1  -1  -1  -1 163 163 163 
 38  -1 180 180 200  -1  -1  -1 195 195 195  -1 178 178 206  -1  -1  -1  -1  -1  -1 193 193  -1  -1  -1 
 39  -1  -1  -1  -1  -1  -1  -1  -1  -1  -1  -1  -1  -1  -1  -1 207 207 207  -1  -1  -1  -1  -1  -1  -1 
 40  -1  -1  -1 222 222  -1  -1 224 224  -1  -1  -1 239 239 239  -1  -1 250 244  -1  -1  -1  -1 237 237 
 41  -1  -1  -1  -1  -1  -1  -1  -1  -1  -1  -1  -1  -1  -1  -1  -1  -1  -1  -1  -1  -1  -1 251 251 251 
 42 283 283 283 266 266 281 281  -1 288  -1  -1  -1  -1  -1  -1  -1 294 268 268  -1  -1  -1  -1  -1  -1 
 43  -1  -1  -1  -1  -1  -1  -1  -1  -1  -1  -1  -1  -1  -1  -1  -1  -1  -1  -1  -1 295 295 295  -1  -1 
 44  -1  -1  -1  -1  -1  -1  -1  -1 143  -1 241  -1  -1  -1  -1  -1  21   6  -1   7  -1  -1 184  -1  -1 
 45  -1 225  -1  -1  -1  -1  -1  -1  -1  -1 310 228  -1  95  -1  -1  -1 142   8  97  -1  -1 226  -1  -1 
 46  -1  -1  -1  -1 185  -1  -1  -1  -1  -1  -1  -1  -1  -1  -1  -1  65  -1  -1  -1  -1 183  -1  -1  -1 
 47  -1  -1   9 181  -1  -1  -1  -1  -1  -1  -1 274  -1  52  -1  -1  -1 227  -1  -1  -1  -1  98 231 269 
 48  -1  -1  -1  93  -1  -1 313  10  -1  -1  -1  -1  -1  -1  -1  -1 308  -1 187 271  -1 229  53  -1  -1 
 49 311  -1  -1  -1  50  -1  -1  -1  -1  -1 197  -1 140  -1 309  -1  -1  -1  -1  -1 315  -1  -1 139  -1 
 50  -1  -1  -1  -1  -1  -1 153  -1  -1  -1  -1  -1 273 186  -1  -1  -1  -1  96  -1  -1  11 270 272  -1 
 51  -1 141  -1  -1  99  -1  -1  -1  51  -1  -1  -1  94 230  -1  -1  -1  -1  -1  54  -1 138  -1  -1  -1 
 52  -1  -1  -1  -1  -1  -1 109 275  -1 314  -1  -1  55  -1  -1  -1  -1  -1  -1  -1  -1  -1 137  -1  -1 
 53  -1   5  -1  -1  -1 316  -1  -1 182  -1  -1  -1  -1  -1  -1 312 285  -1  -1  -1  -1  -1  -1  49  -1 

r\t   0   1   2   3   4   5   6   7   8   9  10  11  12  13  14  15  16  17  18  19  20  21  22  23  24 
  0  -1  -1  -1  -1  -1  -1 130  -1  -1  -1  -1  56  -1 190  -1  -1  -1  -1 305  -1  -1 146  -1  -1  -1 
  1  -1  -1  -1  -1  -1  -1 174 297  -1  -1  -1  88  -1  -1  -1  -1 289  -1  73  -1  45  -1  -1 165  -1 
  2  -1  -1 243  -1  -1  -1 262  -1  -1 213  -1  -1 236 236  -1  -1  28  -1  83  -1  -1 127  -1  -1  -1 
  3  -1  -1  -1  -1  -1  -1  -1  -1 144  -1  -1  -1  -1  -1  -1  -1  41  37  -1  -1  -1   0  -1  -1  -1 
  4  -1  -1  -1 108  -1  -1  -1 242  -1 175  -1 292  -1  -1  -1  -1 220  -1 164  -1  -1 300  -1  -1  -1 
  5  -1 212  85  -1  -1  -1 264  -1  -1  -1 129 233 147  -1  -1  -1  -1  -1  -1  -1  -1 160 284  -1  -1 
  6  -1 111  -1  25  -1  -1  -1  -1  -1  -1  -1  -1  -1  -1  -1  -1 248  -1  -1  -1  -1  -1  -1 116  -1 
  7  -1 124 194 290  -1  -1  -1  -1  -1  -1 135  -1 299  -1 302  -1 158  -1  -1  -1  -1  -1  29  -1  -1 
  8  -1  -1  -1  -1  -1  -1  -1  -1  47  -1  -1  44  -1  59  -1  -1  64  -1  -1  -1  -1  -1  -1  -1  -1 
  9  -1  -1  -1 114  -1  -1   3  -1 102  -1  -1  15  -1  -1  -1 177  -1  -1  -1  -1 221  -1  -1  -1  -1 
 10  -1  67  -1 166  -1  -1  -1 126  40 303  -1  -1 131  -1  -1 257  -1  -1  -1  -1  -1  -1  -1  -1  -1 
 11  -1 279  32  12 133  -1  -1  -1  62  -1  -1 245  -1 278 282  -1 132  -1  -1  39 104 104 123  -1  -1 
 12  -1  -1  -1  89  -1  -1  -1  -1  -1  -1  -1 161  57  -1  -1 280 280 261  -1  -1  -1  -1 204  -1  -1 
 13  -1  -1 217  -1  -1  81 291  -1  72  91  -1 103  -1   1  -1  -1 196  -1  -1  -1  -1  -1  -1  34  -1 
 14  -1  -1 307  -1  -1  -1 205  -1 117  -1  -1  -1 211  -1  22  -1  -1 267  -1  -1  -1 256  -1  -1  -1 
 15  -1  -1 201  -1  87  -1  23  -1 169  -1  -1  -1  -1  -1  -1  -1 203  -1  -1  -1  -1  -1  -1  -1  -1 
 16  -1  43 215 276  -1  -1  36  -1  -1  -1  -1 189  -1 253  -1  -1  -1  -1 247  -1  -1  -1 148 148  -1 
 17  -1  -1 106  -1  -1  -1  -1  -1  -1  -1 263  -1 179  -1 258  -1  -1  -1  -1  -1  -1  66  -1  -1  -1 
 18  -1  -1 155  -1  -1 304  -1  -1 234 170  -1  -1  -1 210  -1  -1  20  -1  -1  -1  -1  -1  -1  -1  -1 
 19  -1  70  76  -1  -1  -1 260  -1  27  -1  -1  -1  26  78  -1  -1 122 159  -1  -1 125  79  -1  -1  -1 
 20  -1 198  -1 188  -1  -1  86 252 167  -1  -1 113  -1  -1  -1  -1  -1  -1  -1  82  -1  -1  -1  -1  -1 
 21  -1  -1  -1 209  -1  -1 100  -1 255  -1  -1  -1  14  -1  -1  38  -1 246  -1  -1  -1 240  69  -1  -1 
 22  -1  -1  -1  -1  -1  -1  -1  -1  -1  -1  -1  -1  -1  -1  -1  -1  -1 287  -1  -1  -1  -1  -1  -1  -1 
 23  -1 249 214 145  -1 192 192  -1  -1 171  -1 152 301  -1  -1  -1  -1 298 286  -1 265 202  -1  -1  -1 
 24  -1 259  60  60  -1  -1  77  33 128  -1  -1 208  -1  -1  -1  -1  -1 306  -1  -1  -1 172  -1  -1  -1 
 25  -1 218  -1  80  -1  -1 235  71 293  84  -1  -1  -1  -1  -1  -1  -1 191  -1  -1  -1  -1  -1  58  -1 
 26  -1 238  -1  -1  -1  -1  -1 173  -1  -1  -1 277 199  -1  -1  -1  -1  -1  -1  -1  -1  -1  16  16  -1 
 27  -1 154  -1  -1  -1  -1  -1  -1  -1 223 176  -1 219  -1  -1  -1 101  -1  -1  -1  -1  13  -1  -1  -1 
 28  -1  -1 115 254  -1  -1  -1  -1  -1  -1  -1  -1 120 296  -1  -1  -1  -1  -1  -1  -1  35 110  -1  -1 
 29  -1 168  18 232  -1  -1 157  -1  -1  -1 150  42  -1  -1  -1  -1  -1  -1  -1  -1  -1 121  -1  -1 216 
 30  -1  24  -1   4   4  -1  -1  19  19  19  -1  30  -1  -1  -1  -1  -1  17  17  -1  -1  -1  -1   2   2 
 31  -1  -1  -1  -1  -1  -1  -1  -1  -1  -1  -1  -1  -1  -1  -1  -1  -1  31  31  31  -1  -1  -1  -1  -1 
 32  -1  -1  -1  48  48  63  63  63  -1  -1  -1  -1  74  -1  -1  -1  -1  61  61  -1  -1  68  -1  46  46 
 33  -1  -1  -1  -1  -1  -1  -1  -1  -1  -1  -1  -1  -1  -1  -1  75  75  75  -1  -1  -1  -1  -1  -1  -1 
 34  -1  -1  -1  -1  -1  -1 112 118  -1  -1  -1  -1 107 107 107  90  90 105 105  -1  92  92  -1  -1  -1 
 35  -1  -1  -1  -1  -1  -1  -1  -1  -1  -1  -1  -1  -1  -1  -1  -1  -1 119 119 119  -1  -1  -1  -1  -1 
 36  -1  -1  -1  -1  -1 149 149 156 136 136  -1  -1  -1  -1  -1 151 151 151  -1  -1 134 134 162  -1  -1 
 37  -1  -1  -1  -1  -1  -1  -1  -1  -1  -1  -1  -1 163 163 163  -1  -1  -1  -1  -1  -1  -1  -1  -1  -1 
 38  -1  -1  -1 178 178  -1  -1  -1 193 193  -1  -1  -1  -1  -1  -1  -1 206 200  -1 180 180 195 195 195 
 39  -1  -1  -1  -1  -1  -1  -1 207 207 207  -1  -1  -1  -1  -1  -1  -1  -1  -1  -1  -1  -1  -1  -1  -1 
 40  -1  -1  -1 222 222  -1 244  -1  -1  -1 224 224 250  -1  -1  -1  -1 239 239 239  -1  -1 237 237  -1 
 41  -1  -1  -1  -1  -1  -1  -1  -1  -1  -1  -1  -1  -1  -1  -1  -1  -1  -1  -1  -1  -1  -1 251 251 251 
 42  -1 294  -1 266 266  -1  -1 283 283 283  -1  -1 268 268  -1  -1  -1  -1 288  -1  -1  -1  -1 281 281 
 43  -1  -1  -1  -1  -1  -1  -1  -1  -1  -1  -1  -1  -1  -1  -1  -1  -1  -1  -1  -1  -1  -1 295 295 295 
 44  -1  -1  -1  -1  -1  -1  95 313  -1  -1  -1  -1  -1 228 309  -1  53  -1  -1  -1  -1  -1  65  -1  -1 
 45  -1  -1  -1  -1  -1  -1  -1 153  -1  -1 271  -1  -1  -1  -1  -1  -1  52  -1  -1  -1  -1  -1 139  -1 
 46  -1  -1  -1  -1  -1  -1 182 109  -1  -1  -1   6   7  51  -1  -1  -1 142  -1  -1  -1  -1  -1 270  -1 
 47  -1  21  -1  -1  -1  -1 225  -1  -1  -1  -1  -1  -1  -1  -1   9  -1  -1  -1  -1  -1 272 315  -1  -1 
 48  -1  -1  -1  -1  -1 312  -1  -1 187  -1  -1  -1  -1  -1  -1  -1 184  -1  -1 310  -1  -1  -1 183 138 
 49  -1  -1  -1  -1  -1  -1  49  -1 231  -1  -1 275  -1  -1  -1  -1   5  -1 197  -1  -1  -1  -1  94  -1 
 50 316  -1  -1  -1  99  -1  -1  -1  93  -1   8  -1  -1 186  -1 241  -1  -1  -1  -1  -1 230  -1  -1  97 
 51  -1  -1  -1 141  -1  -1 143  -1  -1  -1  -1  -1  50  96  -1  -1  -1  -1  -1  -1  -1  -1  -1 226  -1 
 52  -1 314 285  -1  -1  -1  -1  -1  10  54  98 140 229  -1  -1 274  -1 227 308  -1  11  -1  -1  -1  -1 
 53  -1  -1 311  -1  -1  -1  -1  -1 269  -1  55 185  -1 137  -1  -1 273 181  -1  -1  -1  -1  -1  -1  -1 

r\t   0   1   2   3   4   5   6   7   8   9  10  11  12  13  14  15  16  17  18  19  20  21  22  23  24 
  0  -1  -1  -1 232  -1  -1 276  -1 292  -1  -1  -1 169  -1  -1  -1  -1 154 167  -1  -1  -1 122 130  -1 
  1  -1 189 117  -1  -1  -1 133  -1  -1  -1  -1 126 307  -1  -1  -1  -1 255 297  -1  -1  -1  56 214  -1 
  2  -1  64  32 249  -1  -1 299  -1  -1  -1  -1 215  60  60  -1  -1  -1 196  16  16  -1  -1  -1 236 236 
  3  -1 124 175  -1  -1  42 127  -1  -1 287  -1  -1  -1  -1  -1  -1  89 157 104 104  -1  -1  -1 170  -1 
  4  -1  -1  71  -1  -1  -1  -1 209 121  -1  -1 279  -1 115  -1  -1  -1  -1 235  -1  -1  -1  -1  -1  -1 
  5  91  13  -1  -1  -1  -1  -1 120  -1  -1  -1  -1  -1  -1  -1  -1  59  -1  -1  -1 260 262  -1  76 176 
  6  -1  -1  -1  -1  -1  -1 245  -1  -1  -1  -1  -1  -1  -1  -1  -1  -1 202  35  45  -1  -1 174  -1  -1 
  7  -1  -1  -1 158  -1  -1  -1 166  -1  -1  -1  -1   3  43  -1  -1  -1  -1  -1  -1  -1 298  -1  -1  -1 
  8  -1 234 194  -1  -1  -1 108  -1   0  -1  -1  -1 303  -1  -1 282  -1  -1 203 221  -1 110  -1 278  -1 
  9  -1  -1  -1  -1  -1  -1 113  -1  -1  -1  -1 302 191  -1  -1 131  -1  -1  -1  -1  -1  -1  -1  -1  -1 
 10  -1  -1  -1  -1  -1  -1  33 261  -1  82  -1 205  -1  -1  -1  -1  -1  -1  -1  -1  -1  -1 103  -1  -1 
 11  -1  -1  -1  -1  -1  -1  47  -1  -1  -1  -1  -1  -1  -1   1  -1  -1  -1  -1  -1 213  39 238  -1  -1 
 12  -1 300 208  72  -1  86  -1  -1 267  -1  -1 256  -1 160  -1  -1  -1  79 190  -1  -1 233  -1  -1  -1 
 13  -1  -1  -1  -1  -1  -1  67  -1  -1  -1  -1  -1  26  -1  -1  -1  -1 280 280 177  -1 277  -1 144  -1 
 14  -1 204 258  -1  -1 106  -1  -1  -1  -1  -1  -1  -1  15 306  -1  -1  -1  -1  -1  -1 248 147  -1  -1 
 15  -1  -1 290  -1  -1  -1 216  -1 168  -1  -1  -1  83  81  -1  -1  -1 240 123  -1 173  -1  -1  -1  84 
 16 301  77  85  37  -1  -1  73  -1  -1  -1  -1  -1 148 148  -1  -1 293  28  -1  -1  -1  20  70 247  -1 
 17  -1  -1  -1  -1  -1  -1  -1  27  -1  -1  -1  -1  22  -1  -1  -1  34  -1  69  -1  -1  80  -1  -1 265 
 18  -1  -1  -1  14  -1  87  -1 284  12  -1  -1  -1  -1  -1  -1  18  -1  -1  -1  -1  -1 211 289 179  41 
 19  -1  -1  -1  -1  -1  -1  88  -1  -1  -1  -1  78 217  -1  -1  -1  -1  -1 145  -1  -1  -1 286  29  -1 
 20  -1 102  -1 305  -1  -1 152 253  -1  -1  -1 155  -1  -1  -1  -1  -1  -1 252  -1  -1  -1  -1 129  -1 
 21  -1  -1  -1  -1  -1  -1  -1 146  -1  -1  -1  66  -1  -1  -1  -1  -1  -1  -1  -1  -1  -1  -1  58 125 
 22  -1 254 171 100  -1  -1  -1  -1  -1  -1  -1  23  -1  -1  -1  -1 223 135  -1  -1  -1  -1  -1  -1  -1 
 23  -1  25  -1  -1  -1 263 257 296 132  -1  -1  -1  -1  -1  -1  -1  -1  -1  -1  -1  -1  62  -1  -1  -1 
 24  -1 304  -1  -1  -1  -1  -1  -1 212  -1  -1  -1 165  -1  -1  -1 150 291  -1  -1  -1  -1  -1 264  -1 
 25  -1  -1 164 220  -1  -1  -1  -1  -1  -1  -1 243  -1  -1  -1  -1  -1  -1  -1  -1  -1 198 246 161  -1 
 26  -1 159  -1 128  -1  -1  -1  -1  -1  -1  -1 172  -1  -1  -1  -1  -1  -1  40 219  -1  -1 192 192  -1 
 27  -1  44  -1  -1  -1  -1  -1  -1  -1  -1  -1  -1 101  -1  -1  -1  -1 116  -1  -1  -1  -1  -1  38  -1 
 28  -1  -1 242 188  -1  -1 201  -1  -1  -1  -1 114  -1  -1  -1  -1 199  -1  57  -1  -1  -1 210  -1  -1 
 29  -1  -1 111  -1  -1  -1  36  -1  -1  -1  -1  -1  -1  -1  -1  -1  -1  -1  -1  -1 259 218  -1  -1  -1 
 30   4   4  -1  24  -1  19  19  19  -1  -1  -1  -1  -1  30  -1  -1   2   2  -1  -1  -1  -1  17  17  -1 
 31  -1  -1  -1  -1  -1  -1  -1  -1  -1  -1  -1  -1  -1  -1  -1  -1  -1  -1  -1  -1  31  31  31  -1  -1 
 32  -1  -1  63  63  63  -1  -1  -1  61  61  -1  -1  74  48  48  -1  68  -1  -1  -1  -1  -1  -1  46  46 
 33  -1  -1  -1  -1  -1  -1  -1  75  75  75  -1  -1  -1  -1  -1  -1  -1  -1  -1  -1  -1  -1  -1  -1  -1 
 34  -1  -1  -1 112  -1  -1  -1 107 107 107 105 105 118  92  92  -1  -1  90  90  -1  -1  -1  -1  -1  -1 
 35  -1  -1  -1  -1  -1  -1  -1  -1  -1  -1  -1  -1  -1  -1  -1  -1  -1  -1  -1  -1  -1  -1 119 119 119 
 36 136 136 151 151 151  -1  -1  -1  -1  -1  -1 162  -1 134 134  -1 156  -1  -1  -1 149 149  -1  -1  -1 
 37  -1  -1  -1  -1  -1  -1  -1  -1  -1  -1  -1  -1  -1  -1  -1  -1  -1  -1  -1  -1 163 163 163  -1  -1 
 38 178 178  -1 206  -1  -1 195 195 195  -1  -1  -1  -1 193 193  -1  -1 180 180  -1  -1  -1  -1 200  -1 
 39  -1  -1  -1  -1  -1  -1  -1  -1  -1  -1  -1  -1 207 207 207  -1  -1  -1  -1  -1  -1  -1  -1  -1  -1 
 40 224 224 244  -1  -1 239 239 239 250  -1  -1  -1 237 237  -1  -1  -1  -1  -1  -1  -1  -1  -1 222 222 
 41  -1  -1  -1  -1  -1  -1  -1  -1  -1  -1  -1  -1 251 251 251  -1  -1  -1  -1  -1  -1  -1  -1  -1  -1 
 42 266 266 283 283 283  -1  -1  -1  -1  -1  -1 294 281 281  -1  -1 268 268  -1  -1  -1  -1  -1 288  -1 
 43  -1  -1  -1  -1  -1  -1  -1  -1  -1  -1  -1  -1 295 295 295  -1  -1  -1  -1  -1  -1  -1  -1  -1  -1 
 44  -1  -1  -1  -1  -1  -1  -1 141  -1  -1 228  -1 231  -1  -1  -1  -1  -1  -1 271  -1  -1 309  -1  -1 
 45  -1  -1 308  -1  -1  -1 184  94  -1  -1   9  -1  50 227  -1  -1  -1  -1   6  -1  -1 314  -1  -1  -1 
 46  -1  -1  -1  -1 312  -1  -1 270  -1  -1 185  -1 272  -1  -1  -1  -1  -1  -1  -1  -1  -1  -1  -1  -1 
 47  -1  -1  -1 182  -1  -1  -1  -1  -1  -1  97 197  -1 181  -1  -1  -1  -1 274  -1  -1  -1  -1 142   7 
 48  55  95  -1  -1  -1  -1  -1  -1  -1  -1 269  -1 187   8  -1  -1  -1  -1  49  -1  -1  -1  -1  -1  -1 
 49  -1  -1  -1  -1  -1 153  -1  -1 285  -1  54  -1  -1  -1  -1  -1  -1  -1  -1  -1 316  -1  -1  -1  -1 
 50  -1  -1  -1  51  -1  -1  -1  -1 186  -1 143  -1  -1  -1  -1 315  53  -1  -1  11  -1  -1  -1  -1  -1 
 51  -1  -1  21   5  -1  -1  -1  -1 226 310  -1 313 139 273  -1  -1 241  -1 137  99 109  -1  -1  96  -1 
 52  -1  -1  -1  -1  -1  -1 230 183  -1  -1  -1  -1  93  -1  -1  -1  -1 225  -1 138  -1  -1  -1  -1 140 
 53  -1  -1  -1  98  -1 311 275  52  -1  -1  -1  -1  -1  -1  -1  -1  -1  65 229  -1  -1  -1  -1  10  -1 

r\t   0   1   2   3   4   5   6   7   8   9  10  11  12  13  14  15  16  17  18  19  20  21  22  23  24 
  0  -1 144  -1  -1 305  -1  -1  -1  -1  -1  -1  -1 300  -1  -1  -1  -1  -1  81 263  -1  -1  -1 131  -1 
  1  -1 117  86 192 192  -1  -1  -1  -1  -1  -1  -1 258  -1  -1  -1  -1  -1 257  -1  -1  -1  -1  -1  -1 
  2  -1  -1 240  -1  -1  -1  -1  -1 260  -1  -1  -1  -1  -1  -1  -1 232  -1  -1  83  -1  62  -1  -1  -1 
  3  -1  -1 215  -1  -1  -1 287  56  -1  -1  -1  -1 220 284  -1  -1  -1  -1  37  -1  -1 243  -1  -1  -1 
  4  -1  -1 129 201  -1  -1  -1  79  -1  -1  -1  -1  -1  20  -1  -1  -1  76 169 261  -1 282  -1 104 104 
  5  -1  -1 174  -1  -1  -1 299 152 113  -1  23  -1  -1 103  -1  -1  -1  -1  -1  -1  -1  -1  -1  -1 219 
  6  -1  -1  -1 128  -1  -1  -1   3 292  -1  -1  -1  -1  -1  -1  -1 116  -1  -1  -1  -1  -1  -1  -1  82 
  7  -1  80  -1  -1  -1  67  -1 211 100  -1  -1  -1 115  -1  -1  -1 256  -1  -1  -1  -1  -1 277  -1  -1 
  8 198  13  -1  -1  -1  -1  -1 133 168  -1  -1  88  -1  -1  -1  -1  -1 297 150  -1  -1  -1  -1  -1  -1 
  9  -1  -1  -1  39  43  -1 154 280 280  -1  -1  -1  -1 155  -1  -1   0  -1  -1  -1  -1  -1  -1 170  -1 
 10  -1 212  33  -1  -1  -1 120 236 236  -1  -1  73  -1  35  -1  -1 102 167  -1  -1  -1  -1  44 130  38 
 11  -1  -1  70 166  -1  -1  -1 175  -1  -1  -1 114  -1 265  -1 306  -1  -1  -1  -1  -1 161  -1  -1  -1 
 12  -1  -1  -1  -1  -1  -1  -1  -1  -1  -1  -1  -1  -1  -1  -1  -1  64  -1  -1  -1  -1  -1  -1  -1  -1 
 13  -1  -1 216  69  -1  -1 242 158  -1  -1  -1  -1  -1  -1  -1  -1  -1  -1  -1  -1  -1  -1  -1  -1  -1 
 14  -1 159  -1  -1  -1  -1  -1 246  14  -1 286  -1  -1  -1  -1  -1 190 111  -1  -1  -1  -1  -1  -1  -1 
 15  -1 289 213  -1  -1  -1  -1 296  -1  -1  -1 253  -1 208  -1  -1 157 202  -1  -1  -1  -1 191  -1  -1 
 16  -1  -1 132 279  -1  -1  -1  -1 189  -1  -1 267 233  -1  -1  -1  -1 196  -1  -1  -1  -1  -1  -1  -1 
 17  -1  -1 164  27  -1  -1  -1  -1 254  -1  -1  -1  -1 248  42  -1  12  -1 203  -1  -1 108  -1  -1  -1 
 18 214 235  84  36  -1  -1  -1 264 303  -1 238  -1  29  -1  -1  -1  -1  26  -1 106  -1 255  -1 121  -1 
 19  -1  -1 205  -1  -1  -1  72  32  -1  -1  -1   1  -1  -1  -1  -1  77 171  -1  -1 218  -1 298  -1  -1 
 20  -1 101  57  -1  -1  -1  -1 110  -1  -1 217  -1  -1  -1  85  -1  -1  -1 172  -1  -1  -1  60  60  -1 
 21  -1  34  -1 126  -1  -1  -1  -1  -1  -1  87  -1 276  -1  -1  -1  -1  -1 249  -1  -1  78  -1  -1  -1 
 22  -1  -1  -1  -1  -1  -1  66 262  40  -1  -1  47  -1  -1  -1  -1 291 147  -1  -1  -1  -1  -1 209  -1 
 23  -1  -1  16  16  -1  -1  -1  -1  45  -1 173 160 204 135  -1  -1 145  -1 176  -1  -1  -1  -1 188  -1 
 24  -1  -1 221 124  -1  -1 194 210  -1  -1  -1  -1 165 290  -1  -1  -1  -1 293  -1  -1  -1  -1 278  -1 
 25  -1  -1  -1 234  -1  -1  -1  -1  -1  -1  -1  -1  -1  -1  -1  -1  -1  -1  89  -1  -1  -1  -1  28  -1 
 26  -1 301  -1  -1  -1  -1  -1 179 127  -1  -1 125  15  -1  -1  -1  -1 177  -1  -1  -1  41  -1  -1  22 
 27  -1 247  -1  -1  -1  -1  -1  18  -1  -1  -1 307  -1  -1  -1  -1  -1 252  -1 199  -1  -1  -1  -1 304 
 28  -1  -1 148 148  -1  -1  -1  91  25  -1  -1  -1  -1  -1  -1  -1  71 123  -1  -1  -1  -1 122  -1  -1 
 29  -1  58  -1  59  -1  -1  -1 302 146 259  -1 223 245  -1  -1  -1  -1  -1  -1  -1  -1  -1  -1  -1  -1 
 30  -1  -1  -1   4   4  -1  24  -1  -1  -1  -1  -1   2   2  -1  -1  30  19  19  19  -1  -1  17  17  -1 
 31  -1  -1  -1  -1  -1  -1  -1  -1  -1  -1  -1  -1  -1  -1  -1  -1  -1  -1  -1  -1  31  31  31  -1  -1 
 32  -1  -1  -1  46  46  -1  -1  68  -1  -1  -1  -1  61  61  -1  48  48  63  63  63  -1  -1  -1  74  -1 
 33  -1  -1  -1  -1  -1  -1  -1  -1  -1  -1  -1  -1  75  75  75  -1  -1  -1  -1  -1  -1  -1  -1  -1  -1 
 34  92  92 112 105 105  -1  -1  -1  -1  -1 107 107 107 118  -1  90  90  -1  -1  -1  -1  -1  -1  -1  -1 
 35  -1  -1  -1  -1  -1  -1  -1  -1  -1  -1  -1  -1  -1  -1  -1  -1  -1  -1  -1  -1 119 119 119  -1  -1 
 36  -1  -1  -1 134 134  -1  -1  -1  -1  -1 151 151 151 162  -1 136 136  -1 156  -1  -1  -1 149 149  -1 
 37  -1  -1  -1  -1  -1  -1  -1  -1  -1  -1  -1  -1  -1  -1  -1  -1  -1  -1  -1  -1  -1  -1 163 163 163 
 38  -1  -1  -1 180 180  -1  -1  -1 200  -1  -1 206 195 195 195 178 178  -1  -1  -1 193 193  -1  -1  -1 
 39  -1  -1  -1  -1  -1  -1  -1  -1  -1  -1  -1  -1  -1  -1  -1  -1  -1  -1  -1  -1 207 207 207  -1  -1 
 40 224 224  -1 244  -1  -1 250 222 222  -1  -1  -1  -1  -1  -1  -1  -1 239 239 239  -1  -1 237 237  -1 
 41  -1  -1  -1  -1  -1  -1  -1  -1  -1  -1  -1  -1  -1  -1  -1  -1  -1  -1  -1  -1  -1  -1 251 251 251 
 42 281 281  -1 266 266  -1  -1  -1  -1  -1  -1  -1  -1  -1  -1 268 268 283 283 283  -1 288  -1 294  -1 
 43 295 295 295  -1  -1  -1  -1  -1  -1  -1  -1  -1  -1  -1  -1  -1  -1  -1  -1  -1  -1  -1  -1  -1  -1 
 44  -1  -1  51  -1  -1  -1  -1  -1 137  -1  -1  -1  -1  -1  -1  -1  -1 140  -1  -1  -1  -1  -1   6  -1 
 45  -1  -1   5  -1  -1  -1  -1  -1 182  -1  -1  65  -1 229  -1 230  -1  -1  -1  -1  -1  -1 181  -1  -1 
 46 143  11 187  98  97  -1  21  53  -1  -1  -1  -1  -1  -1  -1  -1  -1  -1  -1  -1  -1 153  93 183  -1 
 47  -1  54 271  -1  -1  -1  -1  -1  95  -1  -1 141  -1  -1  -1  -1  -1  -1  -1  -1  -1  -1 272 139  -1 
 48  -1 138  -1 227  -1  -1  -1 197  -1  -1  -1  -1 184  -1  -1   7  -1  -1  -1  -1  -1  -1  -1  -1  -1 
 49  -1  -1  -1  -1  -1  -1  -1  -1  -1  -1  -1  -1  -1  96  -1  -1  -1  49  -1  -1  -1  -1  -1  -1 312 
 50  -1  -1  -1  -1  -1  -1  -1  -1 273  -1  -1 186  -1  -1  -1  -1  -1  -1  -1 315  -1 313  -1  94  -1 
 51   9 274  -1  -1  -1  -1  -1  -1  10  -1 310 285 275  52 309  -1  -1  -1  -1  -1  -1  -1 231 225  -1 
 52  55  -1  99  -1 228 311 308  -1  -1 314  -1  -1  -1  -1  -1  -1 226  -1 270  -1  -1  -1   8  50  -1 
 53  -1 185  -1  -1  -1  -1 109  -1  -1  -1  -1 241  -1  -1  -1  -1  -1  -1  -1  -1 316  -1 142 269  -1 

r\t   0   1   2   3   4   5   6   7   8   9  10  11  12  13  14  15  16  17  18  19  20  21  22  23  24 
  0  -1  64  -1  -1  -1  -1  -1  87  -1  -1  -1  -1  58 289  -1  -1  -1  -1  -1  -1  45  -1  -1  -1  -1 
  1 133  32 253  14  -1  -1  34  -1  -1  -1  -1  -1  -1  -1  -1  -1  -1 146  -1  -1  -1  -1  -1  -1  -1 
  2  -1 290  -1 267  -1  -1  -1  36 171  -1  -1 276  -1 305 172  81 165 218  -1  -1 177  -1  -1  -1  -1 
  3  -1  -1  -1 158 131  -1  -1  -1 240 216  -1  79 256  -1  -1  -1  -1  -1  -1  43  -1  -1  -1  -1  -1 
  4  -1  -1 126  -1  -1 214  -1  -1  -1  -1  -1 233 121  59  -1  -1  28  -1  -1  -1  -1 144 173  -1  -1 
  5  -1  -1  -1  -1  -1  -1 113 205  -1  -1  -1  -1  -1  41 261 217  76 238  -1  -1  -1  -1 292  -1  -1 
  6  -1 245  -1 179  -1  -1  -1  -1  -1  -1  -1 108  -1  -1  -1  -1  57  -1 194  -1  -1  -1  -1  -1  -1 
  7  -1  -1  -1  -1  -1  -1  -1  -1  -1  -1  -1  -1 236 236  -1  -1  12  -1  -1  -1  -1  -1 191  -1  -1 
  8  -1 212  -1  -1  -1  -1  71  -1  27 215 306  84  -1 249  -1  -1 234 223  -1  -1  -1 277  86  -1  -1 
  9 257  40 282  -1  -1  -1  -1  -1  -1  -1  -1  88  -1 175  -1  -1 247  -1 150  -1  -1  -1  -1  -1  -1 
 10  -1  85  -1  -1 129  -1  -1  16  16  -1  -1 116  -1  -1 155  -1 264  -1 291  -1  -1  -1  -1  -1  -1 
 11  -1  73  25  -1  -1  -1  -1  -1  -1  -1  -1 152  -1 209  -1  -1  -1  -1  -1  -1  -1  -1  -1  80  -1 
 12  -1  -1  -1  -1  -1  -1  38  -1  -1  -1  -1  -1  -1  -1  -1 130  -1 114  15  -1  -1  -1  -1  -1  -1 
 13  -1 154  -1  -1  -1  -1  -1  -1 299  42  -1  -1  -1 125  -1  -1  -1  -1  -1  -1  -1  -1  62 300  -1 
 14  -1   0 148 148  -1 219 287  -1  -1  -1  -1  -1  -1  -1  37  -1 203  20  77  -1  -1  -1 263  -1  -1 
 15  -1 135  -1 232  -1  -1  -1  -1  -1  -1  -1  83  -1 123  -1  -1  -1 248  -1  -1  -1  -1  -1  -1  -1 
 16 265  -1  -1 204  -1  -1  -1 213  -1  -1  -1  -1  -1 284  -1  -1  -1 297  -1  -1 106  -1  70  -1  -1 
 17  -1  -1  -1  -1  -1  -1  -1  33  -1  -1  -1 254  29  -1  -1  -1  -1  72  -1  -1  -1  -1  -1  22   1 
 18  -1  -1  -1  -1  -1  -1  -1  60  60  -1  -1  -1  -1  39  -1  -1 101  -1 303  -1  -1  -1  26 202  -1 
 19  -1  -1 122  -1  -1  -1  18  44 210 220  -1 298  -1  -1  -1  -1  -1  -1 246  -1  -1  -1  -1  -1  67 
 20  -1  -1  -1  -1  -1  -1 168 235  -1  -1 260  -1 147  -1  -1  -1  -1 190 110  -1  -1  -1 117  -1  -1 
 21  -1  -1  -1  -1  -1 169  -1  -1 192 192  -1 170  -1  82  -1  -1  -1 100  -1  -1  -1 124  -1  -1  -1 
 22  -1  13 166  -1  -1 286  -1  -1  78  -1  -1  -1 279  -1  -1  -1  -1 160  -1  -1  -1  89  47  -1  -1 
 23  -1 278  -1  -1  -1  -1 198 262 211  -1  -1   3 301 157  -1  -1 145  -1  -1  -1  -1  -1  -1  -1  -1 
 24 174  -1  -1  -1  -1  -1  -1  -1 103 304  -1  -1 196  -1  -1  -1 293  -1  -1  -1  -1 164 102  -1  -1 
 25  -1  -1  -1 307  -1  -1  66 255 120  -1  -1  -1 167  -1  -1  -1  -1  -1  -1  -1  -1 132 201 111  -1 
 26  -1  91 208 199  -1 128  -1 296  -1  -1  -1  56  69  -1 127  -1 115  -1  -1 259  -1  -1  -1  -1  -1 
 27  -1  -1  -1  -1  -1  -1  -1 280 280  -1  -1  35 104 104  -1  -1  -1  -1 242  -1  -1 189  -1  -1 176 
 28  -1  -1  -1  -1  -1  -1  -1  -1 252  -1  -1 302  -1  -1  -1  -1 188 258  -1  -1  -1  -1 161  -1  -1 
 29  -1  -1  -1  -1  -1  -1 243  -1  -1  -1  -1  23  -1  -1  -1  -1  -1  -1  -1  -1  -1  -1  -1 159 221 
 30  -1  -1  -1  24  -1  -1  -1   4   4  -1  -1  -1  19  19  19   2   2  -1  -1  -1  17  17  -1  30  -1 
 31  -1  -1  -1  -1  -1  -1  -1  -1  -1  -1  -1  -1  -1  -1  -1  -1  -1  31  31  31  -1  -1  -1  -1  -1 
 32  -1  -1  -1  61  61  -1  -1  74  46  46  -1  -1  48  48  -1  -1  -1  63  63  63  -1  68  -1  -1  -1 
 33  -1  -1  75  75  75  -1  -1  -1  -1  -1  -1  -1  -1  -1  -1  -1  -1  -1  -1  -1  -1  -1  -1  -1  -1 
 34  -1  -1 105 105  -1 107 107 107  90  90  -1  -1  -1  -1  -1  92  92  -1 118  -1  -1  -1  -1 112  -1 
 35  -1  -1 119 119 119  -1  -1  -1  -1  -1  -1  -1  -1  -1  -1  -1  -1  -1  -1  -1  -1  -1  -1  -1  -1 
 36  -1  -1  -1  -1  -1  -1  -1 149 149  -1  -1 156 136 136  -1 134 134  -1 162  -1  -1  -1 151 151 151 
 37  -1  -1  -1  -1  -1  -1  -1 163 163 163  -1  -1  -1  -1  -1  -1  -1  -1  -1  -1  -1  -1  -1  -1  -1 
 38 195 195 195  -1  -1  -1  -1  -1 178 178  -1  -1  -1 193 193 180 180 200 206  -1  -1  -1  -1  -1  -1 
 39  -1  -1  -1  -1  -1  -1  -1  -1  -1  -1 207 207 207  -1  -1  -1  -1  -1  -1  -1  -1  -1  -1  -1  -1 
 40 239 239 239 250  -1  -1 244  -1  -1  -1  -1  -1 222 222  -1 224 224  -1  -1  -1  -1  -1 237 237  -1 
 41  -1  -1  -1  -1  -1  -1  -1  -1  -1  -1  -1  -1  -1  -1  -1  -1  -1  -1  -1  -1  -1 251 251 251  -1 
 42  -1  -1  -1 294  -1  -1 288 266 266  -1  -1  -1  -1  -1  -1  -1  -1 283 283 283 268 268 281 281  -1 
 43  -1  -1  -1  -1  -1  -1  -1  -1  -1  -1  -1  -1 295 295 295  -1  -1  -1  -1  -1  -1  -1  -1  -1  -1 
 44  -1  -1  -1  -1  -1 316  -1  -1  -1  -1  -1  51  -1  -1  -1  -1  53  -1  -1 310  -1  -1  94  -1  -1 
 45  -1  -1  -1  52  -1  -1  -1 139  -1  -1  -1 227  -1  -1  -1  -1  -1  -1  -1  -1 241   6 225  65  -1 
 46  54 187  -1 285  -1  -1  -1  -1  -1  -1  -1 272  10 182  -1  -1  -1 185  -1  -1  -1  -1  -1  -1  -1 
 47  -1  -1  21  -1  -1  -1  -1  -1  -1  -1  -1  -1 270  97 311  55  -1  -1 313  -1  -1 229   8 312  -1 
 48  -1  -1 315   5  -1  -1 314  -1 231  -1 308  -1  -1  -1  -1  -1  -1  -1  -1  -1  -1  -1 184  -1  -1 
 49  -1 109  -1  -1  -1  -1  -1  -1  -1  -1  -1  -1  -1  -1  -1  -1  -1 143  -1  -1 138  -1  -1 197  -1 
 50   7 275  -1  -1  -1  -1  -1 228 141  11  -1  -1  -1  -1  -1 273  -1  -1  -1  -1  -1  -1 269  -1  -1 
 51  -1 226  -1 230 309  -1  -1  -1  -1  -1  -1  -1  -1  -1  -1  -1  -1  93  -1  -1  -1 186  -1  -1  -1 
 52  -1  -1  -1 140  -1  -1  -1 181  -1  -1  -1  -1 183  -1  -1  -1  -1  -1  -1  -1   9  -1 142  -1  95 
 53  98  50  -1  96  -1  -1 153  -1  -1 274  -1 137  99  -1  -1  -1  -1  -1  -1  -1  -1  49  -1  -1 271 

r\t   0   1   2   3   4   5   6   7   8   9  10  11  12  13  14  15  16  17  18  19  20  21  22  23  24 
  0  -1  34  -1  -1  -1  -1  37  -1  -1  -1  -1  -1  -1  -1  -1  -1  -1  -1  -1  -1  -1  -1  -1  -1  -1 
  1  -1  -1  79 129  -1  -1 279  -1  -1  -1  -1  -1 303 276  -1  -1  -1  -1  -1  -1  -1 128  -1  -1  -1 
  2  -1 173 256  -1  -1  -1  -1 131  16  16  -1  64  -1  -1  -1  -1 161 296  -1  -1  -1 152  -1  -1  -1 
  3  -1  -1  -1 210  -1  -1 144  -1 159  86  -1 172 110  -1  -1  -1 234 304 212  -1  -1  -1  -1  -1  -1 
  4  -1 150 124  40 260  -1 213  69  -1  -1  -1  -1  -1  -1  -1  -1 299  43 254  -1  85  -1  -1  -1  -1 
  5  -1  -1 290  -1  -1  -1  18  -1  -1  -1  -1 146  -1  -1  -1  -1  -1  -1  -1  -1  -1 277 106  -1  -1 
  6  -1  -1  -1  -1  -1  -1  -1  -1  -1  -1 301  -1  -1  -1  -1  -1  78 245  71  -1 177  -1  80 264  -1 
  7  41  -1  57  44  -1  -1 205  -1  -1  -1  -1 189 259  73 261  -1  -1  -1  -1  -1  -1  -1  -1  -1  -1 
  8  -1 117  -1  14 126  -1  -1  29  -1  -1  -1 223  -1  -1  -1  -1  83  -1 174  -1  -1  91  -1  -1  -1 
  9  -1 286 262  -1  -1  -1  -1  -1  -1  -1  -1  -1  -1  -1  -1  -1 103  -1  -1  -1  -1 196  -1 135  -1 
 10 176 232  28 252  -1  -1  -1  23  45  -1  -1  89 282  -1  -1  -1  -1  39  -1  -1  -1  -1 114  -1  87 
 11  -1  -1  15 148 148  38 188 302  -1  -1  -1 278  -1 203  82  -1  -1  -1  -1  -1  -1  -1  36 209 219 
 12  -1  -1  -1  -1 287  -1  -1  -1  -1 305  -1  12 289 145  -1 130  -1  -1  66  -1  -1  -1  -1  -1  -1 
 13  -1  -1  -1  -1  81  -1 158  -1  -1  -1  -1  -1  -1  26   1  -1  -1 113  -1  67  -1 221 199 100  -1 
 14  -1  -1  -1  -1  -1  -1  -1 164  -1  -1  -1  -1  -1  -1  -1  -1 253  -1  -1  -1  -1  -1  -1  -1  -1 
 15  -1 108  -1  -1  -1 307  -1  -1  -1  -1  -1  -1 194 218  -1  -1  -1  -1  -1  -1  -1 293  -1 190  -1 
 16  -1  13 179 300  -1  -1  58  -1 255  -1  -1  25  -1  -1  -1  -1  -1 235  77  -1  -1  -1  -1  -1  -1 
 17  -1  -1  -1  -1  -1  -1  -1  -1  -1  -1  -1 169  -1  -1 170  -1  -1  -1  -1 217  -1  -1  -1  -1  -1 
 18  -1  -1  -1 104 104  -1  -1  -1  -1  -1  -1  -1  -1 102 132  -1 147 204 120  -1  -1  -1  -1  -1  -1 
 19  -1  84  -1  -1  -1  -1  -1 214  -1  -1  -1  -1 202 248  -1 215  -1  -1  -1  -1  -1   0 291  -1  -1 
 20  -1 211 168  72  -1  -1 101  -1  -1  -1  -1  -1 123  -1  -1  -1  -1  -1  -1  -1  -1 306  33  -1  -1 
 21  -1 249  42  -1  -1  -1 127  -1  35  -1  22  -1  -1  -1  -1  -1 121  -1  -1  -1  -1 267 238 160  -1 
 22  -1 166  -1  -1  -1  -1  -1  -1  -1  -1  -1  -1 246 157  -1  -1  -1  -1  -1  -1  -1  -1 165  -1  -1 
 23  -1  88 198  32  -1  -1  -1  -1 122  -1  -1  -1  -1 116  -1 220  -1  -1  -1  -1  -1 133  -1  -1  -1 
 24  -1  -1  -1  -1  -1  -1  -1  -1  -1  -1  -1  -1 167  -1  -1  -1  -1 171 242  -1  -1 175  -1 236 236 
 25 192 192  -1  -1  -1  -1  -1  62  -1  -1  -1  -1  -1 233  -1 263 201  -1 292  -1  -1  -1 154 297  -1 
 26  -1  47  -1  59  -1  -1   3  -1  -1  -1  -1 247  -1  -1  -1  -1  -1  -1  -1  -1  60  60  -1 155  -1 
 27  -1  -1 208 191  -1  -1  -1  -1  -1  -1  -1  -1  -1  -1  -1  -1  20  56  -1  -1  -1 115  -1  -1  -1 
 28 265  -1 280 280  -1  -1 240  -1  -1  -1  -1  -1  -1  -1  -1  -1 258  -1 257 216  -1  27  -1  76  -1 
 29  -1  -1  -1  -1  -1  -1  -1 284  70  -1  -1  -1 243 298  -1  -1  -1 125  -1  -1  -1 111  -1  -1  -1 
 30   2   2   4   4  -1  -1  -1  -1  -1  -1  -1  -1  24  -1  -1  -1  30  -1  17  17  -1  -1  19  19  19 
 31  -1  -1  -1  -1  -1  -1  -1  -1  -1  -1  -1  -1  -1  -1  -1  -1  -1  31  31  31  -1  -1  -1  -1  -1 
 32  -1  -1  68  -1  -1  -1  74  -1  -1  -1  -1  -1  61  61  -1  46  46  -1  -1  -1  48  48  63  63  63 
 33  -1  -1  -1  -1  -1  -1  -1  -1  -1  -1  75  75  75  -1  -1  -1  -1  -1  -1  -1  -1  -1  -1  -1  -1 
 34  -1  -1  -1 112  -1  92  92 105 105  -1  -1  -1  -1  90  90  -1  -1 107 107 107  -1  -1  -1 118  -1 
 35  -1  -1  -1  -1  -1  -1  -1 119 119 119  -1  -1  -1  -1  -1  -1  -1  -1  -1  -1  -1  -1  -1  -1  -1 
 36  -1  -1  -1  -1  -1 136 136 151 151 151  -1 156  -1  -1  -1 134 134 149 149  -1  -1  -1 162  -1  -1 
 37  -1  -1  -1  -1  -1  -1  -1  -1  -1  -1  -1  -1  -1  -1  -1  -1  -1 163 163 163  -1  -1  -1  -1  -1 
 38  -1  -1  -1  -1  -1 178 178 193 193  -1  -1  -1  -1 180 180  -1  -1 195 195 195  -1 206 200  -1  -1 
 39  -1  -1  -1  -1  -1  -1  -1 207 207 207  -1  -1  -1  -1  -1  -1  -1  -1  -1  -1  -1  -1  -1  -1  -1 
 40 224 224 239 239 239  -1  -1 237 237  -1  -1  -1  -1 222 222  -1  -1  -1  -1  -1  -1  -1 250 244  -1 
 41  -1  -1  -1  -1  -1 251 251 251  -1  -1  -1  -1  -1  -1  -1  -1  -1  -1  -1  -1  -1  -1  -1  -1  -1 
 42  -1  -1 266 266  -1  -1  -1  -1 294  -1  -1 288  -1 268 268  -1  -1 283 283 283  -1  -1 281 281  -1 
 43  -1  -1  -1  -1  -1 295 295 295  -1  -1  -1  -1  -1  -1  -1  -1  -1  -1  -1  -1  -1  -1  -1  -1  -1 
 44  55 186  -1 184  -1  -1  49  -1 141  -1  -1 181 153  -1  -1  -1  -1  -1  -1  -1  -1 183  -1  98  -1 
 45  99  -1  -1  -1  -1  -1  -1  -1   6  -1  -1  -1  -1  -1  -1  -1  96  -1  -1  -1 228  -1  -1  -1  -1 
 46  -1  -1  -1 231  -1  -1  -1 315  -1  -1  -1 274  -1  -1  -1  -1  -1  -1  -1  -1 275  -1  -1  -1  -1 
 47  -1  -1  -1  -1  -1  50  -1  -1  -1 285 310  -1  -1  -1  -1  -1 227  54 313  -1  11  -1 308  -1  -1 
 48  -1  -1 142 137  -1  -1  -1  -1  -1  -1  -1  -1  -1 140  -1  -1 269  -1  -1  -1  -1  -1  -1 182  -1 
 49  -1  -1  -1  93  -1  -1  -1  -1  -1  -1  -1 139  21  -1  -1 271  -1  -1  -1  -1  95  -1  -1  -1  -1 
 50  -1  -1  51  -1  -1  -1 225  -1 270  -1 197  -1  -1   7  -1  -1  10  -1  -1 312  -1  -1  -1  -1 314 
 51  -1  -1  97  -1 311   9  -1  -1  -1 316 109   5  -1  -1  -1   8  -1 229  -1  -1 143  -1  -1 226  -1 
 52 138  -1  -1  -1  -1  -1  -1  -1 230  -1  -1 241 309  52  53 185 187  -1  -1  -1  -1  -1  -1  -1  -1 
 53  -1  65  -1  -1  -1  -1 272  -1  -1  -1  -1  -1  -1  -1  -1  94  -1 273  -1  -1  -1  -1  -1  -1  -1 

r\t   0   1   2   3   4   5   6   7   8   9  10  11  12  13  14  15  16  17  18  19  20  21  22  23  24 
  0  -1  -1  -1  -1  -1  -1  -1  -1  86  -1  -1 154 245  -1  -1  -1 130  -1  -1  -1  -1  -1 278  -1  -1 
  1  -1  -1  -1  91  -1  -1  -1 236 236  -1  -1  -1  -1  -1  -1  -1  -1  -1  -1  -1  -1 240  -1  -1  -1 
  2 214  -1 159  -1  -1  -1  62  -1  -1  -1  -1  -1  -1 190 170  -1  -1  -1  -1  -1  -1  -1  -1  -1  -1 
  3 304  -1 303  -1 129  -1  -1  -1  -1  -1  -1  -1 100 284  -1  -1 234  -1 205  -1  -1  -1  -1  -1  -1 
  4  -1  -1 102 115  -1  -1  -1  89  -1  -1  -1 290  -1  -1  -1  -1  -1  -1  -1  -1  -1  -1  -1 282  -1 
  5  -1 127  -1 201  66  -1  -1 264  -1  42  -1  -1  -1 113  -1  -1  71  -1  -1  -1 125  -1  -1  -1  -1 
  6  -1  12 252  -1  -1  -1 218  60  60  -1  -1  28  -1  -1  -1  -1  -1 145  -1  -1 221 103 208  -1  -1 
  7  -1 291  -1  -1  -1  -1  -1 211 104 104  -1  -1  -1  -1  -1  -1  -1  -1  14  -1  -1  -1  -1  27  -1 
  8  -1  -1  79  58  -1  -1  -1  -1  -1  43  -1  -1  -1  -1  -1 257  -1  18 167  -1  -1 306  -1  -1  -1 
  9  -1  -1  -1 174  -1  -1 158  -1 253  -1  -1  73 287  -1  -1  -1  -1  -1  -1  -1  -1 176  -1  69  -1 
 10  -1  -1  -1  -1  -1  -1 299  -1 117  -1  -1  -1  -1  -1  -1  -1  -1  -1  -1  -1  -1  -1  -1  -1  22 
 11  -1 209  -1 302  -1  -1  -1  -1 146  -1  -1 128  -1  -1  -1  -1 191 279  -1  -1  45  88  -1  -1  -1 
 12  -1   0  -1  -1  -1  -1 215 210  -1  -1 177 169 300  -1  -1  84  -1 235  -1  -1  -1 289  36 175  -1 
 13  -1  -1  -1  -1 238  -1  -1  16  16  -1  -1 199  -1  -1  -1  -1  -1  -1  -1  -1  -1  -1  15  -1  -1 
 14  -1 161  39 293  -1  -1  -1 152  -1 301 126 110  -1  -1  -1 242  32  -1  -1  -1  -1  -1  80  -1  -1 
 15  -1  -1  -1 164  -1  -1  47 263  -1  -1  -1  -1  -1 132 259  -1 249  -1  -1  -1  -1  -1  -1  -1  -1 
 16  -1  56  -1  -1  -1  -1 194  -1  -1  -1  -1  -1  -1 265  -1  -1  -1  -1 246  -1  -1  70 147  -1  -1 
 17  -1  -1 192 192  -1  -1 108  -1  -1  82 171  -1  -1 160  -1  -1  13 256  -1  -1  -1 123  -1  -1  -1 
 18  -1  -1 297 255  -1  -1 248  35 188  -1  -1  -1 148 148  -1  -1  -1  59  -1  -1  -1 168  -1  -1  -1 
 19  -1  -1  -1 111  -1  -1  20 261  78  -1  -1  -1  -1 247 131  -1 262  -1  25  -1  -1  -1  -1  -1  -1 
 20  -1  -1  -1 233  -1  -1  -1  -1  -1  -1  -1  -1  -1  -1  -1  38 122  -1  -1  -1  -1  -1 298 116  -1 
 21  -1 189 277  -1  -1  -1  -1 124 292  -1  -1  67  -1  -1  -1  -1  -1  81  -1  -1  -1  37 121  23  -1 
 22  -1  -1  -1  -1  -1  -1  -1 166  -1  -1  -1  -1 260 101  -1  -1 157  -1  76  -1  -1 144  -1  -1  -1 
 23  -1 223  -1  -1  -1  -1  83  44  29  -1  -1  -1  -1  -1  -1  -1  85  -1  -1  -1  -1 204  -1  -1  -1 
 24  -1  -1 212 220 106  -1 133 254  -1  -1  -1  -1 267 203 173  -1  -1  -1  -1 307  -1  -1  33  -1  -1 
 25  -1 172  -1  26  -1  -1 232  -1  -1  -1  -1 120  -1  -1  -1  -1  -1  -1  -1  -1  -1 276  -1  -1  -1 
 26  -1 243 258  -1  -1  -1 179  -1  -1  -1  -1 202  -1  -1  -1 150  -1   3  -1  -1 216  40 305  -1  -1 
 27  -1 114  -1  -1  -1 198 217  -1  -1  -1  -1  -1 165  -1 286  -1 155  -1  -1  -1  -1  34  -1  -1  -1 
 28  -1 213  -1  72  -1  -1  -1  -1  -1  -1  -1  -1 196  -1  -1  -1  77  -1  57  -1  -1  -1  -1  87  -1 
 29  -1  -1 219 280 280  -1   1 296  -1  -1  -1  -1 135  -1  -1  -1  41  -1  -1  -1  -1  64  -1  -1  -1 
 30  -1  30  19  19  19  -1  -1  -1   2   2  -1  -1  17  17  -1  -1  -1  24  -1  -1   4   4  -1  -1  -1 
 31  -1  -1  -1  -1  -1  -1  -1  -1  -1  -1  -1  -1  31  31  31  -1  -1  -1  -1  -1  -1  -1  -1  -1  -1 
 32  -1  68  48  48  -1  -1  74  -1  -1  -1  -1  -1  -1  61  61  -1  46  46  -1  -1  -1  -1  63  63  63 
 33  -1  -1  -1  -1  -1  -1  -1  -1  -1  -1  -1  -1  75  75  75  -1  -1  -1  -1  -1  -1  -1  -1  -1  -1 
 34  -1  -1 118  -1  -1  -1 112  -1  90  90  -1  -1  92  92  -1  -1  -1 105 105  -1  -1  -1 107 107 107 
 35  -1  -1  -1  -1  -1  -1  -1  -1  -1  -1  -1  -1  -1  -1  -1 119 119 119  -1  -1  -1  -1  -1  -1  -1 
 36  -1  -1 151 151 151  -1  -1  -1 136 136  -1  -1 162  -1  -1  -1  -1 156  -1  -1 134 134  -1 149 149 
 37  -1  -1  -1  -1  -1  -1  -1  -1  -1  -1  -1  -1  -1  -1  -1  -1  -1  -1  -1  -1  -1  -1 163 163 163 
 38  -1 178 178  -1  -1  -1 200  -1 180 180  -1  -1  -1  -1  -1  -1  -1  -1 193 193 195 195 195 206  -1 
 39  -1  -1  -1  -1  -1  -1  -1  -1  -1  -1  -1  -1  -1  -1  -1 207 207 207  -1  -1  -1  -1  -1  -1  -1 
 40  -1 244  -1  -1  -1  -1  -1  -1 224 224  -1 250 239 239 239  -1  -1 222 222  -1  -1  -1  -1 237 237 
 41  -1  -1  -1  -1  -1  -1  -1  -1  -1  -1  -1  -1  -1  -1  -1  -1  -1  -1  -1  -1  -1 251 251 251  -1 
 42  -1  -1 266 266  -1  -1  -1 283 283 283  -1  -1  -1  -1  -1 281 281  -1 294  -1  -1 268 268 288  -1 
 43  -1  -1  -1  -1  -1  -1  -1  -1  -1  -1  -1  -1  -1  -1  -1 295 295 295  -1  -1  -1  -1  -1  -1  -1 
 44  -1  -1  -1  -1  -1  -1  -1  -1  -1  -1  -1  -1  -1  -1  -1  -1  -1  -1  -1 109  -1  -1  -1  -1  -1 
 45  -1  98  -1  -1  -1  -1  -1  -1  -1  -1  -1 313  -1  -1  -1  -1 272 142  49  -1  -1  53  -1  -1  -1 
 46  -1  -1  -1  -1  -1  -1  -1 185 274  -1  97  -1  -1  -1  -1  -1  -1  -1  -1  -1  -1  -1  -1  -1  -1 
 47  -1  50  -1 186  -1  -1  -1  -1  -1  -1  -1  -1  52  -1 308  -1   6  -1  96  -1  -1  -1  -1  -1  -1 
 48  -1  -1 226  -1 309 153 231  -1  -1  -1 271  -1  -1  -1  -1 316  -1 184  -1  -1  93  -1  -1 311 314 
 49  -1  -1 140  -1  -1  -1  -1 228  -1  -1  54  -1  10  -1  -1  -1  -1  -1 270  65  -1  -1  -1  -1  -1 
 50  -1  -1  95  -1  -1  -1 269  11  -1  -1   8 285  -1  -1  -1  -1 225  -1   7  -1  -1  -1 182  -1  -1 
 51  -1 139   5 137  -1  -1  99  -1  -1  -1 143 241 183  -1  -1  -1  -1  -1  -1 312  -1  -1 230  -1  -1 
 52 310 273  -1  -1  -1 315  -1  -1  51  55 229  -1  -1  -1  -1  -1  -1  -1 141  -1 275  -1   9 197  -1 
 53  -1  -1  -1  -1  -1  -1  -1 138  -1  -1  -1  21 227 181  -1  -1  94  -1 187  -1  -1  -1  -1  -1  -1 

r\t   0   1   2   3   4   5   6   7   8   9  10  11  12  13  14  15  16  17  18  19  20  21  22  23  24 
  0  -1  -1 166  -1  -1  -1  89  -1  -1  -1  -1 276  -1  -1  -1  -1 234  -1  -1  -1  -1  -1  -1 192 192 
  1  -1  -1  -1  -1  -1  -1  -1 282  -1  -1  22 202  59  -1  -1  -1  -1 199  -1  -1  -1  -1  -1 147  -1 
  2  -1  -1 100  60  60  -1  -1  26  -1  -1  -1  -1  -1 203  -1  -1  -1  -1  -1  -1  -1  -1  -1  41  -1 
  3  -1  -1  -1 174  -1 148 148  -1  -1  84  -1  -1 120   3  -1  -1 261 252  -1  -1  -1  47  -1  -1  -1 
  4  -1 110 169 264  -1  67 223 111  -1  -1  -1 213  -1  -1  -1  -1  -1  -1  -1  -1 177 284  -1 132  -1 
  5  -1  66  37  91  -1  83  -1 167 278  -1  -1  -1  -1 253  -1  -1  64  -1 233  -1 265 133  62  -1  -1 
  6  -1  -1 297 258  -1  -1  57 115  -1  -1  -1  -1  -1  -1  -1  -1 170  81 255  -1  -1 290 242  -1  -1 
  7  -1  -1  -1  -1  -1 106 214  -1  12  -1  -1  -1 267  -1  -1  -1  -1  -1 190  -1  -1  -1 247 246  86 
  8  -1 164 211  -1  -1  -1  71 154  -1  -1  -1  15  -1  27 301  -1  28  -1  -1  -1  -1  -1  -1 300  -1 
  9  -1 117 188 263  -1  -1  -1  -1  -1  -1  -1 292  44  -1  -1  -1  -1  -1 298 217  45  -1  80  76  -1 
 10 125  -1  -1  69  -1  -1 277  -1 124  -1  -1  -1  -1  -1  -1 220  73  -1  -1  -1 130  -1  -1  35  -1 
 11  -1  -1 218 159  -1  -1 305  -1  -1  -1  -1  -1  -1  -1  -1  -1  -1  -1  -1  -1  -1  -1  -1  -1  -1 
 12  -1  -1  -1  -1  -1  -1 131 291 194  -1  -1  -1  -1  -1  -1  -1  -1  -1  -1  -1  -1  -1 280 280  -1 
 13 173  79  -1 176  -1  -1 191  -1  -1  -1  -1 155 160  -1 129  -1  -1  -1  -1  -1  -1 168  -1  -1  -1 
 14  -1  -1  88  -1  -1  -1  -1  -1  39  -1  -1  -1 256  58  -1  -1  -1  -1  -1 219  -1 152  -1  -1  -1 
 15  -1  -1  -1  85  -1  -1  -1  -1  -1  -1  -1 135  -1  -1  -1  -1 103  -1 116  42  -1  13 158  -1  -1 
 16  -1  -1  -1 128  -1  -1  -1  -1 102  -1  -1  78  -1 260  -1  -1  -1  -1  -1  -1  -1 122  -1 221  -1 
 17  -1  -1 245 146  -1  -1  -1 196 157  -1  -1  -1  -1  -1   1  -1  38  -1  -1  -1  -1 201  18 175  -1 
 18  -1  -1  16  16 127  -1  -1  -1  -1  -1  -1 165  -1  -1  -1  -1 189  -1  -1  -1  -1 126  -1  -1  -1 
 19  -1  -1  -1  -1  -1  -1 302  -1  -1  -1  -1  -1  -1  82  -1  -1  -1  -1  -1  -1  -1  -1 212  -1  -1 
 20  -1 304  -1  -1  -1  -1  -1  -1  -1  -1  -1  -1 296  -1  -1  -1 209  87 259  -1  -1  70  -1  -1  -1 
 21  -1 243  -1  -1  -1  -1  -1  -1  -1  -1  -1  -1  -1  -1  -1  -1  -1  -1  -1  -1  -1 248 198 204  -1 
 22  -1  -1  -1 208  -1  -1  25  -1  -1  -1 303  -1  -1 232  -1  -1 123 262  -1  -1  -1  -1  -1  -1  -1 
 23  -1 287  -1  -1  -1  -1  -1  -1  40  -1  -1  36  -1  -1  -1  -1 289  -1 279 257  -1  -1  -1  -1  -1 
 24  -1  32 210  -1  -1  -1  -1  -1 240  -1 286  -1  -1 299  -1  -1 161  -1  -1  -1  -1  -1  -1 108  -1 
 25  -1 293 145  -1  -1  -1 114 307 205  -1  -1  -1  -1 101  -1  -1  -1 238  -1  -1 104 104  -1  -1  -1 
 26  -1  23  -1   0  -1  -1 171  -1  -1  -1  -1  -1  -1  -1  -1  -1 144 121  -1  -1  -1  -1  29  -1  -1 
 27  -1  -1  -1 306  -1  -1 215  -1  -1  -1  -1  56  -1 113  -1  -1  20  -1  -1  -1  -1  -1  -1  -1  -1 
 28 216  -1  -1 254  -1  -1  -1  77 179  -1  -1 172  33  -1  -1  -1  -1  -1  -1  -1  -1  -1  -1  -1  -1 
 29  -1 150  -1  34  -1  -1  -1 235  72  -1  -1 249  -1  43  -1  -1  -1  -1  -1  -1 236 236  -1  14  -1 
 30  -1  -1  24  -1  -1  19  19  19  30  -1  -1  -1  -1  -1  -1  -1  -1  17  17  -1   4   4  -1   2   2 
 31  -1  -1  -1  -1  -1  -1  -1  -1  -1  -1  -1  -1  -1  -1  -1  -1  -1  31  31  31  -1  -1  -1  -1  -1 
 32  -1  68  48  48  -1  -1  -1  63  63  63  -1  -1  -1  74  -1  -1  -1  61  61  -1  -1  -1  -1  46  46 
 33  -1  -1  -1  -1  -1  -1  -1  -1  -1  -1  -1  -1  -1  -1  -1  -1  -1  75  75  75  -1  -1  -1  -1  -1 
 34  -1  -1 118 112  -1  -1  -1  -1  -1  -1 105 105  92  92  -1  90  90 107 107 107  -1  -1  -1  -1  -1 
 35  -1  -1  -1  -1  -1  -1  -1  -1  -1  -1  -1  -1  -1  -1  -1  -1  -1  -1  -1  -1  -1  -1 119 119 119 
 36  -1  -1 134 134  -1  -1 156  -1  -1  -1  -1 162 151 151 151 136 136  -1 149 149  -1  -1  -1  -1  -1 
 37  -1  -1  -1  -1  -1  -1  -1  -1  -1  -1  -1  -1  -1  -1  -1  -1  -1 163 163 163  -1  -1  -1  -1  -1 
 38  -1  -1  -1 193 193  -1  -1  -1  -1  -1  -1  -1 195 195 195 180 180 200 206  -1  -1  -1  -1 178 178 
 39  -1  -1  -1  -1  -1 207 207 207  -1  -1  -1  -1  -1  -1  -1  -1  -1  -1  -1  -1  -1  -1  -1  -1  -1 
 40  -1 250 237 237  -1  -1  -1  -1  -1  -1 239 239 239 224 224  -1 244  -1  -1  -1 222 222  -1  -1  -1 
 41  -1  -1  -1  -1  -1  -1  -1 251 251 251  -1  -1  -1  -1  -1  -1  -1  -1  -1  -1  -1  -1  -1  -1  -1 
 42  -1  -1 283 283 283  -1 288  -1 294  -1  -1  -1  -1  -1  -1 281 281  -1 266 266  -1  -1  -1 268 268 
 43  -1  -1  -1  -1  -1  -1  -1  -1  -1  -1  -1  -1  -1  -1  -1 295 295 295  -1  -1  -1  -1  -1  -1  -1 
 44  -1  -1  -1  -1  -1  -1  -1  -1  -1  -1  -1  -1 137  -1  -1  -1  -1  -1  -1  -1 138  -1 153  -1  -1 
 45  -1 311  -1  -1  -1  -1  -1  -1  -1  -1  -1 273  -1 275  -1  -1  10  -1  -1  -1  -1 186  -1  -1  -1 
 46 314 197  -1  -1  -1  -1 241  -1 141  -1  -1  11 184  -1  -1  -1  -1  -1  53  -1  -1  -1  -1  -1  -1 
 47  -1  -1  -1  -1  -1 316   6  -1  -1 312  -1  -1  -1  -1  -1  -1  -1  -1  -1  -1  -1  -1  -1  -1 143 
 48  -1  -1   5  -1  -1  -1 187  -1 226  -1  -1  -1  -1  -1  54  -1  -1 315  -1  -1  -1  -1  -1  96  -1 
 49  -1  -1  -1  -1  -1  -1 272  -1  94  -1  -1 181  -1 139  99  -1  -1  -1 231  -1  -1  95 309  -1  -1 
 50  -1  -1 230 228  -1  -1  -1  -1  -1  -1  -1  -1 285  21  -1  49 227  -1  93 185  97  -1  -1  -1  -1 
 51  -1  -1 270 109  -1  -1  51  -1   8  -1 308  -1  -1  -1  -1   7  -1  -1  -1  -1  -1  -1  -1  -1 225 
 52  -1  -1  -1  -1 310  -1  -1  -1  -1  -1  -1  98   9  50  -1  -1  -1  -1 183  -1  -1 274  -1  -1  -1 
 53  -1  -1 182  -1  -1  -1 142 313 269  -1  -1  55  -1  -1 271  -1  52  -1 140 229  -1  65  -1  -1  -1 

