317
8 29
18 0
0 30
11 12
22 30
6 48
2 46
10 49
17 47
19 46
21 49
12 52
1 0
23 5
22 14
6 17
15 11
12 30
20 18
2 30
17 27
11 46
9 27
7 14
8 30
7 4
16 1
22 0
11 22
3 13
17 30
12 31
6 8
21 19
23 20
1 18
21 4
4 3
13 23
4 22
5 15
13 15
4 15
0 3
1 29
13 26
18 32
21 9
10 32
2 50
0 44
22 51
6 46
12 51
17 45
23 46
23 12
11 25
12 3
6 25
17 7
7 32
21 29
2 32
1 23
14 52
16 0
20 21
1 32
18 12
22 2
11 27
2 26
6 11
17 32
7 33
23 27
11 3
12 4
1 22
21 18
5 10
24 21
7 27
16 15
0 24
19 28
10 25
6 16
23 24
18 34
1 1
12 34
0 52
11 50
17 51
21 48
14 48
8 50
22 53
18 17
22 16
21 16
6 2
12 16
2 34
15 26
7 34
23 11
1 47
10 1
16 22
22 34
18 1
12 11
13 4
7 3
21 25
11 34
2 35
16 20
8 24
2 0
6 27
23 22
11 23
3 22
7 6
10 2
18 5
16 26
21 2
17 12
2 10
13 36
18 29
0 36
23 45
10 45
12 49
19 51
8 46
22 52
11 53
23 13
17 9
11 14
22 21
12 18
20 36
18 10
5 36
2 1
16 46
3 7
4 26
16 36
18 26
6 22
8 13
11 24
23 2
12 36
20 37
7 13
12 13
1 6
17 20
3 25
16 2
11 10
23 16
13 9
22 12
4 8
6 23
0 0
17 16
10 38
1 20
18 38
12 48
2 48
23 47
8 47
14 53
13 52
21 52
2 5
18 13
11 19
6 13
12 24
8 38
3 4
21 38
7 8
15 44
1 21
16 6
3 38
23 25
16 4
18 16
11 13
8 4
13 38
5 39
12 17
21 14
2 21
1 26
22 20
13 13
1 11
3 6
11 2
13 2
22 23
6 3
10 28
14 23
18 40
21 1
0 40
12 45
6 50
11 52
2 47
13 44
23 50
17 49
6 20
18 3
2 25
1 25
12 20
22 40
16 16
7 40
11 21
15 46
3 8
21 21
12 40
7 1
8 19
13 11
17 21
1 19
6 40
22 41
3 3
18 28
16 13
21 22
2 2
23 15
16 23
17 29
8 15
20 27
21 0
9 13
12 8
0 20
13 42
8 18
18 42
1 44
22 47
17 52
23 49
6 52
2 45
21 53
1 10
7 22
6 15
21 6
17 6
22 42
8 12
10 42
2 6
4 44
3 29
16 18
2 42
21 23
3 18
12 19
6 29
16 19
1 42
20 43
7 9
13 19
23 1
8 10
17 24
11 17
5 16
18 15
12 9
14 14
10 29
16 29
7 50
9 52
5 53
24 45
15 51
16 44
20 46
3 46
4 48

