r\t   0   1   2   3   4   5   6   7   8   9  10  11  12  13  14  15  16  17  18  19  20  21  22  23  24 
  0  -1 131  -1  -1  -1  -1 243  -1 157  -1  -1 191  86  -1  -1  -1  -1  -1  -1  -1  -1 135 115  -1  -1 
  1  -1  -1  -1  -1  -1  -1  -1  -1  56  -1  -1  -1 194 300  -1  -1  77  -1  -1  -1  -1  -1  -1  -1  -1 
  2 173  -1  -1  -1  -1  -1  -1  62  -1  -1 176  34  -1 219  -1  -1 254  -1 117  -1  -1  -1 152  -1  -1 
  3  -1 279 122  16  16  -1  -1  71 298  43 262 113 236 236  -1  -1 291  -1  -1  -1  -1 299 306  -1  22 
  4  -1  -1  -1  -1 259  -1  -1  -1  42  -1  -1 233  -1  79  -1  -1 124  -1  -1  -1  -1  -1  -1  -1  -1 
  5  -1  -1  -1  -1  -1  -1  -1  -1  81  -1  -1 253 128  -1  -1  -1 218  -1  -1  -1 221  -1  -1  -1  -1 
  6  -1  -1  -1  -1  -1  -1  -1  -1  -1  -1  -1  -1  -1  -1  83  -1  -1  33 232  -1  -1  -1 104 104  -1 
  7  -1 170  -1  -1  -1  -1  -1  -1  -1  -1  -1  -1  -1  26  -1  -1  -1 214  -1  -1  -1  -1  -1  -1  -1 
  8  -1 130  -1  64  -1  -1 217 242  -1  -1  -1  -1  -1  -1  -1  -1  23  -1  -1  -1  -1 108  -1 296  -1 
  9  -1  -1 248  -1  -1  -1  -1 171  -1  -1  -1  -1  -1  -1  -1  -1 196 264  -1  -1  45  -1 203  -1  -1 
 10  -1  -1 147 161 198  -1 202  -1 252  -1  -1  -1  -1  -1  -1  -1  40 249  -1  -1  -1  47  12  -1  -1 
 11  -1  -1  -1  -1  -1  -1 199  -1  -1  -1  -1 103 220  38  -1  -1  -1  -1  -1  -1  -1  -1  -1  -1  -1 
 12  -1  -1  -1  -1  -1  -1  39 148 148  -1  -1  -1  -1 120  -1  -1 258  -1  -1  -1  -1 154  -1  -1  -1 
 13  -1 127  -1  -1  -1  -1  -1  -1 235  -1  -1  13 145  -1  -1  -1  58 102 111  -1  -1  -1  -1 301  -1 
 14  -1   0 212  -1  -1  -1 110 305  -1  -1  -1  69  -1  -1  -1  -1 164  -1  84  -1  -1 160  -1  -1  -1 
 15  -1  -1  41  -1  -1 169  -1  -1  -1  -1  -1 276  60  60  -1  -1 263  -1  -1 238  -1  -1  -1  -1  -1 
 16  -1  32  -1  -1  -1  -1  67  -1  -1 132  -1  -1 179 166  -1  85  -1  -1  -1  -1  -1  -1  35 208 125 
 17  -1 204 261  44  -1 304 155  -1 123  -1  -1  -1  -1  -1  -1  -1  -1  78  -1  -1  -1  70  -1 174  -1 
 18  -1  -1  -1  -1  -1  -1 287 302  -1  -1  -1  -1  -1  -1  -1  -1  -1 297  91  -1  -1 215  -1 133  -1 
 19  -1  -1  -1  -1  -1  -1  -1 255  -1  -1  -1 210 209  15  -1  -1  89 172 293  -1  -1 240  -1  29 213 
 20  -1 189 126 146  -1  -1  -1 121  -1  -1 175 211  -1  -1  -1  -1  -1  -1  -1  -1  -1  66  -1  -1  -1 
 21  -1 101  -1  -1  -1  -1  -1 282 100  -1  -1  -1  -1 245  -1  -1  -1  -1  -1 106  -1  -1 165  -1  -1 
 22  -1  -1  -1  -1  -1  -1  20 201  -1  -1  -1  -1  -1 144  -1  -1  -1  -1 158  -1  -1 190 292  -1  -1 
 23  -1  -1  -1  -1 150  -1  -1 167 267  -1  -1  -1  -1  -1  -1  -1  -1 159  -1  -1  -1  -1 192 192  -1 
 24  -1 246  18 177  -1  -1  -1  -1 257  -1  -1  87  14  -1  -1  -1 205 277  -1  -1  -1 256  -1  -1  -1 
 25 303  -1  -1 247  -1  -1  -1  -1  28  -1  -1  -1 278  -1  37 280 280  -1  73 286  -1  -1  -1  -1  -1 
 26  -1  -1  -1  25  -1  -1  -1  -1  72  -1  -1  59  -1 284  -1  -1   3  57  -1  -1  -1  -1 129  -1  -1 
 27  -1  -1  -1  -1  -1  -1 116  -1  -1  -1  -1 168 290 188  82  -1  -1  -1  27  -1  -1 216  -1 114  -1 
 28  -1  -1  -1  -1  -1  -1 289  -1 307  -1  -1  -1  -1  -1  -1  -1  -1 260  -1  -1   1  -1  -1  88  -1 
 29  -1 223  76  -1  -1  -1  80  -1  -1  -1  -1  -1  -1 265  -1  -1  36 234  -1  -1  -1  -1  -1  -1  -1 
 30  -1  -1  24  -1  -1  -1  -1  17  17  -1   4   4  30  -1  -1  -1  -1  19  19  19  -1  -1   2   2  -1 
 31  -1  -1  -1  -1  -1  31  31  31  -1  -1  -1  -1  -1  -1  -1  -1  -1  -1  -1  -1  -1  -1  -1  -1  -1 
 32  63  63  63  74  -1  -1  -1  -1  46  46  -1  -1  -1  68  -1  48  48  -1  -1  -1  -1  -1  61  61  -1 
 33  -1  -1  -1  -1  -1  -1  -1  -1  -1  -1  -1  -1  -1  -1  -1  -1  -1  -1  -1  -1  -1  -1  75  75  75 
 34  -1  -1 105 105  -1  -1  -1  -1  90  90  92  92 107 107 107  -1  -1 112  -1  -1  -1 118  -1  -1  -1 
 35  -1  -1 119 119 119  -1  -1  -1  -1  -1  -1  -1  -1  -1  -1  -1  -1  -1  -1  -1  -1  -1  -1  -1  -1 
 36  -1  -1  -1  -1  -1  -1 156  -1  -1  -1 149 149 134 134  -1 136 136 151 151 151  -1  -1 162  -1  -1 
 37 163 163 163  -1  -1  -1  -1  -1  -1  -1  -1  -1  -1  -1  -1  -1  -1  -1  -1  -1  -1  -1  -1  -1  -1 
 38  -1  -1  -1  -1  -1  -1  -1 195 195 195  -1  -1  -1 200  -1 180 180  -1 193 193  -1 206 178 178  -1 
 39  -1  -1  -1  -1  -1  -1  -1  -1  -1  -1  -1  -1  -1  -1  -1  -1  -1 207 207 207  -1  -1  -1  -1  -1 
 40  -1  -1 239 239 239  -1  -1  -1  -1  -1 222 222 250  -1  -1 224 224  -1 244  -1  -1  -1 237 237  -1 
 41  -1  -1  -1  -1  -1  -1  -1  -1  -1  -1  -1  -1  -1  -1  -1  -1  -1  -1  -1  -1  -1  -1 251 251 251 
 42  -1 294 281 281  -1  -1 288  -1  -1  -1 268 268  -1  -1  -1  -1  -1  -1  -1  -1 266 266 283 283 283 
 43  -1  -1 295 295 295  -1  -1  -1  -1  -1  -1  -1  -1  -1  -1  -1  -1  -1  -1  -1  -1  -1  -1  -1  -1 
 44 316 187  -1  96  -1  -1  -1  -1  -1  -1  -1  -1  -1  -1  -1  -1  -1  -1  11  -1  -1  -1  -1  -1  -1 
 45  -1  -1 197  -1  -1  -1  -1  -1  -1  -1  -1  -1  -1  -1  -1  99  -1  -1  -1  -1  -1  -1  -1  -1  -1 
 46  -1  95 313  -1 312  -1  -1  -1  10  -1  -1  -1 273   5  -1  -1  -1  -1 228  -1  -1 226  -1  -1  -1 
 47  -1 241  -1  -1  -1  -1  -1 109 230 229 143  -1   9  -1 314 271  -1 231  65  -1  97  -1  -1  -1  -1 
 48  -1 141  -1  -1  -1  -1 311  -1 142  -1  -1  -1  -1 186  -1  -1  -1  -1 269 315  -1 181  -1  -1  -1 
 49  -1  -1  -1 139  -1  -1  -1  -1  -1  -1  54 184  -1  -1  -1  -1  -1  -1 183  -1  -1  -1 137  -1  -1 
 50  -1  -1  -1  -1  -1 309  -1  -1  -1  -1  -1  50  51  -1  -1  -1  -1  -1  -1  -1 185  -1  -1  -1 310 
 51  -1  -1  -1 225  -1  -1  -1 308 285 275  -1  -1  -1 227  -1  -1  -1  -1  -1  -1  -1  21  -1  -1  -1 
 52  -1  52  -1 272  -1  -1  -1  -1 182   8  -1  -1  -1  55  -1  -1  -1  53  -1  -1  -1  -1  -1  49 153 
 53  -1 270  -1   6  -1  -1  -1  -1  -1  -1  -1 140  -1  -1  -1   7 274  94  -1  -1 138  93  98  -1  -1 

r\t   0   1   2   3   4   5   6   7   8   9  10  11  12  13  14  15  16  17  18  19  20  21  22  23  24 
  0 287  -1 258  -1  -1  -1  -1  -1 166  -1  83  -1  16  16  -1  -1  -1  -1  -1  -1  -1  -1  -1  -1 125 
  1  -1  -1 280 280  -1  -1  72 172  -1  -1  -1  -1  -1  -1  -1  -1  -1  -1  -1  -1  -1  -1  -1 209  -1 
  2  -1  -1  -1  -1  -1  -1  -1 189  -1  85  -1  -1  -1  -1  -1  -1 290  -1  -1  -1  -1  44  -1  -1  -1 
  3  -1  -1  -1 248  -1  -1 100 245  -1  -1 286 190  -1 157  -1  -1  -1  87 199  -1 213 221  -1 196  -1 
  4  -1  -1  -1  -1  -1  -1  -1  47 297  -1  -1  -1  29  -1  -1 106  -1  -1  -1  -1  -1  -1  -1 240  -1 
  5  -1  -1 130  -1  -1  -1  -1  62  67  -1  -1  -1  -1  -1   1  -1 256 158  -1  -1  -1  -1  -1  13  -1 
  6  -1  -1  -1  -1  -1  -1  -1 176 253  -1  -1  -1  -1 265  -1 177 113  -1  -1 198  -1  -1  -1 131  -1 
  7  -1  -1  -1  -1  -1  81  -1  -1  -1  -1  84  18 235 255  -1  -1  -1  -1  -1  -1  -1  -1  -1   0  -1 
  8  -1 262 202 203  -1  -1  -1  -1  -1  -1  -1 210  -1 208  -1  -1  58  -1 259  -1  -1  -1  -1  -1 217 
  9  -1 126  -1  -1  -1 261  -1  -1 218  -1  -1 252  -1  -1  -1  -1 276  -1  -1 171  -1  69  -1  34  -1 
 10 242 232  -1 299  -1  -1  -1  42  -1  22  -1  -1 124  78  -1  -1  43  -1  -1  -1  -1  -1  -1  -1  -1 
 11  -1  28  -1  -1  -1  -1  -1  -1 154  -1  -1  -1  -1  -1  -1  -1 159  -1  -1  -1 214 101  -1  -1  -1 
 12  -1  -1  -1  76  -1  -1  38  77  -1  -1  -1  -1 102  -1  -1 303  73  -1  -1 302  -1  -1  -1  -1  -1 
 13  -1  -1  -1 148 148  -1 291  15  25  -1 263  -1  60  60  -1  -1 219  -1 120  -1  -1  -1  -1 301  -1 
 14  -1  88  70  39  -1  -1  -1  -1 110  -1  -1 233  -1  -1  -1 236 236  -1  -1  40  -1  57  -1  -1  -1 
 15  -1  -1 104 104  -1  -1 121  -1  -1  -1  -1 211 307  -1  -1  -1  -1  -1  -1  -1  -1  -1  -1  -1  -1 
 16  -1  -1  -1  -1  -1  82  -1  91  -1  -1  -1  -1  -1  -1  -1  -1 127  -1 267  -1  -1 279 191  79  -1 
 17  -1  64 254 128 238  -1 188  -1  -1  -1  66  -1  -1  -1  -1  -1  -1  -1 304  -1  -1  -1 165  -1  -1 
 18  -1  -1  -1  -1  -1  -1 223 293  71  -1  -1  -1  -1  -1  -1  -1  -1  -1  -1  -1  -1  -1  -1  -1  -1 
 19  -1 292 264  -1  -1  -1 257 123  -1  -1  -1  -1  -1 234 260  -1  -1  36  -1  -1  -1  -1 132  -1  -1 
 20  -1 284  -1 170  -1  -1 168  -1  -1  -1  -1  35 277 103  -1  -1  -1  -1  -1  -1 150  -1 289 160  -1 
 21  -1  -1  -1  -1 215 220 205  -1  -1  -1  86  -1 192 192  -1  45  -1 282  -1  -1  -1  -1 122 247 306 
 22  -1  -1  -1  -1 173  -1  56  -1  -1 175  -1  -1  -1  -1  -1  -1 108  33  -1  -1  -1 298  26 135  -1 
 23  -1  -1 117  -1  -1  -1 145 111  -1  -1  -1  89  -1  -1  -1  -1 212  -1  -1  -1  -1  -1  -1  -1  -1 
 24  -1 249  -1 161  -1  -1  -1  -1  23  -1  -1   3  -1  -1  -1  -1  -1  -1 179  -1  -1 246  -1 155  -1 
 25  -1  -1  -1 169  -1  -1  -1  -1 194  -1  -1  -1  -1  -1  -1  -1  12  -1  -1  -1  -1  -1  -1  -1  -1 
 26  41  80  -1  -1  37  -1  -1 201  -1  -1  -1 114  -1 146  -1  -1  -1  -1  -1  -1  -1  -1  14  -1  -1 
 27  -1  -1 174  -1  -1  -1  -1 129 116  -1  -1  -1 300 115  -1  -1  -1  -1 204  -1 243  20  59  -1  -1 
 28  -1  -1 296  -1 305  -1  32  -1  -1  -1  -1  -1 152  -1  -1  -1  -1  -1  27  -1  -1 133  -1  -1  -1 
 29  -1  -1  -1 216  -1  -1  -1 144  -1  -1  -1 278 167  -1  -1  -1  -1  -1 164  -1  -1  -1 147  -1  -1 
 30  -1  -1  17  17  -1   4   4  24  -1  -1  -1  -1  -1  -1  -1   2   2  19  19  19  -1  30  -1  -1  -1 
 31  -1  -1  31  31  31  -1  -1  -1  -1  -1  -1  -1  -1  -1  -1  -1  -1  -1  -1  -1  -1  -1  -1  -1  -1 
 32  -1  -1  63  63  63  46  46  -1  -1  -1  -1  -1  74  48  48  -1  -1  61  61  -1  -1  -1  68  -1  -1 
 33  -1  -1  -1  -1  -1  -1  -1  -1  -1  -1  -1  -1  -1  -1  -1  -1  -1  75  75  75  -1  -1  -1  -1  -1 
 34  -1 112  -1 118  -1  92  92  -1  -1  -1  -1  -1  -1  90  90  -1  -1 107 107 107  -1  -1 105 105  -1 
 35  -1  -1  -1  -1  -1  -1  -1  -1  -1  -1  -1  -1  -1  -1  -1  -1  -1  -1  -1  -1  -1  -1 119 119 119 
 36  -1  -1  -1  -1  -1 134 134  -1  -1  -1  -1 156 136 136  -1 149 149 151 151 151  -1  -1 162  -1  -1 
 37 163 163 163  -1  -1  -1  -1  -1  -1  -1  -1  -1  -1  -1  -1  -1  -1  -1  -1  -1  -1  -1  -1  -1  -1 
 38 195 195 195  -1  -1 178 178  -1 206  -1  -1  -1  -1 180 180  -1  -1 200  -1  -1 193 193  -1  -1  -1 
 39  -1  -1  -1  -1  -1  -1  -1  -1  -1  -1  -1  -1  -1  -1  -1  -1  -1  -1  -1  -1 207 207 207  -1  -1 
 40  -1  -1 222 222  -1  -1 250 239 239 239  -1  -1 244 224 224  -1  -1 237 237  -1  -1  -1  -1  -1  -1 
 41  -1  -1  -1  -1  -1  -1  -1  -1  -1  -1  -1  -1  -1  -1  -1  -1  -1 251 251 251  -1  -1  -1  -1  -1 
 42  -1  -1  -1  -1  -1 266 266 283 283 283  -1 288  -1  -1  -1 268 268  -1 294  -1  -1  -1 281 281  -1 
 43  -1  -1  -1  -1  -1  -1  -1  -1  -1  -1  -1  -1  -1  -1  -1  -1  -1  -1  -1  -1  -1  -1 295 295 295 
 44  -1  53  52  -1  -1  -1  -1  -1  -1  -1  -1 274  -1  -1  -1  -1 139 197  94  -1  -1 273 227  -1  -1 
 45  -1  -1  -1  -1  -1  -1  -1  -1  -1  -1  -1  54 231  -1  -1  -1  -1  -1  -1  -1  -1   7  55  -1  -1 
 46  -1 275  97  -1 311  -1  -1  -1  -1  -1  -1 228  99   6 271  -1  -1  -1  -1  -1  -1  96  -1  -1  -1 
 47  -1  -1  -1 270  -1  -1  -1  -1 314  -1  -1 153   9  -1  -1  -1  -1  -1  -1  -1  -1  -1  -1  -1  -1 
 48  21   5  -1  93  -1  -1 241 137  -1  -1  -1  -1  -1  -1  -1  -1  -1  -1 140  -1 308  -1   8 230  -1 
 49  -1 141  10  -1  -1  -1  -1  11  -1  -1 109  -1 183  -1 138  -1  51  -1  -1  -1  -1  -1  -1  50  -1 
 50  -1  -1 182 184  -1  -1  -1  -1  -1  -1 315  -1  -1  -1  -1 225  95  -1  -1 312  -1  -1  -1 181  -1 
 51  -1 229  -1  -1  -1  -1  -1  -1  -1  -1  -1  -1 269  -1  -1 143 186 313  -1  -1  -1  -1  -1 272 309 
 52  -1  -1  -1 142  -1  -1  -1  -1  -1 316  -1  -1  49  -1  -1  -1  -1  -1  -1  -1  65  -1  98  -1  -1 
 53 310  -1  -1  -1  -1  -1  -1  -1  -1  -1  -1 185  -1  -1  -1  -1 226  -1 285  -1  -1  -1 187  -1  -1 

r\t   0   1   2   3   4   5   6   7   8   9  10  11  12  13  14  15  16  17  18  19  20  21  22  23  24 
  0  -1  -1 291  -1  -1  -1  -1  44  -1  -1  -1 176  -1  -1  -1  -1  -1 111  -1  -1  -1 196  -1 299 282 
  1  -1 284 190  -1  -1  -1  -1  -1  -1  -1  -1 168  -1  -1  -1  -1  89  -1  83  -1  -1 296  -1 262  -1 
  2  -1 216 276  -1  67  -1  -1 214  -1  -1  -1  -1  -1  -1 303  -1  -1  -1  57  -1  -1 205 120  -1  -1 
  3  -1  -1  -1  -1  -1  -1  40  -1  -1  -1  43  -1 161  -1  -1  -1  -1  16  16  -1  -1  -1  -1 277 302 
  4  -1 165  -1 169 126  -1  -1  -1  -1  -1  -1  -1 249 174  -1  -1  87  -1  -1  -1  -1  59  -1  -1  -1 
  5  -1 108  -1 192 192  -1  77  -1 248  -1  -1  -1  -1  64  -1  -1  58  -1 177  -1  -1 103  14  -1  -1 
  6  -1  -1  -1 252  -1  -1  -1 279 114  -1  -1  66 147  70  -1  -1 201  -1 212  -1  -1  -1 292  -1  -1 
  7  -1  -1  -1  -1  -1  -1  -1  -1  -1  -1  -1  -1  -1  -1  -1  -1  -1 167  78  -1  -1  -1  -1 121  -1 
  8  -1  25 104 104  -1  -1  -1 188 152  -1  -1  88  -1  -1 175  -1  -1  -1  -1  -1  -1  27  -1  13  -1 
  9  -1  -1  -1   0  -1  -1  -1  -1 211  -1  -1  -1  -1  -1  -1  -1 267  -1  -1  -1 221  -1 245 127  -1 
 10  -1 297  -1 263  -1  -1  35  86  -1  -1  -1  -1  -1  -1  -1  -1  -1  -1  -1  -1  -1  -1 148 148  -1 
 11  -1 232 255  -1  -1  -1  23  -1  -1  -1  22  -1  -1  -1  -1  -1  -1  91  -1  -1  -1 113 158  -1 125 
 12  -1  -1  41  -1  -1  -1  -1  -1  -1  -1  -1 254  -1 246  -1  -1  -1  -1 146  -1  -1  20  60  60  -1 
 13  -1  -1  -1 204 171  -1  -1  -1  -1  -1  -1  -1  -1  -1  -1  -1 135  -1 172  -1  -1  -1 278  -1  84 
 14 173  -1  -1 160  -1  -1 215 101  -1  -1  -1  -1  -1  -1  -1  -1  -1 240  -1  -1  -1  -1  34  -1  -1 
 15  -1 202  -1  76 259  -1  -1 170 234  -1 213  -1  -1 264  -1  -1  -1 116  -1  -1  -1  -1 132  -1  -1 
 16  -1  -1 220  -1  -1  -1  -1  -1  71  -1  -1  28 203  45  -1  -1  18 280 280   1  -1 218  -1 233  -1 
 17  -1  -1  12 117  -1  -1  -1 223 199  -1  -1  47  -1  -1 261  -1  -1  -1  -1 198  -1 219  -1  -1  -1 
 18  -1  -1 164 293  37  -1  62  -1  -1  -1  -1  -1  -1  -1 130  -1  -1  -1  -1  -1  -1 133  -1  -1 155 
 19  -1  -1  -1  -1 286  -1  -1  -1 265  -1  -1 122  -1  -1  -1  -1  -1  -1  -1  -1  -1  -1  -1  -1  -1 
 20  -1  -1  -1  -1  -1  -1  -1  -1  -1  -1  -1  -1  56 290  -1  -1  -1  -1  -1  -1  -1  -1  39 159  -1 
 21  -1  -1  -1 301  -1  -1  -1 115  -1  -1  -1   3 131 144  -1  -1 154 209 157  81  -1 307  -1  -1  -1 
 22  -1  -1  -1  -1  -1  -1 194  -1  -1  -1  -1  80  -1 208  -1  -1  85  -1  -1  -1  -1  69  73  33  -1 
 23  -1 257  -1  32  -1  -1  -1  -1 100  -1  -1  -1  -1 166  -1  -1  -1 298 256  -1  -1  36  -1  -1  -1 
 24  -1  -1  -1 258  -1  -1  -1 242 300  -1  -1  -1  -1  -1  -1  -1  -1  -1  -1  -1  -1 243  -1  79  -1 
 25 260 124  -1  -1  -1  -1 110 210  -1  -1  -1  -1  -1  -1  -1  -1  -1  26 123  -1  -1  -1  -1  -1  -1 
 26  -1  -1  -1  -1  -1  -1 247  -1 179  -1  -1  -1  -1 305  -1  -1  -1 145  -1  -1  -1  -1  -1 253  -1 
 27  -1  -1 129  -1  -1  -1 238  -1  29 150  -1  -1  -1  -1  38  -1 289 189 102  -1  -1  -1  -1  -1  -1 
 28  -1  -1  -1  -1  -1 217  -1  72  -1  -1  -1  -1  15  -1  -1  -1 287  -1 306  -1  -1  -1 235  -1  -1 
 29  -1 191 236 236  -1  -1  -1  -1  -1  -1  -1  -1  -1  -1  -1 106  -1  42  -1  -1  -1 128 304  82  -1 
 30  -1  -1  24  17  17  -1  -1  19  19  19  -1  -1  -1  -1  -1  -1  -1  -1  30  -1   2   2   4   4  -1 
 31  -1  -1  -1  -1  -1  -1  -1  -1  -1  -1  -1  -1  31  31  31  -1  -1  -1  -1  -1  -1  -1  -1  -1  -1 
 32  -1  -1  61  61  -1  -1  -1  63  63  63  -1  -1  68  -1  -1  -1  74  -1  48  48  46  46  -1  -1  -1 
 33  75  75  75  -1  -1  -1  -1  -1  -1  -1  -1  -1  -1  -1  -1  -1  -1  -1  -1  -1  -1  -1  -1  -1  -1 
 34  -1  -1 112  -1  -1  -1 118  90  90  -1  -1  -1 105 105  -1  -1  -1  -1  -1  -1  92  92 107 107 107 
 35  -1  -1  -1  -1  -1  -1  -1  -1  -1  -1  -1  -1 119 119 119  -1  -1  -1  -1  -1  -1  -1  -1  -1  -1 
 36  -1 162 151 151 151  -1  -1  -1  -1  -1 149 149 134 134  -1  -1 156 136 136  -1  -1  -1  -1  -1  -1 
 37  -1  -1  -1  -1  -1  -1 163 163 163  -1  -1  -1  -1  -1  -1  -1  -1  -1  -1  -1  -1  -1  -1  -1  -1 
 38  -1  -1 178 178  -1  -1 200  -1  -1  -1  -1 206 195 195 195  -1  -1  -1  -1  -1 180 180 193 193  -1 
 39  -1  -1  -1  -1  -1  -1  -1  -1  -1  -1  -1  -1  -1  -1  -1  -1  -1  -1  -1  -1  -1  -1 207 207 207 
 40  -1  -1  -1  -1  -1  -1  -1 244  -1  -1  -1  -1 239 239 239 237 237  -1 222 222  -1 250 224 224  -1 
 41  -1  -1  -1  -1  -1  -1  -1  -1  -1  -1  -1  -1  -1  -1  -1 251 251 251  -1  -1  -1  -1  -1  -1  -1 
 42  -1  -1 266 266  -1 281 281  -1  -1  -1  -1 294 283 283 283  -1  -1  -1 288  -1 268 268  -1  -1  -1 
 43  -1  -1  -1  -1  -1 295 295 295  -1  -1  -1  -1  -1  -1  -1  -1  -1  -1  -1  -1  -1  -1  -1  -1  -1 
 44  -1  -1  -1  -1  -1  -1  -1  -1  -1  -1  -1  -1 229  -1  -1  -1  -1  -1  -1  -1 143  -1 269  -1  -1 
 45 285 231  95  -1 316 310  -1  -1  53  -1  -1  -1  96  -1 311  -1  -1  -1  98  -1  -1  -1  -1  51  -1 
 46  -1  -1  -1  -1  -1  -1  -1  -1  -1  -1  -1  -1  -1 230  -1  -1  -1  -1 275  -1  -1  -1  54  -1  -1 
 47  -1  -1  -1  -1  -1  -1  -1  -1  -1  -1 314 272  -1  -1  -1  -1  -1 270  -1  -1  -1  -1  -1 183  -1 
 48 312   6  -1  52  -1 153  -1   7  -1  -1 241  21  -1  -1  -1  -1  -1  65  -1  99  -1  -1  -1  -1  -1 
 49  -1  93   9  -1  -1  -1  -1  -1  -1  -1 109 137  11  -1  -1 197  -1   8  10  -1  -1  -1  94  -1  -1 
 50  -1 185  -1 225  -1  -1  -1 186 226  -1  -1 228  55  -1  -1  -1  -1  -1  -1 138  -1  -1  -1 273  -1 
 51  -1  -1  -1 142  -1  -1  -1  -1   5  -1  -1  -1  -1  -1  -1  -1  -1  -1  -1 271  -1  -1  -1  -1 315 
 52  -1 140  -1  -1  -1  -1 313  -1  -1  -1  -1  -1 181  -1  -1 308  50 227  -1  -1  -1  -1  -1 139  -1 
 53  -1 274  49  97  -1  -1  -1 141  -1 309  -1  -1  -1 182  -1  -1 184 187  -1  -1  -1  -1  -1  -1  -1 

r\t   0   1   2   3   4   5   6   7   8   9  10  11  12  13  14  15  16  17  18  19  20  21  22  23  24 
  0  -1  -1  -1  87  -1  -1  -1  -1 291  -1  -1 264 127  81 131  -1  -1  29  -1 259  -1  -1  -1  -1  83 
  1  -1  -1 209  -1  -1  -1  -1  -1 252  -1  -1  15  -1  -1  -1  -1  -1  -1  -1  -1  -1  -1  -1  -1  -1 
  2  16  16  -1  -1 155  -1 179 148 148  -1  -1  -1  23  -1 287  -1  13  14  -1  -1  -1  -1  -1  -1  -1 
  3  -1  -1  -1  -1  -1  -1  -1   0  -1  -1  -1  -1  -1 253  -1  -1  -1  -1 258  -1  -1  -1  -1  -1  -1 
  4  -1  47  18  -1 198  -1 164  -1  -1  -1  -1  -1  -1  -1  -1  -1  -1  -1  -1  -1  -1  -1 202  -1 221 
  5  -1  -1  -1 260  -1  -1 306  -1  -1  -1  -1  -1  -1  77  -1  -1  -1  -1 174  -1 106  -1  -1 223  -1 
  6  -1  -1  -1  -1  -1  -1 233  60  60  -1  -1  -1 171  -1  -1  -1 196  -1  -1  -1  -1 199 243  -1  -1 
  7  -1  -1  -1 133  -1  -1  66  -1  27  -1  -1  72 117 208  22  -1  -1  40  -1  -1  -1  -1  -1 238  -1 
  8  -1 122  -1  -1  -1  -1  -1  -1  -1  -1  -1  -1  -1  -1  -1  -1  -1 167   3  -1  -1  -1  -1  -1  -1 
  9  45 135  -1  -1  -1  -1  -1 190  -1  -1  -1  -1 204  -1  -1  41 256  -1  -1  -1  91  -1  -1  -1 175 
 10  -1  34  -1  -1  -1 263  -1 205  -1  -1  -1 292  -1  -1  -1  -1  -1 305  59  -1 265  -1  -1  -1  -1 
 11  -1  -1  -1 254  -1  -1  36  -1 121  -1  -1  25 245  64  -1  -1 276 145 303  -1  -1 242  -1 108  -1 
 12 220  -1  -1  -1  -1  -1 211  82  -1  -1  -1  -1  -1  -1  -1  -1  -1  58 157 170  -1 111  -1 278  -1 
 13 132  -1  -1  -1  -1 286  -1 235  -1  -1  -1  -1  -1  -1  -1  -1  56  -1  79  -1  -1  -1  -1 130  -1 
 14  -1  -1 293 168  -1  -1  12  -1  -1  -1  -1  -1 299  -1 304  -1  -1  -1 289  -1  -1  -1 247  28  -1 
 15  -1  -1  -1  -1  -1  -1  -1  70  -1  -1  -1  -1  -1   1  -1  -1  -1  -1  -1  -1  -1  -1  -1  -1  -1 
 16  -1  -1  -1  57  -1  -1 302 280 280  -1  -1  -1  -1  -1  -1  -1  -1 113 214  -1 177  -1  -1 212  -1 
 17  -1  -1 158  -1  -1  -1  -1  -1  -1  -1  -1  -1  -1  -1  -1 125 144  -1 120  -1  -1  73  -1  -1  -1 
 18  -1  -1 262  -1  -1  -1 277 123  -1  -1  -1  88 129  -1  -1  -1 298  -1  -1  -1 173  -1  -1 114  -1 
 19  -1  -1  32  -1  -1 150  -1 104 104 215  -1  -1  -1  -1  -1  -1  -1  37 284 213  -1  -1  -1  -1  -1 
 20  -1  -1  -1  -1  -1  -1 248  86 217  -1  -1  -1 218  -1  -1  -1  69 279 126  -1  -1  -1 147  -1  -1 
 21  -1 232 154  -1  -1  -1  -1  -1 188  -1  -1 307 216 124  84 219  -1  -1  -1  -1  -1  -1  42  89  -1 
 22  -1  -1 236 236  -1  -1  -1 166 210  -1  -1  -1  -1  -1  -1  -1  -1  -1  35  -1  -1  -1 110 146  85 
 23  -1  -1 246  -1  -1  -1  -1  -1  -1  -1  -1 165 160  -1  -1  -1  -1  -1 102  -1  -1  62  -1 161  -1 
 24 267 249  -1  -1  -1  -1  80  -1 159  -1  -1 103 261  -1  -1  -1  -1 101  -1  -1  -1 282  -1  -1  -1 
 25  -1  -1  -1  -1  -1  -1  33 172  76  -1  -1  -1  -1 296  -1  -1  -1  -1  -1  -1  38  -1  -1 189  -1 
 26  -1  -1  -1 300  -1  -1  -1  -1  -1 176  -1  -1  -1  -1  -1  -1 100  -1  -1  -1  -1 201  -1  -1  -1 
 27  -1  -1 192 192  -1 169 194 297  -1  -1  -1  -1  -1  -1  -1  -1 240  -1  43  -1  -1  20 290  -1  -1 
 28  -1 203  67  -1  -1  -1 116  -1  -1  39  -1  -1  71  -1  -1  -1 128  -1  -1  -1  -1  -1 115  -1  -1 
 29  -1 191  -1  78  -1  -1  -1 255 234  -1  -1  44  -1  26  -1  -1  -1  -1 257 301  -1 152  -1  -1  -1 
 30   2   2  -1  30  -1  -1  -1  19  19  19  -1  -1  24  -1  -1   4   4  -1  -1  -1  -1  -1  17  17  -1 
 31  -1  -1  -1  -1  -1  -1  -1  -1  -1  -1  -1  -1  -1  -1  -1  -1  -1  -1  -1  -1  31  31  31  -1  -1 
 32  -1  -1  74  -1  -1  -1  -1  -1  46  46  63  63  63  -1  -1  48  48  68  -1  -1  -1  -1  -1  61  61 
 33  -1  -1  -1  -1  -1  -1  -1  -1  -1  -1  -1  -1  -1  -1  -1  -1  -1  -1  -1  -1  -1  -1  75  75  75 
 34  -1  -1 105 105  -1  -1  -1  -1  -1  -1  -1 112 107 107 107  92  92  90  90  -1  -1 118  -1  -1  -1 
 35  -1  -1 119 119 119  -1  -1  -1  -1  -1  -1  -1  -1  -1  -1  -1  -1  -1  -1  -1  -1  -1  -1  -1  -1 
 36  -1  -1  -1  -1  -1  -1  -1  -1 136 136  -1 162 151 151 151  -1 156  -1 149 149  -1  -1  -1 134 134 
 37  -1  -1  -1  -1  -1  -1  -1  -1  -1  -1  -1  -1  -1  -1  -1  -1  -1  -1  -1  -1 163 163 163  -1  -1 
 38 180 180  -1 200  -1  -1  -1  -1  -1  -1  -1 206 195 195 195  -1  -1 193 193  -1  -1  -1  -1 178 178 
 39  -1  -1  -1  -1  -1  -1  -1  -1  -1  -1  -1  -1  -1  -1  -1  -1  -1 207 207 207  -1  -1  -1  -1  -1 
 40  -1  -1  -1  -1  -1  -1  -1  -1 222 222  -1 250 239 239 239 224 224 237 237  -1  -1 244  -1  -1  -1 
 41  -1  -1  -1  -1  -1  -1  -1  -1  -1  -1  -1  -1  -1  -1  -1  -1  -1 251 251 251  -1  -1  -1  -1  -1 
 42  -1  -1 283 283 283  -1 294  -1 266 266  -1  -1 281 281  -1 268 268  -1  -1  -1  -1 288  -1  -1  -1 
 43  -1  -1  -1  -1  -1  -1  -1  -1  -1  -1  -1  -1  -1  -1  -1  -1  -1 295 295 295  -1  -1  -1  -1  -1 
 44  -1  65  -1  -1  -1  -1 142  52   7  -1  -1 141  -1 187  -1 143  -1 226  -1  -1  -1  -1 285  -1   8 
 45  -1  -1  -1  50  -1  -1 225  -1 184  -1  -1  -1  -1  -1  -1 183 138 137  -1  -1  -1  -1  -1 269  -1 
 46  -1  -1  -1  11  -1  -1  -1 231  -1  -1  -1  -1  -1  -1  -1  -1  -1  -1  51 315 229  -1 197  -1  93 
 47  98  -1  -1  -1  -1 312  -1  97  94  -1  -1  -1 314  -1  -1  -1  -1  -1  -1  -1  55  -1  -1  10  -1 
 48  -1  -1  -1 230  -1  -1  95  -1  -1  -1  -1  -1  -1 272  -1  -1  -1   9  21  -1  -1  -1  -1  -1  -1 
 49  -1 153  -1  -1  -1  -1  -1 186  -1  -1 310 181  -1  -1  -1  -1  -1 270 139  -1  -1 311  -1  53  -1 
 50  -1 227 308  -1  -1  -1 274  -1  -1  99  -1  -1  -1  -1 316  -1  -1  -1  -1  -1  -1  -1  -1  -1  -1 
 51  -1  -1  -1  -1  -1  -1  -1 140  -1  -1 241 228  -1  -1  -1  -1 182  -1  -1  -1  -1  -1  -1  -1  -1 
 52  -1 273  -1 185 309  -1   5  -1  -1  -1 109  -1  -1  -1  -1  -1  -1  54  -1  -1  -1  -1  -1  -1  -1 
 53  -1  96  -1  -1  -1  -1  -1 271  -1  -1  -1   6  -1  49  -1  -1  -1  -1  -1  -1  -1  -1 313  -1 275 

r\t   0   1   2   3   4   5   6   7   8   9  10  11  12  13  14  15  16  17  18  19  20  21  22  23  24 
  0  -1  25 190  -1 106  -1  -1 299  -1  -1  -1 300  -1 253  -1  -1 123  -1  32  -1  -1  -1  -1  -1  -1 
  1  -1 264  -1 291  -1  -1 129  -1  -1  -1  -1  -1 257  -1  -1  -1 196  41  70  -1  -1  -1 252 189  -1 
  2  -1  -1  -1  -1 130 176 124  -1  86  -1  -1  -1  66  -1  -1  -1  -1 128  -1  -1  -1  -1  -1 298  -1 
  3  -1  -1 154 194  -1  -1  -1  -1 135 173  -1  -1 122  -1  -1  -1 103 235  -1  -1  -1  -1 147  -1  -1 
  4  -1  -1 111  -1  -1  -1  -1 104 104  -1  -1  -1 278  -1  -1  -1  -1  -1  -1  -1  -1  -1  38  -1  -1 
  5  -1 213  -1  -1  -1  81  36 243  -1  -1  -1   0 161  -1  -1  -1  -1 121  -1  -1  -1  -1  -1  -1  -1 
  6  -1  14  -1  -1  -1  -1  -1 198  -1  -1 218  27  -1 204  -1  -1  -1  -1  -1 303  -1  -1 238 276 126 
  7  40  39  -1 245  -1  -1   1  26  44  -1  -1  -1  47  15  -1  -1  -1  16  16  -1  -1  -1  -1 232  -1 
  8  -1  -1  -1  -1 262  -1  -1 117 127  -1  -1  20  -1 164  -1  -1  -1  -1  -1  -1  -1  -1  42  -1  -1 
  9  -1  -1 158 152  -1  -1  -1  -1 246  -1 263  -1 260  -1  -1  -1  -1 267  -1  -1  -1 211  -1  -1  -1 
 10 131  59  23  -1  -1  -1  -1  -1 217 170  60  60  -1  -1  -1  -1  -1 304  -1  -1  -1  -1  -1 114  -1 
 11  -1 293  -1  -1  -1  -1  -1  -1  -1  -1 286  -1 201  -1  -1 169  -1 261  -1  -1  -1 289  78  -1  -1 
 12  -1 102  -1 166  -1 171 223  -1  -1  -1  -1  -1  -1 265  -1  -1 234  76 167  18  -1  -1  -1 100  -1 
 13  -1  -1  -1  -1  -1  -1 249 280 280  -1  -1 248  -1  35  -1  -1 205 282  -1  -1  -1  -1  -1  -1  -1 
 14  -1 259  -1  -1  -1  -1  -1  -1  79  -1  -1 101  -1  -1  -1  -1  -1 148 148  -1  -1 242  -1  29  -1 
 15  -1  71 113  89  -1  -1 284  -1  -1  -1  22  -1 254  45  -1  -1  -1  -1  -1  -1  -1  -1  -1  -1  -1 
 16  -1 188  -1 175  -1  -1  72  -1  -1  -1  -1 220  -1  -1  -1  -1 157  -1  -1  -1  -1  67 115 144  -1 
 17 216  -1  -1  -1  -1  -1 302  -1 191  -1  -1  88  -1  -1  -1  -1  -1  -1 305  -1  -1  -1 125  83  -1 
 18  -1  -1  91  -1  -1  -1 132  -1  57  -1  -1 159  -1  -1  -1  -1 290  -1  -1  -1  -1  -1  -1  82  -1 
 19  -1  -1 202 179  -1  -1 296  -1 150  84  -1 212 236 236  -1  -1  -1  -1 240  -1  -1  -1  -1  -1  -1 
 20  -1  -1 247  -1  -1  -1 108 165  -1  -1  -1  -1  69  -1  -1  -1 146  -1  -1  -1  -1  -1  -1  -1  -1 
 21  -1  -1  -1  -1  -1  -1  58  -1 215 287  -1 177  -1 306  -1  -1  64  -1  -1  -1 258  -1  43  -1  -1 
 22  -1  77  -1  -1  -1 221  -1 209  -1  -1  -1  -1  -1  -1  -1  -1  -1  -1  -1  -1  -1  -1 208  -1  -1 
 23  -1  -1  -1  -1  -1  -1  -1  -1  -1  -1  -1 277  -1  -1  -1  -1  -1  -1  -1  -1  -1 110 199  -1  -1 
 24  -1 120  -1  -1 155  -1  -1  -1 172  -1  -1  -1  12  -1  -1  -1  37  -1  -1  -1  -1  -1  -1 307  -1 
 25  -1  -1  -1  -1  -1  -1  -1  -1  33  -1  -1  73  -1  -1  -1  -1  -1  -1 116  -1  -1 255  -1 168  -1 
 26  -1 133  -1  -1  -1  -1 145  -1  -1  -1  -1  -1  -1  87  -1  -1  80  -1  -1  -1  -1  -1  -1 210  -1 
 27  -1  -1 301 203  85 192 192  -1  -1  -1  -1  -1  -1  -1  -1  -1  -1  34  -1 219  -1  -1  -1  -1  -1 
 28  -1  -1   3  -1  -1  -1 160  -1 292  -1  -1  -1  -1  -1  -1  -1  -1  -1  -1  -1  -1  -1  62  56  -1 
 29  -1  -1 297  13  -1  -1 174 256  -1  -1  -1 233  28  -1  -1  -1  -1  -1  -1 214  -1  -1 279  -1  -1 
 30  -1  -1  -1  30  -1  -1  -1  19  19  19  -1  -1  -1   2   2  -1  24   4   4  -1  -1  -1  17  17  -1 
 31  -1  -1  -1  -1  -1  -1  -1  -1  -1  -1  -1  -1  -1  -1  -1  -1  -1  -1  -1  -1  31  31  31  -1  -1 
 32  48  48  61  61  -1  -1  -1  -1  68  -1  -1  -1  -1  -1  -1  46  46  63  63  63  -1  74  -1  -1  -1 
 33  -1  -1  75  75  75  -1  -1  -1  -1  -1  -1  -1  -1  -1  -1  -1  -1  -1  -1  -1  -1  -1  -1  -1  -1 
 34  90  90  -1  -1  -1  92  92  -1 112  -1  -1  -1  -1 105 105  -1  -1 107 107 107  -1 118  -1  -1  -1 
 35  -1  -1  -1  -1  -1  -1  -1  -1  -1  -1  -1  -1 119 119 119  -1  -1  -1  -1  -1  -1  -1  -1  -1  -1 
 36  -1  -1  -1  -1  -1  -1  -1  -1 162  -1 151 151 151 134 134 136 136 156  -1  -1 149 149  -1  -1  -1 
 37  -1  -1  -1  -1  -1  -1  -1  -1  -1  -1  -1  -1  -1  -1  -1  -1  -1  -1  -1  -1 163 163 163  -1  -1 
 38 180 180  -1  -1  -1  -1 200  -1 206  -1  -1  -1 195 195 195 178 178 193 193  -1  -1  -1  -1  -1  -1 
 39  -1  -1  -1  -1  -1  -1  -1  -1  -1  -1  -1  -1  -1  -1  -1  -1  -1 207 207 207  -1  -1  -1  -1  -1 
 40 224 224 239 239 239  -1  -1  -1 237 237  -1  -1  -1 222 222  -1 244  -1  -1  -1  -1  -1  -1 250  -1 
 41  -1  -1  -1  -1  -1  -1  -1  -1  -1  -1  -1  -1  -1  -1  -1  -1  -1 251 251 251  -1  -1  -1  -1  -1 
 42  -1  -1 283 283 283 266 266  -1  -1  -1  -1  -1 288  -1  -1 268 268 294 281 281  -1  -1  -1  -1  -1 
 43  -1  -1  -1  -1  -1  -1  -1  -1  -1  -1  -1  -1  -1  -1  -1  -1  -1  -1  -1  -1 295 295 295  -1  -1 
 44 140  -1  -1  -1  -1  -1 241  -1 225  -1  -1 137  11  -1  54  -1  -1  -1  -1  -1  -1  -1  -1  -1  21 
 45  -1  -1  -1   6  -1  -1  -1  -1  -1  -1  -1  -1 186  -1 271   9   5  -1  -1  -1 309  -1  -1  52  -1 
 46  -1  -1  -1  -1  -1 143  -1 313  -1 314  -1  -1 227  -1  -1  -1  -1  -1 231  -1  -1  -1 109 182  -1 
 47  -1  -1  -1  -1  -1  55  -1  -1  -1  -1  -1  49  -1  96  -1  -1  95  -1  51  -1  -1  -1  -1  -1  -1 
 48  -1  -1 185  -1  -1  -1  -1 153  -1  -1  -1  -1  -1  -1  -1  -1  -1  -1 187  -1  -1 308  -1  10  -1 
 49  -1  -1  50  -1  -1  -1  -1  -1  -1  -1  -1  -1  97 184  -1 229  -1  -1  -1  -1  -1  -1  -1 142  -1 
 50  -1   7  -1  -1  -1  -1  -1  -1  -1  -1  -1  -1  -1  -1  -1  99 226  -1 141  -1  -1  -1  -1 272 316 
 51  -1  -1  -1  -1  -1  -1  53  65 183  -1 310 274  -1  -1  -1  -1  -1  94  -1 312  -1 197  -1  98  -1 
 52 270  -1 228  -1  -1  -1  -1  -1 273  -1  -1  -1  -1  -1  -1  -1  -1 138  -1  -1  -1  -1  -1 230  -1 
 53  -1  -1  -1 139 315   8 181  -1  93  -1  -1  -1 269  -1  -1  -1  -1  -1 275  -1  -1  -1 311  -1 285 

r\t   0   1   2   3   4   5   6   7   8   9  10  11  12  13  14  15  16  17  18  19  20  21  22  23  24 
  0  -1 264  -1 291  -1  -1  44  -1  -1  -1  -1  -1  -1 179  -1 194 258 234  -1  -1  -1  -1  -1 245  -1 
  1  -1  -1  18  -1 128  -1  -1  -1  -1  -1  -1 277  -1  -1  -1  -1 108  -1  35  -1  -1  -1  -1 235  -1 
  2  -1  -1  -1  -1  -1  41  -1  -1  -1 217  -1  88  -1  -1  -1  -1  39 123 253  -1 265  66  -1  -1  -1 
  3  -1  -1  -1  -1  -1  -1  -1  -1 205  -1  -1  -1  -1  -1  -1 242  -1  -1 210  -1  -1 199 240  -1  -1 
  4  -1  -1  -1  82  -1 286  -1  -1  -1  -1  -1  -1  -1  -1  -1  -1  13 301 260  -1  -1 243 100  -1  -1 
  5 220  -1 120  -1  -1  -1  -1  -1  -1  -1  -1  15  -1  -1  -1  -1 238  -1 304  -1  -1 127 212 204  -1 
  6  -1  -1  -1  -1  -1  -1  -1  -1  -1  -1  -1  -1  -1 164  -1  -1  -1  -1 213  -1  -1 124  -1  -1  -1 
  7  -1  -1  -1  -1 218  -1  -1  -1  -1  -1  -1  -1 172  -1  -1  -1  -1 102  -1  -1  -1  -1  -1  -1  -1 
  8  -1  73  36 232  -1  -1  -1  -1  70 129  -1 189  -1  20  -1  -1  -1 298  -1  -1  -1  -1 267 279  -1 
  9  -1  -1 104 104  87  -1  56  -1 106  -1  -1  -1  25  -1  -1  -1 188 261 116  -1  -1  -1  -1  -1  -1 
 10  -1  -1  -1  32  -1  -1 147 126  -1  -1  -1  -1 192 192  -1  -1  -1  27  -1 257  -1 111  -1  -1  -1 
 11  -1  -1  -1  14  -1  -1   0  -1  67  -1  -1 247  -1  -1  -1 173  -1  79  -1  -1 216  -1  -1  -1  -1 
 12  -1  34  -1  -1  -1  -1  -1 160  -1  -1  -1 103  -1  -1  -1  -1  40 175  -1  -1  -1  -1  -1  -1  -1 
 13  -1  -1  -1  -1  -1  -1  -1 284  -1  -1  -1 159  -1  -1  -1 259  -1 306 293  -1  -1  -1  -1  91  -1 
 14  -1 292  -1  -1  -1  -1  -1  42  -1  -1  -1 203 154  -1  -1  -1  -1 190 171  -1  -1  -1  -1  -1  -1 
 15  -1  58  -1  -1  -1  -1  -1  -1  -1  -1  -1  64 296  -1  -1  -1  -1 248  -1  -1  -1  -1  -1 290  -1 
 16  -1  -1   3 252  -1  -1 276  62  -1 215  -1 169 208  71  -1  -1  69  38  -1  -1  -1  -1  -1  -1  -1 
 17 262 191  -1  -1  -1  -1  -1 135 125  -1  -1 233  -1 278  -1  37 145  -1  57  -1  -1  -1  -1  -1  -1 
 18  -1  -1  -1  -1  -1  -1  -1  -1 256  -1  -1  -1 166  -1  -1  -1 223  -1  -1  45  -1  -1  -1 110  -1 
 19  -1 209  -1  -1  85  -1  -1  33 131  -1  -1  -1  83   1 302  -1  -1  -1  -1  -1  -1  -1  78  -1  -1 
 20  -1 113 255  -1  -1  -1  -1  -1 150  -1  -1  -1  -1  -1  -1  -1 289  -1 101  -1  -1 161  -1  -1  -1 
 21  -1 158  -1 177  -1  -1 122  81  28  -1  -1  -1 115 114  -1  -1  -1 280 280  -1 144  -1  -1 117  -1 
 22  -1  -1  -1  -1 198  -1 170  80  -1  -1  -1  -1  72  -1  -1  -1 254 167  -1  -1  -1  86  -1  -1  -1 
 23  -1 305  -1  -1  -1  -1  -1  -1  -1  -1  -1 146  -1  -1  -1  -1  -1  -1  -1  -1  -1 201 174  -1  -1 
 24  -1  -1 196  -1  -1  -1  -1 246  -1  -1 130  77  -1  -1  -1  -1  -1 211  -1  -1  -1 287  -1  -1  -1 
 25 236 236 297  -1  -1  -1  12  -1  -1  -1  -1 299  -1 152  -1  -1  89  -1 303  -1  -1  -1  -1  -1  -1 
 26  -1  -1  -1 121  -1  -1  29  -1  -1  -1  -1  -1  -1  -1  -1  -1 202  -1 157  -1  -1 300  -1  -1  -1 
 27 132 263  -1  -1  22  -1  76  47  -1  -1  -1 219  -1  -1  -1 307  59  16  16  -1  -1  -1  60  60  -1 
 28  -1 133  -1  -1  -1  -1 249 155  -1 214  -1  -1  23  26  -1  -1  -1  -1  -1  -1 221  -1  -1  -1  -1 
 29  43  -1 168  -1  -1  -1  -1  -1 165  -1 176  -1 282  -1  -1  -1  -1 148 148  -1  -1  -1  84  -1  -1 
 30   2   2  -1  -1  -1  -1  -1  19  19  19  -1  24  -1  -1  -1  -1  -1  -1   4   4  -1  30  -1  17  17 
 31  -1  -1  -1  -1  -1  -1  -1  -1  -1  -1  -1  -1  -1  -1  -1  -1  -1  -1  -1  -1  -1  -1  31  31  31 
 32  -1  -1  61  61  -1  -1  -1  -1  -1  -1  48  48  63  63  63  -1  -1  -1  68  -1  -1  74  46  46  -1 
 33  -1  -1  75  75  75  -1  -1  -1  -1  -1  -1  -1  -1  -1  -1  -1  -1  -1  -1  -1  -1  -1  -1  -1  -1 
 34  -1  -1  90  90  -1 105 105  -1  -1  -1  -1 118 107 107 107  -1  -1  -1  92  92  -1  -1 112  -1  -1 
 35  -1  -1  -1  -1  -1 119 119 119  -1  -1  -1  -1  -1  -1  -1  -1  -1  -1  -1  -1  -1  -1  -1  -1  -1 
 36  -1  -1 151 151 151  -1 162  -1  -1  -1 134 134  -1  -1  -1  -1 156  -1 136 136  -1  -1  -1 149 149 
 37  -1  -1  -1  -1  -1  -1  -1  -1  -1  -1  -1  -1  -1  -1  -1  -1  -1  -1  -1  -1  -1  -1 163 163 163 
 38 180 180 200  -1  -1 193 193  -1  -1  -1  -1  -1  -1 206  -1  -1  -1  -1 178 178  -1  -1 195 195 195 
 39  -1  -1  -1  -1  -1 207 207 207  -1  -1  -1  -1  -1  -1  -1  -1  -1  -1  -1  -1  -1  -1  -1  -1  -1 
 40  -1 244  -1  -1  -1  -1  -1 239 239 239  -1  -1 237 237  -1  -1  -1  -1 222 222  -1 250 224 224  -1 
 41  -1  -1  -1  -1  -1  -1  -1  -1  -1  -1  -1  -1 251 251 251  -1  -1  -1  -1  -1  -1  -1  -1  -1  -1 
 42 283 283 283  -1  -1  -1 294  -1  -1  -1 268 268  -1 288  -1 281 281  -1 266 266  -1  -1  -1  -1  -1 
 43  -1  -1  -1  -1  -1  -1  -1 295 295 295  -1  -1  -1  -1  -1  -1  -1  -1  -1  -1  -1  -1  -1  -1  -1 
 44  -1  -1  -1  -1  -1  -1 139 269  -1  -1  93  -1  -1 143  -1  -1  -1 274  -1  -1  95 153 285  -1  -1 
 45  -1  -1  -1  -1  -1  -1  96  -1  -1  -1  -1 182  -1  49  -1  -1  -1  11  -1  -1  54  -1  10  -1  -1 
 46  -1  -1  -1  -1  -1  -1 272  -1  -1  -1  -1  -1 314  -1  -1  -1  -1 181  -1  -1 140 315  -1 275  -1 
 47  -1  -1 183 270 311  -1  -1  -1  -1  -1   9 231  -1  -1  -1  -1  52  65  -1  -1  -1  -1  -1 141  -1 
 48  -1  53  -1   6  -1  -1  -1  -1  -1  -1 228  -1  -1  -1  -1  -1  -1 225  -1  -1  -1  -1 184  -1  -1 
 49  55  -1  -1  -1  -1  -1  -1  -1 313 308  -1  -1  -1  -1 310 312  -1  94  -1  -1   7  -1  -1  -1  -1 
 50  -1  -1 230  -1  -1  -1  -1  -1 197  -1  -1   5  -1  -1  -1  -1 185  -1  50  -1  -1  -1  -1  -1 309 
 51  -1 227  -1 142  -1 241 226  -1  -1  -1  -1  -1  -1  -1  -1  -1   8  -1  -1  -1  -1  -1  98  -1  -1 
 52  -1  -1  51 229  -1 316  -1 187  -1  -1  -1  -1  -1  -1  -1 109 271  -1  -1  -1  -1  -1  -1  -1  -1 
 53  97  99  -1  -1  -1  -1  -1  -1  -1  -1  -1  -1  -1 273  -1  -1 137 138  -1  -1 186  21  -1  -1  -1 

r\t   0   1   2   3   4   5   6   7   8   9  10  11  12  13  14  15  16  17  18  19  20  21  22  23  24 
  0  38 189  83  -1 198  -1  -1  -1  -1 216  -1  -1 192 192  -1  -1  -1  -1 264  45  -1  43  -1  -1  -1 
  1  -1 102  -1  -1  -1  -1  28  -1 165  -1  -1 263 247 234  -1  -1 293  -1  -1  -1  -1 170  -1 289  -1 
  2  -1 218  -1  -1  -1  -1 188  -1  -1  -1  -1  -1  -1  -1  -1  -1 240  -1  -1  -1  -1 302  -1  -1  -1 
  3  -1 296 280 280  -1  -1  -1 282  -1  -1  -1  -1  -1  -1  -1  -1  35 191 256  -1  -1  -1  -1  -1  -1 
  4  -1  -1  -1  -1  -1  -1 215 214 113  -1 286  -1  -1  -1  -1  -1  -1 171  -1  -1  -1  -1  -1  -1  -1 
  5  -1  77 243 208  -1  -1  -1 135  -1  -1  42  36  -1  -1  -1  -1  -1  -1  -1 305  -1  23  -1 125  -1 
  6  -1 133  86  -1  -1  -1  14 236 236 150  -1 129 220 278  -1  -1  -1  -1  34  -1  -1  -1  -1  -1  -1 
  7  -1 168 131  -1  -1  -1  79 172  -1  -1  -1 290 123 144  -1  -1 108  -1  -1  -1  -1 124 201  66  -1 
  8  -1 304  -1  72  -1  -1  -1 155  -1  -1  -1  -1  -1  -1  -1 106  -1  -1  -1  -1  -1  -1  39  47  -1 
  9  -1  -1 147  -1  -1  -1  -1  -1  -1  -1  -1  -1  -1 209  -1  -1  -1  -1  -1  -1  -1 157  -1  41 169 
 10  -1  -1  -1 103  -1  -1 173  -1  -1  -1  -1 128  -1 260  -1  -1 196  -1  -1  -1 261  91 101  -1  -1 
 11  -1  71  -1  -1 287  -1  -1 205 303  -1  -1  -1  -1  76  -1  -1  -1  -1  -1 132  -1 279  -1  -1  -1 
 12  -1 249  -1  44  -1  -1  -1  -1  15  -1  -1  -1 104 104  -1  -1  -1  -1  -1  -1  -1 202  37  -1  -1 
 13  -1  -1  -1  -1  -1  -1 291  -1  -1 217  -1  -1  -1 262  -1  -1  -1 114  -1 177  -1 146  78  -1  -1 
 14  -1  -1  -1  -1  -1  -1  -1  89  -1  -1  -1  -1 300  84  -1  -1  -1  -1  -1  -1  -1  -1  -1  -1  -1 
 15  -1 284  -1 254  -1  -1  -1  -1  -1  -1  -1  70  60  60  -1  -1  13  -1  -1  -1  -1  -1  26  -1  -1 
 16  -1 126  -1  25  -1  -1  -1  69  -1  -1  -1  -1  -1 130  -1  -1 159 161  20  -1  -1  -1  -1  -1  -1 
 17  -1  -1 299  16  16  -1 160  -1 111 213  -1  -1  -1  -1  -1  -1  -1  -1  -1  -1  -1  -1 117  -1  -1 
 18  -1  -1  -1 122  -1  -1 210  -1  82  -1  -1  -1  -1 121  -1  -1  -1  -1 174  -1  -1  -1  -1  -1  -1 
 19  -1  12  -1 292  -1  -1  -1  -1  -1  -1  -1  -1  -1 166 176  -1  -1  -1  73  -1  -1  -1  -1  -1  -1 
 20  -1 223  -1  -1  -1  -1 211  -1  -1  -1  22  -1  80  -1  -1  -1  64  -1 164  -1  67  -1  -1 167  85 
 21  -1  -1  -1  81  -1  -1  -1 255 199  -1  -1 233 235  -1  -1  -1  -1  -1 190 306  -1 298  -1 252  -1 
 22  -1  -1  -1  -1  -1  -1 232 267  -1  -1  -1  59  -1  33  -1  -1  -1 127  -1  -1  -1 110  -1 100  -1 
 23  -1 242  -1  57  -1  -1 120  -1  -1  -1  -1  -1  -1  -1   1  -1  -1  -1 297  -1  -1  -1 148 148  -1 
 24 259  -1  -1  -1  -1  -1  -1 301  -1  -1  -1  -1  27 175  -1  -1  -1  29 115  -1  -1  -1 253  88  -1 
 25  -1 204  32  -1  -1  -1 276 194  -1  -1  -1  -1 158  -1  -1  -1  -1  -1  -1  -1  -1  -1  -1  -1  -1 
 26  -1  -1  -1  -1  -1  -1  -1 179 154  -1  -1 277  -1 246  -1  -1  -1  -1  -1  -1  -1   3  -1  -1 307 
 27  -1  -1  -1 152 238  -1  58  -1  -1  -1  -1 203  -1  -1  -1  -1  40 219  -1  -1  -1  -1  -1  -1  -1 
 28  -1  -1 245 257  -1  -1  -1  -1  -1  -1  -1 248 145  -1  -1  -1  -1  -1  -1 221  -1  -1  -1   0  87 
 29  -1  -1  18  -1  -1  -1  -1  -1  62  -1  -1 116 265  -1 258  -1  -1  -1  -1  -1  -1  56  -1 212  -1 
 30  -1  24  -1  -1  -1   2   2  -1  -1  -1  -1  -1  17  17  -1  -1  -1  -1   4   4  -1  30  19  19  19 
 31  -1  -1  -1  -1  -1  -1  -1  31  31  31  -1  -1  -1  -1  -1  -1  -1  -1  -1  -1  -1  -1  -1  -1  -1 
 32  63  63  63  -1  -1  48  48  -1  68  -1  -1  -1  -1  46  46  -1  -1  61  61  -1  -1  -1  -1  74  -1 
 33  -1  -1  -1  -1  -1  -1  -1  -1  -1  -1  -1  -1  -1  -1  -1  75  75  75  -1  -1  -1  -1  -1  -1  -1 
 34  90  90  -1  -1  -1 105 105  -1  -1  -1  -1  -1  92  92  -1  -1 118 107 107 107  -1  -1  -1 112  -1 
 35  -1  -1 119 119 119  -1  -1  -1  -1  -1  -1  -1  -1  -1  -1  -1  -1  -1  -1  -1  -1  -1  -1  -1  -1 
 36  -1  -1  -1  -1  -1 134 134  -1 162  -1 149 149  -1 136 136 151 151 151  -1  -1  -1  -1 156  -1  -1 
 37  -1  -1 163 163 163  -1  -1  -1  -1  -1  -1  -1  -1  -1  -1  -1  -1  -1  -1  -1  -1  -1  -1  -1  -1 
 38 178 178 206  -1  -1 180 180  -1  -1  -1 193 193 200  -1  -1  -1  -1  -1  -1  -1  -1  -1 195 195 195 
 39  -1  -1  -1  -1  -1  -1  -1  -1  -1  -1  -1  -1  -1  -1  -1 207 207 207  -1  -1  -1  -1  -1  -1  -1 
 40  -1  -1  -1  -1  -1 224 224  -1 244  -1  -1  -1  -1 222 222  -1  -1 237 237  -1  -1 250 239 239 239 
 41  -1  -1  -1  -1  -1  -1  -1  -1  -1  -1  -1  -1  -1  -1  -1 251 251 251  -1  -1  -1  -1  -1  -1  -1 
 42 266 266  -1  -1  -1  -1  -1 288 294  -1  -1  -1  -1 268 268 283 283 283  -1  -1  -1  -1 281 281  -1 
 43  -1  -1  -1  -1  -1  -1  -1  -1  -1  -1  -1  -1  -1  -1  -1  -1  -1  -1  -1  -1  -1  -1 295 295 295 
 44  -1  -1  -1 231 316  -1  -1  55  -1  -1  -1  -1  -1  -1  -1  -1  -1  21  -1  -1  -1 140  50  -1  -1 
 45  -1  -1  -1  -1  -1  -1  -1  -1  -1  -1  -1 227  -1  -1  -1  -1  -1  -1  -1 275  -1  -1 137 272  -1 
 46  -1  -1  -1  -1  -1  99  -1  -1  -1  -1  -1  95  -1   8  -1 311  -1  -1 230  -1  -1 270  -1  -1  -1 
 47  -1  53  -1  -1  -1  -1  -1  -1  -1  65 312  -1   7 183  -1  -1  -1  -1 142  -1  -1  -1 229  -1  -1 
 48 153  -1  -1 185  -1  -1  -1 228  -1 314  -1  54 184  -1  -1  -1  97  -1  -1  -1 241  -1  -1  -1  -1 
 49  -1  -1 197 141  -1 271  -1  -1  -1  -1  -1 274  -1  -1  -1  -1  -1 308  96  -1 310  -1  -1  -1  -1 
 50  -1  -1 313   6  -1  -1  94  -1  -1  -1  -1  11 143  -1  -1  -1  10  -1  -1  -1  -1  -1  -1 181 309 
 51   9   5  -1  -1  -1  -1 269  -1  -1  -1  -1 138  -1  -1  -1  -1  -1  -1  -1  -1  -1  49  -1  -1 109 
 52 225  -1  -1 273  -1  -1  -1  -1 315  -1  -1  -1  -1  -1  93  -1  -1  -1 187  -1  -1 182  98  -1  -1 
 53  -1  -1  -1  -1  -1  -1  -1  -1 285  -1  -1 186  51  -1  -1  -1  -1  -1  52  -1  -1 226  -1 139  -1 

r\t   0   1   2   3   4   5   6   7   8   9  10  11  12  13  14  15  16  17  18  19  20  21  22  23  24 
  0  -1  -1  -1 154  -1  -1  -1  -1  -1  -1  -1  -1  -1  -1  -1  -1  -1  62  -1  -1  16  16  -1  36  -1 
  1  -1  -1  -1  -1  -1  -1  43 120  -1  -1 171  -1  -1  -1  -1  -1 173  -1  -1  -1  -1 205  -1 114  -1 
  2  -1 256  29  15  -1  -1  -1  -1  -1  -1  39 170  -1  -1  -1 262  -1 277 303  -1  83 232  -1  -1  -1 
  3   1  -1 280 280 155  -1 165 263  77  -1  -1 198  57  82  -1  -1  -1 223  -1  -1  -1  -1  -1 293  -1 
  4  -1  -1 212  -1  -1  -1 235  -1 258  -1 150  -1  -1  -1  -1  -1  -1  -1 243  -1  -1  -1  -1  -1  -1 
  5  -1  -1  -1 158  -1  -1  -1  -1  -1  -1  -1  -1  -1  -1  -1  -1 166  -1  -1  -1  -1 218  -1 128  -1 
  6  -1  44  70  -1  -1  -1  91  -1 245  -1  -1  -1  -1  -1  -1  -1 278  -1 203  -1  -1 146  -1  -1 307 
  7  -1  14 300  69  -1  -1  56  -1 292  -1  -1 126  -1 145  -1  -1  -1  -1  -1  -1  -1  64  27 147  41 
  8  -1  -1  -1  -1  -1  -1 296  -1  -1  -1  -1 111  -1  -1  -1  -1  -1  88  -1  -1  -1 100  -1  -1  -1 
  9  -1  -1  -1  -1  22 175 113  71 174  -1  -1  -1  -1  -1  -1 176  -1  -1 282  -1  -1  -1 103  -1  -1 
 10  -1  -1 190  -1  -1  -1  -1  -1 188  -1  -1  81  -1  84  40  -1  -1  -1  -1  -1  -1  34  -1  -1  -1 
 11  -1  -1 121 194  -1  -1  -1  -1  -1  -1  -1  -1  -1 157  -1  -1  -1  -1  -1  -1  -1  -1 255  38 259 
 12  -1  -1  -1  -1  -1  -1  -1  -1  -1 169  -1  -1  -1  -1  -1  -1 131  -1  -1  -1  -1  73  -1  -1  -1 
 13  -1  -1 152 217  -1  -1  12  -1  -1  -1  -1  -1  -1  -1  -1  -1  -1 135  -1  -1  -1 264  -1  13  -1 
 14  -1  -1  -1 179  -1 148 148  -1 160  -1  18 167 129  -1  -1  -1 189  -1  -1  -1  -1  -1 291  -1 110 
 15  -1  -1  -1  -1  -1 213  -1  -1  -1 305  -1  -1  -1 249  -1  -1  -1  -1  72  -1  -1  -1  -1  -1  37 
 16  -1 201  -1  -1  -1  -1  76 253  -1  -1  -1  -1 284  -1  -1  -1  -1 177 247  -1  -1 161  -1  -1  -1 
 17  -1 123  -1  -1  -1 219  -1  58  32  -1  -1  -1  -1  -1  -1  45 124 104 104  -1  -1  -1 306  -1  -1 
 18  -1 191  -1 101  -1  42  -1 234  -1  -1  -1  -1  -1  59  -1  -1  28 117  -1  -1  -1  -1  -1  -1  -1 
 19  -1 290  -1  -1  -1  -1  -1 204  66  -1  -1 279  -1 276  -1  -1  -1  -1  -1  -1  -1  -1  -1  33  -1 
 20  -1 133 108  -1  85  -1  -1  25  -1  -1  -1  -1  -1  -1  -1  -1 261 202  -1  -1  -1  -1  -1  -1  -1 
 21  -1 233 130  60  60  -1  -1 215  -1  -1  -1  -1  -1  -1  -1  -1  -1 238  67  -1  -1  -1  -1  -1  -1 
 22  -1 102  -1  -1  -1  -1 254  -1  -1 260  -1  -1  78 216  -1  -1  -1  -1  -1  -1  -1  -1  -1  -1  -1 
 23  -1  80  -1  -1  -1 106 257 299  -1  -1  -1  23 289  -1  -1  -1  89 298  -1  -1  -1 297  -1  -1  -1 
 24  -1  -1 168 116  -1  -1  -1  -1  -1  -1  -1  -1 210  -1 221  -1 240  -1 172 304  -1  -1 236 236  -1 
 25 265  -1  -1  -1 127  -1 132  -1  -1  -1  -1  -1  87  -1  -1 302  -1  47  -1  -1  -1  -1  86  -1  -1 
 26  -1  -1  -1  -1 287  -1  -1  -1  -1  -1  -1 246 122  -1  -1  -1 144  -1 199  -1  -1  -1  -1  -1  -1 
 27  -1  -1  -1 209  -1  -1  -1 286 242  -1  -1  -1 192 192  -1 220  20 159  -1  -1  -1 252  -1  -1  -1 
 28  -1  -1  -1  -1  -1  -1 208 267  -1  -1  -1  26   3  -1  -1  -1  79  -1  -1  -1 301 196  -1  -1  -1 
 29  -1  35  -1  -1  -1  -1   0  -1  -1  -1  -1 214  -1 211  -1  -1 248  -1 164  -1  -1  -1 115  -1 125 
 30  -1  -1  -1  -1  -1  -1  24  19  19  19  -1  -1  30   2   2   4   4  17  17  -1  -1  -1  -1  -1  -1 
 31  -1  -1  -1  -1  -1  -1  -1  -1  -1  -1  -1  -1  -1  -1  -1  -1  -1  31  31  31  -1  -1  -1  -1  -1 
 32  63  63  63  -1  -1  -1  48  48  -1  -1  -1  74  -1  46  46  -1  -1  68  -1  -1  -1  -1  61  61  -1 
 33  -1  -1  -1  -1  -1  -1  -1  -1  -1  -1  -1  -1  -1  -1  -1  -1  -1  -1  -1  -1  -1  -1  75  75  75 
 34  92  92  -1  -1  -1  -1  -1 107 107 107  -1  -1 105 105  -1  -1  -1  -1 112  -1  -1 118  90  90  -1 
 35  -1  -1  -1  -1  -1  -1  -1  -1  -1  -1  -1  -1 119 119 119  -1  -1  -1  -1  -1  -1  -1  -1  -1  -1 
 36  -1  -1  -1  -1  -1  -1 162 151 151 151  -1  -1 156 136 136 134 134 149 149  -1  -1  -1  -1  -1  -1 
 37  -1  -1  -1  -1  -1  -1  -1  -1  -1  -1  -1  -1  -1  -1  -1  -1  -1  -1  -1  -1  -1  -1 163 163 163 
 38 178 178  -1  -1  -1 195 195 195 206  -1  -1 200  -1 180 180  -1  -1  -1  -1  -1  -1  -1 193 193  -1 
 39  -1  -1  -1  -1  -1  -1  -1  -1  -1  -1  -1  -1  -1  -1  -1  -1  -1  -1  -1  -1  -1  -1 207 207 207 
 40 224 224 237 237  -1  -1  -1  -1  -1  -1 239 239 239  -1  -1  -1  -1 244  -1  -1 222 222  -1 250  -1 
 41  -1  -1 251 251 251  -1  -1  -1  -1  -1  -1  -1  -1  -1  -1  -1  -1  -1  -1  -1  -1  -1  -1  -1  -1 
 42  -1  -1 268 268  -1 281 281  -1  -1  -1  -1  -1  -1 266 266  -1 288  -1 294  -1  -1  -1 283 283 283 
 43  -1  -1  -1  -1  -1  -1  -1  -1  -1  -1 295 295 295  -1  -1  -1  -1  -1  -1  -1  -1  -1  -1  -1  -1 
 44  -1  -1  -1  -1  -1  -1 275  -1  -1 316  -1  -1  21  -1  -1  -1  -1  -1  -1 310 271  -1  -1  -1  -1 
 45  -1  -1  52  -1  -1  -1 181  98  -1  -1  -1  -1  -1  -1  -1  -1 272  -1 311  -1  99  -1 225  -1  -1 
 46  -1 274 139  -1  -1  -1  -1  -1  -1  -1  -1 153  -1  -1  -1  93  -1  -1  -1  -1  50  95   6 269 312 
 47  -1   8  -1  97  -1  -1  -1 141 314  -1 308  -1 183  -1  -1  -1  55 270  -1  -1  -1   5  -1  -1  -1 
 48  -1  -1 231  -1  -1  -1  -1  -1  -1  -1  -1 315  96  -1  -1  -1  -1  -1  -1  -1  -1  -1  -1  -1  -1 
 49  -1  -1  -1  -1 313  -1  -1 182  -1  -1  -1  65 140 226  -1 273  -1  -1  -1  -1 187  49  51  10  -1 
 50  -1  -1 185  11  -1  -1  -1 230  -1  -1  -1  -1  -1  -1  -1  -1 229  -1  -1 197 138  -1  -1  -1  -1 
 51 143  -1  -1  53  -1  -1 109  -1  -1  -1  -1  -1  54  -1  -1  -1  -1  -1  -1  -1  -1 142  -1 227  -1 
 52  -1  -1   7  -1  -1 309 228  -1  -1  -1  -1  -1  -1  -1  -1  -1  -1  -1  -1  -1   9 184  -1  -1 241 
 53  -1  -1  94  -1  -1  -1  -1  -1 285  -1  -1  -1  -1  -1  -1  -1 186  -1  -1  -1  -1  -1 137  -1  -1 

r\t   0   1   2   3   4   5   6   7   8   9  10  11  12  13  14  15  16  17  18  19  20  21  22  23  24 
  0  -1 189  -1  -1  -1  -1  84 108  -1  -1  -1 111 127  -1 305 132  28  -1  -1  -1  16  16  26 289  -1 
  1  -1 277  -1 203  -1  -1 199  -1  -1  -1  -1  85 120  79  -1  -1  -1 164  -1  -1  -1  -1 192 192  -1 
  2  -1 255  -1  -1  -1  -1  -1  -1  -1  -1  -1  -1  -1 297  -1  -1 144 190  -1  38  -1 166  -1  -1  -1 
  3  -1  -1  88  -1  -1  -1 179  -1  -1  -1 304  36 257 209  -1  -1  -1  -1  -1  -1  -1  -1  -1  -1  -1 
  4  -1  -1  -1  29  -1  -1  47  -1  -1  -1  -1 219  -1  -1  -1  -1 113  -1  40  -1  -1  -1  -1  -1  -1 
  5  -1  -1 188  -1  -1  -1 122  -1  -1  -1 280 280 291  -1  -1  -1  -1  -1 124  -1  -1  -1 155  -1  -1 
  6  -1  -1  -1  -1  -1  -1 146  -1  -1  -1  -1  59 103  -1  -1  -1  -1  -1  -1  -1  -1  -1  -1  -1  -1 
  7  -1 115  -1  22  -1  -1  -1  -1  -1  -1  -1 170 279  56  -1  -1  -1  -1  -1  -1  -1  -1  -1  -1  -1 
  8  -1 292  -1  42  67  -1  62  -1 300  -1  -1  -1 235  -1  -1  -1  -1 211  -1  -1  -1 126  -1  -1  -1 
  9  -1  -1  70  -1  -1  81  13  -1  77  -1  -1  -1  -1  -1  -1  -1  -1 245  -1  -1  -1  -1  23 121  -1 
 10  -1 233  -1 282  -1  -1 201  -1  -1  -1  -1 135  -1 215  -1  -1 253  35  -1  -1  -1  -1 123  -1  -1 
 11  -1 208  -1 106  -1  -1 256 145 104 104  -1 254  -1 157 261  -1  -1  -1 159  -1  -1 116  -1 100  -1 
 12  -1 133 223  -1  -1  -1  76 160  -1  -1 262 125  -1  -1 260 218 284  -1 196  -1  -1  -1  -1  -1  -1 
 13  -1  -1  20  -1  -1  -1  -1  -1  -1  -1  -1  -1 249  -1  -1  -1  -1 117  -1  -1  -1  -1  -1  -1  -1 
 14  -1  -1  -1  -1  -1  -1  -1  -1  -1  -1  -1  -1 148 148  -1  -1  -1  -1  -1  -1 221 198  -1  -1  -1 
 15  -1  -1  -1  -1  -1  44  -1  -1  18  -1  -1  -1 129 175  -1 236 236  -1  -1  -1  -1 204  -1  -1  -1 
 16  -1 168  -1  -1  -1  -1 293  -1  -1  -1  -1  -1  -1  -1  -1  -1  -1  -1 290 214  -1  -1  -1  -1  -1 
 17  -1 152 252  -1  -1  -1  -1  -1  -1  -1  -1  -1  -1  -1  -1  -1  64 259 232 258  -1  -1  -1  -1  -1 
 18  -1  -1 216 194 302  -1  -1  -1 202  -1  -1  -1  -1 248  -1  -1  -1  -1 286 220 265  -1 212 306  -1 
 19  -1  15  45  -1  -1  -1 165  -1 287  83  -1  -1  -1  -1 169  -1 205 276  -1  -1 174 150 246 147   1 
 20  -1 303  -1  -1  41  -1  -1 240  -1  -1  -1 263  -1  -1  -1  -1 158  -1  -1  -1  -1  -1  78  -1  -1 
 21 128  -1  -1 238  -1  -1  -1  -1  -1  -1  -1  27  -1  12  -1  82  73 101  -1 301  -1  -1  -1  -1  -1 
 22  -1  80 296  -1  -1  -1  -1  -1 130  -1  -1  -1  -1   0  -1  -1  -1 213  -1  -1  -1 298  -1  -1  -1 
 23  -1  -1 278  -1  -1 176  37  -1  -1  -1  -1  -1  -1  -1  -1  -1  -1 210  -1  87  86  -1  -1  -1  -1 
 24  -1  57 243  -1  -1  -1 171  -1  -1  -1  -1  91  -1 234  -1  -1  -1  -1 267 131  -1  -1  60  60  -1 
 25  -1  -1  -1 299  -1  -1  -1  -1  43  -1  -1  -1  58  -1 242  -1  -1  -1  -1  -1  -1  -1  -1  -1  -1 
 26  -1  -1  -1  69  -1  -1 264   3  25  -1  -1 154 172 102  -1  -1  14 307  34  -1  -1  66  -1  -1  -1 
 27  -1  -1 114  -1  -1  -1  -1  -1  -1  -1  -1  -1  -1  -1  -1  -1 191  -1  -1  -1  -1  -1 161  -1  -1 
 28  -1  -1  -1  -1  -1  -1  32  -1  -1  -1  -1 167  -1  -1  -1  -1 173  -1  -1  89  -1 247 110  -1  -1 
 29  -1  -1  39  -1  -1  -1  -1  -1  71  -1  -1  72  33 217  -1  -1  -1  -1  -1  -1 177  -1  -1  -1  -1 
 30  -1  -1  -1  -1  -1   2   2  24  -1  -1  19  19  19  -1  -1   4   4  -1  17  17  -1  -1  -1  30  -1 
 31  31  31  31  -1  -1  -1  -1  -1  -1  -1  -1  -1  -1  -1  -1  -1  -1  -1  -1  -1  -1  -1  -1  -1  -1 
 32  -1  -1  -1  -1  -1  -1  -1  63  63  63  -1  -1  -1  68  -1  48  48  61  61  -1  -1  74  -1  46  46 
 33  -1  -1  -1  -1  -1  -1  -1  -1  -1  -1  -1  -1  -1  -1  -1  -1  -1  75  75  75  -1  -1  -1  -1  -1 
 34 107 107 107 118  -1  -1  -1  -1  -1  -1  -1 112  -1  -1  -1 105 105  92  92  -1  -1  -1  -1  90  90 
 35  -1  -1  -1  -1  -1 119 119 119  -1  -1  -1  -1  -1  -1  -1  -1  -1  -1  -1  -1  -1  -1  -1  -1  -1 
 36  -1  -1 149 149  -1  -1 136 136 162  -1  -1  -1 156  -1  -1  -1  -1 151 151 151  -1  -1  -1 134 134 
 37  -1  -1 163 163 163  -1  -1  -1  -1  -1  -1  -1  -1  -1  -1  -1  -1  -1  -1  -1  -1  -1  -1  -1  -1 
 38  -1  -1 206  -1  -1  -1  -1 195 195 195  -1  -1 193 193  -1 180 180  -1 200  -1  -1  -1  -1 178 178 
 39  -1  -1  -1  -1  -1  -1  -1  -1  -1  -1 207 207 207  -1  -1  -1  -1  -1  -1  -1  -1  -1  -1  -1  -1 
 40  -1  -1  -1 244  -1 222 222  -1 237 237  -1  -1  -1  -1  -1 224 224  -1 250  -1  -1  -1 239 239 239 
 41  -1  -1  -1  -1  -1  -1  -1 251 251 251  -1  -1  -1  -1  -1  -1  -1  -1  -1  -1  -1  -1  -1  -1  -1 
 42  -1 266 266  -1  -1 283 283 283  -1  -1  -1 294 268 268  -1  -1 288  -1  -1  -1  -1  -1 281 281  -1 
 43  -1  -1  -1  -1  -1  -1  -1  -1  -1  -1  -1  -1  -1  -1  -1  -1  -1  -1  -1  -1  -1  -1 295 295 295 
 44  -1 182 141  -1  -1 140  -1  97 315  -1  -1  52 230 184  -1  -1  94  -1  -1 185  -1  -1  -1  -1  -1 
 45  -1  -1  -1  -1  -1  -1  -1  -1  -1  -1  -1  -1  -1  -1  -1  98 139 229  11  -1   8  -1  -1  -1  -1 
 46  -1 225  -1  -1  -1  -1  -1  21  -1  -1  -1  -1 138  -1 197  -1  -1 142  -1 274  -1 314  -1  -1  -1 
 47  -1  -1  -1  65  -1  -1  -1  49  -1  -1 311  -1  93  51  -1  -1  -1 275  -1  -1  -1  -1  -1 273  -1 
 48  -1   5 181 309  -1  -1  -1  -1  -1  -1  -1  -1 186  95  -1 271  -1  -1  -1  -1  -1 285  -1  -1  -1 
 49 310  50  -1  -1  -1  -1  96  -1  -1 308  -1 272  -1 227  -1  -1  -1  -1  -1  -1  54 109  -1 231  -1 
 50  -1  -1  -1  -1  -1  -1  -1 270 153  -1  -1 226  -1  -1  -1  -1  -1  -1  -1   9 143  -1  -1  -1  -1 
 51  -1  -1  -1  -1  -1  -1  -1  -1  -1  -1  -1  -1  -1 137  -1  -1  -1   7 228  -1  -1  -1  -1  10  -1 
 52  -1  -1  -1  -1 316  -1  -1  -1  -1  -1  -1  -1   6  -1 312  -1 269  53 183  -1  -1  -1 313  -1  -1 
 53  -1  -1  -1  -1  -1  -1  -1  -1  -1  -1  -1  -1  55  -1  -1  -1  -1 187  -1  -1  99 241  -1  -1  -1 

r\t   0   1   2   3   4   5   6   7   8   9  10  11  12  13  14  15  16  17  18  19  20  21  22  23  24 
  0  -1  -1  -1  -1  -1  -1  -1 234  -1  -1  -1  57  -1 113  22  60  60 286  -1  -1  -1 188  -1  -1  -1 
  1  -1 219  -1  -1  -1  -1 215  -1 123  -1  -1  -1  -1  -1  -1 128  -1  -1 127  -1  -1  -1  -1  -1  -1 
  2  -1 210  69  -1  -1  -1 130  -1  -1  -1  -1 202  -1  -1  -1  -1 124  -1  -1 306 265  -1  -1  -1  -1 
  3  -1 158  -1  -1  -1  -1 191 101  62  67  -1 103  -1  71  -1  -1 217  -1  -1  -1  -1  -1  -1 114  -1 
  4  -1  -1  -1 254  -1 304  -1  -1  -1  -1  -1  -1 148 148  -1  -1 214 218 287  -1  -1  -1  -1  -1  -1 
  5  16  16 261 205  -1  -1  -1  56  -1  -1  -1  -1 246  -1  -1  -1  14  -1  -1  -1  -1 147  -1  89  -1 
  6  66 179  -1  -1  -1  -1  33  -1  -1  -1  -1  23  26  -1 257  -1  -1 154 117  -1  -1  -1  -1  -1  -1 
  7  -1  -1 159  42  -1  -1  -1  -1 249  -1  -1  -1  -1 301  -1  -1 208 307  -1  -1  -1 255  -1  -1  -1 
  8  -1  -1  -1  -1  -1  -1 152  -1  81  -1  -1 297  -1  15  -1  -1  -1  -1 132  -1  -1  -1  -1  -1  -1 
  9  -1  -1  -1  -1  -1  -1  -1  43 166  -1  -1  -1  -1  87  -1  -1  -1 238  13  -1  -1  -1  -1  -1  -1 
 10  -1 235  -1  -1 176  -1  -1  -1 284  -1  -1  -1  -1  -1 282  -1  -1 305  91  39  -1  -1  -1  -1  -1 
 11  -1 279  -1  45  -1  -1  -1 276  -1  -1  -1  -1  -1  -1  -1  -1  -1  -1 157  -1  -1  -1 290  -1  -1 
 12  -1  -1  -1  -1  -1  -1  -1  78 242 198  -1  -1 165 212  -1 280 280 296 196  -1  -1  88 110  -1  -1 
 13  -1  -1  18  -1  -1  -1  -1  -1 146  -1  -1 144  -1  -1  -1  -1 145  41  -1  -1  37  -1  -1  -1  -1 
 14  -1  -1 194  -1  -1  -1  -1 133  36  -1  -1 259   1  -1 302  -1  -1  -1 299 213  -1  28  -1  -1  -1 
 15  -1  -1 243 233  -1  -1  -1 256  -1  -1  -1  80 277  -1  -1  -1 173  -1  -1  -1  -1 115  -1 161  -1 
 16  -1 135 253  70  -1  -1  -1  -1  -1  -1  -1  -1  -1 247  -1  -1  -1  -1 232  -1  -1  -1  -1  -1  -1 
 17  -1 211 122  -1  -1  -1  -1  40 209  -1  -1  -1 292  -1  -1  -1  -1 203 106  -1 104 104  -1  -1  -1 
 18  -1  -1  -1  -1  -1 221  -1 192 192  -1  -1  -1 201 160  83 236 236  35  29  -1  -1 131  -1  -1  -1 
 19  -1  58  -1  -1  -1  -1  -1  -1  -1  -1  -1  -1  -1  -1  -1  -1 100  38  -1  -1  -1  -1  -1  -1  -1 
 20  -1  -1  -1  32  -1  -1 168  -1  -1  -1  -1 278  -1  -1  -1  -1  34 111   0  -1  -1  -1  73  -1  -1 
 21  -1 245  -1 164  -1  -1  -1 264  -1  -1  -1 169  -1 172  -1  -1 190  59 171  -1  -1 240  -1  -1  -1 
 22  -1 174  -1  -1  -1  -1  -1  -1 102  -1  -1 248  72  -1  -1  -1  -1 252 267  -1  -1  64  -1 300  -1 
 23  -1  -1  -1  -1 258  -1  -1  -1 223  -1  -1  -1  -1  84  -1  -1  -1  -1  -1  -1  -1  20  -1  -1  -1 
 24  -1 263  -1 189  -1  -1  12  27  -1  -1  -1  -1  -1  -1 129  -1  -1  -1  -1 126 177  -1  -1  -1  -1 
 25  -1  -1  -1  -1  -1  -1  -1 204  -1  -1  -1 175  -1 291  -1  -1  -1 216  -1  -1  -1  77  -1  -1  -1 
 26  -1  -1  -1  -1  -1  -1 298  -1  -1  -1  -1  86  -1  -1  -1  -1  -1 199  -1  -1  -1  -1  -1  76  -1 
 27  -1  25  -1  -1  -1 303 121 293  47  -1  -1   3  -1  -1  -1  -1  -1  -1  -1 150 220  -1 262  -1  -1 
 28 260 155  -1  -1  -1  -1  -1 116 125  -1  -1  -1 120  -1  -1  -1  79  -1  -1  -1  -1 170  -1  -1  -1 
 29  -1  -1  -1  -1  -1  -1 108 289  -1  -1  85  -1  -1  44  -1  -1  -1 167  -1  82  -1  -1  -1  -1  -1 
 30  -1  -1  24  -1  -1   4   4  19  19  19  -1  30  -1  -1  -1  -1  -1  -1  -1  -1   2   2  17  17  -1 
 31  -1  -1  -1  -1  -1  -1  -1  -1  -1  -1  -1  -1  -1  -1  -1  -1  -1  -1  -1  -1  -1  -1  31  31  31 
 32  -1  -1  -1  -1  -1  46  46  -1  74  -1  -1  -1  61  61  -1  -1  68  -1  -1  -1  48  48  63  63  63 
 33  -1  -1  -1  -1  -1  -1  -1  -1  -1  -1  -1  -1  -1  -1  -1  -1  -1  75  75  75  -1  -1  -1  -1  -1 
 34  -1  -1 105 105  -1  92  92  -1  -1  -1  90  90 107 107 107  -1  -1 112  -1  -1  -1  -1 118  -1  -1 
 35  -1  -1 119 119 119  -1  -1  -1  -1  -1  -1  -1  -1  -1  -1  -1  -1  -1  -1  -1  -1  -1  -1  -1  -1 
 36  -1  -1 151 151 151 134 134  -1  -1  -1 136 136 162  -1  -1  -1 156  -1  -1  -1  -1  -1  -1 149 149 
 37  -1  -1  -1  -1  -1  -1  -1  -1  -1  -1  -1  -1  -1  -1  -1  -1  -1  -1  -1  -1 163 163 163  -1  -1 
 38  -1  -1  -1  -1  -1  -1 200 180 180  -1 178 178 195 195 195  -1  -1  -1 206  -1  -1  -1  -1 193 193 
 39  -1  -1  -1  -1  -1  -1  -1  -1  -1  -1  -1  -1  -1  -1  -1  -1  -1  -1  -1  -1  -1  -1 207 207 207 
 40  -1  -1  -1 222 222  -1  -1  -1  -1  -1 224 224 239 239 239  -1 250  -1 244  -1  -1  -1 237 237  -1 
 41  -1  -1  -1  -1  -1  -1  -1  -1  -1  -1  -1  -1  -1  -1  -1  -1  -1  -1  -1  -1  -1  -1 251 251 251 
 42  -1 294 281 281  -1 266 266  -1  -1  -1 268 268  -1  -1  -1  -1 288  -1  -1  -1  -1  -1 283 283 283 
 43  -1  -1 295 295 295  -1  -1  -1  -1  -1  -1  -1  -1  -1  -1  -1  -1  -1  -1  -1  -1  -1  -1  -1  -1 
 44  -1 269 315  96  -1  -1 186  -1 271  -1  -1  -1  50  -1  -1  -1  -1  -1  -1  -1  -1  -1  -1  -1  -1 
 45  -1  -1  -1  -1  -1  -1  -1  -1  -1 153  -1  -1 143  -1  -1 309  98  -1  -1  -1  -1 273  -1  -1  -1 
 46  -1 197  65 184  -1  -1  -1  -1   5  -1  -1  -1  -1  95  -1  -1  52 308 228  -1  -1  -1  -1 142  -1 
 47 314  -1  -1  -1  49  -1  -1  -1  -1  -1  -1  -1 231 274  -1  -1  -1  21  -1  -1  99 227  -1  -1  -1 
 48 109  93  -1  -1  -1  -1  -1 229  -1  -1  55  51  -1  -1  -1  -1 272  -1  -1 316  -1  -1  -1  -1  -1 
 49  -1  -1  -1 140  -1  -1 226  -1  -1  -1  -1  -1  -1   8  -1  -1  -1  -1 182  -1  -1  -1  -1  -1  -1 
 50  -1  10  -1  -1  -1 185  -1  54  -1 311  -1  -1 275  -1 312  -1 230  -1  -1  -1  -1 183 313  -1 310 
 51  -1  -1  -1  11   7  -1  -1  97  94 285  -1  -1  -1  -1  -1  -1 181  -1  -1  -1  -1  -1  -1 187  -1 
 52  -1  53  -1 270  -1  -1  -1  -1  -1 241   9  -1  -1 138  -1  -1   6  -1  -1  -1  -1  -1  -1  -1  -1 
 53  -1 225  -1  -1  -1  -1  -1  -1 137  -1  -1  -1  -1  -1  -1  -1 139  -1  -1  -1  -1 141  -1  -1  -1 

