317
2 3
8 12
15 30
3 25
13 30
11 48
18 52
20 44
6 44
12 52
22 53
17 46
11 24
17 1
16 28
6 27
13 21
22 30
3 6
0 30
21 27
19 44
5 27
7 24
7 30
6 8
8 9
3 24
2 4
12 27
18 30
21 31
16 25
1 29
17 26
13 0
3 22
4 7
10 16
20 16
16 21
1 12
18 26
23 27
16 11
20 15
13 32
2 18
22 32
17 45
21 52
11 52
3 44
6 50
12 47
15 52
3 17
6 16
12 4
8 28
22 17
10 32
2 11
17 32
16 12
5 52
24 21
1 24
16 32
2 22
6 24
13 20
12 3
18 11
21 32
7 33
3 3
18 27
22 8
16 29
11 17
19 21
11 4
12 25
0 8
14 5
2 5
6 10
16 26
18 13
13 34
3 1
22 34
21 44
17 53
12 50
6 46
20 50
2 50
8 44
8 13
17 17
13 23
11 8
22 6
2 34
9 14
5 34
18 21
19 50
15 10
1 3
21 34
7 20
18 15
17 12
1 9
22 1
16 34
10 35
6 3
2 23
11 28
3 8
23 24
14 15
10 10
2 1
9 23
7 6
12 16
11 6
18 28
6 26
15 36
11 10
12 36
21 46
20 49
23 45
14 52
2 45
3 50
17 51
2 26
18 5
16 1
7 11
12 15
8 36
19 15
22 36
6 5
1 45
11 23
4 14
2 36
3 16
12 24
11 0
23 18
18 14
21 36
7 37
13 9
21 8
17 3
1 26
6 2
21 25
3 13
24 6
13 12
13 25
17 2
10 18
15 25
17 9
20 38
2 29
13 38
3 53
6 49
8 47
16 53
22 52
18 44
12 51
3 10
16 3
6 6
18 22
8 3
22 38
2 6
10 38
21 23
19 45
7 22
1 16
2 38
13 2
17 11
7 4
16 13
21 20
6 38
22 39
8 8
12 7
1 1
3 23
11 2
9 27
2 8
11 22
1 11
1 21
18 12
3 29
12 26
2 7
13 40
22 22
20 40
23 53
16 50
6 45
3 52
15 46
8 46
11 51
6 0
23 28
3 15
21 12
12 10
17 40
10 9
7 40
16 27
0 46
1 20
22 11
23 40
8 19
2 13
1 27
12 22
11 14
6 40
17 41
22 2
7 25
13 3
21 9
16 17
17 22
23 22
20 27
14 1
11 13
24 24
8 22
6 1
20 21
15 42
21 17
13 42
22 45
11 49
17 49
8 50
2 48
18 50
3 49
22 26
11 27
13 7
1 8
17 8
2 42
12 2
7 42
16 2
23 50
21 2
19 25
21 42
2 12
18 16
7 1
12 11
6 11
17 42
0 43
11 19
8 7
3 9
13 24
23 5
12 14
11 7
2 27
11 9
19 11
9 19
0 26
5 50
4 53
19 53
9 48
10 48
7 50
1 49
24 50
0 53

