317
18 19
4 7
13 30
22 21
1 30
7 52
21 51
8 45
3 50
0 47
23 50
11 48
21 2
1 10
2 21
3 23
12 17
7 30
10 24
17 30
6 14
22 44
24 12
16 22
22 30
23 2
18 12
11 2
8 15
3 27
16 30
5 31
21 14
13 8
12 10
1 11
13 6
8 12
14 18
6 27
24 6
6 10
8 17
6 26
11 29
0 6
13 32
21 0
18 32
3 47
2 45
22 50
7 45
17 49
1 45
4 50
1 7
17 20
18 28
23 7
10 19
2 32
6 25
7 32
22 9
16 50
21 16
12 27
1 32
12 19
2 14
16 14
8 10
11 27
21 32
22 33
6 15
18 24
17 7
13 28
3 26
23 18
15 8
16 3
5 29
12 8
5 8
10 21
21 20
4 2
18 34
1 13
13 34
23 51
11 45
3 53
8 53
2 47
22 46
0 51
2 3
3 10
18 23
16 7
22 6
10 34
5 25
7 34
17 2
6 53
1 18
12 16
22 34
8 2
1 21
3 2
11 1
23 5
21 34
15 35
7 23
12 0
18 0
13 7
2 6
18 18
10 13
13 1
7 8
6 8
16 19
13 5
22 25
7 16
17 36
23 15
1 36
21 45
4 49
13 49
19 53
8 46
11 52
14 49
23 28
2 1
13 9
11 8
17 15
8 36
0 28
20 36
12 1
6 45
16 2
3 9
3 36
1 9
6 22
22 4
17 28
21 9
16 36
10 37
23 23
18 17
8 0
2 11
13 19
18 21
15 14
13 20
1 23
3 8
20 27
10 26
14 14
2 16
0 38
3 0
7 38
17 52
21 48
19 44
13 47
4 48
11 46
22 53
11 11
7 3
13 2
16 15
0 24
18 38
12 23
22 38
17 16
9 52
3 21
6 20
6 38
22 28
2 0
12 9
3 5
7 18
11 38
16 39
13 10
21 29
8 27
8 18
23 26
21 10
6 11
16 20
7 13
23 1
15 17
24 27
0 15
4 24
18 40
1 3
22 40
2 50
7 48
13 48
21 50
3 49
17 46
11 53
23 0
11 16
22 1
21 22
2 25
12 40
6 28
7 40
17 3
10 53
1 8
16 0
6 40
3 6
23 22
8 21
7 1
21 5
2 40
12 41
18 10
1 2
22 22
17 5
11 12
21 23
12 5
24 16
16 25
23 16
2 19
2 27
2 13
4 5
7 42
3 18
13 42
18 50
17 47
19 46
21 44
11 44
23 52
22 49
11 13
8 1
7 21
17 23
22 8
15 42
12 20
0 42
21 27
10 48
6 7
3 22
22 42
21 12
8 14
3 7
11 21
2 4
18 42
15 43
12 14
1 0
23 9
13 4
6 5
13 3
6 16
13 24
10 28
20 3
12 13
20 1
24 50
6 50
9 45
20 49
10 52
12 50
15 45
16 47
5 48

