317
21 6
19 7
15 30
3 18
8 30
6 49
17 47
1 46
20 48
0 44
11 49
10 45
17 11
11 5
16 9
13 18
5 4
0 30
7 15
22 30
12 25
18 44
2 19
3 22
7 30
6 9
18 1
23 23
11 17
2 7
17 30
12 31
8 17
22 26
1 8
3 19
22 3
21 25
14 10
4 19
8 23
12 4
7 29
11 6
23 26
8 14
15 32
7 2
10 32
6 48
0 46
17 53
1 47
21 48
19 46
20 52
21 18
1 16
6 11
16 21
17 22
13 32
22 17
2 32
12 12
7 44
5 13
24 18
23 32
18 17
1 19
21 23
22 7
11 13
6 32
12 33
3 9
21 29
7 5
16 15
2 11
13 4
10 17
22 11
24 29
0 5
5 27
1 25
1 29
19 23
8 34
16 8
20 34
10 52
17 46
6 45
11 46
0 48
3 45
15 53
11 9
21 17
17 9
8 9
3 14
22 34
18 0
5 34
2 16
13 53
12 2
16 22
12 34
2 24
8 25
6 27
17 1
11 12
13 34
22 35
3 17
18 13
22 0
16 4
7 12
13 15
3 2
14 13
13 22
11 26
7 18
7 17
0 23
1 2
15 36
11 29
8 36
23 44
20 53
6 52
7 52
3 53
21 47
10 50
7 1
6 3
8 3
16 2
23 22
17 36
4 29
12 36
3 16
2 50
22 10
11 18
23 36
21 13
2 13
8 1
12 27
16 19
11 36
17 37
6 17
11 19
7 19
22 2
1 23
10 22
24 28
9 17
14 4
23 4
10 25
8 27
7 8
3 29
10 38
6 6
15 38
20 50
21 51
17 48
1 52
9 48
0 51
8 45
7 14
17 4
8 12
22 13
20 9
0 38
6 29
12 38
3 12
2 53
19 25
18 20
18 38
7 23
1 21
2 12
8 24
21 14
17 38
22 39
13 27
16 10
11 8
11 15
6 24
11 16
22 6
18 7
5 8
16 24
3 25
12 1
0 8
19 27
20 40
1 7
15 40
17 44
6 50
23 46
10 47
3 48
8 47
11 50
21 22
6 21
3 11
16 17
22 1
8 40
2 10
12 40
17 26
5 46
1 12
18 8
1 40
13 1
18 3
16 26
17 7
3 13
11 40
7 41
23 19
12 20
2 18
22 5
6 16
7 11
4 6
6 14
20 1
9 11
11 24
21 7
16 16
20 19
8 42
21 3
10 42
19 44
1 45
6 44
17 51
3 47
7 46
23 48
21 27
11 20
12 19
6 7
7 13
2 42
0 4
15 42
23 0
22 47
13 2
18 19
23 42
3 28
16 20
7 10
12 16
6 22
18 42
2 43
13 23
8 6
1 27
11 3
21 10
3 4
1 28
6 20
7 0
19 8
21 20
21 5
22 50
2 47
4 52
24 53
5 49
13 51
12 53
18 45
14 52

