317
2 12
8 11
23 30
7 7
15 30
18 52
13 47
6 44
12 51
9 52
1 50
21 45
1 22
16 13
23 5
6 13
17 19
12 30
20 27
2 30
11 13
22 44
5 17
7 20
22 30
21 22
8 9
2 16
16 17
13 0
7 30
10 31
23 27
1 11
17 29
18 25
1 20
4 19
10 13
19 9
23 15
24 23
21 7
22 5
22 29
3 22
8 32
21 1
15 32
23 47
1 52
6 47
2 47
13 44
7 44
24 50
1 19
13 14
2 21
12 25
7 22
22 32
21 19
17 32
16 29
14 53
0 28
5 21
1 32
18 27
16 1
7 0
2 25
13 20
21 32
10 33
6 4
7 24
22 10
1 14
17 18
20 26
22 0
24 25
16 9
15 11
23 23
24 8
13 2
6 25
15 34
12 27
23 34
8 52
21 46
7 46
1 51
22 47
3 46
9 49
13 18
16 19
8 29
1 13
22 1
17 34
5 5
2 34
7 5
0 52
12 26
11 12
8 34
1 26
21 6
23 14
13 3
7 17
22 34
17 35
3 23
11 20
17 27
12 15
6 22
21 29
11 1
0 19
2 27
13 17
11 29
17 2
2 9
6 20
15 36
8 27
23 36
21 51
9 44
7 51
22 51
1 49
12 52
18 44
21 5
18 1
7 6
12 28
22 20
10 36
19 10
2 36
13 15
17 47
8 20
5 9
21 36
22 3
1 3
2 6
17 7
11 11
18 36
12 37
3 19
16 14
8 13
23 17
7 23
2 11
14 11
20 16
15 18
1 4
13 13
23 12
22 26
24 5
15 38
13 27
8 38
2 45
1 53
6 51
21 47
18 46
23 50
12 46
12 24
6 8
21 8
8 2
22 19
17 38
13 7
2 38
16 7
7 49
20 14
11 28
11 38
21 18
7 11
6 19
3 20
16 26
1 38
17 39
2 15
22 14
13 25
12 14
23 3
4 22
13 21
15 0
11 8
17 14
0 14
17 23
9 26
21 0
2 40
1 16
15 40
13 48
23 53
8 45
18 51
6 52
7 45
12 50
16 5
6 10
18 28
12 22
3 5
7 40
1 23
22 40
13 22
5 48
17 26
11 3
6 40
2 26
22 2
23 0
17 21
18 10
1 40
12 41
7 3
3 8
16 11
8 3
11 19
9 8
14 15
9 6
19 20
11 23
0 1
13 10
18 22
13 23
15 42
6 18
23 42
7 47
3 53
22 49
8 51
1 48
21 49
9 51
16 4
23 10
21 26
1 15
7 12
2 42
20 28
10 42
18 8
17 51
19 28
6 15
21 42
2 13
23 13
16 28
6 16
11 26
17 42
0 43
7 9
18 0
3 0
8 17
12 6
1 1
9 16
20 21
21 12
15 15
20 9
14 19
4 48
0 47
20 51
17 53
14 52
11 45
19 53
5 52
10 51

