317
21 3
14 24
8 30
2 12
18 30
3 44
11 53
20 46
12 45
17 52
13 44
6 46
21 23
8 15
3 5
7 19
17 7
12 30
16 29
22 30
6 3
2 47
10 26
1 24
17 30
18 17
23 6
3 24
8 27
12 8
21 30
5 31
16 19
1 8
2 20
13 2
1 27
19 16
3 28
6 14
16 27
17 2
4 22
3 19
8 5
13 4
21 32
3 1
18 32
2 49
7 49
6 45
14 52
17 46
20 50
9 48
6 4
21 26
22 29
11 7
17 27
7 32
3 22
0 32
13 15
23 47
16 23
4 7
17 32
22 0
13 18
2 26
3 2
16 5
6 32
10 33
23 21
16 12
7 13
18 15
1 14
20 16
18 1
0 18
20 6
8 23
4 27
13 23
21 12
19 22
8 34
18 22
13 34
7 52
12 51
6 53
3 46
20 48
11 48
17 44
11 1
13 6
17 3
21 29
7 14
2 34
4 23
22 34
12 7
16 53
5 10
18 8
11 34
8 19
23 3
22 25
16 17
13 27
21 34
0 35
6 19
18 14
3 12
17 23
12 2
12 15
8 2
5 11
6 2
1 7
7 21
20 10
8 25
21 10
12 36
7 10
18 36
11 50
14 46
20 45
6 47
3 47
17 51
9 46
8 7
13 28
11 27
6 28
17 6
23 36
10 3
2 36
21 18
7 46
16 6
1 10
1 36
2 27
16 8
3 3
17 1
13 10
8 36
22 37
7 27
8 13
12 22
11 2
21 24
19 7
12 14
11 25
6 26
16 26
1 23
3 10
7 2
19 9
8 38
18 9
13 38
12 52
2 45
20 49
17 49
11 47
6 52
21 46
6 24
7 24
8 26
3 16
12 20
10 38
18 11
22 38
2 6
15 52
1 6
16 25
12 38
18 26
7 12
23 27
6 16
1 5
21 38
2 39
22 14
17 10
11 5
11 28
16 18
6 13
4 26
21 28
14 0
8 12
4 28
5 16
9 9
14 8
18 40
11 14
20 40
13 49
3 51
17 48
8 46
7 51
12 49
6 48
18 23
6 10
17 20
3 23
7 16
12 40
4 0
22 40
1 22
10 48
16 11
11 21
6 40
22 1
13 22
23 19
16 20
11 0
7 40
0 41
8 0
18 2
17 29
3 9
12 23
19 23
16 15
8 8
15 8
8 3
19 17
8 18
7 3
20 0
8 42
2 3
18 42
11 49
21 50
6 50
12 44
13 45
17 53
3 53
18 16
6 20
7 1
8 21
2 29
12 42
4 14
22 42
17 0
1 46
16 0
10 6
17 42
18 21
22 15
3 26
6 11
1 17
11 42
12 43
8 28
2 16
16 14
7 28
23 22
8 9
17 11
0 17
2 8
15 24
0 26
2 21
15 48
1 49
4 45
10 50
24 46
23 49
5 45
16 50
0 44

