317
3 22
12 27
15 30
1 27
8 30
6 47
18 53
21 48
13 45
7 50
23 46
22 53
16 20
13 16
21 5
3 18
7 5
22 30
5 10
17 30
12 14
11 48
2 20
1 4
6 30
8 9
11 4
17 28
21 0
2 23
13 30
22 31
7 8
16 21
1 22
3 15
16 27
9 12
4 13
2 11
6 15
18 0
2 29
21 10
17 12
13 9
18 32
12 10
8 32
7 47
3 50
16 51
23 44
21 44
15 45
1 48
1 13
21 24
3 5
16 5
17 10
5 32
2 17
22 32
7 2
12 46
11 19
10 21
2 32
3 11
21 12
16 15
17 25
8 13
11 32
5 33
23 8
16 29
12 12
1 26
22 15
22 4
8 0
20 11
17 20
4 11
18 24
6 14
23 19
18 7
8 34
1 19
15 34
21 53
17 46
6 52
13 46
22 48
3 52
7 49
6 29
8 19
16 17
13 13
22 16
2 34
19 4
10 34
17 9
5 48
20 26
1 21
21 34
11 10
18 21
17 1
8 21
23 4
22 34
2 35
12 1
7 10
1 20
6 16
16 22
1 28
8 4
7 16
9 14
9 23
7 20
19 2
3 8
1 5
18 36
6 8
8 36
22 46
7 44
17 49
12 47
13 50
23 52
15 48
3 21
18 16
17 0
21 20
7 17
5 36
16 23
10 36
22 9
24 47
2 14
4 24
16 36
18 4
2 7
12 7
8 18
11 14
7 36
20 37
13 21
6 1
3 20
17 26
23 15
14 10
7 15
23 11
9 27
21 16
22 1
18 12
19 5
3 13
15 38
21 6
8 38
1 44
23 53
6 50
12 52
18 52
17 45
13 52
13 27
16 16
12 29
6 27
8 28
17 38
11 16
22 38
1 11
2 53
4 14
21 8
12 38
17 2
3 28
1 17
23 21
8 24
21 38
5 39
22 23
16 2
11 1
13 11
18 14
21 4
5 26
20 21
18 28
24 23
16 14
13 25
19 13
21 19
8 40
18 13
15 40
6 51
1 46
7 51
17 44
12 49
23 50
13 49
1 7
17 22
13 1
16 9
7 26
22 40
5 8
2 40
21 17
18 48
10 19
11 25
12 40
6 26
2 15
3 3
17 19
16 19
7 40
22 41
11 9
8 29
18 29
13 18
21 15
8 1
6 20
4 15
1 12
7 0
15 13
11 6
23 20
13 4
8 42
3 26
15 42
12 53
18 47
7 53
22 47
1 45
6 45
21 50
7 12
12 0
6 6
16 13
0 23
17 42
3 29
22 42
8 23
10 53
11 8
2 6
11 42
18 23
12 25
2 24
22 13
8 7
3 42
17 43
23 10
1 29
16 3
21 3
6 2
15 18
6 0
18 19
6 19
18 2
1 10
22 20
2 51
4 45
0 53
24 52
14 53
11 53
20 52
5 44
10 46

