317
12 19
4 19
0 30
8 12
18 30
16 49
6 47
9 53
2 44
15 48
23 49
3 52
16 24
2 16
3 8
18 5
5 5
22 30
8 21
12 30
1 5
7 52
17 14
11 10
8 30
6 27
18 19
3 19
23 7
12 22
17 30
20 31
7 2
2 12
16 1
11 22
1 1
15 20
9 9
11 1
18 28
19 0
13 18
12 14
12 17
19 16
15 32
18 3
2 32
1 48
0 52
8 47
21 49
23 51
4 45
9 52
12 28
23 24
16 29
1 13
2 26
7 32
13 5
20 32
6 13
18 52
17 22
11 23
1 32
11 12
3 17
21 21
22 16
12 18
17 32
5 33
8 3
21 20
16 7
13 2
2 11
6 22
9 28
5 14
0 9
7 29
3 16
20 18
23 26
16 25
3 34
22 23
0 34
9 47
18 49
2 47
8 49
19 44
21 50
15 47
23 25
2 5
3 29
6 21
17 16
7 34
13 9
10 34
1 10
14 53
20 21
22 17
18 34
23 23
2 10
21 4
3 5
17 2
13 34
5 35
12 24
1 27
6 24
8 9
22 7
24 29
0 20
23 16
10 9
7 12
2 27
3 6
23 19
2 20
0 36
12 7
18 36
16 46
15 44
3 48
9 44
22 48
6 53
4 50
23 22
18 13
16 8
6 1
3 1
7 36
11 9
20 36
1 12
17 45
13 24
12 29
13 36
11 2
3 10
21 12
1 26
17 3
23 36
6 37
22 29
23 15
18 11
12 23
16 13
5 18
16 2
7 27
14 28
20 8
4 5
12 4
0 23
15 24
3 38
12 25
8 38
21 44
22 47
6 46
16 52
2 50
1 50
18 45
2 6
8 24
3 3
1 11
5 4
18 38
12 10
22 38
16 5
11 51
7 8
13 7
12 38
2 1
7 5
8 10
3 2
16 4
11 38
17 39
22 11
13 22
21 23
21 27
1 17
2 2
3 11
13 3
5 25
22 24
14 4
8 23
0 29
19 25
3 40
12 5
8 40
1 47
21 46
16 53
18 48
15 46
22 46
2 45
8 1
18 14
1 4
16 12
2 25
22 40
13 29
5 40
21 16
17 53
11 18
12 21
12 40
3 9
17 26
18 18
11 4
6 29
1 40
22 41
8 14
2 9
13 28
21 5
7 9
2 13
24 20
23 21
12 9
7 10
22 28
1 7
0 14
12 15
8 42
6 8
15 42
4 49
22 52
19 50
1 46
21 52
18 44
23 48
8 15
16 26
18 24
21 9
13 12
23 42
7 6
1 42
12 2
6 49
17 11
11 7
17 42
21 7
11 24
3 13
2 23
7 20
13 42
20 43
16 27
1 28
23 27
18 2
8 19
20 24
9 1
1 21
1 8
18 1
22 15
23 0
13 51
24 51
20 49
5 44
17 44
11 53
10 50
7 44
14 52

