317
8 24
14 9
20 30
7 27
12 30
2 53
3 46
19 46
18 52
11 51
1 47
22 52
18 24
21 18
12 28
22 17
2 2
10 30
0 8
15 30
23 22
6 45
9 24
7 19
1 30
3 26
17 19
13 18
21 24
6 8
18 30
22 31
2 12
12 21
7 4
8 16
11 6
5 20
2 14
4 22
5 22
9 10
5 28
14 1
22 27
20 26
17 32
1 15
13 32
7 47
8 52
0 44
2 47
11 44
19 48
21 50
11 25
18 9
17 20
21 2
22 29
3 32
6 14
7 32
13 28
16 49
12 3
1 29
12 32
7 10
16 10
13 12
8 6
1 10
23 32
2 33
18 11
13 1
21 23
11 22
17 5
12 0
3 21
8 0
9 21
14 4
5 5
5 19
13 15
3 5
20 34
2 13
18 34
12 52
17 53
1 53
8 44
14 51
11 45
0 50
13 13
11 18
1 21
21 12
17 16
7 34
4 23
22 34
12 13
6 51
16 6
2 24
11 34
23 25
18 10
17 1
1 1
13 22
16 34
7 35
21 17
6 0
8 18
2 8
12 22
12 4
18 8
8 3
10 13
19 6
20 21
14 10
17 18
1 18
2 36
21 27
13 36
20 53
0 51
12 50
11 49
7 49
18 49
19 49
13 8
12 18
3 18
11 28
17 25
22 36
4 7
7 36
1 20
21 46
16 27
6 13
18 36
16 25
1 4
11 2
7 6
21 26
6 36
22 37
12 8
6 11
13 9
17 2
2 9
8 21
20 11
9 5
13 0
21 5
8 4
15 28
14 26
19 9
0 38
17 26
20 38
3 51
7 46
12 45
11 48
2 52
13 47
18 51
1 23
11 19
2 0
3 4
12 27
22 38
6 15
7 38
21 20
16 48
15 16
17 10
6 38
12 26
16 29
7 16
13 29
21 19
18 38
22 39
2 4
8 2
1 24
3 6
11 15
22 12
13 16
6 19
7 25
7 1
24 11
12 24
11 17
2 10
13 40
7 5
0 40
20 48
17 47
21 51
8 46
3 47
22 47
18 44
13 17
21 16
1 26
3 12
22 8
17 40
7 24
10 40
2 20
9 53
6 20
16 13
16 40
22 22
2 26
1 0
6 27
12 25
21 40
17 41
11 16
8 14
7 3
23 13
13 25
23 15
23 16
17 3
24 4
12 17
2 5
1 28
11 3
20 4
0 42
8 5
2 42
18 46
17 51
22 45
12 49
13 50
21 47
7 44
21 3
2 7
3 10
16 14
12 6
17 42
14 12
5 42
22 16
23 48
4 18
8 27
12 42
6 18
21 15
3 25
2 19
7 0
16 42
17 43
13 14
1 14
8 9
11 5
23 3
4 17
17 23
4 24
6 21
7 12
9 14
10 0
24 50
5 52
10 49
4 53
15 44
16 47
6 47
23 44
9 46

