r\t   0   1   2   3   4   5   6   7   8   9  10  11  12  13  14  15  16  17  18  19  20  21  22  23  24 
  0  -1 188  -1  69  -1  -1  -1 218  -1  -1  -1  84 158  -1  -1  -1  -1  -1 254  -1  -1  -1  16  16  -1 
  1  -1 211  -1 261  -1 170  27 253  -1  -1  -1  -1  -1  -1  -1  -1   3  -1  79  -1  -1  -1  -1  -1 127 
  2  -1  -1  -1  -1  -1  67  -1 147  -1  -1  -1  -1  -1  77  -1  -1 101 166  -1  -1  -1  -1  -1 164  -1 
  3  -1  64  29 248  -1 303   0  -1 234  -1 125 278 176  -1  -1  -1  -1  -1  -1 177  87  18  39  -1  -1 
  4  -1  -1  -1  -1  -1  -1  -1 280 280  -1  -1  -1 216  -1  -1  -1  -1  -1  -1  -1  -1 205  -1  -1  -1 
  5  -1  -1  -1 257  -1  -1 267  -1  -1 219  -1  -1  -1  -1  -1  -1  -1  -1  -1  -1  -1  66 145  -1  -1 
  6  -1 297  -1  -1 131  -1  -1  -1  -1  -1  -1  -1  -1 132  -1  -1  -1  -1  -1  -1  -1  -1  60  60 307 
  7  -1  34  -1  91  -1  -1  -1  -1  -1  -1  -1 212  15 108  -1  -1 223  -1  -1  -1  -1  -1  25  -1  -1 
  8  -1  86  -1  12  -1  -1  -1 290 103  -1  -1 146 240 296  -1  -1  -1  -1  44  -1 265  -1  -1  -1  -1 
  9  -1  -1  -1  -1  -1  -1 232 238  88  -1  -1 299 279  -1 129  -1 154 148 148  -1  -1 298  -1 128  -1 
 10  -1  -1  -1 189  -1  -1  -1  -1  -1  -1  -1 256  -1  -1  -1  -1  -1  -1  -1  38  -1 165  47  -1  -1 
 11  -1  -1  -1  35  -1  -1  36  -1  -1  -1  -1  -1  -1  -1  -1  -1  23 243 167 173  -1  -1  -1 113 155 
 12  -1  -1 198  -1  -1  -1 144  -1  -1  -1  -1 233 292 277  -1  -1  -1  -1  -1  -1  -1  -1 255  -1  -1 
 13  -1  85 160  -1  -1  -1  -1  -1  33  -1  -1 175  58  -1  -1  -1  57 116  -1  -1  -1 150 191  -1  -1 
 14  -1 100  -1  -1  -1  -1  -1  -1  -1  -1  -1  -1  -1 217  -1  -1  -1  -1 293  89 236 236  -1 215  -1 
 15  -1  70  -1  -1  -1  -1  -1 203  -1  -1  -1  13  -1  -1  22  -1  -1  -1  42  -1  -1  -1  -1  -1  -1 
 16  -1  -1 130 115  -1  -1  73  -1  -1  -1 104 104  -1  -1  -1  -1 157  -1 262  -1  -1 282  -1  -1 214 
 17  -1 210 291  -1  -1  -1 245  -1  -1  -1  -1  -1 192 192  -1  -1 301  -1  -1  -1  -1  -1  -1  -1  -1 
 18  -1  -1  -1 259  -1  -1 171  -1 220  -1  -1  -1  -1  -1  -1  -1  -1  -1 264  81  -1  -1  -1  41  -1 
 19  -1  -1  -1  -1  -1  -1  -1  -1  -1  -1  -1  76  -1  -1  -1  -1  28  72  -1  -1  -1  -1  -1  -1  40 
 20  -1  -1  -1  -1  -1  -1 286  -1  -1 287 221  -1 133 201  -1  -1 242  -1  -1  -1  -1  -1  -1  -1  -1 
 21  -1 114 110  -1  -1  -1  -1  -1  -1  -1  -1  -1  -1 159  -1  -1 249  -1  -1  -1  -1 106 120  -1  -1 
 22 213 276 247  -1  -1  -1 117  -1 124  37  43  -1  -1   1  -1  -1 202 194 196  -1  -1  32  -1 258  -1 
 23  -1  -1  -1  -1  -1  -1 199  -1  -1  -1  -1  -1  -1  -1  62  -1  82  -1  -1  -1  45  -1  -1 252  -1 
 24  -1  -1  -1  -1  -1  -1 260 305  -1  -1  -1  56  -1 235  -1 169 121  -1  -1  -1  -1  -1  -1 172 263 
 25  -1 246  -1  -1  -1  -1 161  -1  -1  -1  -1  26  -1  71  -1  -1  -1 300  59  -1  -1  -1  -1  -1  -1 
 26  -1  -1  80 168  -1  -1  -1  -1 208  -1  -1  -1 122  -1  -1  -1 306  -1 204  -1  -1  -1 289  -1  -1 
 27  -1  -1  -1 284  -1  -1 302  83  -1  -1  -1 190  -1  -1  -1  -1  -1  -1  -1 304  -1  -1  -1  -1  -1 
 28  -1  -1  -1  -1  -1  -1 179 111  -1  -1  -1 126  -1 152  -1  -1  -1 174  -1  -1  -1  78  -1  -1  -1 
 29  -1  14  -1  -1  -1  -1 102  -1  -1  -1  -1  -1 209  20  -1  -1 135  -1 123  -1  -1  -1  -1  -1  -1 
 30   4   4  -1  -1  -1  -1  -1  19  19  19   2   2  30  -1  -1  -1  -1  17  17  -1  -1  -1  -1  24  -1 
 31  -1  -1  -1  -1  -1  -1  -1  -1  -1  -1  -1  -1  -1  -1  -1  -1  -1  31  31  31  -1  -1  -1  -1  -1 
 32  48  48  63  63  63  -1  -1  61  61  -1  -1  -1  46  46  -1  -1  68  -1  -1  -1  -1  -1  -1  74  -1 
 33  -1  -1  -1  -1  -1  -1  -1  75  75  75  -1  -1  -1  -1  -1  -1  -1  -1  -1  -1  -1  -1  -1  -1  -1 
 34  92  92 118  -1  -1  -1  -1 112  -1  -1  90  90  -1  -1  -1  -1  -1 105 105  -1  -1  -1 107 107 107 
 35  -1  -1  -1  -1  -1  -1  -1  -1  -1  -1  -1  -1 119 119 119  -1  -1  -1  -1  -1  -1  -1  -1  -1  -1 
 36  -1 156 151 151 151  -1  -1  -1 149 149  -1  -1  -1  -1  -1  -1  -1  -1 136 136  -1 162 134 134  -1 
 37  -1  -1  -1  -1  -1  -1  -1 163 163 163  -1  -1  -1  -1  -1  -1  -1  -1  -1  -1  -1  -1  -1  -1  -1 
 38 180 180 200  -1  -1  -1 206 195 195 195 178 178  -1  -1  -1  -1  -1  -1  -1  -1  -1  -1  -1 193 193 
 39  -1  -1  -1  -1  -1  -1  -1  -1  -1  -1  -1  -1  -1  -1  -1  -1  -1  -1  -1  -1  -1  -1 207 207 207 
 40 224 224 239 239 239  -1  -1  -1 250  -1  -1  -1  -1  -1  -1  -1  -1  -1 222 222  -1 244 237 237  -1 
 41  -1  -1  -1  -1  -1  -1  -1  -1  -1  -1  -1  -1 251 251 251  -1  -1  -1  -1  -1  -1  -1  -1  -1  -1 
 42 266 266  -1  -1  -1  -1 288  -1 294  -1 268 268  -1  -1  -1  -1  -1 283 283 283  -1  -1 281 281  -1 
 43  -1  -1  -1  -1  -1  -1  -1  -1  -1  -1  -1  -1  -1  -1  -1  -1  -1  -1  -1  -1  -1  -1 295 295 295 
 44  -1  -1  21 139  -1  -1 141  -1  -1  -1  -1  51  -1  -1  -1  -1  50  -1  -1  -1  11  -1  -1  96  -1 
 45  -1  -1  -1 270  -1  -1  -1  -1  -1  -1  -1  -1 225  -1 312  -1 181  -1  -1  -1  -1  -1  -1  -1  -1 
 46  -1  -1  -1  -1   9  -1  -1  -1 272  -1  -1  -1  -1  -1 153  -1 273  -1  -1  55  -1  -1  -1 275  -1 
 47  -1  -1 315 183 274  -1  -1  -1  -1  -1  54  -1  94 271  -1  -1  -1  -1 186  -1  -1  -1  -1  -1  -1 
 48  -1 137  -1  49  -1  -1  93 313  -1  -1  -1 226  -1  -1  -1  -1  -1  -1  -1  -1  97 311  -1  -1  -1 
 49  -1  -1  -1   5  -1  -1  -1  -1  -1  -1 143  -1  -1  -1  -1  -1  -1  65  -1  -1 140  -1  -1  -1  -1 
 50  -1  -1  -1 109  99  -1  -1  -1  -1 310  -1  -1  -1  -1  -1  -1  95 308  98  -1 229  -1  -1   8  -1 
 51  -1  -1  -1  -1  -1 316  53  -1 187  -1  -1  -1  -1 182  -1 309  -1  -1  -1  -1  -1 197  -1 230 314 
 52  -1  -1  -1  -1  -1  -1 231  -1  -1  -1  -1 142 269  -1  -1  -1  -1  -1  10  -1  -1  -1   7  -1  -1 
 53 138  -1 285 227 185  -1  -1  -1  -1  -1  -1  -1   6  -1  -1 241  -1  -1  -1  -1 184  -1 228  52  -1 

r\t   0   1   2   3   4   5   6   7   8   9  10  11  12  13  14  15  16  17  18  19  20  21  22  23  24 
  0  -1  -1  -1  -1  -1  -1  28  -1  -1  -1  -1  -1 280 280  -1 215  -1 204  88  -1  -1  -1  -1  -1  -1 
  1  -1  -1  -1  -1  -1  -1  91  -1  85 214  -1  -1 259 209  -1 304 277 192 192  39 258  -1  -1  -1  -1 
  2  -1 199  -1  -1  -1  -1  42  -1  -1  -1  -1  -1 236 236  -1  -1  84  -1  -1  -1  -1  -1  -1 111  -1 
  3  -1 289 298 123  -1  -1  43  -1  -1  -1  -1  -1  -1  -1   1  -1  -1  -1  58  -1  -1 147 169  -1  -1 
  4  -1  62  -1 276  -1  -1  -1 216  -1  -1  -1 302 125  -1  -1  -1  -1 278  -1  -1 265 100 103  -1  -1 
  5  -1  -1  -1 177  -1  -1  71 124  35  -1  -1  -1  15 157  -1  -1  -1 174 234  -1  -1  73  -1  -1  38 
  6  -1 160 286  -1  -1  -1  -1 146 166  -1  -1 101  -1  -1  -1  -1  -1  -1 208  -1  -1  12  -1  32 213 
  7  -1 303  -1  -1  81  -1  77  -1  14  -1  -1 219  -1   3  -1  -1  -1 264  -1  -1  -1  -1 114  -1  -1 
  8  -1  -1 267  -1  -1  -1  -1 245  -1  -1  -1  -1 191  -1  -1  -1  -1  -1  -1  -1  -1  -1  -1  -1  -1 
  9 238 116 154 247 198  -1  -1  -1  -1  -1  -1  -1  -1  -1  -1  -1  57  -1  29  -1  -1  -1 129  -1  -1 
 10  -1 211  -1  -1 282  -1 232 260 253  -1  -1 242 167  -1  -1  86  -1  47 171  -1  -1  -1  -1  -1  -1 
 11  67 110  -1 196  -1  -1  -1 168  41 217 155  -1  66  -1  -1  -1 235  -1 254  -1 257  -1  -1  -1  -1 
 12  -1  78  -1 165  -1  -1 299  -1  -1  -1  -1  -1  -1  -1  -1  -1  -1  -1  -1  -1 126  -1  -1  -1  -1 
 13  -1 243 240  -1  -1  -1 133  -1  -1  -1  -1  -1  -1 188  -1  -1 190  72  79  -1  -1  -1  -1  -1  -1 
 14  -1 150  -1  -1  -1  -1 152 296  76  -1  -1 263  -1  -1  -1  -1  -1  -1  -1  -1  -1 256  -1  -1  -1 
 15  -1  -1  -1  -1  -1  -1  -1  -1  -1  -1  -1  -1  -1  -1  -1  -1  -1  -1  -1  -1  -1 115  -1  -1  -1 
 16  -1  -1   0  -1  -1  -1 307  -1  -1  -1  -1  80 127  -1  -1  -1 249  -1 164  -1  -1  -1  -1  -1  -1 
 17  -1  -1  -1  56  -1  -1 205  -1 179  -1  -1  -1  -1  -1  -1  -1  20 233  -1  -1 176  -1  -1  -1  -1 
 18  -1  -1  -1  -1  -1  -1 117  89 292  -1  -1  -1 291  -1  -1  -1  -1  -1  -1  -1  -1 300 128  82  -1 
 19  -1  23 221 145  -1  -1  44  -1  -1  -1  60  60  -1 293  -1  -1 172  -1  -1  -1  -1  -1  -1  -1  -1 
 20  -1 170 121  -1  -1  -1  -1  -1  -1  -1  -1 252  -1  -1  -1  -1  -1 220  -1  -1  -1  -1  16  16  -1 
 21 173  33 175  -1  -1  -1  -1  -1 201  -1  -1  -1 130  26  -1 106 212 113  -1  -1  -1 202  -1  -1  -1 
 22  -1  -1 135  -1  -1  -1  -1  83 262  -1  -1 297 122  45  -1  -1  69  -1  -1  -1  -1  -1  -1  -1  -1 
 23  -1  36  -1  -1  -1  18  64 108  -1  -1  -1  -1  -1  -1  -1  -1  -1 248 290  -1  -1  25  -1  -1  -1 
 24  -1  -1  -1  37  -1  -1  -1  -1  87  -1  -1  -1 148 148 218  -1  -1  -1 120  -1  -1 223  -1  -1  -1 
 25  -1 246  -1  27  -1  -1  -1  -1  -1  -1  -1  -1  -1  70  -1  -1  -1  -1  -1  -1  -1 161  -1 131  -1 
 26  -1  -1 104 104  -1  -1  -1  -1  -1  -1  -1  -1  -1  22  -1  -1 261  -1 279  -1 132  -1  -1  -1  -1 
 27  -1 210  -1  -1 306  -1  -1  13 194  -1 287  -1  -1 255  -1  -1 159  -1 144  -1  -1 284  -1  -1  -1 
 28  -1  -1  -1  -1  -1  -1  -1  34 102  40  -1  -1  -1  -1  -1  -1  -1 158  -1  -1  -1  59  -1  -1  -1 
 29  -1  -1  -1  -1  -1  -1 189  -1 305  -1  -1 301  -1  -1  -1  -1  -1  -1  -1  -1  -1  -1 203  -1  -1 
 30  -1  -1  19  19  19  -1  -1   4   4  -1  -1  30  -1  -1  -1  -1  -1  17  17  -1   2   2  24  -1  -1 
 31  -1  -1  -1  -1  -1  -1  -1  -1  -1  -1  -1  -1  -1  -1  -1  31  31  31  -1  -1  -1  -1  -1  -1  -1 
 32  -1  -1  74  -1  -1  -1  -1  63  63  63  -1  -1  68  -1  -1  -1  -1  -1  46  46  48  48  61  61  -1 
 33  -1  -1  -1  -1  -1  -1  -1  -1  -1  -1  -1  -1  -1  -1  -1  -1  -1  -1  -1  -1  -1  -1  75  75  75 
 34  -1  -1  90  90  -1  -1  -1  -1 112  -1  -1  -1 105 105  -1  -1  -1 107 107 107  92  92  -1 118  -1 
 35  -1  -1  -1  -1  -1  -1  -1  -1  -1  -1  -1  -1 119 119 119  -1  -1  -1  -1  -1  -1  -1  -1  -1  -1 
 36  -1  -1 162  -1  -1  -1  -1 136 136  -1  -1 156  -1  -1  -1 151 151 151 134 134  -1  -1 149 149  -1 
 37  -1  -1  -1  -1  -1  -1  -1  -1  -1  -1  -1  -1  -1  -1  -1  -1  -1  -1  -1  -1  -1  -1 163 163 163 
 38  -1  -1 200  -1  -1  -1  -1 206  -1  -1 193 193  -1 180 180  -1  -1  -1 178 178  -1  -1 195 195 195 
 39  -1  -1  -1  -1  -1  -1  -1  -1  -1  -1 207 207 207  -1  -1  -1  -1  -1  -1  -1  -1  -1  -1  -1  -1 
 40  -1  -1  -1  -1  -1  -1 250 239 239 239  -1  -1 244 224 224  -1  -1  -1 222 222  -1  -1 237 237  -1 
 41  -1  -1  -1  -1  -1  -1  -1  -1  -1  -1  -1  -1  -1  -1  -1  -1  -1  -1  -1  -1  -1  -1 251 251 251 
 42  -1  -1  -1 288  -1  -1  -1 283 283 283  -1  -1  -1 268 268  -1  -1 294 266 266  -1  -1 281 281  -1 
 43  -1  -1  -1  -1  -1  -1  -1  -1  -1  -1  -1  -1  -1  -1  -1  -1  -1  -1  -1  -1  -1  -1 295 295 295 
 44  -1  -1  -1  -1  -1  -1 272  50  -1  -1  -1  94  -1  -1  -1  -1  -1 185  -1  -1  -1  -1  -1  -1  -1 
 45 309  -1  53   5  -1  -1 225  -1  -1  -1  -1  51  -1 138 143  -1 271  -1  -1  -1  -1  -1  -1 313  -1 
 46  -1  -1  -1 141  -1  -1  -1  -1 230  -1  -1  -1  -1  -1  55  -1  -1  65  -1  -1  -1  -1  -1  -1  -1 
 47  -1  -1  -1  -1  -1  -1  -1  -1  49  -1  -1  21   7  -1  -1 314 227  -1  10  -1 229 273  -1  -1  -1 
 48  -1  -1  -1  -1  -1 316  -1  -1  95  -1  -1 139  -1  -1  -1  -1  96  -1  -1  -1  -1  -1  -1  -1  -1 
 49  -1  -1 186  -1  -1  -1   9 197  -1  -1  -1  -1 137  97  -1  -1  -1  93  -1  -1  -1 142   6  -1  -1 
 50  -1  -1  -1  52  -1  -1 184 231  -1  -1  -1  -1  99  -1  -1  -1  -1  -1  -1  -1  -1 182  98  -1  -1 
 51  -1 311  -1  -1  -1  -1  -1  -1  -1  -1  -1 269 228  -1  -1  -1 181  -1  -1   8  -1  -1  -1  -1  -1 
 52  -1  -1  -1 226  -1 153  -1  -1 270 312 315  -1  -1  -1  -1  -1  54 140  -1  -1  -1 241 187  -1  -1 
 53  -1 285  -1 275 310  -1 109  -1  -1  -1  -1 183 274  -1  -1  -1  11  -1  -1  -1  -1  -1  -1  -1 308 

r\t   0   1   2   3   4   5   6   7   8   9  10  11  12  13  14  15  16  17  18  19  20  21  22  23  24 
  0 223  -1  -1  -1  -1  -1 116  -1 203  -1  -1  -1  -1  -1  -1  -1 103  -1  -1 260  -1  -1  -1  -1  -1 
  1  16  16  72  -1  -1  -1  -1  -1  -1 127  -1  -1  -1  -1  -1  -1  -1  -1  -1  -1  -1 159  -1  -1  -1 
  2 261  -1 168  34  -1  -1  -1  -1 278  -1  -1  -1 157  77  -1  -1  -1 248  -1 177 174  -1  -1 199  -1 
  3  -1  -1  -1  -1  -1  -1 258 259  -1  -1  -1  -1 297  -1  -1  -1 161 284  -1  -1  -1  -1  91  35  -1 
  4  -1 188 286  -1  -1 214  -1  -1  -1  -1  -1  -1  -1  85  83  -1  28  -1  78  -1  42 147  -1  -1 305 
  5  -1  37  -1  -1  -1  -1  -1  -1 165  -1 218 293 243  -1  -1  -1  -1  -1  -1  -1  -1 240  -1  -1  -1 
  6  -1  -1  -1  -1  -1  -1  -1 189  -1  -1  60  60  76 167  -1  -1  88  -1  -1  -1  -1  -1 128  66  -1 
  7  -1  84  -1  -1  -1  -1  44  -1  -1  -1  -1  71  -1  -1  -1  -1 204 265  -1  45  -1  -1  -1 155  -1 
  8 236 236  -1 124  -1 217  -1 160   1  -1  -1 254  -1  -1  -1  -1  -1 212  -1  -1  -1  -1  -1  -1  -1 
  9  -1 158  -1 304 216  -1  -1  47 123  -1  -1  -1  -1  -1  -1  -1 246  -1  -1  -1  -1  -1  -1 110  -1 
 10  -1 213  -1 287  -1  -1 233 300  -1 220  -1  -1  -1  -1  -1  -1  -1  -1  -1  -1  -1 256 152  -1  -1 
 11  -1 296  87 210  -1  -1  -1  -1 235  -1  -1 191 154  32  -1  -1  -1  15  -1  -1  -1 100  43  -1  -1 
 12  -1  -1  -1  -1  -1  -1  -1 121 252  82  -1  -1  -1 291  -1  -1  64  -1 113  -1  -1  14  -1  -1  -1 
 13  -1 130 115  -1 131  -1  -1 255  -1  -1  -1 126  -1 234  -1  -1  -1  -1  -1  -1  -1  -1  -1 170  -1 
 14  -1  -1 111  89  -1  -1  -1  -1  -1  -1  -1  -1 122  -1  -1  -1   3  -1  -1  -1  -1  -1  -1 202  -1 
 15  -1 114  -1 267  -1 125 135  -1  -1  -1  -1  -1  -1 196  -1  -1 290  -1  -1 169  -1  -1  29  40  -1 
 16 280 280  -1  -1  -1  -1  -1 279 101  -1  -1  -1  -1  -1  -1  -1 276  -1  -1  -1  -1  -1 289  -1  -1 
 17  -1 264  18 301  -1  -1  56 262 129  -1  -1  -1  -1 104 104  -1 179  -1  -1 171  -1  -1 164 298  -1 
 18  -1 307  -1  57  -1  -1  69  -1 146  -1  -1  -1  -1  -1  -1  -1 120  -1  -1  -1  -1  -1  -1  -1  -1 
 19  -1 211  -1  -1  -1  -1  -1 172  -1  -1 148 148  -1  -1  -1  -1  -1  -1  -1  -1 306  -1  -1  70  -1 
 20  -1 102  27 299 303  -1  -1  -1 292  -1  -1  -1  -1 209  -1  -1  -1  -1  -1  -1  -1  -1  -1  -1  -1 
 21  -1 245 205  -1  -1  -1  -1  26  -1  -1  -1  -1  25  41  -1  -1  -1 192 192  -1  -1  -1  -1  -1  -1 
 22  -1  59  -1 176  -1  -1  -1  -1 302  -1  -1  -1 249  -1  -1  -1  23  -1  -1  -1  -1  -1  -1 166  -1 
 23  -1  -1  36  -1 106  -1  -1 208  -1  -1  -1  -1  -1 175  -1  -1  -1  -1  -1  -1  -1  -1  -1  -1  -1 
 24  -1  -1  -1  -1  -1  -1  -1  20  -1  -1  -1  12 108  -1  -1  -1  -1  -1 247  -1  -1  -1  -1 282  -1 
 25  -1  33 194 190  -1  -1 150  73  58  -1  -1  -1  -1   0  -1  -1 144  -1  -1  -1 263 201  -1  -1  -1 
 26  -1 133  -1  -1  -1  -1 277 145  -1  -1  -1 132  -1  -1  -1  -1  -1  -1  -1  -1 173  -1  -1  -1  -1 
 27  -1  -1 257  -1  -1  -1  81  62  -1  -1  -1  -1  -1  -1  -1  -1  -1  -1  -1  86  -1  -1  -1 215  -1 
 28  -1  80 253  -1  -1  -1  -1  -1  79  -1 242  -1  -1  -1  -1  22 232  38  -1  -1  -1  -1  -1  -1  -1 
 29  -1  -1 238 219  -1  -1  13  -1  -1  -1  -1  -1  -1  -1  -1  -1 198  -1  -1  39 221 117  -1  -1  67 
 30   4   4  -1  -1  -1  -1  30  -1  -1  -1  -1  24  19  19  19  -1  -1  -1  -1  -1   2   2  17  17  -1 
 31  -1  -1  -1  -1  -1  -1  -1  -1  -1  -1  -1  -1  -1  -1  -1  -1  -1  31  31  31  -1  -1  -1  -1  -1 
 32  48  48  -1  68  -1  -1  -1  -1  46  46  -1  -1  63  63  63  -1  74  61  61  -1  -1  -1  -1  -1  -1 
 33  -1  -1  -1  -1  -1  -1  -1  -1  -1  -1  -1  -1  -1  -1  -1  -1  -1  -1  -1  -1  75  75  75  -1  -1 
 34  -1  -1  -1  -1  -1 105 105  -1  90  90  -1  -1  -1  -1  -1  -1  -1 107 107 107  92  92 112 118  -1 
 35  -1  -1  -1  -1  -1  -1  -1  -1  -1  -1 119 119 119  -1  -1  -1  -1  -1  -1  -1  -1  -1  -1  -1  -1 
 36  -1  -1 151 151 151  -1 162 136 136  -1  -1 156  -1  -1  -1  -1  -1 149 149  -1 134 134  -1  -1  -1 
 37  -1  -1  -1  -1  -1  -1  -1  -1  -1  -1  -1  -1  -1  -1  -1  -1  -1 163 163 163  -1  -1  -1  -1  -1 
 38 178 178  -1  -1  -1  -1 206  -1 193 193  -1  -1  -1 180 180  -1  -1  -1 200  -1 195 195 195  -1  -1 
 39  -1  -1  -1  -1  -1  -1  -1  -1  -1  -1 207 207 207  -1  -1  -1  -1  -1  -1  -1  -1  -1  -1  -1  -1 
 40  -1  -1  -1 250  -1  -1 244 224 224  -1  -1  -1  -1 222 222  -1  -1 239 239 239  -1  -1  -1 237 237 
 41  -1  -1  -1  -1  -1  -1  -1  -1  -1  -1  -1  -1  -1  -1  -1  -1  -1  -1  -1  -1  -1  -1 251 251 251 
 42  -1  -1 288  -1  -1  -1  -1  -1 266 266 283 283 283 268 268  -1  -1  -1 294  -1 281 281  -1  -1  -1 
 43  -1  -1  -1  -1  -1  -1  -1  -1  -1  -1  -1  -1  -1  -1  -1  -1  -1  -1  -1  -1 295 295 295  -1  -1 
 44  -1 230  -1  50  -1 312 229  -1  -1 140  -1  10  -1  -1  -1  -1 228  -1  -1  -1  -1  -1 139  -1  -1 
 45  -1  -1  -1  -1  -1  -1  -1   6  -1 185  -1  -1 308  -1  -1 153  -1   5  -1  -1  -1 226  -1  -1  -1 
 46 275  -1  -1  -1  -1  -1  95  -1  -1  -1  -1  -1  -1  -1 138  -1  -1  -1  -1  -1  -1 184 182  -1  -1 
 47 143  -1  -1  -1  -1  21  -1 183  -1  -1  -1  -1  -1  -1  -1  -1  -1  54  -1  -1  -1  -1  49  -1  -1 
 48  -1  -1  -1  -1  -1  -1 274  -1  -1  -1  -1  -1  -1 137  97 314 142  98  -1  -1  -1  -1  -1  -1  -1 
 49  -1  -1 315  -1  -1  -1  -1  -1  -1  -1  -1  51  -1  -1  -1  -1  -1 231  -1  -1  -1  -1 109 309  -1 
 50  -1  -1  -1  -1  -1  -1   8  -1  -1  -1  -1  -1  -1  -1  -1  -1  -1 141 313  -1  -1  -1  -1  -1  -1 
 51  -1  -1  -1  -1  -1  -1  -1 271 181  -1  -1  -1  -1  53  -1  -1  55 187  -1  -1  -1 272 270  -1  -1 
 52  99  -1  65   9  -1 241  -1  -1  -1   7  -1  -1  -1  -1  -1  -1  -1  -1 285  -1  -1  52  -1  -1  -1 
 53  -1  94  -1 225 316 197 186  93  -1  -1 311 227  -1  96  -1  -1 273  -1  -1 269  -1  -1  11  -1 310 

r\t   0   1   2   3   4   5   6   7   8   9  10  11  12  13  14  15  16  17  18  19  20  21  22  23  24 
  0  -1  -1  66 238  -1  -1 297  -1  -1 305  -1  -1  -1 217  -1  -1  -1 220  -1  -1  -1  28  -1  -1  -1 
  1  -1 204 152  -1  -1  -1 113  -1  -1  -1  -1  -1  -1  -1  -1  -1  44  -1 159  -1  -1  -1  -1 196  -1 
  2  45  -1  -1  -1  -1  -1 111  84  -1  -1  -1  88  -1  -1  -1  -1 289 164  14   1  -1  -1  83  -1  -1 
  3  -1  -1  -1  -1  -1  -1 211 192 192  -1  -1   0  -1  -1  -1  -1  -1  -1  -1  -1  -1  -1  -1  -1  -1 
  4 259  -1  33  -1  -1  -1  -1  -1 223  -1  -1  76  -1 135  -1  -1  -1  -1  -1  -1  -1 234  -1  -1  -1 
  5 236 236  -1  -1  -1  -1  -1  -1 144  -1  -1 212  -1  -1 257 286  77  -1 124  -1  -1  -1  -1  -1  -1 
  6 127  -1 179  -1  -1 214  -1  -1 243  85  -1  -1  -1 131  -1 198  -1  -1  -1 218  -1  -1  -1  -1  -1 
  7  -1 116 121  -1  -1  -1  -1  -1 171  -1  -1 262  -1  -1  -1 304  -1  -1  -1  -1  -1 209  -1 160  -1 
  8  -1  -1 133  -1  -1  -1 199 291  35  -1  -1  41 201  39  -1  -1 166  -1  -1  -1  -1  -1  -1 290  -1 
  9  -1  -1 125  -1  -1  -1  79 205 261  -1  -1  -1  -1  -1  -1  -1 145  71 255  -1  -1 258  -1  -1  -1 
 10  -1  -1 306 123  -1  -1  -1  -1  -1  -1  -1  -1  -1 157  -1  -1  -1  13  -1  -1  -1  -1  -1 130  -1 
 11  -1  -1  -1  -1  -1  -1  -1  -1  -1  -1  -1  -1  -1  -1  -1  -1  -1  -1  -1 177  -1  59  -1  -1  -1 
 12  -1 254 276 292  -1  -1  -1  81  -1  -1  -1  -1 155  -1  -1  -1 169  -1  26  -1  -1 165  -1  -1  -1 
 13  -1 168 299  -1  86  -1  -1  -1  15  -1  -1  -1  -1 202  -1  -1  -1  91  -1  -1  -1  -1  -1  -1  -1 
 14  -1  12  47 128  -1 303 213  34  -1  -1  -1 170  18 279  -1  -1  -1 117  -1  -1  -1  -1 287  -1  -1 
 15 302 296 232 154  -1  -1  -1 240 293  -1  -1 103  -1 114  -1  -1  -1 148 148  -1  -1  42  70  -1  -1 
 16  -1  -1 101  -1  -1  -1  -1  -1  -1  -1  -1 167  -1  -1 215  -1  -1 277  -1  -1  -1 245  62  56  -1 
 17  -1  58  -1  27  -1  -1  29  -1  -1  -1  -1  -1  -1  -1  -1  -1  -1  -1  -1  -1  -1  69  -1  -1  -1 
 18  -1 132  -1 208  -1  -1  -1 100  -1  -1  -1  38  -1  16  16  -1  -1 110  -1  -1  -1  -1  -1  -1  -1 
 19  -1  -1 301  -1 126  -1  -1  -1  -1  -1  -1 267 260  -1  -1 104 104 203  -1 221  -1  20 300 253  -1 
 20  -1  -1  -1 194  -1  -1  -1 147  -1  -1  -1  25  -1  -1  -1  -1   3  -1  -1  -1  -1  -1 242  -1  -1 
 21  -1  -1  -1  -1  -1  -1  -1  43  60  60  -1 175  -1  -1  -1  -1  -1  -1  89  -1  -1  -1  -1 235 173 
 22  -1  -1  -1 263  -1  -1  -1  -1  -1  -1  -1  64  -1  -1  -1  -1  -1  -1  -1  -1  -1  -1  -1  -1  -1 
 23 176  36  -1  -1  -1  -1  -1 120 161  -1  -1 219  32  -1  -1  -1 190 252 280 280  -1  37 191  -1  -1 
 24  -1  -1 264 158  40  22  23  -1  -1  -1  -1  -1 247  -1 172  -1  -1 298  -1  -1  -1  -1  -1  82  -1 
 25  -1 146  -1 249 129  87  67  73  -1  -1  -1 248 284  -1 216  -1  -1  -1  72  -1  -1 108  -1  80  -1 
 26  -1 102  -1 282  -1  -1 307  -1  -1  -1  -1 174  -1 246  -1  -1  -1  -1  -1  -1  -1  -1  -1  -1  -1 
 27  -1 189  -1  -1  -1  -1  -1  -1 256  -1  -1  -1  -1  -1  -1  -1  -1 188  -1  -1  -1 122  -1  -1  -1 
 28  -1 278  78  -1  -1 106  -1  -1  -1  -1  -1  -1  -1  -1 150  -1  -1  -1  -1  -1  -1  -1  -1  -1  -1 
 29  -1  -1  -1  -1  -1  -1  -1  -1 210  -1  -1 233 115  -1  -1  -1  57  -1  -1  -1  -1  -1  -1 265  -1 
 30   4   4  19  19  19  -1  -1  -1   2   2  -1  -1  -1  24  -1  -1  30  -1  -1  -1  -1  -1  17  17  -1 
 31  -1  -1  -1  -1  -1  -1  -1  -1  -1  -1  -1  -1  -1  -1  -1  -1  -1  -1  -1  -1  -1  -1  31  31  31 
 32  -1  -1  -1  74  -1  -1  68  -1  48  48  -1  -1  61  61  -1  -1  -1  63  63  63  -1  -1  -1  46  46 
 33  -1  -1  -1  -1  -1  -1  -1  -1  -1  -1  -1  -1  75  75  75  -1  -1  -1  -1  -1  -1  -1  -1  -1  -1 
 34  92  92  -1  -1  -1  -1  -1  -1  90  90  -1 118 107 107 107  -1 112  -1  -1  -1  -1  -1 105 105  -1 
 35  -1  -1  -1  -1  -1  -1  -1  -1  -1  -1  -1  -1  -1  -1  -1  -1  -1  -1  -1  -1 119 119 119  -1  -1 
 36  -1  -1  -1  -1  -1 149 149  -1  -1  -1 136 136 156  -1  -1  -1  -1  -1 134 134  -1 162 151 151 151 
 37  -1  -1  -1  -1  -1 163 163 163  -1  -1  -1  -1  -1  -1  -1  -1  -1  -1  -1  -1  -1  -1  -1  -1  -1 
 38  -1  -1 206  -1  -1  -1  -1 180 180  -1 178 178 195 195 195  -1 200  -1  -1  -1 193 193  -1  -1  -1 
 39  -1  -1  -1  -1  -1  -1  -1  -1  -1  -1  -1  -1  -1  -1  -1  -1  -1  -1  -1  -1  -1  -1 207 207 207 
 40 224 224 244  -1  -1  -1  -1  -1  -1  -1  -1  -1 239 239 239  -1  -1 237 237  -1  -1  -1 250 222 222 
 41  -1  -1  -1  -1  -1 251 251 251  -1  -1  -1  -1  -1  -1  -1  -1  -1  -1  -1  -1  -1  -1  -1  -1  -1 
 42 266 266  -1  -1  -1 283 283 283  -1  -1  -1 294  -1  -1  -1  -1 288 268 268  -1 281 281  -1  -1  -1 
 43  -1  -1  -1  -1  -1  -1  -1  -1  -1  -1  -1  -1 295 295 295  -1  -1  -1  -1  -1  -1  -1  -1  -1  -1 
 44  -1  -1 228  -1  -1  -1  -1  -1  -1  -1 227 231  -1  -1 308  -1 139 138  -1  -1  -1  -1  -1 137  93 
 45  -1  -1  -1  65  -1  -1  -1  -1  -1 140  -1  -1  -1  -1  -1  -1 274  53 181  -1  -1  55  -1  -1  -1 
 46  -1  -1  -1  -1  -1  -1  -1  50  -1 225  -1  -1  -1  -1  -1  -1  94  -1  -1  99  -1 272 311  -1  -1 
 47 143 184  -1 314  -1  -1  -1  -1  -1  -1  -1  -1  -1  -1  -1  -1  -1   9  -1  -1  -1  -1  -1   6  -1 
 48  -1  -1 197  -1 316  -1  -1 226  -1 269  54  51 313  -1  -1 310  21  -1   7  -1  -1 230  -1  -1  -1 
 49  -1  -1  -1  -1  -1  -1  -1  95  -1  -1  -1  -1  -1 153  -1  -1  -1  -1  -1  -1  -1  -1  -1  -1  -1 
 50  -1  49  -1  -1  -1  -1  -1  -1  -1  -1   8 285  -1  10  -1  -1 241 186 229 271 312  -1  -1  -1  -1 
 51  -1  -1  98  -1  -1  -1  -1  11 141  -1  97  -1  -1  -1  -1  -1  -1  -1  52  -1  -1 187  -1  -1  -1 
 52  -1  -1  -1  -1  -1 309 315  -1 270  -1  -1  -1  -1  -1  -1  -1  -1  -1  -1  -1  -1   5  -1 182 275 
 53  -1  -1  -1 109  -1  -1  -1  -1  -1 185 273  -1  -1  -1  -1  -1 183  -1  -1  -1  -1 142  -1  96  -1 

r\t   0   1   2   3   4   5   6   7   8   9  10  11  12  13  14  15  16  17  18  19  20  21  22  23  24 
  0  -1  -1 280 280 216  -1 249  -1  -1  -1  -1  -1 247  -1  -1  -1  -1 252 177  -1  -1 277  -1 175  -1 
  1  -1  -1 115 201  -1  -1   1 160  -1  -1  -1 126  -1  83  -1  -1  -1  -1  -1 261  84 171  -1  -1  -1 
  2  -1 101  -1  -1  -1  -1 234  -1 246  -1  -1  -1  -1 302  -1  81 145  -1 202  -1  -1 161  -1 240  -1 
  3  -1 168  -1  -1  -1  -1  -1 256  -1 306 170 123 152 297  -1  -1  -1  -1  -1  -1  -1  33  -1 174  -1 
  4  -1 130 148 148  -1  -1  -1  -1  -1  -1  -1  -1  -1  -1  -1  -1  -1  -1 290  -1  -1 235  -1 286  -1 
  5  -1  57  -1  -1  -1  -1 188  -1 232  -1  -1  -1  -1  -1  -1  -1  -1 166  -1  -1  -1  -1  -1  -1  67 
  6  -1 278  -1  -1  -1 221  64 279  -1  -1  -1  43  -1 127  -1  -1 262  -1  -1  -1  -1  -1  66  -1  -1 
  7 176  -1  -1  -1  -1  -1 205  59  -1  -1  -1  -1 213  -1  -1  -1  -1  82  -1  -1  -1 144  -1  -1  -1 
  8 132  26 209  -1  -1  -1  -1  29  56  -1  -1 307  -1  -1  -1  -1  -1  -1 146 106  -1  -1  -1  -1  -1 
  9  -1 212  -1  14  -1  -1  -1  -1 217  -1  -1 155  -1  -1  -1  -1  -1  -1  -1  -1  -1  -1  -1  -1  -1 
 10  -1 133  -1  -1  -1  -1  -1 104 104  -1  -1 248  70 282  -1  -1  -1  20  -1  -1  -1  -1  -1  85  -1 
 11  -1 257  -1  -1  -1  -1 110  71 284  -1  -1  -1  -1  -1  -1  -1  -1  39  -1  -1  -1 255 125  -1  -1 
 12  -1 114  -1 254  -1  -1  -1  -1  72  -1  -1 220  -1  -1  -1  -1  -1  -1  -1  -1  -1  -1  -1  -1  -1 
 13 265  -1  -1  -1  -1 173  91 242  -1  -1  -1  -1  -1  23  -1  -1  -1  -1  -1  -1  -1  12 191  -1  -1 
 14  -1 245  -1  -1  -1  -1  -1 223  -1  -1  -1 259 157  -1  -1  -1 179 128  -1  -1  -1  -1  -1  -1  -1 
 15  -1  -1  -1  -1  -1  -1  -1 196  -1  -1  -1 172  -1  76  22  -1 287  -1  -1  -1  -1  -1  -1  -1  -1 
 16  -1 292 131  -1  -1  -1  -1  -1  -1  -1  -1  38  25 111  -1  -1  -1 150 164  -1  -1  -1  -1  -1  -1 
 17  -1  -1  -1  -1  -1  -1  -1  -1 211  -1  -1  -1 293 116  -1  -1  -1 194  -1  -1  -1  78  -1  -1  -1 
 18  -1  -1  -1  79  -1  -1  -1  16  16  -1  -1  -1  15 167  -1  -1  -1  -1  -1  -1  -1  -1  -1  -1  -1 
 19  -1  -1  -1  -1 218  -1  -1  -1 289  18  -1 260 204  -1  -1  -1 199  -1  -1  -1  -1  -1  -1 258 305 
 20  40  -1  -1  -1  -1  -1 276  -1  -1  -1  -1 291 121  -1 304  -1 113  -1  -1  -1 238  -1 296  42  -1 
 21  -1  -1  -1 124  -1  -1  -1  -1  -1  -1  -1 135  -1  62  -1  -1  -1  -1  -1  -1  -1  -1  -1 299  -1 
 22  -1  -1  69 108  -1  -1  -1  -1 190  -1  -1 208  -1  32  -1  -1 267 203  -1 219  -1  -1  -1  -1  -1 
 23  -1  -1  -1  34  89  -1  -1  -1  -1 129  -1  -1  -1  -1  -1  -1  -1  -1  -1  -1  -1 301 264  36 215 
 24 263 233 236 236  -1  -1 147  -1  -1  -1 192 192  -1  -1  -1  -1  58  -1  -1  -1  -1 122  -1  27  -1 
 25  -1  73  13 158  -1  -1 298  44  35  -1  -1 103  -1 154  -1  -1  -1  -1  -1  -1  -1  -1  -1  -1  -1 
 26  -1   3  -1  -1  -1  -1  45 210 117  -1  -1  80 100 243  -1  -1  88  -1  -1  -1  -1 169  -1  -1  -1 
 27  -1  87 102  -1  -1  -1  -1  -1  -1  -1  -1  41   0  -1  -1  -1  -1  -1 253  -1  -1  -1  47  -1 303 
 28  -1  -1  -1 300  -1  -1  -1  -1 165  -1  -1  -1  -1 198  -1  -1 159 120  -1  -1  -1  -1  -1  -1  -1 
 29  -1 189  60  60  -1  -1  -1  77  86  -1  -1 214  -1  -1  -1  -1  28  37  -1  -1  -1  -1  -1  -1  -1 
 30  -1  -1  30   4   4  -1  -1  -1  -1  -1  -1  24  -1  -1  -1   2   2  -1  17  17  -1  -1  19  19  19 
 31  -1  -1  -1  -1  -1  -1  -1  -1  -1  -1  -1  -1  -1  -1  -1  -1  -1  31  31  31  -1  -1  -1  -1  -1 
 32  -1  48  48  46  46  -1  -1  -1  -1  -1  63  63  63  -1  -1  -1  68  61  61  -1  -1  -1  -1  74  -1 
 33  -1  -1  -1  -1  -1  -1  -1  -1  -1  -1  -1  -1  -1  -1  -1  -1  -1  75  75  75  -1  -1  -1  -1  -1 
 34  -1  -1  92  92  -1  -1 118 112  -1  -1  -1  90  90  -1  -1  -1 107 107 107  -1 105 105  -1  -1  -1 
 35  -1  -1  -1  -1  -1  -1  -1  -1  -1  -1  -1  -1  -1  -1  -1  -1  -1  -1  -1  -1 119 119 119  -1  -1 
 36  -1  -1 134 134  -1  -1 162 151 151 151  -1 156  -1  -1  -1 136 136  -1  -1  -1  -1  -1 149 149  -1 
 37  -1  -1  -1  -1  -1  -1  -1  -1  -1  -1  -1  -1  -1  -1  -1  -1  -1  -1  -1  -1  -1  -1 163 163 163 
 38  -1  -1 195 195 195 178 178 180 180  -1  -1  -1  -1 206  -1  -1  -1  -1  -1  -1 193 193  -1 200  -1 
 39  -1  -1  -1  -1  -1  -1  -1  -1  -1  -1  -1  -1  -1  -1  -1  -1  -1  -1  -1  -1 207 207 207  -1  -1 
 40 224 224  -1 222 222  -1  -1  -1  -1  -1 237 237  -1 244  -1  -1 250 239 239 239  -1  -1  -1  -1  -1 
 41  -1  -1  -1  -1  -1  -1  -1  -1  -1  -1  -1  -1  -1  -1  -1  -1  -1  -1  -1  -1  -1  -1 251 251 251 
 42  -1  -1  -1 268 268 266 266  -1  -1  -1 281 281  -1  -1  -1  -1 294 283 283 283  -1 288  -1  -1  -1 
 43  -1  -1  -1  -1  -1  -1  -1 295 295 295  -1  -1  -1  -1  -1  -1  -1  -1  -1  -1  -1  -1  -1  -1  -1 
 44  -1  -1  -1  -1  -1  -1  -1  -1 225  -1 310  -1  -1  -1  -1  -1  -1  -1  -1  -1  -1 226  -1  -1  -1 
 45  -1  95  -1  -1  -1  -1  -1  -1  94  -1  -1 270  -1  -1  -1 185  -1  -1  -1  -1  -1  -1  -1 197  -1 
 46  -1  -1  -1  -1  -1 138  -1  -1  -1  -1  -1  -1  -1  -1  -1  -1  53 313  -1  -1  -1  96 183  -1  -1 
 47  -1  21 228  -1  -1  55 139  99 272  -1  -1  -1  52 309  -1  -1  -1  -1  -1  -1 285  51  -1 109  -1 
 48  -1  -1 271  -1  -1  -1  -1 137  49  -1  -1  -1 230  -1  -1  -1  -1  -1  -1  -1  -1  10  -1  -1  -1 
 49   8  -1  11  -1  -1  97  -1   6  -1  -1  -1  -1 141  -1  -1  -1 227  -1 143  -1 311 142  -1  -1  -1 
 50  -1 187  -1  -1  -1  -1  -1  -1   7 315  -1 186 181  -1  -1  93  -1  -1  -1 312 153  -1  -1  -1  -1 
 51  98  -1  -1 184  -1   9 229  -1  -1  -1  -1   5  -1  -1  -1  50  -1  -1  -1  -1  -1 182  -1 308 314 
 52  54  -1  -1  -1 140  -1  -1  -1  -1  -1  -1  -1 275  -1  -1 241  -1  -1  -1  -1  -1 273  -1  65  -1 
 53  -1 274  -1  -1  -1  -1  -1  -1  -1  -1  -1  -1  -1  -1 316 269  -1  -1 231  -1  -1  -1  -1  -1  -1 

r\t   0   1   2   3   4   5   6   7   8   9  10  11  12  13  14  15  16  17  18  19  20  21  22  23  24 
  0  -1 290 300  -1  -1  -1 125  -1  -1  -1  -1  -1  -1  -1  -1  -1  36  -1  -1  -1  -1  -1 249  -1  -1 
  1  -1  29 263  -1  -1  -1 299  -1  76  -1  -1  -1 253  -1  -1  -1  -1  -1  -1  -1 236 236  -1 126  -1 
  2  -1 123  -1  -1  -1  -1  25 173  56  -1  67  -1  -1 278  -1  -1  41  -1  -1  -1  16  16  -1  69  -1 
  3  -1  -1  -1  -1  -1  -1 161  -1 262  -1 150  -1 243  -1  -1  -1  -1  -1  -1  -1  -1  -1 287 260 265 
  4  -1  -1  -1  -1  -1  -1 144  -1  -1 219  -1  -1  -1  -1  -1  -1  -1  -1  33  -1  -1  -1 257  -1  -1 
  5  -1  38  -1  -1  -1  39  -1  -1 131  -1  -1 198 303 113  -1  -1  -1  -1  -1  -1  -1 101  -1  -1  -1 
  6  -1 208 261  -1  -1  -1 247 248  32  -1  -1 155  -1 166  -1  -1 102  -1  -1  -1  -1  -1  18 254  -1 
  7  -1  -1 194 132 216  -1  58  -1  -1  -1  -1  -1  66  -1  -1  -1  -1  -1  -1  -1  -1  -1  60  60  -1 
  8  -1 165  -1  -1  -1  -1  -1  -1  -1  -1  -1  -1 154  -1 128  -1  81 199 202  -1  -1 205 238 100  -1 
  9  -1  -1  -1 164  -1  -1  80  -1  -1  -1  -1 277 169  -1  -1  -1  -1  -1  -1  -1  -1  -1  -1  -1  -1 
 10  -1  -1  -1  -1  -1  -1  -1  -1 129  -1  -1  -1  -1  -1  -1  -1  -1  72 124  -1 217  79 130  -1  45 
 11  -1 110  -1  -1  -1  86  -1 296  -1  -1  -1 157 297 234  -1  -1  77  -1  -1  -1  -1  -1 148 148  -1 
 12  -1   0  -1  -1  -1  87  37 147 304  -1  -1   3  -1  26  -1  -1  -1  -1 255  -1 218 152  -1  -1  -1 
 13  -1 190 121  -1  -1  -1 108  -1  -1 302  -1  -1 127 220  -1  -1  -1  -1  -1  -1  -1  -1  -1  -1  -1 
 14  -1  -1  -1  -1  -1  -1  -1  -1 292  -1  -1  78  -1  -1  -1  -1 145  -1 177  -1  -1 133  -1  -1  -1 
 15  -1  -1  -1  -1  -1  85 209  -1 301  -1  -1  -1  -1  -1  -1  -1  -1  -1 146  -1  -1 114  -1 267  -1 
 16  -1  -1  -1  -1  -1  -1  -1  70 122  -1  -1  -1  -1 293  -1  -1  -1  -1  -1 106  -1  -1  -1 115  -1 
 17  -1  20  -1  -1 213  -1  -1 201 246  -1  -1 245  23  -1 221 280 280 252  -1  -1  -1  -1  -1  -1  -1 
 18  -1  -1  -1  -1  -1  -1 170  -1  -1  -1  -1  -1 282  -1  -1  -1 189  -1  -1  -1  -1  -1  -1 175  -1 
 19  -1 256 215 188  -1  -1  -1  40  -1  -1 171  22  -1  -1  -1  -1  -1  -1  -1  -1  -1 191  -1  42  -1 
 20  -1 233  -1 264  -1  -1  -1  -1  -1  -1  -1 240  -1  -1  -1  -1  -1 111  -1  -1  -1  -1  -1 158  -1 
 21  -1  -1 211  -1  -1  84 276  -1  -1  -1  -1  47  -1  -1  -1  -1 160  -1  -1  -1  -1  -1 298  28  -1 
 22  -1  91 104 104  -1  -1  -1  -1 305  -1  -1  -1 167 203  -1  -1  71  -1  -1  -1  -1  -1  -1 223  -1 
 23  -1  -1  -1  73  -1 176  -1  -1  14  -1  -1  88  -1  -1  -1  -1 204 168  57  -1  -1  59 196  -1  -1 
 24  -1  -1  -1  -1  -1  -1  -1  62  -1  -1  -1 120  -1 103  -1  -1 232  -1  -1  -1  -1  44  -1 242  -1 
 25  -1  -1  -1 210  82  -1  43  -1  -1  -1  -1  -1 192 192  -1  -1  12 284  -1  -1  -1  -1  35 306  -1 
 26  -1 259  -1 307  -1  -1  13  -1 174  -1  -1 179  -1  -1  -1  -1 117  -1  89  -1  -1  -1 159 289  -1 
 27  -1  64 172 235  -1  -1  -1  -1 279  -1  -1 291  -1 214   1  -1  -1  27  -1  -1  -1 258  -1  -1  -1 
 28  -1  -1  -1 116  -1  -1  -1  -1 212  -1  -1  -1  -1  -1  -1  -1  -1  -1  -1  -1  -1  34  -1  -1  -1 
 29  83  -1  -1  -1  -1  -1  -1  -1  -1  -1  -1 135  -1  15  -1  -1  -1  -1  -1  -1  -1  -1  -1 286  -1 
 30  -1  -1  17  17  -1   4   4  24  -1  -1  -1  -1  30  -1  -1  -1  -1  19  19  19  -1  -1  -1   2   2 
 31  -1  -1  31  31  31  -1  -1  -1  -1  -1  -1  -1  -1  -1  -1  -1  -1  -1  -1  -1  -1  -1  -1  -1  -1 
 32  -1  -1  -1  61  61  -1  -1  -1  46  46  -1  -1  74  48  48  63  63  63  -1  -1  -1  -1  68  -1  -1 
 33  75  75  75  -1  -1  -1  -1  -1  -1  -1  -1  -1  -1  -1  -1  -1  -1  -1  -1  -1  -1  -1  -1  -1  -1 
 34  -1  -1  -1  92  92  -1  -1 105 105  -1 107 107 107  -1  -1  -1  -1 112  -1  -1  -1  -1 118  90  90 
 35  -1  -1  -1  -1  -1  -1  -1 119 119 119  -1  -1  -1  -1  -1  -1  -1  -1  -1  -1  -1  -1  -1  -1  -1 
 36  -1 162 151 151 151 136 136  -1 149 149  -1  -1  -1 134 134  -1  -1  -1 156  -1  -1  -1  -1  -1  -1 
 37  -1  -1  -1  -1  -1  -1  -1 163 163 163  -1  -1  -1  -1  -1  -1  -1  -1  -1  -1  -1  -1  -1  -1  -1 
 38  -1  -1  -1  -1  -1  -1  -1 195 195 195  -1 200 206 180 180 178 178  -1  -1  -1  -1  -1  -1 193 193 
 39  -1  -1  -1  -1  -1  -1  -1  -1  -1  -1  -1  -1  -1  -1  -1  -1  -1  -1  -1  -1  -1  -1 207 207 207 
 40  -1  -1  -1  -1  -1 239 239 239 222 222  -1  -1  -1 250  -1 224 224 237 237  -1  -1 244  -1  -1  -1 
 41  -1  -1 251 251 251  -1  -1  -1  -1  -1  -1  -1  -1  -1  -1  -1  -1  -1  -1  -1  -1  -1  -1  -1  -1 
 42 283 283 283  -1  -1  -1  -1  -1 266 266  -1  -1  -1 268 268  -1 294  -1  -1  -1 281 281  -1 288  -1 
 43  -1  -1  -1  -1  -1  -1  -1  -1  -1  -1  -1  -1  -1  -1  -1  -1  -1 295 295 295  -1  -1  -1  -1  -1 
 44  -1  -1  -1 226 273  -1 227  -1  -1  -1 310 272 311  -1  -1  -1  -1  -1 137  -1  -1 269  -1  -1  -1 
 45  -1 230  -1 181  -1 271  -1  -1  -1  -1  -1  -1  -1   8  -1 275  49  -1  -1  -1  -1  -1  -1  -1  -1 
 46 314  -1  -1  -1  -1  -1  -1  -1 140  -1  -1  -1  -1  -1  97  98  -1  -1  -1  -1  -1  -1 313  -1  -1 
 47  -1  -1  -1  -1 183  -1  -1  -1  -1  -1  -1  -1  -1  -1  -1  -1   6  -1  -1  -1  -1 231  -1  -1  -1 
 48  -1  -1 308  10  -1  -1 274 315 184  -1  -1  -1  -1  -1  -1  -1 139 153 228  -1 312  -1  -1 185  -1 
 49  -1 141  -1  -1  -1  -1  -1  -1  -1  -1  -1  -1  -1  -1  -1  -1  -1  -1  -1 316  -1 187  -1  -1  -1 
 50  -1 182  -1  -1  -1  -1  96  -1  -1   9  -1  -1  -1  -1  -1  -1  94 309  -1 197  -1  -1  -1  -1 225 
 51 241  -1  -1  -1  50  -1  -1  -1  -1  -1  -1 229  -1  -1  -1   7  -1  -1  -1  -1  -1  -1 109  55  -1 
 52  -1  -1  -1  53  -1  99 186  21   5  -1  -1  65  -1  93  -1 138 270  -1  52  -1  -1  95  -1 142 143 
 53  -1  -1  -1  -1  -1  54  51 285  -1  -1  -1  -1  -1  -1  -1  -1  -1  -1  -1  -1  -1  11  -1  -1  -1 

r\t   0   1   2   3   4   5   6   7   8   9  10  11  12  13  14  15  16  17  18  19  20  21  22  23  24 
  0  -1  27 120 210  -1  -1  -1   0  -1  -1  -1  -1  -1 121  -1  -1  -1  -1 254  -1  -1 209  -1  -1  -1 
  1  -1  -1  -1 190 129  -1 305  -1  -1  -1  -1  -1  -1  59  -1  -1  -1  -1  -1  42  -1  -1  -1  -1  -1 
  2  -1 246 135  -1  -1  -1  -1 133  -1  -1  -1  -1  -1  -1  -1  -1 164 113 158  -1  -1 287 300  -1  -1 
  3  -1  -1  -1  -1  -1 128  -1 277  -1  -1  -1  -1 282  -1  -1 177 172  -1 202  -1  -1  -1 123  89  -1 
  4  -1 214  -1  -1  -1  -1  -1 223 278  -1 216  -1 165  -1  -1  -1  -1  -1 233  45  -1  -1  -1  -1  -1 
  5  -1  -1 188  -1  -1  -1 130  -1  -1  -1  -1  -1  -1  -1  -1  -1 234  -1  -1  -1  -1  18  -1  -1  -1 
  6  -1  -1 259  -1  -1  -1  38  -1 291  81  -1  -1  -1 145  43  -1  -1 245   1  -1  -1  -1 196  -1  -1 
  7  -1  -1 148 148  -1  -1 304  -1  -1  -1  -1  28 296 212  -1  -1 103 111 307  -1  -1  -1 236 236 175 
  8  -1  -1  -1  -1 198 221  -1 302  -1  -1  -1  -1  64  -1  -1  -1  47  -1  -1  -1  -1  67  -1  -1  -1 
  9  -1  -1  -1  -1  -1  -1 154  -1 189  -1  -1  -1 122  -1  -1 220 199 132  -1  -1  -1 116  69  -1  -1 
 10  -1  -1 276  84  -1  -1  -1 179  -1  -1 174  -1  -1  15  -1  -1  -1  -1  -1  22  -1 161  -1  39  -1 
 11  -1  -1  -1 248  -1  -1  -1  -1  -1  -1  -1 160  -1 218  -1  -1 279  91 289  -1  -1  -1  -1  -1  -1 
 12  -1  78  -1  -1  -1  -1  -1 194 249  -1  -1  -1  -1  -1  -1  -1  -1  80  -1  -1  -1  -1  60  60  -1 
 13  -1  12  -1  88  -1  -1 256  -1  -1  -1  -1 292  -1  -1  -1  -1  -1  -1 117  -1  -1  -1  -1  -1  -1 
 14  -1  -1  -1  -1  -1  -1  -1  -1  -1  -1  -1 169  -1  -1 257  86  66 159  -1  -1  87  -1  -1  -1  -1 
 15  -1  -1  -1 108  -1  -1  -1  -1 101  -1  -1  56 217 262 215  -1  -1  -1  -1  -1  -1  -1  -1 191  -1 
 16  -1  -1  73  -1 213  -1 166 297  -1 150  -1  20  -1 299  -1  -1  -1  -1  -1  -1 303  -1  -1  -1  -1 
 17  -1  -1  -1  -1  -1  -1  -1  -1  -1  -1  -1 240 204  -1  -1  -1  -1  -1  -1  -1  -1  -1  16  16  -1 
 18  -1 232 219 290  -1  -1  -1 115  -1  -1  -1  -1  -1 280 280  -1  -1  -1  -1  -1 104 104  29 293  -1 
 19 171  57  -1  -1  -1  83  -1  71  -1  -1  -1  -1  -1  -1  -1  -1  14 235  -1  -1  -1  -1  -1   3  -1 
 20  -1  -1  -1 173 170  -1  -1  -1  -1  -1  -1  -1  -1  -1  -1  -1 114  -1  70  -1  -1  -1  -1 264 306 
 21  -1  -1  -1 284  -1  -1 110  -1 124  -1  -1 146  -1  -1  -1  -1  -1 125  -1  -1  -1  34  -1  -1  -1 
 22  -1  -1  -1  77  -1  44  -1  25  -1  -1  -1 208 155  -1  -1  -1  -1  13  -1  -1  -1  -1  -1  82  -1 
 23  -1  -1  -1 167  -1  -1 286  40  -1  -1  -1  -1  -1  -1  -1  -1  -1  -1  26 126  -1  -1 252  -1  -1 
 24  -1 267  33  -1 106  85  -1 242 203  -1  -1  -1  -1  -1  -1  -1 144  -1  -1  -1  -1  -1  -1  35  -1 
 25  -1 147 205  -1  -1 176 243 100  -1  -1  23  -1  41  -1 301  -1  -1  -1 102  -1  -1 238  -1  -1  -1 
 26 265  -1  -1  -1  -1  -1  -1  -1  37  -1  -1 255  -1  -1  -1  -1 201  -1  -1  -1  -1  -1  -1 131  -1 
 27  -1  36  -1 211  -1  -1  62 152  72  -1  -1  -1  -1  -1 258  -1 298  -1  -1  -1  -1  -1  -1  -1  -1 
 28  -1 127  -1  -1  -1  -1 263  -1  -1  -1  -1  -1  -1  -1  -1  -1 253  58  -1  -1  -1  -1  -1  -1  -1 
 29  -1 157 247 260  -1  -1  76 168  32  -1  -1  -1  -1  -1 261  -1  -1 192 192  -1  -1  -1  -1  79  -1 
 30   4   4  19  19  19  -1  24  17  17  -1  -1  -1  -1  -1  -1   2   2  30  -1  -1  -1  -1  -1  -1  -1 
 31  -1  -1  -1  -1  -1  -1  -1  -1  -1  -1  -1  -1  31  31  31  -1  -1  -1  -1  -1  -1  -1  -1  -1  -1 
 32  46  46  -1  61  61  -1  -1  63  63  63  -1  74  -1  -1  -1  -1  68  -1  -1  -1  -1  -1  48  48  -1 
 33  -1  -1  -1  -1  -1  -1  -1  -1  -1  -1  -1  -1  75  75  75  -1  -1  -1  -1  -1  -1  -1  -1  -1  -1 
 34 107 107 107 118  -1  -1 112  -1  -1  -1  -1  -1 105 105  -1  92  92  -1  90  90  -1  -1  -1  -1  -1 
 35  -1  -1  -1  -1  -1  -1  -1  -1  -1  -1 119 119 119  -1  -1  -1  -1  -1  -1  -1  -1  -1  -1  -1  -1 
 36 136 136 156  -1  -1  -1  -1  -1  -1  -1  -1  -1 162  -1  -1 134 134 151 151 151  -1  -1 149 149  -1 
 37  -1  -1  -1  -1  -1  -1  -1  -1  -1  -1  -1  -1  -1  -1  -1  -1  -1  -1  -1  -1  -1  -1 163 163 163 
 38 180 180  -1  -1  -1  -1 206 200  -1  -1  -1  -1 195 195 195  -1  -1  -1 178 178 193 193  -1  -1  -1 
 39  -1  -1  -1  -1  -1  -1  -1  -1  -1  -1  -1  -1  -1  -1  -1  -1  -1  -1  -1  -1  -1  -1 207 207 207 
 40 224 224 239 239 239  -1  -1  -1  -1  -1  -1  -1 237 237  -1  -1  -1  -1 222 222  -1 244  -1 250  -1 
 41  -1  -1  -1  -1  -1  -1  -1  -1  -1  -1  -1  -1 251 251 251  -1  -1  -1  -1  -1  -1  -1  -1  -1  -1 
 42  -1  -1 288  -1  -1  -1 294 268 268  -1  -1  -1  -1  -1  -1 266 266 281 281  -1  -1  -1 283 283 283 
 43  -1  -1  -1  -1  -1  -1  -1  -1  -1  -1  -1  -1  -1  -1  -1  -1  -1 295 295 295  -1  -1  -1  -1  -1 
 44  -1  -1  -1 185  -1  97  -1  -1  -1  -1  -1   7  -1 186  -1  -1  -1 181  -1  -1  -1  -1   6 137  -1 
 45  -1  -1 275  -1  -1  -1  -1  -1  95  -1 310 273  -1   5  -1  -1  -1  11  65  -1  -1  -1 231  -1  -1 
 46  -1  -1   8  51  -1  -1 313  -1 228  -1  -1  -1  -1  50  -1  -1  -1 225  -1  -1  -1  -1  -1  -1 316 
 47  -1  -1  55  -1  -1   9  -1  -1  -1 314  -1  98 315  -1  -1  -1  -1  -1  -1  -1  -1 308 142  -1  -1 
 48  -1 285  -1 138  -1  -1  -1  -1  -1 241  -1 229  -1  96 309  -1  -1  -1  -1  -1  -1  -1  -1 230  -1 
 49  -1  -1 187  -1  -1  -1  21  93  -1  -1  -1 140  -1  -1 109  -1  -1  -1  -1  -1  -1  -1  -1  -1  -1 
 50  -1  -1  -1  -1  -1  -1  -1  -1  10  -1  -1  52  -1 141  -1  -1  -1  -1  -1  -1  -1 153 184  -1  -1 
 51  -1  -1  -1  -1 312 143 197  -1  53  -1  -1  -1  -1  -1  -1  -1  -1 274  -1  -1 311  -1 272  -1  -1 
 52  -1  -1  -1 269  -1 271  -1  -1 182  -1  -1  -1  -1 270  -1  54 227  49  -1  -1  -1  -1  99  -1  -1 
 53  -1  94  -1  -1  -1  -1  -1  -1 139  -1  -1 183  -1 226  -1  -1  -1  -1  -1  -1  -1  -1  -1  -1  -1 

r\t   0   1   2   3   4   5   6   7   8   9  10  11  12  13  14  15  16  17  18  19  20  21  22  23  24 
  0  -1  -1  -1  -1 259  -1  -1 252  -1  -1  -1  -1  -1  -1  -1  -1  -1 223  -1  -1  -1  -1  -1  -1  -1 
  1  -1 213 128  -1  -1  -1 205  -1 155  -1  -1  -1  -1  -1  -1  -1  -1  -1 192 192 216  -1  -1  -1  -1 
  2  -1  14  13  -1  -1 262  64  82  -1  -1  -1 204  -1  -1  -1  -1  22  15  -1  -1  60  60 247  -1  -1 
  3 176 114  -1 113  -1  -1 298 289  -1 260  -1 161  -1  84  -1  -1 166  -1  -1  -1  -1  -1  -1 297  -1 
  4  -1 261  25 279  -1  -1  34  27 238  -1  -1 299  -1 296  -1  -1  -1  -1  -1  -1  -1  -1  -1  -1  -1 
  5  -1 179  -1 245  -1  -1 278  -1 255  -1  -1  -1  -1  -1  -1  -1  -1  -1 144  -1  -1  -1  -1 188  -1 
  6 265 232  -1  -1  -1  -1  -1  -1  -1  -1  -1  -1  -1  -1  -1  -1 267 117 157  -1  -1  -1  -1 246  -1 
  7  -1 276  -1  70  -1  -1 158 282  -1  -1 148 148  -1  -1  -1  -1  59  85  -1  -1  -1  -1 202  28 125 
  8  -1 257  -1  -1  -1  -1  -1  -1 106  -1  -1 122  -1  -1  -1  -1  -1  -1  -1  -1  -1 160  -1  -1  -1 
  9  -1  -1  -1  40  -1  -1 123  23  -1  -1  43  -1 147  -1  -1  -1  -1 135 234  -1  -1  -1  42 145  -1 
 10  -1 199  47  -1  -1  -1  -1  -1  -1  -1  -1 256  -1  -1  -1  -1  -1  -1  58  -1  -1  -1  -1  -1  -1 
 11 306  -1 284  -1  -1  -1  -1 111  -1  -1  -1  -1 130  -1  -1  -1 287 242  -1  89  -1 210  71  -1  -1 
 12  -1  -1 131  -1  -1  -1  -1  -1  -1 214  -1  -1  -1  -1  -1  -1  -1  -1  -1  -1  -1  -1 194 103  -1 
 13  -1  -1 253  -1  -1  -1 133 121 116  -1  -1  -1 212  78 174 110 169 264 254  -1 286 132 243  -1  -1 
 14  -1 101  66  -1  -1  -1 301  -1  -1  -1  -1  -1  -1  -1  -1  -1  -1 198  83  -1  -1 190  -1  76  -1 
 15  -1  69  -1  -1  -1  -1  -1  -1  -1  -1  -1  91  -1  26  -1  -1 235  -1  -1  -1 127 240  -1 305  -1 
 16  -1  -1 165 126  -1  -1 152  -1 215  -1  -1 189  -1  -1  -1  -1  -1  29  41  -1 303 146  -1  88  -1 
 17  -1  -1  -1  -1  -1 236 236  -1  -1  -1  -1 219  -1  81  -1  -1 173  -1 124  -1  -1  -1 263  -1  -1 
 18  -1  -1  -1  32  -1  -1  -1  -1  -1  -1  -1  -1  -1  -1  -1  -1  -1 290  72  -1  -1  -1  -1  -1  -1 
 19  -1  -1  -1  -1  -1  -1   0  -1  -1  -1  -1  -1  -1  -1  -1  -1  87  -1  -1  -1  -1  -1 170  -1   1 
 20  -1  -1  -1 217  -1  -1 218 196  -1  -1  -1  -1 292  -1  -1 302  -1  79  -1  -1  -1 277  77  -1  -1 
 21  -1  44  -1  20  -1  -1  -1  -1  -1  -1 304  -1  -1  -1 258  -1  -1  -1  -1  -1  -1  -1 280 280  -1 
 22  -1 300 108  -1  -1  16  16  -1  -1  -1 177  -1  -1 191  -1  -1  -1 248  35  -1  -1  -1 150  -1  -1 
 23  -1 164  -1  -1  67  -1  -1  36  -1  -1  -1  -1  62 307  -1  -1  -1  -1  -1  -1  -1 211  -1  -1  -1 
 24  -1  -1  -1 102  -1  -1  -1  -1  -1  -1  -1  -1  -1  -1  -1  -1  -1  -1  12  -1  -1  -1 120  -1  -1 
 25  -1  -1  -1  -1  -1  86  -1  -1  33  -1  -1  -1  -1  -1  -1  -1 249  -1  -1  -1  -1  -1  -1  -1  -1 
 26 171  56  -1  -1  -1  -1 100 154  37  -1  -1  -1  -1  -1  -1  -1 220 167 209  -1  -1  -1  -1  -1  -1 
 27  -1 175 208  38  -1  -1  73 293  18  -1  -1  -1  -1  -1  -1  -1 201 104 104  -1  -1  -1  -1 129  -1 
 28 172  -1  80  45  -1  -1  -1  39  -1  -1  -1  -1  -1  -1  -1  -1  -1  -1  -1  -1  -1 221  -1   3  -1 
 29  -1  -1 115 203  -1  -1  -1 159  -1  -1  -1 233  -1  -1  -1  -1  -1  57  -1  -1  -1  -1 291 168  -1 
 30  -1  24   4   4  -1  -1  -1  -1  -1  -1  -1  30  19  19  19  -1  -1  -1   2   2  17  17  -1  -1  -1 
 31  -1  -1  -1  -1  -1  -1  -1  -1  -1  -1  -1  -1  -1  -1  -1  -1  -1  -1  -1  -1  31  31  31  -1  -1 
 32  -1  -1  -1  -1  -1  46  46  61  61  -1  -1  -1  74  -1  -1  -1  -1  68  48  48  -1  -1  63  63  63 
 33  -1  -1  -1  -1  -1  -1  -1  75  75  75  -1  -1  -1  -1  -1  -1  -1  -1  -1  -1  -1  -1  -1  -1  -1 
 34  -1  -1  90  90  -1  -1  -1  -1  -1  -1  -1  -1  -1 105 105  -1 112  92  92  -1 107 107 107 118  -1 
 35  -1  -1  -1  -1  -1  -1  -1  -1  -1  -1  -1  -1 119 119 119  -1  -1  -1  -1  -1  -1  -1  -1  -1  -1 
 36 151 151 151 162  -1  -1  -1  -1  -1  -1 134 134  -1  -1  -1 149 149  -1 136 136  -1  -1 156  -1  -1 
 37  -1  -1  -1  -1  -1  -1  -1  -1  -1  -1  -1  -1 163 163 163  -1  -1  -1  -1  -1  -1  -1  -1  -1  -1 
 38  -1 206 195 195 195  -1  -1  -1 193 193  -1  -1  -1  -1  -1  -1  -1 200 180 180  -1  -1  -1 178 178 
 39  -1  -1  -1  -1  -1  -1  -1 207 207 207  -1  -1  -1  -1  -1  -1  -1  -1  -1  -1  -1  -1  -1  -1  -1 
 40  -1 250 239 239 239  -1 244  -1  -1  -1 224 224 237 237  -1  -1  -1  -1 222 222  -1  -1  -1  -1  -1 
 41  -1  -1  -1  -1  -1  -1  -1  -1  -1  -1  -1  -1 251 251 251  -1  -1  -1  -1  -1  -1  -1  -1  -1  -1 
 42  -1  -1  -1  -1  -1 266 266  -1  -1  -1  -1  -1 283 283 283  -1 294  -1 281 281  -1 288  -1 268 268 
 43  -1  -1 295 295 295  -1  -1  -1  -1  -1  -1  -1  -1  -1  -1  -1  -1  -1  -1  -1  -1  -1  -1  -1  -1 
 44 229  -1  -1  -1  -1  -1  -1  -1  -1  -1  -1 273 197 272  -1 310 183  49  -1  -1  -1  -1  -1  -1  -1 
 45  -1 227  -1 141  -1  -1  -1  -1  -1  -1  -1  -1  -1  -1  -1  -1  54 153 275  -1  -1  -1  -1  -1 225 
 46  -1 270  -1  -1  -1  -1  -1  -1 309  -1  -1 186  -1  -1  -1  -1  94  -1  -1  -1  -1 185 315  -1  -1 
 47  -1  -1  -1  -1  -1  -1  -1 241  -1  -1  95  -1  -1  -1  -1  -1  -1  -1  -1 271  -1  53  -1 226  -1 
 48   9  93 139  -1  -1 181 230  -1  -1  -1  -1 109 308  -1  -1  -1  -1  11  -1  -1  -1  -1  -1  -1  97 
 49  99   8 187 231  -1 140  -1 314  -1  -1   5  10  -1 184  -1  -1  -1  -1  -1  -1  -1  -1  -1  -1  -1 
 50  -1  -1  -1  -1 313  -1 182  -1  -1  -1  50  -1  -1 137  65  -1  -1  -1  -1  -1  -1   7  -1  21  -1 
 51  -1  -1  -1  -1  -1   6  -1  -1  -1  -1  -1  -1  -1  51  -1  -1  -1  -1  -1  -1  -1  -1  -1  -1  -1 
 52  -1  -1  -1  -1  -1  98  -1  -1 285  -1 269  -1  -1  -1 311  -1 138  -1  -1  -1 312 274  -1  -1 143 
 53  55  -1  -1  -1  -1 228  96  -1  -1 316  -1  52  -1  -1  -1  -1  -1  -1  -1  -1  -1  -1  -1 142  -1 

r\t   0   1   2   3   4   5   6   7   8   9  10  11  12  13  14  15  16  17  18  19  20  21  22  23  24 
  0  -1  -1  -1  -1  -1  -1  -1 110  72  -1  -1  -1 179  45  -1  -1  82  67 202  -1  -1 189  -1  -1  -1 
  1 265  64  -1  -1  -1  -1  43  -1  -1  -1  -1  -1  -1  -1  -1  -1  -1  27  -1  -1  -1 305 284  -1  -1 
  2  -1  -1  -1  -1  -1  -1  -1  -1  -1  -1  -1  -1  -1  -1  -1  -1  -1  -1  -1  -1  -1  -1  -1 223  85 
  3  -1  -1  59  -1  -1  -1  -1  -1 152  -1  -1  -1  -1 116  -1  -1  -1  -1  -1  -1  -1 157  -1  -1  -1 
  4  -1  -1 235  -1  -1  -1 297  -1  -1  -1  -1  -1  -1 103  -1 302  -1 168 196  -1  -1 248  -1  28  18 
  5  -1  -1 290  32  -1  -1  -1  -1  -1  -1  -1 144  -1 188  -1  -1  -1  -1  87  -1  -1  -1 192 192  -1 
  6  -1 209  -1  -1  -1  -1  77  -1  -1  -1  -1 246 123  -1  -1  -1 198 127  -1  -1  -1  -1 210 167  -1 
  7  -1  -1  -1  47 307  -1 303 304  -1  -1  -1  -1  -1  -1 213  -1  -1  -1  36  -1 261 211  16  16  -1 
  8  -1  -1  -1  -1  -1  -1 287  -1 101 172  -1  -1  -1  -1  -1  -1  -1  -1  -1  -1 217 115 125 254  -1 
  9  -1 161  -1  -1  -1  -1  -1  -1  -1  -1 236 236  -1  -1  -1  -1  -1 245  -1  -1  39  -1  -1  -1  -1 
 10  -1  25  -1  -1  -1  -1 154  -1  15  86  -1  -1  -1  20  -1  -1  -1  -1 126  -1 176  79  -1 175  -1 
 11  -1  -1  -1 201  -1  -1  -1  -1  -1  -1  -1  -1  -1  -1  -1  -1  -1  -1  -1 133  -1  -1  -1 306  -1 
 12  -1  -1  -1  -1 258  22  62  -1  88  -1  -1  70  -1  -1 221  -1 155  -1  -1 177  -1 300  69 132  -1 
 13  -1  -1  -1 252  -1  -1  71  -1  -1  -1  -1  -1  -1  80  -1 259 160  -1  78  -1  -1  -1 166  -1  -1 
 14  -1  -1  -1  -1  -1  -1  -1  -1 130  -1  89  -1  -1  -1  -1  -1  -1  -1  -1  -1  -1  -1  -1 171  -1 
 15  -1 113  81  -1  -1  -1  -1  -1  -1  -1  -1  -1  58 203  -1  -1  33  -1  -1  -1  -1  -1  60  60  -1 
 16  -1 147  -1  -1 242  -1 164  -1  -1  -1  -1  57  -1  -1  -1  -1  -1 299  -1  -1  -1  -1  -1 208  -1 
 17  -1  -1  -1   0  -1  -1  -1  -1  -1  -1  -1  -1  -1  -1  -1 262  -1  -1  -1 260  -1 145 150  -1  -1 
 18  -1  -1   3 267  -1  -1  -1  -1  -1  -1 215  -1  -1  -1  -1  -1 106  -1 280 280  -1  35  -1 279  -1 
 19  -1  -1 173  -1  -1  -1 191  -1  83  -1  -1  -1 102  -1  -1  -1  -1  -1  12  -1  -1 276 263  -1  -1 
 20  -1  -1  -1  -1  -1 128 165  -1 205  -1  -1  14  -1  -1  -1  -1  -1 199 264  -1  -1  -1 233  -1  -1 
 21  -1 219  -1  -1  -1  -1  -1  -1 256  -1  -1  -1  -1  -1  -1  40  -1  -1 292  -1  -1  -1  -1 114  -1 
 22  -1  -1 277  38  -1  -1  -1  -1  -1  -1  -1 190 247  -1  -1  -1  -1  -1  -1  -1  -1  -1 104 104 238 
 23  -1  42 212  -1  -1  -1  23 240  -1  -1  -1  91  -1  -1   1  -1 204 282 253  -1  -1  -1  -1  -1  -1 
 24  41 234  37 286  -1  -1 169  -1 293  -1  -1 111  26  -1  -1  -1 296  -1  -1  -1  -1  -1  34  -1  -1 
 25  -1  -1  -1 120  -1  -1  -1 124  -1  -1  -1  -1  -1 298  -1  -1  -1  84  -1  -1  -1  -1 174 243  -1 
 26 220  -1  -1 100  -1  -1  29 291 117  -1  -1  -1  13 159  -1  -1  -1 148 148  -1  -1  -1 249 131  -1 
 27  -1 255  -1  76  -1  -1  -1  -1  -1 129  -1  -1 194  -1  -1  -1  -1 301 122  -1  -1  -1  -1  -1  -1 
 28  -1 278  -1  -1 170  -1  -1  -1  -1  -1  -1 121 289  -1  -1  -1  -1 218  56  44  -1 108 216  73  -1 
 29  -1 257  -1  -1  -1  -1  -1 214 232  -1  -1  -1 158  -1  -1  -1  66  -1  -1  -1  -1  -1 135 146  -1 
 30  -1  -1  24  17  17  -1  -1  -1  -1  -1   2   2  -1  30  -1  19  19  19  -1  -1   4   4  -1  -1  -1 
 31  -1  -1  -1  -1  -1  -1  -1  31  31  31  -1  -1  -1  -1  -1  -1  -1  -1  -1  -1  -1  -1  -1  -1  -1 
 32  -1  -1  -1  -1  -1  -1  -1  63  63  63  48  48  68  -1  -1  -1  -1  74  -1  -1  61  61  46  46  -1 
 33  75  75  75  -1  -1  -1  -1  -1  -1  -1  -1  -1  -1  -1  -1  -1  -1  -1  -1  -1  -1  -1  -1  -1  -1 
 34 107 107 107  -1  -1  -1 112  -1  -1  -1  -1  -1  92  92  -1  -1  -1 105 105  -1  90  90 118  -1  -1 
 35  -1  -1  -1  -1  -1  -1  -1  -1  -1  -1  -1  -1  -1  -1  -1  -1  -1 119 119 119  -1  -1  -1  -1  -1 
 36 136 136 149 149  -1  -1  -1 162  -1  -1 134 134 151 151 151  -1  -1  -1 156  -1  -1  -1  -1  -1  -1 
 37  -1  -1 163 163 163  -1  -1  -1  -1  -1  -1  -1  -1  -1  -1  -1  -1  -1  -1  -1  -1  -1  -1  -1  -1 
 38 195 195 195  -1  -1  -1  -1 193 193  -1  -1 206 200 180 180  -1  -1  -1  -1  -1  -1  -1 178 178  -1 
 39  -1  -1  -1  -1  -1 207 207 207  -1  -1  -1  -1  -1  -1  -1  -1  -1  -1  -1  -1  -1  -1  -1  -1  -1 
 40  -1  -1 244  -1  -1  -1  -1  -1  -1  -1 222 222 237 237  -1  -1 250 239 239 239 224 224  -1  -1  -1 
 41  -1  -1  -1  -1  -1 251 251 251  -1  -1  -1  -1  -1  -1  -1  -1  -1  -1  -1  -1  -1  -1  -1  -1  -1 
 42  -1 266 266 294  -1  -1  -1 283 283 283  -1 288 281 281  -1  -1  -1  -1  -1  -1 268 268  -1  -1  -1 
 43  -1  -1  -1  -1  -1  -1  -1  -1  -1  -1  -1  -1  -1  -1  -1  -1  -1  -1  -1  -1  -1  -1 295 295 295 
 44  -1  -1  21  -1  -1  -1  -1  -1 270  -1  -1  -1  -1  -1  -1  -1  -1  -1  -1  -1  -1  -1 228  -1  -1 
 45  -1  51 227  93  -1 309  -1  -1 181  -1  -1  -1  -1  -1  -1  -1  -1  -1  -1  -1  -1  -1  -1  95  -1 
 46  -1  -1  -1 231  -1  -1 109 153  -1  -1 271  -1  -1  -1  -1  -1 241  -1  -1   8  -1 137   9  -1  -1 
 47  -1   7  -1 184  -1  -1  -1  -1  -1  -1  -1  -1 230  -1  -1  -1 285  -1  -1  -1  -1  -1  -1  -1  -1 
 48  -1  94  -1  -1  -1  -1 311  -1  -1  -1  -1 183 269 273  55  -1  -1  -1  -1  -1  -1  -1  -1  -1  -1 
 49  -1  -1  97  -1  -1  -1  -1  -1 226 197  -1  -1 143   6  98  -1 314  -1 141  -1  -1  -1  -1  -1  -1 
 50  -1 229  -1 140 315  -1  -1  -1  52 310 185  -1  50  -1  -1 316  -1  -1  96  -1  -1  -1  -1  -1  -1 
 51  -1  -1  -1  65  -1  -1  -1  -1 142  -1  -1  -1  -1  -1  -1  -1  -1  -1 187  -1  -1  -1  99  -1 312 
 52  -1 182  -1  -1  -1  -1  -1  -1  -1  -1  -1 272  11 139  -1  -1  -1  -1  53  -1  54 186  -1   5  -1 
 53  -1  -1  -1  -1  -1  -1  -1 308  -1  -1  -1  -1  -1 225 274  -1  -1 313  10 275 138  49  -1  -1  -1 

r\t   0   1   2   3   4   5   6   7   8   9  10  11  12  13  14  15  16  17  18  19  20  21  22  23  24 
  0  67 191  -1  36  -1  -1  -1  60  60 303  -1  -1  -1  -1  -1  -1 305 132  -1  -1 265  -1 166  81  -1 
  1  -1  -1  -1  12  -1  40  -1 254 161  -1 131 253 157  42  -1  -1 282  -1  -1  -1  -1  -1  -1  14  -1 
  2  -1  -1  -1  -1  -1  -1  -1  -1 104 104  -1  -1 122  -1  -1  -1 172 246  58 301  -1  -1  -1  -1  -1 
  3  -1  -1  87  -1  -1  -1 234  -1 216  -1  -1  15  32  -1  -1  -1  79  -1 247  -1  -1 291  -1 196  -1 
  4  -1 255  -1 252  -1  -1  -1 242  -1  -1  -1  -1  71 302  -1  -1 160 280 280  -1  -1  26  -1  -1  -1 
  5  -1  -1  -1  -1  -1  -1 284  -1  -1  -1  -1 290  -1  -1  -1  -1  -1  -1  69  -1  -1 190  -1  -1  -1 
  6  -1  -1 192 192  -1  -1  -1  -1  -1  -1  37  -1   3  -1  -1 125  -1  -1  -1  -1  -1  -1  -1  -1  -1 
  7  -1  88 201  -1  -1  -1  -1  -1  -1  -1  -1 304 148 148  -1  -1  -1  -1  -1  -1  -1  -1  -1  -1  -1 
  8  -1  -1  -1 300  -1  -1 189  -1  -1  -1  -1   0  -1  -1  -1  -1 243  -1 171  -1  -1  -1  -1 240  -1 
  9  -1  -1  39  -1  -1  -1 249  -1 179  -1  -1  -1  -1  -1  -1  -1  20  -1  -1  -1  -1 267  -1 102  -1 
 10 175  -1  -1  -1  -1  -1  -1  -1 298  -1  -1  -1  -1  25  -1  -1  -1 165  29  -1  -1  -1  -1  -1  -1 
 11  -1 279  -1 212  -1  -1 114  -1  -1 218  -1 106  -1  -1  -1  84  -1  -1  -1  -1 177  -1  -1  -1  -1 
 12  -1 260  -1  -1  -1  -1  -1  28 238 257  -1  -1  -1  -1  -1  -1  -1  -1 292  -1  -1  44  -1  -1  -1 
 13 307  33  -1  -1 219  -1  -1  -1  16  16  -1 277  -1 286  -1  -1  -1 169 123 129  -1  13  72 256  -1 
 14  -1  -1 152  -1  -1  -1  41 211  70  -1  -1  -1  -1 232  -1  -1 110  -1 205  -1  -1  -1 199  -1  -1 
 15  -1 113  -1  -1  -1  -1  80  -1 276  -1 306  -1  -1 167  -1  -1 173  -1  -1  -1  -1 287  -1  -1  -1 
 16  -1 213 120 146  -1  -1  -1 124 223  -1  -1  59  -1  77  -1  38 116 299  -1  -1  -1  -1  -1  76  -1 
 17  -1  -1  -1 261  82  -1  -1 210 248  -1  -1 155 245  -1  -1  -1  83  -1  -1  -1  -1 164  -1  -1  -1 
 18  -1 103  -1 168  -1  -1  -1  -1  -1  -1  -1  78  -1  -1  -1 215  -1  -1 126 221 128  -1 154  -1  -1 
 19 198 133  -1  -1  -1  -1  89  -1  -1  -1  -1  91  -1  -1  -1  -1  -1  47  -1 176  -1 117  -1  -1  -1 
 20  -1  -1  -1  -1  -1  -1  45 147  -1  -1  -1  -1  -1  -1  -1  -1  -1  -1  -1  -1  -1 204  -1  -1 263 
 21  -1  -1  -1  27  -1 170  35  18  -1  -1  -1  -1 264  -1  -1  -1  -1 214  -1  -1  -1  -1  43 159  -1 
 22  -1  -1  -1  -1  -1  -1  -1  -1  -1  66  -1  -1 174  -1  -1  -1  -1 121  -1  -1  -1  -1  -1  -1  -1 
 23  -1 209  -1  -1  -1  -1  -1 194  -1  -1  -1  -1  -1  -1  -1  -1  -1  -1 235  -1  -1 101  -1  -1  -1 
 24  -1  -1  -1 262  -1  -1 289 258 115  -1  -1 135  57  -1  -1  -1  -1  62  -1  -1  -1  -1  -1  -1   1 
 25  -1 233 127  -1  -1  -1  -1  86  -1  -1  -1  -1  -1 208  -1  -1  -1  -1 188  -1  -1  -1  -1  -1  -1 
 26  -1 293 236 236  -1  -1  -1  -1  -1  -1  -1  -1  22  -1  -1  -1  -1  -1 100  -1  -1  64 297 202  -1 
 27  -1  -1 158  -1 220  -1 130  -1  34  -1  -1  -1  85  23  -1  -1 296 111  -1  -1  -1  -1  -1  -1  -1 
 28  -1  -1  -1  -1  -1  -1  -1  -1 144  -1  -1 259 278  -1  -1  -1 217  -1  -1  -1 150  -1  -1  -1  -1 
 29  -1  -1  -1  -1  -1  -1  -1 108  -1  -1  -1  -1 203  -1  -1  -1  56  73  -1  -1  -1 145  -1  -1  -1 
 30  19  19  19   4   4  -1  -1  -1  -1  -1  -1  24  -1  -1  -1  -1  -1  17  17  -1   2   2  30  -1  -1 
 31  -1  -1  -1  -1  -1  -1  -1  -1  -1  -1  -1  -1  -1  -1  -1  31  31  31  -1  -1  -1  -1  -1  -1  -1 
 32  -1  74  61  61  -1  -1  -1  68  -1  -1  -1  48  48  -1  -1  -1  -1  -1  46  46  -1  -1  63  63  63 
 33  -1  -1  75  75  75  -1  -1  -1  -1  -1  -1  -1  -1  -1  -1  -1  -1  -1  -1  -1  -1  -1  -1  -1  -1 
 34  -1  -1 107 107 107  -1  -1  -1  -1  -1  -1  -1 105 105  -1  -1  -1  -1  90  90  92  92 118 112  -1 
 35  -1  -1  -1  -1  -1  -1  -1  -1  -1  -1  -1  -1 119 119 119  -1  -1  -1  -1  -1  -1  -1  -1  -1  -1 
 36  -1  -1  -1 134 134 149 149  -1  -1  -1  -1 156  -1  -1  -1 151 151 151 162  -1  -1  -1  -1 136 136 
 37  -1  -1  -1  -1  -1 163 163 163  -1  -1  -1  -1  -1  -1  -1  -1  -1  -1  -1  -1  -1  -1  -1  -1  -1 
 38  -1  -1  -1 180 180  -1 200  -1  -1  -1  -1 206 195 195 195 193 193  -1  -1  -1  -1  -1  -1 178 178 
 39  -1  -1  -1  -1  -1  -1  -1  -1  -1  -1  -1  -1  -1  -1  -1 207 207 207  -1  -1  -1  -1  -1  -1  -1 
 40  -1  -1 244  -1  -1 222 222  -1  -1  -1 239 239 239 250  -1  -1  -1  -1  -1  -1 237 237  -1 224 224 
 41  -1  -1  -1  -1  -1  -1  -1  -1  -1  -1  -1  -1  -1  -1  -1  -1  -1  -1  -1  -1 251 251 251  -1  -1 
 42  -1 266 266 281 281  -1  -1  -1  -1  -1  -1  -1 288 294  -1  -1  -1  -1 268 268  -1  -1 283 283 283 
 43  -1  -1  -1  -1  -1 295 295 295  -1  -1  -1  -1  -1  -1  -1  -1  -1  -1  -1  -1  -1  -1  -1  -1  -1 
 44 153  -1  -1  96  -1  99  -1  -1  94  -1  -1  -1  95  -1  -1 241  -1  -1  -1   8  -1  -1  21  -1  -1 
 45  -1  49 228 273  -1  -1  -1  -1 272 285 316  -1  -1  -1  -1  -1  -1  -1 226  -1  -1  -1  -1  -1  -1 
 46  -1  -1  -1  -1  -1  -1  -1  -1  -1  -1  -1 275  -1  -1 312  -1  -1 230  -1  -1  55 185  -1  -1  97 
 47  -1  -1 138  -1  -1   9  -1  -1  -1  -1  -1 187  -1  65  -1  -1  -1 274  10 143  -1  -1 315  -1  -1 
 48  -1 227  -1  -1  -1 186  -1  -1 197 310  -1  -1 139  -1  -1  -1  -1  -1 142  -1  -1  -1  -1  98  -1 
 49  -1  -1  11  -1  -1  54 184  -1   7  -1  -1  -1  -1  -1  -1 311 308  -1  -1  -1  -1  -1  -1   6  -1 
 50 314  -1  93 229  -1  -1   5  -1  -1  -1  -1  -1 231 313  -1  -1  -1  -1  -1  -1  -1  -1  -1  -1  -1 
 51  -1 183 181  -1  -1  -1 270  -1  50  -1  -1  -1  -1  -1  -1  -1  -1  -1  -1  -1  -1  -1 109 269  -1 
 52  -1  -1  53  52  -1  -1  -1  -1  -1  -1  -1 225  -1  -1  -1  -1  -1  -1 182  -1  -1 140  -1  51  -1 
 53  -1  -1  -1  -1 271  -1 137 309 141  -1  -1  -1  -1  -1  -1  -1  -1  -1  -1  -1  -1  -1  -1  -1  -1 

