317
11 25
24 25
0 30
3 11
5 30
16 48
13 46
17 48
7 53
20 51
23 49
18 51
6 13
13 19
11 19
1 8
22 14
17 30
21 24
7 30
16 20
12 53
3 19
2 11
12 30
13 5
1 13
22 23
16 16
7 5
3 30
17 31
11 9
21 3
2 3
6 16
21 18
0 5
12 9
8 9
5 15
18 15
6 27
20 21
3 16
6 23
23 32
18 17
20 32
19 48
11 48
7 46
13 45
1 51
5 47
0 52
21 21
3 25
7 27
1 23
22 3
13 32
18 8
15 32
12 13
2 46
8 12
9 16
8 32
2 4
6 21
21 19
18 27
3 10
11 32
12 33
17 8
21 10
23 2
1 5
7 4
0 23
23 11
11 12
15 22
21 12
2 13
2 25
23 5
19 21
20 34
11 0
5 34
3 45
16 44
0 50
1 46
17 46
13 50
18 44
13 2
16 23
23 1
1 4
5 28
17 34
24 2
2 34
7 21
11 46
12 15
22 4
12 34
18 24
21 20
22 25
3 18
11 16
23 34
7 35
17 14
2 21
8 23
1 18
13 14
10 5
24 15
6 9
3 13
21 14
6 5
10 24
16 7
0 20
5 36
1 6
20 36
3 46
24 52
17 47
18 52
11 49
23 51
19 45
3 23
23 16
21 11
11 28
17 9
15 36
22 9
7 36
13 11
1 49
2 17
10 15
2 36
16 15
7 9
6 24
1 29
11 20
22 36
12 37
23 27
21 8
17 5
18 10
3 28
16 8
21 23
6 20
5 3
24 27
17 25
5 12
5 13
20 2
0 38
13 1
18 38
11 47
6 44
17 53
21 52
16 49
24 50
23 47
1 28
11 21
21 26
16 11
17 21
2 38
13 17
7 38
23 9
12 44
15 20
22 13
11 38
17 12
21 9
23 28
8 17
1 24
6 38
2 39
7 29
18 19
12 20
12 23
16 2
7 6
0 22
19 2
19 27
17 18
14 1
0 4
17 0
5 2
18 40
11 26
20 40
3 48
6 49
1 47
13 44
0 45
7 45
23 45
1 22
13 6
17 4
18 23
7 3
23 40
9 19
2 40
21 0
11 45
16 24
12 26
13 40
17 20
7 15
11 8
12 28
2 10
6 40
22 41
3 24
16 9
18 2
21 4
1 10
2 20
17 2
16 26
19 17
22 7
18 4
9 11
16 18
20 22
5 42
11 18
23 42
18 46
1 45
19 46
7 44
17 45
21 45
0 46
6 14
17 15
16 27
21 22
22 0
12 42
15 5
2 42
7 2
9 46
8 13
11 13
17 42
13 27
16 1
3 12
8 10
22 27
18 42
12 43
6 2
1 12
11 29
7 7
21 5
13 9
18 3
13 28
16 17
10 19
1 7
19 23
8 45
10 48
15 48
9 53
4 53
2 50
12 50
22 44
14 45

