317
18 17
0 18
5 30
21 6
12 30
16 53
8 50
23 44
22 49
3 51
2 48
7 50
16 9
12 18
6 28
7 17
22 10
2 30
21 12
17 30
8 8
1 44
14 7
11 2
22 30
18 18
17 4
3 27
6 0
11 15
16 30
7 31
23 7
2 7
21 13
13 2
1 17
8 29
21 21
22 20
19 19
17 3
12 8
0 4
2 3
13 19
0 32
12 15
8 32
3 52
21 46
16 44
22 51
7 44
23 50
18 44
2 0
16 21
3 16
21 4
22 1
5 32
12 26
17 32
7 4
11 48
4 7
14 0
23 32
21 10
17 12
1 16
2 20
8 4
12 32
5 33
16 3
1 4
11 25
23 9
18 24
24 13
20 13
19 23
1 19
9 11
6 1
7 19
13 12
21 18
0 34
12 19
5 34
2 46
8 51
23 53
22 44
16 49
7 48
18 50
16 5
1 7
13 6
2 10
22 27
7 34
9 3
17 34
3 14
11 50
20 8
12 13
23 34
11 14
17 24
18 22
8 16
22 8
16 34
2 35
12 25
7 12
1 5
6 15
21 2
1 21
3 18
18 10
7 13
0 26
10 25
10 14
18 27
9 7
0 36
16 7
5 36
8 52
7 52
2 44
21 48
22 53
13 52
3 50
1 11
18 11
6 12
12 4
7 2
2 36
11 29
22 36
13 4
4 51
17 17
16 25
17 36
16 6
6 4
3 11
23 4
11 10
21 36
12 37
2 8
22 4
1 12
18 13
8 20
17 6
4 25
16 22
0 16
13 8
3 12
20 19
22 16
18 21
8 38
21 11
0 38
13 51
16 48
12 52
6 48
2 47
23 51
3 53
1 23
2 12
3 19
6 22
22 23
15 38
17 20
12 38
8 24
19 45
21 14
11 27
22 38
12 1
18 4
17 0
13 9
8 15
23 38
5 39
1 22
21 7
2 11
2 14
11 9
12 20
20 11
14 9
13 22
4 29
6 10
14 4
7 26
5 14
8 40
18 0
0 40
6 51
16 50
22 46
21 49
23 46
12 47
3 48
6 18
21 20
16 26
13 7
7 21
22 40
17 13
2 40
12 27
20 48
18 7
11 17
21 40
7 5
2 17
11 21
17 27
1 27
6 40
12 41
22 2
18 2
16 10
23 8
3 10
19 3
12 29
12 21
20 25
16 0
6 2
12 3
6 6
12 22
8 42
21 1
0 42
2 49
16 47
5 50
22 47
3 49
7 53
13 53
1 13
6 16
3 15
17 8
7 7
18 42
14 8
22 42
2 4
10 46
11 11
21 29
2 42
2 6
11 12
21 9
6 5
23 26
16 42
17 43
7 14
22 26
3 8
8 0
12 0
23 24
8 18
2 25
9 5
22 12
1 20
22 18
17 48
24 47
20 45
15 51
19 48
11 51
10 47
4 45
14 47

