317
17 8
24 21
21 30
23 21
8 30
12 48
18 44
13 46
1 48
6 48
3 45
11 53
1 26
11 26
12 24
2 2
20 7
5 30
23 20
17 30
13 28
7 45
0 12
16 6
11 30
12 7
6 22
17 1
1 28
23 5
7 30
2 31
13 19
18 5
8 26
22 0
17 14
6 11
3 22
14 23
13 11
1 10
0 14
24 9
3 17
9 27
0 32
8 23
12 32
22 50
18 53
21 49
23 46
17 52
11 51
6 45
11 5
1 20
13 16
6 0
17 16
22 32
8 11
2 32
21 3
7 50
14 29
16 19
16 32
12 1
18 3
1 19
2 4
21 29
7 32
22 33
13 5
3 24
6 24
16 17
17 3
11 29
15 4
3 3
17 28
2 17
15 6
0 22
6 1
8 13
22 34
13 22
0 34
21 46
2 44
9 44
12 53
3 50
18 46
24 49
1 11
23 4
6 6
12 5
2 10
20 34
16 10
17 34
8 8
14 46
13 7
7 6
6 34
23 27
3 19
1 4
18 25
7 25
2 34
10 35
21 8
17 0
12 17
16 25
8 21
24 19
21 24
12 3
0 18
23 23
8 6
21 14
21 18
12 26
17 36
13 4
8 36
11 44
22 52
1 44
6 53
23 51
3 44
2 47
18 8
8 7
6 15
1 29
10 14
3 36
7 2
22 36
2 13
16 53
13 13
15 10
21 36
18 26
12 9
11 28
23 1
3 4
7 36
0 37
8 12
8 19
16 21
17 12
22 13
1 14
4 29
3 9
6 18
16 26
12 25
5 29
24 11
18 2
0 38
17 20
8 38
11 46
21 50
23 44
13 51
3 52
12 46
2 49
11 24
1 16
23 13
6 16
8 2
2 38
22 12
12 38
21 17
16 51
15 16
17 2
11 38
1 17
16 13
13 24
3 20
8 0
17 38
5 39
23 25
12 12
21 0
22 29
2 6
4 24
22 20
8 17
2 19
12 27
3 2
16 9
11 15
21 27
12 40
8 24
23 40
1 53
6 50
2 53
18 52
9 52
17 48
3 51
3 14
12 29
11 18
13 2
23 26
17 40
22 11
0 40
16 22
5 53
8 10
7 10
22 40
1 12
2 11
23 11
11 8
6 29
3 40
15 41
8 15
13 20
12 13
18 28
7 29
18 15
12 14
18 21
12 28
8 4
23 2
5 2
17 7
12 10
0 42
21 25
8 42
23 48
18 47
6 44
22 44
2 45
13 45
11 50
6 12
18 14
17 25
2 20
10 10
3 42
5 14
22 42
13 12
7 53
16 11
21 12
18 42
2 25
12 23
7 19
22 3
6 10
13 42
2 43
16 28
8 27
1 27
17 19
21 19
1 3
17 6
6 25
15 22
24 12
13 8
0 29
16 52
10 50
14 52
7 52
5 47
4 44
15 45
20 50
19 50

