317
18 29
8 0
5 30
1 6
21 30
17 52
11 47
16 46
20 48
19 50
13 46
7 45
22 22
16 10
6 27
7 20
17 10
12 30
24 25
2 30
11 12
23 47
9 14
1 4
23 30
2 25
3 16
17 22
13 9
7 19
1 30
10 31
21 29
16 9
22 29
6 29
17 24
21 7
16 0
2 20
23 4
19 1
14 23
6 19
1 0
17 5
20 32
11 23
18 32
6 52
2 51
12 44
7 48
8 44
22 47
13 49
13 2
21 10
12 19
22 19
18 6
7 32
16 1
2 32
1 2
23 44
11 24
9 19
16 32
18 26
22 20
1 14
2 8
8 3
12 32
5 33
23 15
1 26
11 17
16 11
21 19
21 25
8 4
21 15
22 17
5 5
24 20
12 11
1 12
18 3
16 34
2 12
5 34
11 48
7 50
21 52
13 50
8 47
22 49
19 52
1 27
6 13
8 20
11 9
15 14
12 34
24 5
20 34
7 5
23 45
2 29
3 23
3 34
22 8
16 22
17 17
6 3
1 8
2 34
12 35
21 2
8 27
12 4
7 3
18 25
22 27
3 5
4 6
0 10
10 10
21 6
17 20
20 14
1 11
5 36
2 0
18 36
8 46
16 52
17 50
13 51
21 51
11 45
12 52
13 13
16 2
18 16
12 10
5 25
7 36
15 8
22 36
1 21
10 44
3 29
2 13
16 36
17 15
23 3
21 24
3 3
6 18
2 36
7 37
22 26
2 22
13 6
18 7
11 7
12 16
17 16
24 27
22 10
6 17
6 14
9 24
12 8
17 4
5 38
21 26
18 38
8 53
13 44
11 50
2 45
16 45
20 47
1 49
16 15
2 4
11 5
6 0
12 18
8 38
3 14
22 38
17 27
0 48
15 27
21 18
13 38
22 6
17 18
1 18
16 4
6 15
3 38
7 39
2 14
23 19
12 22
11 2
21 8
4 16
1 9
10 2
3 7
7 18
13 24
17 26
8 6
20 2
18 40
12 1
5 40
2 48
21 45
16 47
13 52
7 51
11 49
1 45
8 26
13 23
18 22
11 1
0 28
2 40
9 6
22 40
6 21
12 50
15 25
17 23
7 40
13 26
18 14
17 2
16 27
8 29
11 40
2 41
23 16
12 0
6 7
21 28
1 15
5 12
5 9
8 1
12 25
0 25
21 17
4 28
2 26
13 4
16 42
21 4
7 42
11 44
6 53
5 47
12 45
18 44
19 44
20 49
11 26
8 2
6 28
7 24
17 9
23 42
15 23
0 42
12 24
21 46
10 1
3 13
6 42
6 22
11 20
3 17
17 13
1 10
18 42
22 43
16 3
2 16
8 14
21 22
13 8
5 27
20 12
20 22
18 15
24 13
3 15
22 16
23 50
24 48
9 46
10 45
0 45
3 52
14 49
15 45
4 46

