317
1 1
19 10
16 30
6 17
12 30
3 52
7 47
5 45
11 44
4 52
21 44
18 47
3 24
12 28
13 13
11 14
17 3
20 30
9 19
0 30
16 15
6 47
23 10
8 29
11 30
12 29
6 4
3 25
23 17
16 5
8 30
20 31
13 24
1 9
7 14
17 27
2 15
12 5
21 12
8 23
6 12
24 5
13 27
17 0
1 8
20 9
12 32
11 24
5 32
17 51
0 51
3 45
16 52
18 53
7 48
21 46
13 9
1 24
12 20
21 13
7 12
18 32
22 7
2 32
17 16
23 48
11 1
9 12
23 32
6 7
22 9
1 22
2 16
11 8
16 32
17 33
3 15
11 6
13 4
7 5
21 26
16 25
7 7
11 16
9 4
2 14
11 18
15 13
21 14
4 4
18 34
3 26
5 34
1 45
17 45
12 49
11 51
20 51
13 45
16 51
6 13
11 17
21 7
2 26
17 18
12 34
23 11
7 34
1 27
10 44
3 9
22 18
22 34
7 29
18 1
17 6
13 0
23 25
16 34
0 35
6 18
11 26
2 20
12 8
21 8
23 2
14 26
6 20
20 22
9 2
9 14
2 21
16 27
7 22
18 36
11 22
12 36
20 45
17 46
6 49
0 44
1 44
21 53
5 47
1 26
17 24
18 22
21 1
12 3
22 36
15 22
2 36
6 24
8 50
11 12
9 5
11 36
13 12
7 24
16 2
2 10
21 0
1 36
22 37
18 29
1 15
17 26
12 27
6 16
17 22
22 19
17 8
12 14
16 16
21 22
8 21
5 12
19 24
3 38
7 11
20 38
1 52
11 46
17 50
16 46
0 50
18 49
6 51
1 0
6 26
3 13
13 8
10 10
17 38
2 27
22 38
16 0
15 52
8 15
7 9
7 38
21 27
16 20
3 0
17 9
11 21
1 38
12 39
2 9
23 23
6 28
8 28
22 21
10 28
5 8
3 16
8 18
4 23
24 18
14 7
19 7
5 14
3 40
12 26
0 40
6 53
11 47
17 52
16 49
13 51
21 52
18 48
1 19
13 21
3 17
22 5
15 19
17 40
14 25
7 40
21 19
20 46
2 28
12 7
16 40
3 8
7 23
8 1
12 25
11 2
2 40
22 41
17 17
1 11
13 20
18 6
21 29
0 21
0 1
21 21
15 3
16 26
5 13
7 20
16 24
20 23
3 42
7 19
12 42
5 53
17 44
19 52
6 50
21 49
11 50
18 46
6 11
12 17
13 26
11 13
18 28
23 42
8 4
0 42
22 6
9 47
7 21
15 15
8 42
21 28
2 22
13 18
17 19
11 25
7 42
22 43
16 18
12 13
6 15
18 20
3 10
19 0
8 11
1 25
13 23
8 5
14 20
21 24
22 49
10 50
15 48
23 53
14 49
8 46
24 50
2 53
9 48

