r\t   0   1   2   3   4   5   6   7   8   9  10  11  12  13  14  15  16  17  18  19  20  21  22  23  24 
  0 265  -1  -1  -1  -1  -1 103  -1  85  -1  -1 293  -1  -1  -1  -1 267  -1 202  -1 213 169  -1  -1  -1 
  1  -1  25  -1  -1  -1  -1  -1  -1  -1  -1  -1  71  -1 128  -1  -1 306 167  91  43  -1  -1 280 280  -1 
  2  -1 279 196 191  86  -1  -1 300  -1  -1  -1  -1  26  -1  -1  -1  -1  -1 110  -1  -1  -1  -1 302  41 
  3  -1   0  -1  -1  -1 220 223  -1  -1  -1  -1 233  -1  -1  -1 236 236  -1  -1  -1  -1 199  -1  -1  -1 
  4  -1  -1  -1  -1  -1  -1  -1  -1  60  60  -1  -1  -1  -1  -1 263  33  27  -1  -1  -1  -1  -1  -1  -1 
  5  -1  70  -1  -1  -1  -1  -1  -1  -1  -1  -1 208  57  -1 214  -1 124  76  -1  -1  -1  -1  -1  -1  -1 
  6  -1  59  -1  -1  -1  -1  29  -1  -1  -1  -1  -1 179 282   1  -1  -1  -1  -1  -1  -1  66  -1 161  -1 
  7  -1  -1  -1 164 260  -1  -1  -1  -1  -1  -1  -1  -1 297  -1  -1  69  87  -1 215 301 210  -1  -1  -1 
  8  -1  -1  -1  12  -1  -1  -1 152 290  -1  -1  -1 114  -1 131  -1 256 259  -1  -1  -1  -1  -1  -1  -1 
  9  83  -1 238  -1  -1  -1  -1  -1  84  -1  -1 188  -1  -1  -1  -1  89  -1 276  -1  -1 171  -1  -1 221 
 10 177  -1  -1  -1  -1  -1 122 192 192  -1  -1  -1  -1 194  -1  -1  -1  -1  -1  -1  39  -1  -1  -1  -1 
 11  -1  -1 159  -1  -1  -1  -1  62 245  -1  -1  -1  -1  -1  -1 150  -1  36  -1  -1  -1  -1  -1  -1  -1 
 12  -1 255  -1  -1  -1  -1 145  -1  -1  -1  -1  15  72  80  -1  -1 135 298  34  -1  -1 243  -1  -1  -1 
 13  -1  -1  -1  -1  -1  -1  -1  -1  35  -1 303  44  -1  -1  -1 172  -1  18  -1  -1  -1 211  -1 125  -1 
 14  -1  -1  -1 232  -1  -1  -1  -1  77  38  -1  -1  -1  -1  -1 170  -1  -1  -1  -1  -1 106  -1 116  -1 
 15  -1  -1  -1 219  -1  -1  -1  -1  -1  -1 148 148  88 129  -1  -1  -1  -1 189  -1  -1  20 205 144  -1 
 16  -1  -1  -1  -1  -1  -1  -1 253  -1  -1  -1 307 278  -1  -1 286  -1  -1  -1  -1  -1  -1  -1 262  -1 
 17  -1  -1  -1  -1  -1  -1 204 133  -1  -1  -1  -1  -1  -1  -1  -1 289  -1  -1  -1  -1 246  -1  -1  -1 
 18  -1 100  -1 101  -1  -1  -1  -1  -1  -1  -1 277 132  23  -1  -1  -1  -1  -1  81  -1 121 147  67  -1 
 19  -1  -1  -1  -1  -1  -1  -1  -1  -1 218  -1  -1  -1  -1  -1  -1  -1  -1  -1  -1  -1 292  56  -1  -1 
 20  -1  -1  -1  -1  -1  -1  -1  79 217  -1  82  -1  -1 249  -1  -1  -1 261  -1  -1  -1 287  -1  -1  -1 
 21  -1 158  -1 120  -1  -1  -1   3  -1  -1  -1  -1 198  -1  -1  16  16 111 117  -1  -1  -1 240  -1  -1 
 22  42  -1  -1  -1  -1  -1  -1  -1  14  -1  -1  58 203 168  -1  -1 212 216  -1  -1  -1  -1  -1  47  -1 
 23 174  -1  -1  -1  -1  -1 190  -1 175  -1  -1  -1 166  -1  -1  -1  64  -1  -1  -1  -1  -1 108  -1  -1 
 24 127  -1  -1  -1  -1  -1  13 126 165  -1  -1  -1 291  -1  -1  -1 155  -1 258  -1  -1  -1 296 305  45 
 25  -1  -1  -1 252  -1  -1  -1 209  -1 304  -1  -1 254 154  -1  -1  -1  -1  -1  -1  -1  78 123 299  -1 
 26  -1 234  32  -1  -1  -1  -1  -1 146  -1  -1 248  -1 242  -1  -1  -1 257  -1  -1  -1  -1  -1 264  -1 
 27  -1  -1 113  -1  -1  -1 160  -1  -1  -1  22  -1 235  -1 176  -1 284  -1  -1  -1  -1  -1  -1  28  -1 
 28  -1  -1  -1  -1  -1  -1  73  -1  -1  40  -1  -1  -1 115  -1  -1 157  -1 130  -1  -1  -1  -1 102  -1 
 29  -1  -1  -1  -1  -1  -1  -1  -1  -1  -1 104 104  -1  -1  -1  -1  -1 201  -1  37  -1  -1 173 247  -1 
 30  19  19  19  24  -1   2   2  -1  -1  -1  -1  -1  -1  30  -1  -1  -1  -1   4   4  -1  -1  17  17  -1 
 31  -1  -1  -1  -1  -1  -1  -1  -1  -1  -1  -1  -1  -1  -1  -1  -1  -1  -1  -1  -1  31  31  31  -1  -1 
 32  46  46  -1  61  61  48  48  68  -1  -1  -1  -1  -1  -1  -1  -1  -1  63  63  63  -1  -1  -1  74  -1 
 33  -1  -1  75  75  75  -1  -1  -1  -1  -1  -1  -1  -1  -1  -1  -1  -1  -1  -1  -1  -1  -1  -1  -1  -1 
 34  92  92  -1  -1  -1  -1  -1 105 105  -1  -1 118 107 107 107  -1  -1 112  -1  -1  -1  -1  -1  90  90 
 35  -1  -1  -1  -1  -1 119 119 119  -1  -1  -1  -1  -1  -1  -1  -1  -1  -1  -1  -1  -1  -1  -1  -1  -1 
 36  -1  -1 151 151 151 136 136  -1 162  -1  -1  -1  -1  -1  -1  -1  -1  -1 156  -1 149 149  -1 134 134 
 37  -1  -1  -1  -1  -1  -1  -1  -1  -1  -1  -1  -1  -1  -1  -1  -1  -1  -1  -1  -1 163 163 163  -1  -1 
 38  -1  -1  -1  -1  -1 180 180  -1 200  -1  -1  -1  -1 206  -1 193 193  -1 178 178  -1  -1 195 195 195 
 39  -1 207 207 207  -1  -1  -1  -1  -1  -1  -1  -1  -1  -1  -1  -1  -1  -1  -1  -1  -1  -1  -1  -1  -1 
 40 224 224 244  -1  -1  -1 250 239 239 239  -1  -1  -1  -1  -1  -1  -1  -1 237 237  -1  -1 222 222  -1 
 41  -1  -1  -1  -1  -1  -1  -1  -1  -1  -1  -1  -1  -1  -1  -1  -1  -1 251 251 251  -1  -1  -1  -1  -1 
 42  -1 294 281 281  -1 266 266 283 283 283  -1 268 268  -1  -1  -1  -1  -1 288  -1  -1  -1  -1  -1  -1 
 43  -1  -1 295 295 295  -1  -1  -1  -1  -1  -1  -1  -1  -1  -1  -1  -1  -1  -1  -1  -1  -1  -1  -1  -1 
 44  -1  -1  -1  -1  -1  -1  -1  97  -1  -1  -1  -1  -1  -1  -1  -1   8  -1 272  -1  -1  -1  -1  -1  -1 
 45  -1  -1  -1  -1  -1  -1 241 185  -1  -1  -1  96  -1  -1 143  -1  -1 197  -1  -1  -1  -1  49  -1  -1 
 46  -1 270  -1  -1  -1  -1  -1  -1 137  -1  -1   9  -1  -1 228  -1  -1  -1  -1  -1  -1 311  -1  -1  -1 
 47  -1  -1  -1  95  -1  -1  99  21 183  -1  -1  -1 226  -1  -1  -1 230  -1  -1  -1  -1  -1  93   5  -1 
 48  -1  -1 109  54  -1  -1  -1  -1  94  -1 308  -1  -1  -1  -1 316  -1  -1  -1  -1 314  -1  -1  -1  -1 
 49  -1 141  -1 187 312  -1  -1  -1  -1 310  -1 184  -1  65  -1  -1  50 285  -1  -1  -1  -1 182  -1  -1 
 50 140  -1 313  -1  -1  -1  -1  -1  -1  -1  -1  -1  10  -1  -1  -1 186  -1 225  98  -1  -1  -1  -1 271 
 51  -1  -1  -1 231  -1  -1  -1 229 273  -1  -1 142  51  -1 274  -1  -1 153 139  -1  -1  -1  -1 181  -1 
 52  -1  -1  -1  -1  -1  -1  -1  -1  53  -1  -1 227  -1  -1  55  -1  -1 309  52 275  -1  -1  -1  -1  -1 
 53  -1  -1  -1   6  -1  -1  -1  -1  11  -1  -1  -1  -1 315  -1  -1  -1  -1  -1 138  -1  -1 269  -1   7 

r\t   0   1   2   3   4   5   6   7   8   9  10  11  12  13  14  15  16  17  18  19  20  21  22  23  24 
  0  -1  -1 252 218  -1  -1 152 215  -1  -1  -1  57  -1  -1  -1  -1 198  -1 192 192  -1  -1  -1  -1  -1 
  1  -1  47  -1 233  -1  -1  -1  -1  28  -1  -1  85 172  -1  -1  -1 256  -1  -1  -1  -1  -1  -1  -1  -1 
  2  -1 171 127  -1  -1  -1  -1  -1  -1  -1  -1  -1  -1  25  -1  -1  -1  -1  -1  -1  -1  79 219 175  -1 
  3  -1 161 147  -1  -1  -1  -1  -1 154  -1  -1  -1 280 280  -1  -1  -1 122  -1  -1  -1 176  -1  -1  -1 
  4  -1  -1 110 217 260  -1 129   0  -1  -1  -1  32 199  -1  -1  89  -1  -1  -1  -1  -1  -1  73 245  81 
  5  -1  -1  -1  -1  -1  -1 190  -1  -1  -1  -1  -1 131  -1  -1  -1 243  -1 299  -1  -1  -1  60  60  -1 
  6  -1  -1  -1  -1  -1  -1  64  -1  -1  -1  -1  -1  -1  -1  -1  -1  -1  -1  -1  -1  -1 168  -1  -1  -1 
  7  -1 235  -1 255  -1  -1 106 279  80  -1  22  -1  -1  -1  -1  -1 261  -1  -1  -1  -1 232 216 202  -1 
  8  -1 277  -1 289  -1  -1  -1  -1  -1  -1 150  44  -1  -1  -1  -1  -1  -1  -1  -1  -1  -1 148 148  -1 
  9  -1  -1  -1  34  -1  -1 132  36 242  -1  -1  -1  -1 209  -1  -1  15  -1  -1  -1  -1  -1  -1  -1  -1 
 10  -1  -1  -1  -1  38  -1  -1  -1  -1 213  -1  -1  -1  -1  -1  -1  -1  -1 160  -1  -1 108  -1 120  -1 
 11  -1  -1  -1  -1  -1  -1 247  -1 111  -1  -1  88 300  72  -1 173  -1  -1  20  -1  -1  -1  -1  -1  -1 
 12  -1  26  -1 128  -1  -1  -1 188  -1  -1 238  -1  -1  -1  -1  -1  -1 302 204  -1  -1  -1  29  -1  -1 
 13  -1  -1 196 205  -1  -1 240 234  23  -1  -1 246 115 262  -1  -1  -1 286  -1  42  -1  -1  -1 158  -1 
 14 301  -1  -1  -1  -1  -1  27  33  -1  -1  -1  -1  -1  -1  -1 307  -1  -1  -1  -1  -1  -1  39 292  -1 
 15  -1  -1  -1 100  -1  -1 214 146  -1  -1  -1  -1  -1  -1  -1  -1  62  -1  -1  -1  -1  -1  -1  -1 126 
 16  -1  -1  -1  -1  -1  -1  -1  56 116  -1  -1 284  14  -1 174  -1 212  -1  77  -1 130  -1 104 104  -1 
 17  -1  -1 298  -1  -1  -1  91 121  -1  -1  -1  -1  -1  -1  -1  -1  -1  -1 276  -1  -1  -1 253  -1  -1 
 18  -1 144  -1  16  16  -1  -1 220  -1 258  -1  -1 179 114  -1  -1 155  -1  87  -1  -1  -1  -1  -1  -1 
 19  -1  -1 117  -1  -1  -1  70 210  -1  -1  -1 265 249 145  -1  -1  -1  -1  -1  -1  -1  -1  -1  -1  -1 
 20  -1  -1  -1 124  -1  -1  -1  -1  -1  -1  -1  13  -1 189  -1  -1  -1  -1  58  -1  84  59  -1  69  -1 
 21  -1  -1  -1 267  -1  -1 164 166  -1  -1  -1 221  -1 167  -1  -1  71  -1   1  -1  -1  35  -1  -1  -1 
 22  -1  -1  -1  -1  -1  -1  -1  -1 263  -1  -1  -1  -1  -1  -1 303 287 296  -1  -1  -1 113  -1  -1  -1 
 23  -1  67  18  -1  -1  -1 208  -1  -1 305  -1  37  -1 254  -1  -1 259  -1  -1  43  -1  -1  -1  41  -1 
 24  -1 101 257 293  -1  -1  -1  -1  -1  -1  -1 157 135  -1 169 177  -1  -1  -1  -1  -1  -1  -1  -1  -1 
 25  -1  -1  -1  -1  -1  -1  -1 102  66  -1  -1  76  -1  86  -1  -1  -1  -1  -1  -1  -1  -1 203  -1  -1 
 26  -1  -1  -1  -1 125  -1 123  -1  -1  -1  -1  83  -1  -1  -1  -1  -1  -1  -1  -1  -1 133 297  -1  -1 
 27  -1  -1  -1 278  -1  -1  -1 170 194  -1  -1  -1 236 236  -1  -1  -1 201  -1  -1  -1 264   3  -1  -1 
 28 223  -1  -1 191  -1  -1  -1 211 159  -1  -1 103  -1  12  -1  -1  -1  78  -1  -1  -1 291  -1  -1  -1 
 29  -1  -1 282  82  -1  -1  45 248  -1 306  -1  -1  -1 290  40  -1  -1 165  -1  -1 304  -1  -1  -1  -1 
 30   2   2  30  -1  -1  19  19  19  -1  -1  -1  -1  24   4   4  -1  -1  -1  -1  -1  17  17  -1  -1  -1 
 31  -1  -1  -1  -1  -1  -1  -1  -1  -1  -1  -1  -1  -1  -1  -1  31  31  31  -1  -1  -1  -1  -1  -1  -1 
 32  -1  74  61  61  -1  -1  -1  68  -1  -1  -1  -1  63  63  63  -1  -1  -1  46  46  -1  -1  48  48  -1 
 33  -1  -1  75  75  75  -1  -1  -1  -1  -1  -1  -1  -1  -1  -1  -1  -1  -1  -1  -1  -1  -1  -1  -1  -1 
 34  -1 112  -1  92  92  -1  -1  -1  -1  -1  -1 118 107 107 107  -1  -1 105 105  -1  -1  90  90  -1  -1 
 35  -1  -1  -1  -1  -1  -1  -1  -1  -1  -1  -1  -1  -1  -1  -1  -1  -1 119 119 119  -1  -1  -1  -1  -1 
 36 136 136  -1 149 149  -1  -1  -1  -1  -1  -1  -1 156  -1  -1  -1 162 151 151 151  -1  -1 134 134  -1 
 37  -1  -1 163 163 163  -1  -1  -1  -1  -1  -1  -1  -1  -1  -1  -1  -1  -1  -1  -1  -1  -1  -1  -1  -1 
 38 193 193  -1  -1  -1  -1  -1  -1  -1  -1  -1 206 200 180 180  -1  -1  -1 178 178  -1  -1 195 195 195 
 39 207 207 207  -1  -1  -1  -1  -1  -1  -1  -1  -1  -1  -1  -1  -1  -1  -1  -1  -1  -1  -1  -1  -1  -1 
 40  -1  -1  -1 222 222  -1  -1  -1 244  -1  -1  -1  -1 224 224  -1  -1 237 237  -1  -1 250 239 239 239 
 41  -1  -1  -1  -1  -1  -1  -1  -1  -1  -1  -1  -1  -1  -1  -1  -1  -1 251 251 251  -1  -1  -1  -1  -1 
 42 266 266  -1  -1  -1 281 281  -1 294  -1  -1  -1 268 268  -1  -1 288  -1  -1  -1  -1  -1 283 283 283 
 43  -1  -1  -1  -1  -1 295 295 295  -1  -1  -1  -1  -1  -1  -1  -1  -1  -1  -1  -1  -1  -1  -1  -1  -1 
 44  -1 183  -1  -1  -1  -1 184 142  -1  -1  -1  -1   9  -1  -1  -1  -1  -1  -1  -1  -1  -1 186  -1  -1 
 45  55  -1  -1  -1  11  -1 272  49  -1  -1  -1  -1  -1  -1 138 143  -1  -1  -1  -1  -1  -1  -1  98  -1 
 46  -1  -1  -1  -1  -1  -1  -1  95 308  -1 311 137  -1  -1  -1  54  -1  -1  -1  -1  -1 230  -1   8  -1 
 47  -1  94  -1  -1 274  -1  -1 187 285  -1  -1 197  93  -1  -1  -1  -1 313 273  -1  -1  -1  -1  -1  -1 
 48  -1  -1  -1  53 185  -1  -1  -1  -1  -1  -1  -1 229  -1  -1  -1 314  65  -1  10  -1  -1  -1  -1  -1 
 49  -1  -1  -1 140  -1 316  -1  -1  -1  -1  -1  -1  52 139 271  -1  -1  -1 141 269  -1  -1  -1  -1  -1 
 50  99  -1  -1   6  -1  -1  -1  -1  -1  -1  -1   5  -1  97  -1 275  -1  -1 231  -1  -1  -1 270 182  -1 
 51  -1  -1 315 181  -1  -1  -1  -1  -1  -1  -1  -1  -1  -1  -1  -1  -1  -1  -1  -1 309  50  21  -1  -1 
 52  -1  -1  -1  -1  -1  -1 227  -1  -1  -1  -1  -1  -1  51  -1 228  -1  -1  -1  -1  -1   7  -1 226 310 
 53  -1 225 241  -1  -1  -1  -1  -1  -1 312  -1  -1 153  -1  -1  -1 109  -1  96  -1  -1  -1  -1  -1  -1 

r\t   0   1   2   3   4   5   6   7   8   9  10  11  12  13  14  15  16  17  18  19  20  21  22  23  24 
  0  -1 256  -1 126  -1  -1 159  -1  -1  -1  -1 114  -1 278  -1  -1  -1  -1  36  -1  -1  -1  62  -1  -1 
  1  -1  -1  64 259  -1  -1  -1  89 102  -1  -1  -1  44 306 175 282  33 280 280  -1  -1  -1  -1  -1  -1 
  2  -1  -1  -1  -1  -1  -1  -1  -1 267  -1  -1 108  -1  -1  -1  -1  85 247 190  -1  -1  -1  -1  69  -1 
  3  -1 157  -1  76  -1  -1 155  -1  -1  -1  -1 223 289  -1  -1  -1  -1 116  -1  -1  -1 174  -1  -1  -1 
  4  -1  35  29 299  -1  -1  -1  -1 117  -1  -1  -1  -1 298  -1  -1 111  34  -1  -1  -1 235  -1  -1  -1 
  5  -1  -1  -1  56  -1  -1  -1  -1  -1  -1  -1  -1  -1 210  -1  -1  -1 135  -1  -1  -1  58  -1  -1  -1 
  6  -1  -1  -1  13  -1  -1  -1  -1  -1  -1  -1  -1  -1  -1  -1  -1  -1 240 147  -1  -1  -1  -1   0  -1 
  7  -1  -1  -1  -1  -1 215  67  -1 234  -1  -1  -1 208 216  -1  -1  81 196  -1  38  -1  -1  -1  -1  -1 
  8  -1  -1  14  -1  -1  -1  -1  -1  -1  -1  -1  42  -1  -1 301  -1  77  -1  -1  -1  -1 113  -1  -1  -1 
  9  -1  -1  -1  -1  -1  -1  -1  -1 249  -1  -1  71  -1 115  -1  -1  91  -1  27  -1  -1  43  -1  -1  -1 
 10  -1  -1 130  -1  87 238  -1 254  -1  -1  -1  84 245  57  -1  -1  40  -1 246  -1  -1  -1  -1  -1  -1 
 11  -1 292  -1 199  -1  -1  -1  -1  -1  -1 171  -1 165  -1   1  -1 248  -1 161  -1  -1 152  -1  -1  -1 
 12  -1 101  70 261  -1 305  -1  -1 164  -1  -1  -1  -1  -1  -1  -1 123 300 121  -1  -1  -1  -1  -1  -1 
 13  -1  20 176 179  -1  -1  -1  -1  -1  -1  -1  -1 188  23  -1  -1 220 128  -1  -1  -1 168  -1  47  -1 
 14  -1  -1 145  -1  -1  -1 307  -1  -1  -1  -1  -1 148 148  -1  -1  -1 100  -1  -1 265 252  -1  -1  -1 
 15 236 236 277  -1  -1  -1  -1  -1  -1  -1  -1 194  -1  -1  -1  -1  66  -1  -1  -1  -1 212  -1  -1  -1 
 16  -1  59 167  -1  -1  -1  -1  -1 260  -1  -1  -1  -1  -1  -1 150 203  -1  -1  -1  -1  32  -1  -1  -1 
 17  -1  -1 293  -1  -1  -1  -1  -1 296  -1  -1  -1 279 160  -1  -1  -1  78  -1  -1  -1  -1  25  -1  -1 
 18  -1 304  -1  -1  -1  -1  -1  -1  88  -1  -1  -1  -1  -1  -1 173  82  60  60  -1  -1 133  -1 233  -1 
 19 170  -1 189  -1  -1 214 242  -1  -1  -1  -1 211  -1  72  -1 219  -1  -1  -1  -1  39  -1  -1 204 218 
 20 192 192 122  -1  -1  -1  -1 124 258  -1  -1  15  -1 302  -1  -1  -1 303 232  -1  -1 297 201  -1  -1 
 21  -1  -1  -1  -1  -1  -1  -1 276  -1  -1  22  -1  -1  -1  -1  -1  -1  -1  -1  -1  -1  -1  -1 255  -1 
 22  -1 146  -1  -1  -1  -1  -1  -1  -1  -1 198  -1  -1  -1  -1  -1 172 202  -1  -1  -1  -1 243  12  -1 
 23  -1 263 209  -1  -1  -1  -1  -1  28  -1  -1  -1  26  -1 217  -1 166  -1 125 127  -1  -1  -1 291  -1 
 24  -1  -1  -1  -1  -1  -1  -1  -1  -1  83  -1 284  86  -1  -1  -1 290 154  -1  -1  -1  -1  -1  -1  -1 
 25  -1  -1  45  -1  -1  -1  -1  -1 286 287  -1 144  80  -1  -1  -1  -1 177  -1  -1  -1  -1  -1  -1  -1 
 26  -1 132  -1  -1  -1  -1 110  -1  -1  -1  -1  -1 104 104  -1 106  -1  -1  -1 257  -1  -1  37  -1  -1 
 27  -1  -1  -1  -1  -1  -1  -1  -1  -1 131  -1  -1  -1 253  -1  -1  -1  -1  73  -1  -1 103  -1  -1  -1 
 28  -1  -1 264  -1  -1  -1 205  -1   3  -1  -1 169  -1  -1  -1  -1 191  -1  16  16  -1  79  -1  -1  -1 
 29  -1  -1 129  -1  -1  -1  -1 158  -1  -1  -1  -1  -1 213  -1  18  41  -1  -1 262 221  -1  -1 120  -1 
 30  -1  -1   4   4  -1  17  17  -1  -1  -1  -1  24  -1  -1  -1  -1  -1  -1   2   2  19  19  19  30  -1 
 31  -1  -1  -1  -1  -1  31  31  31  -1  -1  -1  -1  -1  -1  -1  -1  -1  -1  -1  -1  -1  -1  -1  -1  -1 
 32  -1  -1  -1  -1  -1  -1  74  -1  61  61  63  63  63  46  46  -1  -1  48  48  -1  -1  -1  68  -1  -1 
 33  -1  -1  -1  -1  -1  -1  -1  75  75  75  -1  -1  -1  -1  -1  -1  -1  -1  -1  -1  -1  -1  -1  -1  -1 
 34  -1  -1  -1 105 105  -1 112  -1  -1  -1  -1  -1 118  -1  -1  -1  -1  -1  92  92  90  90 107 107 107 
 35  -1  -1 119 119 119  -1  -1  -1  -1  -1  -1  -1  -1  -1  -1  -1  -1  -1  -1  -1  -1  -1  -1  -1  -1 
 36  -1  -1  -1 156  -1  -1  -1 151 151 151  -1 162  -1 134 134  -1  -1  -1 136 136  -1  -1 149 149  -1 
 37  -1  -1  -1  -1  -1  -1  -1  -1  -1  -1  -1  -1  -1  -1  -1  -1  -1  -1  -1  -1  -1  -1 163 163 163 
 38  -1 200  -1 206  -1  -1  -1 193 193  -1  -1  -1  -1 180 180  -1  -1  -1 178 178  -1  -1 195 195 195 
 39  -1  -1  -1  -1  -1  -1  -1 207 207 207  -1  -1  -1  -1  -1  -1  -1  -1  -1  -1  -1  -1  -1  -1  -1 
 40  -1  -1  -1 237 237  -1 244 224 224  -1  -1 250 239 239 239  -1  -1  -1 222 222  -1  -1  -1  -1  -1 
 41  -1  -1 251 251 251  -1  -1  -1  -1  -1  -1  -1  -1  -1  -1  -1  -1  -1  -1  -1  -1  -1  -1  -1  -1 
 42 281 281  -1  -1  -1  -1 294 288  -1  -1  -1  -1  -1 266 266  -1  -1  -1 268 268  -1  -1 283 283 283 
 43  -1  -1  -1  -1  -1  -1  -1  -1  -1  -1 295 295 295  -1  -1  -1  -1  -1  -1  -1  -1  -1  -1  -1  -1 
 44  -1   9  96  53  -1  -1 285  10  55  -1  -1 241 181  -1  -1  -1  -1  98  -1  -1  -1  -1 313  -1  -1 
 45 316  -1  -1  -1  -1  -1  -1  51  -1  -1  -1  -1  97  -1  -1  -1  11 274  -1  -1 142  -1  -1  -1  -1 
 46  -1 184  -1  -1 153  -1  -1 182 183  -1  -1  -1  -1  -1  -1  -1  -1  -1  -1  -1 185 269  -1  65  -1 
 47  -1 230  -1  -1  -1 109  -1 270  -1  -1  -1  -1  -1  -1  -1  -1 271  -1  -1  -1  -1   5  -1  -1  -1 
 48  -1 275  -1 272  -1  -1  -1  -1  -1  -1  -1 137 273  95  99  -1  -1  -1  -1  -1  -1  -1  -1 225  -1 
 49  -1  -1  -1 143  -1  -1  -1 141  -1 311  -1  -1 229 226  -1  -1 140   6  -1  -1  -1  52  -1  -1  -1 
 50  -1  -1 228  -1  -1  -1  -1  -1  -1  -1  -1  -1 139  -1  -1  -1  -1  -1  -1  -1  -1 231  -1  -1  -1 
 51  -1  -1  -1  -1  -1 310 197  -1  -1  -1  -1  94  -1  -1  -1  -1 186 227  -1  -1  -1  -1  -1  -1 312 
 52  -1  49 138  -1 314  -1  -1  -1  21  -1  -1   8  -1  -1  -1  -1  -1  -1  -1  -1  54 187  -1  -1  -1 
 53  -1  93  -1  -1  -1  -1 308  -1  -1  -1 309  -1   7  -1  -1 315  -1  -1  -1  50  -1  -1  -1  -1  -1 

r\t   0   1   2   3   4   5   6   7   8   9  10  11  12  13  14  15  16  17  18  19  20  21  22  23  24 
  0  -1  -1  -1  -1  -1  -1  -1  -1  -1  -1  42 253  -1 279  -1 219 164  -1  -1  -1  -1 110  47  26  -1 
  1  -1 212  -1  -1  -1  -1 146  -1  -1  -1  -1  -1  -1  -1  -1  -1  59 298  -1  -1  -1  -1  23  -1  -1 
  2  -1 147  -1  -1  -1  -1 205  -1  -1  -1  -1 174  -1  -1  -1  -1  -1  -1  81  -1  -1  -1 277  -1 176 
  3  -1  35  -1  -1  -1  -1 190  36  -1  -1 215  -1  -1  -1  -1 257  -1  -1  -1  -1  -1 204  -1  -1  -1 
  4  -1  -1 201  -1  -1  -1 213 260  -1  -1  -1  -1  -1 135  -1 280 280  -1  -1  -1  -1  -1  66  -1  -1 
  5 129  14  29  -1  -1  -1  -1  -1  -1  -1  -1  43  -1  -1  -1  -1  28  60  60  -1  -1  -1   3  -1  -1 
  6  -1  -1  -1  -1  -1 236 236  62  -1 106  -1  -1  -1  -1  -1  -1 263  -1 159 287  -1  -1 292  78  -1 
  7  -1 161  -1  -1  -1  -1  -1 116   1  -1  -1  -1 301 169  -1  -1 102  84 124  -1  -1  -1  -1 133  -1 
  8  -1  88 221  -1  -1  -1  -1 243  -1  -1  -1 208 167  -1  -1  -1  -1  -1  -1  -1  -1  -1  -1  -1  -1 
  9  -1  -1  -1  -1  -1  -1  -1  -1  -1  67  -1  -1  -1  -1  -1  -1  77  -1 258  -1  -1  -1 209 115  -1 
 10  -1  -1  -1  -1  -1  -1  13  -1 128  82 214  -1 154  -1  -1 302  -1  -1 284  -1  -1  -1 192 192  -1 
 11  -1 233  -1  -1  -1  -1 172 262  -1  -1  -1 234 259  -1  -1  -1  -1  -1  -1  -1  -1  18  -1  -1  -1 
 12 170  -1  -1 202  -1  85  -1  -1  69  -1  -1  -1  -1  -1  -1 304  -1  -1  -1  -1  -1  -1  -1  -1  -1 
 13  -1  -1  -1 290  -1  -1  -1  -1 199  -1  -1  -1 203  -1  -1  -1  -1  15  89  -1  -1  -1  -1  -1  -1 
 14  -1  -1  76  -1  -1  -1 293  -1 179  -1  -1  -1  -1  -1  -1  38  -1  -1  -1  -1  -1 166  -1  16  16 
 15  -1 246 120  -1  -1  -1  56  -1  -1  -1  -1 122  -1  -1  -1  -1 117  86  -1  -1  -1  40 249 252  -1 
 16  -1  57 216  -1  -1  -1 123  -1 121  -1  -1  -1  41  -1  -1  -1  12 158 289  -1  -1  -1  -1 223  -1 
 17  -1 113  -1  -1  -1  -1  -1 255  -1  -1  -1  -1 305 232  -1  -1  -1  91 264  -1 148 148 168  -1  -1 
 18  -1  -1  -1  -1  -1  -1  -1  -1 100  -1  -1  -1  -1  -1  -1  -1  -1  -1  -1  -1  -1  -1  -1 278 155 
 19  -1 103  -1  -1  -1  -1  -1  -1  -1 175  -1  73  -1 218  -1 306  -1  -1  -1  -1  -1  -1  -1 307  -1 
 20  -1  39  -1  -1  -1  -1  -1  -1 145  83  -1  -1 254  -1  -1  -1  -1  -1  -1  -1  -1 296  -1 299  -1 
 21  -1  -1  -1 286  -1  -1 160  33 210  -1  -1  -1 171  25  -1  -1  -1  -1 261  -1  -1 114  -1 104 104 
 22  -1  -1  -1  -1  -1  -1  -1  -1 127  -1  -1 220  32 248  -1  -1  -1  -1  -1  -1 131  -1  -1  -1  -1 
 23  -1 188  -1  -1  -1  -1  -1 150  20 126  -1  -1  -1  -1  -1  -1  -1 235 240  -1  -1  -1  34  -1  -1 
 24 265  70 125 247  -1  -1 245 297  -1  -1  -1   0 242 191  -1  22  -1  -1  -1  -1  -1  -1  87  58  -1 
 25  -1  -1  -1  -1  -1  -1  -1 194  44  -1  -1 101  -1  -1  -1  -1 130  -1 132  -1  -1 198  -1  -1  -1 
 26  -1 300  -1  -1  -1  -1  -1  79 165  -1  -1 189  -1 157 217  -1  71  -1  -1  -1 177  -1  -1  -1  -1 
 27  -1  -1 267  -1  -1  -1  27  -1 211  -1  -1  64  -1  -1  -1  -1  -1  -1 108  -1  45  -1  -1  -1  -1 
 28  -1  -1  -1  80  -1  -1  -1 173 291  -1  37 152  -1  -1  -1  -1 196  -1  -1  -1  -1 256  -1  -1  -1 
 29  -1 276  -1  -1  -1  -1  -1 111  -1  -1  -1  -1 303  -1  -1  -1 144  -1  72 238  -1 282  -1  -1  -1 
 30   4   4  17  17  -1  -1  -1  -1  -1  -1  -1  24  19  19  19  -1  -1  -1  -1  -1  -1  30  -1   2   2 
 31  -1  -1  -1  -1  -1  -1  -1  -1  -1  -1  -1  -1  -1  -1  -1  -1  -1  31  31  31  -1  -1  -1  -1  -1 
 32  46  46  63  63  63  -1  -1  68  -1  -1  -1  -1  61  61  -1  -1  -1  48  48  -1  -1  74  -1  -1  -1 
 33  -1  -1  -1  -1  -1  -1  -1  -1  -1  -1  -1  -1  75  75  75  -1  -1  -1  -1  -1  -1  -1  -1  -1  -1 
 34  -1  -1 107 107 107  92  92  -1  -1  -1  -1  -1  -1 105 105  -1  -1 112  -1  -1  -1  -1 118  90  90 
 35  -1  -1  -1  -1  -1  -1  -1  -1  -1  -1  -1  -1 119 119 119  -1  -1  -1  -1  -1  -1  -1  -1  -1  -1 
 36 134 134 149 149  -1 136 136  -1 162  -1  -1 156  -1  -1  -1  -1  -1 151 151 151  -1  -1  -1  -1  -1 
 37  -1  -1 163 163 163  -1  -1  -1  -1  -1  -1  -1  -1  -1  -1  -1  -1  -1  -1  -1  -1  -1  -1  -1  -1 
 38 180 180 195 195 195 178 178  -1  -1  -1  -1  -1  -1 206  -1  -1  -1 193 193  -1  -1  -1  -1 200  -1 
 39  -1  -1  -1  -1  -1  -1  -1  -1  -1  -1  -1  -1  -1  -1  -1  -1 207 207 207  -1  -1  -1  -1  -1  -1 
 40 224 224  -1 237 237 222 222  -1 250  -1  -1  -1  -1  -1  -1  -1  -1  -1 244  -1 239 239 239  -1  -1 
 41  -1  -1  -1  -1  -1  -1  -1  -1  -1  -1  -1  -1  -1  -1  -1 251 251 251  -1  -1  -1  -1  -1  -1  -1 
 42  -1  -1  -1  -1  -1 266 266 283 283 283 281 281  -1 294  -1  -1  -1  -1 288  -1  -1  -1 268 268  -1 
 43  -1  -1  -1  -1  -1  -1  -1  -1  -1  -1 295 295 295  -1  -1  -1  -1  -1  -1  -1  -1  -1  -1  -1  -1 
 44  -1  -1 285  -1  -1  -1  53  21  95  -1  -1  52  -1 181 316  -1  -1  -1  -1  -1  -1  -1  -1  -1  -1 
 45  -1  -1  -1  -1  -1  -1   7  -1  -1 312  -1  -1  -1 229  -1  -1  99 138   6  -1  -1  -1  -1  -1  -1 
 46  -1 269  -1  -1  -1  -1  -1  -1  -1  -1  -1  -1  -1 270  -1 311 272  -1  -1  -1  11 314 186 241  -1 
 47  -1  -1 183  -1  -1  -1  -1  -1 227  -1  -1 142  -1  96  -1  -1 137 109 187  -1  -1  -1  -1  -1 271 
 48  -1  -1  -1  -1  -1  -1  -1  -1 141  -1 310  -1 197  -1  -1  -1 226  -1  -1  -1  -1  65 231  -1  -1 
 49  -1  -1   5 315 225  -1  -1 313  -1  -1  -1 185 309  -1  -1  -1  10  -1  -1  -1  97  -1  -1  -1  -1 
 50  -1  -1  -1  -1   9   8  -1  -1  -1  -1  -1  -1  -1  -1  -1  -1  50  -1  -1  -1 143  -1  93 184  -1 
 51  -1  -1 140  -1 274  55  -1  -1  -1  -1  -1  -1  -1 153  -1  -1  -1 182  -1  -1 275  -1  -1  -1  -1 
 52  94  -1  51  -1  -1  -1  -1  -1  -1  -1  -1  -1  -1  -1  -1  -1  -1 273  -1  -1  -1  -1 139  -1  54 
 53  -1  -1  -1  -1  -1  -1  -1  -1  -1  -1  -1  98  -1  -1  -1  -1  -1  -1 230 308  -1  -1  -1  49 228 

r\t   0   1   2   3   4   5   6   7   8   9  10  11  12  13  14  15  16  17  18  19  20  21  22  23  24 
  0  -1  -1 129  -1  -1  -1 146  -1  -1  -1  -1  -1  -1  -1  -1  -1  -1 177  -1  -1  -1 221 123  -1  -1 
  1  -1  39 120  45  -1  -1  -1 204 208  -1  -1  73  -1  -1  -1  -1 152  -1  -1  -1  -1  13  -1 218  -1 
  2  -1  33  -1  -1  -1  -1  12  -1  -1  -1  -1 131  -1 169  -1  -1  -1 101  -1  -1  -1  77  -1  -1  -1 
  3  -1 161  16  16  67  -1  -1 245 259  -1  -1  64  -1  -1  -1  -1 303  -1  47  -1  -1  -1  -1 190  -1 
  4  -1 212   0  -1  -1  -1  -1  -1 253  -1  -1  -1  -1 234  37  -1  28  -1  -1  -1  -1 305 125 210  -1 
  5 217  -1  -1 280 280  -1  -1  -1  -1  -1  83  89  -1  -1  -1  -1 291  -1  -1  -1  -1  -1  -1 116  -1 
  6  -1  -1 205  -1  -1  -1  -1  -1 298  -1  -1  23  -1  -1  -1  -1 249  -1 189  -1  -1 256  -1  -1 282 
  7  -1  -1 236 236  -1  -1  -1 192 192  -1 174  -1  29  -1  -1 126  -1  -1  -1 307 132 299 106  32  -1 
  8  66  -1  -1  -1  -1  -1 284  79  69   1  -1 235  -1  -1  -1  -1 157 115  62  -1  -1  -1 194  -1  -1 
  9  -1  -1  -1  -1  -1 110  -1  -1 160  -1  -1  -1  -1  -1  -1  85  -1  -1 233  -1  -1  -1  -1  -1  -1 
 10  -1  -1  -1 201  -1  -1  -1  -1  -1  -1 306  -1  -1  -1  -1 155 179  -1  38  -1  -1  -1  -1  -1  -1 
 11 287 108  -1 113  -1  -1  -1  -1  -1  -1  -1  -1  -1  -1  -1  -1 202  -1  -1  -1  -1  -1  84  -1  -1 
 12  41  -1  27  -1  -1  -1  -1 122  -1  -1  -1  -1  -1 158  -1  -1  -1 243  -1  87  -1  -1  72  -1  -1 
 13  -1  -1 216  -1  -1 257  -1  -1  -1  -1  -1  -1  -1  -1  -1  -1 100  -1 135  -1  -1  -1 296  -1  -1 
 14  -1  58  76  -1  -1  -1 111  -1  -1  -1  -1  -1  -1  -1  -1  -1 267  -1 258  -1  -1 262  -1 128  -1 
 15  -1  70  -1  80  -1  -1  -1  -1  -1  -1  -1  -1 167 173  -1  -1  -1  -1 203  -1  -1  -1  -1  -1  -1 
 16  -1  -1 176  -1  -1  -1  -1  57  -1  -1  -1  35  -1  -1  -1  -1  78 171 102  -1  -1 121  -1  -1  -1 
 17  -1  40 265 252  -1  -1  -1  -1  -1  -1  -1  -1  -1 117  -1  -1 240  -1 154  -1  60  60  -1  -1  -1 
 18  -1  -1  -1  -1  -1  -1  -1 103 148 148  -1 264  -1 248  -1  -1  -1  -1 114  -1  -1  -1  -1  14  -1 
 19  -1  -1 255  34  -1  -1  -1  -1  -1  -1 150 293 300  -1  -1  -1  -1  86  -1  -1  -1 302  -1 292  -1 
 20  -1  -1  -1  -1  -1  -1  91 168 278  -1  -1 247  -1  -1  -1  -1  -1  -1 166 263  -1 211  -1  -1  -1 
 21  -1  -1  -1  -1  -1  -1  -1 133  -1  -1  -1  -1 242 191  -1  -1 286 277 254  -1  -1  -1  -1  -1  -1 
 22  -1  -1  -1  -1 238  22 130 215  26  -1  43 159 104 104  -1  -1  82  -1 170  -1  -1 188  -1 219  -1 
 23  -1  88  -1  -1  -1  -1  59  -1  -1  -1  -1   3 260 145  -1  -1  -1  -1 276  -1  -1 214 301  71  -1 
 24  18  -1  -1  -1  -1  -1  -1  -1  -1  -1  -1  -1  -1  -1  -1  -1 172  -1 220  -1  -1  -1  -1  -1  -1 
 25  -1  -1 147 290  -1  -1 232 279  -1  -1  -1 124 246 304  -1  -1  44  -1  -1  -1  -1 165  42  -1  -1 
 26  -1 175  36  -1 127  -1 198  -1  -1  -1  -1 261  -1  -1 213  -1  -1  -1  -1  -1  -1  -1  -1 164  -1 
 27  -1 144  -1  -1  -1  -1  -1  -1  -1  -1  -1  -1  -1  -1  -1  -1 199  -1 297  -1  -1  -1  -1  -1  -1 
 28  -1  -1  -1  -1  -1  -1  -1  -1  56  -1  -1  -1  -1  -1  -1  81  -1  -1  -1  -1  -1  -1  -1  -1  -1 
 29  -1  -1  -1  -1  -1  -1 289  15  -1  -1  -1  -1 196 209  -1  -1  20 223  -1  -1  -1  25  -1  -1  -1 
 30  -1  -1  -1  -1  -1  -1  30   2   2  -1  -1  -1  19  19  19  -1  -1  17  17  -1   4   4  24  -1  -1 
 31  -1  -1  -1  -1  -1  -1  -1  -1  -1  -1  -1  -1  -1  -1  -1  -1  -1  31  31  31  -1  -1  -1  -1  -1 
 32  -1  -1  -1  -1  -1  -1  -1  68  48  48  -1  -1  61  61  -1  -1  -1  74  -1  -1  46  46  63  63  63 
 33  -1  -1  -1  -1  -1  -1  -1  -1  -1  -1  -1  -1  75  75  75  -1  -1  -1  -1  -1  -1  -1  -1  -1  -1 
 34  -1  -1 107 107 107  -1  -1  -1  -1  -1  -1  -1 112  92  92  -1 118  90  90  -1 105 105  -1  -1  -1 
 35  -1  -1  -1  -1  -1  -1  -1 119 119 119  -1  -1  -1  -1  -1  -1  -1  -1  -1  -1  -1  -1  -1  -1  -1 
 36  -1  -1  -1 149 149  -1 156  -1 136 136  -1  -1  -1 134 134  -1  -1  -1  -1  -1  -1 162 151 151 151 
 37  -1  -1 163 163 163  -1  -1  -1  -1  -1  -1  -1  -1  -1  -1  -1  -1  -1  -1  -1  -1  -1  -1  -1  -1 
 38  -1  -1 195 195 195  -1 206  -1 178 178 193 193  -1 180 180  -1  -1  -1  -1  -1  -1  -1 200  -1  -1 
 39  -1  -1  -1  -1  -1  -1  -1  -1  -1  -1 207 207 207  -1  -1  -1  -1  -1  -1  -1  -1  -1  -1  -1  -1 
 40  -1 224 224  -1  -1  -1 250 239 239 239  -1  -1  -1 222 222  -1  -1 244  -1  -1  -1  -1 237 237  -1 
 41  -1  -1  -1  -1  -1  -1  -1  -1  -1  -1  -1  -1  -1  -1  -1  -1  -1  -1  -1  -1  -1  -1 251 251 251 
 42  -1 294  -1  -1  -1  -1  -1  -1 266 266  -1  -1 283 283 283  -1  -1 288  -1  -1 268 268 281 281  -1 
 43  -1  -1  -1  -1  -1 295 295 295  -1  -1  -1  -1  -1  -1  -1  -1  -1  -1  -1  -1  -1  -1  -1  -1  -1 
 44 109  -1  96  -1  -1  -1  -1 230  -1  -1  -1  -1 153  -1  -1  -1  -1  -1  -1  -1  -1  -1  -1   8  -1 
 45  -1  55  -1 275  -1 315  -1  -1  -1  -1  -1 227  -1  -1  -1 197 228  -1  -1  -1  97  -1 313  -1  -1 
 46  -1   7  -1  -1  -1  -1 140 184  -1  -1  -1  -1  -1  -1  -1  -1  -1  -1  -1  -1  -1 142  -1 271  -1 
 47 311 182 141  -1  -1  -1  -1  -1  -1  -1  -1  53  -1  52  -1 285  -1  -1   9  -1  -1  93  -1  -1  -1 
 48  -1 139  -1  -1 309  -1  -1  54  99  -1  -1  -1  -1  -1  -1  -1 137  -1  -1 316 241  -1  -1 181  -1 
 49  -1  -1  -1 186  -1  -1  -1  94  -1  -1  -1 143  -1 273  -1  -1   5  -1  -1  -1  -1  -1  -1  -1  -1 
 50  -1  -1  -1  -1  -1  -1  50  -1  -1  -1  -1  -1 308  -1  -1  65  -1 269  -1  -1  -1 187  -1  95  -1 
 51  -1  -1  -1  -1  -1  -1 225  -1  -1  -1  -1  -1  -1  10  -1  -1  -1  -1 272  -1  -1  -1  21  -1 312 
 52  -1  -1  -1   6  -1  -1  11  -1 226  -1  -1  -1  -1  -1  -1  -1  98  49 183  -1  -1  -1  -1 231  -1 
 53  -1 274  51 229  -1  -1  -1 270  -1  -1 314  -1  -1  -1  -1 310  -1 138  -1  -1 185  -1  -1  -1  -1 

r\t   0   1   2   3   4   5   6   7   8   9  10  11  12  13  14  15  16  17  18  19  20  21  22  23  24 
  0  -1  -1  -1 282  -1  -1  -1  -1 292  -1  -1  -1  84 108  -1  -1  -1 148 148  -1  -1  -1  -1 160  -1 
  1  -1  -1 234  -1  -1  -1  42  -1 213  -1  -1 144  -1 287  -1  -1  35  34  -1  -1  -1 190  -1  15  -1 
  2  -1 254  88  -1 106  -1  47  -1 216  -1  -1  -1 168  -1  -1  -1  -1  -1  73  -1  -1  -1  -1 223  -1 
  3  -1  -1 121  -1  -1  -1   1 113  -1  -1  -1  -1  -1  -1  -1  -1 204 245 202  -1  -1  -1  -1 305  40 
  4  -1 302  -1  -1  -1  -1  -1  -1  -1  -1 306 191  -1  -1  -1  -1 101  91 117  -1  -1  37  -1  77  -1 
  5  -1  -1  -1 248  -1  -1  -1  -1  -1  -1 280 280  -1  -1  -1  -1 196 290  -1  -1  -1 249  25  -1  -1 
  6  -1  -1  85  -1  -1  -1  -1  -1 161 257  -1  -1  -1  -1  -1  -1  -1 284  57  -1  -1  -1  -1  -1 217 
  7  -1  -1  -1 129  -1  -1  -1  62  28  -1  -1  -1 173  -1  -1  -1 259 124  -1  -1  -1 152  -1  -1 221 
  8  -1  -1 253  -1  -1  -1 263  -1  -1  -1 111  36  -1  -1  -1 177  -1  -1  -1  -1  -1  -1  -1  -1  -1 
  9  -1  80  -1  -1  -1  -1 299  -1 264  -1  -1   0  -1  -1  -1 150  -1  -1  -1 218 236 236 128  -1  -1 
 10  -1  -1  -1  76  -1  -1  -1 296  16  16  -1  -1 289  -1  -1  -1  -1  -1  -1  -1  -1  -1  -1 104 104 
 11  -1 135  -1 209  -1  -1  -1  -1  45  -1  -1 235  -1  -1  -1  -1  -1  -1 247  -1  -1  -1  -1  -1  87 
 12  -1 201  -1  -1  -1  -1  -1  -1  -1  -1  -1  69 169  79  -1  -1  -1  -1  -1  89  -1  -1  -1  -1  -1 
 13 127  -1  -1  -1  -1  -1  -1  -1  -1  -1 301 298 267  33  -1  -1  -1  -1  -1  -1  60  60 214  -1  -1 
 14  -1  -1 293 297  -1  -1 120  18  -1  -1  -1  -1  -1  -1  -1  -1  -1 179  -1  -1  -1  -1 279  -1  -1 
 15  -1 276  -1 123  -1  -1 131  -1 188  -1  -1  -1 233 154  -1  -1  -1  -1  14  -1  -1  -1  -1 208  -1 
 16  -1  -1 175  -1  -1  -1  -1  -1  -1  -1  -1  -1  -1  -1  -1  -1  -1  -1  -1  -1  -1  71  -1  -1  -1 
 17  -1   3  83  -1  -1  -1 100  -1  -1  -1  -1  -1 145  -1  -1  -1  -1  -1  -1  -1  86  -1  -1  -1  -1 
 18  -1  29 212  66  -1  -1  -1  -1  -1  -1  -1  -1 303 262  -1  -1 220  59  -1  -1  -1  -1  -1 132  -1 
 19  -1 159  -1  -1  41  -1  26  -1  -1  -1  -1  -1 103  -1  -1  -1  64 265  -1  -1  -1 133 165  -1  -1 
 20  -1  -1 174  -1  -1  -1  -1  -1  -1  -1  -1  44  -1  -1  -1  -1  -1  -1  -1  -1  38  -1  -1  -1  -1 
 21  -1 155 158 164  -1  -1  -1 198 255  -1  -1  -1  -1  -1  -1  -1 277  -1  -1  -1  -1 211  -1 146  -1 
 22  -1 116  70  -1  -1  -1  -1  -1  -1  -1  -1 205  -1  -1  -1  -1  -1 194  32  -1  -1  -1 246  -1  -1 
 23  -1  -1  -1  -1  -1  -1  -1  -1  -1  -1  -1  12  81  -1  -1  -1  20  -1  -1  43  -1 114 192 192  -1 
 24  -1  58  -1  -1  -1  -1 189  -1  -1 176  39 252  -1  67  -1  -1  -1  -1 102 307  -1  -1 210  -1  -1 
 25  -1  -1  -1 242  -1 258  -1  -1  -1  -1  -1 122 286  -1  -1  -1  -1  -1 278  -1  -1 300  23 115  -1 
 26  -1 291 219  -1 260  -1  -1 147  -1  -1 126  -1  -1  -1  -1  -1  -1  13  -1  -1  -1  -1  72 238  -1 
 27  -1 130  56 199  -1  -1 240 203  -1  -1 304 166  -1  82  -1  -1  -1 171  -1  -1  -1  -1  -1  -1  22 
 28  -1 232 172  -1  -1  -1  -1  -1  -1  -1  -1 215 170  -1  -1  -1  -1  -1  -1  -1  -1  -1 110 256  -1 
 29  -1  -1  -1  -1  -1  -1  -1  78  -1  -1  -1  27  -1 243 261  -1  -1 167 157  -1  -1  -1  -1  -1 125 
 30  -1  -1  17  17  -1  -1  -1  24  -1  -1  -1  -1  19  19  19   4   4  -1   2   2  -1  -1  -1  30  -1 
 31  -1  -1  31  31  31  -1  -1  -1  -1  -1  -1  -1  -1  -1  -1  -1  -1  -1  -1  -1  -1  -1  -1  -1  -1 
 32  -1  -1  -1  -1  -1  -1  74  -1  -1  -1  61  61  68  -1  -1  -1  -1  -1  46  46  48  48  63  63  63 
 33  -1  -1  -1  -1  -1  -1  -1  -1  -1  -1  -1  -1  -1  -1  -1  75  75  75  -1  -1  -1  -1  -1  -1  -1 
 34  -1  -1 105 105  -1  -1  -1 107 107 107  -1  -1  -1  -1  -1  -1 112  -1  -1  -1  92  92 118  90  90 
 35  -1  -1  -1  -1  -1  -1  -1  -1  -1  -1  -1  -1 119 119 119  -1  -1  -1  -1  -1  -1  -1  -1  -1  -1 
 36  -1  -1 151 151 151 149 149  -1 136 136  -1  -1  -1  -1  -1  -1 156 134 134  -1  -1  -1 162  -1  -1 
 37  -1  -1  -1  -1  -1 163 163 163  -1  -1  -1  -1  -1  -1  -1  -1  -1  -1  -1  -1  -1  -1  -1  -1  -1 
 38 195 195 195  -1  -1  -1 200  -1 206  -1  -1  -1 193 193  -1  -1  -1  -1 180 180  -1  -1  -1 178 178 
 39  -1  -1  -1  -1  -1  -1  -1  -1  -1  -1  -1  -1 207 207 207  -1  -1  -1  -1  -1  -1  -1  -1  -1  -1 
 40  -1  -1  -1  -1  -1  -1  -1 237 237  -1  -1  -1 250 244  -1 239 239 239 222 222 224 224  -1  -1  -1 
 41  -1  -1  -1  -1  -1 251 251 251  -1  -1  -1  -1  -1  -1  -1  -1  -1  -1  -1  -1  -1  -1  -1  -1  -1 
 42  -1  -1  -1  -1  -1  -1  -1 283 283 283  -1  -1  -1 288  -1  -1 294  -1 268 268 266 266  -1 281 281 
 43  -1  -1  -1  -1  -1  -1  -1  -1  -1  -1  -1  -1  -1  -1  -1  -1  -1  -1  -1  -1  -1  -1 295 295 295 
 44  -1  21   5  -1 311  -1  65  -1  10  -1  -1  -1  -1  -1  -1  -1  54  11  -1  -1 185 181  -1  -1  -1 
 45  -1 273  -1  -1  -1  -1  -1  -1  -1   9 312 269  -1  -1  -1  -1  -1 109  -1 138  -1  -1  -1 272 143 
 46 285  -1  -1  -1  -1  -1  -1  -1  -1  -1  -1  -1 142  -1  -1 271  -1  -1  -1  -1   7  -1  -1  -1  -1 
 47 310 226  -1  -1  -1  -1 275  -1  -1  -1  -1  96  -1  -1  -1  -1  -1  -1  -1  -1  -1  -1  -1  -1  -1 
 48  -1  93 270  -1  -1  -1  98  -1  94  -1  -1 141  -1  -1  -1  -1  97  -1  -1  -1 140  -1 153  -1  -1 
 49  -1  -1 137  -1  -1 309  -1  -1 229 228  -1 187  -1  -1  -1  -1 183  52  -1  -1  -1  -1  -1   8  -1 
 50  -1  -1  55  -1  -1  -1  -1  -1  -1  -1  -1  -1 225 313 316  -1  -1  -1  -1  -1  -1  -1 241  53  -1 
 51  -1  -1  -1 308  -1  -1 182  -1  -1  -1  -1 231  -1  -1  -1  99  -1  -1  -1  -1  -1  -1 315  -1  -1 
 52  -1  -1 184  -1  -1  -1  -1  -1 186  -1 197  -1  49  -1  -1  -1 274 227  95  -1  -1   6  -1  -1  -1 
 53  -1  51 230  -1  -1  -1  -1 314  -1  50  -1  -1  -1  -1  -1  -1 139  -1  -1  -1  -1  -1  -1  -1  -1 

r\t   0   1   2   3   4   5   6   7   8   9  10  11  12  13  14  15  16  17  18  19  20  21  22  23  24 
  0  -1  -1  -1 116  -1  -1 150  -1 101  -1  -1  -1  29 194  -1  -1  -1  -1 174 198  -1  -1  69 145  -1 
  1 236 236  -1  80  -1  -1  -1 147  -1  -1  -1 211 214 117  -1  -1 243  -1  78 213  -1 246 290  73  -1 
  2  -1  -1  38  -1  -1  -1  34 245  -1  -1  -1 233  -1  -1  -1  -1  -1  26  -1  -1  -1  -1  -1  -1  -1 
  3  -1  -1  -1  45  -1  -1 300  16  16  18  -1  -1  -1 130  -1  -1  -1  -1  -1  -1  -1 120 247  -1  -1 
  4  -1  -1  -1  -1  -1  -1 179  -1 171  -1  -1  -1  -1 235  -1  -1  62  -1 196  -1  -1  -1  -1  20  -1 
  5  -1  37  -1  -1  -1 176  -1  -1  -1  -1  -1  -1  15 175  -1  -1  -1  -1  -1  -1  86  -1  -1  -1  -1 
  6  -1 255  -1  91  -1  -1  -1  -1 115 217  -1  -1 302  -1  -1  -1  -1  -1 263  -1  -1  79  60  60  -1 
  7  66 257  -1  -1  -1  -1  -1  -1  -1  -1  -1 296 299  -1 286  -1  -1  -1  -1  -1  -1  -1  -1  -1  -1 
  8  -1  -1  -1  -1  -1  -1  -1  27 205  -1  -1  64  -1  23  -1  -1  -1 191 209  -1  -1  -1 199  -1  -1 
  9  -1  -1  88  -1  -1 259  -1  -1  -1  -1  -1   3  -1 110  -1  -1 303  -1  -1 260  -1  -1  -1 202  -1 
 10  -1  25  13  -1  -1 218  -1 201  -1  -1  -1 188  -1  -1  -1  -1 155  -1  -1  -1 127  -1  -1 234  -1 
 11  -1  -1  -1 111  -1  -1  81  -1 287  -1  -1  -1  -1  -1  43  -1  28  -1   1  -1 131  -1  -1  -1  -1 
 12  -1  -1 223 128  -1  -1 135  -1  -1  -1  -1 256  -1 170  -1  -1  -1 248  56  -1  -1  -1  -1  -1  -1 
 13  -1 144 208 157  -1  -1  -1 108  71  -1  -1  -1  -1  -1  -1  -1  -1 220 158  -1  -1  -1  -1  -1  -1 
 14  -1  42 100  -1 282  -1 114  72  -1  -1  -1  -1  -1  -1  -1  -1  -1  -1  -1  -1  -1  -1  -1  -1  -1 
 15  -1  -1  -1  -1  -1  -1  -1  -1  -1  -1  -1  -1  -1  -1  -1 301  -1  -1  -1  -1  -1  59 113 189  -1 
 16  -1  47 252 173  -1  -1  12 215  33  -1  -1 132  -1  -1  -1  -1  -1  -1  -1  -1  -1  -1  -1  -1 177 
 17  -1  -1  -1  -1 106  -1  -1  39  -1  -1  -1  -1 276  -1  -1  -1  -1  -1  -1 305  -1  -1 203 168  -1 
 18  -1  -1  -1  -1  -1  -1  -1 124  -1  -1  -1  -1  -1 292  -1  -1  -1 159  -1  -1  -1  -1  -1  -1  -1 
 19  -1 297  70  32  -1  -1 161  -1 253  -1 104 104 152 210  -1  -1  -1  -1  -1  -1  -1 103 280 280  -1 
 20  -1  -1 148 148  -1  -1 307  89  -1  -1  -1  -1  -1  -1  -1  -1  -1  -1  -1  -1  -1  -1  -1  -1  -1 
 21  -1  -1  -1 278  -1  -1 232  -1  36  -1  -1  -1   0  -1  -1  -1  -1 279  -1  83  -1 284 166  -1  -1 
 22  -1  -1  -1  -1  -1  -1  -1  -1 267  -1  -1  -1 264  -1  -1  -1  -1  -1  -1  -1  -1  -1 242  -1  -1 
 23  -1  14 123  -1  67  -1  57  -1  -1  -1  -1  35  -1 125 304  -1 289  -1 254  -1  -1 240  -1  44  -1 
 24  -1  -1 126 172  -1  -1 102  -1  -1  -1  87 146 190  -1  -1  -1 122  -1  -1  -1  -1  -1  -1  -1  -1 
 25  -1  -1 238  -1  -1  -1  -1  -1  -1  -1  -1  76 165  -1 258  85  -1  58  -1  -1  -1  -1  -1  -1  -1 
 26  -1 204  -1 129  -1  -1  -1  -1  -1  -1  -1  -1  -1  -1  -1  -1  -1  -1  -1  -1  -1 133  -1  -1  -1 
 27  -1 121 291  -1  41  -1  -1 293  -1  -1  -1  22  -1  -1  -1  -1  -1  -1  -1  -1  -1 221  -1  -1  -1 
 28 216  -1  -1  -1  -1  -1  -1  -1  -1 261  82  -1  -1  -1 219  -1 249  -1 298  -1 265  -1 154  -1  -1 
 29  -1 167 277 212  -1  -1  77  84  -1  -1 169  40 306 160  -1  -1 164  -1  -1  -1 192 192 262  -1  -1 
 30   4   4  24  -1  -1  -1  -1   2   2  -1  -1  -1  -1  -1  -1  19  19  19  -1  -1  17  17  -1  30  -1 
 31  -1  -1  -1  -1  -1  -1  -1  -1  -1  -1  -1  -1  -1  -1  -1  -1  -1  -1  -1  -1  31  31  31  -1  -1 
 32  -1  68  -1  -1  -1  48  48  63  63  63  -1  -1  61  61  -1  -1  74  -1  -1  -1  46  46  -1  -1  -1 
 33  -1  -1  -1  -1  -1  -1  -1  -1  -1  -1  -1  -1  75  75  75  -1  -1  -1  -1  -1  -1  -1  -1  -1  -1 
 34  -1  -1  -1  -1  -1  92  92  -1  -1  -1  -1 118 112  -1  -1  -1  -1 105 105  -1  90  90 107 107 107 
 35  -1  -1  -1  -1  -1  -1  -1  -1  -1  -1  -1  -1  -1  -1  -1  -1  -1 119 119 119  -1  -1  -1  -1  -1 
 36 134 134 156  -1  -1  -1  -1  -1 149 149  -1  -1 162  -1  -1  -1  -1 151 151 151  -1  -1  -1 136 136 
 37  -1  -1  -1  -1  -1  -1  -1 163 163 163  -1  -1  -1  -1  -1  -1  -1  -1  -1  -1  -1  -1  -1  -1  -1 
 38 178 178 195 195 195  -1 206 193 193  -1  -1  -1 200  -1  -1  -1  -1  -1  -1  -1 180 180  -1  -1  -1 
 39  -1  -1  -1  -1  -1  -1  -1  -1  -1  -1  -1  -1  -1  -1  -1 207 207 207  -1  -1  -1  -1  -1  -1  -1 
 40 224 224  -1 244  -1  -1 250 239 239 239  -1  -1  -1  -1  -1  -1  -1 237 237  -1  -1  -1  -1 222 222 
 41  -1  -1  -1  -1  -1  -1  -1  -1  -1  -1  -1  -1 251 251 251  -1  -1  -1  -1  -1  -1  -1  -1  -1  -1 
 42 266 266  -1 294  -1 283 283 283  -1  -1  -1  -1  -1  -1  -1 281 281  -1  -1  -1  -1 288  -1 268 268 
 43  -1  -1  -1  -1  -1  -1  -1  -1  -1  -1  -1  -1  -1  -1  -1 295 295 295  -1  -1  -1  -1  -1  -1  -1 
 44  -1  -1  -1 271  -1   8  -1 185  -1 313  -1  -1 228  -1  -1  -1  -1 184  -1  -1  -1  -1 315  -1  -1 
 45  -1  -1  -1  -1  -1 143  -1  -1 186  -1  -1  -1  -1  -1  -1  -1 109  -1  -1  -1  -1  -1  -1  -1  -1 
 46  -1  -1 272 229  -1  -1  -1  -1  -1  -1  -1  -1  -1  -1 309  -1  -1 273  93 310  -1  -1  -1   6  -1 
 47  -1  -1  10  21 311  -1 197 269  -1  -1 241 275 182 285  -1  -1  -1  95  -1  -1  -1  -1  -1  -1  -1 
 48  -1  -1  -1  -1  -1  -1  -1  -1  -1  -1  -1  51  50  -1  -1  -1  -1   7 270  -1  -1 274  -1  -1  -1 
 49  -1  -1  -1  -1  -1 231  -1  -1  -1  -1  -1  -1  -1  -1  -1 312  -1  -1  -1  -1  -1  -1  -1 183   9 
 50  99  -1  52 137  -1  -1  11  -1 139  -1  -1 181  98 153  -1  -1  -1  53  49  -1 138  -1  -1  -1  -1 
 51  -1  97  -1  -1  -1  -1  -1  54  94  -1  -1 230  -1  -1  -1  -1 308  -1 227  -1  -1  -1  -1  -1  -1 
 52  -1  -1  -1  -1  -1  -1 226  -1  -1  -1 316  -1 142  -1  -1  -1  -1 141  -1  -1  -1  -1  -1  -1  55 
 53  -1  65 140  -1  -1  -1  -1  -1  -1  -1  -1  96  -1 314  -1  -1  -1  -1 187  -1 225   5  -1  -1  -1 

r\t   0   1   2   3   4   5   6   7   8   9  10  11  12  13  14  15  16  17  18  19  20  21  22  23  24 
  0  -1  -1 277  34  -1  -1  -1  -1  -1  -1  -1  -1  -1 168  -1  -1  -1  -1  -1  -1  -1  -1  -1 209  -1 
  1  -1 201  33  -1  -1 238  -1  57 176  -1  -1   3  -1  -1  -1  -1  -1  -1  -1  -1  -1  64 158  -1  -1 
  2  -1  -1  59  -1  -1  -1 234  80 131  -1  -1  -1  44  -1  -1  -1  -1 215   0  -1  -1  -1  -1  -1  -1 
  3  -1 117  -1 165  -1  -1  -1  -1  -1  -1  -1  -1 235  -1  -1  -1  62  -1  -1  -1  -1  -1 290 188  -1 
  4  -1  -1  -1 110  -1  -1 174  -1  45  -1  -1  -1  -1 276 221  -1  -1 307  -1  -1  -1  26  -1  -1  -1 
  5  -1  -1  -1 253  -1  -1  -1  -1  -1  67  -1  86 284  -1  -1  -1  -1  -1  -1  -1 265 219  -1  -1  -1 
  6  -1  -1 101  -1  -1 173  -1 125  -1  -1  -1  -1  -1 298  -1  -1  -1 304  -1  -1  -1 159  -1  -1  -1 
  7  18  79  -1  -1  -1  -1  -1  -1  -1  -1  -1  23  -1 210  -1  -1  -1 147 144  -1  -1  -1 218  -1  -1 
  8  84  -1  -1 164  -1  -1  -1  -1  -1  -1  -1  -1  -1 240  -1  -1  -1  13  -1  -1  -1  -1  -1  -1  -1 
  9  -1  -1 258  12  -1  -1 261  -1  28  -1  -1  -1  -1  -1  -1  -1  -1  -1 113  -1  -1  -1  -1 123  -1 
 10  -1 100  -1  71  -1 170  -1  -1  -1  -1  -1  -1  -1 114  -1  -1  -1  -1  -1  -1  -1  -1  -1  -1  -1 
 11  -1  -1  -1 196  -1 303  -1  15  70 301  -1 198  32 104 104  -1  -1  -1  -1 175  -1 121 116  -1  -1 
 12  -1  -1  -1  -1  -1  -1 108  -1 154  -1  -1  -1  -1  -1  40 106 204  -1  -1  -1  -1  -1  -1  -1  -1 
 13  -1  -1  -1  -1 127  -1  -1 296  -1  -1  -1 124 289  -1  -1  -1  -1  -1  -1  -1  -1 232  -1 263  -1 
 14  -1  -1 245  -1  -1  -1 217  -1  -1  -1  -1  -1  -1  -1  -1  -1  -1  -1 208  37  83 300  -1  -1  -1 
 15  -1  -1  -1  56  -1  -1  -1  -1 135  -1  -1  -1  -1  -1  -1  -1 287 280 280  -1  -1  -1  -1 103   1 
 16  -1  -1  -1  -1 172  -1  -1  -1  -1  -1  -1  -1 211 247  -1  -1 128  -1  -1  -1  -1  -1  81  -1  -1 
 17  42 233 293 177  -1  -1 191  -1  -1  -1  -1  -1 246  -1  -1  -1  -1 212  -1  -1 150  73  -1  -1  82 
 18  -1 199  36  91 282  -1 248  -1 302 155  -1  -1  -1  -1  -1 257  -1  -1  14  -1  -1  -1  -1  -1  -1 
 19  -1  58  -1  -1  -1 213  -1 223  -1  -1  -1 279 115  -1  -1  -1  69  -1  -1 286  -1  -1  -1  -1  -1 
 20 126  -1  72  -1  -1  -1 299 122  -1  -1  -1  -1  60  60  -1  -1  -1  76 157  -1  -1  77  -1  -1  -1 
 21  -1 306  -1  -1  -1  -1  -1  -1  -1  -1  -1  -1  -1  25  -1  -1  -1 267  -1  -1  -1  20  -1  -1  -1 
 22  -1 132 236 236  22  87  -1 203  -1  -1  -1 160 148 148  -1  -1  -1  38 255 243  -1 145  -1 249 129 
 23  -1 179  -1  -1  -1  -1  -1  -1  -1  -1  -1 205  -1  -1  -1  -1  -1  -1  -1  -1  -1  -1 111 133  -1 
 24  -1 254  -1 202  -1  -1 216 305  -1  -1  -1  -1  -1  78  -1  -1 166 259  -1  -1  -1  -1  -1  -1  -1 
 25  -1  85  -1 220  -1  -1  47 189  -1  -1  66  -1  43  -1  41  -1 120  -1  35  -1  -1 214  -1  -1  -1 
 26  -1 291 190 278  -1  -1 171  -1  -1  -1  -1  -1  -1  -1  -1  -1 194  -1  -1  39  -1 102  16  16  -1 
 27  -1  -1  -1 297  -1  -1  -1 152 292  -1  -1  89 192 192  -1  -1  -1 167  -1  -1  -1 252  -1  -1  -1 
 28  -1  27  -1  -1  -1  -1  -1 260  -1  -1  -1 146  -1  -1  -1  -1  -1  88  -1  -1  -1  -1 256  -1  -1 
 29  -1 264  -1  -1 169  -1 262 242 161  -1  -1  -1  -1  -1  -1  -1  -1  29  -1 130  -1  -1  -1  -1  -1 
 30  -1   4   4  -1  -1  17  17  -1  -1  -1  -1  24  19  19  19  -1  -1  -1  -1  -1   2   2  -1  30  -1 
 31  -1  -1  -1  -1  -1  31  31  31  -1  -1  -1  -1  -1  -1  -1  -1  -1  -1  -1  -1  -1  -1  -1  -1  -1 
 32  -1  -1  48  48  -1  -1  68  -1  -1  -1  -1  74  -1  46  46  -1  -1  63  63  63  -1  -1  61  61  -1 
 33  -1  -1  -1  -1  -1  -1  -1  -1  -1  -1  -1  -1  -1  -1  -1  -1  -1  -1  -1  -1  -1  -1  75  75  75 
 34  -1  -1 118 112  -1  -1  -1 105 105  -1  -1  -1  -1  92  92  -1  -1 107 107 107  90  90  -1  -1  -1 
 35  -1  -1  -1  -1  -1  -1  -1 119 119 119  -1  -1  -1  -1  -1  -1  -1  -1  -1  -1  -1  -1  -1  -1  -1 
 36  -1 162 151 151 151  -1  -1  -1  -1  -1  -1  -1 156 136 136 149 149 134 134  -1  -1  -1  -1  -1  -1 
 37  -1  -1  -1  -1  -1 163 163 163  -1  -1  -1  -1  -1  -1  -1  -1  -1  -1  -1  -1  -1  -1  -1  -1  -1 
 38  -1  -1  -1  -1  -1  -1 206  -1 200  -1  -1  -1  -1 180 180  -1  -1 195 195 195 193 193  -1 178 178 
 39  -1  -1  -1  -1  -1  -1  -1  -1  -1  -1  -1  -1  -1  -1  -1  -1  -1  -1  -1  -1 207 207 207  -1  -1 
 40  -1  -1  -1  -1  -1  -1  -1 250 244  -1  -1  -1 222 222  -1  -1  -1 237 237  -1 224 224 239 239 239 
 41  -1  -1  -1  -1  -1  -1  -1  -1  -1  -1  -1  -1  -1  -1  -1 251 251 251  -1  -1  -1  -1  -1  -1  -1 
 42  -1  -1  -1  -1  -1 281 281 268 268  -1  -1  -1  -1 266 266  -1 294 288  -1  -1  -1  -1 283 283 283 
 43  -1  -1  -1  -1  -1  -1  -1  -1  -1  -1 295 295 295  -1  -1  -1  -1  -1  -1  -1  -1  -1  -1  -1  -1 
 44  -1  -1  -1  -1  -1  -1 141  -1  -1 285  -1  -1  -1  -1  -1  -1  -1   5  -1  -1  -1  -1  -1  -1  -1 
 45 316  95  -1  -1  -1  -1  -1  -1  -1  -1  -1  -1  97   7  -1  -1  21 182 270  -1  -1  52  -1  -1  -1 
 46  -1  -1  94  -1  -1  -1  65  98  -1  -1  -1 140  -1  -1  -1  -1 109  -1  -1 311  -1  -1  -1  -1  -1 
 47  -1  -1 187 272  -1  -1  10  -1  -1  -1 315  -1  -1  -1  -1  -1  -1  -1  -1  -1  -1  -1  -1  51 143 
 48  -1  -1  -1  -1  -1  -1  -1  50 230  -1  -1  -1   6  -1  -1  -1  -1  53  -1  -1  -1  -1 153  -1  -1 
 49  -1  -1 231 142  -1  -1 275 181  -1  -1  -1  -1  -1  -1  -1  -1  -1  -1  -1  -1  -1  -1  -1   8  -1 
 50  -1  49 138  -1  -1  -1  -1  -1  -1  -1  -1  -1 137  -1  -1  -1  -1 227 226  -1  -1 139  -1  93  -1 
 51  -1 229  -1  -1  -1  -1 228  -1  -1  -1  -1 225  -1  -1  -1  -1 308  -1  -1  -1  -1  -1  -1  -1  -1 
 52  -1  -1 271  -1 312  -1 186  -1  11 314  -1 274 184  -1  -1  -1  -1  -1 183  -1  54 185 313  -1  99 
 53  -1  -1  -1   9  -1 309  96  -1  -1 197 241  55  -1  -1  -1 310  -1  -1  -1  -1  -1 273  -1 269  -1 

r\t   0   1   2   3   4   5   6   7   8   9  10  11  12  13  14  15  16  17  18  19  20  21  22  23  24 
  0  37  -1  32  -1  -1 192 192  -1  -1  -1  -1  23 265 235  -1  -1  76  -1  -1  -1  -1  -1  -1  -1  -1 
  1  -1 144  -1  59  -1 129  -1  71  -1  -1  -1  -1 148 148  -1  -1  -1  -1 165 127  -1  -1  -1  -1  -1 
  2  -1  -1  -1  -1  -1  -1 240  34  -1  -1  -1  -1  -1 157  -1  -1 194  -1  -1  -1  -1  -1  -1  -1  -1 
  3  -1 132  14  -1  -1  -1  58  -1  -1  -1  -1  -1  -1 172  -1  -1 171  -1  -1  -1  -1  -1  -1  -1  -1 
  4  -1 255 164  -1  -1  -1  78  -1 292  -1  -1  -1  -1  -1  -1  -1  -1  -1  -1  -1  -1  88  -1  -1  -1 
  5  -1 203  47  -1  -1  -1 299  -1  -1  -1  -1 223  -1  -1  -1  -1 146 300  -1  -1 305  -1 212  28  -1 
  6  -1  -1  -1 261  -1  86 102  -1  -1  -1  -1  -1  -1  -1  -1  -1  12 234  -1 258  -1  -1  -1  -1  -1 
  7  -1  -1 252 177  -1  -1 210  -1  -1  -1  -1 166  -1  -1  -1  -1  -1  -1 128 150  -1 246  -1  -1  -1 
  8 304  -1  -1  -1  -1  -1 276  -1  -1  -1  -1  -1  -1  -1 263  -1  85  -1  -1  -1  -1  -1  -1 115  -1 
  9  -1  -1  -1  13  -1  -1  20  -1  -1 174  -1  -1 191  -1  -1  -1  -1  -1  80  -1  84  -1 247  -1  83 
 10  -1  -1 202 159  -1  -1  -1  -1  -1  -1  -1  -1  -1  -1 155  -1 293  -1 121  -1  -1  -1  -1  -1  -1 
 11  -1  -1  -1  -1  -1  -1  -1 117  45  -1  -1  -1  -1  -1  -1  -1 213  60  60  -1  -1 147  -1 204  -1 
 12  -1  79 297  -1  -1 216  -1  56  -1  -1  -1  -1  -1 290  -1  -1  -1  -1  -1  67  -1  -1  -1  -1  -1 
 13  -1  -1 282  -1  -1  -1 214  -1 103 217  -1  -1  -1 220  -1  -1  -1  -1  -1  -1  -1 201  -1  -1  -1 
 14 110  -1  -1  -1  -1  -1  -1  -1  -1  -1  -1  26  -1  -1  -1  -1  -1 205  -1 126  42 218  -1 169  -1 
 15  -1  -1 236 236  -1 286  36  16  16  -1  -1  73  -1  -1  -1  -1  -1  -1  -1 238 106  -1  -1 298  -1 
 16  -1 111  -1  -1  -1  -1  87 208  -1  -1  -1  -1  -1 209  -1  -1  -1  -1 173  -1  62 221  70  -1  22 
 17  -1  57  72  -1 130  -1 135  -1  -1  66  -1  -1  -1  -1  -1  -1 179  -1 145  -1  -1 161  -1  -1  -1 
 18  -1 242  -1  -1  -1  -1 124 284  -1  -1  -1  -1  -1 277  -1  -1  -1  -1  -1 303  -1  -1  -1  69  -1 
 19  -1  -1  -1  -1  -1  -1  27 296  -1  -1  -1  -1 257   1  -1  -1 248  -1  82  -1  -1  44 114  -1  -1 
 20  -1  15  -1  -1  -1  -1 256  -1  33  -1  18  -1 245  -1  -1 307  -1 116  -1  -1  -1  -1  -1  -1  41 
 21 280 280 113  -1  -1  -1  -1  77 168  -1  -1   3 167 189  -1  -1 123 264  -1  -1  -1  -1 215  -1  -1 
 22 306  -1  -1  -1 198  -1 154  -1  -1  -1  -1  -1  -1  -1  -1  -1 160  -1  -1  -1  -1  -1  -1  -1  -1 
 23  -1  -1 175  -1  -1 262  -1 176  -1  -1  -1  81  -1  -1  -1  -1  35  -1 131  -1  -1  -1  -1  -1  -1 
 24  -1  -1  -1  -1  -1  -1   0  -1  38  43  -1 243  -1  -1  -1  -1  -1  -1 188  -1  -1  -1  -1  -1  -1 
 25 199 158  -1  -1  -1  -1  -1 133  -1 302  -1  64  -1  -1  -1  -1  -1 125 260  -1  -1  -1  -1  -1  -1 
 26  -1  -1 100 196  -1  -1  -1 101  -1  -1 170 278 122  -1  -1  -1  -1 254 249  -1  -1  -1  -1  -1  -1 
 27  -1  91  -1 291  -1  -1 211  -1  40 287  -1  -1  -1 253  -1  -1  -1 104 104 301  -1  39 289  -1  -1 
 28  -1 120 267  -1  -1  -1  -1 152  -1  -1  -1  -1 233  -1  -1  -1 232 259  -1  -1  -1  -1  -1  -1  -1 
 29  -1  25  -1  89  -1  -1  -1  -1  -1  -1 219  -1  -1  -1  -1  -1  -1 190  29  -1  -1 108 279  -1  -1 
 30  -1  -1  -1  24  -1  -1  -1   2   2  -1  -1  -1  30  -1  -1   4   4  19  19  19  -1  -1  17  17  -1 
 31  -1  -1  -1  -1  -1  -1  -1  -1  -1  -1  -1  -1  -1  -1  -1  -1  -1  -1  -1  -1  31  31  31  -1  -1 
 32  -1  -1  -1  68  -1  -1  -1  -1  -1  -1  -1  -1  61  61  -1  46  46  48  48  -1  -1  74  63  63  63 
 33  -1  -1  -1  -1  -1  -1  -1  -1  -1  -1  -1  -1  75  75  75  -1  -1  -1  -1  -1  -1  -1  -1  -1  -1 
 34  -1  -1  -1  -1  -1  92  92  -1 112  -1  -1  -1 105 105  -1  -1  -1  90  90  -1  -1 118 107 107 107 
 35  -1  -1  -1  -1  -1  -1  -1  -1  -1  -1  -1  -1 119 119 119  -1  -1  -1  -1  -1  -1  -1  -1  -1  -1 
 36  -1  -1 151 151 151  -1 156  -1  -1  -1  -1  -1 134 134  -1 136 136  -1 162  -1  -1  -1 149 149  -1 
 37  -1  -1  -1  -1  -1  -1  -1  -1  -1  -1  -1  -1  -1  -1  -1  -1  -1  -1  -1  -1  -1  -1 163 163 163 
 38  -1 180 180  -1  -1 178 178 193 193  -1  -1  -1  -1  -1  -1  -1 200  -1 206  -1  -1  -1 195 195 195 
 39  -1  -1  -1  -1  -1  -1  -1  -1  -1  -1 207 207 207  -1  -1  -1  -1  -1  -1  -1  -1  -1  -1  -1  -1 
 40  -1  -1  -1 244  -1 222 222 237 237  -1  -1 250  -1  -1  -1 224 224  -1  -1  -1  -1  -1 239 239 239 
 41  -1  -1  -1  -1  -1  -1  -1 251 251 251  -1  -1  -1  -1  -1  -1  -1  -1  -1  -1  -1  -1  -1  -1  -1 
 42  -1 288  -1  -1  -1  -1  -1 268 268  -1  -1 294  -1  -1  -1 266 266 283 283 283 281 281  -1  -1  -1 
 43  -1  -1  -1  -1  -1  -1  -1  -1  -1  -1  -1  -1  -1  -1  -1  -1  -1  -1  -1  -1 295 295 295  -1  -1 
 44  -1  -1  -1  -1  -1  54  -1  -1  97 315  -1  52  -1  -1 309  -1  -1 187  -1  -1  -1  -1  -1  -1  -1 
 45 308  55  -1  -1  -1  -1  -1  -1 184  -1 285 273  -1 270  -1 185  -1  -1  -1  -1  -1  -1  -1 183 316 
 46  -1  -1  65  -1 311  -1  49  50  -1  -1  -1  98  -1  -1  -1  95  93 231  -1  -1 241   8  -1  11  -1 
 47  -1   5   6  -1  -1  -1  -1  94 153  -1  -1 141  -1  -1  -1  -1  -1  -1 228  -1  -1 181  -1  -1  -1 
 48  -1  -1  99  10  -1 140  -1  -1  -1  -1  -1  -1  -1 182  -1  -1  -1  -1  -1 312  -1  -1  -1 139  -1 
 49  -1 271  -1 275  -1  -1  -1  -1  -1  -1 310  -1  -1  -1  21  -1  -1  -1 186  -1  -1  -1  -1  -1  -1 
 50  -1  -1 142 226  -1  -1 274 227  -1  -1  -1  -1  -1  96 197  -1  -1  -1  -1  -1  -1  -1  -1 225  -1 
 51  -1  -1 230  -1  -1  -1  -1  -1  -1  -1  -1  -1   7  -1  -1  -1  -1  -1  -1  -1  -1 143 313 272  -1 
 52  -1  -1  -1  51  -1  -1  -1  -1  -1  -1 109  -1 229  53  -1  -1  -1  -1 138  -1 314  -1  -1  -1  -1 
 53  -1  -1  -1  -1  -1   9  -1  -1  -1  -1  -1  -1  -1  -1  -1  -1  -1 137  -1  -1  -1 269  -1  -1  -1 

r\t   0   1   2   3   4   5   6   7   8   9  10  11  12  13  14  15  16  17  18  19  20  21  22  23  24 
  0  -1 114  39  -1  -1  -1  -1 289  -1  37  -1  -1 147 116  -1  -1  91 129  -1  -1  -1  -1  -1  -1  -1 
  1  -1  34 169  26  -1  -1  -1  -1 261  -1  -1  -1  -1  -1  -1  -1  -1  77  -1  -1  -1  -1 277  -1  -1 
  2 265 205 258  -1  -1  -1  -1  79 302  -1  -1 212 279 213  -1 130  -1  -1  -1  -1  -1  -1 203  -1  -1 
  3  -1   0  -1  47  -1 262  -1  -1  -1  -1  -1  -1  -1  -1  -1 220  -1  -1  -1  -1  -1 299 196  -1  38 
  4  -1  -1 238  -1  -1 125  -1  -1  -1  -1  -1  20   1  15  -1  -1 191  -1  -1  -1  -1 190  -1  -1  -1 
  5  -1 100  -1  -1  -1  -1  -1 159  -1  -1  -1  -1  -1  -1  -1  -1  -1 254  -1  -1  -1  -1  -1  -1  -1 
  6  -1  -1  -1  -1  84  -1  -1  44 126  -1  -1  36  -1  -1  -1  -1  -1  -1  -1  -1  -1 278  -1  -1  -1 
  7  -1 284  -1 233  -1  -1 150 204  -1  -1  -1  86  -1 219  -1  81  -1  -1  -1  -1  -1  -1  -1  -1  -1 
  8  -1  -1 214  -1  -1  18  -1 145  72  -1  -1 121  -1  -1  22 172  -1  -1 192 192  -1 152  -1  -1  -1 
  9  -1  -1  -1  -1  -1  -1  23  -1 306  -1  -1  -1  -1 170  -1  -1  -1  -1  -1  -1  -1 117 101  -1  -1 
 10  -1  13 252 291  -1  -1  -1 175  32  -1  -1  -1  58  -1  -1  -1 300  -1  -1  -1  -1  -1  -1 154  -1 
 11 236 236  -1  -1  -1  -1  -1 286  -1  -1  -1 174  -1  -1  -1  -1  -1  -1 120  -1  -1 133  -1  -1  -1 
 12  -1  -1  -1 280 280  -1 256  60  60 304  -1  -1  -1  -1  -1  -1 210  29  -1  -1  -1 127  -1  -1  -1 
 13 148 148  -1  -1  -1  -1  -1  -1 189  -1  -1  56 123  45  -1  -1  -1  -1  -1  -1  -1  -1  -1  -1  -1 
 14  -1 179  -1  -1  -1  -1  -1 188  -1  -1  -1  -1  -1 201  -1  -1  -1  -1  -1  -1  -1 221  -1  -1  -1 
 15  -1 161  -1  -1 110  -1  67  -1 215  -1  -1 167  -1  -1  -1  -1 303  -1  -1  -1  -1  73 292  -1  -1 
 16  -1  -1  -1  62  -1  -1  -1  -1   3  -1  -1  -1 102 253  -1  -1  57  -1  -1  -1 132  -1  -1 249  -1 
 17  -1  -1  -1  -1  -1  -1  -1  -1 135  -1  -1  -1  80  -1  -1  -1  12  71 223  -1  -1  -1  -1  -1  -1 
 18  -1  -1  -1  -1  -1  -1  42  -1 276  -1  -1  -1 209  -1  -1  -1 259  -1  -1  -1  -1  -1 246  -1  -1 
 19  -1 255 297  -1  -1  -1  -1  82  -1  -1  -1 144 248  70  -1 217  -1  -1 242  -1  -1  -1  -1  -1  -1 
 20  -1 293 287  -1  -1  -1  -1 305  -1  -1  -1 131  -1  -1  -1 173 307 290 211  -1  -1  64  -1 199  -1 
 21  -1  -1  -1  -1  -1  -1 194  -1  -1  -1  -1  -1  -1 103  -1  -1 106  -1  -1  -1  -1  14 168  -1  -1 
 22  -1  85  -1  -1  -1  -1  -1  -1 264 301  -1  33 157  87  -1 198  -1 165 160  -1  -1  28  -1 296  -1 
 23  -1 263  16  16  -1  -1  -1 267  41  -1  -1  -1  -1  -1  66  -1  76 176  -1  -1  -1 240  -1 158  -1 
 24  -1  78 111  -1  -1  -1  -1  -1  -1  -1  -1 108 128 146  -1  -1  -1  -1  -1  -1 177  -1 235  -1  -1 
 25  -1  -1  -1  89  -1  -1  -1  25  -1  -1  -1  69  -1  -1  -1  -1  -1 171 245  -1  -1 202  -1 282  -1 
 26  -1  -1 115  -1  -1  -1 164  -1 104 104  -1  -1  -1  -1  -1  -1  -1  -1  -1  40 218  -1  -1  -1  -1 
 27  -1  -1  -1 124  -1  -1  -1 216 298  -1  -1  -1  -1  -1  -1  -1 232 234  -1  -1  -1  -1  -1  -1  -1 
 28  -1  -1  -1  -1 257  -1  83 122 208  -1  -1 247  -1  27  -1  -1  35  -1  -1 260  -1  -1  88  -1  -1 
 29  43  59  -1  -1  -1  -1 243  -1 166  -1  -1  -1  -1  -1  -1  -1  -1 113  -1  -1  -1  -1  -1  -1 155 
 30  -1  -1  30  -1  -1  -1  24  -1  -1  -1   2   2  -1  -1  -1   4   4  19  19  19  -1  -1  17  17  -1 
 31  -1  -1  -1  -1  -1  -1  -1  -1  -1  -1  -1  -1  -1  -1  -1  -1  -1  -1  -1  -1  -1  -1  31  31  31 
 32  46  46  74  -1  -1  -1  -1  68  -1  -1  48  48  -1  -1  -1  -1  -1  63  63  63  -1  -1  61  61  -1 
 33  -1  -1  -1  -1  -1  -1  -1  -1  -1  -1  -1  -1  -1  -1  -1  -1  -1  -1  -1  -1  -1  -1  75  75  75 
 34  90  90  -1  -1  -1  -1  -1  -1  -1  -1  92  92  -1  -1  -1  -1  -1 107 107 107 105 105 118 112  -1 
 35  -1  -1  -1  -1  -1 119 119 119  -1  -1  -1  -1  -1  -1  -1  -1  -1  -1  -1  -1  -1  -1  -1  -1  -1 
 36 134 134 149 149  -1  -1  -1  -1  -1  -1 136 136  -1 156  -1  -1 162 151 151 151  -1  -1  -1  -1  -1 
 37  -1  -1 163 163 163  -1  -1  -1  -1  -1  -1  -1  -1  -1  -1  -1  -1  -1  -1  -1  -1  -1  -1  -1  -1 
 38  -1  -1  -1 193 193  -1 206 180 180  -1 178 178 195 195 195  -1  -1 200  -1  -1  -1  -1  -1  -1  -1 
 39  -1  -1 207 207 207  -1  -1  -1  -1  -1  -1  -1  -1  -1  -1  -1  -1  -1  -1  -1  -1  -1  -1  -1  -1 
 40 224 224  -1 244  -1  -1  -1 237 237  -1 222 222 239 239 239  -1 250  -1  -1  -1  -1  -1  -1  -1  -1 
 41  -1  -1  -1  -1  -1  -1  -1 251 251 251  -1  -1  -1  -1  -1  -1  -1  -1  -1  -1  -1  -1  -1  -1  -1 
 42  -1  -1  -1  -1  -1  -1  -1 288  -1  -1  -1 294  -1 281 281 268 268 283 283 283 266 266  -1  -1  -1 
 43  -1  -1  -1  -1  -1  -1  -1  -1  -1  -1  -1  -1 295 295 295  -1  -1  -1  -1  -1  -1  -1  -1  -1  -1 
 44   9  -1  -1 231  -1  -1  -1 141  21  -1  -1  -1  -1  -1  -1 143  -1   5  -1  -1 228  -1 227 308 311 
 45  -1  -1  -1  -1  -1  -1  -1  -1  -1  -1  -1  -1  -1  -1  -1  -1 139 270  -1  -1  -1  -1  -1  -1  -1 
 46  -1  -1  -1  -1  -1  -1  -1  -1  96  -1  -1  -1 184  -1 315  -1  -1 229  -1  -1  97  99 271  -1  -1 
 47  -1  -1  -1 181  -1 316  -1  -1  -1  -1  -1 272 138 225  -1  -1  -1 142  -1  -1   8  -1  -1  -1  -1 
 48  -1 197  -1  -1  -1  -1 309  -1  -1  -1  -1  -1  -1   6  -1  -1  -1  -1  -1  -1  -1  51  -1  -1  -1 
 49 185  -1  -1  11  -1  -1  -1   7 153  -1  -1  -1  54  -1  -1  -1  -1  94  -1  -1  -1  -1 186 241  -1 
 50  -1  -1  65 275  -1  -1 285  -1  -1 310 274  -1  -1  -1  -1  50 182  -1  -1  -1  -1  10  -1 109  -1 
 51  -1  -1  -1  -1  -1  -1  -1 230  -1  -1  -1  -1  -1 140  -1  95  -1  53  -1  -1  -1  -1 137  -1  -1 
 52  -1 273  -1  -1 314  -1  -1  -1  49  -1  -1  -1 269  98  -1  -1  52  -1  -1 312  -1 183  -1  -1  -1 
 53  -1  -1 313  -1  -1  -1  -1  -1  -1  -1  -1  -1  93  -1  -1  -1 226  -1 187  -1  55  -1  -1  -1  -1 

