317
8 28
4 14
10 30
7 27
0 30
18 47
15 45
6 51
2 51
3 52
16 51
13 52
11 14
8 10
1 16
6 17
15 19
2 30
23 7
12 30
18 26
22 46
7 23
21 9
21 30
22 3
1 29
12 8
3 24
7 28
16 30
17 31
23 28
13 29
6 28
8 1
12 24
10 5
21 21
18 9
13 23
12 16
20 27
22 28
13 26
0 12
15 32
17 0
2 32
18 45
4 52
8 48
6 44
11 48
19 47
10 47
18 29
11 8
16 11
22 8
3 21
13 32
17 6
7 32
6 3
23 51
1 9
12 6
12 32
16 3
23 13
7 6
13 6
18 5
1 32
20 33
8 17
6 0
3 1
17 5
11 2
21 26
22 11
21 7
17 1
12 26
12 10
20 23
13 24
4 12
18 34
6 24
15 34
7 51
1 44
8 45
2 53
10 49
11 53
3 48
11 13
23 14
21 0
13 18
15 1
2 34
5 11
7 34
22 29
6 47
17 15
12 5
22 34
17 20
8 2
7 20
13 10
21 1
6 34
0 35
16 18
12 29
3 11
11 1
23 16
7 1
22 26
17 3
21 2
12 19
18 24
8 13
3 27
7 11
0 36
11 27
15 36
17 45
19 46
2 49
10 45
18 48
6 50
4 50
16 12
6 18
1 7
12 9
2 2
17 36
5 5
22 36
13 3
8 53
11 5
21 10
2 36
1 17
7 10
18 27
23 9
11 18
21 36
12 37
17 10
22 19
16 13
3 28
8 14
4 16
12 12
13 0
23 5
13 20
22 27
13 16
4 15
17 11
10 38
2 11
18 38
13 46
1 46
3 53
6 48
15 51
0 45
16 48
13 15
3 3
16 14
11 6
18 0
0 38
12 17
7 38
22 24
2 44
20 10
21 20
16 38
13 5
6 10
8 21
3 25
21 24
2 38
22 39
1 10
12 21
18 17
18 16
11 28
4 27
12 7
24 20
5 1
2 22
15 12
20 28
13 13
2 0
10 40
3 6
0 40
8 44
18 49
17 44
4 46
19 51
7 50
6 45
21 27
18 1
1 18
16 20
7 16
13 40
9 13
22 40
17 14
20 51
3 17
12 3
6 40
21 23
13 2
18 23
23 10
12 2
3 40
15 41
8 27
22 21
11 10
7 3
2 25
8 6
15 13
5 2
8 20
7 17
7 14
2 6
17 25
0 7
1 42
3 16
7 42
15 50
13 47
4 53
16 45
11 44
6 53
10 46
2 1
6 15
7 26
13 7
10 26
20 42
5 9
17 42
1 15
23 47
3 15
22 18
6 42
6 22
18 4
1 25
21 25
3 4
11 42
12 43
22 15
2 29
8 26
23 12
16 2
10 17
13 28
19 2
24 18
11 4
20 11
0 5
23 45
12 50
14 48
5 44
9 53
22 53
20 50
21 44
24 45

