317
8 13
12 23
15 30
7 28
3 30
23 49
11 47
21 50
10 50
9 48
1 47
18 46
3 15
6 23
8 4
22 7
18 17
10 30
17 13
0 30
21 9
13 50
24 22
7 26
7 30
6 21
12 12
1 0
23 2
17 20
13 30
20 31
8 25
2 23
16 14
18 14
1 3
18 25
8 16
9 21
17 18
6 3
11 4
4 10
7 29
8 12
3 32
1 20
15 32
23 46
10 44
11 52
21 45
12 52
2 49
9 46
3 2
16 9
2 5
17 28
10 20
20 32
6 12
12 32
18 29
5 47
1 11
22 26
23 32
6 13
7 2
13 26
22 20
16 5
1 32
17 33
12 4
13 24
2 16
23 3
8 26
14 17
19 7
20 4
12 25
2 15
7 16
4 1
7 22
23 23
10 34
12 1
3 34
1 51
2 52
15 50
16 52
8 44
21 49
13 53
11 26
1 12
2 20
21 15
12 20
17 34
5 6
7 34
3 16
6 44
20 15
22 27
1 34
22 12
8 15
7 17
13 2
3 10
6 34
17 35
21 23
12 13
17 6
11 6
2 19
8 29
4 12
6 4
12 3
10 19
24 26
8 6
8 11
16 15
3 36
21 12
12 36
1 44
2 50
15 52
10 49
23 47
7 45
9 53
1 2
7 20
8 28
22 17
2 1
23 36
6 2
17 36
13 11
21 52
11 29
14 27
7 36
11 13
18 7
17 25
6 17
21 7
1 36
22 37
2 10
1 17
12 16
13 23
8 1
0 3
23 28
6 10
6 14
2 4
18 5
4 5
15 7
10 12
8 38
12 15
3 38
23 45
21 51
2 44
18 51
1 50
11 51
16 44
8 19
23 29
11 8
6 20
2 14
20 38
13 1
17 38
7 12
22 50
0 1
12 11
22 38
18 22
11 28
13 4
17 7
8 27
23 38
5 39
1 4
21 13
3 11
2 13
16 20
17 3
21 0
2 3
1 10
4 7
13 29
21 4
1 22
21 21
3 40
11 9
15 40
10 46
8 47
7 51
2 48
13 47
12 49
18 45
18 20
3 7
2 9
1 28
12 9
22 40
17 14
7 40
16 28
6 49
11 22
20 1
18 40
8 2
3 27
1 27
2 8
17 16
6 40
22 41
11 14
7 18
16 17
12 28
21 18
17 29
17 27
5 10
0 20
9 7
2 22
18 15
11 10
23 25
15 42
2 28
3 42
8 45
21 44
1 52
12 51
7 47
9 44
10 51
21 10
1 23
3 26
7 14
15 4
5 42
2 6
12 42
18 8
20 49
24 21
22 14
8 42
18 9
12 10
2 7
21 17
1 25
11 42
17 43
7 5
3 28
16 16
6 16
22 9
9 25
1 21
17 8
5 4
4 13
12 27
20 9
5 44
22 46
20 47
14 46
19 45
17 50
0 46
6 51
24 52

