317
13 6
8 26
0 30
18 29
15 30
11 47
21 49
10 51
20 48
17 51
7 45
3 44
1 18
17 18
3 14
7 28
20 21
22 30
2 25
12 30
16 20
18 49
5 15
6 7
17 30
16 19
1 7
6 24
21 23
12 5
3 30
22 31
18 0
7 29
2 2
11 2
7 20
23 22
24 19
16 10
1 12
1 1
17 13
16 3
16 28
15 17
13 32
17 1
0 32
12 51
18 45
21 52
7 52
3 51
10 49
20 47
3 16
18 15
1 20
16 12
12 16
7 32
2 5
22 32
21 20
17 50
11 22
6 4
3 32
1 11
12 9
23 26
21 8
6 22
17 32
7 33
11 21
23 28
16 8
3 26
13 0
11 4
13 26
9 2
20 28
12 8
18 18
18 3
21 11
3 18
10 34
0 16
15 34
17 49
12 50
18 47
8 46
20 44
7 48
1 45
8 19
11 16
1 25
21 15
17 21
12 34
9 25
22 34
16 18
0 45
2 15
6 6
2 34
22 16
6 0
8 6
17 7
1 14
7 34
12 35
23 11
18 26
11 7
16 5
3 0
8 10
19 23
23 13
5 1
7 17
4 9
0 9
11 13
1 29
13 36
7 26
15 36
3 49
10 53
12 49
18 48
21 46
8 44
0 44
13 18
8 5
11 1
12 17
2 6
20 36
6 23
17 36
22 23
23 47
7 1
4 24
7 36
6 21
18 4
17 17
3 17
23 3
2 36
20 37
16 1
2 8
13 20
8 16
12 18
12 4
8 13
23 7
18 6
7 21
23 14
17 12
14 15
17 2
15 38
3 1
7 38
1 53
21 53
13 49
11 50
18 46
12 53
20 46
16 23
11 12
7 22
1 22
13 12
18 38
3 24
22 38
8 21
4 46
10 15
6 25
12 38
23 10
22 15
11 25
6 12
16 13
13 38
0 39
8 4
3 20
18 7
18 23
7 23
9 28
0 18
12 14
9 27
21 1
12 11
3 23
10 20
20 4
13 40
1 16
15 40
12 44
8 48
11 53
17 47
0 50
21 50
18 50
16 0
11 17
18 25
17 20
12 15
8 40
23 9
2 40
21 27
1 46
22 14
6 26
23 40
12 29
2 9
1 10
3 25
13 11
22 40
7 41
18 13
16 26
11 18
17 10
6 11
19 24
11 27
3 19
11 23
8 25
18 19
0 22
3 28
20 14
15 42
21 7
13 42
0 48
7 50
10 47
1 51
8 52
11 49
12 47
22 12
1 8
3 13
16 29
10 3
18 42
2 19
7 42
12 21
23 48
21 24
6 13
2 42
18 24
21 13
3 15
13 4
6 16
23 42
17 43
12 0
1 28
16 21
11 14
7 0
3 22
2 16
14 16
10 10
16 16
12 25
1 4
6 52
9 51
5 50
22 48
23 44
2 52
4 47
19 45
24 50

