317
11 24
8 7
23 30
22 5
0 30
2 49
18 45
6 45
5 50
4 50
16 49
20 46
16 16
6 10
1 5
17 13
23 14
2 30
21 11
12 30
8 23
7 44
15 24
22 1
11 30
13 21
23 0
6 27
16 5
2 5
21 30
17 31
12 22
7 21
22 23
1 3
7 3
10 28
15 14
1 20
21 15
12 16
10 0
11 5
8 25
20 27
0 32
22 0
17 32
23 53
16 50
2 52
11 44
6 44
24 52
5 51
6 15
1 16
23 24
16 1
17 5
12 32
7 6
2 32
11 27
21 48
22 4
9 9
7 32
8 12
1 24
16 26
18 29
11 19
21 32
12 33
2 14
16 9
23 6
7 26
3 28
18 2
9 10
9 20
17 7
5 12
17 15
22 24
1 8
18 13
23 34
17 17
5 34
22 50
0 52
8 44
13 47
20 49
11 53
16 45
8 18
11 25
16 7
1 19
23 21
13 34
9 6
2 34
18 27
17 47
21 0
7 29
17 34
1 17
21 21
23 9
7 7
16 15
22 34
12 35
2 15
8 16
11 15
6 16
18 7
2 24
9 23
8 22
8 10
0 5
16 25
20 22
18 25
23 7
0 36
13 4
5 36
16 47
17 45
22 52
2 51
8 48
11 47
20 50
16 29
8 20
6 1
1 2
20 17
2 36
7 23
17 36
11 28
13 51
12 10
24 18
11 36
13 26
17 16
18 6
6 21
1 7
8 36
2 37
16 0
8 26
21 14
12 8
22 17
13 7
0 12
12 21
6 11
7 28
11 2
9 19
24 2
20 26
5 38
8 14
0 38
13 44
17 51
2 47
23 50
11 49
22 46
18 47
1 23
11 26
6 3
13 24
22 10
17 38
7 25
2 38
16 28
12 48
21 25
8 13
23 38
2 4
3 12
12 13
21 3
6 2
13 38
16 39
11 8
22 9
8 21
8 27
1 1
6 4
10 10
10 3
2 16
14 26
13 19
15 0
11 22
2 8
5 40
23 16
0 40
4 49
16 48
8 47
24 53
13 45
18 53
22 48
13 17
1 11
11 11
17 23
5 6
3 40
19 29
20 40
18 23
23 46
12 24
7 8
18 40
6 24
1 15
3 24
13 22
22 15
8 40
15 41
23 15
11 0
12 20
7 17
21 28
15 3
18 9
12 11
7 4
18 21
7 11
16 6
18 17
0 24
5 42
2 27
22 42
1 46
13 46
24 47
16 46
17 52
4 51
20 51
1 29
22 2
23 18
13 0
15 4
10 42
21 29
7 42
18 10
2 44
3 21
19 6
18 42
18 16
3 13
8 28
22 6
6 14
13 42
10 43
21 20
7 24
17 1
23 20
1 26
12 7
15 10
12 29
15 12
12 17
15 19
23 19
19 53
12 49
10 48
15 46
9 45
7 49
21 46
3 49
14 44

