317
18 15
11 10
13 30
21 5
7 30
1 52
23 49
22 48
5 52
9 49
16 44
0 49
16 1
8 4
7 5
13 25
22 23
2 30
21 14
17 30
1 9
6 51
10 29
12 2
22 30
18 16
13 8
8 17
23 25
1 11
16 30
2 31
21 0
7 25
6 25
12 14
8 16
21 29
9 29
19 2
5 22
0 20
2 28
22 18
8 29
9 17
0 32
18 3
13 32
7 45
23 47
16 49
21 49
11 45
17 46
5 47
11 17
16 6
17 22
21 11
7 8
22 32
12 6
2 32
1 13
18 47
6 0
10 15
8 32
11 2
7 7
21 10
2 22
12 9
16 32
22 33
3 19
1 21
17 13
13 27
6 14
1 2
15 2
21 4
19 8
17 4
24 12
18 13
13 12
3 4
8 34
21 13
0 34
11 49
7 50
18 52
16 50
14 47
22 51
5 51
11 4
2 1
1 14
13 26
7 1
17 34
15 0
22 34
3 20
21 51
6 11
12 28
2 34
23 2
12 19
13 11
7 21
1 25
11 34
17 35
22 29
6 5
18 2
8 20
3 8
12 25
19 25
23 13
20 6
23 19
23 24
19 0
16 15
3 14
13 36
21 22
8 36
7 53
5 46
1 46
11 52
23 48
18 44
0 51
11 28
7 2
8 5
1 18
12 22
23 36
4 21
17 36
3 18
21 46
6 18
2 19
1 36
12 27
16 9
17 3
2 29
21 8
6 36
22 37
7 10
6 10
11 11
13 14
3 11
13 28
9 26
18 4
6 8
7 17
2 9
0 9
5 5
3 12
8 38
22 1
0 38
21 53
18 53
13 45
11 51
7 44
23 50
16 51
16 4
23 29
1 0
17 7
7 14
20 38
15 18
12 38
3 16
22 50
6 15
2 8
22 38
6 16
1 23
2 4
13 18
16 0
11 38
17 39
12 16
8 0
21 2
23 26
7 11
13 15
19 14
20 3
8 2
18 9
11 16
14 19
13 10
21 16
8 40
5 1
22 40
7 52
3 46
18 46
16 52
11 53
17 50
1 51
6 1
3 15
17 1
16 29
7 22
0 40
24 17
12 40
23 3
4 52
15 3
20 24
3 40
17 19
11 1
12 26
13 13
8 26
18 40
0 41
22 4
16 2
6 3
23 6
7 4
18 28
7 20
8 25
8 9
12 15
6 26
11 22
11 23
0 3
8 42
18 22
21 42
1 53
13 47
5 44
17 53
23 53
7 47
16 53
16 16
7 16
8 19
2 3
23 20
3 42
20 27
12 42
17 14
6 46
18 6
19 20
18 42
3 22
8 7
21 3
12 18
22 20
6 42
2 43
16 22
23 22
1 16
17 8
13 29
11 15
18 27
12 23
21 27
21 21
15 6
1 6
19 51
20 44
10 51
15 47
4 44
2 50
12 53
6 52
24 48

