317
12 26
4 16
15 30
3 5
22 30
7 50
2 46
6 44
1 47
20 51
13 47
18 52
11 6
7 13
6 1
2 24
22 4
17 30
21 20
12 30
16 10
8 46
0 28
3 23
7 30
8 4
3 8
12 16
16 24
23 16
1 30
17 31
6 10
11 14
21 24
22 23
12 14
5 28
24 14
22 14
13 2
9 25
14 18
11 11
12 17
20 12
3 32
22 0
1 32
6 49
7 47
13 51
16 46
23 51
15 53
14 49
3 18
23 18
1 19
2 3
12 0
17 32
8 9
5 32
16 8
21 52
11 17
22 10
13 32
11 10
6 6
1 2
2 7
16 13
23 32
17 33
8 20
3 9
22 20
13 10
7 21
19 19
16 0
18 29
5 13
6 16
20 25
6 2
23 2
22 28
3 34
1 22
15 34
20 53
18 44
12 45
13 49
17 50
6 52
2 48
3 10
2 1
23 28
12 25
5 7
17 34
24 22
7 34
13 28
1 53
11 26
21 0
23 34
6 5
3 22
1 25
16 28
21 25
2 34
12 35
7 11
17 29
12 12
18 25
22 24
8 8
13 17
0 6
17 27
18 16
22 18
18 20
17 17
23 12
3 36
13 22
1 36
22 49
18 48
16 44
20 47
14 50
6 50
15 49
17 20
3 20
2 14
11 1
20 21
15 36
0 12
7 36
12 3
19 45
13 12
24 13
17 36
16 9
6 26
7 25
21 19
13 16
22 36
10 37
8 21
22 13
3 26
18 21
2 18
6 8
18 0
5 15
2 9
18 17
9 11
18 27
20 17
3 13
15 38
2 21
13 38
18 50
7 49
1 50
23 53
17 53
4 53
6 48
7 28
1 23
16 27
6 12
17 28
10 38
8 29
22 38
13 23
2 44
0 5
21 12
1 38
8 10
21 8
18 14
22 5
6 17
17 38
10 39
16 25
13 19
2 25
2 2
7 0
14 12
10 21
16 23
22 3
18 11
3 3
7 9
12 23
23 23
3 40
1 12
13 40
2 51
7 48
16 47
20 49
15 52
22 53
17 46
13 24
22 29
12 5
6 27
2 29
0 40
8 19
17 40
7 8
24 46
11 4
21 13
22 40
11 22
3 21
21 10
13 15
18 12
2 40
5 41
17 26
12 4
1 15
8 6
16 2
0 11
9 7
9 2
15 3
7 27
23 17
18 22
22 7
20 3
15 42
12 28
13 42
1 45
6 45
3 47
7 53
18 46
2 53
23 49
23 9
6 0
7 26
2 0
13 20
3 42
8 3
17 42
22 17
21 53
12 21
11 7
23 42
23 26
17 24
7 23
11 29
8 14
1 42
2 43
12 6
6 24
21 4
13 29
16 12
9 6
3 15
14 0
6 20
15 25
3 4
4 1
11 44
8 52
9 51
21 48
10 52
19 49
24 52
0 44
5 48

