317
6 14
24 10
17 30
11 15
3 30
12 44
19 47
10 48
1 45
0 47
8 48
2 50
18 1
1 16
3 1
2 27
22 16
7 30
21 2
12 30
6 18
16 53
15 8
11 24
2 30
1 1
12 28
22 8
6 9
16 16
11 30
7 31
3 7
21 20
18 21
17 8
22 19
1 14
6 27
16 20
16 13
9 11
8 6
24 23
3 23
6 12
0 32
12 10
17 32
10 53
15 47
2 48
11 53
7 49
19 44
8 49
11 7
18 5
17 5
23 15
0 11
7 32
21 10
2 32
6 25
16 52
13 13
12 19
12 32
16 25
7 16
3 29
11 4
18 29
21 32
22 33
8 14
2 23
1 19
17 11
13 12
24 8
19 20
14 26
12 1
16 9
22 10
16 24
12 29
4 25
6 34
3 27
18 34
8 53
1 48
24 53
17 44
10 52
11 49
2 53
2 18
7 22
8 0
17 24
12 22
15 34
20 15
22 34
6 20
21 46
0 14
3 20
2 34
21 4
11 0
13 23
7 0
3 18
12 34
15 35
22 0
8 16
17 13
6 13
1 17
5 10
15 13
9 1
8 23
14 28
7 11
16 23
18 12
19 7
10 36
6 2
0 36
12 48
15 48
17 49
3 51
8 50
2 45
4 49
1 2
12 24
11 12
22 28
2 10
17 36
21 15
7 36
23 11
16 50
13 6
6 8
2 36
1 13
17 18
12 2
8 15
21 28
6 36
22 37
13 24
6 7
11 28
3 13
18 9
10 11
24 16
6 17
2 7
22 11
17 12
7 12
10 22
19 3
0 38
17 3
7 38
3 45
6 46
18 51
11 52
15 50
12 47
24 50
7 27
6 10
8 12
1 22
10 21
2 38
17 17
12 38
18 2
21 47
22 23
23 7
23 38
13 17
16 1
18 16
12 25
1 15
22 38
2 39
8 25
21 24
6 26
6 22
11 25
5 16
23 9
9 23
12 0
1 24
6 6
7 20
15 18
24 27
3 40
2 2
10 40
1 49
17 48
18 47
7 48
19 45
6 45
8 47
1 28
6 29
8 17
7 8
15 3
17 40
0 8
12 40
21 27
5 46
2 16
23 23
16 40
7 2
13 28
12 6
11 3
18 17
6 40
20 41
2 24
8 28
17 2
3 19
23 12
17 23
19 9
5 25
12 21
16 27
5 13
14 12
18 18
24 20
0 42
2 11
10 42
17 47
3 50
4 47
8 46
7 52
15 49
19 46
23 13
1 4
3 0
8 9
18 10
5 42
2 13
12 42
17 28
21 52
22 13
16 29
21 42
6 11
23 6
16 2
3 11
12 23
18 42
5 43
2 28
17 9
8 22
1 18
11 22
1 26
5 7
8 20
19 1
7 10
11 5
5 9
23 53
13 50
14 49
9 46
22 46
21 45
5 50
16 51
20 47

