317
8 9
14 28
22 30
21 29
10 30
18 46
3 45
16 52
2 44
9 47
1 44
15 46
1 14
8 23
16 20
17 10
22 8
20 30
7 0
2 30
18 0
13 52
6 26
12 1
6 30
7 11
13 1
2 5
23 10
16 2
12 30
17 31
8 15
1 1
21 11
22 21
1 22
19 15
19 20
23 0
1 13
16 24
3 12
22 26
8 14
15 2
17 32
16 9
10 32
13 50
9 48
3 51
22 47
1 48
21 53
23 44
17 16
6 13
18 18
8 3
20 15
3 32
12 29
22 32
2 0
7 46
16 1
14 19
13 32
16 21
17 5
21 0
12 26
1 25
6 32
2 33
23 1
21 9
7 2
11 19
18 13
1 18
1 19
8 0
7 25
21 4
6 27
17 6
2 2
11 7
8 34
18 22
15 34
17 45
13 49
1 50
22 51
14 50
21 47
10 49
16 5
17 3
13 22
1 12
20 1
5 34
7 15
2 34
11 20
0 50
18 27
12 15
12 34
2 14
17 23
16 11
8 2
13 28
18 34
22 35
1 10
7 27
22 0
6 4
11 2
20 11
9 29
7 8
0 8
18 26
14 4
24 23
18 16
22 20
2 36
21 23
8 36
13 47
14 49
11 53
23 51
17 46
1 47
15 48
17 26
23 3
13 23
11 8
2 3
18 36
20 14
5 36
12 25
16 51
21 2
4 10
23 36
1 28
7 9
6 10
21 26
13 27
16 36
10 37
18 1
16 23
2 13
3 13
22 13
3 28
12 17
7 10
7 21
3 26
5 14
12 12
10 8
15 23
22 38
13 19
17 38
2 52
1 45
11 44
8 45
14 51
21 44
16 47
18 15
11 18
21 27
1 6
22 12
3 38
13 0
7 38
17 2
12 50
19 6
6 2
13 38
6 21
18 3
11 11
17 21
1 26
12 38
2 39
23 20
7 12
21 17
21 25
8 17
10 9
11 1
1 8
22 25
0 21
18 7
2 21
13 18
14 16
10 40
17 28
15 40
9 51
23 46
1 46
18 49
21 50
3 47
8 52
16 13
1 16
18 6
11 22
7 29
2 40
6 8
22 40
13 13
0 51
17 14
12 11
6 40
23 27
12 4
11 14
7 7
16 7
21 40
2 41
17 9
22 19
8 12
1 5
18 19
20 22
18 28
0 18
20 3
5 9
10 6
6 24
13 8
21 19
15 42
23 26
2 42
9 53
8 53
1 52
11 49
18 47
10 50
22 46
8 22
1 0
2 19
17 15
22 18
18 42
7 14
12 42
3 1
6 47
24 18
20 16
7 42
18 12
13 7
2 8
3 17
22 9
11 42
17 43
8 27
1 9
16 22
6 16
21 12
17 18
15 22
9 22
5 28
14 29
24 22
10 13
4 51
20 44
24 50
0 48
7 52
6 50
19 50
12 46
5 51

