317
12 21
18 11
7 30
11 9
0 30
21 53
23 46
17 48
5 44
24 49
2 47
6 50
6 16
2 10
1 23
12 5
7 3
20 30
9 3
15 30
23 4
3 47
11 27
13 8
2 30
1 10
17 2
7 8
16 11
12 0
23 30
20 31
3 19
8 16
6 2
11 23
8 21
1 5
2 2
7 17
11 29
4 27
1 14
14 11
23 23
3 3
20 32
1 16
5 32
18 50
12 48
11 48
2 50
17 50
7 51
24 52
18 12
6 23
17 25
21 15
22 6
12 32
16 4
7 32
11 8
1 53
0 7
4 23
1 32
22 0
2 19
8 13
7 14
23 1
16 32
12 33
11 25
6 29
18 1
21 6
3 1
6 11
10 28
19 21
7 29
15 25
20 5
10 24
2 9
7 20
20 34
3 6
5 34
18 46
8 51
17 47
11 53
1 51
12 50
0 50
2 14
8 0
6 24
21 19
10 19
17 34
4 17
22 34
7 13
16 45
13 9
3 11
12 34
22 15
6 14
8 6
3 0
13 1
11 34
17 35
21 3
1 27
16 24
2 23
7 18
13 23
2 24
20 10
3 12
3 26
13 3
20 11
11 16
21 26
0 36
6 12
23 36
3 50
20 50
8 50
2 53
17 52
12 52
5 45
1 13
23 0
11 24
7 1
2 20
8 36
6 0
17 36
12 19
13 50
22 28
16 10
2 36
3 13
18 13
17 18
13 29
6 19
12 36
7 37
16 29
12 25
22 21
1 29
23 17
10 29
13 12
8 4
3 24
3 16
18 0
13 5
5 5
24 16
0 38
6 4
20 38
11 50
12 47
23 49
17 44
7 44
8 45
18 53
11 10
23 15
12 24
17 8
20 29
7 38
13 0
2 38
18 4
6 47
19 0
22 8
12 38
7 10
23 9
22 17
1 26
8 8
6 38
15 39
2 13
18 8
13 19
11 1
3 29
19 1
12 1
7 16
0 28
9 6
5 10
14 28
17 13
21 27
23 40
2 12
0 40
20 53
6 52
18 51
12 44
3 46
11 51
5 49
6 21
11 2
23 10
13 4
0 1
17 40
2 25
7 40
21 23
10 47
22 22
16 1
3 40
7 2
21 1
22 3
17 12
16 28
6 40
12 41
2 16
8 19
18 23
1 6
11 12
1 7
14 25
5 9
19 9
9 28
22 29
18 6
12 22
20 28
0 42
8 22
23 42
7 47
18 48
3 44
2 46
17 46
21 48
11 47
12 17
2 29
3 21
17 21
22 19
15 42
4 14
5 42
21 21
13 47
14 7
8 11
21 42
16 23
22 1
2 27
13 18
7 27
3 42
15 43
11 7
1 19
18 28
12 7
6 3
15 15
12 6
16 9
14 23
19 17
12 29
6 20
16 51
14 46
19 46
4 47
15 49
9 44
13 53
22 44
10 52

