317
21 4
0 6
13 30
2 1
17 30
16 45
1 47
5 44
6 52
15 44
20 52
7 44
21 29
16 18
18 28
1 22
5 14
10 30
19 22
22 30
12 28
2 46
3 15
8 5
21 30
22 20
3 20
7 28
13 3
18 8
2 30
10 31
23 0
6 13
8 22
16 17
7 3
18 22
19 14
14 8
23 13
13 1
4 25
1 6
21 5
0 10
5 32
1 15
15 32
2 52
22 45
17 44
11 49
13 47
7 53
20 45
7 8
22 23
21 25
16 29
2 10
17 32
8 14
12 32
11 8
23 48
1 16
9 9
23 32
13 14
12 29
8 25
21 16
16 16
1 32
17 33
6 28
7 6
3 9
23 19
11 14
16 15
22 5
24 16
6 19
9 15
23 12
6 24
13 23
11 12
20 34
7 21
15 34
0 49
17 46
6 46
1 49
18 47
5 51
14 50
6 8
18 16
17 15
21 17
12 12
2 34
7 13
22 34
16 7
19 50
10 18
8 0
6 34
23 3
11 3
13 5
16 23
8 10
7 34
2 35
21 23
18 14
2 12
17 14
12 18
20 12
16 24
17 5
19 3
18 6
13 7
6 16
22 15
21 20
5 36
1 0
15 36
7 47
17 45
11 45
0 52
13 44
18 53
20 47
17 8
6 3
11 18
12 4
7 29
18 36
10 9
2 36
21 9
24 52
23 6
1 19
17 36
8 15
23 16
22 24
18 17
11 19
1 36
12 37
3 8
2 29
6 11
7 7
16 19
5 1
14 16
6 27
9 18
0 1
21 24
18 27
5 19
15 10
0 38
7 16
13 38
11 50
18 51
20 53
21 50
16 51
6 48
17 53
11 20
6 12
13 8
16 8
17 19
22 38
12 14
2 38
21 13
8 50
19 10
7 23
18 38
13 13
1 21
16 1
3 25
21 12
17 38
22 39
6 2
12 9
8 8
7 20
11 28
24 18
13 22
8 19
13 10
14 23
18 0
1 25
14 2
2 11
20 40
1 10
15 40
0 44
7 48
11 47
18 44
17 50
6 53
13 52
18 24
13 2
21 28
11 16
15 21
22 40
8 7
5 40
2 5
12 52
3 6
1 7
12 40
18 25
2 18
13 0
11 22
1 26
8 40
22 41
7 0
6 15
16 3
21 10
3 27
17 21
20 14
20 24
7 9
11 29
14 12
17 28
7 4
0 2
20 42
6 20
17 42
14 51
1 53
15 49
13 50
11 51
16 49
5 46
1 28
13 17
7 17
2 3
17 7
10 42
8 17
22 42
3 21
6 51
12 26
19 9
8 42
7 14
13 25
23 8
18 18
21 0
12 42
2 43
17 18
22 14
6 5
16 20
1 29
9 16
6 26
24 29
16 13
15 22
7 25
10 3
24 50
9 50
10 53
19 49
3 47
12 49
8 48
23 50
4 52

