317
21 11
14 28
12 30
6 10
0 30
3 46
18 51
22 45
23 53
2 45
17 52
5 44
21 8
18 29
2 21
12 27
22 2
3 30
6 20
7 30
16 25
19 52
10 2
11 25
2 30
1 11
21 13
7 5
18 7
12 24
22 30
15 31
3 19
6 13
23 7
11 3
7 22
5 12
17 12
8 18
6 17
6 28
3 26
8 5
5 0
2 10
16 32
23 20
13 32
12 45
3 50
18 44
21 47
6 47
0 44
1 46
3 4
13 22
1 20
12 1
18 4
20 32
15 3
7 32
6 21
11 50
4 2
23 3
12 32
16 2
13 18
7 29
8 1
18 23
1 32
20 33
23 4
6 25
3 6
17 29
11 13
11 23
19 3
14 16
18 9
21 5
16 19
11 0
13 16
3 5
22 34
6 27
0 34
12 51
2 49
16 44
18 53
14 49
21 50
5 47
12 22
13 12
2 12
1 19
22 19
8 34
19 20
15 34
18 19
4 46
11 1
6 26
11 34
17 19
3 11
1 15
22 18
12 29
13 34
7 35
18 22
23 5
8 8
21 4
2 6
6 0
8 24
16 13
15 16
7 1
14 29
18 21
17 21
12 18
5 36
16 23
0 36
13 50
14 52
18 52
2 52
23 49
21 51
8 48
1 2
8 27
6 18
23 0
10 19
20 36
7 21
17 36
12 6
4 50
3 7
16 11
2 36
1 22
16 24
17 24
7 27
21 16
8 36
22 37
18 11
8 15
13 27
3 28
12 15
1 9
6 5
24 23
7 25
20 22
11 12
5 8
5 20
3 25
0 38
6 3
17 38
22 49
23 46
13 47
12 49
2 48
8 52
16 53
2 9
8 20
16 8
22 22
17 25
23 38
7 16
12 38
1 0
6 45
4 23
11 14
8 38
2 8
1 17
7 20
13 13
18 12
6 38
20 39
12 11
23 12
17 20
17 5
11 7
13 7
20 29
15 23
15 7
17 23
7 13
3 18
22 11
14 5
12 40
17 16
0 40
18 47
16 45
23 48
5 53
21 49
2 44
6 51
1 12
12 4
16 15
13 1
22 6
7 40
24 13
2 40
6 23
11 48
15 11
17 14
23 40
16 3
12 8
3 17
2 17
11 28
17 40
7 41
21 25
1 5
18 14
22 21
6 7
15 21
16 29
20 10
24 3
0 29
17 3
14 12
16 10
12 12
0 42
21 12
5 42
13 45
18 50
14 47
2 50
23 50
17 49
22 44
1 10
16 18
13 2
3 1
23 14
17 42
11 15
7 42
2 1
10 44
20 26
21 1
23 42
3 2
12 7
8 7
18 5
6 16
13 42
2 43
16 20
7 14
1 14
17 26
22 15
7 4
18 28
9 21
23 28
22 10
7 19
13 26
19 48
20 50
24 50
4 53
15 50
7 44
9 46
11 46
10 53

