317
16 14
6 12
13 30
17 1
2 30
1 46
8 49
20 51
5 45
4 49
23 53
12 48
12 21
3 5
2 16
16 27
13 4
22 30
11 13
7 30
1 21
21 49
17 18
18 0
1 30
3 17
17 17
7 11
21 3
11 29
16 30
22 31
2 14
8 7
18 21
12 7
6 29
3 13
15 19
23 16
12 5
10 19
13 29
24 20
22 4
20 29
13 32
12 22
2 32
1 44
4 44
6 49
7 50
17 52
5 53
23 48
1 22
23 15
13 13
22 3
2 29
7 32
18 15
15 32
6 16
21 52
11 6
12 2
1 32
3 9
17 6
13 25
12 12
6 13
21 32
7 33
16 15
11 11
22 27
1 5
18 27
2 19
6 25
10 18
2 5
3 7
16 3
24 9
22 21
4 25
16 34
2 0
6 34
12 52
8 47
3 46
13 47
5 44
20 49
1 50
16 24
17 21
3 6
1 3
7 28
13 34
11 20
22 34
6 17
21 50
18 29
2 7
8 34
22 19
16 1
17 29
1 20
6 19
18 34
12 35
23 29
11 3
12 0
2 2
7 23
16 29
18 19
11 16
21 4
19 6
24 12
9 6
3 1
2 4
13 36
6 6
7 36
12 50
5 48
16 51
17 53
1 51
22 48
20 44
16 6
13 23
12 8
21 13
0 23
22 36
9 29
17 36
8 23
11 49
6 14
4 9
3 36
1 19
18 23
21 8
17 9
12 27
6 36
22 37
8 20
7 8
13 16
11 12
2 15
14 23
24 10
9 26
15 27
24 17
14 15
8 18
5 26
20 10
3 38
6 22
13 38
1 53
8 51
22 50
16 52
12 51
7 47
17 51
16 21
3 28
17 2
11 7
7 5
0 38
18 18
22 38
12 4
2 52
6 20
21 19
16 38
6 2
22 24
23 17
18 1
7 15
8 38
10 39
3 8
13 12
1 11
1 9
17 14
1 29
15 7
12 24
17 19
1 13
7 4
5 18
4 6
20 13
5 40
2 23
12 40
3 49
22 47
23 45
14 44
1 49
8 48
16 53
16 18
13 14
1 25
12 15
22 25
7 40
21 1
17 40
6 4
11 46
0 8
2 9
2 40
17 4
23 5
21 23
13 26
12 16
16 40
7 41
3 12
18 11
11 5
1 1
6 24
10 25
2 27
11 26
14 26
18 7
22 26
5 28
2 22
20 9
6 42
8 15
22 42
3 52
16 44
5 51
13 50
1 52
14 51
17 47
7 27
22 13
23 10
13 24
15 8
10 42
18 2
2 42
6 9
9 50
8 12
21 10
18 42
12 19
6 18
21 16
22 22
3 2
8 42
10 43
16 5
23 24
13 20
17 7
2 11
15 5
18 25
0 19
8 27
13 18
11 0
16 11
24 53
11 44
10 53
9 52
15 48
18 52
0 49
21 46
19 46

