317
22 2
6 19
8 30
13 8
15 30
3 51
1 45
12 50
21 46
0 45
17 52
14 49
16 29
1 23
3 14
12 24
8 4
20 30
7 8
17 30
11 15
2 53
23 11
13 15
23 30
22 20
8 13
3 25
13 22
18 12
7 30
10 31
21 14
2 8
1 28
16 23
2 16
10 6
2 27
10 17
19 14
23 3
22 28
17 20
6 4
3 29
13 32
22 12
15 32
17 50
8 44
12 45
1 51
21 52
11 53
0 44
13 2
6 22
12 11
11 29
20 4
18 32
2 25
7 32
17 27
4 51
22 18
23 20
23 32
11 10
16 20
6 28
7 19
22 19
2 32
17 33
12 19
22 14
1 16
21 15
8 6
10 10
11 11
20 12
5 11
16 9
19 21
5 21
1 10
3 12
11 34
6 27
15 34
22 48
17 45
14 44
21 49
18 48
8 46
0 47
11 12
1 0
16 19
21 21
17 18
22 34
13 16
7 34
3 4
6 45
2 12
10 27
17 34
7 12
12 5
11 16
1 18
16 1
13 34
20 35
8 3
6 7
22 0
2 17
18 14
24 11
17 25
21 29
18 29
9 16
8 5
19 9
12 15
21 6
0 36
6 15
8 36
17 49
14 50
18 50
16 50
11 51
13 47
15 47
1 27
12 27
11 8
16 11
17 17
22 36
10 7
2 36
8 23
20 44
7 11
6 3
16 36
17 7
3 21
1 17
6 14
11 18
7 36
22 37
2 11
7 15
12 29
18 16
21 23
4 28
18 28
13 24
3 19
18 9
20 28
17 2
15 2
17 26
8 38
18 26
13 38
6 50
1 50
3 46
22 51
11 49
16 48
12 47
8 1
16 24
11 7
6 13
12 25
3 38
7 24
20 38
1 11
18 44
19 0
23 22
16 38
6 2
7 14
18 21
21 7
12 16
23 38
0 39
22 25
3 6
11 6
11 24
8 26
2 29
1 14
0 27
14 22
21 13
3 28
1 20
9 10
14 8
11 40
22 23
0 40
13 45
18 51
6 49
21 48
15 51
8 45
16 52
23 10
1 13
12 8
11 28
20 5
7 40
3 7
16 40
13 14
19 53
22 16
2 13
2 40
23 18
13 6
16 25
17 11
12 12
22 40
5 41
3 18
18 1
21 16
1 29
8 16
8 24
6 23
19 24
16 21
17 29
19 3
15 18
16 13
12 22
0 42
8 17
13 42
21 47
15 46
11 44
22 52
3 49
9 51
6 51
11 3
6 10
7 4
13 0
3 15
22 42
20 24
17 42
1 25
10 51
8 15
2 5
7 42
22 7
13 5
16 8
18 23
1 5
11 42
22 43
6 26
17 8
21 9
8 8
2 6
3 17
5 16
6 0
4 9
18 22
24 1
8 0
7 51
5 52
4 49
2 44
10 48
23 51
24 47
19 46
20 46

