317
2 8
18 23
7 30
3 24
23 30
13 51
6 53
1 53
9 50
4 52
17 50
5 48
23 21
8 26
2 1
1 29
5 1
13 30
21 5
15 30
7 12
22 44
11 10
3 5
1 30
3 13
23 8
17 10
11 28
7 16
21 30
12 31
2 25
16 5
22 17
6 19
18 29
8 0
20 28
24 8
9 14
0 13
1 17
12 1
18 3
6 17
23 32
7 17
8 32
17 47
1 47
3 47
12 47
16 47
2 51
4 44
16 8
1 9
17 2
18 7
2 4
12 32
7 25
20 32
23 19
5 44
11 16
0 4
1 32
7 20
6 22
22 25
2 15
11 13
17 32
12 33
23 6
22 26
16 25
1 13
8 3
0 10
11 0
15 21
24 1
15 22
12 15
5 24
17 7
7 6
3 34
1 19
5 34
8 47
16 49
13 44
23 48
9 47
24 47
2 44
23 28
8 6
6 8
16 19
2 29
13 34
21 28
17 34
7 2
11 45
1 20
22 13
23 34
17 27
6 24
8 28
1 14
22 24
21 34
12 35
16 7
3 2
11 24
2 24
7 29
3 9
1 24
20 15
23 17
2 6
2 16
19 0
1 21
6 20
12 36
3 23
8 36
2 45
4 51
16 46
7 49
23 50
17 45
5 51
16 4
2 13
8 18
7 9
12 14
23 36
0 16
17 36
6 7
21 49
3 21
11 14
2 36
3 12
18 26
16 3
8 2
21 23
7 36
22 37
17 12
7 8
13 21
1 22
12 25
4 20
4 28
14 28
16 2
17 18
4 5
9 10
9 27
3 6
5 38
1 2
12 38
7 47
23 49
16 48
2 52
8 45
4 46
18 47
12 20
16 0
6 12
13 29
7 15
22 38
11 9
17 38
2 5
21 50
0 14
1 0
11 38
17 16
3 3
1 25
6 6
21 0
8 38
22 39
7 26
18 5
12 26
12 18
16 11
24 17
6 2
20 29
18 15
10 29
10 13
3 20
6 25
5 23
8 40
17 0
23 40
16 51
12 49
13 45
2 53
18 49
1 46
3 50
8 5
23 9
6 16
22 18
15 1
2 40
17 11
12 40
1 5
11 53
7 18
21 1
21 40
7 28
11 21
1 23
16 15
12 16
6 40
2 41
22 28
18 0
17 25
23 14
13 20
20 21
22 19
23 4
24 3
17 14
12 3
24 0
12 22
4 17
8 42
16 28
5 42
2 50
17 48
1 50
23 45
13 50
7 50
3 53
6 26
21 27
8 16
23 27
2 22
12 42
11 4
17 42
7 5
20 45
0 26
16 27
3 42
23 25
2 11
17 4
6 28
13 8
16 42
22 43
8 19
18 1
21 22
7 23
11 23
24 18
5 28
16 18
8 9
12 29
21 19
20 10
11 49
22 49
14 49
10 52
19 48
15 51
0 51
21 47
20 49

