317
18 5
24 8
5 30
13 16
3 30
16 45
7 48
11 49
1 47
15 45
23 52
22 51
11 9
3 29
1 20
22 20
5 22
7 30
13 4
17 30
23 16
2 51
12 18
21 12
21 30
23 28
22 0
3 28
6 27
12 0
16 30
7 31
18 23
2 26
1 23
13 11
3 21
12 16
10 20
10 0
18 12
5 6
22 18
13 7
21 18
3 7
5 32
8 20
15 32
7 51
22 44
1 52
11 52
23 48
4 47
24 49
22 7
7 17
23 25
6 14
15 19
12 32
2 24
17 32
11 29
8 53
20 7
0 27
2 32
17 24
1 0
6 16
22 25
18 3
11 32
12 33
23 18
8 21
7 3
16 22
3 1
22 15
6 18
14 24
19 9
12 2
7 25
23 11
5 19
3 26
22 34
11 21
15 34
21 44
18 46
24 50
6 49
4 52
13 49
1 45
16 18
18 24
1 7
6 4
22 13
13 34
11 5
7 34
21 24
0 49
17 0
2 14
2 34
22 9
8 7
7 16
18 19
1 11
6 34
12 35
21 15
17 12
11 26
16 3
3 16
23 4
22 6
23 20
18 20
23 22
2 29
21 8
15 14
1 27
3 36
11 0
5 36
21 53
22 52
23 44
8 47
13 53
16 44
24 46
3 5
13 2
6 2
8 10
22 14
20 36
11 20
17 36
7 1
12 44
2 28
0 25
13 36
11 19
17 18
16 25
3 9
6 20
2 36
7 37
18 26
2 17
23 17
12 11
22 8
10 12
14 0
5 14
12 28
15 18
6 29
21 14
22 17
18 0
23 38
21 21
5 38
13 51
3 47
8 49
1 46
15 50
11 53
16 53
16 14
8 6
6 28
1 12
22 21
2 38
17 19
12 38
18 27
0 47
21 22
7 12
16 38
13 25
22 29
8 14
12 25
1 8
7 38
2 39
6 25
17 29
23 12
21 0
11 1
24 26
23 9
14 27
8 5
21 2
3 19
4 24
11 4
21 26
5 40
8 24
15 40
7 46
3 46
1 48
22 53
4 46
13 48
23 45
6 1
13 22
7 6
11 15
3 27
17 40
2 2
22 40
16 0
20 53
8 29
12 4
1 40
12 6
8 9
6 0
7 5
22 2
11 40
17 41
3 3
16 6
13 6
2 25
21 3
17 26
6 11
17 3
14 19
13 24
7 19
15 1
21 29
13 12
5 42
8 23
3 42
16 49
18 45
1 53
11 48
23 53
7 53
22 46
7 8
18 11
11 7
17 7
2 18
0 42
14 23
22 42
16 11
12 52
8 12
9 27
2 42
2 12
13 0
22 4
6 15
21 25
18 42
15 43
7 28
23 8
1 24
8 8
11 18
5 4
8 22
7 9
7 24
1 5
12 8
20 27
2 45
12 48
10 49
0 48
19 49
17 46
20 47
9 45
14 53

