317
1 16
13 24
20 30
11 21
5 30
16 49
22 52
3 47
7 52
12 53
18 46
0 51
1 17
12 14
21 8
16 6
5 5
22 30
8 11
2 30
13 5
11 46
19 5
17 7
7 30
8 21
12 29
17 12
21 18
3 21
11 30
22 31
6 10
16 15
18 18
1 27
16 14
24 15
21 1
8 29
19 21
21 9
1 14
17 28
22 15
13 4
0 32
2 11
5 32
7 48
21 52
3 51
16 48
12 44
20 45
11 52
16 22
21 16
11 9
22 2
0 29
18 32
2 0
7 32
6 15
23 49
14 8
10 21
12 32
22 26
11 28
3 28
6 4
23 29
16 32
17 33
8 14
2 1
1 1
21 3
13 15
15 2
2 28
5 14
7 15
8 25
18 13
7 22
12 26
3 1
20 34
16 20
5 34
22 48
2 44
7 51
11 48
0 44
18 44
1 49
18 27
2 18
21 15
11 7
5 23
0 34
24 7
12 34
7 16
16 52
17 25
23 24
17 34
22 6
2 22
1 24
13 3
18 21
16 34
7 35
21 20
12 9
7 20
11 17
3 0
17 4
19 13
13 8
20 24
5 17
12 1
22 11
13 26
3 2
20 36
16 5
5 36
18 49
7 47
2 47
0 46
12 51
8 51
11 49
21 5
6 28
11 18
18 24
12 23
7 36
15 28
22 36
3 14
16 51
1 22
4 27
12 36
11 24
23 8
22 27
1 15
16 21
2 36
17 37
21 25
2 24
7 19
13 13
8 4
19 28
9 15
12 13
22 9
20 23
0 28
5 9
13 7
20 21
11 38
2 26
0 38
22 51
18 45
21 47
6 44
3 46
16 53
5 49
1 7
21 22
3 8
11 0
12 6
17 38
2 5
7 38
16 0
24 51
10 24
23 18
2 38
23 22
8 0
6 9
21 21
16 19
3 38
17 39
13 28
1 9
12 7
11 1
22 1
5 25
15 12
4 11
3 4
13 10
19 6
5 22
7 29
21 29
5 40
8 19
0 40
22 50
11 53
18 47
3 48
20 49
16 45
2 50
6 3
2 7
1 25
3 29
10 5
12 40
9 26
15 40
22 17
19 44
8 3
23 26
22 40
2 29
17 24
18 9
16 12
23 12
7 40
12 41
8 12
6 29
1 2
11 20
21 28
19 1
5 12
10 23
4 24
6 22
20 7
12 19
13 1
12 21
0 42
16 2
5 42
21 49
2 51
7 46
22 53
11 51
8 48
18 48
6 21
8 28
7 11
21 13
18 29
10 42
24 25
2 42
12 5
23 52
16 13
17 27
17 42
16 8
13 21
3 25
6 16
2 2
23 42
20 43
7 28
1 8
18 2
8 16
12 10
6 19
9 24
15 13
17 6
15 27
22 14
6 26
17 45
15 46
10 47
19 53
9 48
23 53
14 50
4 52
24 47

