317
12 23
7 5
8 30
2 9
23 30
13 44
3 50
1 52
22 48
0 51
17 46
5 53
23 9
8 23
22 0
17 28
2 12
0 30
21 16
10 30
7 22
6 52
19 11
18 16
2 30
11 12
12 15
21 3
18 6
8 13
13 30
15 31
1 24
22 12
3 9
6 1
21 23
15 22
1 10
10 2
0 18
4 6
11 23
24 14
12 14
2 7
0 32
11 1
8 32
3 44
16 50
22 52
23 53
17 44
5 51
13 46
3 28
21 17
1 9
8 7
12 7
17 32
7 3
22 32
16 18
6 46
4 12
11 21
21 32
8 1
6 11
13 15
23 27
16 19
3 32
17 33
12 9
11 2
1 20
21 13
7 29
15 16
14 7
9 14
8 26
16 20
16 9
13 19
17 10
23 22
8 34
5 25
0 34
3 51
22 47
24 48
13 53
11 45
2 46
7 52
3 21
2 8
22 17
1 3
7 11
12 34
19 4
15 34
23 6
18 45
6 21
21 24
2 34
17 11
8 25
7 24
22 7
1 29
6 34
12 35
18 23
11 22
12 12
21 2
3 29
4 28
10 10
4 7
18 10
14 23
17 15
2 6
13 24
7 14
23 36
22 18
8 36
1 45
0 53
3 45
16 53
17 52
11 50
5 52
17 25
16 17
8 28
2 17
23 19
3 36
21 5
10 36
7 12
6 45
18 5
22 10
16 36
17 18
11 25
13 6
23 3
1 13
22 36
2 37
12 25
21 18
6 6
18 1
7 19
15 7
23 26
14 10
22 28
18 28
24 29
16 16
16 28
3 3
11 38
13 17
8 38
17 47
22 49
2 49
1 51
5 44
23 52
7 44
16 14
11 14
17 26
12 13
7 21
0 38
18 20
22 38
2 27
13 48
6 19
21 6
7 38
23 4
22 24
6 20
17 16
12 8
18 38
0 39
16 6
8 2
13 13
11 28
21 12
19 26
19 10
19 14
6 23
18 26
21 9
21 0
11 10
2 26
23 40
9 24
0 40
3 49
8 44
13 52
17 50
16 45
22 51
7 48
1 2
17 5
3 16
6 24
23 25
7 40
19 5
12 40
2 18
9 50
21 11
18 27
16 40
13 14
2 15
1 0
22 22
23 14
11 40
5 41
18 14
12 11
21 21
17 29
8 8
9 16
8 16
18 2
23 13
13 26
7 2
19 3
23 1
12 16
8 42
7 9
2 42
11 46
22 44
5 49
16 52
13 47
1 47
0 45
13 1
6 5
8 4
11 7
2 22
15 42
4 5
22 42
12 19
18 46
7 0
21 7
1 42
7 23
11 8
23 20
22 9
6 22
18 42
15 43
2 1
21 14
8 5
3 26
13 28
0 10
3 10
2 28
5 15
4 26
6 7
22 29
10 51
19 45
14 44
21 46
20 45
6 44
18 53
4 51
15 50

