317
3 9
19 16
20 30
11 21
22 30
8 51
1 48
7 48
17 49
2 49
18 49
12 49
2 17
23 8
22 5
12 28
17 3
3 30
16 16
7 30
21 12
11 48
10 11
6 11
2 30
1 8
17 25
21 8
11 16
8 27
18 30
12 31
3 23
23 22
22 14
6 10
21 23
4 18
14 27
22 20
6 3
2 12
17 29
10 3
7 0
13 16
20 32
11 17
18 32
2 53
16 52
23 45
3 48
8 45
22 46
12 50
12 20
18 2
16 5
21 4
22 12
2 32
6 18
7 32
13 5
17 48
11 6
4 2
12 32
21 22
13 6
8 16
7 28
22 22
16 32
0 33
3 15
6 5
18 7
23 24
11 22
19 21
23 29
18 1
24 13
16 22
7 10
16 4
11 8
16 1
7 34
17 11
20 34
1 49
22 49
2 45
12 45
3 53
18 45
19 48
8 23
7 14
18 27
21 5
2 8
12 34
15 29
22 34
1 5
10 49
6 25
17 0
2 34
21 11
8 6
7 21
17 15
3 17
6 34
12 35
22 2
23 7
11 19
18 25
1 25
24 11
4 4
23 9
21 29
2 27
14 18
12 21
22 15
21 18
12 36
16 13
17 36
11 49
19 50
23 52
1 52
7 53
3 51
20 44
13 21
17 26
18 12
12 6
22 10
10 36
9 27
2 36
8 8
5 48
16 21
24 18
16 36
18 21
22 11
23 20
3 14
12 3
1 36
6 37
2 18
1 4
13 23
17 7
11 1
3 4
7 15
4 13
18 13
0 14
13 4
14 8
11 0
18 5
2 38
8 26
20 38
12 52
13 53
23 47
16 53
1 50
7 50
17 53
7 8
17 27
2 1
1 29
3 5
22 38
6 22
12 38
21 0
15 49
19 17
8 17
6 38
16 6
1 15
12 16
3 13
21 2
11 38
22 39
13 22
17 21
7 25
8 9
18 6
10 15
7 2
6 14
1 2
5 28
21 16
21 17
2 16
20 9
18 40
7 17
22 40
3 50
8 50
17 52
11 50
12 44
13 46
1 45
1 11
23 16
8 15
22 28
2 29
15 40
6 27
12 40
17 14
10 48
7 24
21 24
7 40
22 9
13 12
6 26
8 5
12 4
21 40
15 41
3 6
23 26
11 12
2 11
18 23
1 23
3 24
4 15
0 25
14 17
23 1
3 10
13 15
8 19
2 42
16 9
20 42
22 44
17 47
19 51
11 47
23 50
1 53
18 46
2 2
23 3
22 13
7 6
17 16
5 42
24 0
12 42
1 1
0 45
4 19
16 28
18 42
16 27
13 20
2 0
22 6
3 18
11 42
5 43
21 1
1 10
17 23
23 0
8 24
3 21
24 3
14 2
22 29
13 26
18 28
21 21
15 52
9 53
5 45
14 45
0 48
6 52
10 47
24 51
4 45

