317
13 24
6 0
20 30
16 9
7 30
3 46
22 47
1 44
15 44
5 52
12 48
17 47
13 23
3 27
1 21
17 13
7 3
22 30
9 17
10 30
21 1
2 44
16 5
18 5
17 30
16 8
3 21
11 20
21 29
8 29
2 30
22 31
18 27
13 5
1 27
7 4
12 1
1 1
23 21
14 18
10 17
19 7
0 1
17 19
12 23
6 17
15 32
1 9
20 32
3 44
5 51
11 51
7 49
23 44
17 49
13 47
11 17
12 12
7 1
13 15
15 24
22 32
2 6
17 32
21 9
1 46
8 6
9 26
1 32
2 20
6 28
18 23
17 9
21 5
11 32
22 33
8 17
16 17
12 3
1 12
7 18
15 6
23 8
21 10
13 3
11 2
24 4
6 21
21 27
16 26
22 34
13 7
5 34
8 44
17 48
11 47
3 45
7 48
20 50
15 47
3 15
23 27
17 28
11 8
7 14
20 34
4 14
0 34
16 29
14 44
13 18
18 14
7 34
1 13
16 23
17 5
22 7
6 19
8 34
10 35
3 16
21 17
12 25
23 6
18 10
1 24
24 3
1 28
0 27
12 4
4 13
11 23
13 22
5 22
20 36
11 18
7 36
12 53
6 51
1 53
22 51
16 52
3 52
15 45
16 13
1 3
6 13
17 4
12 16
18 36
4 15
22 36
7 19
2 45
11 24
9 19
3 36
2 13
22 0
21 20
8 15
16 20
6 36
17 37
23 2
7 2
11 26
1 0
13 2
15 13
4 11
22 9
1 19
22 12
19 0
1 10
13 8
17 0
15 38
12 13
5 38
1 49
3 48
20 45
21 45
7 44
11 46
8 48
8 2
11 28
7 28
1 6
12 19
3 38
9 15
22 38
17 17
0 48
19 17
18 24
7 38
13 17
18 6
22 26
16 16
1 2
21 38
2 39
23 7
12 11
8 10
6 16
11 0
9 14
3 19
10 23
5 19
24 22
6 12
5 0
7 20
5 7
12 40
6 10
15 40
20 47
21 50
11 49
1 45
8 46
3 47
22 44
3 1
12 8
16 14
13 9
7 9
22 40
6 2
0 40
21 4
10 44
17 25
18 20
6 40
18 25
12 18
13 11
11 5
2 16
7 40
22 41
3 23
16 2
17 29
21 13
1 17
20 10
17 18
3 12
16 28
15 12
8 0
23 3
23 15
20 8
15 42
3 24
5 42
12 50
22 52
7 51
13 52
11 44
8 45
1 48
23 24
7 21
6 27
11 29
0 26
12 42
21 16
17 42
8 7
24 51
2 27
3 25
8 42
8 28
21 26
16 1
3 22
17 8
11 42
12 43
2 8
18 3
6 5
1 4
23 17
3 8
8 11
7 27
0 24
10 29
8 16
18 22
14 49
2 49
0 49
10 53
9 45
18 50
19 50
24 53
4 49

