317
17 3
6 1
22 30
16 1
8 30
2 51
21 44
1 44
3 51
5 47
13 52
0 50
13 13
8 22
1 10
12 12
22 19
3 30
20 25
17 30
6 21
7 47
14 7
16 29
1 30
2 9
6 16
21 1
13 6
18 29
7 30
10 31
3 8
22 11
23 13
16 28
22 2
17 25
10 24
20 27
1 14
24 5
11 1
15 7
23 14
8 1
5 32
21 22
12 32
0 47
22 47
16 45
1 53
2 49
9 50
18 45
1 24
16 21
6 4
3 27
12 7
22 32
21 29
17 32
2 23
7 48
11 7
15 26
21 32
6 29
7 1
17 9
23 5
1 3
11 32
2 33
16 5
17 18
13 26
21 24
8 14
19 15
13 4
16 0
16 2
17 5
23 27
10 16
13 16
6 10
8 34
12 29
17 34
1 47
16 48
2 47
21 51
0 48
23 45
5 44
1 28
13 8
8 3
21 6
17 19
22 34
12 20
2 34
6 24
10 47
11 22
7 28
11 34
2 19
6 22
7 10
18 3
13 3
12 34
20 35
1 12
16 3
21 7
17 0
8 15
2 14
16 13
12 0
16 12
14 22
7 20
9 28
23 15
21 4
0 36
22 23
8 36
16 50
18 46
12 53
5 49
17 47
13 44
3 49
16 6
8 6
11 8
17 14
12 18
18 36
6 18
2 36
23 11
7 45
22 0
20 17
7 36
6 5
1 17
2 13
11 2
16 9
12 36
17 37
3 1
12 9
23 23
8 4
22 22
14 3
7 27
18 13
3 29
5 16
19 17
11 5
16 24
0 4
8 38
6 8
21 38
13 53
18 49
12 46
2 44
5 46
23 47
1 48
13 0
8 28
12 28
21 26
22 4
2 38
11 17
17 38
1 18
6 44
24 15
7 9
13 38
22 3
16 8
11 3
17 17
1 1
12 38
2 39
8 10
21 5
6 12
6 6
23 0
10 19
11 0
23 25
21 23
6 9
11 16
9 2
16 20
5 6
17 40
21 14
0 40
13 51
6 52
23 49
3 46
8 47
22 53
12 47
18 24
1 19
6 0
2 24
15 14
22 40
9 6
12 40
3 23
11 46
7 26
21 25
21 40
8 27
13 29
23 2
22 16
12 14
6 40
2 41
17 1
7 6
11 4
18 6
1 7
17 2
1 15
10 13
15 22
17 24
19 18
22 14
1 22
12 3
8 42
13 23
5 42
2 45
18 44
3 47
17 52
22 46
21 52
16 47
8 9
18 16
6 19
17 10
3 9
10 42
7 11
22 42
1 27
19 45
0 2
13 22
1 42
16 4
11 28
7 13
23 10
6 25
13 42
15 43
2 27
8 0
18 20
3 4
22 17
24 25
1 8
1 5
21 28
16 10
19 4
18 22
24 44
20 46
15 51
19 53
14 52
11 49
4 53
7 44
10 53

