317
13 27
8 23
0 30
12 21
23 30
16 45
3 47
18 46
22 53
6 48
7 53
4 52
13 28
1 15
3 18
17 10
22 19
15 30
11 16
5 30
18 12
12 45
2 18
21 14
21 30
22 7
12 25
6 7
18 10
1 6
13 30
15 31
23 21
7 12
11 20
3 8
6 15
19 25
1 11
1 27
12 6
1 9
0 13
22 9
7 19
8 6
23 32
16 21
0 32
12 46
13 53
22 47
18 50
3 46
21 50
5 44
22 5
21 23
7 6
23 1
17 8
13 32
16 23
2 32
1 28
6 50
9 17
11 14
6 32
1 22
7 11
21 22
22 21
3 19
17 32
12 33
11 12
3 4
16 1
23 9
8 13
15 25
18 27
10 13
2 10
12 0
18 9
12 13
16 3
7 9
0 34
18 25
23 34
3 51
8 44
22 46
12 44
6 52
21 48
5 53
16 15
6 28
8 29
1 10
22 23
2 34
17 27
12 34
7 18
11 45
20 19
18 6
17 34
13 24
6 2
8 14
22 10
16 16
18 34
2 35
12 17
21 10
3 14
23 3
7 27
20 14
4 29
19 5
17 9
16 9
13 29
3 24
8 28
6 22
3 36
18 2
23 36
13 45
0 49
1 48
12 51
16 52
22 50
5 46
23 15
3 0
1 8
22 28
8 15
10 36
7 29
15 36
12 16
2 51
21 24
18 28
21 36
22 25
16 8
18 0
7 13
11 28
8 36
12 37
17 12
8 27
1 4
23 14
2 8
21 25
14 16
16 4
23 6
20 5
24 0
12 3
5 10
7 10
23 38
8 9
0 38
22 44
16 51
12 50
13 50
21 52
18 48
6 45
18 4
16 25
6 16
12 18
22 13
13 38
17 22
2 38
7 25
11 53
20 0
8 25
18 38
8 0
1 25
16 0
3 23
11 10
17 38
12 39
23 24
6 10
21 1
22 8
7 15
0 26
16 27
10 15
24 23
10 21
8 10
9 7
4 4
23 22
5 40
22 15
12 40
21 53
18 49
1 52
24 53
0 50
16 48
3 49
6 23
12 29
16 2
18 7
2 20
0 40
10 14
7 40
17 20
20 50
11 24
22 14
2 40
12 19
22 29
8 8
7 5
21 27
11 40
17 41
3 7
6 1
13 16
1 1
16 24
10 11
12 5
3 2
9 14
19 12
18 16
4 27
22 16
0 16
5 42
18 15
7 42
3 45
21 45
4 51
12 53
1 53
13 47
16 53
6 0
1 2
8 2
3 17
15 20
12 42
11 27
22 42
7 24
2 44
18 13
17 15
2 42
13 20
8 17
23 25
18 20
22 4
1 42
12 43
17 16
21 19
11 0
16 22
6 18
21 6
11 13
19 24
21 16
24 8
2 23
5 29
10 48
15 50
19 47
17 52
20 49
2 49
9 50
11 46
14 53

