317
16 25
8 20
10 30
1 7
20 30
23 44
12 52
15 53
7 46
22 50
6 52
13 52
16 22
12 14
11 0
6 8
22 9
2 30
14 10
17 30
21 22
1 52
9 29
5 14
16 30
11 6
17 6
22 19
1 29
6 24
12 30
2 31
18 1
21 3
23 5
7 5
22 6
15 14
23 13
19 27
20 23
2 11
21 12
9 17
18 18
13 25
15 32
7 22
20 32
12 46
1 50
8 46
11 52
22 49
14 53
6 50
6 16
16 2
21 24
12 22
8 12
3 32
2 16
17 32
13 12
23 50
24 22
7 19
23 32
2 1
13 21
17 21
21 28
1 9
8 32
10 33
16 28
18 13
6 12
3 5
22 24
17 17
3 4
18 9
21 15
4 7
8 10
19 26
16 16
10 27
7 34
12 27
20 34
6 47
11 46
18 48
1 48
15 50
13 49
14 47
21 9
16 10
11 16
13 5
7 26
2 34
19 17
22 34
18 17
0 45
17 19
12 28
12 34
21 2
23 24
22 26
17 3
11 22
6 34
2 35
8 17
18 20
3 26
16 12
13 18
24 6
0 29
24 16
23 10
23 18
1 28
20 7
16 23
18 15
20 36
6 14
12 36
11 53
14 50
23 52
22 48
8 49
1 51
15 47
21 18
13 4
11 14
16 17
22 11
2 36
10 8
7 36
18 21
0 46
17 5
6 2
11 36
13 23
7 18
8 29
17 22
1 10
16 36
2 37
6 5
16 0
22 22
12 17
23 21
21 11
23 29
22 18
20 10
5 20
4 20
19 23
8 21
15 6
20 38
7 28
13 38
1 49
18 47
12 48
22 51
10 52
6 44
16 53
6 25
13 24
12 20
1 14
18 10
2 38
7 8
22 38
8 28
0 44
17 14
11 29
17 38
22 8
12 2
11 24
21 4
1 4
18 38
2 39
7 15
16 6
6 19
8 7
23 6
12 26
4 0
3 11
12 23
21 19
5 2
9 20
13 0
14 19
10 40
18 26
20 40
12 51
7 47
16 48
1 45
15 48
6 48
23 51
1 0
21 0
6 1
22 14
12 9
15 40
5 7
2 40
23 23
18 52
8 9
17 28
17 40
8 18
13 29
18 27
16 24
11 21
1 40
22 41
3 28
6 15
7 16
21 23
2 14
5 18
15 17
0 14
8 27
6 26
18 11
8 3
1 17
13 19
20 42
6 0
10 42
18 53
22 53
15 45
8 53
16 49
12 44
7 52
12 10
8 11
7 27
22 28
0 6
23 42
3 25
17 42
13 10
2 53
6 4
14 25
3 42
22 20
18 14
6 3
11 4
7 24
16 42
22 43
1 5
8 5
21 7
2 9
13 16
1 21
20 21
3 19
3 8
17 26
13 17
12 13
3 51
4 45
5 49
9 53
19 46
17 52
2 50
24 47
0 49

