317
16 7
8 12
12 30
23 1
2 30
1 45
11 48
18 48
24 50
0 46
6 50
10 47
16 25
11 14
13 28
6 5
2 8
20 30
14 12
17 30
1 28
23 47
9 27
7 26
6 30
18 23
8 28
11 17
7 19
23 28
16 30
20 31
2 5
13 8
1 27
12 7
3 26
11 26
11 16
11 3
12 12
11 28
0 26
5 5
22 28
13 1
23 32
3 9
10 32
18 53
16 48
2 53
1 44
8 50
12 46
6 53
11 29
18 28
16 10
2 21
22 16
5 32
3 5
7 32
12 19
17 46
21 16
14 22
18 32
6 18
13 13
23 15
17 10
3 25
12 32
0 33
8 5
22 12
21 4
18 27
11 10
1 10
20 2
24 28
8 2
2 25
7 28
17 27
1 13
16 20
23 34
22 23
12 34
8 51
0 48
6 49
18 45
10 48
11 53
21 53
23 23
6 17
8 7
1 23
12 9
18 34
20 26
2 34
17 7
7 44
14 21
22 15
11 34
3 27
21 9
23 17
8 16
13 15
22 34
17 35
2 29
6 1
17 2
7 29
12 26
21 1
9 29
3 0
13 6
4 25
0 16
8 25
8 3
12 23
0 36
13 7
10 36
2 47
3 46
18 49
16 46
23 45
21 48
6 47
8 23
1 1
2 10
21 10
10 1
22 36
4 5
17 36
6 8
9 52
7 2
13 12
7 36
6 22
12 25
18 3
3 17
17 29
2 36
22 37
16 0
1 15
11 0
8 14
21 14
4 6
5 15
16 28
3 13
18 12
23 22
11 19
22 9
10 10
23 38
13 26
0 38
18 52
16 53
8 47
6 52
21 49
12 49
2 46
6 24
8 21
12 13
21 5
22 26
2 38
7 12
17 38
1 6
13 46
20 28
11 20
13 38
6 11
18 17
12 21
17 3
1 8
11 38
2 39
23 20
8 8
22 4
22 5
7 0
24 3
4 14
20 23
22 14
17 17
8 9
5 10
18 16
21 25
10 40
6 13
0 40
24 46
8 45
3 49
2 50
22 52
16 45
23 49
18 22
2 23
16 3
1 4
22 7
12 40
4 2
7 40
11 18
6 46
20 10
17 13
2 40
8 19
21 2
23 21
18 7
16 1
6 40
12 41
3 10
7 7
17 5
1 21
11 23
0 0
14 25
5 11
4 23
0 25
17 26
15 10
2 20
13 21
0 42
23 0
10 42
21 44
6 44
24 45
16 52
3 44
12 52
22 49
21 7
12 2
11 2
17 8
2 6
18 42
4 22
7 42
22 19
23 51
14 16
20 14
21 42
23 9
13 5
2 15
8 1
3 20
16 42
17 43
7 6
1 9
22 24
6 25
11 8
0 20
24 8
4 18
0 14
21 18
1 26
17 11
7 49
17 49
15 52
4 48
9 49
20 50
5 49
14 50
19 51

