1 3361 214.422000 17059 1573 753 433 7000 5000 2300
2 7061 211.907000 17969 1511 743 415 7000 6000 2300
3 13010 215.609000 11670 1572 659 439 2000 5500 1500
4 8851 207.796000 17304 1502 770 432 4000 8000 2600
5 7034 220.219000 9403 1725 743 435 1000 4000 1500
6 9326 205.329000 15884 1511 847 426 6000 5500 1600
7 4749 213.515000 15902 1649 927 426 4000 7500 1400
8 5286 211.875000 14576 1532 736 408 4000 6000 1900
9 5732 206.422000 12232 1468 921 443 4000 4000 1400
10 6676 195.609000 13018 1638 755 425 3000 5500 1700
