317
7 1
6 10
18 30
3 23
20 30
22 52
1 50
13 49
12 44
23 47
2 50
16 44
22 28
21 3
18 21
16 28
23 22
12 30
0 9
7 30
17 10
11 51
4 8
3 28
2 30
3 16
13 15
7 18
18 19
22 11
11 30
15 31
1 12
8 7
12 5
23 7
6 9
15 20
1 27
13 9
11 15
13 7
22 26
12 7
3 4
15 21
20 32
6 20
18 32
7 53
8 50
2 46
23 49
13 44
16 51
1 45
3 5
18 7
1 11
2 12
7 27
12 32
6 21
22 32
21 17
17 49
11 2
9 10
7 32
8 0
16 2
3 6
21 21
11 12
17 32
12 33
23 29
3 17
2 1
7 12
18 5
8 4
8 10
9 18
1 17
10 22
5 13
22 9
12 17
18 27
20 34
1 6
15 34
13 50
23 44
8 51
6 47
3 52
19 44
2 51
2 13
21 9
16 20
3 22
12 14
22 34
5 25
7 34
18 4
17 52
11 14
1 21
17 34
7 7
11 20
12 26
1 3
16 15
13 34
22 35
8 13
2 25
21 29
3 2
18 12
13 10
10 27
11 28
3 11
13 23
15 28
18 8
8 2
6 26
1 36
22 3
20 36
16 45
15 46
18 45
23 51
3 49
13 46
7 44
21 11
3 24
8 26
16 25
22 10
17 36
0 7
12 36
6 7
5 53
11 5
4 2
7 36
2 20
13 2
11 17
21 14
16 3
22 36
17 37
12 6
23 9
3 3
1 2
8 15
17 28
18 16
4 6
23 17
22 18
9 4
14 5
7 24
3 25
18 38
6 8
15 38
12 46
1 48
13 51
21 52
20 45
8 53
2 53
7 4
8 19
16 1
1 7
17 26
13 38
6 28
22 38
2 18
10 44
4 12
11 19
7 38
18 10
2 24
1 1
17 20
11 13
8 38
12 39
23 15
6 0
21 25
21 18
16 23
9 25
6 23
8 9
8 18
11 8
9 21
10 9
12 23
2 14
18 40
13 13
20 40
15 50
6 45
16 47
3 47
7 50
1 53
22 44
21 19
12 0
3 1
1 23
15 18
7 40
13 27
22 40
6 11
0 45
17 18
11 27
12 40
18 9
1 15
22 15
23 13
3 27
17 40
7 41
11 23
21 6
16 8
13 5
6 17
5 17
7 22
12 22
18 2
23 5
12 11
22 0
22 22
12 3
20 42
3 10
6 42
19 51
16 53
2 49
18 50
13 45
8 49
1 44
13 0
2 27
1 5
17 19
7 3
15 42
3 12
22 42
12 8
11 50
10 19
9 29
8 42
8 8
13 1
21 22
2 0
22 12
18 42
15 43
1 26
23 3
6 3
3 8
12 27
16 5
2 4
8 28
7 13
22 21
21 16
4 16
4 47
9 44
14 49
0 50
24 45
11 49
5 47
17 46
10 51

